Time;ID;x;y;z;radius;volume_total;radius_nuclear;contact_ECM;freezer;polarized_fraction;motility;cell_line;Cell_cell;phase;Cycle;NFkB
0;0;-51.3175;-4.6122;-83.4233;8.5;2572.44;5.11093;0;0;0.1;0.01;0;2.64421;1;0;-1
0;1;-37.4336;-33.3469;-84.6876;9.8791;4038.69;5.94016;0;0;0.1;0.01;0;2.67431;0;0;-1
0;2;-37.6571;-13.8256;-86.4827;8.5;2572.44;5.11093;0;0;0.1;0.01;0;2.65198;1;0;-1
0;3;-38.5093;0.470067;-85.5931;8.93259;2985.53;5.37104;0;0;0.1;0.01;0;2.49553;0;0;-1
0;4;-35.4907;20.6078;-84.3368;10.0373;4235.84;6.03528;0;0;0.1;0.01;0;3.0531;0;0;-1
0;5;-21.803;-40.6292;-87.2601;9.31441;3384.97;5.60062;0;0;0.1;0.01;0;2.80838;0;0;-1
0;6;-20.5448;-22.4003;-85.9347;8.72424;2781.45;5.24576;0;0;0.1;0.01;0;4.23881;0;0;-1
0;7;-21.0283;-8.41778;-84.5112;8.68751;2746.47;5.22367;0;0;0.1;0.01;0;4.10741;0;0;-1
0;8;-20.3051;10.7131;-85.9736;8.9461;2999.09;5.37916;0;0;0.1;0.01;0;3.39423;0;0;-1
0;9;-22.2966;28.7594;-84.0069;9.1147;3171.87;5.48054;0;0;0.1;0.01;0;3.81264;0;0;-1
0;10;-8.84413;-49.3369;-83.4206;10.3831;4688.89;6.24321;0;0;0.1;0.01;0;3.6081;0;0;-1
0;11;-7.09825;-30.7525;-87.1655;9.25676;3322.5;5.56596;0;0;0.1;0.01;0;4.75213;0;0;-1
0;12;-6.80581;-16.6176;-86.2492;8.92614;2979.06;5.36716;0;0;0.1;0.01;0;5.07814;0;0;-1
0;13;-6.59026;0.13895;-85.514;10.1914;4433.94;6.12794;0;0;0.1;0.01;0;5.02086;0;0;-1
0;14;-7.56565;20.0314;-83.7607;10.1998;4444.92;6.13299;0;0;0.1;0.01;0;5.00689;0;0;-1
0;15;-7.67684;38.29;-83.9376;9.71243;3837.71;5.83994;0;0;0.1;0.01;0;3.32119;0;0;-1
0;16;7.44485;-40.8711;-85.9495;10.0896;4302.4;6.06673;0;0;0.1;0.01;0;4.84833;0;0;-1
0;17;6.40335;-24.2356;-83.4846;10.0954;4309.82;6.07022;0;0;0.1;0.01;0;6.03814;0;0;-1
0;18;8.727;-6.01856;-85.8352;8.76963;2825.09;5.27305;0;0;0.1;0.01;0;3.8942;0;0;-1
0;19;6.47804;10.931;-86.7601;8.73724;2793.9;5.25358;0;0;0.1;0.01;0;2.66643;0;0;-1
0;20;7.75456;27.7547;-87.3898;8.84193;2895.54;5.31652;0;0;0.1;0.01;0;3.18355;0;0;-1
0;21;8.87522;45.384;-83.5791;10.2972;4573.47;6.19156;0;0;0.1;0.01;0;3.8012;0;0;-1
0;22;20.2424;-49.153;-84.4944;9.44966;3534.57;5.68194;0;0;0.1;0.01;0;3.23566;0;0;-1
0;23;23.3343;-34.0345;-86.6645;10.0918;4305.21;6.06805;0;0;0.1;0.01;0;5.1231;0;0;-1
0;24;20.6081;-15.7281;-84.9654;8.5;2572.44;5.11093;0;0;0.1;0.01;0;3.28294;1;0;-1
0;25;22.4797;3.4537;-86.8738;8.58914;2654.22;5.16453;0;0;0.1;0.01;0;3.58875;0;0;-1
0;26;23.6293;20.3926;-84.4805;8.88816;2941.2;5.34432;0;0;0.1;0.01;0;4.47745;0;0;-1
0;27;23.5486;37.7415;-84.8647;9.8457;3997.87;5.92008;0;0;0.1;0.01;0;3.6933;0;0;-1
0;28;36.3548;-40.1931;-83.6449;9.99562;4183.29;6.01022;0;0;0.1;0.01;0;3.76902;0;0;-1
0;29;35.4693;-25.5464;-86.1246;8.5;2572.44;5.11093;0;0;0.1;0.01;0;3.01514;1;0;-1
0;30;37.2118;-5.59721;-85.3004;10.2046;4451.19;6.13588;0;0;0.1;0.01;0;2.5289;0;0;-1
0;31;36.5621;10.8599;-83.9736;10.2277;4481.49;6.14977;0;0;0.1;0.01;0;3.93781;0;0;-1
0;32;37.5885;26.9816;-83.9283;10.0868;4298.82;6.06505;0;0;0.1;0.01;0;4.35762;0;0;-1
0;33;-70.5263;-14.7611;-69.3723;9.3986;3477.59;5.65124;0;0;0.1;0.01;0;2.28066;0;0;-1
0;34;-57.8116;-39.4478;-71.3415;9.97762;4160.73;5.9994;0;0;0.1;0.01;0;3.10687;0;0;-1
0;35;-56.6642;-25.189;-72.4892;9.30194;3371.39;5.59312;0;0;0.1;0.01;0;3.99592;0;0;-1
0;36;-54.7591;-8.89471;-70.854;8.5;2572.44;5.11093;0;0;0.1;0.01;0;4.50344;1;0;-1
0;37;-56.2929;9.85691;-69.7942;10.3383;4628.45;6.21627;0;0;0.1;0.01;0;3.50676;0;0;-1
0;38;-57.7861;28.4773;-71.5044;8.5;2572.44;5.11093;0;0;0.1;0.01;0;2.15641;1;0;-1
0;39;-54.6547;46.9034;-68.5782;9.52835;3623.61;5.72926;0;0;0.1;0.01;0;3.24191;0;0;-1
0;40;-41.5485;-51.3141;-72.6774;9.08313;3139.03;5.46155;0;0;0.1;0.01;0;2.11182;0;0;-1
0;41;-41.3958;-30.4504;-70.9856;9.44447;3528.75;5.67882;0;0;0.1;0.01;0;5.73722;0;0;-1
0;42;-42.2287;-16.6225;-69.6672;10.4347;4759.14;6.27423;0;0;0.1;0.01;0;6.85666;0;0;-1
0;43;-39.4107;1.73215;-69.0945;8.5;2572.44;5.11093;0;0;0.1;0.01;0;4.22255;1;0;-1
0;44;-42.379;16.7554;-69.0612;8.5;2572.44;5.11093;0;0;0.1;0.01;0;4.68426;1;0;-1
0;45;-42.4231;34.2525;-69.8594;9.48534;3574.76;5.7034;0;0;0.1;0.01;0;5.21465;0;0;-1
0;46;-41.2147;53.4664;-69.4135;8.5;2572.44;5.11093;0;0;0.1;0.01;0;3.80455;1;0;-1
0;47;-26.5777;-57.1953;-70.3609;8.69547;2754.02;5.22846;0;0;0.1;0.01;0;4.02456;0;0;-1
0;48;-28.5589;-42.5884;-68.4916;10.4235;4743.83;6.2675;0;0;0.1;0.01;0;6.38774;0;0;-1
0;49;-26.2489;-24.7415;-70.6812;8.78999;2844.81;5.28529;0;0;0.1;0.01;0;5.81357;0;0;-1
0;50;-24.7264;-8.81511;-71.8643;8.5;2572.44;5.11093;0;0;0.1;0.01;0;4.47539;1;0;-1
0;51;-26.8819;11.1075;-69.6514;9.33999;3412.93;5.616;0;0;0.1;0.01;0;5.3524;0;0;-1
0;52;-26.0048;26.9272;-69.2401;10.0291;4225.46;6.03035;0;0;0.1;0.01;0;6.5695;0;0;-1
0;53;-27.6154;43.7362;-70.6706;9.33376;3406.11;5.61225;0;0;0.1;0.01;0;4.60008;0;0;-1
0;54;-27.1631;62.1935;-69.8065;9.79464;3935.99;5.88937;0;0;0.1;0.01;0;3.73908;0;0;-1
0;55;-13.5716;-63.8488;-69.0167;9.87774;4037.02;5.93934;0;0;0.1;0.01;0;4.04186;0;0;-1
0;56;-13.8231;-48.1354;-68.3408;8.5;2572.44;5.11093;0;0;0.1;0.01;0;5.72165;1;0;-1
0;57;-11.3477;-31.1872;-72.6114;8.91585;2968.77;5.36097;0;0;0.1;0.01;0;5.09856;0;0;-1
0;58;-12.6973;-15.0498;-70.9695;9.29638;3365.35;5.58978;0;0;0.1;0.01;0;6.58932;0;0;-1
0;59;-9.95306;1.9654;-71.7787;9.45092;3535.99;5.6827;0;0;0.1;0.01;0;5.80889;0;0;-1
0;60;-11.6509;16.5877;-70.1491;8.82064;2874.68;5.30372;0;0;0.1;0.01;0;5.34664;0;0;-1
0;61;-11.8816;36.6264;-70.932;9.09843;3154.92;5.47075;0;0;0.1;0.01;0;4.65151;0;0;-1
0;62;-10.7463;55.0808;-70.3579;9.75011;3882.55;5.8626;0;0;0.1;0.01;0;3.31455;0;0;-1
0;63;2.17542;-56.2441;-69.0668;9.01971;3073.73;5.42342;0;0;0.1;0.01;0;4.73862;0;0;-1
0;64;3.94304;-40.149;-72.0485;8.76763;2823.16;5.27185;0;0;0.1;0.01;0;5.19954;0;0;-1
0;65;2.71715;-22.8969;-68.5004;10.2393;4496.76;6.15674;0;0;0.1;0.01;0;7.07049;0;0;-1
0;66;4.34162;-7.97736;-72.0161;9.90275;4067.77;5.95438;0;0;0.1;0.01;0;6.59514;0;0;-1
0;67;2.35111;10.1658;-69.2101;8.5;2572.44;5.11093;0;0;0.1;0.01;0;4.96513;1;0;-1
0;68;4.40195;26.7939;-69.6975;8.5;2572.44;5.11093;0;0;0.1;0.01;0;4.49161;1;0;-1
0;69;4.4351;45.7952;-70.5437;9.40266;3482.1;5.65368;0;0;0.1;0.01;0;6.07258;0;0;-1
0;70;3.50676;63.7164;-70.1499;9.87208;4030.09;5.93594;0;0;0.1;0.01;0;3.45467;0;0;-1
0;71;16.3314;-66.2694;-69.8968;9.33398;3406.35;5.61239;0;0;0.1;0.01;0;2.89252;0;0;-1
0;72;15.9669;-47.1679;-70.9269;8.71329;2770.99;5.23917;0;0;0.1;0.01;0;4.75331;0;0;-1
0;73;19.259;-30.2042;-70.8807;10.2304;4485.04;6.15139;0;0;0.1;0.01;0;6.89142;0;0;-1
0;74;16.4054;-14.0923;-69.2299;8.5;2572.44;5.11093;0;0;0.1;0.01;0;6.69894;1;0;-1
0;75;16.9967;1.21955;-71.329;9.24351;3308.26;5.55799;0;0;0.1;0.01;0;5.44015;0;0;-1
0;76;16.0016;18.2077;-69.1996;8.72477;2781.96;5.24608;0;0;0.1;0.01;0;4.98864;0;0;-1
0;77;17.311;35.4441;-70.6358;9.03495;3089.34;5.43258;0;0;0.1;0.01;0;5.48815;0;0;-1
0;78;19.4552;55.0739;-70.282;10.194;4437.34;6.1295;0;0;0.1;0.01;0;4.06599;0;0;-1
0;79;31.0774;-57.7967;-69.4708;8.5;2572.44;5.11093;0;0;0.1;0.01;0;3.35962;1;0;-1
0;80;31.7643;-38.5295;-68.4278;9.87873;4038.24;5.93994;0;0;0.1;0.01;0;6.27474;0;0;-1
0;81;32.0174;-21.8292;-69.647;8.5;2572.44;5.11093;0;0;0.1;0.01;0;4.9335;1;0;-1
0;82;33.3376;-6.34209;-68.808;9.53103;3626.67;5.73087;0;0;0.1;0.01;0;5.57068;0;0;-1
0;83;30.5709;12.4414;-71.3;9.73152;3860.39;5.85142;0;0;0.1;0.01;0;6.45183;0;0;-1
0;84;33.6243;28.6013;-68.5225;10.0382;4236.98;6.03582;0;0;0.1;0.01;0;6.88757;0;0;-1
0;85;34.0068;43.7455;-71.9744;8.5;2572.44;5.11093;0;0;0.1;0.01;0;4.23427;1;0;-1
0;86;46.3673;-51.2899;-68.9077;9.61922;3728.28;5.7839;0;0;0.1;0.01;0;2.7591;0;0;-1
0;87;45.9799;-30.4838;-71.9465;9.01313;3067.01;5.41946;0;0;0.1;0.01;0;4.33455;0;0;-1
0;88;47.5527;-13.4219;-71.9993;9.9526;4129.51;5.98435;0;0;0.1;0.01;0;4.86578;0;0;-1
0;89;45.3282;1.65203;-69.0583;8.5;2572.44;5.11093;0;0;0.1;0.01;0;5.76218;1;0;-1
0;90;47.3084;17.1266;-68.9553;10.3912;4699.87;6.24808;0;0;0.1;0.01;0;6.38259;0;0;-1
0;91;48.9689;36.8799;-71.9504;10.2103;4458.66;6.13931;0;0;0.1;0.01;0;3.53519;0;0;-1
0;92;46.7046;54.1098;-69.0051;8.5;2572.44;5.11093;0;0;0.1;0.01;0;2.53737;1;0;-1
0;93;60.0234;-25.6663;-72.0471;10.0688;4275.84;6.05422;0;0;0.1;0.01;0;2.75263;0;0;-1
0;94;62.5674;-5.60479;-71.9232;8.73835;2794.97;5.25424;0;0;0.1;0.01;0;2.33328;0;0;-1
0;95;61.3295;9.87454;-68.8375;9.81409;3959.49;5.90107;0;0;0.1;0.01;0;3.63443;0;0;-1
0;96;-80.3932;-8.31344;-55.4112;9.69228;3813.88;5.82783;0;0;0.1;0.01;0;2.96192;0;0;-1
0;97;-80.1248;12.4633;-54.3352;8.7296;2786.58;5.24898;0;0;0.1;0.01;0;2.61274;0;0;-1
0;98;-65.7587;-48.4237;-54.2749;10.1245;4347.2;6.08771;0;0;0.1;0.01;0;4.67967;0;0;-1
0;99;-67.6991;-33.8768;-55.4126;8.95215;3005.18;5.3828;0;0;0.1;0.01;0;3.30424;0;0;-1
0;100;-65.5547;-12.651;-56.3779;8.50736;2579.13;5.11535;0;0;0.1;0.01;0;4.00077;0;0;-1
0;101;-64.5971;1.73561;-53.9664;9.72048;3847.26;5.84478;0;0;0.1;0.01;0;5.33389;0;0;-1
0;102;-68.0163;19.6472;-57.7815;8.68328;2742.46;5.22113;0;0;0.1;0.01;0;3.53344;0;0;-1
0;103;-66.442;35.4402;-55.5478;8.5;2572.44;5.11093;0;0;0.1;0.01;0;3.49302;1;0;-1
0;104;-52.2511;-59.3451;-54.875;9.7421;3872.99;5.85778;0;0;0.1;0.01;0;4.05977;0;0;-1
0;105;-52.9135;-42.3688;-57.5589;8.54632;2614.73;5.13878;0;0;0.1;0.01;0;4.59223;0;0;-1
0;106;-51.3192;-24.6938;-57.8013;8.5;2572.44;5.11093;0;0;0.1;0.01;0;4.56944;1;0;-1
0;107;-49.86;-4.79448;-57.1197;9.83619;3986.29;5.91436;0;0;0.1;0.01;0;6.4221;0;0;-1
0;108;-51.748;12.0397;-54.3897;9.7551;3888.52;5.8656;0;0;0.1;0.01;0;7.06079;0;0;-1
0;109;-51.0321;27.8558;-57.8119;10.3779;4681.85;6.24008;0;0;0.1;0.01;0;6.92841;0;0;-1
0;110;-52.1456;44.8057;-54.0135;9.75705;3890.85;5.86677;0;0;0.1;0.01;0;6.19847;0;0;-1
0;111;-50.5755;59.7313;-54.4325;10.0947;4308.92;6.0698;0;0;0.1;0.01;0;5.15134;0;0;-1
0;112;-38.6618;-66.583;-56.3489;9.78686;3926.62;5.8847;0;0;0.1;0.01;0;4.10221;0;0;-1
0;113;-38.3711;-51.0496;-54.5693;9.22818;3291.83;5.54877;0;0;0.1;0.01;0;5.19195;0;0;-1
0;114;-36.5514;-31.2269;-56.2508;9.62245;3732.03;5.78584;0;0;0.1;0.01;0;6.18219;0;0;-1
0;115;-36.5253;-14.8536;-55.7914;10.2702;4537.59;6.17532;0;0;0.1;0.01;0;6.81655;0;0;-1
0;116;-37.7497;2.44015;-54.3776;8.98033;3033.65;5.39974;0;0;0.1;0.01;0;5.52362;0;0;-1
0;117;-36.0763;20.9953;-57.0215;10.2728;4541.04;6.17689;0;0;0.1;0.01;0;7.54174;0;0;-1
0;118;-35.203;36.6483;-55.0674;8.75833;2814.18;5.26626;0;0;0.1;0.01;0;6.65501;0;0;-1
0;119;-37.0011;51.2779;-56.5087;10.0445;4244.96;6.03961;0;0;0.1;0.01;0;6.94557;0;0;-1
0;120;-35.9271;70.3126;-57.9315;10.4064;4720.52;6.25722;0;0;0.1;0.01;0;4.27208;0;0;-1
0;121;-23.9307;-76.022;-57.329;9.56038;3660.28;5.74852;0;0;0.1;0.01;0;3.1442;0;0;-1
0;122;-21.8304;-56.2144;-56.4025;9.42137;3502.92;5.66493;0;0;0.1;0.01;0;6.511;0;0;-1
0;123;-21.0891;-40.4605;-54.8447;10.0066;4197.09;6.01682;0;0;0.1;0.01;0;6.98384;0;0;-1
0;124;-23.6219;-22.5383;-56.7415;9.91108;4078.04;5.95939;0;0;0.1;0.01;0;6.8775;0;0;-1
0;125;-21.5814;-7.15281;-56.3396;8.98657;3039.98;5.40349;0;0;0.1;0.01;0;5.63135;0;0;-1
0;126;-22.4087;8.99802;-55.9855;9.44496;3529.3;5.67912;0;0;0.1;0.01;0;4.80178;0;0;-1
0;127;-21.4011;25.5934;-55.5896;8.61865;2681.68;5.18227;0;0;0.1;0.01;0;5.26561;0;0;-1
0;128;-21.782;42.3088;-56.7032;8.5;2572.44;5.11093;0;0;0.1;0.01;0;5.12197;1;0;-1
0;129;-22.1144;63.2032;-54.4627;10.3642;4663.33;6.23184;0;0;0.1;0.01;0;7.13639;0;0;-1
0;130;-22.022;77.9765;-57.0182;9.14647;3205.16;5.49964;0;0;0.1;0.01;0;3.5259;0;0;-1
0;131;-9.28359;-80.7885;-56.0076;8.5;2572.44;5.11093;0;0;0.1;0.01;0;2.47011;1;0;-1
0;132;-5.76847;-65.6704;-55.7483;9.0412;3095.76;5.43634;0;0;0.1;0.01;0;4.74545;0;0;-1
0;133;-6.23239;-47.1127;-55.1246;9.62786;3738.33;5.78909;0;0;0.1;0.01;0;5.88318;0;0;-1
0;134;-8.77219;-29.9202;-54.6187;9.80216;3945.06;5.8939;0;0;0.1;0.01;0;5.57539;0;0;-1
0;135;-8.94415;-14.1403;-55.4227;8.61231;2675.76;5.17846;0;0;0.1;0.01;0;5.84082;0;0;-1
0;136;-7.06793;0.367316;-56.7172;8.5;2572.44;5.11093;0;0;0.1;0.01;0;5.33934;1;0;-1
0;137;-5.92366;20.9955;-55.1522;10.3787;4682.93;6.24056;0;0;0.1;0.01;0;6.3327;0;0;-1
0;138;-8.23757;36.9518;-55.4932;10.3709;4672.38;6.23587;0;0;0.1;0.01;0;6.41186;0;0;-1
0;139;-5.83048;54.9367;-55.1082;10.4463;4775.03;6.28121;0;0;0.1;0.01;0;6.18506;0;0;-1
0;140;-8.71716;70.3258;-55.1389;8.9171;2970.02;5.36172;0;0;0.1;0.01;0;3.30219;0;0;-1
0;141;8.98239;-74.3215;-56.9054;8.95921;3012.3;5.38704;0;0;0.1;0.01;0;3.46688;0;0;-1
0;142;6.86141;-58.0797;-56.2127;9.9375;4110.74;5.97527;0;0;0.1;0.01;0;6.12569;0;0;-1
0;143;7.34028;-41.703;-54.9312;8.5;2572.44;5.11093;0;0;0.1;0.01;0;4.38107;1;0;-1
0;144;9.4025;-22.7174;-56.6075;9.348;3421.72;5.62082;0;0;0.1;0.01;0;6.49392;0;0;-1
0;145;6.03404;-8.0189;-56.8576;9.37777;3454.52;5.63872;0;0;0.1;0.01;0;6.47276;0;0;-1
0;146;5.61105;9.71832;-55.2381;8.95394;3006.98;5.38387;0;0;0.1;0.01;0;4.28058;0;0;-1
0;147;8.44634;27.7487;-53.9546;10.1128;4332.14;6.08068;0;0;0.1;0.01;0;6.67606;0;0;-1
0;148;8.53692;44.9759;-55.9733;10.2821;4553.38;6.18248;0;0;0.1;0.01;0;7.63933;0;0;-1
0;149;8.8429;59.8425;-57.7136;8.76315;2818.83;5.26915;0;0;0.1;0.01;0;5.81082;0;0;-1
0;150;8.57407;79.8436;-54.3408;9.33081;3402.88;5.61048;0;0;0.1;0.01;0;2.80756;0;0;-1
0;151;22.281;-64.2621;-56.6574;9.79249;3933.4;5.88808;0;0;0.1;0.01;0;4.96818;0;0;-1
0;152;24.1766;-49.9832;-53.7201;8.97699;3030.27;5.39773;0;0;0.1;0.01;0;5.40028;0;0;-1
0;153;20.2928;-32.6174;-55.2877;9.10775;3164.62;5.47636;0;0;0.1;0.01;0;5.15437;0;0;-1
0;154;20.5222;-12.712;-57.3663;9.31056;3380.77;5.5983;0;0;0.1;0.01;0;6.00838;0;0;-1
0;155;23.627;1.42201;-56.4415;9.29185;3360.43;5.58705;0;0;0.1;0.01;0;5.67979;0;0;-1
0;156;23.7518;20.6592;-55.7395;10.1452;4373.92;6.10016;0;0;0.1;0.01;0;6.42745;0;0;-1
0;157;22.6881;38.2433;-56.2043;10.0929;4306.62;6.06871;0;0;0.1;0.01;0;7.04174;0;0;-1
0;158;22.9264;54.3767;-53.9787;10.4336;4757.64;6.27357;0;0;0.1;0.01;0;7.09867;0;0;-1
0;159;22.0562;70.5656;-57.6881;9.08793;3144.01;5.46444;0;0;0.1;0.01;0;2.47031;0;0;-1
0;160;38.5676;-56.024;-56.4249;9.06067;3115.8;5.44805;0;0;0.1;0.01;0;4.55546;0;0;-1
0;161;34.934;-38.3583;-54.7225;8.60039;2664.67;5.17129;0;0;0.1;0.01;0;5.32611;0;0;-1
0;162;38.5232;-25.1009;-56.4488;9.04343;3098.05;5.43768;0;0;0.1;0.01;0;5.60545;0;0;-1
0;163;37.2023;-5.69371;-54.8327;8.57831;2644.2;5.15801;0;0;0.1;0.01;0;5.96528;0;0;-1
0;164;38.4594;8.33239;-55.4093;9.23354;3297.56;5.55199;0;0;0.1;0.01;0;6.96308;0;0;-1
0;165;38.8658;25.4342;-54.6083;9.85015;4003.29;5.92275;0;0;0.1;0.01;0;6.32589;0;0;-1
0;166;36.7828;46.1477;-56.6462;9.17439;3234.6;5.51643;0;0;0.1;0.01;0;5.8557;0;0;-1
0;167;36.3671;60.7277;-54.1182;8.5;2572.44;5.11093;0;0;0.1;0.01;0;4.54108;1;0;-1
0;168;52.8849;-50.9597;-56.0599;8.97539;3028.65;5.39677;0;0;0.1;0.01;0;3.28782;0;0;-1
0;169;52.0654;-31.0914;-54.1389;9.95776;4135.93;5.98746;0;0;0.1;0.01;0;5.73053;0;0;-1
0;170;52.9104;-15.0639;-54.3827;8.5;2572.44;5.11093;0;0;0.1;0.01;0;5.22944;1;0;-1
0;171;52.251;0.0371544;-54.3869;9.99184;4178.54;6.00795;0;0;0.1;0.01;0;7.5136;0;0;-1
0;172;51.1955;18.0879;-56.0391;9.0008;3054.44;5.41205;0;0;0.1;0.01;0;6.79094;0;0;-1
0;173;52.9422;34.0765;-55.7649;9.24176;3306.38;5.55694;0;0;0.1;0.01;0;5.31112;0;0;-1
0;174;52.6969;55.26;-56.5071;10.1122;4331.37;6.08032;0;0;0.1;0.01;0;4.26858;0;0;-1
0;175;64.6148;-40.8706;-56.6745;9.03274;3087.07;5.43126;0;0;0.1;0.01;0;2.99505;0;0;-1
0;176;67.2818;-25.0832;-56.1092;9.38578;3463.38;5.64353;0;0;0.1;0.01;0;4.42124;0;0;-1
0;177;67.7723;-4.50117;-55.1274;8.5;2572.44;5.11093;0;0;0.1;0.01;0;5.14045;1;0;-1
0;178;65.8347;11.9947;-53.8068;9.54477;3642.38;5.73913;0;0;0.1;0.01;0;5.8743;0;0;-1
0;179;66.0092;26.6418;-55.2777;8.5;2572.44;5.11093;0;0;0.1;0.01;0;3.88984;1;0;-1
0;180;64.7689;46.0639;-54.3215;9.81335;3958.59;5.90062;0;0;0.1;0.01;0;3.39658;0;0;-1
0;181;79.717;-16.8491;-56.7569;10.1836;4423.77;6.12325;0;0;0.1;0.01;0;2.82803;0;0;-1
0;182;82.2226;1.11953;-54.4701;8.92226;2975.18;5.36483;0;0;0.1;0.01;0;2.82671;0;0;-1
0;183;-87.5112;-21.6636;-40.6286;9.37018;3446.14;5.63415;0;0;0.1;0.01;0;3.14608;0;0;-1
0;184;-84.1186;-8.17014;-40.1188;10.0307;4227.49;6.03131;0;0;0.1;0.01;0;5.22078;0;0;-1
0;185;-86.3104;12.353;-39.6296;9.63572;3747.5;5.79382;0;0;0.1;0.01;0;4.43942;0;0;-1
0;186;-86.6571;29.338;-39.2283;9.84885;4001.71;5.92197;0;0;0.1;0.01;0;3.00474;0;0;-1
0;187;-70.1835;-48.0378;-39.6406;8.5;2572.44;5.11093;0;0;0.1;0.01;0;4.05775;1;0;-1
0;188;-72.1217;-33.9455;-41.5637;10.2288;4482.94;6.15043;0;0;0.1;0.01;0;5.02616;0;0;-1
0;189;-71.5948;-14.5685;-41.6308;8.5;2572.44;5.11093;0;0;0.1;0.01;0;5.38759;1;0;-1
0;190;-72.6809;3.61521;-40.9288;10.2704;4537.86;6.17544;0;0;0.1;0.01;0;7.38556;0;0;-1
0;191;-70.5068;19.074;-42.0649;9.73679;3866.66;5.85459;0;0;0.1;0.01;0;6.24154;0;0;-1
0;192;-69.9846;37.0796;-42.9165;9.92192;4091.44;5.96591;0;0;0.1;0.01;0;5.68461;0;0;-1
0;193;-72.6594;51.3932;-41.102;9.59208;3696.81;5.76758;0;0;0.1;0.01;0;3.09253;0;0;-1
0;194;-56.9526;-59.204;-39.9313;10.3288;4615.71;6.21056;0;0;0.1;0.01;0;5.24939;0;0;-1
0;195;-56.7251;-39.4588;-41.8732;9.50868;3601.22;5.71743;0;0;0.1;0.01;0;6.64068;0;0;-1
0;196;-54.1656;-24.6412;-40.9077;9.31218;3382.54;5.59928;0;0;0.1;0.01;0;5.42171;0;0;-1
0;197;-57.4652;-7.33075;-42.0153;10.0834;4294.47;6.063;0;0;0.1;0.01;0;6.99137;0;0;-1
0;198;-55.0607;9.53662;-39.8535;10.2811;4552.05;6.18188;0;0;0.1;0.01;0;6.71398;0;0;-1
0;199;-55.5446;25.8747;-41.547;9.89022;4052.35;5.94685;0;0;0.1;0.01;0;6.11571;0;0;-1
0;200;-56.9716;42.6527;-40.1084;9.6706;3788.34;5.81479;0;0;0.1;0.01;0;6.52706;0;0;-1
0;201;-54.2511;60.4497;-39.5891;9.62047;3729.73;5.78465;0;0;0.1;0.01;0;5.24132;0;0;-1
0;202;-40.5184;-80.6223;-40.9863;8.5;2572.44;5.11093;0;0;0.1;0.01;0;2.97187;1;0;-1
0;203;-41.6799;-65.8996;-39.2309;9.46189;3548.32;5.6893;0;0;0.1;0.01;0;6.38219;0;0;-1
0;204;-43.0504;-47.5189;-41.7161;8.5;2572.44;5.11093;0;0;0.1;0.01;0;4.90034;1;0;-1
0;205;-42.5723;-31.6918;-42.205;8.64528;2706.61;5.19828;0;0;0.1;0.01;0;5.09509;0;0;-1
0;206;-40.2495;-13.4557;-40.6511;9.60474;3711.47;5.77519;0;0;0.1;0.01;0;6.10362;0;0;-1
0;207;-42.0125;1.94837;-39.9936;9.25091;3316.21;5.56244;0;0;0.1;0.01;0;6.47296;0;0;-1
0;208;-41.7832;19.6622;-42.4203;8.59492;2659.59;5.168;0;0;0.1;0.01;0;5.91271;0;0;-1
0;209;-41.4537;34.4611;-41.4091;8.78789;2842.77;5.28403;0;0;0.1;0.01;0;5.6426;0;0;-1
0;210;-40.2709;53.6158;-41.2203;9.53739;3633.94;5.73469;0;0;0.1;0.01;0;7.07346;0;0;-1
0;211;-40.8033;68.4781;-42.1365;10.3601;4657.8;6.22938;0;0;0.1;0.01;0;6.08072;0;0;-1
0;212;-27.6603;-72.968;-42.8766;9.39388;3472.35;5.6484;0;0;0.1;0.01;0;6.10749;0;0;-1
0;213;-28.1437;-57.7308;-40.4583;10.4418;4768.86;6.2785;0;0;0.1;0.01;0;7.09419;0;0;-1
0;214;-25.3008;-38.5057;-42.3676;9.23225;3296.18;5.55122;0;0;0.1;0.01;0;5.32842;0;0;-1
0;215;-25.0101;-22.377;-39.8159;9.9908;4177.24;6.00732;0;0;0.1;0.01;0;6.39001;0;0;-1
0;216;-24.7428;-5.17986;-40.6523;8.87426;2927.42;5.33596;0;0;0.1;0.01;0;5.61382;0;0;-1
0;217;-25.4501;9.75772;-41.0442;8.5;2572.44;5.11093;0;0;0.1;0.01;0;4.04098;1;0;-1
0;218;-28.175;27.016;-42.0136;9.3773;3454;5.63843;0;0;0.1;0.01;0;5.49039;0;0;-1
0;219;-27.2191;44.1193;-42.1025;9.59228;3697.04;5.7677;0;0;0.1;0.01;0;6.10583;0;0;-1
0;220;-27.5544;60.5334;-40.7621;9.41372;3494.4;5.66033;0;0;0.1;0.01;0;7.06642;0;0;-1
0;221;-25.0125;77.1724;-42.0791;9.57316;3674.98;5.7562;0;0;0.1;0.01;0;5.24424;0;0;-1
0;222;-12.9887;-83.143;-42.1714;8.61093;2674.48;5.17763;0;0;0.1;0.01;0;4.03723;0;0;-1
0;223;-12.9517;-67.6044;-39.7394;10.0617;4266.8;6.04995;0;0;0.1;0.01;0;6.6957;0;0;-1
0;224;-12.3949;-49.3794;-41.8346;9.18212;3242.78;5.52108;0;0;0.1;0.01;0;5.31922;0;0;-1
0;225;-9.78502;-33.3298;-39.8352;9.50911;3601.71;5.71769;0;0;0.1;0.01;0;6.11747;0;0;-1
0;226;-13.0708;-15.5096;-40.7581;8.69144;2750.2;5.22604;0;0;0.1;0.01;0;6.37277;0;0;-1
0;227;-11.0642;0.257797;-41.4508;8.66025;2720.7;5.20728;0;0;0.1;0.01;0;5.4537;0;0;-1
0;228;-12.5378;20.0316;-39.3458;9.95302;4130.03;5.98461;0;0;0.1;0.01;0;6.15991;0;0;-1
0;229;-9.96364;34.3119;-39.7654;8.5;2572.44;5.11093;0;0;0.1;0.01;0;6.08866;1;0;-1
0;230;-11.561;52.9616;-39.3561;10.1789;4417.65;6.12042;0;0;0.1;0.01;0;6.47196;0;0;-1
0;231;-11.0969;70.7598;-40.0426;9.43087;3513.53;5.67065;0;0;0.1;0.01;0;5.5754;0;0;-1
0;232;-9.78744;87.1016;-39.9617;8.5;2572.44;5.11093;0;0;0.1;0.01;0;2.38871;1;0;-1
0;233;2.81974;-89.5404;-42.0552;9.11671;3173.97;5.48175;0;0;0.1;0.01;0;2.88213;0;0;-1
0;234;4.67928;-74.9297;-41.1568;8.55271;2620.59;5.14262;0;0;0.1;0.01;0;5.17923;0;0;-1
0;235;2.01588;-59.7585;-39.3807;9.47364;3561.55;5.69636;0;0;0.1;0.01;0;5.41784;0;0;-1
0;236;3.62776;-40.7633;-39.8065;8.5;2572.44;5.11093;0;0;0.1;0.01;0;4.8499;1;0;-1
0;237;4.67759;-25.2808;-39.5141;9.5216;3615.92;5.7252;0;0;0.1;0.01;0;6.13642;0;0;-1
0;238;1.23385;-8.07946;-42.4272;10.2613;4525.8;6.16997;0;0;0.1;0.01;0;6.26712;0;0;-1
0;239;3.21933;10.4468;-41.0143;8.61838;2681.42;5.18211;0;0;0.1;0.01;0;4.36758;0;0;-1
0;240;4.07411;27.19;-39.4793;8.90471;2957.66;5.35427;0;0;0.1;0.01;0;6.72672;0;0;-1
0;241;1.22562;43.0319;-40.2754;10.0973;4312.25;6.07136;0;0;0.1;0.01;0;7.97822;0;0;-1
0;242;1.52266;60.6213;-40.9749;8.5;2572.44;5.11093;0;0;0.1;0.01;0;5.36279;1;0;-1
0;243;3.95476;76.3849;-41.0736;9.14274;3201.24;5.4974;0;0;0.1;0.01;0;5.26411;0;0;-1
0;244;17.6723;-82.3229;-42.0949;8.5;2572.44;5.11093;0;0;0.1;0.01;0;3.29424;1;0;-1
0;245;18.2144;-65.4527;-39.2897;10.2625;4527.39;6.17069;0;0;0.1;0.01;0;5.88471;0;0;-1
0;246;17.9182;-46.4571;-40.8022;8.89095;2943.97;5.346;0;0;0.1;0.01;0;5.26733;0;0;-1
0;247;17.8361;-31.7615;-41.1637;8.5;2572.44;5.11093;0;0;0.1;0.01;0;5.83784;1;0;-1
0;248;19.0995;-15.497;-41.77;9.48375;3572.97;5.70244;0;0;0.1;0.01;0;5.92459;0;0;-1
0;249;19.7546;1.93977;-42.1566;9.10927;3166.21;5.47727;0;0;0.1;0.01;0;4.694;0;0;-1
0;250;17.6685;17.7326;-40.5162;9.27102;3337.88;5.57453;0;0;0.1;0.01;0;5.5984;0;0;-1
0;251;19.0285;36.7126;-42.8412;9.9124;4079.67;5.96018;0;0;0.1;0.01;0;7.6352;0;0;-1
0;252;16.7954;52.0102;-39.6923;10.0976;4312.64;6.07154;0;0;0.1;0.01;0;7.44303;0;0;-1
0;253;18.7604;68.4656;-41.195;10.3155;4597.9;6.20256;0;0;0.1;0.01;0;5.94242;0;0;-1
0;254;16.4152;87.4212;-41.1264;10.0767;4285.92;6.05897;0;0;0.1;0.01;0;3.14581;0;0;-1
0;255;32.9527;-75.6292;-42.5047;8.64912;2710.22;5.20059;0;0;0.1;0.01;0;2.25363;0;0;-1
0;256;30.5617;-56.4929;-40.5218;9.0958;3152.18;5.46917;0;0;0.1;0.01;0;6.27975;0;0;-1
0;257;33.714;-41.1836;-40.4661;10.005;4195.08;6.01586;0;0;0.1;0.01;0;7.65418;0;0;-1
0;258;32.7751;-25.2884;-41.5683;10.1242;4346.81;6.08753;0;0;0.1;0.01;0;7.40693;0;0;-1
0;259;33.7408;-8.05091;-42.0258;8.5;2572.44;5.11093;0;0;0.1;0.01;0;4.7262;1;0;-1
0;260;33.8437;10.0325;-42.2872;8.5;2572.44;5.11093;0;0;0.1;0.01;0;5.102;1;0;-1
0;261;33.8467;29.5182;-39.8796;8.93213;2985.06;5.37076;0;0;0.1;0.01;0;6.03347;0;0;-1
0;262;32.9446;46.1512;-39.4211;10.038;4236.72;6.0357;0;0;0.1;0.01;0;7.76874;0;0;-1
0;263;33.921;60.0853;-39.7015;9.38769;3465.49;5.64468;0;0;0.1;0.01;0;6.20722;0;0;-1
0;264;33.5523;79.84;-40.4274;8.95437;3007.42;5.38413;0;0;0.1;0.01;0;2.74583;0;0;-1
0;265;47.8254;-65.2754;-41.6117;8.94443;2997.41;5.37816;0;0;0.1;0.01;0;2.46504;0;0;-1
0;266;47.1391;-47.7056;-39.9532;9.52788;3623.08;5.72898;0;0;0.1;0.01;0;5.80251;0;0;-1
0;267;47.7662;-30.239;-39.2211;10.3176;4600.71;6.20382;0;0;0.1;0.01;0;7.65915;0;0;-1
0;268;46.7902;-14.9418;-42.5831;10.067;4273.55;6.05314;0;0;0.1;0.01;0;7.77946;0;0;-1
0;269;46.0787;2.87948;-42.1806;8.5;2572.44;5.11093;0;0;0.1;0.01;0;6.19997;1;0;-1
0;270;47.7596;16.8699;-43.0433;10.1627;4396.59;6.11068;0;0;0.1;0.01;0;7.43748;0;0;-1
0;271;46.8478;37.9653;-41.1011;9.52653;3621.54;5.72816;0;0;0.1;0.01;0;6.19099;0;0;-1
0;272;46.7028;52.142;-42.8754;9.67637;3795.12;5.81826;0;0;0.1;0.01;0;6.60646;0;0;-1
0;273;46.8344;69.2651;-39.8946;9.92643;4097.02;5.96862;0;0;0.1;0.01;0;4.49645;0;0;-1
0;274;60.375;-55.3616;-39.3272;9.8308;3979.74;5.91112;0;0;0.1;0.01;0;4.74419;0;0;-1
0;275;63.9961;-41.6896;-39.8283;8.94562;2998.61;5.37887;0;0;0.1;0.01;0;4.27924;0;0;-1
0;276;61.2086;-23.3532;-39.8312;8.55006;2618.16;5.14103;0;0;0.1;0.01;0;5.54324;0;0;-1
0;277;63.4175;-7.79755;-42.3287;9.67674;3795.56;5.81848;0;0;0.1;0.01;0;6.80409;0;0;-1
0;278;63.6;8.22693;-39.469;10.0114;4203.13;6.01971;0;0;0.1;0.01;0;6.56083;0;0;-1
0;279;63.025;26.1919;-42.2764;10.0357;4233.81;6.03432;0;0;0.1;0.01;0;6.07529;0;0;-1
0;280;61.5512;42.1352;-41.1992;8.88075;2933.85;5.33987;0;0;0.1;0.01;0;5.08326;0;0;-1
0;281;61.9954;60.4257;-42.4633;9.23144;3295.32;5.55073;0;0;0.1;0.01;0;3.67752;0;0;-1
0;282;74.9475;-32.4937;-43.1729;9.0112;3065.04;5.4183;0;0;0.1;0.01;0;3.21705;0;0;-1
0;283;77.7401;-14.9989;-41.1197;8.62851;2690.89;5.1882;0;0;0.1;0.01;0;4.46754;0;0;-1
0;284;76.3296;-0.0854856;-41.4682;10.2851;4557.37;6.18428;0;0;0.1;0.01;0;6.87733;0;0;-1
0;285;78.7385;19.7226;-42.8205;8.99017;3043.63;5.40566;0;0;0.1;0.01;0;3.33208;0;0;-1
0;286;76.5352;34.3385;-41.9412;9.23964;3304.1;5.55566;0;0;0.1;0.01;0;3.54103;0;0;-1
0;287;90.5179;-4.56256;-40.5296;8.7003;2758.62;5.23136;0;0;0.1;0.01;0;2.23127;0;0;-1
0;288;-95.1299;-13.5093;-24.7069;8.77145;2826.85;5.27415;0;0;0.1;0.01;0;3.17472;0;0;-1
0;289;-95.6317;1.25037;-26.0997;9.92316;4092.97;5.96665;0;0;0.1;0.01;0;3.87587;0;0;-1
0;290;-80.8674;-41.5011;-24.6612;9.90428;4069.65;5.9553;0;0;0.1;0.01;0;2.88806;0;0;-1
0;291;-81.7957;-23.4406;-27.3436;9.5595;3659.27;5.74799;0;0;0.1;0.01;0;3.86514;0;0;-1
0;292;-78.9078;-4.65553;-26.4851;10.0423;4242.17;6.03829;0;0;0.1;0.01;0;5.59209;0;0;-1
0;293;-82.5745;10.9713;-26.4506;10.1274;4350.93;6.08946;0;0;0.1;0.01;0;6.28637;0;0;-1
0;294;-82.4138;27.6791;-25.1469;10.0349;4232.8;6.03384;0;0;0.1;0.01;0;5.02869;0;0;-1
0;295;-80.4015;44.5606;-28.1135;9.88358;4044.19;5.94285;0;0;0.1;0.01;0;3.28484;0;0;-1
0;296;-64.0819;-67.8774;-26.0027;8.5;2572.44;5.11093;0;0;0.1;0.01;0;2.51738;1;0;-1
0;297;-64.3806;-48.9938;-26.1285;8.77835;2833.53;5.27829;0;0;0.1;0.01;0;4.35886;0;0;-1
0;298;-64.5283;-31.2647;-25.4604;9.74862;3880.77;5.8617;0;0;0.1;0.01;0;5.46868;0;0;-1
0;299;-64.4883;-12.8916;-26.9934;9.28066;3348.31;5.58033;0;0;0.1;0.01;0;5.55845;0;0;-1
0;300;-66.0801;4.4463;-26.0316;8.5;2572.44;5.11093;0;0;0.1;0.01;0;5.9404;1;0;-1
0;301;-65.4714;20.2212;-26.9326;8.59094;2655.89;5.16561;0;0;0.1;0.01;0;5.71525;0;0;-1
0;302;-64.685;35.2186;-27.1755;10.0497;4251.56;6.04274;0;0;0.1;0.01;0;6.31119;0;0;-1
0;303;-64.5492;50.9159;-26.2267;9.27992;3347.51;5.57988;0;0;0.1;0.01;0;5.7507;0;0;-1
0;304;-66.678;68.6684;-26.7135;9.4554;3541.02;5.68539;0;0;0.1;0.01;0;2.15074;0;0;-1
0;305;-49.7077;-72.4983;-27.794;8.99661;3050.18;5.40953;0;0;0.1;0.01;0;5.22913;0;0;-1
0;306;-49.6156;-58.176;-26.2851;9.25063;3315.91;5.56227;0;0;0.1;0.01;0;6.29371;0;0;-1
0;307;-51.5408;-39.7158;-26.3431;9.3425;3415.69;5.61751;0;0;0.1;0.01;0;6.00767;0;0;-1
0;308;-52.4149;-23.1161;-27.5543;9.77632;3913.95;5.87836;0;0;0.1;0.01;0;6.55524;0;0;-1
0;309;-50.4845;-7.03426;-27.8115;9.73264;3861.72;5.8521;0;0;0.1;0.01;0;6.60986;0;0;-1
0;310;-53.02;8.65534;-26.3247;8.9409;2993.87;5.37603;0;0;0.1;0.01;0;5.48633;0;0;-1
0;311;-51.1148;26.7861;-24.475;9.14375;3202.3;5.498;0;0;0.1;0.01;0;5.57845;0;0;-1
0;312;-49.9885;45.5131;-24.8743;9.78011;3918.5;5.88064;0;0;0.1;0.01;0;7.33846;0;0;-1
0;313;-50.669;62.4831;-25.5778;8.75947;2815.28;5.26694;0;0;0.1;0.01;0;6.08556;0;0;-1
0;314;-51.7982;78.4847;-28.2574;8.72318;2780.44;5.24512;0;0;0.1;0.01;0;2.64981;0;0;-1
0;315;-36.4314;-82.176;-26.5198;10.3133;4594.96;6.20124;0;0;0.1;0.01;0;6.19563;0;0;-1
0;316;-34.9797;-67.305;-26.8025;8.88636;2939.41;5.34324;0;0;0.1;0.01;0;6.991;0;0;-1
0;317;-38.3688;-47.1094;-27.1476;10.1598;4392.83;6.10894;0;0;0.1;0.01;0;5.71207;0;0;-1
0;318;-36.0607;-30.0807;-26.0727;9.32899;3400.89;5.60939;0;0;0.1;0.01;0;6.11588;0;0;-1
0;319;-34.6326;-13.7599;-26.799;8.77558;2830.85;5.27663;0;0;0.1;0.01;0;5.0158;0;0;-1
0;320;-36.5862;4.31646;-27.4459;8.5;2572.44;5.11093;0;0;0.1;0.01;0;4.19212;1;0;-1
0;321;-38.357;18.5478;-27.4775;9.50184;3593.45;5.71332;0;0;0.1;0.01;0;5.45369;0;0;-1
0;322;-38.2423;34.5886;-25.1766;8.5;2572.44;5.11093;0;0;0.1;0.01;0;5.50245;1;0;-1
0;323;-37.6486;52.2743;-27.8676;9.223;3286.29;5.54566;0;0;0.1;0.01;0;6.07489;0;0;-1
0;324;-38.2097;67.7204;-25.7656;8.5;2572.44;5.11093;0;0;0.1;0.01;0;4.48599;1;0;-1
0;325;-35.5387;85.8454;-24.9489;10.2803;4550.99;6.1814;0;0;0.1;0.01;0;3.74679;0;0;-1
0;326;-21.7878;-90.7769;-25.2839;10.3383;4628.45;6.21627;0;0;0.1;0.01;0;3.98829;0;0;-1
0;327;-20.5815;-73.0911;-27.0237;10.1729;4409.84;6.11682;0;0;0.1;0.01;0;8.27808;0;0;-1
0;328;-20.3449;-59.1617;-26.3083;9.74517;3876.65;5.85963;0;0;0.1;0.01;0;7.26754;0;0;-1
0;329;-22.0193;-40.5851;-26.6571;8.61701;2680.15;5.18128;0;0;0.1;0.01;0;4.9869;0;0;-1
0;330;-21.3607;-21.1053;-24.9765;10.094;4308.03;6.06938;0;0;0.1;0.01;0;6.84298;0;0;-1
0;331;-19.7235;-5.48396;-28.084;8.5;2572.44;5.11093;0;0;0.1;0.01;0;4.64891;1;0;-1
0;332;-21.3127;11.806;-25.7727;8.5;2572.44;5.11093;0;0;0.1;0.01;0;4.00165;1;0;-1
0;333;-22.7723;28.7624;-27.7825;8.64731;2708.52;5.1995;0;0;0.1;0.01;0;5.10234;0;0;-1
0;334;-21.2676;44.7698;-27.8784;9.74786;3879.86;5.86125;0;0;0.1;0.01;0;5.84258;0;0;-1
0;335;-21.6932;62.1718;-26.6129;9.66986;3787.47;5.81435;0;0;0.1;0.01;0;6.3377;0;0;-1
0;336;-22.8424;78.7587;-27.9104;9.43208;3514.88;5.67137;0;0;0.1;0.01;0;5.63072;0;0;-1
0;337;-5.94204;-81.2693;-28.6505;9.37792;3454.68;5.63881;0;0;0.1;0.01;0;6.0934;0;0;-1
0;338;-7.90611;-66.6063;-26.3303;9.47884;3567.42;5.69949;0;0;0.1;0.01;0;6.69028;0;0;-1
0;339;-8.56194;-48.5927;-24.3827;9.13807;3196.33;5.49459;0;0;0.1;0.01;0;5.18474;0;0;-1
0;340;-8.20657;-29.6906;-25.5411;8.77274;2828.1;5.27492;0;0;0.1;0.01;0;5.56533;0;0;-1
0;341;-6.01245;-13.3255;-27.8135;9.41095;3491.31;5.65867;0;0;0.1;0.01;0;6.59753;0;0;-1
0;342;-5.49399;1.92941;-27.6451;8.53399;2603.42;5.13136;0;0;0.1;0.01;0;5.70973;0;0;-1
0;343;-6.60658;21.1291;-25.6312;9.60397;3710.57;5.77473;0;0;0.1;0.01;0;6.69783;0;0;-1
0;344;-7.09244;35.4086;-27.0993;9.34522;3418.67;5.61915;0;0;0.1;0.01;0;7.4852;0;0;-1
0;345;-7.93028;51.515;-26.0274;8.65073;2711.73;5.20156;0;0;0.1;0.01;0;5.61195;0;0;-1
0;346;-9.34221;72.1647;-24.4898;8.6207;2683.59;5.1835;0;0;0.1;0.01;0;5.03727;0;0;-1
0;347;-9.1014;88.2421;-25.6707;8.64271;2704.2;5.19674;0;0;0.1;0.01;0;3.97095;0;0;-1
0;348;9.34818;-90.4749;-25.4142;10.3115;4592.55;6.20016;0;0;0.1;0.01;0;4.27683;0;0;-1
0;349;6.5936;-75.7933;-25.3188;9.7822;3921.01;5.88189;0;0;0.1;0.01;0;6.67414;0;0;-1
0;350;9.4455;-58.6612;-25.7674;9.33001;3402;5.61;0;0;0.1;0.01;0;5.80734;0;0;-1
0;351;5.72626;-40.0295;-25.3957;9.62018;3729.39;5.78447;0;0;0.1;0.01;0;6.09718;0;0;-1
0;352;8.26497;-25.5203;-26.591;8.72878;2785.8;5.24849;0;0;0.1;0.01;0;5.86033;0;0;-1
0;353;9.02253;-8.76569;-27.6973;10.2426;4501.11;6.15873;0;0;0.1;0.01;0;6.79846;0;0;-1
0;354;5.5179;9.93367;-25.5094;9.14542;3204.05;5.49901;0;0;0.1;0.01;0;4.58391;0;0;-1
0;355;9.43641;29.3303;-27.664;10.081;4291.4;6.06156;0;0;0.1;0.01;0;6.86129;0;0;-1
0;356;6.25256;44.0447;-25.2426;10.3766;4680.09;6.2393;0;0;0.1;0.01;0;7.20098;0;0;-1
0;357;6.86822;63.4084;-24.6226;10.1832;4423.25;6.12301;0;0;0.1;0.01;0;6.80679;0;0;-1
0;358;5.89931;78.2848;-28.0019;9.05381;3108.73;5.44392;0;0;0.1;0.01;0;5.55807;0;0;-1
0;359;8.24228;95.6191;-26.8453;10.0208;4214.98;6.02536;0;0;0.1;0.01;0;2.9963;0;0;-1
0;360;22.578;-82.3654;-25.2177;9.14669;3205.39;5.49977;0;0;0.1;0.01;0;4.65828;0;0;-1
0;361;23.703;-65.9001;-25.4745;9.51617;3609.73;5.72193;0;0;0.1;0.01;0;5.43819;0;0;-1
0;362;23.2764;-47.2902;-27.4339;10.114;4333.69;6.0814;0;0;0.1;0.01;0;6.2592;0;0;-1
0;363;22.7913;-31.7602;-26.0488;9.7203;3847.05;5.84468;0;0;0.1;0.01;0;6.89861;0;0;-1
0;364;22.1291;-16.0903;-25.5867;10.0142;4206.66;6.02139;0;0;0.1;0.01;0;6.73111;0;0;-1
0;365;22.3203;1.01425;-26.8075;9.03568;3090.09;5.43302;0;0;0.1;0.01;0;5.1716;0;0;-1
0;366;23.3872;18.1887;-28.011;9.62583;3735.97;5.78787;0;0;0.1;0.01;0;6.25472;0;0;-1
0;367;23.2472;34.9388;-27.5224;9.48752;3577.23;5.70471;0;0;0.1;0.01;0;7.42002;0;0;-1
0;368;20.5967;51.1132;-24.5179;9.78732;3927.17;5.88497;0;0;0.1;0.01;0;6.26236;0;0;-1
0;369;20.29;69.1534;-26.9522;9.41126;3491.66;5.65885;0;0;0.1;0.01;0;5.36279;0;0;-1
0;370;23.3565;84.5726;-24.8017;9.48309;3572.22;5.70204;0;0;0.1;0.01;0;4.90071;0;0;-1
0;371;38.0667;-75.9927;-27.1057;9.08221;3138.07;5.461;0;0;0.1;0.01;0;3.94048;0;0;-1
0;372;35.2297;-56.9147;-27.0369;8.68961;2748.46;5.22494;0;0;0.1;0.01;0;5.6067;0;0;-1
0;373;37.529;-39.9424;-26.8244;9.92192;4091.44;5.96591;0;0;0.1;0.01;0;7.96734;0;0;-1
0;374;37.6907;-23.1684;-27.6924;9.98008;4163.81;6.00088;0;0;0.1;0.01;0;7.5914;0;0;-1
0;375;37.4544;-7.2087;-24.8398;9.68117;3800.77;5.82115;0;0;0.1;0.01;0;6.57155;0;0;-1
0;376;35.1294;8.91258;-26.7915;8.8148;2868.97;5.30021;0;0;0.1;0.01;0;5.30913;0;0;-1
0;377;37.2288;25.3878;-24.7131;9.96675;4147.15;5.99286;0;0;0.1;0.01;0;6.87865;0;0;-1
0;378;37.0138;42.1432;-27.0983;9.84583;3998.03;5.92015;0;0;0.1;0.01;0;6.57892;0;0;-1
0;379;38.4495;63.6769;-24.9011;8.5;2572.44;5.11093;0;0;0.1;0.01;0;4.58544;1;0;-1
0;380;36.7483;78.8108;-24.8835;8.5;2572.44;5.11093;0;0;0.1;0.01;0;4.352;1;0;-1
0;381;50.4403;-66.6508;-24.7833;10.2137;4463.11;6.14135;0;0;0.1;0.01;0;5.56986;0;0;-1
0;382;49.9653;-50.7706;-25.2881;10.1728;4409.71;6.11676;0;0;0.1;0.01;0;6.85091;0;0;-1
0;383;50.0704;-33.4153;-25.0289;8.55599;2623.61;5.14459;0;0;0.1;0.01;0;5.20292;0;0;-1
0;384;52.7137;-15.5605;-26.8593;9.21838;3281.35;5.54288;0;0;0.1;0.01;0;6.25974;0;0;-1
0;385;51.8212;1.73393;-28.3324;10.0155;4208.3;6.02217;0;0;0.1;0.01;0;7.16872;0;0;-1
0;386;50.1104;17.7975;-28.5171;9.04577;3100.45;5.43909;0;0;0.1;0.01;0;6.16722;0;0;-1
0;387;50.3069;34.8924;-25.0705;9.38364;3461.01;5.64225;0;0;0.1;0.01;0;5.57689;0;0;-1
0;388;52.9788;54.7658;-24.6999;8.65695;2717.59;5.2053;0;0;0.1;0.01;0;4.39606;0;0;-1
0;389;52.2002;72.6248;-26.9432;9.78828;3928.33;5.88555;0;0;0.1;0.01;0;4.37781;0;0;-1
0;390;66.3579;-59.2054;-27.6274;8.99162;3045.11;5.40653;0;0;0.1;0.01;0;4.13238;0;0;-1
0;391;66.6377;-42.2246;-25.041;8.84857;2902.07;5.32052;0;0;0.1;0.01;0;5.483;0;0;-1
0;392;67.4836;-23.2442;-24.871;10.3678;4668.19;6.23401;0;0;0.1;0.01;0;6.53755;0;0;-1
0;393;65.559;-5.60087;-26.9233;8.9529;3005.94;5.38325;0;0;0.1;0.01;0;6.84141;0;0;-1
0;394;66.5865;9.45468;-25.0936;9.2484;3313.51;5.56093;0;0;0.1;0.01;0;5.82375;0;0;-1
0;395;64.8719;25.4074;-25.6006;9.8348;3984.6;5.91352;0;0;0.1;0.01;0;4.8092;0;0;-1
0;396;66.3815;46.5062;-25.9028;10.0347;4232.55;6.03372;0;0;0.1;0.01;0;5.81592;0;0;-1
0;397;65.071;62.2778;-27.5204;10.0508;4252.95;6.0434;0;0;0.1;0.01;0;4.96757;0;0;-1
0;398;79.419;-51.2646;-25.8203;10.1042;4321.1;6.07551;0;0;0.1;0.01;0;2.17748;0;0;-1
0;399;81.8809;-34.206;-24.8301;10.2512;4512.45;6.1639;0;0;0.1;0.01;0;3.41479;0;0;-1
0;400;80.7472;-16.814;-25.3486;8.88357;2936.64;5.34156;0;0;0.1;0.01;0;4.46966;0;0;-1
0;401;79.7954;-0.232622;-26.2387;9.30496;3374.68;5.59494;0;0;0.1;0.01;0;4.8731;0;0;-1
0;402;83.2155;17.7919;-25.2691;9.79833;3940.44;5.89159;0;0;0.1;0.01;0;4.14678;0;0;-1
0;403;79.0998;33.7609;-27.9899;8.5;2572.44;5.11093;0;0;0.1;0.01;0;3.36535;1;0;-1
0;404;79.3725;54.6233;-26.5414;10.3516;4646.34;6.22427;0;0;0.1;0.01;0;2.70754;0;0;-1
0;405;-98.4427;0.962158;-11.8073;10.2755;4544.62;6.17851;0;0;0.1;0.01;0;3.7047;0;0;-1
0;406;-84.2831;-42.0834;-11.2541;9.08598;3141.98;5.46327;0;0;0.1;0.01;0;3.46838;0;0;-1
0;407;-84.3761;-23.5402;-10.3058;10.4098;4725.15;6.25926;0;0;0.1;0.01;0;5.70287;0;0;-1
0;408;-85.2178;-7.13266;-12.4875;8.91246;2965.39;5.35893;0;0;0.1;0.01;0;5.2675;0;0;-1
0;409;-83.3481;11.6475;-11.9311;10.149;4378.83;6.10245;0;0;0.1;0.01;0;5.92215;0;0;-1
0;410;-84.8131;29.1401;-12.4348;8.5;2572.44;5.11093;0;0;0.1;0.01;0;4.12862;1;0;-1
0;411;-84.0303;42.4977;-11.3184;9.39125;3469.44;5.64682;0;0;0.1;0.01;0;4.12653;0;0;-1
0;412;-70.8114;-68.4388;-10.0686;8.78734;2842.24;5.2837;0;0;0.1;0.01;0;2.13552;0;0;-1
0;413;-69.2303;-49.2645;-11.9982;9.51949;3613.51;5.72393;0;0;0.1;0.01;0;4.76809;0;0;-1
0;414;-69.8911;-32.5585;-10.1419;9.37135;3447.43;5.63486;0;0;0.1;0.01;0;6.79666;0;0;-1
0;415;-72.1639;-15.7404;-11.6942;9.40543;3485.17;5.65535;0;0;0.1;0.01;0;6.58539;0;0;-1
0;416;-70.7961;3.17305;-10.3139;8.76929;2824.76;5.27285;0;0;0.1;0.01;0;6.07026;0;0;-1
0;417;-68.35;17.3776;-12.9561;8.58719;2652.42;5.16335;0;0;0.1;0.01;0;4.93231;0;0;-1
0;418;-69.4928;36.4692;-11.985;9.59908;3704.91;5.77179;0;0;0.1;0.01;0;6.34044;0;0;-1
0;419;-71.9176;53.7868;-13.0228;8.9755;3028.76;5.39684;0;0;0.1;0.01;0;4.41665;0;0;-1
0;420;-54.2899;-75.1346;-9.72397;8.85847;2911.82;5.32647;0;0;0.1;0.01;0;3.81368;0;0;-1
0;421;-56.617;-58.2387;-12.3462;9.39962;3478.72;5.65186;0;0;0.1;0.01;0;5.38528;0;0;-1
0;422;-57.3274;-39.2032;-10.3161;8.57706;2643.04;5.15726;0;0;0.1;0.01;0;5.5657;0;0;-1
0;423;-57.3147;-23.9558;-11.8591;8.5;2572.44;5.11093;0;0;0.1;0.01;0;5.49152;1;0;-1
0;424;-55.2359;-7.22112;-11.8106;9.00601;3059.75;5.41518;0;0;0.1;0.01;0;5.50065;0;0;-1
0;425;-54.3082;8.60129;-12.5459;10.0595;4264.01;6.04863;0;0;0.1;0.01;0;5.98855;0;0;-1
0;426;-57.343;29.7673;-12.8224;8.5;2572.44;5.11093;0;0;0.1;0.01;0;5.63938;1;0;-1
0;427;-55.1158;44.7211;-11.8283;9.28257;3350.37;5.58147;0;0;0.1;0.01;0;6.85703;0;0;-1
0;428;-57.9505;60.0326;-10.6843;9.74725;3879.14;5.86088;0;0;0.1;0.01;0;5.44986;0;0;-1
0;429;-42.787;-83.642;-13.258;10.0889;4301.5;6.06631;0;0;0.1;0.01;0;4.25656;0;0;-1
0;430;-39.354;-64.6259;-11.5749;9.79525;3936.73;5.88974;0;0;0.1;0.01;0;5.60987;0;0;-1
0;431;-41.0524;-49.3534;-10.6914;8.52157;2592.07;5.1239;0;0;0.1;0.01;0;5.07913;0;0;-1
0;432;-41.2232;-32.6029;-12.3593;9.80366;3946.87;5.8948;0;0;0.1;0.01;0;6.13824;0;0;-1
0;433;-42.0833;-14.3476;-13.5198;10.014;4206.41;6.02127;0;0;0.1;0.01;0;6.08421;0;0;-1
0;434;-40.9206;3.07056;-10.7861;9.48602;3575.53;5.70381;0;0;0.1;0.01;0;5.76847;0;0;-1
0;435;-39.4033;20.0889;-11.2062;10.0097;4200.99;6.01869;0;0;0.1;0.01;0;6.27673;0;0;-1
0;436;-42.1295;36.9055;-13.1697;9.33057;3402.62;5.61034;0;0;0.1;0.01;0;7.19922;0;0;-1
0;437;-42.6517;52.2141;-12.625;8.5;2572.44;5.11093;0;0;0.1;0.01;0;5.05267;1;0;-1
0;438;-43.0039;70.6861;-12.5547;8.74544;2801.78;5.25851;0;0;0.1;0.01;0;4.72174;0;0;-1
0;439;-43.2535;85.1287;-13.3382;8.5;2572.44;5.11093;0;0;0.1;0.01;0;3.42591;1;0;-1
0;440;-27.9018;-93.1817;-13.0886;9.62079;3730.1;5.78484;0;0;0.1;0.01;0;4.31686;0;0;-1
0;441;-28.1454;-76.868;-13.004;10.1441;4372.49;6.0995;0;0;0.1;0.01;0;7.05644;0;0;-1
0;442;-24.6958;-56.5758;-12.287;10.3899;4698.1;6.2473;0;0;0.1;0.01;0;7.30731;0;0;-1
0;443;-27.366;-41.7538;-10.1944;10.4383;4764.07;6.2764;0;0;0.1;0.01;0;7.63202;0;0;-1
0;444;-26.6291;-22.2857;-11.8632;10.2193;4470.46;6.14472;0;0;0.1;0.01;0;6.64864;0;0;-1
0;445;-24.9545;-7.30806;-10.3174;8.54228;2611.02;5.13635;0;0;0.1;0.01;0;4.69831;0;0;-1
0;446;-25.1379;9.14827;-10.2554;9.43114;3513.83;5.67081;0;0;0.1;0.01;0;5.17418;0;0;-1
0;447;-27.4314;28.4656;-10.5813;10.2555;4518.13;6.16648;0;0;0.1;0.01;0;6.15034;0;0;-1
0;448;-28.3073;42.9594;-10.7795;9.06343;3118.65;5.44971;0;0;0.1;0.01;0;5.62668;0;0;-1
0;449;-24.4418;59.0711;-12.842;8.80537;2859.77;5.29454;0;0;0.1;0.01;0;4.53429;0;0;-1
0;450;-24.7746;77.7008;-12.2437;9.85517;4009.41;5.92577;0;0;0.1;0.01;0;6.45183;0;0;-1
0;451;-24.8568;94.6707;-14.0158;10.1999;4445.05;6.13305;0;0;0.1;0.01;0;3.54514;0;0;-1
0;452;-13.5471;-83.3058;-11.0878;8.5;2572.44;5.11093;0;0;0.1;0.01;0;4.45459;1;0;-1
0;453;-12.7697;-65.4528;-13.2588;8.5;2572.44;5.11093;0;0;0.1;0.01;0;5.52643;1;0;-1
0;454;-12.696;-48.4377;-9.71095;9.49539;3586.14;5.70944;0;0;0.1;0.01;0;6.60705;0;0;-1
0;455;-11.4445;-32.3653;-11.7566;10.4018;4714.27;6.25445;0;0;0.1;0.01;0;7.25813;0;0;-1
0;456;-10.3956;-14.2733;-10.7291;8.5;2572.44;5.11093;0;0;0.1;0.01;0;6.05917;1;0;-1
0;457;-10.7198;0.965659;-11.604;10.2021;4447.92;6.13437;0;0;0.1;0.01;0;7.16087;0;0;-1
0;458;-10.7322;16.971;-11.6232;9.08701;3143.05;5.46389;0;0;0.1;0.01;0;5.76873;0;0;-1
0;459;-11.5907;34.2449;-12.5407;8.56015;2627.44;5.14709;0;0;0.1;0.01;0;4.62043;0;0;-1
0;460;-10.3532;50.9639;-10.6107;8.54843;2616.66;5.14005;0;0;0.1;0.01;0;5.22125;0;0;-1
0;461;-10.5248;67.4171;-11.6279;9.0735;3129.05;5.45576;0;0;0.1;0.01;0;5.90955;0;0;-1
0;462;-11.6997;87.2551;-12.4355;8.5;2572.44;5.11093;0;0;0.1;0.01;0;4.79349;1;0;-1
0;463;4.39241;-91.5532;-10.5851;8.69412;2752.74;5.22765;0;0;0.1;0.01;0;3.76477;0;0;-1
0;464;1.54385;-75.995;-12.1232;8.5;2572.44;5.11093;0;0;0.1;0.01;0;5.49036;1;0;-1
0;465;1.34539;-59.4768;-12.8554;8.86284;2916.13;5.3291;0;0;0.1;0.01;0;6.06268;0;0;-1
0;466;1.68134;-41.2638;-12.6237;9.63019;3741.05;5.79049;0;0;0.1;0.01;0;6.53541;0;0;-1
0;467;1.26745;-21.5668;-10.4595;9.21799;3280.93;5.54264;0;0;0.1;0.01;0;6.60833;0;0;-1
0;468;1.59366;-7.44427;-12.1281;8.63646;2698.34;5.19298;0;0;0.1;0.01;0;6.12655;0;0;-1
0;469;3.28068;8.17113;-12.2772;10.1133;4332.79;6.08098;0;0;0.1;0.01;0;6.21219;0;0;-1
0;470;3.18927;25.1306;-13.5529;9.05314;3108.04;5.44352;0;0;0.1;0.01;0;4.72341;0;0;-1
0;471;1.98526;43.765;-10.4995;9.3009;3370.26;5.5925;0;0;0.1;0.01;0;5.57863;0;0;-1
0;472;2.33398;59.5225;-10.7487;9.45512;3540.71;5.68523;0;0;0.1;0.01;0;6.58711;0;0;-1
0;473;2.70612;76.7482;-10.3955;8.91847;2971.39;5.36255;0;0;0.1;0.01;0;6.03215;0;0;-1
0;474;3.0969;94.0443;-11.4661;10.2647;4530.3;6.17202;0;0;0.1;0.01;0;4.45782;0;0;-1
0;475;18.8198;-85.1789;-10.5404;9.35595;3430.46;5.6256;0;0;0.1;0.01;0;5.79879;0;0;-1
0;476;16.0695;-68.1933;-10.516;9.47166;3559.32;5.69517;0;0;0.1;0.01;0;6.35251;0;0;-1
0;477;15.965;-51.4696;-9.8722;9.86583;4022.44;5.93218;0;0;0.1;0.01;0;5.77754;0;0;-1
0;478;15.5251;-33.3887;-10.5231;9.65096;3765.3;5.80298;0;0;0.1;0.01;0;5.74355;0;0;-1
0;479;16.0345;-16.2992;-11.4691;8.57311;2639.39;5.15489;0;0;0.1;0.01;0;5.90885;0;0;-1
0;480;16.4154;1.11844;-11.4599;9.38448;3461.94;5.64275;0;0;0.1;0.01;0;5.57902;0;0;-1
0;481;19.4898;20.903;-10.8788;9.88972;4051.73;5.94655;0;0;0.1;0.01;0;6.04947;0;0;-1
0;482;19.6237;38.1917;-13.1633;8.5;2572.44;5.11093;0;0;0.1;0.01;0;5.0852;1;0;-1
0;483;18.1876;54.5332;-11.4716;8.5;2572.44;5.11093;0;0;0.1;0.01;0;4.92961;1;0;-1
0;484;17.3037;71.4358;-10.3221;10.3965;4707.06;6.25126;0;0;0.1;0.01;0;7.11174;0;0;-1
0;485;15.6977;84.9745;-12.5711;8.5;2572.44;5.11093;0;0;0.1;0.01;0;5.45169;1;0;-1
0;486;31.9457;-93.7285;-12.0396;8.83098;2884.8;5.30994;0;0;0.1;0.01;0;1.8563;0;0;-1
0;487;33.3617;-76.6526;-12.3248;9.41174;3492.19;5.65914;0;0;0.1;0.01;0;5.65204;0;0;-1
0;488;32.889;-55.3933;-10.3523;9.45135;3536.47;5.68296;0;0;0.1;0.01;0;4.99109;0;0;-1
0;489;34.167;-38.8902;-10.1267;9.62386;3733.67;5.78669;0;0;0.1;0.01;0;6.14349;0;0;-1
0;490;31.2327;-21.3562;-12.2773;9.89423;4057.28;5.94926;0;0;0.1;0.01;0;7.10829;0;0;-1
0;491;33.1383;-6.33926;-10.7794;8.88235;2935.43;5.34083;0;0;0.1;0.01;0;5.56196;0;0;-1
0;492;33.5002;11.7936;-12.9134;10.3784;4682.52;6.24038;0;0;0.1;0.01;0;7.01838;0;0;-1
0;493;31.4722;29.0531;-10.8376;9.24443;3309.25;5.55854;0;0;0.1;0.01;0;6.82192;0;0;-1
0;494;33.5359;46.2614;-13.2482;9.56238;3662.58;5.74972;0;0;0.1;0.01;0;5.98835;0;0;-1
0;495;32.7912;63.49;-10.3662;8.6173;2680.42;5.18146;0;0;0.1;0.01;0;5.98453;0;0;-1
0;496;32.2658;79.3785;-10.1261;10.0567;4260.45;6.04695;0;0;0.1;0.01;0;6.38697;0;0;-1
0;497;45.9697;-82.9356;-10.7888;8.5;2572.44;5.11093;0;0;0.1;0.01;0;4.15566;1;0;-1
0;498;48.1305;-67.8905;-11.4537;9.53328;3629.24;5.73222;0;0;0.1;0.01;0;6.01277;0;0;-1
0;499;47.7016;-47.7294;-11.9661;9.34097;3414.01;5.61659;0;0;0.1;0.01;0;6.11565;0;0;-1
0;500;48.6168;-31.7075;-12.5224;9.05733;3112.36;5.44604;0;0;0.1;0.01;0;5.54047;0;0;-1
0;501;45.5542;-14.7393;-10.9524;9.15165;3210.6;5.50275;0;0;0.1;0.01;0;6.26793;0;0;-1
0;502;46.5952;0.435085;-11.0246;10.1585;4391.14;6.10816;0;0;0.1;0.01;0;7.44597;0;0;-1
0;503;47.7341;18.1153;-13.4331;10.1742;4411.53;6.1176;0;0;0.1;0.01;0;7.74647;0;0;-1
0;504;47.9022;34.6525;-10.5428;9.51622;3609.79;5.72196;0;0;0.1;0.01;0;6.42729;0;0;-1
0;505;45.9485;55.1935;-12.4911;8.5;2572.44;5.11093;0;0;0.1;0.01;0;5.01908;1;0;-1
0;506;46.287;68.497;-10.0118;9.24156;3306.16;5.55682;0;0;0.1;0.01;0;6.16881;0;0;-1
0;507;47.6919;85.6428;-13.0952;8.6403;2701.94;5.19529;0;0;0.1;0.01;0;2.33826;0;0;-1
0;508;61.0934;-74.2507;-11.2906;10.3036;4582.01;6.19541;0;0;0.1;0.01;0;3.19893;0;0;-1
0;509;60.3052;-56.0668;-13.301;9.61516;3723.56;5.78146;0;0;0.1;0.01;0;6.3935;0;0;-1
0;510;61.4428;-42.146;-11.6217;9.39919;3478.24;5.6516;0;0;0.1;0.01;0;6.41133;0;0;-1
0;511;62.5798;-25.7807;-11.8615;9.28468;3352.66;5.58274;0;0;0.1;0.01;0;5.84068;0;0;-1
0;512;62.7438;-7.64941;-11.5033;9.83406;3983.7;5.91308;0;0;0.1;0.01;0;6.46777;0;0;-1
0;513;60.7353;9.37149;-12.8116;10.2245;4477.29;6.14784;0;0;0.1;0.01;0;6.65834;0;0;-1
0;514;61.9684;28.7535;-10.2225;9.92591;4096.37;5.96831;0;0;0.1;0.01;0;6.30873;0;0;-1
0;515;62.6737;45.988;-11.1276;9.50542;3597.51;5.71547;0;0;0.1;0.01;0;5.70386;0;0;-1
0;516;63.2342;63.59;-10.7997;10.0981;4313.28;6.07184;0;0;0.1;0.01;0;5.33167;0;0;-1
0;517;61.0471;77.9235;-13.7922;8.90529;2958.24;5.35462;0;0;0.1;0.01;0;2.77191;0;0;-1
0;518;77.605;-47.5314;-10.8063;8.5;2572.44;5.11093;0;0;0.1;0.01;0;3.89092;1;0;-1
0;519;77.3338;-30.033;-11.2408;8.60685;2670.68;5.17517;0;0;0.1;0.01;0;5.62893;0;0;-1
0;520;75.2994;-14.4413;-10.8534;10.4528;4783.95;6.28512;0;0;0.1;0.01;0;7.80116;0;0;-1
0;521;74.9415;1.12304;-10.9948;8.5;2572.44;5.11093;0;0;0.1;0.01;0;6.16674;1;0;-1
0;522;76.6081;18.0084;-13.3382;8.69993;2758.26;5.23114;0;0;0.1;0.01;0;5.75009;0;0;-1
0;523;75.0655;34.8531;-12.7085;8.5;2572.44;5.11093;0;0;0.1;0.01;0;5.25378;1;0;-1
0;524;75.3424;51.48;-10.2287;9.24246;3307.13;5.55736;0;0;0.1;0.01;0;5.72077;0;0;-1
0;525;89.5847;-22.1782;-11.9588;8.5;2572.44;5.11093;0;0;0.1;0.01;0;3.79097;1;0;-1
0;526;90.0693;-4.2516;-10.1448;9.67018;3787.85;5.81454;0;0;0.1;0.01;0;4.12127;0;0;-1
0;527;89.5568;12.0094;-11.0199;8.94815;3001.15;5.38039;0;0;0.1;0.01;0;4.80376;0;0;-1
0;528;89.4269;27.0283;-11.2;8.57982;2645.59;5.15892;0;0;0.1;0.01;0;4.51348;0;0;-1
0;529;89.2363;43.5662;-9.84304;10.0381;4236.85;6.03576;0;0;0.1;0.01;0;3.29425;0;0;-1
0;530;-93.9367;-16.5783;2.39906;9.45997;3546.16;5.68814;0;0;0.1;0.01;0;3.17045;0;0;-1
0;531;-95.687;2.72654;3.42721;9.65336;3768.11;5.80443;0;0;0.1;0.01;0;3.78338;0;0;-1
0;532;-95.9079;18.684;2.15939;10.2032;4449.36;6.13504;0;0;0.1;0.01;0;3.23827;0;0;-1
0;533;-79.6806;-55.9256;3.03969;8.5;2572.44;5.11093;0;0;0.1;0.01;0;2.63606;1;0;-1
0;534;-82.6273;-41.5226;4.68067;9.80047;3943.02;5.89288;0;0;0.1;0.01;0;4.17477;0;0;-1
0;535;-80.5982;-23.226;2.97451;9.80139;3944.13;5.89343;0;0;0.1;0.01;0;6.45307;0;0;-1
0;536;-79.866;-6.13665;3.72748;9.46528;3552.13;5.69134;0;0;0.1;0.01;0;5.92391;0;0;-1
0;537;-81.7925;10.3557;2.71228;8.90491;2957.86;5.35439;0;0;0.1;0.01;0;4.70711;0;0;-1
0;538;-80.6;25.495;1.20793;8.5;2572.44;5.11093;0;0;0.1;0.01;0;3.69465;1;0;-1
0;539;-82.6836;44.0756;2.76928;10.2457;4505.19;6.16059;0;0;0.1;0.01;0;4.4212;0;0;-1
0;540;-78.9025;61.1274;3.37676;9.4202;3501.62;5.66423;0;0;0.1;0.01;0;2.55975;0;0;-1
0;541;-63.8867;-65.5099;1.6792;8.86781;2921.04;5.33209;0;0;0.1;0.01;0;4.00689;0;0;-1
0;542;-64.2784;-47.2863;4.40073;10.2617;4526.33;6.17021;0;0;0.1;0.01;0;6.23292;0;0;-1
0;543;-68.3936;-33.0487;3.55273;8.92266;2975.58;5.36507;0;0;0.1;0.01;0;5.75719;0;0;-1
0;544;-67.7953;-14.8229;1.72376;10.4365;4761.6;6.27532;0;0;0.1;0.01;0;6.92513;0;0;-1
0;545;-67.1931;0.400229;3.73827;10.3306;4618.12;6.21164;0;0;0.1;0.01;0;6.93338;0;0;-1
0;546;-64.7291;17.1286;3.36917;10.4477;4776.95;6.28205;0;0;0.1;0.01;0;6.02008;0;0;-1
0;547;-65.1789;36.523;3.09201;10.4249;4745.74;6.26834;0;0;0.1;0.01;0;6.60301;0;0;-1
0;548;-65.5634;52.0296;3.2282;9.47993;3568.65;5.70014;0;0;0.1;0.01;0;5.48011;0;0;-1
0;549;-64.9443;70.4146;3.16706;8.5;2572.44;5.11093;0;0;0.1;0.01;0;2.35014;1;0;-1
0;550;-49.9076;-75.3343;3.24013;8.5823;2647.89;5.16041;0;0;0.1;0.01;0;5.006;0;0;-1
0;551;-50.3431;-59.3884;4.2068;8.71413;2771.79;5.23968;0;0;0.1;0.01;0;5.50551;0;0;-1
0;552;-50.9546;-42.3323;3.33965;8.72965;2786.63;5.24901;0;0;0.1;0.01;0;5.46252;0;0;-1
0;553;-52.1116;-24.4738;3.65638;8.58632;2651.61;5.16283;0;0;0.1;0.01;0;4.1873;0;0;-1
0;554;-49.6421;-5.37792;2.14168;8.5;2572.44;5.11093;0;0;0.1;0.01;0;4.35393;1;0;-1
0;555;-52.3;10.0563;3.75079;8.5;2572.44;5.11093;0;0;0.1;0.01;0;4.98788;1;0;-1
0;556;-52.7546;25.8389;2.69609;8.5;2572.44;5.11093;0;0;0.1;0.01;0;5.48535;1;0;-1
0;557;-50.2693;42.987;5.11456;9.8444;3996.28;5.91929;0;0;0.1;0.01;0;5.97321;0;0;-1
0;558;-50.7554;63.4598;1.83516;9.04923;3104.01;5.44117;0;0;0.1;0.01;0;5.2151;0;0;-1
0;559;-51.4569;78.1182;1.28492;9.76208;3896.87;5.8698;0;0;0.1;0.01;0;4.43788;0;0;-1
0;560;-34.9745;-84.0093;3.44496;9.36644;3442.01;5.6319;0;0;0.1;0.01;0;5.15453;0;0;-1
0;561;-38.5029;-67.3852;3.24523;9.15764;3216.91;5.50636;0;0;0.1;0.01;0;5.35491;0;0;-1
0;562;-36.7033;-50.3911;4.12232;8.5;2572.44;5.11093;0;0;0.1;0.01;0;5.17273;1;0;-1
0;563;-35.8315;-32.6228;2.67892;9.95707;4135.07;5.98704;0;0;0.1;0.01;0;6.05391;0;0;-1
0;564;-38.0797;-14.0889;3.14976;8.97516;3028.41;5.39663;0;0;0.1;0.01;0;4.98362;0;0;-1
0;565;-36.6348;3.18294;4.03647;8.90095;2953.91;5.35201;0;0;0.1;0.01;0;5.85576;0;0;-1
0;566;-38.1404;19.9746;2.91908;10.1518;4382.46;6.10413;0;0;0.1;0.01;0;6.86662;0;0;-1
0;567;-38.1983;36.3083;1.02802;8.89588;2948.87;5.34896;0;0;0.1;0.01;0;5.93111;0;0;-1
0;568;-35.4197;50.843;2.85872;9.82839;3976.82;5.90967;0;0;0.1;0.01;0;5.01416;0;0;-1
0;569;-35.7484;71.7396;1.34246;10.4423;4769.55;6.2788;0;0;0.1;0.01;0;6.28688;0;0;-1
0;570;-35.3302;87.8889;3.29046;9.58234;3685.56;5.76172;0;0;0.1;0.01;0;5.144;0;0;-1
0;571;-20.7803;-93.6534;1.60024;9.51832;3612.18;5.72323;0;0;0.1;0.01;0;4.3127;0;0;-1
0;572;-20.5633;-76.605;4.59597;8.53528;2604.61;5.13214;0;0;0.1;0.01;0;5.26497;0;0;-1
0;573;-23.6219;-57.639;1.54271;9.2155;3278.27;5.54115;0;0;0.1;0.01;0;6.00425;0;0;-1
0;574;-23.2247;-40.3622;2.14322;9.25268;3318.11;5.5635;0;0;0.1;0.01;0;6.41779;0;0;-1
0;575;-21.1658;-23.0829;3.57242;8.5;2572.44;5.11093;0;0;0.1;0.01;0;5.39873;1;0;-1
0;576;-20.5813;-5.19355;3.33913;8.55675;2624.31;5.14505;0;0;0.1;0.01;0;6.16048;0;0;-1
0;577;-20.1907;9.99239;4.07406;10.1133;4332.79;6.08098;0;0;0.1;0.01;0;6.90021;0;0;-1
0;578;-23.9369;27.5234;1.88824;8.5874;2652.61;5.16348;0;0;0.1;0.01;0;3.992;0;0;-1
0;579;-19.9295;46.9968;1.83074;9.19996;3261.72;5.5318;0;0;0.1;0.01;0;4.54587;0;0;-1
0;580;-22.0297;63.3259;2.16453;9.89483;4058.01;5.94962;0;0;0.1;0.01;0;6.65826;0;0;-1
0;581;-22.1872;77.5585;1.90526;9.60554;3712.39;5.77567;0;0;0.1;0.01;0;6.19806;0;0;-1
0;582;-23.3673;96.2383;1.36026;9.90756;4073.7;5.95727;0;0;0.1;0.01;0;3.4186;0;0;-1
0;583;-7.0728;-98.9519;0.934289;10.0776;4287.06;6.05951;0;0;0.1;0.01;0;2.97454;0;0;-1
0;584;-5.64577;-81.0549;3.71034;8.73414;2790.93;5.25171;0;0;0.1;0.01;0;5.62734;0;0;-1
0;585;-9.08166;-66.6463;2.76994;10.3839;4689.97;6.24369;0;0;0.1;0.01;0;5.75255;0;0;-1
0;586;-7.63406;-49.2534;2.31283;8.64791;2709.08;5.19986;0;0;0.1;0.01;0;5.09561;0;0;-1
0;587;-7.46416;-29.9744;2.5219;9.4445;3528.79;5.67884;0;0;0.1;0.01;0;6.35295;0;0;-1
0;588;-8.78367;-14.1922;3.11614;9.71029;3835.18;5.83866;0;0;0.1;0.01;0;6.88029;0;0;-1
0;589;-7.88731;1.80514;3.77206;8.5;2572.44;5.11093;0;0;0.1;0.01;0;5.89973;1;0;-1
0;590;-6.30029;17.3605;1.34306;8.51996;2590.61;5.12293;0;0;0.1;0.01;0;5.93082;0;0;-1
0;591;-6.16311;34.6566;3.70336;9.22465;3288.05;5.54665;0;0;0.1;0.01;0;5.50877;0;0;-1
0;592;-5.76056;51.8;3.53931;8.5;2572.44;5.11093;0;0;0.1;0.01;0;5.87001;1;0;-1
0;593;-7.56661;71.7857;2.33195;10.3283;4615.04;6.21026;0;0;0.1;0.01;0;6.85569;0;0;-1
0;594;-9.20901;88.3795;3.68424;9.77079;3907.31;5.87503;0;0;0.1;0.01;0;4.97375;0;0;-1
0;595;8.03894;-92.1728;3.10153;8.71605;2773.63;5.24083;0;0;0.1;0.01;0;4.70654;0;0;-1
0;596;8.63373;-76.0905;1.83109;9.61678;3725.44;5.78243;0;0;0.1;0.01;0;7.03936;0;0;-1
0;597;5.95146;-58.9216;1.68805;10.096;4310.59;6.07058;0;0;0.1;0.01;0;6.91954;0;0;-1
0;598;7.03662;-42.7378;3.59305;9.83689;3987.15;5.91478;0;0;0.1;0.01;0;6.72616;0;0;-1
0;599;7.54625;-24.9366;1.84549;9.5353;3631.55;5.73344;0;0;0.1;0.01;0;6.50589;0;0;-1
0;600;9.35547;-8.46059;4.44513;10.1237;4346.17;6.08723;0;0;0.1;0.01;0;5.93014;0;0;-1
0;601;5.73134;10.45;2.77545;8.89902;2951.99;5.35085;0;0;0.1;0.01;0;4.95902;0;0;-1
0;602;7.63048;25.4185;2.11657;9.91149;4078.55;5.95964;0;0;0.1;0.01;0;6.08767;0;0;-1
0;603;8.38158;44.0572;2.34835;8.5;2572.44;5.11093;0;0;0.1;0.01;0;5.04514;1;0;-1
0;604;6.9085;60.3905;1.62434;8.5;2572.44;5.11093;0;0;0.1;0.01;0;5.65647;1;0;-1
0;605;8.80387;76.5069;2.67876;8.62821;2690.61;5.18802;0;0;0.1;0.01;0;5.79771;0;0;-1
0;606;5.61452;97.9087;1.52487;9.70502;3828.93;5.83549;0;0;0.1;0.01;0;2.82524;0;0;-1
0;607;20.4553;-85.287;2.17607;8.5;2572.44;5.11093;0;0;0.1;0.01;0;4.15299;1;0;-1
0;608;23.7067;-66.3248;2.74324;10.1485;4378.19;6.10215;0;0;0.1;0.01;0;5.9234;0;0;-1
0;609;22.3825;-47.3551;4.38225;8.61569;2678.91;5.18049;0;0;0.1;0.01;0;4.58217;0;0;-1
0;610;21.7417;-31.0869;1.47822;8.5;2572.44;5.11093;0;0;0.1;0.01;0;5.78873;1;0;-1
0;611;21.4319;-14.7056;1.49987;8.5;2572.44;5.11093;0;0;0.1;0.01;0;5.46878;1;0;-1
0;612;23.2021;4.33934;1.19644;9.49255;3582.92;5.70773;0;0;0.1;0.01;0;5.44709;0;0;-1
0;613;23.3918;20.8294;4.67451;9.56391;3664.33;5.75064;0;0;0.1;0.01;0;6.83822;0;0;-1
0;614;21.9856;37.2949;4.96373;8.5;2572.44;5.11093;0;0;0.1;0.01;0;5.66063;1;0;-1
0;615;22.7776;51.4206;3.72341;9.88732;4048.78;5.9451;0;0;0.1;0.01;0;6.64377;0;0;-1
0;616;21.1344;67.754;1.65459;9.16445;3224.09;5.51045;0;0;0.1;0.01;0;5.9571;0;0;-1
0;617;21.4019;89.4929;1.13491;10.1186;4339.6;6.08417;0;0;0.1;0.01;0;4.04522;0;0;-1
0;618;38.0397;-75.9284;1.66138;9.44408;3528.32;5.67859;0;0;0.1;0.01;0;6.03203;0;0;-1
0;619;38.554;-59.6018;4.02714;8.64248;2703.98;5.1966;0;0;0.1;0.01;0;5.22675;0;0;-1
0;620;34.9082;-40.1454;3.41413;8.9796;3032.91;5.3993;0;0;0.1;0.01;0;5.44849;0;0;-1
0;621;35.0431;-25.7235;1.19769;9.54414;3641.66;5.73875;0;0;0.1;0.01;0;6.10572;0;0;-1
0;622;38.0185;-8.85037;4.48209;9.35846;3433.22;5.62711;0;0;0.1;0.01;0;6.01369;0;0;-1
0;623;37.2357;9.08739;1.45508;9.51894;3612.89;5.7236;0;0;0.1;0.01;0;5.7468;0;0;-1
0;624;36.6609;27.2509;2.8739;9.98295;4167.4;6.0026;0;0;0.1;0.01;0;6.51291;0;0;-1
0;625;35.9267;44.5346;1.21398;10.3932;4702.58;6.24928;0;0;0.1;0.01;0;6.87949;0;0;-1
0;626;36.1009;62.7052;3.83185;10.293;4567.88;6.18903;0;0;0.1;0.01;0;7.82491;0;0;-1
0;627;37.6625;80.0017;2.52748;10.395;4705.03;6.25036;0;0;0.1;0.01;0;5.1398;0;0;-1
0;628;50.8404;-83.5305;2.9005;8.5;2572.44;5.11093;0;0;0.1;0.01;0;2.98858;1;0;-1
0;629;52.1825;-64.6138;4.04786;9.83279;3982.16;5.91231;0;0;0.1;0.01;0;5.58524;0;0;-1
0;630;50.3214;-48.47;3.25833;10.1367;4362.93;6.09505;0;0;0.1;0.01;0;6.3619;0;0;-1
0;631;53.4039;-33.6494;4.79953;8.5;2572.44;5.11093;0;0;0.1;0.01;0;5.81083;1;0;-1
0;632;51.3804;-15.8269;2.99111;8.60239;2666.53;5.17249;0;0;0.1;0.01;0;5.11673;0;0;-1
0;633;52.1585;1.13927;2.46641;8.51441;2585.55;5.11959;0;0;0.1;0.01;0;5.43449;0;0;-1
0;634;52.3762;17.046;1.66471;9.47502;3563.11;5.69719;0;0;0.1;0.01;0;7.31067;0;0;-1
0;635;50.1854;34.3847;2.73522;9.80689;3950.78;5.89674;0;0;0.1;0.01;0;6.23178;0;0;-1
0;636;51.3776;54.6312;4.70165;8.5;2572.44;5.11093;0;0;0.1;0.01;0;5.01802;1;0;-1
0;637;50.0091;67.7066;3.26337;9.09874;3155.24;5.47094;0;0;0.1;0.01;0;4.70117;0;0;-1
0;638;68.0579;-56.0633;4.68559;9.91865;4087.39;5.96394;0;0;0.1;0.01;0;4.38722;0;0;-1
0;639;67.5931;-39.0442;2.4032;9.67029;3787.97;5.81461;0;0;0.1;0.01;0;7.0892;0;0;-1
0;640;64.7313;-24.1591;3.90471;8.59961;2663.94;5.17082;0;0;0.1;0.01;0;5.67691;0;0;-1
0;641;67.8245;-6.65442;4.42667;8.5;2572.44;5.11093;0;0;0.1;0.01;0;4.86624;1;0;-1
0;642;65.6305;12.2026;3.83562;10.2544;4516.68;6.16582;0;0;0.1;0.01;0;6.71969;0;0;-1
0;643;65.4918;25.9312;3.94266;8.5;2572.44;5.11093;0;0;0.1;0.01;0;6.09856;1;0;-1
0;644;66.9194;44.3111;4.35867;9.40417;3483.77;5.65459;0;0;0.1;0.01;0;5.69806;0;0;-1
0;645;67.4233;60.178;4.32522;9.78995;3930.34;5.88655;0;0;0.1;0.01;0;4.46698;0;0;-1
0;646;82.3268;-47.3972;5.10626;9.16647;3226.23;5.51167;0;0;0.1;0.01;0;3.67605;0;0;-1
0;647;82.1703;-33.1099;3.18089;10.4059;4719.84;6.25692;0;0;0.1;0.01;0;5.82227;0;0;-1
0;648;81.3962;-15.7969;3.83825;9.58771;3691.76;5.76495;0;0;0.1;0.01;0;6.48902;0;0;-1
0;649;79.7769;0.0545289;1.87719;9.17655;3236.88;5.51773;0;0;0.1;0.01;0;5.72953;0;0;-1
0;650;80.9729;18.2573;2.44398;9.17519;3235.44;5.51691;0;0;0.1;0.01;0;6.64454;0;0;-1
0;651;82.5361;36.1042;4.09173;10.3563;4652.67;6.22709;0;0;0.1;0.01;0;5.55384;0;0;-1
0;652;82.8035;55.3001;4.8934;9.98006;4163.78;6.00087;0;0;0.1;0.01;0;2.84967;0;0;-1
0;653;95.8387;-23.3884;2.10081;10.372;4673.86;6.23653;0;0;0.1;0.01;0;3.62819;0;0;-1
0;654;96.3555;-7.56625;4.22141;9.30892;3378.99;5.59732;0;0;0.1;0.01;0;3.4069;0;0;-1
0;655;94.5272;12.1125;1.93416;9.59168;3696.35;5.76734;0;0;0.1;0.01;0;4.21355;0;0;-1
0;656;94.3108;26.6313;4.47808;10.0281;4224.2;6.02975;0;0;0.1;0.01;0;4.46544;0;0;-1
0;657;-86.8351;-40.7496;19.1989;10.0139;4206.28;6.02121;0;0;0.1;0.01;0;3.22334;0;0;-1
0;658;-85.0793;-21.1788;18.558;9.39531;3473.94;5.64926;0;0;0.1;0.01;0;3.28383;0;0;-1
0;659;-84.8799;-4.987;19.2707;9.9256;4095.99;5.96812;0;0;0.1;0.01;0;4.60355;0;0;-1
0;660;-86.6494;10.4781;17.1928;9.41782;3498.97;5.6628;0;0;0.1;0.01;0;4.71417;0;0;-1
0;661;-85.7235;27.1077;18.3102;8.5;2572.44;5.11093;0;0;0.1;0.01;0;3.2168;1;0;-1
0;662;-84.2579;45.3315;18.9275;8.68184;2741.09;5.22026;0;0;0.1;0.01;0;2.72795;0;0;-1
0;663;-72.111;-63.6403;19.8419;9.46219;3548.65;5.68948;0;0;0.1;0.01;0;3.35594;0;0;-1
0;664;-70.8098;-48.5638;16.6728;9.04696;3101.68;5.43981;0;0;0.1;0.01;0;6.11218;0;0;-1
0;665;-68.9848;-33.872;19.1839;8.5;2572.44;5.11093;0;0;0.1;0.01;0;5.46857;1;0;-1
0;666;-71.9587;-13.1863;19.0216;9.90376;4069.01;5.95499;0;0;0.1;0.01;0;7.2351;0;0;-1
0;667;-69.3892;2.17154;19.7063;9.7357;3865.36;5.85394;0;0;0.1;0.01;0;6.93314;0;0;-1
0;668;-70.2498;18.6397;19.299;9.64972;3763.85;5.80224;0;0;0.1;0.01;0;5.80263;0;0;-1
0;669;-70.2952;34.2576;16.7398;8.77909;2834.24;5.27874;0;0;0.1;0.01;0;4.32348;0;0;-1
0;670;-70.2572;52.8871;16.2628;8.5;2572.44;5.11093;0;0;0.1;0.01;0;3.91544;1;0;-1
0;671;-58.0231;-74.9483;17.1193;10.065;4271;6.05194;0;0;0.1;0.01;0;4.51428;0;0;-1
0;672;-57.4998;-58.653;18.7075;9.47117;3558.77;5.69488;0;0;0.1;0.01;0;6.43736;0;0;-1
0;673;-56.2032;-39.5375;17.4581;10.2399;4497.55;6.1571;0;0;0.1;0.01;0;7.40205;0;0;-1
0;674;-57.0851;-23.2714;16.9153;8.9323;2985.23;5.37086;0;0;0.1;0.01;0;5.73351;0;0;-1
0;675;-55.1862;-6.46466;16.0531;9.97374;4155.88;5.99707;0;0;0.1;0.01;0;6.24476;0;0;-1
0;676;-57.1294;8.61685;17.4082;8.70387;2762.01;5.23351;0;0;0.1;0.01;0;5.38482;0;0;-1
0;677;-55.3814;26.7713;16.794;9.65507;3770.12;5.80545;0;0;0.1;0.01;0;5.70831;0;0;-1
0;678;-54.9724;46.8988;18.948;8.5;2572.44;5.11093;0;0;0.1;0.01;0;4.35238;1;0;-1
0;679;-53.9891;61.9317;18.28;8.67427;2733.93;5.21571;0;0;0.1;0.01;0;3.80886;0;0;-1
0;680;-53.7977;78.0486;19.6557;9.60026;3706.27;5.7725;0;0;0.1;0.01;0;2.63965;0;0;-1
0;681;-41.6983;-84.617;16.8498;9.64536;3758.75;5.79962;0;0;0.1;0.01;0;4.3283;0;0;-1
0;682;-40.632;-67.4711;17.7315;8.98447;3037.85;5.40223;0;0;0.1;0.01;0;5.51507;0;0;-1
0;683;-40.4622;-47.7803;16.7419;9.09298;3149.25;5.46748;0;0;0.1;0.01;0;5.26015;0;0;-1
0;684;-42.5295;-33.0302;18.1956;9.56256;3662.78;5.74983;0;0;0.1;0.01;0;6.35526;0;0;-1
0;685;-42.1572;-13.7581;16.4827;8.5;2572.44;5.11093;0;0;0.1;0.01;0;4.91467;1;0;-1
0;686;-39.9938;2.28113;17.7223;8.8338;2887.56;5.31164;0;0;0.1;0.01;0;5.08203;0;0;-1
0;687;-42.2134;18.6849;18.4612;8.81873;2872.81;5.30257;0;0;0.1;0.01;0;5.4331;0;0;-1
0;688;-41.1655;33.7361;18.2776;8.97255;3025.77;5.39506;0;0;0.1;0.01;0;5.19077;0;0;-1
0;689;-39.7077;53.2141;18.5466;8.97931;3032.62;5.39913;0;0;0.1;0.01;0;4.73878;0;0;-1
0;690;-39.5894;71.4842;16.3998;10.2106;4459.05;6.13949;0;0;0.1;0.01;0;5.90242;0;0;-1
0;691;-41.5969;87.7463;18.5453;8.98874;3042.18;5.4048;0;0;0.1;0.01;0;2.93051;0;0;-1
0;692;-27.7615;-93.4551;16.829;10.4523;4783.26;6.28482;0;0;0.1;0.01;0;3.9782;0;0;-1
0;693;-27.5074;-72.8529;18.4989;9.83112;3980.13;5.91131;0;0;0.1;0.01;0;6.16499;0;0;-1
0;694;-25.3717;-56.7096;16.2798;8.5;2572.44;5.11093;0;0;0.1;0.01;0;4.45037;1;0;-1
0;695;-24.5036;-40.3799;17.8454;8.88227;2935.35;5.34078;0;0;0.1;0.01;0;5.48725;0;0;-1
0;696;-28.3613;-24.724;16.3185;9.59361;3698.58;5.7685;0;0;0.1;0.01;0;6.04736;0;0;-1
0;697;-28.3795;-7.18643;16.0146;9.33032;3402.34;5.61019;0;0;0.1;0.01;0;5.29185;0;0;-1
0;698;-26.9594;10.6769;16.486;9.60486;3711.6;5.77526;0;0;0.1;0.01;0;6.09188;0;0;-1
0;699;-27.4498;28.0473;17.3676;9.05772;3112.76;5.44628;0;0;0.1;0.01;0;5.12871;0;0;-1
0;700;-25.4606;45.9261;17.6359;9.58543;3689.13;5.76358;0;0;0.1;0.01;0;5.76661;0;0;-1
0;701;-28.1555;62.0565;16.4013;9.01678;3070.74;5.42166;0;0;0.1;0.01;0;5.90243;0;0;-1
0;702;-27.414;80.4124;16.3161;10.1887;4430.42;6.12632;0;0;0.1;0.01;0;5.88943;0;0;-1
0;703;-13.2876;-83.6112;17.638;9.77088;3907.42;5.87509;0;0;0.1;0.01;0;5.45635;0;0;-1
0;704;-13.7346;-65.6456;17.022;8.5;2572.44;5.11093;0;0;0.1;0.01;0;4.20822;1;0;-1
0;705;-11.1821;-47.5331;16.2698;9.7905;3931;5.88689;0;0;0.1;0.01;0;5.44929;0;0;-1
0;706;-12.3515;-30.7845;19.3441;8.63701;2698.85;5.19331;0;0;0.1;0.01;0;5.76332;0;0;-1
0;707;-11.5503;-16.1879;17.4751;9.71429;3839.92;5.84106;0;0;0.1;0.01;0;6.34209;0;0;-1
0;708;-13.6681;1.66228;17.1275;10.0878;4300.09;6.06565;0;0;0.1;0.01;0;7.02414;0;0;-1
0;709;-13.1796;20.791;16.6122;10.0841;4295.36;6.06342;0;0;0.1;0.01;0;6.26982;0;0;-1
0;710;-10.9571;37.3193;17.2934;8.97727;3030.55;5.3979;0;0;0.1;0.01;0;5.49458;0;0;-1
0;711;-10.0201;52.3598;18.3039;10.1287;4352.61;6.09024;0;0;0.1;0.01;0;6.64324;0;0;-1
0;712;-11.6694;68.4223;18.3683;8.59754;2662.02;5.16958;0;0;0.1;0.01;0;5.20921;0;0;-1
0;713;-11.0507;85.2613;18.6703;8.5;2572.44;5.11093;0;0;0.1;0.01;0;3.73844;1;0;-1
0;714;1.68532;-91.9852;17.4348;10.248;4508.23;6.16197;0;0;0.1;0.01;0;3.90899;0;0;-1
0;715;4.58571;-72.2686;15.9834;8.68782;2746.76;5.22386;0;0;0.1;0.01;0;5.15411;0;0;-1
0;716;2.82148;-56.975;17.3348;8.5;2572.44;5.11093;0;0;0.1;0.01;0;5.54444;1;0;-1
0;717;2.96443;-39.8554;16.6725;9.887;4048.39;5.94491;0;0;0.1;0.01;0;6.58566;0;0;-1
0;718;2.38366;-24.4665;16.4653;8.82136;2875.38;5.30416;0;0;0.1;0.01;0;5.63571;0;0;-1
0;719;4.97298;-8.37231;17.1089;8.57217;2638.52;5.15432;0;0;0.1;0.01;0;4.74364;0;0;-1
0;720;4.17404;9.65252;16.3855;9.89258;4055.25;5.94826;0;0;0.1;0.01;0;4.89175;0;0;-1
0;721;2.16291;28.5107;16.6414;9.95865;4137.04;5.98799;0;0;0.1;0.01;0;6.24759;0;0;-1
0;722;2.53622;46.1897;15.6168;8.5982;2662.63;5.16997;0;0;0.1;0.01;0;5.80298;0;0;-1
0;723;2.65939;63.403;15.891;10.4039;4717.12;6.25571;0;0;0.1;0.01;0;6.71288;0;0;-1
0;724;0.992328;77.9632;15.9406;8.66392;2724.16;5.20949;0;0;0.1;0.01;0;5.68588;0;0;-1
0;725;4.69592;93.0911;17.7744;8.70908;2766.98;5.23664;0;0;0.1;0.01;0;2.8946;0;0;-1
0;726;17.7783;-82.3803;17.1053;10.0453;4245.97;6.04009;0;0;0.1;0.01;0;5.13232;0;0;-1
0;727;15.8002;-64.4099;16.3811;8.5;2572.44;5.11093;0;0;0.1;0.01;0;4.94491;1;0;-1
0;728;16.026;-50.0873;18.3052;9.61978;3728.93;5.78423;0;0;0.1;0.01;0;5.55472;0;0;-1
0;729;18.93;-33.9825;18.1043;8.5;2572.44;5.11093;0;0;0.1;0.01;0;4.31545;1;0;-1
0;730;18.3582;-17.0116;17.3395;9.30503;3374.75;5.59498;0;0;0.1;0.01;0;5.77384;0;0;-1
0;731;17.4616;2.71958;18.4894;8.54447;2613.03;5.13767;0;0;0.1;0.01;0;4.74028;0;0;-1
0;732;16.5793;21.1368;16.2195;9.14026;3198.63;5.49591;0;0;0.1;0.01;0;6.27696;0;0;-1
0;733;16.5166;37.0696;17.445;8.88866;2941.69;5.34462;0;0;0.1;0.01;0;5.88849;0;0;-1
0;734;19.6642;52.9291;17.695;8.85858;2911.93;5.32654;0;0;0.1;0.01;0;5.16791;0;0;-1
0;735;16.4155;69.7783;17.3905;8.51644;2587.4;5.12081;0;0;0.1;0.01;0;5.15549;0;0;-1
0;736;17.9136;85.6758;16.4539;9.17315;3233.29;5.51568;0;0;0.1;0.01;0;3.56736;0;0;-1
0;737;33.1728;-92.4869;15.9371;9.05955;3114.64;5.44738;0;0;0.1;0.01;0;1.69029;0;0;-1
0;738;33.7875;-73.7666;16.1004;9.51316;3606.31;5.72013;0;0;0.1;0.01;0;5.47903;0;0;-1
0;739;33.1794;-55.2482;18.0157;9.15668;3215.9;5.50578;0;0;0.1;0.01;0;4.54302;0;0;-1
0;740;33.6491;-39.0226;18.0776;8.5;2572.44;5.11093;0;0;0.1;0.01;0;5.32993;1;0;-1
0;741;31.4348;-24.4854;16.3383;9.37929;3456.2;5.63963;0;0;0.1;0.01;0;6.48196;0;0;-1
0;742;30.71;-8.06047;18.594;9.30862;3378.66;5.59714;0;0;0.1;0.01;0;5.49814;0;0;-1
0;743;30.5312;11.5682;17.0212;8.87722;2930.35;5.33774;0;0;0.1;0.01;0;5.13432;0;0;-1
0;744;32.0957;26.877;16.7654;8.78131;2836.39;5.28007;0;0;0.1;0.01;0;5.40377;0;0;-1
0;745;33.2179;45.7691;16.5232;8.5;2572.44;5.11093;0;0;0.1;0.01;0;5.28977;1;0;-1
0;746;30.4859;63.4371;19.4784;9.08213;3137.99;5.46095;0;0;0.1;0.01;0;6.81574;0;0;-1
0;747;30.6503;77.8139;17.8451;9.25776;3323.58;5.56656;0;0;0.1;0.01;0;5.18471;0;0;-1
0;748;45.3087;-81.2474;16.0894;9.99665;4184.58;6.01084;0;0;0.1;0.01;0;4.7096;0;0;-1
0;749;48.9077;-67.6405;17.0072;8.61752;2680.62;5.18159;0;0;0.1;0.01;0;5.08388;0;0;-1
0;750;47.5107;-48.1711;18.5895;8.5;2572.44;5.11093;0;0;0.1;0.01;0;4.60266;1;0;-1
0;751;46.7602;-31.9001;16.6169;9.52674;3621.78;5.72829;0;0;0.1;0.01;0;6.82876;0;0;-1
0;752;46.3601;-15.3169;17.5032;9.96599;4146.2;5.99241;0;0;0.1;0.01;0;6.40055;0;0;-1
0;753;46.2044;4.39536;19.4818;9.61473;3723.06;5.7812;0;0;0.1;0.01;0;5.43028;0;0;-1
0;754;48.7901;20.4681;17.3406;9.77667;3914.37;5.87857;0;0;0.1;0.01;0;6.22837;0;0;-1
0;755;46.8599;34.8796;18.9857;8.5;2572.44;5.11093;0;0;0.1;0.01;0;5.2354;1;0;-1
0;756;45.0844;54.0908;16.5884;10.1386;4365.39;6.09619;0;0;0.1;0.01;0;6.57499;0;0;-1
0;757;46.9765;68.9805;17.7811;8.7934;2848.13;5.28734;0;0;0.1;0.01;0;5.04444;0;0;-1
0;758;45.9419;86.0458;19.6679;8.5;2572.44;5.11093;0;0;0.1;0.01;0;1.28286;1;0;-1
0;759;61.2221;-75.4465;17.4852;9.74749;3879.42;5.86102;0;0;0.1;0.01;0;2.82224;0;0;-1
0;760;62.3058;-57.9549;18.1625;8.5;2572.44;5.11093;0;0;0.1;0.01;0;4.94861;1;0;-1
0;761;62.561;-38.7133;16.7031;10.097;4311.87;6.07118;0;0;0.1;0.01;0;7.49625;0;0;-1
0;762;60.4237;-24.2783;16.5114;9.90118;4065.83;5.95344;0;0;0.1;0.01;0;7.54615;0;0;-1
0;763;60.3756;-7.40354;16.7505;8.93108;2984.01;5.37013;0;0;0.1;0.01;0;4.81125;0;0;-1
0;764;62.4589;10.6033;16.9706;9.45392;3539.36;5.6845;0;0;0.1;0.01;0;5.77977;0;0;-1
0;765;61.6865;28.5324;16.4785;10.2254;4478.47;6.14838;0;0;0.1;0.01;0;7.22217;0;0;-1
0;766;61.87;45.2078;19.0382;8.67367;2733.36;5.21535;0;0;0.1;0.01;0;6.07959;0;0;-1
0;767;62.2915;63.6384;19.0416;10.0225;4217.13;6.02638;0;0;0.1;0.01;0;4.83385;0;0;-1
0;768;75.9063;-50.2098;19.5122;8.70096;2759.24;5.23176;0;0;0.1;0.01;0;3.0131;0;0;-1
0;769;76.0473;-33.4797;18.3427;10.0886;4301.12;6.06613;0;0;0.1;0.01;0;6.13371;0;0;-1
0;770;77.6164;-16.9507;16.7464;8.5;2572.44;5.11093;0;0;0.1;0.01;0;4.96219;1;0;-1
0;771;74.8812;0.854093;19.4154;8.71841;2775.88;5.24225;0;0;0.1;0.01;0;4.44509;0;0;-1
0;772;76.4944;20.1049;16.1826;9.82373;3971.16;5.90687;0;0;0.1;0.01;0;6.53807;0;0;-1
0;773;74.8205;37.9208;19.0712;10.3722;4674.14;6.23665;0;0;0.1;0.01;0;6.73481;0;0;-1
0;774;76.5245;52.4283;18.7554;8.77615;2831.4;5.27697;0;0;0.1;0.01;0;4.57994;0;0;-1
0;775;91.5277;-22.067;18.6411;9.7875;3927.39;5.88508;0;0;0.1;0.01;0;4.34449;0;0;-1
0;776;92.7464;-7.35721;19.9407;8.5;2572.44;5.11093;0;0;0.1;0.01;0;2.61911;1;0;-1
0;777;91.6976;9.32561;16.2143;9.05672;3111.73;5.44567;0;0;0.1;0.01;0;2.52809;0;0;-1
0;778;89.4671;26.8401;17.3938;9.35384;3428.14;5.62433;0;0;0.1;0.01;0;4.07912;0;0;-1
0;779;-93.5848;2.40664;34.5674;8.55786;2625.33;5.14572;0;0;0.1;0.01;0;2.84617;0;0;-1
0;780;-82.0375;-39.7132;31.6293;9.85962;4014.85;5.92845;0;0;0.1;0.01;0;3.15597;0;0;-1
0;781;-79.6835;-25.0876;32.455;9.32437;3395.84;5.60661;0;0;0.1;0.01;0;4.25304;0;0;-1
0;782;-79.0009;-6.09079;34.024;9.22038;3283.49;5.54408;0;0;0.1;0.01;0;5.97757;0;0;-1
0;783;-80.1809;10.0448;31.8137;8.73128;2788.19;5.24999;0;0;0.1;0.01;0;4.8948;0;0;-1
0;784;-82.6996;25.8679;30.9238;9.40262;3482.05;5.65366;0;0;0.1;0.01;0;2.74936;0;0;-1
0;785;-79.8995;46.0328;31.3484;8.54151;2610.31;5.13589;0;0;0.1;0.01;0;2.20495;0;0;-1
0;786;-65.9609;-66.8865;33.9559;9.46889;3556.2;5.69351;0;0;0.1;0.01;0;3.41713;0;0;-1
0;787;-66.6241;-47.677;32.2384;9.70994;3834.76;5.83845;0;0;0.1;0.01;0;4.79168;0;0;-1
0;788;-64.3051;-30.7663;34.2038;9.95636;4134.19;5.98661;0;0;0.1;0.01;0;6.55784;0;0;-1
0;789;-66.7707;-15.5649;31.021;8.5;2572.44;5.11093;0;0;0.1;0.01;0;5.95318;1;0;-1
0;790;-65.6093;0.0161842;34.1211;8.9441;2997.08;5.37796;0;0;0.1;0.01;0;5.98614;0;0;-1
0;791;-66.5513;18.1303;33.887;8.5;2572.44;5.11093;0;0;0.1;0.01;0;4.42948;1;0;-1
0;792;-64.4077;35.1714;31.6526;8.58667;2651.94;5.16304;0;0;0.1;0.01;0;4.16538;0;0;-1
0;793;-66.8395;53.0625;33.2011;9.91933;4088.23;5.96435;0;0;0.1;0.01;0;3.57386;0;0;-1
0;794;-53.1846;-73.3243;30.6168;10.1149;4334.84;6.08194;0;0;0.1;0.01;0;4.85254;0;0;-1
0;795;-50.1843;-58.7188;30.9823;9.48167;3570.62;5.70119;0;0;0.1;0.01;0;6.02525;0;0;-1
0;796;-49.8371;-38.4029;31.6531;9.72083;3847.68;5.84499;0;0;0.1;0.01;0;6.1272;0;0;-1
0;797;-52.8032;-21.2951;31.1221;8.5;2572.44;5.11093;0;0;0.1;0.01;0;4.91605;1;0;-1
0;798;-52.7024;-7.29033;34.1964;9.66627;3783.25;5.81219;0;0;0.1;0.01;0;4.47888;0;0;-1
0;799;-51.6686;11.8683;31.7837;8.5;2572.44;5.11093;0;0;0.1;0.01;0;4.16096;1;0;-1
0;800;-50.7102;29.4045;32.6067;8.5;2572.44;5.11093;0;0;0.1;0.01;0;5.23711;1;0;-1
0;801;-52.7785;43.3425;33.1309;8.5;2572.44;5.11093;0;0;0.1;0.01;0;5.24213;1;0;-1
0;802;-51.6435;60.0665;33.9687;8.5;2572.44;5.11093;0;0;0.1;0.01;0;4.24001;1;0;-1
0;803;-35.6441;-85.3946;34.2813;10.1766;4414.65;6.11904;0;0;0.1;0.01;0;3.63748;0;0;-1
0;804;-38.002;-66.3763;31.2849;8.5;2572.44;5.11093;0;0;0.1;0.01;0;4.55954;1;0;-1
0;805;-37.9444;-47.291;33.1273;9.74583;3877.44;5.86003;0;0;0.1;0.01;0;5.96649;0;0;-1
0;806;-34.4732;-33.0305;33.0277;10.2533;4515.23;6.16516;0;0;0.1;0.01;0;6.52156;0;0;-1
0;807;-35.1769;-16.2771;32.7146;8.8572;2910.57;5.32571;0;0;0.1;0.01;0;4.12875;0;0;-1
0;808;-35.3394;2.98187;32.2949;8.80953;2863.83;5.29704;0;0;0.1;0.01;0;4.53454;0;0;-1
0;809;-38.3034;17.6714;32.7577;8.96634;3019.49;5.39133;0;0;0.1;0.01;0;4.90156;0;0;-1
0;810;-36.9776;37.9457;31.6623;9.65063;3764.92;5.80278;0;0;0.1;0.01;0;6.08449;0;0;-1
0;811;-36.8429;52.4696;32.4179;8.9865;3039.91;5.40345;0;0;0.1;0.01;0;5.22515;0;0;-1
0;812;-37.9088;69.1948;32.1291;8.5;2572.44;5.11093;0;0;0.1;0.01;0;3.3558;1;0;-1
0;813;-20.9681;-91.0238;34.0227;9.86408;4020.3;5.93113;0;0;0.1;0.01;0;3.76615;0;0;-1
0;814;-22.9268;-74.3017;32.232;8.5;2572.44;5.11093;0;0;0.1;0.01;0;5.11887;1;0;-1
0;815;-22.834;-57.0524;34.4248;8.61747;2680.57;5.18156;0;0;0.1;0.01;0;4.58586;0;0;-1
0;816;-21.8601;-42.7447;31.8898;8.61331;2676.69;5.17906;0;0;0.1;0.01;0;5.68014;0;0;-1
0;817;-20.4303;-21.6671;31.3839;8.5;2572.44;5.11093;0;0;0.1;0.01;0;3.9592;1;0;-1
0;818;-20.9588;-4.75521;34.0514;9.37895;3455.82;5.63943;0;0;0.1;0.01;0;5.9001;0;0;-1
0;819;-21.7899;11.1943;31.6453;8.93559;2988.53;5.37284;0;0;0.1;0.01;0;5.87721;0;0;-1
0;820;-22.9983;29.3683;33.7827;9.49202;3582.32;5.70741;0;0;0.1;0.01;0;5.55576;0;0;-1
0;821;-20.7393;44.2951;33.81;9.19925;3260.96;5.53138;0;0;0.1;0.01;0;6.29562;0;0;-1
0;822;-20.4345;59.6979;30.9762;8.65751;2718.11;5.20564;0;0;0.1;0.01;0;5.12012;0;0;-1
0;823;-21.7678;76.716;32.6736;10.0526;4255.24;6.04448;0;0;0.1;0.01;0;4.73881;0;0;-1
0;824;-6.81883;-81.4825;33.0069;10.2345;4490.44;6.15386;0;0;0.1;0.01;0;5.73646;0;0;-1
0;825;-7.57784;-65.8482;32.0421;9.11861;3175.96;5.48289;0;0;0.1;0.01;0;4.85307;0;0;-1
0;826;-8.80849;-46.9397;30.797;9.1191;3176.47;5.48318;0;0;0.1;0.01;0;5.15078;0;0;-1
0;827;-5.46148;-32.6261;31.1691;8.5;2572.44;5.11093;0;0;0.1;0.01;0;4.74431;1;0;-1
0;828;-8.84365;-13.1762;31.5902;10.4144;4731.42;6.26203;0;0;0.1;0.01;0;6.592;0;0;-1
0;829;-7.46601;3.47752;31.9446;9.30981;3379.96;5.59785;0;0;0.1;0.01;0;6.08524;0;0;-1
0;830;-6.85631;20.9992;33.6366;10.0649;4270.88;6.05188;0;0;0.1;0.01;0;5.67537;0;0;-1
0;831;-7.4789;37.7987;34.0849;9.13604;3194.2;5.49337;0;0;0.1;0.01;0;6.14392;0;0;-1
0;832;-5.84934;51.7235;33.6938;8.5;2572.44;5.11093;0;0;0.1;0.01;0;5.49275;1;0;-1
0;833;-7.20194;69.7827;32.4;8.73803;2794.66;5.25405;0;0;0.1;0.01;0;4.3502;0;0;-1
0;834;-6.78344;88.6466;31.1278;8.56897;2635.57;5.1524;0;0;0.1;0.01;0;2.17063;0;0;-1
0;835;8.24591;-89.4364;34.6651;8.757;2812.9;5.26546;0;0;0.1;0.01;0;3.18249;0;0;-1
0;836;7.70502;-74.4749;32.4956;10.4534;4784.77;6.28548;0;0;0.1;0.01;0;7.03333;0;0;-1
0;837;6.3425;-58.9486;31.8199;8.79873;2853.31;5.29055;0;0;0.1;0.01;0;5.1046;0;0;-1
0;838;8.4879;-42.9153;33.1973;10.0561;4259.68;6.04659;0;0;0.1;0.01;0;6.75235;0;0;-1
0;839;6.8665;-23.8847;32.7544;8.90408;2957.03;5.35389;0;0;0.1;0.01;0;4.8793;0;0;-1
0;840;7.21196;-6.04557;33.7258;9.87605;4034.95;5.93833;0;0;0.1;0.01;0;6.05044;0;0;-1
0;841;5.64699;8.79018;34.3833;9.10205;3158.68;5.47293;0;0;0.1;0.01;0;4.74139;0;0;-1
0;842;8.33992;27.818;31.0469;9.25309;3318.55;5.56375;0;0;0.1;0.01;0;5.15857;0;0;-1
0;843;6.79263;42.8949;30.5863;10.1876;4428.99;6.12566;0;0;0.1;0.01;0;6.42144;0;0;-1
0;844;8.63795;61.574;30.9049;8.68436;2743.48;5.22178;0;0;0.1;0.01;0;4.7565;0;0;-1
0;845;9.12167;78.9379;31.9;9.46328;3549.88;5.69013;0;0;0.1;0.01;0;4.70514;0;0;-1
0;846;23.1463;-82.6642;33.8549;9.93443;4106.93;5.97343;0;0;0.1;0.01;0;4.76602;0;0;-1
0;847;22.6503;-67.9648;33.0053;9.85623;4010.71;5.92641;0;0;0.1;0.01;0;5.40421;0;0;-1
0;848;23.8665;-47.7363;33.3877;8.90151;2954.47;5.35235;0;0;0.1;0.01;0;5.89603;0;0;-1
0;849;21.1368;-32.2898;32.4688;10.1635;4397.63;6.11117;0;0;0.1;0.01;0;7.04008;0;0;-1
0;850;22.1151;-14.0036;32.2148;10.1553;4386.99;6.10623;0;0;0.1;0.01;0;6.79591;0;0;-1
0;851;22.3371;0.478359;30.9377;8.92445;2977.37;5.36614;0;0;0.1;0.01;0;5.12805;0;0;-1
0;852;23.0072;19.3356;30.48;9.06881;3124.2;5.45294;0;0;0.1;0.01;0;4.82318;0;0;-1
0;853;22.1109;37.5572;33.9871;9.3486;3422.38;5.62118;0;0;0.1;0.01;0;5.73743;0;0;-1
0;854;23.7946;51.3874;32.5716;9.90615;4071.96;5.95642;0;0;0.1;0.01;0;6.8132;0;0;-1
0;855;22.3262;68.7577;31.0012;8.75237;2808.44;5.26267;0;0;0.1;0.01;0;5.90278;0;0;-1
0;856;20.8553;89.3941;34.2245;9.34689;3420.5;5.62015;0;0;0.1;0.01;0;1.60082;0;0;-1
0;857;35.7836;-74.7232;32.7913;8.5;2572.44;5.11093;0;0;0.1;0.01;0;3.42801;1;0;-1
0;858;37.1869;-55.0857;32.8364;9.55435;3653.36;5.74489;0;0;0.1;0.01;0;5.7621;0;0;-1
0;859;35.5741;-38.4174;30.8925;8.5;2572.44;5.11093;0;0;0.1;0.01;0;5.31004;1;0;-1
0;860;37.5013;-21.9796;32.1872;8.5;2572.44;5.11093;0;0;0.1;0.01;0;4.7547;1;0;-1
0;861;35.8982;-4.81283;33.2096;9.17157;3231.62;5.51473;0;0;0.1;0.01;0;5.72663;0;0;-1
0;862;38.7403;9.34995;32.4859;8.59517;2659.82;5.16815;0;0;0.1;0.01;0;4.91557;0;0;-1
0;863;38.1017;25.5637;32.9999;9.81869;3965.06;5.90384;0;0;0.1;0.01;0;5.59348;0;0;-1
0;864;38.3516;43.1677;33.0911;9.76301;3897.98;5.87036;0;0;0.1;0.01;0;6.01994;0;0;-1
0;865;35.3788;61.8618;33.7067;9.76121;3895.83;5.86927;0;0;0.1;0.01;0;6.62482;0;0;-1
0;866;36.8559;77.2512;32.1588;10.0224;4217;6.02632;0;0;0.1;0.01;0;5.23578;0;0;-1
0;867;52.8282;-64.6637;31.9336;9.06145;3116.6;5.44852;0;0;0.1;0.01;0;3.97365;0;0;-1
0;868;53.1676;-49.337;32.1229;9.43641;3519.73;5.67398;0;0;0.1;0.01;0;5.65639;0;0;-1
0;869;52.0692;-33.3888;32.4041;9.52844;3623.71;5.72931;0;0;0.1;0.01;0;6.13981;0;0;-1
0;870;51.5493;-17.319;31.5987;9.93219;4104.15;5.97208;0;0;0.1;0.01;0;6.32034;0;0;-1
0;871;53.213;0.91728;33.8723;10.0205;4214.6;6.02518;0;0;0.1;0.01;0;6.8678;0;0;-1
0;872;52.4657;17.8229;33.3855;8.9672;3020.36;5.39185;0;0;0.1;0.01;0;6.0171;0;0;-1
0;873;53.473;38.1455;32.2429;8.9671;3020.26;5.39179;0;0;0.1;0.01;0;6.03573;0;0;-1
0;874;53.2669;53.1796;33.3211;9.60563;3712.5;5.77573;0;0;0.1;0.01;0;6.96947;0;0;-1
0;875;51.4279;68.3322;32.4157;9.14929;3208.12;5.50134;0;0;0.1;0.01;0;4.86716;0;0;-1
0;876;67.2609;-58.072;32.4299;8.83388;2887.64;5.31168;0;0;0.1;0.01;0;3.29171;0;0;-1
0;877;67.6958;-38.6015;31.552;9.31078;3381.01;5.59844;0;0;0.1;0.01;0;5.3457;0;0;-1
0;878;66.3888;-21.815;31.9651;9.12977;3187.63;5.4896;0;0;0.1;0.01;0;5.27178;0;0;-1
0;879;66.9443;-4.76993;32.6265;9.85842;4013.38;5.92772;0;0;0.1;0.01;0;5.72644;0;0;-1
0;880;67.2126;10.36;32.9743;8.94914;3002.15;5.38099;0;0;0.1;0.01;0;6.55269;0;0;-1
0;881;66.2112;28.0126;33.7872;8.61621;2679.4;5.1808;0;0;0.1;0.01;0;5.82099;0;0;-1
0;882;67.317;45.6464;31.0886;9.11558;3172.79;5.48107;0;0;0.1;0.01;0;6.46554;0;0;-1
0;883;67.0116;59.5009;32.0806;9.87652;4035.53;5.93861;0;0;0.1;0.01;0;4.75562;0;0;-1
0;884;79.9461;-30.2576;33.8302;9.91075;4077.63;5.95919;0;0;0.1;0.01;0;4.39815;0;0;-1
0;885;80.1778;-15.9653;30.7201;8.8039;2858.34;5.29366;0;0;0.1;0.01;0;4.50775;0;0;-1
0;886;79.6597;3.68613;33.5522;10.0827;4293.58;6.06258;0;0;0.1;0.01;0;4.949;0;0;-1
0;887;80.7137;19.7022;34.1931;8.73611;2792.82;5.2529;0;0;0.1;0.01;0;3.84938;0;0;-1
0;888;80.5447;33.636;31.9235;8.98096;3034.29;5.40012;0;0;0.1;0.01;0;4.2572;0;0;-1
0;889;-86.3511;-6.44395;47.2351;9.7781;3916.08;5.87943;0;0;0.1;0.01;0;3.24571;0;0;-1
0;890;-85.6612;9.85387;47.797;10.4049;4718.48;6.25632;0;0;0.1;0.01;0;3.02365;0;0;-1
0;891;-69.0174;-49.983;48.7961;10.4318;4755.17;6.27249;0;0;0.1;0.01;0;2.88055;0;0;-1
0;892;-69.3936;-33.7495;47.9846;8.5;2572.44;5.11093;0;0;0.1;0.01;0;4.09416;1;0;-1
0;893;-69.3622;-13.367;47.6982;9.91875;4087.52;5.964;0;0;0.1;0.01;0;5.7267;0;0;-1
0;894;-71.5176;0.837643;46.7819;8.91111;2964.04;5.35812;0;0;0.1;0.01;0;5.62263;0;0;-1
0;895;-68.5662;18.0365;47.0492;8.75571;2811.66;5.26468;0;0;0.1;0.01;0;3.93303;0;0;-1
0;896;-70.5774;36.4594;49.3647;9.25688;3322.63;5.56603;0;0;0.1;0.01;0;1.72372;0;0;-1
0;897;-56.638;-59.6067;46.1525;8.92538;2978.3;5.3667;0;0;0.1;0.01;0;4.10053;0;0;-1
0;898;-57.0593;-39.132;47.6035;9.30218;3371.65;5.59327;0;0;0.1;0.01;0;5.77739;0;0;-1
0;899;-57.0491;-23.2621;47.2588;8.5;2572.44;5.11093;0;0;0.1;0.01;0;5.45325;1;0;-1
0;900;-56.8261;-6.9125;48.8051;9.56046;3660.37;5.74857;0;0;0.1;0.01;0;5.90657;0;0;-1
0;901;-54.5962;12.7528;45.982;8.6949;2753.48;5.22812;0;0;0.1;0.01;0;4.4213;0;0;-1
0;902;-57.6988;29.7405;45.9878;8.5;2572.44;5.11093;0;0;0.1;0.01;0;4.65764;1;0;-1
0;903;-56.3067;45.9392;47.0292;8.5;2572.44;5.11093;0;0;0.1;0.01;0;4.45972;1;0;-1
0;904;-54.4406;61.2994;46.4118;8.73256;2789.42;5.25076;0;0;0.1;0.01;0;3.49907;0;0;-1
0;905;-40.6491;-64.3872;45.8796;8.77308;2828.43;5.27513;0;0;0.1;0.01;0;3.66306;0;0;-1
0;906;-40.4055;-50.5781;48.2105;9.14813;3206.9;5.50064;0;0;0.1;0.01;0;5.15886;0;0;-1
0;907;-43.1998;-30.0705;46.0977;10.1709;4407.24;6.11561;0;0;0.1;0.01;0;6.05425;0;0;-1
0;908;-41.5076;-14.2979;49.0775;8.5;2572.44;5.11093;0;0;0.1;0.01;0;4.9887;1;0;-1
0;909;-41.6436;0.774794;49.2598;8.65928;2719.78;5.2067;0;0;0.1;0.01;0;4.60012;0;0;-1
0;910;-42.0998;16.7767;48.2688;10.2808;4551.66;6.1817;0;0;0.1;0.01;0;5.92335;0;0;-1
0;911;-42.3284;35.8758;45.2288;8.59133;2656.26;5.16584;0;0;0.1;0.01;0;4.95031;0;0;-1
0;912;-41.2193;53.2417;48.9017;10.1348;4360.48;6.09391;0;0;0.1;0.01;0;6.53542;0;0;-1
0;913;-42.484;69.7219;48.0952;9.85071;4003.97;5.92309;0;0;0.1;0.01;0;4.23839;0;0;-1
0;914;-27.8271;-76.7449;46.7361;9.0812;3137.03;5.46039;0;0;0.1;0.01;0;2.96378;0;0;-1
0;915;-26.1716;-55.504;48.3118;8.59395;2658.69;5.16742;0;0;0.1;0.01;0;5.99577;0;0;-1
0;916;-27.6864;-41.4875;46.5292;9.63897;3751.29;5.79577;0;0;0.1;0.01;0;7.57706;0;0;-1
0;917;-28.0347;-24.2535;49.4372;8.5;2572.44;5.11093;0;0;0.1;0.01;0;4.80496;1;0;-1
0;918;-25.7021;-8.79277;47.3279;8.5;2572.44;5.11093;0;0;0.1;0.01;0;4.6369;1;0;-1
0;919;-26.6743;12.0274;46.5409;9.92574;4096.16;5.9682;0;0;0.1;0.01;0;5.77744;0;0;-1
0;920;-26.9574;29.5829;48.5549;10.2075;4454.99;6.13762;0;0;0.1;0.01;0;7.06289;0;0;-1
0;921;-26.3517;45.1532;48.836;9.22863;3292.31;5.54904;0;0;0.1;0.01;0;6.11785;0;0;-1
0;922;-25.8927;60.8822;46.5184;10.3198;4603.65;6.20515;0;0;0.1;0.01;0;6.87277;0;0;-1
0;923;-25.5703;79.337;48.4989;9.1597;3219.08;5.50759;0;0;0.1;0.01;0;3.17651;0;0;-1
0;924;-12.3656;-80.787;46.0189;8.874;2927.16;5.33581;0;0;0.1;0.01;0;3.07121;0;0;-1
0;925;-11.8822;-64.6904;47.9576;8.62741;2689.86;5.18754;0;0;0.1;0.01;0;4.45527;0;0;-1
0;926;-13.4905;-47.9749;46.5729;10.3686;4669.27;6.23449;0;0;0.1;0.01;0;7.52002;0;0;-1
0;927;-12.6945;-33.5677;49.1046;10.005;4195.08;6.01586;0;0;0.1;0.01;0;5.88101;0;0;-1
0;928;-11.4129;-13.8838;48.6924;9.93402;4106.42;5.97318;0;0;0.1;0.01;0;6.77195;0;0;-1
0;929;-11.0339;0.267472;46.1083;9.49154;3581.78;5.70713;0;0;0.1;0.01;0;6.6507;0;0;-1
0;930;-13.1761;19.5081;47.8655;10.0132;4205.4;6.02079;0;0;0.1;0.01;0;6.25855;0;0;-1
0;931;-11.256;37.094;49.0521;8.84922;2902.71;5.32091;0;0;0.1;0.01;0;6.45068;0;0;-1
0;932;-12.2022;52.5404;48.7864;9.02879;3083.03;5.42888;0;0;0.1;0.01;0;7.20882;0;0;-1
0;933;-11.7532;69.7902;48.0771;10.1432;4371.33;6.09896;0;0;0.1;0.01;0;5.86762;0;0;-1
0;934;-12.8186;86.616;47.9917;8.5;2572.44;5.11093;0;0;0.1;0.01;0;1.66613;1;0;-1
0;935;2.05813;-73.1375;45.8793;8.5;2572.44;5.11093;0;0;0.1;0.01;0;4.91314;1;0;-1
0;936;1.61296;-59.4357;46.6259;8.99434;3047.87;5.40817;0;0;0.1;0.01;0;5.60864;0;0;-1
0;937;2.35439;-42.2778;46.9547;9.40872;3488.83;5.65733;0;0;0.1;0.01;0;5.65084;0;0;-1
0;938;1.44415;-22.4103;48.5108;9.3869;3464.62;5.64421;0;0;0.1;0.01;0;5.82108;0;0;-1
0;939;4.30891;-5.38971;49.0422;9.50215;3593.8;5.7135;0;0;0.1;0.01;0;6.81265;0;0;-1
0;940;3.2233;8.86603;49.2401;9.40384;3483.41;5.65439;0;0;0.1;0.01;0;5.80897;0;0;-1
0;941;1.82216;29.6331;47.325;8.5;2572.44;5.11093;0;0;0.1;0.01;0;5.04913;1;0;-1
0;942;1.08411;45.5437;47.5962;8.53776;2606.88;5.13363;0;0;0.1;0.01;0;6.17194;0;0;-1
0;943;1.48683;60.6216;45.6704;9.03964;3094.15;5.4354;0;0;0.1;0.01;0;5.43766;0;0;-1
0;944;4.93371;79.7315;48.6591;10.1102;4328.8;6.07912;0;0;0.1;0.01;0;3.00412;0;0;-1
0;945;18.9275;-84.4755;48.8997;8.82496;2878.9;5.30632;0;0;0.1;0.01;0;1.95244;0;0;-1
0;946;18.2822;-65.9307;46.7123;9.13393;3191.99;5.4921;0;0;0.1;0.01;0;4.69387;0;0;-1
0;947;16.9242;-49.4134;46.2856;8.5;2572.44;5.11093;0;0;0.1;0.01;0;4.61344;1;0;-1
0;948;19.3931;-34.4008;45.9289;10.2763;4545.68;6.17899;0;0;0.1;0.01;0;6.56854;0;0;-1
0;949;16.1473;-14.8626;48.4611;9.22523;3288.67;5.547;0;0;0.1;0.01;0;6.34161;0;0;-1
0;950;18.7802;1.8064;48.5167;8.50641;2578.26;5.11478;0;0;0.1;0.01;0;5.65691;0;0;-1
0;951;17.3905;17.4845;46.7747;9.55479;3653.86;5.74516;0;0;0.1;0.01;0;5.23455;0;0;-1
0;952;16.0247;36.3955;49.0116;8.5;2572.44;5.11093;0;0;0.1;0.01;0;4.95133;1;0;-1
0;953;19.242;50.8469;45.5621;9.03341;3087.76;5.43166;0;0;0.1;0.01;0;5.11267;0;0;-1
0;954;17.4123;71.0951;46.7965;9.52319;3617.73;5.72616;0;0;0.1;0.01;0;4.54264;0;0;-1
0;955;33.2049;-74.2755;48.7893;8.9766;3029.87;5.3975;0;0;0.1;0.01;0;3.24488;0;0;-1
0;956;33.1115;-57.1365;47.8262;9.60965;3717.16;5.77814;0;0;0.1;0.01;0;6.04661;0;0;-1
0;957;33.4772;-39.2127;45.8215;9.85133;4004.73;5.92346;0;0;0.1;0.01;0;6.54161;0;0;-1
0;958;30.7972;-22.5144;46.1755;9.98303;4167.5;6.00265;0;0;0.1;0.01;0;6.38995;0;0;-1
0;959;31.9834;-5.04272;47.7692;9.48791;3577.67;5.70494;0;0;0.1;0.01;0;5.83377;0;0;-1
0;960;33.2589;12.0641;47.6429;9.44032;3524.1;5.67633;0;0;0.1;0.01;0;5.47937;0;0;-1
0;961;30.6849;25.7834;46.9764;9.75134;3884.02;5.86334;0;0;0.1;0.01;0;6.52769;0;0;-1
0;962;32.7075;43.2086;48.5167;8.95476;3007.81;5.38437;0;0;0.1;0.01;0;6.11716;0;0;-1
0;963;31.8873;59.3288;48.6158;9.99243;4179.28;6.0083;0;0;0.1;0.01;0;6.93156;0;0;-1
0;964;30.9315;76.2522;47.697;9.44588;3530.33;5.67967;0;0;0.1;0.01;0;4.1249;0;0;-1
0;965;45.9673;-63.7075;46.5652;8.50235;2574.57;5.11234;0;0;0.1;0.01;0;3.30886;0;0;-1
0;966;46.1762;-47.4763;47.5704;10.2055;4452.37;6.13642;0;0;0.1;0.01;0;6.42802;0;0;-1
0;967;47.6529;-31.4606;46.2929;8.5;2572.44;5.11093;0;0;0.1;0.01;0;5.04455;1;0;-1
0;968;45.2319;-13.9421;49.0277;9.26855;3335.22;5.57304;0;0;0.1;0.01;0;5.88954;0;0;-1
0;969;45.899;-0.222573;45.3721;8.5;2572.44;5.11093;0;0;0.1;0.01;0;5.34773;1;0;-1
0;970;47.7181;20.7853;46.8791;10.0206;4214.73;6.02524;0;0;0.1;0.01;0;7.16639;0;0;-1
0;971;45.2994;36.6209;48.5913;9.44979;3534.72;5.68202;0;0;0.1;0.01;0;6.80116;0;0;-1
0;972;46.4705;54.7678;49.1052;9.69619;3818.49;5.83018;0;0;0.1;0.01;0;5.88188;0;0;-1
0;973;45.6616;72.0082;48.4254;9.86394;4020.13;5.93104;0;0;0.1;0.01;0;3.34103;0;0;-1
0;974;63.7024;-58.771;46.4801;8.74716;2803.43;5.25954;0;0;0.1;0.01;0;2.38154;0;0;-1
0;975;62.0114;-42.3757;47.6475;9.36522;3440.67;5.63117;0;0;0.1;0.01;0;5.04787;0;0;-1
0;976;59.8943;-24.0701;48.5244;8.5;2572.44;5.11093;0;0;0.1;0.01;0;4.86058;1;0;-1
0;977;63.6073;-8.69999;46.8137;10.1425;4370.42;6.09854;0;0;0.1;0.01;0;6.67366;0;0;-1
0;978;60.6625;8.13224;47.1515;9.86993;4027.46;5.93465;0;0;0.1;0.01;0;6.38346;0;0;-1
0;979;61.5255;26.8091;46.1139;9.90075;4065.3;5.95318;0;0;0.1;0.01;0;6.426;0;0;-1
0;980;60.1714;43.6491;46.0461;10.1384;4365.13;6.09607;0;0;0.1;0.01;0;6.24378;0;0;-1
0;981;61.1668;61.0004;46.9938;9.12844;3186.24;5.4888;0;0;0.1;0.01;0;3.76086;0;0;-1
0;982;77.2969;-30.3671;48.6464;8.61289;2676.3;5.17881;0;0;0.1;0.01;0;2.62374;0;0;-1
0;983;77.1304;-17.102;47.7346;8.5;2572.44;5.11093;0;0;0.1;0.01;0;3.16098;1;0;-1
0;984;75.5656;1.8313;46.5475;9.84126;3992.46;5.91741;0;0;0.1;0.01;0;5.04754;0;0;-1
0;985;78.6901;17.3393;48.8008;10.0526;4255.24;6.04448;0;0;0.1;0.01;0;4.18537;0;0;-1
0;986;75.2841;34.6957;45.9214;10.2898;4563.62;6.18711;0;0;0.1;0.01;0;4.40743;0;0;-1
0;987;-65.6125;-30.2897;62.2641;8.57744;2643.39;5.15749;0;0;0.1;0.01;0;3.43691;0;0;-1
0;988;-66.5752;-15.4248;63.5491;8.87947;2932.58;5.3391;0;0;0.1;0.01;0;3.5411;0;0;-1
0;989;-66.6887;0.549812;61.3353;8.52153;2592.04;5.12387;0;0;0.1;0.01;0;3.48085;0;0;-1
0;990;-66.1526;19.5131;63.936;9.60852;3715.85;5.77746;0;0;0.1;0.01;0;3.35461;0;0;-1
0;991;-51.8185;-58.4795;60.4543;9.06277;3117.97;5.44931;0;0;0.1;0.01;0;2.13716;0;0;-1
0;992;-51.4186;-38.758;63.6274;10.4312;4754.35;6.27213;0;0;0.1;0.01;0;5.19885;0;0;-1
0;993;-50.7484;-24.5006;63.2994;8.99047;3043.94;5.40584;0;0;0.1;0.01;0;6.41268;0;0;-1
0;994;-52.7081;-8.79122;61.3356;8.75928;2815.1;5.26683;0;0;0.1;0.01;0;4.57348;0;0;-1
0;995;-53.4851;10.3291;61.6454;10.3467;4639.75;6.22132;0;0;0.1;0.01;0;5.60357;0;0;-1
0;996;-53.0248;27.1246;62.1106;8.5119;2583.26;5.11808;0;0;0.1;0.01;0;4.04224;0;0;-1
0;997;-51.7513;46.5251;61.7999;9.49673;3587.66;5.71025;0;0;0.1;0.01;0;3.02787;0;0;-1
0;998;-36.3721;-47.5549;60.5168;9.31429;3384.84;5.60055;0;0;0.1;0.01;0;6.18575;0;0;-1
0;999;-36.9179;-33.1687;64.1603;8.56914;2635.73;5.1525;0;0;0.1;0.01;0;5.89133;0;0;-1
0;1000;-35.4706;-15.6535;62.6747;9.77893;3917.08;5.87993;0;0;0.1;0.01;0;6.61871;0;0;-1
0;1001;-36.1639;1.45763;63.9621;8.73934;2795.92;5.25484;0;0;0.1;0.01;0;4.87418;0;0;-1
0;1002;-35.0659;19.5903;62.2248;8.80965;2863.94;5.29711;0;0;0.1;0.01;0;5.88781;0;0;-1
0;1003;-35.2261;37.0909;60.6589;9.96828;4149.06;5.99378;0;0;0.1;0.01;0;6.29306;0;0;-1
0;1004;-38.3057;52.2591;63.8403;9.47991;3568.63;5.70013;0;0;0.1;0.01;0;3.94479;0;0;-1
0;1005;-38.3118;67.9583;60.6984;9.61487;3723.22;5.78128;0;0;0.1;0.01;0;3.18418;0;0;-1
0;1006;-21.3195;-73.2341;63.7651;8.5;2572.44;5.11093;0;0;0.1;0.01;0;1.71254;1;0;-1
0;1007;-23.2912;-57.0275;62.2462;10.4;4711.82;6.25337;0;0;0.1;0.01;0;6.18551;0;0;-1
0;1008;-22.2414;-40.8635;61.3882;10.2717;4539.58;6.17622;0;0;0.1;0.01;0;8.02871;0;0;-1
0;1009;-21.3048;-22.7375;63.6615;8.53442;2603.82;5.13162;0;0;0.1;0.01;0;6.24241;0;0;-1
0;1010;-21.9754;-5.56566;62.1283;10.3597;4657.26;6.22914;0;0;0.1;0.01;0;6.43764;0;0;-1
0;1011;-22.1209;10.5215;60.8551;8.5;2572.44;5.11093;0;0;0.1;0.01;0;3.63226;1;0;-1
0;1012;-23.7844;26.8097;63.5257;9.01866;3072.66;5.42279;0;0;0.1;0.01;0;4.69404;0;0;-1
0;1013;-22.4082;44.4758;62.8133;9.87176;4029.7;5.93575;0;0;0.1;0.01;0;6.7704;0;0;-1
0;1014;-21.8351;59.7014;60.1776;8.81698;2871.1;5.30152;0;0;0.1;0.01;0;5.43745;0;0;-1
0;1015;-7.87632;-67.6946;60.3466;8.52518;2595.37;5.12607;0;0;0.1;0.01;0;3.89076;0;0;-1
0;1016;-7.87131;-47.7041;63.1309;10.2311;4485.96;6.15181;0;0;0.1;0.01;0;6.71382;0;0;-1
0;1017;-5.56143;-29.8856;63.3983;9.05885;3113.92;5.44696;0;0;0.1;0.01;0;6.57609;0;0;-1
0;1018;-6.85023;-15.3351;60.9716;8.54701;2615.36;5.13919;0;0;0.1;0.01;0;6.62672;0;0;-1
0;1019;-8.78353;0.618301;60.7721;8.5;2572.44;5.11093;0;0;0.1;0.01;0;4.71347;1;0;-1
0;1020;-6.95533;20.8326;60.389;8.92528;2978.2;5.36664;0;0;0.1;0.01;0;4.61635;0;0;-1
0;1021;-8.83356;36.0092;63.5748;9.68264;3802.51;5.82203;0;0;0.1;0.01;0;7.04757;0;0;-1
0;1022;-6.47447;52.1423;61.0313;9.64341;3756.48;5.79844;0;0;0.1;0.01;0;7.58044;0;0;-1
0;1023;-7.43355;67.6678;60.8744;10.3052;4584.14;6.19637;0;0;0.1;0.01;0;4.93635;0;0;-1
0;1024;5.31844;-73.7717;61.9483;8.5;2572.44;5.11093;0;0;0.1;0.01;0;2.23727;1;0;-1
0;1025;6.87304;-57.408;62.3034;10.176;4413.87;6.11868;0;0;0.1;0.01;0;5.8165;0;0;-1
0;1026;7.74361;-39.3535;61.0382;8.5;2572.44;5.11093;0;0;0.1;0.01;0;4.55248;1;0;-1
0;1027;6.38388;-22.69;62.3469;9.92312;4092.92;5.96663;0;0;0.1;0.01;0;6.71247;0;0;-1
0;1028;9.17496;-6.37238;62.4704;10.2402;4497.94;6.15728;0;0;0.1;0.01;0;6.85764;0;0;-1
0;1029;8.77997;12.1993;62.2383;8.66534;2725.5;5.21034;0;0;0.1;0.01;0;4.78717;0;0;-1
0;1030;7.91864;26.3237;63.4145;8.5;2572.44;5.11093;0;0;0.1;0.01;0;5.49422;1;0;-1
0;1031;7.42402;42.0728;60.0809;10.2988;4575.6;6.19252;0;0;0.1;0.01;0;6.63337;0;0;-1
0;1032;6.63927;63.0859;63.2902;9.3194;3390.41;5.60362;0;0;0.1;0.01;0;4.62355;0;0;-1
0;1033;21.3039;-63.865;60.9619;8.5;2572.44;5.11093;0;0;0.1;0.01;0;3.70095;1;0;-1
0;1034;23.2544;-50.2955;61.9494;8.5;2572.44;5.11093;0;0;0.1;0.01;0;4.4336;1;0;-1
0;1035;20.9386;-32.362;61.0234;8.5;2572.44;5.11093;0;0;0.1;0.01;0;3.83278;1;0;-1
0;1036;24.2149;-12.6682;60.3681;8.5;2572.44;5.11093;0;0;0.1;0.01;0;5.40661;1;0;-1
0;1037;20.613;2.95215;61.7806;8.5;2572.44;5.11093;0;0;0.1;0.01;0;5.06517;1;0;-1
0;1038;23.0799;19.796;63.7311;10.3275;4613.96;6.20978;0;0;0.1;0.01;0;7.3409;0;0;-1
0;1039;21.9225;37.8459;63.1507;8.70203;2760.26;5.2324;0;0;0.1;0.01;0;5.68645;0;0;-1
0;1040;21.5749;53.1581;60.417;8.5;2572.44;5.11093;0;0;0.1;0.01;0;5.29598;1;0;-1
0;1041;22.1335;69.1083;61.3903;9.0674;3122.75;5.4521;0;0;0.1;0.01;0;3.39132;0;0;-1
0;1042;34.6689;-59.7318;63.5387;8.5;2572.44;5.11093;0;0;0.1;0.01;0;2.17203;1;0;-1
0;1043;36.1561;-39.3391;62.5721;9.23923;3303.66;5.55541;0;0;0.1;0.01;0;4.51183;0;0;-1
0;1044;38.1872;-22.8138;61.8926;8.81792;2872.02;5.30209;0;0;0.1;0.01;0;4.89431;0;0;-1
0;1045;35.7969;-5.05863;62.6076;8.95321;3006.25;5.38344;0;0;0.1;0.01;0;4.80291;0;0;-1
0;1046;38.271;12.2864;61.3809;9.45337;3538.74;5.68417;0;0;0.1;0.01;0;5.64748;0;0;-1
0;1047;37.9522;26.2084;60.2475;8.5;2572.44;5.11093;0;0;0.1;0.01;0;6.73205;1;0;-1
0;1048;35.5235;43.3595;63.5192;9.23679;3301.05;5.55395;0;0;0.1;0.01;0;5.62974;0;0;-1
0;1049;38.6652;60.4711;63.3816;9.72555;3853.28;5.84783;0;0;0.1;0.01;0;3.94751;0;0;-1
0;1050;53.4584;-48.7313;61.7465;9.52246;3616.9;5.72572;0;0;0.1;0.01;0;3.22281;0;0;-1
0;1051;50.3675;-33.3911;60.8832;8.5;2572.44;5.11093;0;0;0.1;0.01;0;4.87535;1;0;-1
0;1052;51.0253;-15.2794;62.1422;9.58171;3684.83;5.76134;0;0;0.1;0.01;0;5.69772;0;0;-1
0;1053;50.036;0.794206;62.6938;8.5;2572.44;5.11093;0;0;0.1;0.01;0;4.12973;1;0;-1
0;1054;50.5539;20.6972;60.9271;8.5;2572.44;5.11093;0;0;0.1;0.01;0;5.72356;1;0;-1
0;1055;50.873;34.8045;61.8165;9.8158;3961.56;5.9021;0;0;0.1;0.01;0;6.01804;0;0;-1
0;1056;53.6967;53.0089;62.7371;10.1404;4367.71;6.09728;0;0;0.1;0.01;0;3.14233;0;0;-1
0;1057;67.0779;-40.8598;60.893;10.4293;4751.76;6.27099;0;0;0.1;0.01;0;2.85259;0;0;-1
0;1058;64.4526;-21.5167;62.1455;8.5;2572.44;5.11093;0;0;0.1;0.01;0;2.95821;1;0;-1
0;1059;64.4406;-5.43696;61.8717;8.5;2572.44;5.11093;0;0;0.1;0.01;0;4.08113;1;0;-1
0;1060;66.7705;9.19543;60.6563;9.7064;3830.57;5.83632;0;0;0.1;0.01;0;3.28721;0;0;-1
0;1061;65.1745;25.0292;60.1652;8.80062;2855.15;5.29169;0;0;0.1;0.01;0;2.81937;0;0;-1
0;1062;-54.4205;-23.7675;75.9808;9.34551;3418.99;5.61932;0;0;0.1;0.01;0;3.60447;0;0;-1
0;1063;-56.509;-4.70256;78.7105;8.5;2572.44;5.11093;0;0;0.1;0.01;0;1.66178;1;0;-1
0;1064;-54.9423;10.682;76.2477;9.32397;3395.4;5.60637;0;0;0.1;0.01;0;3.90537;0;0;-1
0;1065;-56.4431;29.7252;75.0166;10.447;4775.99;6.28163;0;0;0.1;0.01;0;3.23521;0;0;-1
0;1066;-40.0288;-48.9613;77.0277;8.5;2572.44;5.11093;0;0;0.1;0.01;0;2.24567;1;0;-1
0;1067;-42.2529;-30.7963;77.7932;8.79456;2849.25;5.28804;0;0;0.1;0.01;0;4.74878;0;0;-1
0;1068;-40.3975;-15.927;75.0988;9.98709;4172.59;6.00509;0;0;0.1;0.01;0;6.54453;0;0;-1
0;1069;-40.453;2.87215;77.9498;9.51488;3608.27;5.72116;0;0;0.1;0.01;0;5.7309;0;0;-1
0;1070;-41.6337;17.7793;74.648;8.54694;2615.29;5.13915;0;0;0.1;0.01;0;5.55084;0;0;-1
0;1071;-39.3226;33.681;76.4752;9.87209;4030.1;5.93594;0;0;0.1;0.01;0;4.14428;0;0;-1
0;1072;-24.3916;-55.1605;76.9426;9.73996;3870.44;5.8565;0;0;0.1;0.01;0;3.46777;0;0;-1
0;1073;-26.2702;-40.8477;74.9474;9.02504;3079.19;5.42663;0;0;0.1;0.01;0;5.5051;0;0;-1
0;1074;-27.4679;-23.1585;76.5354;10.0637;4269.35;6.05116;0;0;0.1;0.01;0;7.01327;0;0;-1
0;1075;-27.2498;-4.51723;77.9033;9.34698;3420.6;5.6202;0;0;0.1;0.01;0;6.55037;0;0;-1
0;1076;-24.9781;12.2907;77.046;9.04555;3100.23;5.43896;0;0;0.1;0.01;0;5.77582;0;0;-1
0;1077;-25.7875;26.5332;77.2983;9.31413;3384.66;5.60045;0;0;0.1;0.01;0;5.89716;0;0;-1
0;1078;-25.3403;43.7269;77.7678;9.28589;3353.97;5.58347;0;0;0.1;0.01;0;3.80687;0;0;-1
0;1079;-10.0681;-47.8115;76.4035;8.80812;2862.45;5.29619;0;0;0.1;0.01;0;4.92306;0;0;-1
0;1080;-12.451;-31.1419;76.4171;10.2266;4480.05;6.14911;0;0;0.1;0.01;0;7.47954;0;0;-1
0;1081;-12.8047;-16.1719;74.6133;9.40462;3484.27;5.65486;0;0;0.1;0.01;0;7.35139;0;0;-1
0;1082;-13.5688;0.326917;78.4987;10.2202;4471.64;6.14526;0;0;0.1;0.01;0;6.59505;0;0;-1
0;1083;-11.482;20.5755;78.3243;8.95194;3004.97;5.38267;0;0;0.1;0.01;0;5.81141;0;0;-1
0;1084;-10.8848;36.5078;76.7795;10.0821;4292.81;6.06222;0;0;0.1;0.01;0;7.27632;0;0;-1
0;1085;-11.9888;51.5974;76.3143;9.93362;4105.93;5.97294;0;0;0.1;0.01;0;4.78152;0;0;-1
0;1086;3.54554;-58.849;76.6016;10.3992;4710.73;6.25289;0;0;0.1;0.01;0;3.37123;0;0;-1
0;1087;1.37544;-42.2277;78.4817;8.5;2572.44;5.11093;0;0;0.1;0.01;0;4.9777;1;0;-1
0;1088;4.76702;-23.2451;76.3321;10.0445;4244.96;6.03961;0;0;0.1;0.01;0;6.80849;0;0;-1
0;1089;1.30152;-7.59432;78.2438;9.92445;4094.57;5.96743;0;0;0.1;0.01;0;6.2684;0;0;-1
0;1090;3.27347;11.4152;77.6402;8.90179;2954.75;5.35252;0;0;0.1;0.01;0;4.54035;0;0;-1
0;1091;1.50487;27.3597;77.7758;9.65841;3774.03;5.80746;0;0;0.1;0.01;0;7.2393;0;0;-1
0;1092;2.54246;42.4934;76.4685;10.3015;4579.2;6.19414;0;0;0.1;0.01;0;6.33636;0;0;-1
0;1093;4.04558;61.3705;76.5665;9.70352;3827.16;5.83459;0;0;0.1;0.01;0;3.29149;0;0;-1
0;1094;16.4724;-49.6012;74.9895;8.82222;2876.22;5.30467;0;0;0.1;0.01;0;3.51515;0;0;-1
0;1095;17.4685;-30.7381;77.8468;9.94785;4123.6;5.9815;0;0;0.1;0.01;0;6.04358;0;0;-1
0;1096;18.4995;-13.1227;74.6077;9.11763;3174.93;5.4823;0;0;0.1;0.01;0;6.1422;0;0;-1
0;1097;16.7243;3.33996;76.302;8.78297;2838;5.28107;0;0;0.1;0.01;0;5.25287;0;0;-1
0;1098;18.4115;20.1257;76.7586;8.5;2572.44;5.11093;0;0;0.1;0.01;0;5.81132;1;0;-1
0;1099;18.6035;33.9786;76.012;10.0972;4312.13;6.0713;0;0;0.1;0.01;0;7.3076;0;0;-1
0;1100;18.5685;54.4295;76.1442;9.59276;3697.6;5.76799;0;0;0.1;0.01;0;3.60077;0;0;-1
0;1101;32.5514;-40.2003;76.4257;10.1849;4425.47;6.12403;0;0;0.1;0.01;0;3.8122;0;0;-1
0;1102;31.2463;-22.9456;78.5532;10.1291;4353.13;6.09048;0;0;0.1;0.01;0;5.58357;0;0;-1
0;1103;31.1796;-5.98836;77.3415;8.5572;2624.72;5.14532;0;0;0.1;0.01;0;5.201;0;0;-1
0;1104;32.371;11.7408;76.17;9.07028;3125.72;5.45383;0;0;0.1;0.01;0;4.46325;0;0;-1
0;1105;34.5177;28.4116;76.648;10.3011;4578.67;6.1939;0;0;0.1;0.01;0;5.87363;0;0;-1
0;1106;30.9533;46.4952;78.158;10.3268;4613.03;6.20935;0;0;0.1;0.01;0;4.16885;0;0;-1
0;1107;49.0853;-30.3966;78.6662;9.26179;3327.92;5.56898;0;0;0.1;0.01;0;1.68982;0;0;-1
0;1108;45.4431;-13.8844;75.309;8.5304;2600.14;5.12921;0;0;0.1;0.01;0;4.76166;0;0;-1
0;1109;47.4483;0.398611;77.9796;8.55106;2619.08;5.14163;0;0;0.1;0.01;0;3.45212;0;0;-1
0;1110;48.3217;20.0369;74.9227;9.58572;3689.46;5.76375;0;0;0.1;0.01;0;3.86861;0;0;-1
0;1111;49.0128;36.2403;77.4611;8.5;2572.44;5.11093;0;0;0.1;0.01;0;2.34147;1;0;-1
0;1112;60.4394;-6.10385;78.4457;8.5;2572.44;5.11093;0;0;0.1;0.01;0;1.59441;1;0;-1
0;1113;-36.2703;-15.7298;89.6412;9.8315;3980.59;5.91154;0;0;0.1;0.01;0;4.24649;0;0;-1
0;1114;-36.4109;1.5671;91.2374;8.5;2572.44;5.11093;0;0;0.1;0.01;0;3.92347;1;0;-1
0;1115;-38.4451;16.9498;89.8821;10.0141;4206.53;6.02133;0;0;0.1;0.01;0;3.77255;0;0;-1
0;1116;-21.1035;-24.4689;90.0478;10.4526;4783.67;6.285;0;0;0.1;0.01;0;4.94978;0;0;-1
0;1117;-23.4157;-6.36246;93.0774;10.0382;4236.98;6.03582;0;0;0.1;0.01;0;4.5406;0;0;-1
0;1118;-22.7373;11.689;89.7608;8.5;2572.44;5.11093;0;0;0.1;0.01;0;4.5672;1;0;-1
0;1119;-21.6271;27.6345;93.3749;10.1704;4406.59;6.11531;0;0;0.1;0.01;0;3.63866;0;0;-1
0;1120;-7.47882;-31.4727;90.7911;9.99572;4183.41;6.01028;0;0;0.1;0.01;0;4.74619;0;0;-1
0;1121;-8.53445;-14.0105;89.4467;9.49792;3589.01;5.71096;0;0;0.1;0.01;0;6.43195;0;0;-1
0;1122;-6.51303;1.1832;92.6614;9.92513;4095.41;5.96784;0;0;0.1;0.01;0;5.31237;0;0;-1
0;1123;-5.80724;19.1332;93.3207;10.3778;4681.71;6.24002;0;0;0.1;0.01;0;5.37831;0;0;-1
0;1124;-7.61258;35.0367;92.3567;8.5;2572.44;5.11093;0;0;0.1;0.01;0;3.71152;1;0;-1
0;1125;5.42099;-38.5697;92.1448;8.64182;2703.36;5.1962;0;0;0.1;0.01;0;2.77277;0;0;-1
0;1126;6.63499;-23.3683;92.1171;9.97299;4154.94;5.99661;0;0;0.1;0.01;0;4.8596;0;0;-1
0;1127;7.32843;-5.03961;91.6085;9.76217;3896.98;5.86985;0;0;0.1;0.01;0;4.36996;0;0;-1
0;1128;6.66668;10.8046;91.2145;9.29955;3368.79;5.59168;0;0;0.1;0.01;0;4.12355;0;0;-1
0;1129;6.09706;28.7519;90.0539;9.47028;3557.76;5.69434;0;0;0.1;0.01;0;5.33615;0;0;-1
0;1130;23.7597;-31.9729;89.8588;8.5;2572.44;5.11093;0;0;0.1;0.01;0;2.94857;1;0;-1
0;1131;20.7068;-13.4751;89.3569;8.96289;3016.01;5.38926;0;0;0.1;0.01;0;4.82221;0;0;-1
0;1132;22.7966;0.118748;90.1646;8.56343;2630.46;5.14907;0;0;0.1;0.01;0;3.46793;0;0;-1
0;1133;20.0078;20.8224;90.9602;8.88242;2935.5;5.34087;0;0;0.1;0.01;0;3.25419;0;0;-1
0;1134;20.8896;36.7135;90.349;8.61361;2676.97;5.17924;0;0;0.1;0.01;0;2.71972;0;0;-1
0;1135;37.3245;-7.80691;89.7351;9.767;3902.76;5.87276;0;0;0.1;0.01;0;3.63534;0;0;-1
0;1136;35.4299;9.72629;91.1684;8.5238;2594.11;5.12524;0;0;0.1;0.01;0;1.96106;0;0;-1
