Time;ID;x;y;z;radius;volume_total;radius_nuclear;contact_ECM;freezer;polarized_fraction;motility;cell_line;Cell_cell;phase;Cycle;NFkB
0;0;-51.3204;-4.61384;-83.4245;8.5;2572.44;5.11093;0;0;0.1;0.01;0;2.64412;1;0;-1
0;1;-37.4334;-33.3446;-84.6895;9.8791;4038.69;5.94016;0;0;0.1;0.01;0;2.67448;0;0;-1
0;2;-37.6562;-13.828;-86.4849;8.5;2572.44;5.11093;0;0;0.1;0.01;0;2.65182;1;0;-1
0;3;-38.5118;0.467996;-85.5904;8.93259;2985.53;5.37104;0;0;0.1;0.01;0;2.49587;0;0;-1
0;4;-35.4911;20.6099;-84.3376;10.0373;4235.84;6.03528;0;0;0.1;0.01;0;3.0532;0;0;-1
0;5;-21.8;-40.6274;-87.2606;9.31441;3384.97;5.60062;0;0;0.1;0.01;0;2.80843;0;0;-1
0;6;-20.5438;-22.3997;-85.9319;8.72424;2781.45;5.24576;0;0;0.1;0.01;0;4.23995;0;0;-1
0;7;-21.0307;-8.41959;-84.5107;8.68751;2746.47;5.22367;0;0;0.1;0.01;0;4.10727;0;0;-1
0;8;-20.3057;10.7194;-85.9753;8.9461;2999.09;5.37916;0;0;0.1;0.01;0;3.39414;0;0;-1
0;9;-22.2955;28.7597;-84.0079;9.1147;3171.87;5.48054;0;0;0.1;0.01;0;3.81415;0;0;-1
0;10;-8.84453;-49.3333;-83.4161;10.3831;4688.89;6.24321;0;0;0.1;0.01;0;3.61031;0;0;-1
0;11;-7.09637;-30.7534;-87.1632;9.25676;3322.5;5.56596;0;0;0.1;0.01;0;4.75401;0;0;-1
0;12;-6.80799;-16.6151;-86.251;8.92614;2979.06;5.36716;0;0;0.1;0.01;0;5.07694;0;0;-1
0;13;-6.59448;0.141374;-85.5161;10.1914;4433.94;6.12794;0;0;0.1;0.01;0;5.01922;0;0;-1
0;14;-7.56595;20.0317;-83.7623;10.1998;4444.92;6.13299;0;0;0.1;0.01;0;5.00664;0;0;-1
0;15;-7.67863;38.2932;-83.9347;9.71243;3837.71;5.83994;0;0;0.1;0.01;0;3.32029;0;0;-1
0;16;7.447;-40.8713;-85.9526;10.0896;4302.4;6.06673;0;0;0.1;0.01;0;4.84846;0;0;-1
0;17;6.40402;-24.2336;-83.4906;10.0954;4309.82;6.07022;0;0;0.1;0.01;0;6.03657;0;0;-1
0;18;8.72797;-6.01884;-85.832;8.76963;2825.09;5.27305;0;0;0.1;0.01;0;3.89473;0;0;-1
0;19;6.47906;10.9369;-86.763;8.73724;2793.9;5.25358;0;0;0.1;0.01;0;2.66692;0;0;-1
0;20;7.7549;27.7538;-87.3928;8.84193;2895.54;5.31652;0;0;0.1;0.01;0;3.18271;0;0;-1
0;21;8.87855;45.3813;-83.5793;10.2972;4573.47;6.19156;0;0;0.1;0.01;0;3.8016;0;0;-1
0;22;20.2429;-49.154;-84.4999;9.44966;3534.57;5.68194;0;0;0.1;0.01;0;3.23435;0;0;-1
0;23;23.3368;-34.0332;-86.6633;10.0918;4305.21;6.06805;0;0;0.1;0.01;0;5.1238;0;0;-1
0;24;20.6093;-15.7255;-84.9692;8.5;2572.44;5.11093;0;0;0.1;0.01;0;3.2812;1;0;-1
0;25;22.4758;3.45202;-86.8669;8.58914;2654.22;5.16453;0;0;0.1;0.01;0;3.5908;0;0;-1
0;26;23.6318;20.3902;-84.4827;8.88816;2941.2;5.34432;0;0;0.1;0.01;0;4.47794;0;0;-1
0;27;23.5486;37.7409;-84.8625;9.8457;3997.87;5.92008;0;0;0.1;0.01;0;3.69404;0;0;-1
0;28;36.3529;-40.1931;-83.6459;9.99562;4183.29;6.01022;0;0;0.1;0.01;0;3.7688;0;0;-1
0;29;35.4684;-25.5465;-86.1249;8.5;2572.44;5.11093;0;0;0.1;0.01;0;3.01562;1;0;-1
0;30;37.2075;-5.5976;-85.2989;10.2046;4451.19;6.13588;0;0;0.1;0.01;0;2.5294;0;0;-1
0;31;36.561;10.8583;-83.9706;10.2277;4481.49;6.14977;0;0;0.1;0.01;0;3.93828;0;0;-1
0;32;37.5878;26.9798;-83.9295;10.0868;4298.82;6.06505;0;0;0.1;0.01;0;4.35796;0;0;-1
0;33;-70.5252;-14.7642;-69.3727;9.3986;3477.59;5.65124;0;0;0.1;0.01;0;2.2804;0;0;-1
0;34;-57.8106;-39.4484;-71.3457;9.97762;4160.73;5.9994;0;0;0.1;0.01;0;3.10602;0;0;-1
0;35;-56.6661;-25.1895;-72.4896;9.30194;3371.39;5.59312;0;0;0.1;0.01;0;3.99661;0;0;-1
0;36;-54.7583;-8.89881;-70.8529;8.5;2572.44;5.11093;0;0;0.1;0.01;0;4.50412;1;0;-1
0;37;-56.2941;9.85577;-69.7954;10.3383;4628.45;6.21627;0;0;0.1;0.01;0;3.50653;0;0;-1
0;38;-57.7852;28.4767;-71.5043;8.5;2572.44;5.11093;0;0;0.1;0.01;0;2.15831;1;0;-1
0;39;-54.6543;46.9038;-68.5805;9.52835;3623.61;5.72926;0;0;0.1;0.01;0;3.24069;0;0;-1
0;40;-41.5498;-51.3125;-72.6761;9.08313;3139.03;5.46155;0;0;0.1;0.01;0;2.11158;0;0;-1
0;41;-41.3963;-30.4528;-70.9888;9.44447;3528.75;5.67882;0;0;0.1;0.01;0;5.73761;0;0;-1
0;42;-42.232;-16.626;-69.668;10.4347;4759.14;6.27423;0;0;0.1;0.01;0;6.85673;0;0;-1
0;43;-39.4128;1.73209;-69.0989;8.5;2572.44;5.11093;0;0;0.1;0.01;0;4.22084;1;0;-1
0;44;-42.3782;16.7574;-69.0628;8.5;2572.44;5.11093;0;0;0.1;0.01;0;4.68365;1;0;-1
0;45;-42.4217;34.2499;-69.8597;9.48534;3574.76;5.7034;0;0;0.1;0.01;0;5.21476;0;0;-1
0;46;-41.2126;53.463;-69.4151;8.5;2572.44;5.11093;0;0;0.1;0.01;0;3.80376;1;0;-1
0;47;-26.5807;-57.1926;-70.3611;8.69547;2754.02;5.22846;0;0;0.1;0.01;0;4.02458;0;0;-1
0;48;-28.559;-42.5862;-68.491;10.4235;4743.83;6.2675;0;0;0.1;0.01;0;6.38839;0;0;-1
0;49;-26.249;-24.7379;-70.6805;8.78999;2844.81;5.28529;0;0;0.1;0.01;0;5.81367;0;0;-1
0;50;-24.7275;-8.81254;-71.8636;8.5;2572.44;5.11093;0;0;0.1;0.01;0;4.47444;1;0;-1
0;51;-26.8795;11.1045;-69.6533;9.33999;3412.93;5.616;0;0;0.1;0.01;0;5.34936;0;0;-1
0;52;-26.0045;26.9245;-69.2387;10.0291;4225.46;6.03035;0;0;0.1;0.01;0;6.5688;0;0;-1
0;53;-27.6173;43.7336;-70.6741;9.33376;3406.11;5.61225;0;0;0.1;0.01;0;4.59959;0;0;-1
0;54;-27.1622;62.1982;-69.8045;9.79464;3935.99;5.88937;0;0;0.1;0.01;0;3.73887;0;0;-1
0;55;-13.5722;-63.8513;-69.0165;9.87774;4037.02;5.93934;0;0;0.1;0.01;0;4.04069;0;0;-1
0;56;-13.8268;-48.1386;-68.3422;8.5;2572.44;5.11093;0;0;0.1;0.01;0;5.72224;1;0;-1
0;57;-11.3476;-31.192;-72.6131;8.91585;2968.77;5.36097;0;0;0.1;0.01;0;5.09894;0;0;-1
0;58;-12.698;-15.0506;-70.9665;9.29638;3365.35;5.58978;0;0;0.1;0.01;0;6.58806;0;0;-1
0;59;-9.95076;1.96565;-71.7764;9.45092;3535.99;5.6827;0;0;0.1;0.01;0;5.80855;0;0;-1
0;60;-11.6491;16.5862;-70.1512;8.82064;2874.68;5.30372;0;0;0.1;0.01;0;5.34635;0;0;-1
0;61;-11.8836;36.6269;-70.929;9.09843;3154.92;5.47075;0;0;0.1;0.01;0;4.65108;0;0;-1
0;62;-10.7523;55.0814;-70.3593;9.75011;3882.55;5.8626;0;0;0.1;0.01;0;3.31238;0;0;-1
0;63;2.17966;-56.243;-69.0676;9.01971;3073.73;5.42342;0;0;0.1;0.01;0;4.73652;0;0;-1
0;64;3.94247;-40.1474;-72.0509;8.76763;2823.16;5.27185;0;0;0.1;0.01;0;5.20003;0;0;-1
0;65;2.71667;-22.8981;-68.501;10.2393;4496.76;6.15674;0;0;0.1;0.01;0;7.06941;0;0;-1
0;66;4.34256;-7.9785;-72.0197;9.90275;4067.77;5.95438;0;0;0.1;0.01;0;6.59476;0;0;-1
0;67;2.35046;10.169;-69.2139;8.5;2572.44;5.11093;0;0;0.1;0.01;0;4.96661;1;0;-1
0;68;4.40057;26.7932;-69.6879;8.5;2572.44;5.11093;0;0;0.1;0.01;0;4.4918;1;0;-1
0;69;4.4391;45.7937;-70.5456;9.40266;3482.1;5.65368;0;0;0.1;0.01;0;6.07072;0;0;-1
0;70;3.50796;63.7154;-70.1518;9.87208;4030.09;5.93594;0;0;0.1;0.01;0;3.45273;0;0;-1
0;71;16.3316;-66.267;-69.8966;9.33398;3406.35;5.61239;0;0;0.1;0.01;0;2.89188;0;0;-1
0;72;15.9702;-47.1676;-70.9271;8.71329;2770.99;5.23917;0;0;0.1;0.01;0;4.75264;0;0;-1
0;73;19.2598;-30.2039;-70.8787;10.2304;4485.04;6.15139;0;0;0.1;0.01;0;6.88997;0;0;-1
0;74;16.407;-14.0922;-69.2231;8.5;2572.44;5.11093;0;0;0.1;0.01;0;6.69807;1;0;-1
0;75;16.9966;1.22399;-71.3289;9.24351;3308.26;5.55799;0;0;0.1;0.01;0;5.44055;0;0;-1
0;76;16.0043;18.2088;-69.2043;8.72477;2781.96;5.24608;0;0;0.1;0.01;0;4.98845;0;0;-1
0;77;17.3097;35.4446;-70.6366;9.03495;3089.34;5.43258;0;0;0.1;0.01;0;5.48943;0;0;-1
0;78;19.4571;55.0728;-70.2796;10.194;4437.34;6.1295;0;0;0.1;0.01;0;4.06605;0;0;-1
0;79;31.0808;-57.7948;-69.4672;8.5;2572.44;5.11093;0;0;0.1;0.01;0;3.35981;1;0;-1
0;80;31.764;-38.5294;-68.428;9.87873;4038.24;5.93994;0;0;0.1;0.01;0;6.27483;0;0;-1
0;81;32.0186;-21.8252;-69.6492;8.5;2572.44;5.11093;0;0;0.1;0.01;0;4.93276;1;0;-1
0;82;33.336;-6.34117;-68.8085;9.53103;3626.67;5.73087;0;0;0.1;0.01;0;5.57003;0;0;-1
0;83;30.5705;12.441;-71.2987;9.73152;3860.39;5.85142;0;0;0.1;0.01;0;6.45233;0;0;-1
0;84;33.6225;28.6044;-68.5238;10.0382;4236.98;6.03582;0;0;0.1;0.01;0;6.88851;0;0;-1
0;85;34.0084;43.7493;-71.9763;8.5;2572.44;5.11093;0;0;0.1;0.01;0;4.23469;1;0;-1
0;86;46.3677;-51.292;-68.9085;9.61922;3728.28;5.7839;0;0;0.1;0.01;0;2.75883;0;0;-1
0;87;45.9798;-30.4816;-71.9453;9.01313;3067.01;5.41946;0;0;0.1;0.01;0;4.33405;0;0;-1
0;88;47.5559;-13.4225;-71.9991;9.9526;4129.51;5.98435;0;0;0.1;0.01;0;4.86602;0;0;-1
0;89;45.3321;1.65199;-69.0534;8.5;2572.44;5.11093;0;0;0.1;0.01;0;5.7636;1;0;-1
0;90;47.3053;17.128;-68.9529;10.3912;4699.87;6.24808;0;0;0.1;0.01;0;6.38441;0;0;-1
0;91;48.97;36.8803;-71.9507;10.2103;4458.66;6.13931;0;0;0.1;0.01;0;3.53541;0;0;-1
0;92;46.704;54.1118;-68.9997;8.5;2572.44;5.11093;0;0;0.1;0.01;0;2.5376;1;0;-1
0;93;60.0235;-25.6708;-72.0481;10.0688;4275.84;6.05422;0;0;0.1;0.01;0;2.75225;0;0;-1
0;94;62.5636;-5.60875;-71.925;8.73835;2794.97;5.25424;0;0;0.1;0.01;0;2.33482;0;0;-1
0;95;61.3296;9.8746;-68.8439;9.81409;3959.49;5.90107;0;0;0.1;0.01;0;3.63374;0;0;-1
0;96;-80.3943;-8.31371;-55.4092;9.69228;3813.88;5.82783;0;0;0.1;0.01;0;2.96219;0;0;-1
0;97;-80.1247;12.4603;-54.3335;8.7296;2786.58;5.24898;0;0;0.1;0.01;0;2.6139;0;0;-1
0;98;-65.7591;-48.4229;-54.2739;10.1245;4347.2;6.08771;0;0;0.1;0.01;0;4.67945;0;0;-1
0;99;-67.7027;-33.8767;-55.4078;8.95215;3005.18;5.3828;0;0;0.1;0.01;0;3.30421;0;0;-1
0;100;-65.5519;-12.6514;-56.3773;8.50736;2579.13;5.11535;0;0;0.1;0.01;0;4.00135;0;0;-1
0;101;-64.6;1.73493;-53.9686;9.72048;3847.26;5.84478;0;0;0.1;0.01;0;5.33343;0;0;-1
0;102;-68.0132;19.6451;-57.7828;8.68328;2742.46;5.22113;0;0;0.1;0.01;0;3.53322;0;0;-1
0;103;-66.4426;35.4411;-55.552;8.5;2572.44;5.11093;0;0;0.1;0.01;0;3.49152;1;0;-1
0;104;-52.2511;-59.3466;-54.8741;9.7421;3872.99;5.85778;0;0;0.1;0.01;0;4.05834;0;0;-1
0;105;-52.9154;-42.3672;-57.5614;8.54632;2614.73;5.13878;0;0;0.1;0.01;0;4.59184;0;0;-1
0;106;-51.3193;-24.6938;-57.8018;8.5;2572.44;5.11093;0;0;0.1;0.01;0;4.57011;1;0;-1
0;107;-49.8595;-4.79435;-57.1176;9.83619;3986.29;5.91436;0;0;0.1;0.01;0;6.42258;0;0;-1
0;108;-51.7481;12.0411;-54.387;9.7551;3888.52;5.8656;0;0;0.1;0.01;0;7.05974;0;0;-1
0;109;-51.0331;27.8554;-57.8113;10.3779;4681.85;6.24008;0;0;0.1;0.01;0;6.92916;0;0;-1
0;110;-52.1425;44.8061;-54.0115;9.75705;3890.85;5.86677;0;0;0.1;0.01;0;6.1987;0;0;-1
0;111;-50.5753;59.7329;-54.4382;10.0947;4308.92;6.0698;0;0;0.1;0.01;0;5.15033;0;0;-1
0;112;-38.6624;-66.5813;-56.3477;9.78686;3926.62;5.8847;0;0;0.1;0.01;0;4.1012;0;0;-1
0;113;-38.368;-51.046;-54.566;9.22818;3291.83;5.54877;0;0;0.1;0.01;0;5.19024;0;0;-1
0;114;-36.5532;-31.2263;-56.2481;9.62245;3732.03;5.78584;0;0;0.1;0.01;0;6.18263;0;0;-1
0;115;-36.5271;-14.8569;-55.7954;10.2702;4537.59;6.17532;0;0;0.1;0.01;0;6.8182;0;0;-1
0;116;-37.7508;2.43397;-54.3734;8.98033;3033.65;5.39974;0;0;0.1;0.01;0;5.52391;0;0;-1
0;117;-36.0796;20.9952;-57.0194;10.2728;4541.04;6.17689;0;0;0.1;0.01;0;7.54027;0;0;-1
0;118;-35.2032;36.6505;-55.0673;8.75833;2814.18;5.26626;0;0;0.1;0.01;0;6.65481;0;0;-1
0;119;-36.9963;51.2778;-56.5091;10.0445;4244.96;6.03961;0;0;0.1;0.01;0;6.94509;0;0;-1
0;120;-35.9301;70.3118;-57.9309;10.4064;4720.52;6.25722;0;0;0.1;0.01;0;4.27262;0;0;-1
0;121;-23.9327;-76.0217;-57.3308;9.56038;3660.28;5.74852;0;0;0.1;0.01;0;3.14465;0;0;-1
0;122;-21.8294;-56.2149;-56.4065;9.42137;3502.92;5.66493;0;0;0.1;0.01;0;6.51173;0;0;-1
0;123;-21.0914;-40.4616;-54.8478;10.0066;4197.09;6.01682;0;0;0.1;0.01;0;6.98325;0;0;-1
0;124;-23.6238;-22.5387;-56.7447;9.91108;4078.04;5.95939;0;0;0.1;0.01;0;6.87729;0;0;-1
0;125;-21.5874;-7.1516;-56.337;8.98657;3039.98;5.40349;0;0;0.1;0.01;0;5.63131;0;0;-1
0;126;-22.4102;8.99861;-55.9835;9.44496;3529.3;5.67912;0;0;0.1;0.01;0;4.8011;0;0;-1
0;127;-21.4016;25.5987;-55.5856;8.61865;2681.68;5.18227;0;0;0.1;0.01;0;5.26529;0;0;-1
0;128;-21.7799;42.3097;-56.7;8.5;2572.44;5.11093;0;0;0.1;0.01;0;5.12186;1;0;-1
0;129;-22.1149;63.2046;-54.4577;10.3642;4663.33;6.23184;0;0;0.1;0.01;0;7.13734;0;0;-1
0;130;-22.0259;77.9781;-57.0143;9.14647;3205.16;5.49964;0;0;0.1;0.01;0;3.52591;0;0;-1
0;131;-9.2867;-80.785;-56.009;8.5;2572.44;5.11093;0;0;0.1;0.01;0;2.47026;1;0;-1
0;132;-5.76959;-65.6705;-55.7483;9.0412;3095.76;5.43634;0;0;0.1;0.01;0;4.74639;0;0;-1
0;133;-6.23445;-47.114;-55.1256;9.62786;3738.33;5.78909;0;0;0.1;0.01;0;5.88099;0;0;-1
0;134;-8.7711;-29.9204;-54.6125;9.80216;3945.06;5.8939;0;0;0.1;0.01;0;5.57514;0;0;-1
0;135;-8.94834;-14.1369;-55.4251;8.61231;2675.76;5.17846;0;0;0.1;0.01;0;5.83925;0;0;-1
0;136;-7.06809;0.370009;-56.7229;8.5;2572.44;5.11093;0;0;0.1;0.01;0;5.33882;1;0;-1
0;137;-5.92302;20.9956;-55.1509;10.3787;4682.93;6.24056;0;0;0.1;0.01;0;6.3334;0;0;-1
0;138;-8.24036;36.9529;-55.4871;10.3709;4672.38;6.23587;0;0;0.1;0.01;0;6.4128;0;0;-1
0;139;-5.82764;54.9397;-55.108;10.4463;4775.03;6.28121;0;0;0.1;0.01;0;6.18333;0;0;-1
0;140;-8.71725;70.3259;-55.1328;8.9171;2970.02;5.36172;0;0;0.1;0.01;0;3.30174;0;0;-1
0;141;8.98367;-74.3234;-56.9024;8.95921;3012.3;5.38704;0;0;0.1;0.01;0;3.46642;0;0;-1
0;142;6.8609;-58.0818;-56.212;9.9375;4110.74;5.97527;0;0;0.1;0.01;0;6.12515;0;0;-1
0;143;7.34291;-41.7031;-54.9267;8.5;2572.44;5.11093;0;0;0.1;0.01;0;4.37991;1;0;-1
0;144;9.40267;-22.7176;-56.5993;9.348;3421.72;5.62082;0;0;0.1;0.01;0;6.49538;0;0;-1
0;145;6.03222;-8.01686;-56.8621;9.37777;3454.52;5.63872;0;0;0.1;0.01;0;6.47308;0;0;-1
0;146;5.61039;9.72192;-55.2409;8.95394;3006.98;5.38387;0;0;0.1;0.01;0;4.27955;0;0;-1
0;147;8.44503;27.7503;-53.9547;10.1128;4332.14;6.08068;0;0;0.1;0.01;0;6.67723;0;0;-1
0;148;8.53614;44.9754;-55.974;10.2821;4553.38;6.18248;0;0;0.1;0.01;0;7.63895;0;0;-1
0;149;8.84109;59.8443;-57.7139;8.76315;2818.83;5.26915;0;0;0.1;0.01;0;5.80953;0;0;-1
0;150;8.56775;79.8419;-54.3406;9.33081;3402.88;5.61048;0;0;0.1;0.01;0;2.80719;0;0;-1
0;151;22.2793;-64.2611;-56.6582;9.79249;3933.4;5.88808;0;0;0.1;0.01;0;4.96801;0;0;-1
0;152;24.1787;-49.9847;-53.7208;8.97699;3030.27;5.39773;0;0;0.1;0.01;0;5.40022;0;0;-1
0;153;20.2913;-32.618;-55.2886;9.10775;3164.62;5.47636;0;0;0.1;0.01;0;5.15307;0;0;-1
0;154;20.5197;-12.7113;-57.3663;9.31056;3380.77;5.5983;0;0;0.1;0.01;0;6.00856;0;0;-1
0;155;23.6271;1.41918;-56.4437;9.29185;3360.43;5.58705;0;0;0.1;0.01;0;5.68016;0;0;-1
0;156;23.7522;20.6601;-55.7365;10.1452;4373.92;6.10016;0;0;0.1;0.01;0;6.42651;0;0;-1
0;157;22.6883;38.2413;-56.207;10.0929;4306.62;6.06871;0;0;0.1;0.01;0;7.04153;0;0;-1
0;158;22.9267;54.3772;-53.9769;10.4336;4757.64;6.27357;0;0;0.1;0.01;0;7.09836;0;0;-1
0;159;22.0539;70.5646;-57.689;9.08793;3144.01;5.46444;0;0;0.1;0.01;0;2.46998;0;0;-1
0;160;38.5705;-56.0278;-56.4212;9.06067;3115.8;5.44805;0;0;0.1;0.01;0;4.55471;0;0;-1
0;161;34.9364;-38.3582;-54.7223;8.60039;2664.67;5.17129;0;0;0.1;0.01;0;5.3249;0;0;-1
0;162;38.5215;-25.1019;-56.4538;9.04343;3098.05;5.43768;0;0;0.1;0.01;0;5.60391;0;0;-1
0;163;37.207;-5.69093;-54.8363;8.57831;2644.2;5.15801;0;0;0.1;0.01;0;5.96561;0;0;-1
0;164;38.4635;8.3319;-55.4105;9.23354;3297.56;5.55199;0;0;0.1;0.01;0;6.96436;0;0;-1
0;165;38.8683;25.435;-54.6048;9.85015;4003.29;5.92275;0;0;0.1;0.01;0;6.32691;0;0;-1
0;166;36.7813;46.1484;-56.6487;9.17439;3234.6;5.51643;0;0;0.1;0.01;0;5.85627;0;0;-1
0;167;36.3696;60.7298;-54.1143;8.5;2572.44;5.11093;0;0;0.1;0.01;0;4.54236;1;0;-1
0;168;52.883;-50.9583;-56.0585;8.97539;3028.65;5.39677;0;0;0.1;0.01;0;3.28779;0;0;-1
0;169;52.0661;-31.0898;-54.1336;9.95776;4135.93;5.98746;0;0;0.1;0.01;0;5.73159;0;0;-1
0;170;52.9118;-15.0622;-54.3839;8.5;2572.44;5.11093;0;0;0.1;0.01;0;5.22865;1;0;-1
0;171;52.2504;0.0407055;-54.3885;9.99184;4178.54;6.00795;0;0;0.1;0.01;0;7.51545;0;0;-1
0;172;51.1925;18.09;-56.041;9.0008;3054.44;5.41205;0;0;0.1;0.01;0;6.79148;0;0;-1
0;173;52.9412;34.0753;-55.7686;9.24176;3306.38;5.55694;0;0;0.1;0.01;0;5.31254;0;0;-1
0;174;52.6966;55.2576;-56.5082;10.1122;4331.37;6.08032;0;0;0.1;0.01;0;4.26977;0;0;-1
0;175;64.6167;-40.8714;-56.6781;9.03274;3087.07;5.43126;0;0;0.1;0.01;0;2.99387;0;0;-1
0;176;67.2826;-25.0814;-56.1074;9.38578;3463.38;5.64353;0;0;0.1;0.01;0;4.42132;0;0;-1
0;177;67.7706;-4.497;-55.1308;8.5;2572.44;5.11093;0;0;0.1;0.01;0;5.13853;1;0;-1
0;178;65.8303;11.9949;-53.8064;9.54477;3642.38;5.73913;0;0;0.1;0.01;0;5.87343;0;0;-1
0;179;66.0085;26.6459;-55.2868;8.5;2572.44;5.11093;0;0;0.1;0.01;0;3.88793;1;0;-1
0;180;64.7649;46.0642;-54.3219;9.81335;3958.59;5.90062;0;0;0.1;0.01;0;3.39672;0;0;-1
0;181;79.7172;-16.8497;-56.7611;10.1836;4423.77;6.12325;0;0;0.1;0.01;0;2.82618;0;0;-1
0;182;82.2218;1.11738;-54.4689;8.92226;2975.18;5.36483;0;0;0.1;0.01;0;2.82716;0;0;-1
0;183;-87.5126;-21.6634;-40.6273;9.37018;3446.14;5.63415;0;0;0.1;0.01;0;3.14615;0;0;-1
0;184;-84.1192;-8.17362;-40.1226;10.0307;4227.49;6.03131;0;0;0.1;0.01;0;5.21906;0;0;-1
0;185;-86.3091;12.3522;-39.6306;9.63572;3747.5;5.79382;0;0;0.1;0.01;0;4.43927;0;0;-1
0;186;-86.6564;29.3383;-39.2298;9.84885;4001.71;5.92197;0;0;0.1;0.01;0;3.00423;0;0;-1
0;187;-70.1825;-48.0408;-39.638;8.5;2572.44;5.11093;0;0;0.1;0.01;0;4.05768;1;0;-1
0;188;-72.1197;-33.9464;-41.5624;10.2288;4482.94;6.15043;0;0;0.1;0.01;0;5.02642;0;0;-1
0;189;-71.5926;-14.5673;-41.6286;8.5;2572.44;5.11093;0;0;0.1;0.01;0;5.38682;1;0;-1
0;190;-72.6781;3.61636;-40.9303;10.2704;4537.86;6.17544;0;0;0.1;0.01;0;7.38627;0;0;-1
0;191;-70.5079;19.0727;-42.0673;9.73679;3866.66;5.85459;0;0;0.1;0.01;0;6.24154;0;0;-1
0;192;-69.9881;37.0788;-42.9205;9.92192;4091.44;5.96591;0;0;0.1;0.01;0;5.6838;0;0;-1
0;193;-72.6582;51.3902;-41.1017;9.59208;3696.81;5.76758;0;0;0.1;0.01;0;3.09388;0;0;-1
0;194;-56.9532;-59.2052;-39.9299;10.3288;4615.71;6.21056;0;0;0.1;0.01;0;5.24996;0;0;-1
0;195;-56.726;-39.4605;-41.8754;9.50868;3601.22;5.71743;0;0;0.1;0.01;0;6.64077;0;0;-1
0;196;-54.1638;-24.6425;-40.9074;9.31218;3382.54;5.59928;0;0;0.1;0.01;0;5.42208;0;0;-1
0;197;-57.4641;-7.32752;-42.0157;10.0834;4294.47;6.063;0;0;0.1;0.01;0;6.99222;0;0;-1
0;198;-55.0646;9.53871;-39.8497;10.2811;4552.05;6.18188;0;0;0.1;0.01;0;6.71552;0;0;-1
0;199;-55.5436;25.8752;-41.5492;9.89022;4052.35;5.94685;0;0;0.1;0.01;0;6.11508;0;0;-1
0;200;-56.9707;42.6503;-40.1097;9.6706;3788.34;5.81479;0;0;0.1;0.01;0;6.52692;0;0;-1
0;201;-54.2537;60.4481;-39.5887;9.62047;3729.73;5.78465;0;0;0.1;0.01;0;5.24142;0;0;-1
0;202;-40.5206;-80.6263;-40.9821;8.5;2572.44;5.11093;0;0;0.1;0.01;0;2.97101;1;0;-1
0;203;-41.6814;-65.9027;-39.2273;9.46189;3548.32;5.6893;0;0;0.1;0.01;0;6.38211;0;0;-1
0;204;-43.0561;-47.5178;-41.7147;8.5;2572.44;5.11093;0;0;0.1;0.01;0;4.90075;1;0;-1
0;205;-42.5706;-31.6924;-42.206;8.64528;2706.61;5.19828;0;0;0.1;0.01;0;5.0951;0;0;-1
0;206;-40.251;-13.4531;-40.6535;9.60474;3711.47;5.77519;0;0;0.1;0.01;0;6.10456;0;0;-1
0;207;-42.0145;1.95241;-39.9906;9.25091;3316.21;5.56244;0;0;0.1;0.01;0;6.47674;0;0;-1
0;208;-41.7834;19.6599;-42.4173;8.59492;2659.59;5.168;0;0;0.1;0.01;0;5.91344;0;0;-1
0;209;-41.4515;34.4598;-41.4136;8.78789;2842.77;5.28403;0;0;0.1;0.01;0;5.64285;0;0;-1
0;210;-40.271;53.6167;-41.2203;9.53739;3633.94;5.73469;0;0;0.1;0.01;0;7.07324;0;0;-1
0;211;-40.8041;68.4797;-42.1354;10.3601;4657.8;6.22938;0;0;0.1;0.01;0;6.08215;0;0;-1
0;212;-27.6627;-72.9676;-42.879;9.39388;3472.35;5.6484;0;0;0.1;0.01;0;6.10618;0;0;-1
0;213;-28.1454;-57.7291;-40.4582;10.4418;4768.86;6.2785;0;0;0.1;0.01;0;7.09387;0;0;-1
0;214;-25.2962;-38.5065;-42.3686;9.23225;3296.18;5.55122;0;0;0.1;0.01;0;5.32831;0;0;-1
0;215;-25.0103;-22.3775;-39.8175;9.9908;4177.24;6.00732;0;0;0.1;0.01;0;6.39027;0;0;-1
0;216;-24.746;-5.1788;-40.6538;8.87426;2927.42;5.33596;0;0;0.1;0.01;0;5.61496;0;0;-1
0;217;-25.4525;9.75502;-41.042;8.5;2572.44;5.11093;0;0;0.1;0.01;0;4.04226;1;0;-1
0;218;-28.1765;27.016;-42.0135;9.3773;3454;5.63843;0;0;0.1;0.01;0;5.48985;0;0;-1
0;219;-27.2181;44.1239;-42.0995;9.59228;3697.04;5.7677;0;0;0.1;0.01;0;6.10592;0;0;-1
0;220;-27.5556;60.5314;-40.7614;9.41372;3494.4;5.66033;0;0;0.1;0.01;0;7.06751;0;0;-1
0;221;-25.0142;77.1731;-42.0768;9.57316;3674.98;5.7562;0;0;0.1;0.01;0;5.2442;0;0;-1
0;222;-12.9872;-83.1419;-42.1695;8.61093;2674.48;5.17763;0;0;0.1;0.01;0;4.03614;0;0;-1
0;223;-12.951;-67.6052;-39.7428;10.0617;4266.8;6.04995;0;0;0.1;0.01;0;6.69523;0;0;-1
0;224;-12.3935;-49.3796;-41.8384;9.18212;3242.78;5.52108;0;0;0.1;0.01;0;5.31904;0;0;-1
0;225;-9.78674;-33.3283;-39.8309;9.50911;3601.71;5.71769;0;0;0.1;0.01;0;6.11869;0;0;-1
0;226;-13.0747;-15.5122;-40.7605;8.69144;2750.2;5.22604;0;0;0.1;0.01;0;6.3726;0;0;-1
0;227;-11.062;0.260713;-41.4516;8.66025;2720.7;5.20728;0;0;0.1;0.01;0;5.45299;0;0;-1
0;228;-12.5389;20.0312;-39.3423;9.95302;4130.03;5.98461;0;0;0.1;0.01;0;6.16004;0;0;-1
0;229;-9.9597;34.3117;-39.766;8.5;2572.44;5.11093;0;0;0.1;0.01;0;6.08766;1;0;-1
0;230;-11.5619;52.9629;-39.3577;10.1789;4417.65;6.12042;0;0;0.1;0.01;0;6.47217;0;0;-1
0;231;-11.099;70.7589;-40.0394;9.43087;3513.53;5.67065;0;0;0.1;0.01;0;5.57633;0;0;-1
0;232;-9.79009;87.1046;-39.9606;8.5;2572.44;5.11093;0;0;0.1;0.01;0;2.38889;1;0;-1
0;233;2.81917;-89.544;-42.0541;9.11671;3173.97;5.48175;0;0;0.1;0.01;0;2.88099;0;0;-1
0;234;4.67887;-74.931;-41.165;8.55271;2620.59;5.14262;0;0;0.1;0.01;0;5.17657;0;0;-1
0;235;2.01168;-59.7582;-39.3801;9.47364;3561.55;5.69636;0;0;0.1;0.01;0;5.41973;0;0;-1
0;236;3.63019;-40.764;-39.8014;8.5;2572.44;5.11093;0;0;0.1;0.01;0;4.85061;1;0;-1
0;237;4.67612;-25.2833;-39.5132;9.5216;3615.92;5.7252;0;0;0.1;0.01;0;6.13847;0;0;-1
0;238;1.23414;-8.08127;-42.429;10.2613;4525.8;6.16997;0;0;0.1;0.01;0;6.26633;0;0;-1
0;239;3.21646;10.4457;-41.007;8.61838;2681.42;5.18211;0;0;0.1;0.01;0;4.36938;0;0;-1
0;240;4.07383;27.1864;-39.4821;8.90471;2957.66;5.35427;0;0;0.1;0.01;0;6.72698;0;0;-1
0;241;1.22604;43.03;-40.2752;10.0973;4312.25;6.07136;0;0;0.1;0.01;0;7.9773;0;0;-1
0;242;1.5193;60.6233;-40.9733;8.5;2572.44;5.11093;0;0;0.1;0.01;0;5.36296;1;0;-1
0;243;3.95172;76.3832;-41.072;9.14274;3201.24;5.4974;0;0;0.1;0.01;0;5.26491;0;0;-1
0;244;17.6722;-82.3275;-42.0934;8.5;2572.44;5.11093;0;0;0.1;0.01;0;3.29459;1;0;-1
0;245;18.2119;-65.4535;-39.29;10.2625;4527.39;6.17069;0;0;0.1;0.01;0;5.88479;0;0;-1
0;246;17.9199;-46.4607;-40.8025;8.89095;2943.97;5.346;0;0;0.1;0.01;0;5.26796;0;0;-1
0;247;17.8359;-31.7618;-41.1575;8.5;2572.44;5.11093;0;0;0.1;0.01;0;5.83947;1;0;-1
0;248;19.098;-15.4968;-41.7742;9.48375;3572.97;5.70244;0;0;0.1;0.01;0;5.92502;0;0;-1
0;249;19.7488;1.94426;-42.1569;9.10927;3166.21;5.47727;0;0;0.1;0.01;0;4.69368;0;0;-1
0;250;17.6646;17.7359;-40.5152;9.27102;3337.88;5.57453;0;0;0.1;0.01;0;5.59899;0;0;-1
0;251;19.0272;36.7137;-42.8437;9.9124;4079.67;5.96018;0;0;0.1;0.01;0;7.63365;0;0;-1
0;252;16.7946;52.0123;-39.6904;10.0976;4312.64;6.07154;0;0;0.1;0.01;0;7.44133;0;0;-1
0;253;18.7582;68.4658;-41.1959;10.3155;4597.9;6.20256;0;0;0.1;0.01;0;5.94205;0;0;-1
0;254;16.4124;87.4215;-41.1261;10.0767;4285.92;6.05897;0;0;0.1;0.01;0;3.14603;0;0;-1
0;255;32.9504;-75.6316;-42.5073;8.64912;2710.22;5.20059;0;0;0.1;0.01;0;2.25153;0;0;-1
0;256;30.5623;-56.4937;-40.5233;9.0958;3152.18;5.46917;0;0;0.1;0.01;0;6.27877;0;0;-1
0;257;33.7146;-41.1828;-40.4644;10.005;4195.08;6.01586;0;0;0.1;0.01;0;7.65294;0;0;-1
0;258;32.7742;-25.2909;-41.5676;10.1242;4346.81;6.08753;0;0;0.1;0.01;0;7.40574;0;0;-1
0;259;33.7348;-8.0466;-42.028;8.5;2572.44;5.11093;0;0;0.1;0.01;0;4.72444;1;0;-1
0;260;33.8467;10.0353;-42.2923;8.5;2572.44;5.11093;0;0;0.1;0.01;0;5.10049;1;0;-1
0;261;33.849;29.5196;-39.8766;8.93213;2985.06;5.37076;0;0;0.1;0.01;0;6.0336;0;0;-1
0;262;32.9454;46.1549;-39.4233;10.038;4236.72;6.0357;0;0;0.1;0.01;0;7.76833;0;0;-1
0;263;33.9189;60.0867;-39.7055;9.38769;3465.49;5.64468;0;0;0.1;0.01;0;6.2082;0;0;-1
0;264;33.5525;79.8404;-40.4256;8.95437;3007.42;5.38413;0;0;0.1;0.01;0;2.74379;0;0;-1
0;265;47.8258;-65.2718;-41.6108;8.94443;2997.41;5.37816;0;0;0.1;0.01;0;2.46569;0;0;-1
0;266;47.1442;-47.7068;-39.9502;9.52788;3623.08;5.72898;0;0;0.1;0.01;0;5.80257;0;0;-1
0;267;47.7651;-30.2349;-39.2205;10.3176;4600.71;6.20382;0;0;0.1;0.01;0;7.65879;0;0;-1
0;268;46.7886;-14.939;-42.5845;10.067;4273.55;6.05314;0;0;0.1;0.01;0;7.77754;0;0;-1
0;269;46.0834;2.87564;-42.1802;8.5;2572.44;5.11093;0;0;0.1;0.01;0;6.19951;1;0;-1
0;270;47.7568;16.8729;-43.0415;10.1627;4396.59;6.11068;0;0;0.1;0.01;0;7.43767;0;0;-1
0;271;46.8449;37.9666;-41.104;9.52653;3621.54;5.72816;0;0;0.1;0.01;0;6.19116;0;0;-1
0;272;46.7024;52.141;-42.8749;9.67637;3795.12;5.81826;0;0;0.1;0.01;0;6.60696;0;0;-1
0;273;46.8335;69.2607;-39.8966;9.92643;4097.02;5.96862;0;0;0.1;0.01;0;4.49795;0;0;-1
0;274;60.3765;-55.3639;-39.3246;9.8308;3979.74;5.91112;0;0;0.1;0.01;0;4.74571;0;0;-1
0;275;63.9953;-41.6913;-39.8284;8.94562;2998.61;5.37887;0;0;0.1;0.01;0;4.27996;0;0;-1
0;276;61.213;-23.3552;-39.8357;8.55006;2618.16;5.14103;0;0;0.1;0.01;0;5.54333;0;0;-1
0;277;63.4173;-7.79238;-42.3264;9.67674;3795.56;5.81848;0;0;0.1;0.01;0;6.80204;0;0;-1
0;278;63.5979;8.22928;-39.469;10.0114;4203.13;6.01971;0;0;0.1;0.01;0;6.5606;0;0;-1
0;279;63.021;26.191;-42.2768;10.0357;4233.81;6.03432;0;0;0.1;0.01;0;6.07455;0;0;-1
0;280;61.5523;42.1334;-41.1979;8.88075;2933.85;5.33987;0;0;0.1;0.01;0;5.08144;0;0;-1
0;281;61.9961;60.4262;-42.4608;9.23144;3295.32;5.55073;0;0;0.1;0.01;0;3.67777;0;0;-1
0;282;74.9449;-32.4971;-43.167;9.0112;3065.04;5.4183;0;0;0.1;0.01;0;3.21709;0;0;-1
0;283;77.7435;-14.9995;-41.1246;8.62851;2690.89;5.1882;0;0;0.1;0.01;0;4.46529;0;0;-1
0;284;76.3304;-0.0854351;-41.468;10.2851;4557.37;6.18428;0;0;0.1;0.01;0;6.87681;0;0;-1
0;285;78.7414;19.7257;-42.8195;8.99017;3043.63;5.40566;0;0;0.1;0.01;0;3.33022;0;0;-1
0;286;76.5346;34.3379;-41.9427;9.23964;3304.1;5.55566;0;0;0.1;0.01;0;3.54109;0;0;-1
0;287;90.5149;-4.56248;-40.5357;8.7003;2758.62;5.23136;0;0;0.1;0.01;0;2.23297;0;0;-1
0;288;-95.1298;-13.5106;-24.7022;8.77145;2826.85;5.27415;0;0;0.1;0.01;0;3.17555;0;0;-1
0;289;-95.6332;1.24832;-26.0969;9.92316;4092.97;5.96665;0;0;0.1;0.01;0;3.87551;0;0;-1
0;290;-80.8674;-41.503;-24.6618;9.90428;4069.65;5.9553;0;0;0.1;0.01;0;2.88686;0;0;-1
0;291;-81.7972;-23.4417;-27.3411;9.5595;3659.27;5.74799;0;0;0.1;0.01;0;3.86479;0;0;-1
0;292;-78.9079;-4.65639;-26.4859;10.0423;4242.17;6.03829;0;0;0.1;0.01;0;5.59137;0;0;-1
0;293;-82.5727;10.9693;-26.4528;10.1274;4350.93;6.08946;0;0;0.1;0.01;0;6.28594;0;0;-1
0;294;-82.416;27.6811;-25.1453;10.0349;4232.8;6.03384;0;0;0.1;0.01;0;5.02736;0;0;-1
0;295;-80.4024;44.5631;-28.1113;9.88358;4044.19;5.94285;0;0;0.1;0.01;0;3.28455;0;0;-1
0;296;-64.0834;-67.8807;-26.0055;8.5;2572.44;5.11093;0;0;0.1;0.01;0;2.51643;1;0;-1
0;297;-64.3772;-48.9935;-26.1338;8.77835;2833.53;5.27829;0;0;0.1;0.01;0;4.3601;0;0;-1
0;298;-64.5274;-31.2639;-25.4607;9.74862;3880.77;5.8617;0;0;0.1;0.01;0;5.46933;0;0;-1
0;299;-64.4845;-12.8934;-26.9923;9.28066;3348.31;5.58033;0;0;0.1;0.01;0;5.55906;0;0;-1
0;300;-66.079;4.44451;-26.0297;8.5;2572.44;5.11093;0;0;0.1;0.01;0;5.94103;1;0;-1
0;301;-65.4713;20.2187;-26.9345;8.59094;2655.89;5.16561;0;0;0.1;0.01;0;5.71332;0;0;-1
0;302;-64.6861;35.2183;-27.1734;10.0497;4251.56;6.04274;0;0;0.1;0.01;0;6.30986;0;0;-1
0;303;-64.5472;50.9144;-26.2296;9.27992;3347.51;5.57988;0;0;0.1;0.01;0;5.74945;0;0;-1
0;304;-66.6783;68.6671;-26.711;9.4554;3541.02;5.68539;0;0;0.1;0.01;0;2.15133;0;0;-1
0;305;-49.7085;-72.4991;-27.7882;8.99661;3050.18;5.40953;0;0;0.1;0.01;0;5.23055;0;0;-1
0;306;-49.6154;-58.1763;-26.2872;9.25063;3315.91;5.56227;0;0;0.1;0.01;0;6.29384;0;0;-1
0;307;-51.5435;-39.7123;-26.3439;9.3425;3415.69;5.61751;0;0;0.1;0.01;0;6.00906;0;0;-1
0;308;-52.4114;-23.1147;-27.5498;9.77632;3913.95;5.87836;0;0;0.1;0.01;0;6.55558;0;0;-1
0;309;-50.4828;-7.03351;-27.8131;9.73264;3861.72;5.8521;0;0;0.1;0.01;0;6.61096;0;0;-1
0;310;-53.0209;8.6505;-26.3229;8.9409;2993.87;5.37603;0;0;0.1;0.01;0;5.48878;0;0;-1
0;311;-51.1138;26.7862;-24.4698;9.14375;3202.3;5.498;0;0;0.1;0.01;0;5.57768;0;0;-1
0;312;-49.9874;45.5106;-24.874;9.78011;3918.5;5.88064;0;0;0.1;0.01;0;7.3371;0;0;-1
0;313;-50.6657;62.4896;-25.5818;8.75947;2815.28;5.26694;0;0;0.1;0.01;0;6.08627;0;0;-1
0;314;-51.7941;78.4805;-28.2575;8.72318;2780.44;5.24512;0;0;0.1;0.01;0;2.65355;0;0;-1
0;315;-36.4301;-82.1727;-26.5176;10.3133;4594.96;6.20124;0;0;0.1;0.01;0;6.19651;0;0;-1
0;316;-34.9863;-67.3061;-26.8023;8.88636;2939.41;5.34324;0;0;0.1;0.01;0;6.99094;0;0;-1
0;317;-38.3675;-47.1067;-27.1492;10.1598;4392.83;6.10894;0;0;0.1;0.01;0;5.71274;0;0;-1
0;318;-36.0594;-30.0823;-26.0727;9.32899;3400.89;5.60939;0;0;0.1;0.01;0;6.11487;0;0;-1
0;319;-34.6367;-13.7583;-26.7998;8.77558;2830.85;5.27663;0;0;0.1;0.01;0;5.01355;0;0;-1
0;320;-36.5881;4.31897;-27.4537;8.5;2572.44;5.11093;0;0;0.1;0.01;0;4.19377;1;0;-1
0;321;-38.36;18.547;-27.4821;9.50184;3593.45;5.71332;0;0;0.1;0.01;0;5.45555;0;0;-1
0;322;-38.2395;34.5877;-25.1747;8.5;2572.44;5.11093;0;0;0.1;0.01;0;5.50298;1;0;-1
0;323;-37.6467;52.2758;-27.8678;9.223;3286.29;5.54566;0;0;0.1;0.01;0;6.07426;0;0;-1
0;324;-38.2118;67.725;-25.7593;8.5;2572.44;5.11093;0;0;0.1;0.01;0;4.48625;1;0;-1
0;325;-35.5371;85.8427;-24.9482;10.2803;4550.99;6.1814;0;0;0.1;0.01;0;3.74772;0;0;-1
0;326;-21.784;-90.7756;-25.2846;10.3383;4628.45;6.21627;0;0;0.1;0.01;0;3.98802;0;0;-1
0;327;-20.5832;-73.0893;-27.0232;10.1729;4409.84;6.11682;0;0;0.1;0.01;0;8.27721;0;0;-1
0;328;-20.346;-59.1634;-26.3097;9.74517;3876.65;5.85963;0;0;0.1;0.01;0;7.267;0;0;-1
0;329;-22.0184;-40.5877;-26.6606;8.61701;2680.15;5.18128;0;0;0.1;0.01;0;4.98847;0;0;-1
0;330;-21.362;-21.1068;-24.973;10.094;4308.03;6.06938;0;0;0.1;0.01;0;6.84179;0;0;-1
0;331;-19.7228;-5.4853;-28.0867;8.5;2572.44;5.11093;0;0;0.1;0.01;0;4.64851;1;0;-1
0;332;-21.3102;11.8086;-25.772;8.5;2572.44;5.11093;0;0;0.1;0.01;0;4.00113;1;0;-1
0;333;-22.7753;28.7626;-27.7804;8.64731;2708.52;5.1995;0;0;0.1;0.01;0;5.10169;0;0;-1
0;334;-21.2667;44.7718;-27.8783;9.74786;3879.86;5.86125;0;0;0.1;0.01;0;5.84213;0;0;-1
0;335;-21.6931;62.1716;-26.612;9.66986;3787.47;5.81435;0;0;0.1;0.01;0;6.33933;0;0;-1
0;336;-22.8384;78.7587;-27.9071;9.43208;3514.88;5.67137;0;0;0.1;0.01;0;5.6324;0;0;-1
0;337;-5.93971;-81.2684;-28.6475;9.37792;3454.68;5.63881;0;0;0.1;0.01;0;6.09203;0;0;-1
0;338;-7.9073;-66.6025;-26.3314;9.47884;3567.42;5.69949;0;0;0.1;0.01;0;6.68861;0;0;-1
0;339;-8.56251;-48.592;-24.3835;9.13807;3196.33;5.49459;0;0;0.1;0.01;0;5.18552;0;0;-1
0;340;-8.2036;-29.6912;-25.5457;8.77274;2828.1;5.27492;0;0;0.1;0.01;0;5.56653;0;0;-1
0;341;-6.01148;-13.3241;-27.8141;9.41095;3491.31;5.65867;0;0;0.1;0.01;0;6.59645;0;0;-1
0;342;-5.48965;1.92807;-27.6457;8.53399;2603.42;5.13136;0;0;0.1;0.01;0;5.70971;0;0;-1
0;343;-6.6084;21.1275;-25.6305;9.60397;3710.57;5.77473;0;0;0.1;0.01;0;6.69854;0;0;-1
0;344;-7.09056;35.4101;-27.0961;9.34522;3418.67;5.61915;0;0;0.1;0.01;0;7.48374;0;0;-1
0;345;-7.92814;51.5159;-26.0284;8.65073;2711.73;5.20156;0;0;0.1;0.01;0;5.61209;0;0;-1
0;346;-9.34451;72.1616;-24.4867;8.6207;2683.59;5.1835;0;0;0.1;0.01;0;5.03787;0;0;-1
0;347;-9.09913;88.2409;-25.6761;8.64271;2704.2;5.19674;0;0;0.1;0.01;0;3.97021;0;0;-1
0;348;9.34704;-90.4758;-25.4143;10.3115;4592.55;6.20016;0;0;0.1;0.01;0;4.27651;0;0;-1
0;349;6.59862;-75.7941;-25.3193;9.7822;3921.01;5.88189;0;0;0.1;0.01;0;6.67485;0;0;-1
0;350;9.44363;-58.6595;-25.7714;9.33001;3402;5.61;0;0;0.1;0.01;0;5.8089;0;0;-1
0;351;5.72624;-40.0277;-25.3952;9.62018;3729.39;5.78447;0;0;0.1;0.01;0;6.0991;0;0;-1
0;352;8.26587;-25.5195;-26.5955;8.72878;2785.8;5.24849;0;0;0.1;0.01;0;5.86105;0;0;-1
0;353;9.02534;-8.76457;-27.6969;10.2426;4501.11;6.15873;0;0;0.1;0.01;0;6.79767;0;0;-1
0;354;5.51559;9.93408;-25.5111;9.14542;3204.05;5.49901;0;0;0.1;0.01;0;4.58383;0;0;-1
0;355;9.43624;29.3327;-27.6623;10.081;4291.4;6.06156;0;0;0.1;0.01;0;6.86084;0;0;-1
0;356;6.252;44.0481;-25.2403;10.3766;4680.09;6.2393;0;0;0.1;0.01;0;7.20041;0;0;-1
0;357;6.86953;63.409;-24.619;10.1832;4423.25;6.12301;0;0;0.1;0.01;0;6.80762;0;0;-1
0;358;5.89901;78.2857;-28.0016;9.05381;3108.73;5.44392;0;0;0.1;0.01;0;5.55869;0;0;-1
0;359;8.24347;95.6174;-26.8449;10.0208;4214.98;6.02536;0;0;0.1;0.01;0;2.99726;0;0;-1
0;360;22.5751;-82.3671;-25.2143;9.14669;3205.39;5.49977;0;0;0.1;0.01;0;4.65992;0;0;-1
0;361;23.7009;-65.898;-25.474;9.51617;3609.73;5.72193;0;0;0.1;0.01;0;5.43837;0;0;-1
0;362;23.2759;-47.2918;-27.4335;10.114;4333.69;6.0814;0;0;0.1;0.01;0;6.25935;0;0;-1
0;363;22.7917;-31.7627;-26.0505;9.7203;3847.05;5.84468;0;0;0.1;0.01;0;6.89837;0;0;-1
0;364;22.1269;-16.0918;-25.5891;10.0142;4206.66;6.02139;0;0;0.1;0.01;0;6.73094;0;0;-1
0;365;22.3151;1.01048;-26.8075;9.03568;3090.09;5.43302;0;0;0.1;0.01;0;5.1708;0;0;-1
0;366;23.389;18.1899;-28.0131;9.62583;3735.97;5.78787;0;0;0.1;0.01;0;6.25431;0;0;-1
0;367;23.2495;34.9372;-27.5215;9.48752;3577.23;5.70471;0;0;0.1;0.01;0;7.42081;0;0;-1
0;368;20.5959;51.1121;-24.5169;9.78732;3927.17;5.88497;0;0;0.1;0.01;0;6.2624;0;0;-1
0;369;20.29;69.1542;-26.9529;9.41126;3491.66;5.65885;0;0;0.1;0.01;0;5.36182;0;0;-1
0;370;23.3569;84.5768;-24.8007;9.48309;3572.22;5.70204;0;0;0.1;0.01;0;4.8994;0;0;-1
0;371;38.0642;-75.9921;-27.0993;9.08221;3138.07;5.461;0;0;0.1;0.01;0;3.94044;0;0;-1
0;372;35.2295;-56.9149;-27.0353;8.68961;2748.46;5.22494;0;0;0.1;0.01;0;5.60574;0;0;-1
0;373;37.5323;-39.9425;-26.8229;9.92192;4091.44;5.96591;0;0;0.1;0.01;0;7.96667;0;0;-1
0;374;37.6917;-23.1667;-27.6908;9.98008;4163.81;6.00088;0;0;0.1;0.01;0;7.58974;0;0;-1
0;375;37.4561;-7.20991;-24.8401;9.68117;3800.77;5.82115;0;0;0.1;0.01;0;6.57111;0;0;-1
0;376;35.1273;8.91387;-26.7845;8.8148;2868.97;5.30021;0;0;0.1;0.01;0;5.30785;0;0;-1
0;377;37.2261;25.3886;-24.7092;9.96675;4147.15;5.99286;0;0;0.1;0.01;0;6.87992;0;0;-1
0;378;37.0129;42.1403;-27.0993;9.84583;3998.03;5.92015;0;0;0.1;0.01;0;6.57875;0;0;-1
0;379;38.4488;63.6755;-24.9071;8.5;2572.44;5.11093;0;0;0.1;0.01;0;4.58543;1;0;-1
0;380;36.7501;78.8103;-24.8754;8.5;2572.44;5.11093;0;0;0.1;0.01;0;4.3512;1;0;-1
0;381;50.4398;-66.6493;-24.788;10.2137;4463.11;6.14135;0;0;0.1;0.01;0;5.56903;0;0;-1
0;382;49.9641;-50.7704;-25.2889;10.1728;4409.71;6.11676;0;0;0.1;0.01;0;6.85154;0;0;-1
0;383;50.0723;-33.4159;-25.0305;8.55599;2623.61;5.14459;0;0;0.1;0.01;0;5.20245;0;0;-1
0;384;52.7122;-15.5634;-26.8574;9.21838;3281.35;5.54288;0;0;0.1;0.01;0;6.25863;0;0;-1
0;385;51.8225;1.73587;-28.331;10.0155;4208.3;6.02217;0;0;0.1;0.01;0;7.17024;0;0;-1
0;386;50.1099;17.7981;-28.5157;9.04577;3100.45;5.43909;0;0;0.1;0.01;0;6.16739;0;0;-1
0;387;50.3052;34.8945;-25.0662;9.38364;3461.01;5.64225;0;0;0.1;0.01;0;5.57599;0;0;-1
0;388;52.9783;54.7688;-24.6999;8.65695;2717.59;5.2053;0;0;0.1;0.01;0;4.39615;0;0;-1
0;389;52.2015;72.6201;-26.9431;9.78828;3928.33;5.88555;0;0;0.1;0.01;0;4.37759;0;0;-1
0;390;66.3586;-59.2059;-27.6317;8.99162;3045.11;5.40653;0;0;0.1;0.01;0;4.13195;0;0;-1
0;391;66.6364;-42.2244;-25.0402;8.84857;2902.07;5.32052;0;0;0.1;0.01;0;5.48284;0;0;-1
0;392;67.4824;-23.2461;-24.8707;10.3678;4668.19;6.23401;0;0;0.1;0.01;0;6.53772;0;0;-1
0;393;65.5557;-5.60125;-26.9249;8.9529;3005.94;5.38325;0;0;0.1;0.01;0;6.8407;0;0;-1
0;394;66.5872;9.45357;-25.0968;9.2484;3313.51;5.56093;0;0;0.1;0.01;0;5.82427;0;0;-1
0;395;64.8732;25.4074;-25.6047;9.8348;3984.6;5.91352;0;0;0.1;0.01;0;4.80933;0;0;-1
0;396;66.38;46.505;-25.9006;10.0347;4232.55;6.03372;0;0;0.1;0.01;0;5.81704;0;0;-1
0;397;65.0733;62.2781;-27.5163;10.0508;4252.95;6.0434;0;0;0.1;0.01;0;4.96888;0;0;-1
0;398;79.4188;-51.2636;-25.8214;10.1042;4321.1;6.07551;0;0;0.1;0.01;0;2.17741;0;0;-1
0;399;81.8823;-34.205;-24.8292;10.2512;4512.45;6.1639;0;0;0.1;0.01;0;3.41466;0;0;-1
0;400;80.7496;-16.8148;-25.3497;8.88357;2936.64;5.34156;0;0;0.1;0.01;0;4.46943;0;0;-1
0;401;79.798;-0.231815;-26.2422;9.30496;3374.68;5.59494;0;0;0.1;0.01;0;4.87173;0;0;-1
0;402;83.2164;17.7945;-25.2712;9.79833;3940.44;5.89159;0;0;0.1;0.01;0;4.1458;0;0;-1
0;403;79.0978;33.7645;-27.9888;8.5;2572.44;5.11093;0;0;0.1;0.01;0;3.36638;1;0;-1
0;404;79.3699;54.6222;-26.5441;10.3516;4646.34;6.22427;0;0;0.1;0.01;0;2.70828;0;0;-1
0;405;-98.4435;0.959875;-11.8069;10.2755;4544.62;6.17851;0;0;0.1;0.01;0;3.70375;0;0;-1
0;406;-84.2819;-42.0878;-11.2493;9.08598;3141.98;5.46327;0;0;0.1;0.01;0;3.46818;0;0;-1
0;407;-84.3748;-23.5395;-10.3052;10.4098;4725.15;6.25926;0;0;0.1;0.01;0;5.70416;0;0;-1
0;408;-85.2157;-7.13436;-12.4869;8.91246;2965.39;5.35893;0;0;0.1;0.01;0;5.26772;0;0;-1
0;409;-83.348;11.6464;-11.9333;10.149;4378.83;6.10245;0;0;0.1;0.01;0;5.92139;0;0;-1
0;410;-84.8134;29.142;-12.4372;8.5;2572.44;5.11093;0;0;0.1;0.01;0;4.12876;1;0;-1
0;411;-84.0287;42.4955;-11.3154;9.39125;3469.44;5.64682;0;0;0.1;0.01;0;4.128;0;0;-1
0;412;-70.8119;-68.4407;-10.068;8.78734;2842.24;5.2837;0;0;0.1;0.01;0;2.13479;0;0;-1
0;413;-69.2256;-49.2661;-11.9984;9.51949;3613.51;5.72393;0;0;0.1;0.01;0;4.76751;0;0;-1
0;414;-69.8914;-32.5566;-10.1361;9.37135;3447.43;5.63486;0;0;0.1;0.01;0;6.79683;0;0;-1
0;415;-72.1619;-15.7401;-11.695;9.40543;3485.17;5.65535;0;0;0.1;0.01;0;6.5864;0;0;-1
0;416;-70.7971;3.17404;-10.3149;8.76929;2824.76;5.27285;0;0;0.1;0.01;0;6.07117;0;0;-1
0;417;-68.3519;17.3724;-12.9542;8.58719;2652.42;5.16335;0;0;0.1;0.01;0;4.93207;0;0;-1
0;418;-69.492;36.4698;-11.9856;9.59908;3704.91;5.77179;0;0;0.1;0.01;0;6.34074;0;0;-1
0;419;-71.9167;53.7855;-13.0231;8.9755;3028.76;5.39684;0;0;0.1;0.01;0;4.41664;0;0;-1
0;420;-54.2897;-75.1328;-9.72468;8.85847;2911.82;5.32647;0;0;0.1;0.01;0;3.81503;0;0;-1
0;421;-56.6187;-58.2376;-12.3421;9.39962;3478.72;5.65186;0;0;0.1;0.01;0;5.38589;0;0;-1
0;422;-57.327;-39.2036;-10.3229;8.57706;2643.04;5.15726;0;0;0.1;0.01;0;5.56642;0;0;-1
0;423;-57.3121;-23.957;-11.864;8.5;2572.44;5.11093;0;0;0.1;0.01;0;5.49254;1;0;-1
0;424;-55.2368;-7.21716;-11.8091;9.00601;3059.75;5.41518;0;0;0.1;0.01;0;5.50065;0;0;-1
0;425;-54.3057;8.5994;-12.5444;10.0595;4264.01;6.04863;0;0;0.1;0.01;0;5.9877;0;0;-1
0;426;-57.3455;29.77;-12.8176;8.5;2572.44;5.11093;0;0;0.1;0.01;0;5.63766;1;0;-1
0;427;-55.1133;44.7225;-11.8295;9.28257;3350.37;5.58147;0;0;0.1;0.01;0;6.8559;0;0;-1
0;428;-57.9504;60.0309;-10.6837;9.74725;3879.14;5.86088;0;0;0.1;0.01;0;5.44958;0;0;-1
0;429;-42.7879;-83.6425;-13.2553;10.0889;4301.5;6.06631;0;0;0.1;0.01;0;4.25856;0;0;-1
0;430;-39.3565;-64.6237;-11.57;9.79525;3936.73;5.88974;0;0;0.1;0.01;0;5.61119;0;0;-1
0;431;-41.0489;-49.3551;-10.6932;8.52157;2592.07;5.1239;0;0;0.1;0.01;0;5.07868;0;0;-1
0;432;-41.2238;-32.6036;-12.3612;9.80366;3946.87;5.8948;0;0;0.1;0.01;0;6.13865;0;0;-1
0;433;-42.0857;-14.3466;-13.5212;10.014;4206.41;6.02127;0;0;0.1;0.01;0;6.0844;0;0;-1
0;434;-40.9222;3.07317;-10.7857;9.48602;3575.53;5.70381;0;0;0.1;0.01;0;5.76886;0;0;-1
0;435;-39.4009;20.0894;-11.2087;10.0097;4200.99;6.01869;0;0;0.1;0.01;0;6.27625;0;0;-1
0;436;-42.1282;36.9042;-13.1733;9.33057;3402.62;5.61034;0;0;0.1;0.01;0;7.19928;0;0;-1
0;437;-42.6539;52.2139;-12.6257;8.5;2572.44;5.11093;0;0;0.1;0.01;0;5.05169;1;0;-1
0;438;-43.0074;70.6869;-12.5535;8.74544;2801.78;5.25851;0;0;0.1;0.01;0;4.72164;0;0;-1
0;439;-43.2504;85.1341;-13.3354;8.5;2572.44;5.11093;0;0;0.1;0.01;0;3.425;1;0;-1
0;440;-27.9024;-93.1819;-13.0844;9.62079;3730.1;5.78484;0;0;0.1;0.01;0;4.31781;0;0;-1
0;441;-28.1453;-76.8717;-13.0037;10.1441;4372.49;6.0995;0;0;0.1;0.01;0;7.05624;0;0;-1
0;442;-24.6953;-56.5741;-12.2876;10.3899;4698.1;6.2473;0;0;0.1;0.01;0;7.30732;0;0;-1
0;443;-27.3648;-41.753;-10.191;10.4383;4764.07;6.2764;0;0;0.1;0.01;0;7.63205;0;0;-1
0;444;-26.6291;-22.2847;-11.8633;10.2193;4470.46;6.14472;0;0;0.1;0.01;0;6.64852;0;0;-1
0;445;-24.9529;-7.30525;-10.3171;8.54228;2611.02;5.13635;0;0;0.1;0.01;0;4.69657;0;0;-1
0;446;-25.1407;9.14529;-10.2567;9.43114;3513.83;5.67081;0;0;0.1;0.01;0;5.17427;0;0;-1
0;447;-27.4303;28.4668;-10.5851;10.2555;4518.13;6.16648;0;0;0.1;0.01;0;6.15185;0;0;-1
0;448;-28.3078;42.9613;-10.7769;9.06343;3118.65;5.44971;0;0;0.1;0.01;0;5.62706;0;0;-1
0;449;-24.4415;59.0685;-12.8434;8.80537;2859.77;5.29454;0;0;0.1;0.01;0;4.53463;0;0;-1
0;450;-24.7735;77.7026;-12.2473;9.85517;4009.41;5.92577;0;0;0.1;0.01;0;6.45272;0;0;-1
0;451;-24.8571;94.6703;-14.0165;10.1999;4445.05;6.13305;0;0;0.1;0.01;0;3.54553;0;0;-1
0;452;-13.5492;-83.307;-11.0887;8.5;2572.44;5.11093;0;0;0.1;0.01;0;4.45455;1;0;-1
0;453;-12.7709;-65.4504;-13.2516;8.5;2572.44;5.11093;0;0;0.1;0.01;0;5.52583;1;0;-1
0;454;-12.694;-48.4368;-9.70863;9.49539;3586.14;5.70944;0;0;0.1;0.01;0;6.60644;0;0;-1
0;455;-11.4468;-32.3671;-11.7634;10.4018;4714.27;6.25445;0;0;0.1;0.01;0;7.25786;0;0;-1
0;456;-10.3962;-14.2716;-10.724;8.5;2572.44;5.11093;0;0;0.1;0.01;0;6.05944;1;0;-1
0;457;-10.7165;0.961906;-11.6028;10.2021;4447.92;6.13437;0;0;0.1;0.01;0;7.1597;0;0;-1
0;458;-10.7311;16.971;-11.6202;9.08701;3143.05;5.46389;0;0;0.1;0.01;0;5.76942;0;0;-1
0;459;-11.595;34.2429;-12.5371;8.56015;2627.44;5.14709;0;0;0.1;0.01;0;4.62097;0;0;-1
0;460;-10.3541;50.9683;-10.6103;8.54843;2616.66;5.14005;0;0;0.1;0.01;0;5.22141;0;0;-1
0;461;-10.5249;67.4164;-11.6342;9.0735;3129.05;5.45576;0;0;0.1;0.01;0;5.91074;0;0;-1
0;462;-11.6984;87.2532;-12.4341;8.5;2572.44;5.11093;0;0;0.1;0.01;0;4.79469;1;0;-1
0;463;4.3919;-91.5483;-10.5872;8.69412;2752.74;5.22765;0;0;0.1;0.01;0;3.7659;0;0;-1
0;464;1.54411;-75.9937;-12.1274;8.5;2572.44;5.11093;0;0;0.1;0.01;0;5.49048;1;0;-1
0;465;1.34732;-59.4799;-12.8569;8.86284;2916.13;5.3291;0;0;0.1;0.01;0;6.0617;0;0;-1
0;466;1.68238;-41.2612;-12.6216;9.63019;3741.05;5.79049;0;0;0.1;0.01;0;6.53498;0;0;-1
0;467;1.26691;-21.5698;-10.4673;9.21799;3280.93;5.54264;0;0;0.1;0.01;0;6.60754;0;0;-1
0;468;1.59564;-7.44589;-12.122;8.63646;2698.34;5.19298;0;0;0.1;0.01;0;6.12534;0;0;-1
0;469;3.28164;8.17394;-12.2789;10.1133;4332.79;6.08098;0;0;0.1;0.01;0;6.21084;0;0;-1
0;470;3.18945;25.1296;-13.5551;9.05314;3108.04;5.44352;0;0;0.1;0.01;0;4.72383;0;0;-1
0;471;1.98755;43.7615;-10.4989;9.3009;3370.26;5.5925;0;0;0.1;0.01;0;5.57786;0;0;-1
0;472;2.33227;59.5216;-10.7498;9.45512;3540.71;5.68523;0;0;0.1;0.01;0;6.58823;0;0;-1
0;473;2.70535;76.7493;-10.3949;8.91847;2971.39;5.36255;0;0;0.1;0.01;0;6.03349;0;0;-1
0;474;3.09517;94.0406;-11.4641;10.2647;4530.3;6.17202;0;0;0.1;0.01;0;4.45935;0;0;-1
0;475;18.8196;-85.1781;-10.5397;9.35595;3430.46;5.6256;0;0;0.1;0.01;0;5.79869;0;0;-1
0;476;16.0701;-68.1911;-10.5177;9.47166;3559.32;5.69517;0;0;0.1;0.01;0;6.35415;0;0;-1
0;477;15.9647;-51.4682;-9.87372;9.86583;4022.44;5.93218;0;0;0.1;0.01;0;5.77796;0;0;-1
0;478;15.5247;-33.3878;-10.5214;9.65096;3765.3;5.80298;0;0;0.1;0.01;0;5.74289;0;0;-1
0;479;16.036;-16.2957;-11.468;8.57311;2639.39;5.15489;0;0;0.1;0.01;0;5.90921;0;0;-1
0;480;16.4205;1.11793;-11.4587;9.38448;3461.94;5.64275;0;0;0.1;0.01;0;5.57835;0;0;-1
0;481;19.4905;20.9043;-10.8789;9.88972;4051.73;5.94655;0;0;0.1;0.01;0;6.05048;0;0;-1
0;482;19.6253;38.1918;-13.171;8.5;2572.44;5.11093;0;0;0.1;0.01;0;5.0848;1;0;-1
0;483;18.1863;54.5334;-11.4688;8.5;2572.44;5.11093;0;0;0.1;0.01;0;4.93125;1;0;-1
0;484;17.3024;71.437;-10.3189;10.3965;4707.06;6.25126;0;0;0.1;0.01;0;7.11152;0;0;-1
0;485;15.6986;84.9753;-12.5734;8.5;2572.44;5.11093;0;0;0.1;0.01;0;5.45157;1;0;-1
0;486;31.9478;-93.7258;-12.0452;8.83098;2884.8;5.30994;0;0;0.1;0.01;0;1.8569;0;0;-1
0;487;33.3625;-76.6486;-12.3232;9.41174;3492.19;5.65914;0;0;0.1;0.01;0;5.65302;0;0;-1
0;488;32.8871;-55.3915;-10.3494;9.45135;3536.47;5.68296;0;0;0.1;0.01;0;4.99285;0;0;-1
0;489;34.1653;-38.8913;-10.1236;9.62386;3733.67;5.78669;0;0;0.1;0.01;0;6.14357;0;0;-1
0;490;31.2302;-21.3566;-12.2787;9.89423;4057.28;5.94926;0;0;0.1;0.01;0;7.10756;0;0;-1
0;491;33.1372;-6.34108;-10.7812;8.88235;2935.43;5.34083;0;0;0.1;0.01;0;5.56309;0;0;-1
0;492;33.5026;11.7953;-12.9091;10.3784;4682.52;6.24038;0;0;0.1;0.01;0;7.01993;0;0;-1
0;493;31.4716;29.0491;-10.8386;9.24443;3309.25;5.55854;0;0;0.1;0.01;0;6.82268;0;0;-1
0;494;33.5343;46.2653;-13.2474;9.56238;3662.58;5.74972;0;0;0.1;0.01;0;5.98895;0;0;-1
0;495;32.7889;63.4859;-10.3675;8.6173;2680.42;5.18146;0;0;0.1;0.01;0;5.98489;0;0;-1
0;496;32.2636;79.3795;-10.1246;10.0567;4260.45;6.04695;0;0;0.1;0.01;0;6.38762;0;0;-1
0;497;45.9683;-82.9372;-10.7925;8.5;2572.44;5.11093;0;0;0.1;0.01;0;4.15523;1;0;-1
0;498;48.1312;-67.8895;-11.4528;9.53328;3629.24;5.73222;0;0;0.1;0.01;0;6.01194;0;0;-1
0;499;47.699;-47.7326;-11.9661;9.34097;3414.01;5.61659;0;0;0.1;0.01;0;6.115;0;0;-1
0;500;48.619;-31.7076;-12.5224;9.05733;3112.36;5.44604;0;0;0.1;0.01;0;5.53947;0;0;-1
0;501;45.5544;-14.7369;-10.9473;9.15165;3210.6;5.50275;0;0;0.1;0.01;0;6.26688;0;0;-1
0;502;46.5923;0.435434;-11.0286;10.1585;4391.14;6.10816;0;0;0.1;0.01;0;7.44659;0;0;-1
0;503;47.7372;18.1163;-13.4376;10.1742;4411.53;6.1176;0;0;0.1;0.01;0;7.74737;0;0;-1
0;504;47.8989;34.6523;-10.5427;9.51622;3609.79;5.72196;0;0;0.1;0.01;0;6.42842;0;0;-1
0;505;45.941;55.1926;-12.4936;8.5;2572.44;5.11093;0;0;0.1;0.01;0;5.01881;1;0;-1
0;506;46.2831;68.4941;-10.0115;9.24156;3306.16;5.55682;0;0;0.1;0.01;0;6.16909;0;0;-1
0;507;47.6961;85.6419;-13.0942;8.6403;2701.94;5.19529;0;0;0.1;0.01;0;2.33794;0;0;-1
0;508;61.0961;-74.2464;-11.2879;10.3036;4582.01;6.19541;0;0;0.1;0.01;0;3.19818;0;0;-1
0;509;60.307;-56.0673;-13.2994;9.61516;3723.56;5.78146;0;0;0.1;0.01;0;6.39305;0;0;-1
0;510;61.4391;-42.1482;-11.6176;9.39919;3478.24;5.6516;0;0;0.1;0.01;0;6.41315;0;0;-1
0;511;62.5813;-25.7813;-11.8609;9.28468;3352.66;5.58274;0;0;0.1;0.01;0;5.84244;0;0;-1
0;512;62.7432;-7.65402;-11.5021;9.83406;3983.7;5.91308;0;0;0.1;0.01;0;6.46827;0;0;-1
0;513;60.7357;9.3716;-12.8146;10.2245;4477.29;6.14784;0;0;0.1;0.01;0;6.65897;0;0;-1
0;514;61.9704;28.7542;-10.2204;9.92591;4096.37;5.96831;0;0;0.1;0.01;0;6.30868;0;0;-1
0;515;62.6736;45.9879;-11.1301;9.50542;3597.51;5.71547;0;0;0.1;0.01;0;5.70373;0;0;-1
0;516;63.2348;63.589;-10.8;10.0981;4313.28;6.07184;0;0;0.1;0.01;0;5.33252;0;0;-1
0;517;61.0475;77.9267;-13.7908;8.90529;2958.24;5.35462;0;0;0.1;0.01;0;2.77107;0;0;-1
0;518;77.6043;-47.5336;-10.8089;8.5;2572.44;5.11093;0;0;0.1;0.01;0;3.88938;1;0;-1
0;519;77.3331;-30.0349;-11.2423;8.60685;2670.68;5.17517;0;0;0.1;0.01;0;5.62869;0;0;-1
0;520;75.3003;-14.4398;-10.8544;10.4528;4783.95;6.28512;0;0;0.1;0.01;0;7.80137;0;0;-1
0;521;74.941;1.12027;-10.9974;8.5;2572.44;5.11093;0;0;0.1;0.01;0;6.1662;1;0;-1
0;522;76.6061;18.0097;-13.3391;8.69993;2758.26;5.23114;0;0;0.1;0.01;0;5.74904;0;0;-1
0;523;75.0674;34.8527;-12.7088;8.5;2572.44;5.11093;0;0;0.1;0.01;0;5.25438;1;0;-1
0;524;75.3426;51.4802;-10.2289;9.24246;3307.13;5.55736;0;0;0.1;0.01;0;5.72116;0;0;-1
0;525;89.5857;-22.1746;-11.9561;8.5;2572.44;5.11093;0;0;0.1;0.01;0;3.7909;1;0;-1
0;526;90.0654;-4.25358;-10.1474;9.67018;3787.85;5.81454;0;0;0.1;0.01;0;4.12131;0;0;-1
0;527;89.5579;12.0123;-11.022;8.94815;3001.15;5.38039;0;0;0.1;0.01;0;4.80127;0;0;-1
0;528;89.4249;27.0304;-11.1986;8.57982;2645.59;5.15892;0;0;0.1;0.01;0;4.51481;0;0;-1
0;529;89.239;43.5632;-9.8459;10.0381;4236.85;6.03576;0;0;0.1;0.01;0;3.29379;0;0;-1
0;530;-93.9388;-16.5787;2.39956;9.45997;3546.16;5.68814;0;0;0.1;0.01;0;3.16904;0;0;-1
0;531;-95.6869;2.72832;3.43131;9.65336;3768.11;5.80443;0;0;0.1;0.01;0;3.78309;0;0;-1
0;532;-95.9054;18.6875;2.16562;10.2032;4449.36;6.13504;0;0;0.1;0.01;0;3.23866;0;0;-1
0;533;-79.6757;-55.9194;3.03712;8.5;2572.44;5.11093;0;0;0.1;0.01;0;2.64016;1;0;-1
0;534;-82.6285;-41.5229;4.68194;9.80047;3943.02;5.89288;0;0;0.1;0.01;0;4.17479;0;0;-1
0;535;-80.5992;-23.2259;2.97266;9.80139;3944.13;5.89343;0;0;0.1;0.01;0;6.45381;0;0;-1
0;536;-79.8654;-6.13837;3.7236;9.46528;3552.13;5.69134;0;0;0.1;0.01;0;5.92446;0;0;-1
0;537;-81.7933;10.3563;2.71994;8.90491;2957.86;5.35439;0;0;0.1;0.01;0;4.70777;0;0;-1
0;538;-80.6002;25.4943;1.20559;8.5;2572.44;5.11093;0;0;0.1;0.01;0;3.69505;1;0;-1
0;539;-82.6804;44.075;2.7654;10.2457;4505.19;6.16059;0;0;0.1;0.01;0;4.42255;0;0;-1
0;540;-78.9051;61.1264;3.37569;9.4202;3501.62;5.66423;0;0;0.1;0.01;0;2.5594;0;0;-1
0;541;-63.8859;-65.5074;1.67825;8.86781;2921.04;5.33209;0;0;0.1;0.01;0;4.00838;0;0;-1
0;542;-64.2787;-47.2856;4.40012;10.2617;4526.33;6.17021;0;0;0.1;0.01;0;6.23367;0;0;-1
0;543;-68.394;-33.0486;3.5531;8.92266;2975.58;5.36507;0;0;0.1;0.01;0;5.75727;0;0;-1
0;544;-67.7988;-14.8217;1.71937;10.4365;4761.6;6.27532;0;0;0.1;0.01;0;6.92666;0;0;-1
0;545;-67.1949;0.397808;3.73798;10.3306;4618.12;6.21164;0;0;0.1;0.01;0;6.93341;0;0;-1
0;546;-64.7309;17.1298;3.36717;10.4477;4776.95;6.28205;0;0;0.1;0.01;0;6.01868;0;0;-1
0;547;-65.1804;36.5243;3.09414;10.4249;4745.74;6.26834;0;0;0.1;0.01;0;6.60357;0;0;-1
0;548;-65.5656;52.0315;3.22674;9.47993;3568.65;5.70014;0;0;0.1;0.01;0;5.48064;0;0;-1
0;549;-64.9432;70.4117;3.16483;8.5;2572.44;5.11093;0;0;0.1;0.01;0;2.35014;1;0;-1
0;550;-49.9102;-75.3385;3.2335;8.5823;2647.89;5.16041;0;0;0.1;0.01;0;5.00425;0;0;-1
0;551;-50.3416;-59.3864;4.20548;8.71413;2771.79;5.23968;0;0;0.1;0.01;0;5.50606;0;0;-1
0;552;-50.954;-42.3293;3.33815;8.72965;2786.63;5.24901;0;0;0.1;0.01;0;5.46177;0;0;-1
0;553;-52.1135;-24.4723;3.65749;8.58632;2651.61;5.16283;0;0;0.1;0.01;0;4.1863;0;0;-1
0;554;-49.6382;-5.37884;2.14911;8.5;2572.44;5.11093;0;0;0.1;0.01;0;4.35487;1;0;-1
0;555;-52.302;10.0572;3.75464;8.5;2572.44;5.11093;0;0;0.1;0.01;0;4.98635;1;0;-1
0;556;-52.756;25.8376;2.69986;8.5;2572.44;5.11093;0;0;0.1;0.01;0;5.48499;1;0;-1
0;557;-50.2698;42.9865;5.1157;9.8444;3996.28;5.91929;0;0;0.1;0.01;0;5.97392;0;0;-1
0;558;-50.7558;63.4586;1.83867;9.04923;3104.01;5.44117;0;0;0.1;0.01;0;5.21439;0;0;-1
0;559;-51.4576;78.118;1.28927;9.76208;3896.87;5.8698;0;0;0.1;0.01;0;4.43742;0;0;-1
0;560;-34.9766;-84.0133;3.44171;9.36644;3442.01;5.6319;0;0;0.1;0.01;0;5.15665;0;0;-1
0;561;-38.499;-67.3855;3.24601;9.15764;3216.91;5.50636;0;0;0.1;0.01;0;5.35534;0;0;-1
0;562;-36.7026;-50.3937;4.11938;8.5;2572.44;5.11093;0;0;0.1;0.01;0;5.17409;1;0;-1
0;563;-35.833;-32.6235;2.68221;9.95707;4135.07;5.98704;0;0;0.1;0.01;0;6.05379;0;0;-1
0;564;-38.0795;-14.0902;3.14726;8.97516;3028.41;5.39663;0;0;0.1;0.01;0;4.98369;0;0;-1
0;565;-36.6358;3.18198;4.03622;8.90095;2953.91;5.35201;0;0;0.1;0.01;0;5.85502;0;0;-1
0;566;-38.1375;19.9755;2.92047;10.1518;4382.46;6.10413;0;0;0.1;0.01;0;6.86627;0;0;-1
0;567;-38.2001;36.3057;1.02596;8.89588;2948.87;5.34896;0;0;0.1;0.01;0;5.93183;0;0;-1
0;568;-35.4167;50.8409;2.86542;9.82839;3976.82;5.90967;0;0;0.1;0.01;0;5.01436;0;0;-1
0;569;-35.747;71.7396;1.34331;10.4423;4769.55;6.2788;0;0;0.1;0.01;0;6.28648;0;0;-1
0;570;-35.3287;87.8881;3.29043;9.58234;3685.56;5.76172;0;0;0.1;0.01;0;5.14558;0;0;-1
0;571;-20.7809;-93.6576;1.60181;9.51832;3612.18;5.72323;0;0;0.1;0.01;0;4.31227;0;0;-1
0;572;-20.5675;-76.6078;4.59736;8.53528;2604.61;5.13214;0;0;0.1;0.01;0;5.26543;0;0;-1
0;573;-23.6214;-57.6388;1.53689;9.2155;3278.27;5.54115;0;0;0.1;0.01;0;6.00574;0;0;-1
0;574;-23.2218;-40.3631;2.14347;9.25268;3318.11;5.5635;0;0;0.1;0.01;0;6.41778;0;0;-1
0;575;-21.1658;-23.081;3.56911;8.5;2572.44;5.11093;0;0;0.1;0.01;0;5.39934;1;0;-1
0;576;-20.5786;-5.19502;3.34536;8.55675;2624.31;5.14505;0;0;0.1;0.01;0;6.16148;0;0;-1
0;577;-20.1917;9.99091;4.06961;10.1133;4332.79;6.08098;0;0;0.1;0.01;0;6.89995;0;0;-1
0;578;-23.9397;27.524;1.88365;8.5874;2652.61;5.16348;0;0;0.1;0.01;0;3.99329;0;0;-1
0;579;-19.9288;46.9962;1.82796;9.19996;3261.72;5.5318;0;0;0.1;0.01;0;4.54766;0;0;-1
0;580;-22.0323;63.3233;2.1671;9.89483;4058.01;5.94962;0;0;0.1;0.01;0;6.65809;0;0;-1
0;581;-22.1867;77.5548;1.90565;9.60554;3712.39;5.77567;0;0;0.1;0.01;0;6.1984;0;0;-1
0;582;-23.3689;96.2353;1.3599;9.90756;4073.7;5.95727;0;0;0.1;0.01;0;3.41941;0;0;-1
0;583;-7.0707;-98.9532;0.925449;10.0776;4287.06;6.05951;0;0;0.1;0.01;0;2.97379;0;0;-1
0;584;-5.64713;-81.058;3.70781;8.73414;2790.93;5.25171;0;0;0.1;0.01;0;5.62714;0;0;-1
0;585;-9.08077;-66.65;2.77553;10.3839;4689.97;6.24369;0;0;0.1;0.01;0;5.75176;0;0;-1
0;586;-7.63566;-49.253;2.31098;8.64791;2709.08;5.19986;0;0;0.1;0.01;0;5.09544;0;0;-1
0;587;-7.46802;-29.9765;2.51842;9.4445;3528.79;5.67884;0;0;0.1;0.01;0;6.35322;0;0;-1
0;588;-8.78231;-14.1941;3.11489;9.71029;3835.18;5.83866;0;0;0.1;0.01;0;6.88145;0;0;-1
0;589;-7.88417;1.80692;3.77317;8.5;2572.44;5.11093;0;0;0.1;0.01;0;5.89996;1;0;-1
0;590;-6.2968;17.3603;1.33907;8.51996;2590.61;5.12293;0;0;0.1;0.01;0;5.93124;0;0;-1
0;591;-6.16685;34.6554;3.70046;9.22465;3288.05;5.54665;0;0;0.1;0.01;0;5.50815;0;0;-1
0;592;-5.76144;51.8032;3.54097;8.5;2572.44;5.11093;0;0;0.1;0.01;0;5.86934;1;0;-1
0;593;-7.56758;71.7855;2.33064;10.3283;4615.04;6.21026;0;0;0.1;0.01;0;6.85597;0;0;-1
0;594;-9.20852;88.377;3.67945;9.77079;3907.31;5.87503;0;0;0.1;0.01;0;4.97516;0;0;-1
0;595;8.03992;-92.1708;3.10042;8.71605;2773.63;5.24083;0;0;0.1;0.01;0;4.70721;0;0;-1
0;596;8.63435;-76.0898;1.82812;9.61678;3725.44;5.78243;0;0;0.1;0.01;0;7.03914;0;0;-1
0;597;5.95557;-58.9251;1.68836;10.096;4310.59;6.07058;0;0;0.1;0.01;0;6.91903;0;0;-1
0;598;7.03399;-42.7388;3.59373;9.83689;3987.15;5.91478;0;0;0.1;0.01;0;6.72591;0;0;-1
0;599;7.54789;-24.9356;1.8491;9.5353;3631.55;5.73344;0;0;0.1;0.01;0;6.50659;0;0;-1
0;600;9.35575;-8.46116;4.44207;10.1237;4346.17;6.08723;0;0;0.1;0.01;0;5.93122;0;0;-1
0;601;5.73495;10.449;2.78062;8.89902;2951.99;5.35085;0;0;0.1;0.01;0;4.95877;0;0;-1
0;602;7.62872;25.4204;2.11436;9.91149;4078.55;5.95964;0;0;0.1;0.01;0;6.08743;0;0;-1
0;603;8.38351;44.0616;2.35;8.5;2572.44;5.11093;0;0;0.1;0.01;0;5.0436;1;0;-1
0;604;6.91095;60.3907;1.62292;8.5;2572.44;5.11093;0;0;0.1;0.01;0;5.65769;1;0;-1
0;605;8.79744;76.5017;2.67921;8.62821;2690.61;5.18802;0;0;0.1;0.01;0;5.79874;0;0;-1
0;606;5.61455;97.9106;1.52222;9.70502;3828.93;5.83549;0;0;0.1;0.01;0;2.8246;0;0;-1
0;607;20.453;-85.2891;2.17948;8.5;2572.44;5.11093;0;0;0.1;0.01;0;4.15166;1;0;-1
0;608;23.7074;-66.3219;2.74103;10.1485;4378.19;6.10215;0;0;0.1;0.01;0;5.92334;0;0;-1
0;609;22.3839;-47.3568;4.38153;8.61569;2678.91;5.18049;0;0;0.1;0.01;0;4.58324;0;0;-1
0;610;21.7429;-31.0842;1.47516;8.5;2572.44;5.11093;0;0;0.1;0.01;0;5.78932;1;0;-1
0;611;21.4292;-14.7079;1.50047;8.5;2572.44;5.11093;0;0;0.1;0.01;0;5.46869;1;0;-1
0;612;23.2035;4.33764;1.19805;9.49255;3582.92;5.70773;0;0;0.1;0.01;0;5.44759;0;0;-1
0;613;23.388;20.8335;4.67239;9.56391;3664.33;5.75064;0;0;0.1;0.01;0;6.83797;0;0;-1
0;614;21.984;37.2974;4.9643;8.5;2572.44;5.11093;0;0;0.1;0.01;0;5.6587;1;0;-1
0;615;22.7771;51.4221;3.72522;9.88732;4048.78;5.9451;0;0;0.1;0.01;0;6.64361;0;0;-1
0;616;21.1357;67.7556;1.65717;9.16445;3224.09;5.51045;0;0;0.1;0.01;0;5.95885;0;0;-1
0;617;21.404;89.4962;1.13752;10.1186;4339.6;6.08417;0;0;0.1;0.01;0;4.04407;0;0;-1
0;618;38.0421;-75.9257;1.65706;9.44408;3528.32;5.67859;0;0;0.1;0.01;0;6.03142;0;0;-1
0;619;38.5528;-59.6009;4.02636;8.64248;2703.98;5.1966;0;0;0.1;0.01;0;5.22652;0;0;-1
0;620;34.9018;-40.1464;3.41357;8.9796;3032.91;5.3993;0;0;0.1;0.01;0;5.44973;0;0;-1
0;621;35.0452;-25.7221;1.19858;9.54414;3641.66;5.73875;0;0;0.1;0.01;0;6.10582;0;0;-1
0;622;38.0193;-8.84843;4.48428;9.35846;3433.22;5.62711;0;0;0.1;0.01;0;6.01325;0;0;-1
0;623;37.2371;9.08786;1.4562;9.51894;3612.89;5.7236;0;0;0.1;0.01;0;5.74671;0;0;-1
0;624;36.6644;27.2499;2.87129;9.98295;4167.4;6.0026;0;0;0.1;0.01;0;6.51375;0;0;-1
0;625;35.9294;44.5324;1.21464;10.3932;4702.58;6.24928;0;0;0.1;0.01;0;6.87896;0;0;-1
0;626;36.1012;62.7071;3.8318;10.293;4567.88;6.18903;0;0;0.1;0.01;0;7.82505;0;0;-1
0;627;37.6629;80.0029;2.52583;10.395;4705.03;6.25036;0;0;0.1;0.01;0;5.13944;0;0;-1
0;628;50.8412;-83.5319;2.89777;8.5;2572.44;5.11093;0;0;0.1;0.01;0;2.98777;1;0;-1
0;629;52.1836;-64.6127;4.05264;9.83279;3982.16;5.91231;0;0;0.1;0.01;0;5.58559;0;0;-1
0;630;50.3223;-48.4712;3.25916;10.1367;4362.93;6.09505;0;0;0.1;0.01;0;6.36317;0;0;-1
0;631;53.4035;-33.6534;4.79138;8.5;2572.44;5.11093;0;0;0.1;0.01;0;5.81247;1;0;-1
0;632;51.3844;-15.8248;2.99399;8.60239;2666.53;5.17249;0;0;0.1;0.01;0;5.11785;0;0;-1
0;633;52.1583;1.13506;2.4632;8.51441;2585.55;5.11959;0;0;0.1;0.01;0;5.43403;0;0;-1
0;634;52.3749;17.0466;1.663;9.47502;3563.11;5.69719;0;0;0.1;0.01;0;7.31123;0;0;-1
0;635;50.1827;34.3894;2.73646;9.80689;3950.78;5.89674;0;0;0.1;0.01;0;6.23216;0;0;-1
0;636;51.3789;54.6286;4.70034;8.5;2572.44;5.11093;0;0;0.1;0.01;0;5.01773;1;0;-1
0;637;50.0074;67.7088;3.25939;9.09874;3155.24;5.47094;0;0;0.1;0.01;0;4.69994;0;0;-1
0;638;68.0544;-56.062;4.68607;9.91865;4087.39;5.96394;0;0;0.1;0.01;0;4.3883;0;0;-1
0;639;67.5909;-39.0442;2.40127;9.67029;3787.97;5.81461;0;0;0.1;0.01;0;7.08971;0;0;-1
0;640;64.7278;-24.1608;3.90217;8.59961;2663.94;5.17082;0;0;0.1;0.01;0;5.67669;0;0;-1
0;641;67.8265;-6.65412;4.42592;8.5;2572.44;5.11093;0;0;0.1;0.01;0;4.8668;1;0;-1
0;642;65.6277;12.203;3.8342;10.2544;4516.68;6.16582;0;0;0.1;0.01;0;6.71994;0;0;-1
0;643;65.4887;25.9337;3.94027;8.5;2572.44;5.11093;0;0;0.1;0.01;0;6.09738;1;0;-1
0;644;66.918;44.314;4.35919;9.40417;3483.77;5.65459;0;0;0.1;0.01;0;5.6983;0;0;-1
0;645;67.4239;60.181;4.32325;9.78995;3930.34;5.88655;0;0;0.1;0.01;0;4.466;0;0;-1
0;646;82.3311;-47.391;5.11168;9.16647;3226.23;5.51167;0;0;0.1;0.01;0;3.67548;0;0;-1
0;647;82.1706;-33.1097;3.18214;10.4059;4719.84;6.25692;0;0;0.1;0.01;0;5.82309;0;0;-1
0;648;81.3965;-15.7991;3.84039;9.58771;3691.76;5.76495;0;0;0.1;0.01;0;6.48948;0;0;-1
0;649;79.7757;0.0575285;1.87848;9.17655;3236.88;5.51773;0;0;0.1;0.01;0;5.72915;0;0;-1
0;650;80.9746;18.2563;2.44637;9.17519;3235.44;5.51691;0;0;0.1;0.01;0;6.64371;0;0;-1
0;651;82.5356;36.1026;4.09076;10.3563;4652.67;6.22709;0;0;0.1;0.01;0;5.55385;0;0;-1
0;652;82.8011;55.2992;4.89417;9.98006;4163.78;6.00087;0;0;0.1;0.01;0;2.84952;0;0;-1
0;653;95.8395;-23.3884;2.09905;10.372;4673.86;6.23653;0;0;0.1;0.01;0;3.62852;0;0;-1
0;654;96.3549;-7.56352;4.22232;9.30892;3378.99;5.59732;0;0;0.1;0.01;0;3.40689;0;0;-1
0;655;94.5237;12.1169;1.93685;9.59168;3696.35;5.76734;0;0;0.1;0.01;0;4.21384;0;0;-1
0;656;94.3128;26.6338;4.48004;10.0281;4224.2;6.02975;0;0;0.1;0.01;0;4.46428;0;0;-1
0;657;-86.8357;-40.752;19.204;10.0139;4206.28;6.02121;0;0;0.1;0.01;0;3.22331;0;0;-1
0;658;-85.0779;-21.1785;18.5596;9.39531;3473.94;5.64926;0;0;0.1;0.01;0;3.28446;0;0;-1
0;659;-84.8794;-4.99027;19.2703;9.9256;4095.99;5.96812;0;0;0.1;0.01;0;4.60275;0;0;-1
0;660;-86.647;10.4801;17.1909;9.41782;3498.97;5.6628;0;0;0.1;0.01;0;4.71616;0;0;-1
0;661;-85.7268;27.1066;18.3088;8.5;2572.44;5.11093;0;0;0.1;0.01;0;3.21741;1;0;-1
0;662;-84.2599;45.3282;18.9325;8.68184;2741.09;5.22026;0;0;0.1;0.01;0;2.72686;0;0;-1
0;663;-72.1111;-63.6409;19.8421;9.46219;3548.65;5.68948;0;0;0.1;0.01;0;3.35682;0;0;-1
0;664;-70.8125;-48.5644;16.6733;9.04696;3101.68;5.43981;0;0;0.1;0.01;0;6.11173;0;0;-1
0;665;-68.9827;-33.8694;19.1878;8.5;2572.44;5.11093;0;0;0.1;0.01;0;5.46763;1;0;-1
0;666;-71.9575;-13.1861;19.0178;9.90376;4069.01;5.95499;0;0;0.1;0.01;0;7.23519;0;0;-1
0;667;-69.3867;2.17348;19.71;9.7357;3865.36;5.85394;0;0;0.1;0.01;0;6.93179;0;0;-1
0;668;-70.2537;18.6405;19.3029;9.64972;3763.85;5.80224;0;0;0.1;0.01;0;5.8024;0;0;-1
0;669;-70.2953;34.2549;16.7451;8.77909;2834.24;5.27874;0;0;0.1;0.01;0;4.32207;0;0;-1
0;670;-70.2568;52.884;16.2649;8.5;2572.44;5.11093;0;0;0.1;0.01;0;3.91536;1;0;-1
0;671;-58.0254;-74.9449;17.119;10.065;4271;6.05194;0;0;0.1;0.01;0;4.5152;0;0;-1
0;672;-57.4982;-58.6518;18.7062;9.47117;3558.77;5.69488;0;0;0.1;0.01;0;6.43854;0;0;-1
0;673;-56.2016;-39.5368;17.4583;10.2399;4497.55;6.1571;0;0;0.1;0.01;0;7.40196;0;0;-1
0;674;-57.0827;-23.269;16.9137;8.9323;2985.23;5.37086;0;0;0.1;0.01;0;5.73321;0;0;-1
0;675;-55.1871;-6.46228;16.0494;9.97374;4155.88;5.99707;0;0;0.1;0.01;0;6.24344;0;0;-1
0;676;-57.1288;8.61637;17.4114;8.70387;2762.01;5.23351;0;0;0.1;0.01;0;5.38401;0;0;-1
0;677;-55.3838;26.7718;16.7926;9.65507;3770.12;5.80545;0;0;0.1;0.01;0;5.7086;0;0;-1
0;678;-54.976;46.9007;18.9436;8.5;2572.44;5.11093;0;0;0.1;0.01;0;4.35249;1;0;-1
0;679;-53.9889;61.9344;18.2808;8.67427;2733.93;5.21571;0;0;0.1;0.01;0;3.80782;0;0;-1
0;680;-53.7935;78.0487;19.6601;9.60026;3706.27;5.7725;0;0;0.1;0.01;0;2.63925;0;0;-1
0;681;-41.6987;-84.6151;16.8476;9.64536;3758.75;5.79962;0;0;0.1;0.01;0;4.32865;0;0;-1
0;682;-40.6313;-67.4682;17.7404;8.98447;3037.85;5.40223;0;0;0.1;0.01;0;5.51316;0;0;-1
0;683;-40.464;-47.7823;16.7382;9.09298;3149.25;5.46748;0;0;0.1;0.01;0;5.25983;0;0;-1
0;684;-42.5303;-33.0318;18.1962;9.56256;3662.78;5.74983;0;0;0.1;0.01;0;6.35538;0;0;-1
0;685;-42.1553;-13.7577;16.4855;8.5;2572.44;5.11093;0;0;0.1;0.01;0;4.91586;1;0;-1
0;686;-39.9894;2.28206;17.7234;8.8338;2887.56;5.31164;0;0;0.1;0.01;0;5.08374;0;0;-1
0;687;-42.2127;18.6866;18.4616;8.81873;2872.81;5.30257;0;0;0.1;0.01;0;5.43415;0;0;-1
0;688;-41.1679;33.7371;18.2784;8.97255;3025.77;5.39506;0;0;0.1;0.01;0;5.19034;0;0;-1
0;689;-39.7088;53.21;18.5387;8.97931;3032.62;5.39913;0;0;0.1;0.01;0;4.73839;0;0;-1
0;690;-39.5882;71.4877;16.3985;10.2106;4459.05;6.13949;0;0;0.1;0.01;0;5.90502;0;0;-1
0;691;-41.5965;87.7495;18.5396;8.98874;3042.18;5.4048;0;0;0.1;0.01;0;2.93148;0;0;-1
0;692;-27.7632;-93.4517;16.8258;10.4523;4783.26;6.28482;0;0;0.1;0.01;0;3.98007;0;0;-1
0;693;-27.5102;-72.854;18.5027;9.83112;3980.13;5.91131;0;0;0.1;0.01;0;6.16633;0;0;-1
0;694;-25.3718;-56.709;16.2777;8.5;2572.44;5.11093;0;0;0.1;0.01;0;4.44983;1;0;-1
0;695;-24.5031;-40.379;17.8398;8.88227;2935.35;5.34078;0;0;0.1;0.01;0;5.48665;0;0;-1
0;696;-28.3615;-24.7223;16.3199;9.59361;3698.58;5.7685;0;0;0.1;0.01;0;6.04811;0;0;-1
0;697;-28.3812;-7.18439;16.0137;9.33032;3402.34;5.61019;0;0;0.1;0.01;0;5.29285;0;0;-1
0;698;-26.9582;10.6807;16.4893;9.60486;3711.6;5.77526;0;0;0.1;0.01;0;6.09259;0;0;-1
0;699;-27.4495;28.0481;17.3637;9.05772;3112.76;5.44628;0;0;0.1;0.01;0;5.12813;0;0;-1
0;700;-25.4593;45.9296;17.6318;9.58543;3689.13;5.76358;0;0;0.1;0.01;0;5.76518;0;0;-1
0;701;-28.1573;62.0574;16.407;9.01678;3070.74;5.42166;0;0;0.1;0.01;0;5.90418;0;0;-1
0;702;-27.4136;80.4109;16.3113;10.1887;4430.42;6.12632;0;0;0.1;0.01;0;5.89142;0;0;-1
0;703;-13.2912;-83.6073;17.6394;9.77088;3907.42;5.87509;0;0;0.1;0.01;0;5.45622;0;0;-1
0;704;-13.7328;-65.6427;17.0253;8.5;2572.44;5.11093;0;0;0.1;0.01;0;4.20823;1;0;-1
0;705;-11.181;-47.5323;16.2678;9.7905;3931;5.88689;0;0;0.1;0.01;0;5.45109;0;0;-1
0;706;-12.3558;-30.7853;19.34;8.63701;2698.85;5.19331;0;0;0.1;0.01;0;5.76293;0;0;-1
0;707;-11.5492;-16.1891;17.4742;9.71429;3839.92;5.84106;0;0;0.1;0.01;0;6.34211;0;0;-1
0;708;-13.6713;1.66394;17.1284;10.0878;4300.09;6.06565;0;0;0.1;0.01;0;7.02359;0;0;-1
0;709;-13.1772;20.7892;16.6135;10.0841;4295.36;6.06342;0;0;0.1;0.01;0;6.26916;0;0;-1
0;710;-10.9546;37.3189;17.2928;8.97727;3030.55;5.3979;0;0;0.1;0.01;0;5.49502;0;0;-1
0;711;-10.0214;52.3595;18.3035;10.1287;4352.61;6.09024;0;0;0.1;0.01;0;6.64312;0;0;-1
0;712;-11.6701;68.4201;18.3668;8.59754;2662.02;5.16958;0;0;0.1;0.01;0;5.20804;0;0;-1
0;713;-11.05;85.2599;18.6723;8.5;2572.44;5.11093;0;0;0.1;0.01;0;3.73629;1;0;-1
0;714;1.68337;-91.9808;17.433;10.248;4508.23;6.16197;0;0;0.1;0.01;0;3.90918;0;0;-1
0;715;4.58554;-72.2685;15.9863;8.68782;2746.76;5.22386;0;0;0.1;0.01;0;5.15483;0;0;-1
0;716;2.82003;-56.9719;17.3353;8.5;2572.44;5.11093;0;0;0.1;0.01;0;5.54609;1;0;-1
0;717;2.96116;-39.8559;16.6766;9.887;4048.39;5.94491;0;0;0.1;0.01;0;6.58658;0;0;-1
0;718;2.38631;-24.4683;16.4654;8.82136;2875.38;5.30416;0;0;0.1;0.01;0;5.63649;0;0;-1
0;719;4.97519;-8.37562;17.1077;8.57217;2638.52;5.15432;0;0;0.1;0.01;0;4.74346;0;0;-1
0;720;4.17374;9.64794;16.3839;9.89258;4055.25;5.94826;0;0;0.1;0.01;0;4.89206;0;0;-1
0;721;2.16137;28.5076;16.6382;9.95865;4137.04;5.98799;0;0;0.1;0.01;0;6.24686;0;0;-1
0;722;2.53033;46.1852;15.6195;8.5982;2662.63;5.16997;0;0;0.1;0.01;0;5.80236;0;0;-1
0;723;2.66057;63.403;15.891;10.4039;4717.12;6.25571;0;0;0.1;0.01;0;6.71283;0;0;-1
0;724;0.995058;77.9623;15.9355;8.66392;2724.16;5.20949;0;0;0.1;0.01;0;5.68441;0;0;-1
0;725;4.69885;93.0887;17.77;8.70908;2766.98;5.23664;0;0;0.1;0.01;0;2.89413;0;0;-1
0;726;17.7798;-82.3795;17.1066;10.0453;4245.97;6.04009;0;0;0.1;0.01;0;5.13221;0;0;-1
0;727;15.7992;-64.4115;16.3802;8.5;2572.44;5.11093;0;0;0.1;0.01;0;4.94419;1;0;-1
0;728;16.0246;-50.0867;18.3103;9.61978;3728.93;5.78423;0;0;0.1;0.01;0;5.55377;0;0;-1
0;729;18.9326;-33.9815;18.1082;8.5;2572.44;5.11093;0;0;0.1;0.01;0;4.31454;1;0;-1
0;730;18.3558;-17.0119;17.3443;9.30503;3374.75;5.59498;0;0;0.1;0.01;0;5.77614;0;0;-1
0;731;17.4617;2.71647;18.4918;8.54447;2613.03;5.13767;0;0;0.1;0.01;0;4.73975;0;0;-1
0;732;16.5796;21.1413;16.2204;9.14026;3198.63;5.49591;0;0;0.1;0.01;0;6.27561;0;0;-1
0;733;16.5169;37.0675;17.4478;8.88866;2941.69;5.34462;0;0;0.1;0.01;0;5.88781;0;0;-1
0;734;19.6621;52.9276;17.6958;8.85858;2911.93;5.32654;0;0;0.1;0.01;0;5.16838;0;0;-1
0;735;16.414;69.7755;17.3864;8.51644;2587.4;5.12081;0;0;0.1;0.01;0;5.1554;0;0;-1
0;736;17.9146;85.6741;16.4529;9.17315;3233.29;5.51568;0;0;0.1;0.01;0;3.56748;0;0;-1
0;737;33.1745;-92.484;15.9344;9.05955;3114.64;5.44738;0;0;0.1;0.01;0;1.69029;0;0;-1
0;738;33.7892;-73.7688;16.0993;9.51316;3606.31;5.72013;0;0;0.1;0.01;0;5.47795;0;0;-1
0;739;33.1769;-55.2454;18.0138;9.15668;3215.9;5.50578;0;0;0.1;0.01;0;4.5432;0;0;-1
0;740;33.6521;-39.0274;18.073;8.5;2572.44;5.11093;0;0;0.1;0.01;0;5.33088;1;0;-1
0;741;31.4383;-24.487;16.3381;9.37929;3456.2;5.63963;0;0;0.1;0.01;0;6.48326;0;0;-1
0;742;30.7116;-8.06082;18.5977;9.30862;3378.66;5.59714;0;0;0.1;0.01;0;5.49889;0;0;-1
0;743;30.5273;11.5658;17.0203;8.87722;2930.35;5.33774;0;0;0.1;0.01;0;5.13182;0;0;-1
0;744;32.0967;26.8747;16.7641;8.78131;2836.39;5.28007;0;0;0.1;0.01;0;5.40179;0;0;-1
0;745;33.217;45.768;16.5276;8.5;2572.44;5.11093;0;0;0.1;0.01;0;5.2901;1;0;-1
0;746;30.488;63.4326;19.4772;9.08213;3137.99;5.46095;0;0;0.1;0.01;0;6.81688;0;0;-1
0;747;30.6505;77.812;17.8432;9.25776;3323.58;5.56656;0;0;0.1;0.01;0;5.18479;0;0;-1
0;748;45.3096;-81.2452;16.0906;9.99665;4184.58;6.01084;0;0;0.1;0.01;0;4.7089;0;0;-1
0;749;48.9058;-67.6381;17.0111;8.61752;2680.62;5.18159;0;0;0.1;0.01;0;5.08358;0;0;-1
0;750;47.5093;-48.1676;18.5975;8.5;2572.44;5.11093;0;0;0.1;0.01;0;4.60427;1;0;-1
0;751;46.7622;-31.8993;16.6148;9.52674;3621.78;5.72829;0;0;0.1;0.01;0;6.82799;0;0;-1
0;752;46.3579;-15.3154;17.5017;9.96599;4146.2;5.99241;0;0;0.1;0.01;0;6.40205;0;0;-1
0;753;46.2066;4.39405;19.4779;9.61473;3723.06;5.7812;0;0;0.1;0.01;0;5.43046;0;0;-1
0;754;48.7896;20.4708;17.3376;9.77667;3914.37;5.87857;0;0;0.1;0.01;0;6.22878;0;0;-1
0;755;46.857;34.8818;18.9876;8.5;2572.44;5.11093;0;0;0.1;0.01;0;5.23629;1;0;-1
0;756;45.0867;54.0883;16.587;10.1386;4365.39;6.09619;0;0;0.1;0.01;0;6.57495;0;0;-1
0;757;46.9784;68.9779;17.7825;8.7934;2848.13;5.28734;0;0;0.1;0.01;0;5.04378;0;0;-1
0;758;45.942;86.0495;19.6711;8.5;2572.44;5.11093;0;0;0.1;0.01;0;1.28219;1;0;-1
0;759;61.2241;-75.4429;17.4899;9.74749;3879.42;5.86102;0;0;0.1;0.01;0;2.82186;0;0;-1
0;760;62.3045;-57.9514;18.161;8.5;2572.44;5.11093;0;0;0.1;0.01;0;4.94961;1;0;-1
0;761;62.5621;-38.7136;16.7009;10.097;4311.87;6.07118;0;0;0.1;0.01;0;7.49624;0;0;-1
0;762;60.4195;-24.2771;16.5104;9.90118;4065.83;5.95344;0;0;0.1;0.01;0;7.54527;0;0;-1
0;763;60.377;-7.40208;16.7535;8.93108;2984.01;5.37013;0;0;0.1;0.01;0;4.81141;0;0;-1
0;764;62.4589;10.6027;16.9708;9.45392;3539.36;5.6845;0;0;0.1;0.01;0;5.77877;0;0;-1
0;765;61.6872;28.5345;16.4766;10.2254;4478.47;6.14838;0;0;0.1;0.01;0;7.22196;0;0;-1
0;766;61.8696;45.2095;19.0393;8.67367;2733.36;5.21535;0;0;0.1;0.01;0;6.07977;0;0;-1
0;767;62.2911;63.6366;19.0453;10.0225;4217.13;6.02638;0;0;0.1;0.01;0;4.83294;0;0;-1
0;768;75.907;-50.2073;19.5113;8.70096;2759.24;5.23176;0;0;0.1;0.01;0;3.01397;0;0;-1
0;769;76.0458;-33.48;18.3417;10.0886;4301.12;6.06613;0;0;0.1;0.01;0;6.13484;0;0;-1
0;770;77.6179;-16.955;16.7482;8.5;2572.44;5.11093;0;0;0.1;0.01;0;4.96239;1;0;-1
0;771;74.8835;0.851166;19.4096;8.71841;2775.88;5.24225;0;0;0.1;0.01;0;4.44535;0;0;-1
0;772;76.4903;20.1061;16.187;9.82373;3971.16;5.90687;0;0;0.1;0.01;0;6.5373;0;0;-1
0;773;74.8208;37.9219;19.0715;10.3722;4674.14;6.23665;0;0;0.1;0.01;0;6.73507;0;0;-1
0;774;76.5234;52.4248;18.7541;8.77615;2831.4;5.27697;0;0;0.1;0.01;0;4.58087;0;0;-1
0;775;91.5286;-22.0699;18.6368;9.7875;3927.39;5.88508;0;0;0.1;0.01;0;4.34495;0;0;-1
0;776;92.7473;-7.35758;19.9336;8.5;2572.44;5.11093;0;0;0.1;0.01;0;2.61868;1;0;-1
0;777;91.7;9.32655;16.2196;9.05672;3111.73;5.44567;0;0;0.1;0.01;0;2.5276;0;0;-1
0;778;89.4693;26.8394;17.3942;9.35384;3428.14;5.62433;0;0;0.1;0.01;0;4.07835;0;0;-1
0;779;-93.5851;2.40983;34.5628;8.55786;2625.33;5.14572;0;0;0.1;0.01;0;2.84491;0;0;-1
0;780;-82.0393;-39.7082;31.6317;9.85962;4014.85;5.92845;0;0;0.1;0.01;0;3.15555;0;0;-1
0;781;-79.6852;-25.0872;32.4527;9.32437;3395.84;5.60661;0;0;0.1;0.01;0;4.25363;0;0;-1
0;782;-79.0006;-6.09134;34.0291;9.22038;3283.49;5.54408;0;0;0.1;0.01;0;5.97762;0;0;-1
0;783;-80.178;10.0442;31.8128;8.73128;2788.19;5.24999;0;0;0.1;0.01;0;4.89495;0;0;-1
0;784;-82.706;25.8717;30.9244;9.40262;3482.05;5.65366;0;0;0.1;0.01;0;2.74792;0;0;-1
0;785;-79.903;46.0344;31.3478;8.54151;2610.31;5.13589;0;0;0.1;0.01;0;2.2037;0;0;-1
0;786;-65.9587;-66.8877;33.9526;9.46889;3556.2;5.69351;0;0;0.1;0.01;0;3.41865;0;0;-1
0;787;-66.6252;-47.6759;32.2361;9.70994;3834.76;5.83845;0;0;0.1;0.01;0;4.79039;0;0;-1
0;788;-64.305;-30.7698;34.2021;9.95636;4134.19;5.98661;0;0;0.1;0.01;0;6.55725;0;0;-1
0;789;-66.7759;-15.5689;31.0166;8.5;2572.44;5.11093;0;0;0.1;0.01;0;5.95122;1;0;-1
0;790;-65.6087;0.0125593;34.1268;8.9441;2997.08;5.37796;0;0;0.1;0.01;0;5.98594;0;0;-1
0;791;-66.5535;18.1303;33.8905;8.5;2572.44;5.11093;0;0;0.1;0.01;0;4.43005;1;0;-1
0;792;-64.4045;35.1707;31.6611;8.58667;2651.94;5.16304;0;0;0.1;0.01;0;4.16547;0;0;-1
0;793;-66.839;53.061;33.2037;9.91933;4088.23;5.96435;0;0;0.1;0.01;0;3.57277;0;0;-1
0;794;-53.1853;-73.3258;30.6202;10.1149;4334.84;6.08194;0;0;0.1;0.01;0;4.85179;0;0;-1
0;795;-50.1842;-58.715;30.9837;9.48167;3570.62;5.70119;0;0;0.1;0.01;0;6.02705;0;0;-1
0;796;-49.8366;-38.403;31.652;9.72083;3847.68;5.84499;0;0;0.1;0.01;0;6.12779;0;0;-1
0;797;-52.8021;-21.2971;31.1195;8.5;2572.44;5.11093;0;0;0.1;0.01;0;4.91582;1;0;-1
0;798;-52.704;-7.28958;34.1903;9.66627;3783.25;5.81219;0;0;0.1;0.01;0;4.47646;0;0;-1
0;799;-51.6679;11.8692;31.7787;8.5;2572.44;5.11093;0;0;0.1;0.01;0;4.16138;1;0;-1
0;800;-50.7127;29.4034;32.6091;8.5;2572.44;5.11093;0;0;0.1;0.01;0;5.23877;1;0;-1
0;801;-52.7789;43.3433;33.1312;8.5;2572.44;5.11093;0;0;0.1;0.01;0;5.24124;1;0;-1
0;802;-51.6432;60.0651;33.975;8.5;2572.44;5.11093;0;0;0.1;0.01;0;4.23792;1;0;-1
0;803;-35.6441;-85.3934;34.282;10.1766;4414.65;6.11904;0;0;0.1;0.01;0;3.63852;0;0;-1
0;804;-38.0005;-66.3762;31.2874;8.5;2572.44;5.11093;0;0;0.1;0.01;0;4.5606;1;0;-1
0;805;-37.9478;-47.294;33.129;9.74583;3877.44;5.86003;0;0;0.1;0.01;0;5.96601;0;0;-1
0;806;-34.4731;-33.0298;33.0311;10.2533;4515.23;6.16516;0;0;0.1;0.01;0;6.52064;0;0;-1
0;807;-35.1763;-16.2798;32.7135;8.8572;2910.57;5.32571;0;0;0.1;0.01;0;4.13044;0;0;-1
0;808;-35.3379;2.98033;32.2903;8.80953;2863.83;5.29704;0;0;0.1;0.01;0;4.53475;0;0;-1
0;809;-38.304;17.6746;32.7597;8.96634;3019.49;5.39133;0;0;0.1;0.01;0;4.90158;0;0;-1
0;810;-36.9802;37.9438;31.662;9.65063;3764.92;5.80278;0;0;0.1;0.01;0;6.08295;0;0;-1
0;811;-36.843;52.4703;32.4161;8.9865;3039.91;5.40345;0;0;0.1;0.01;0;5.22324;0;0;-1
0;812;-37.9083;69.1937;32.1185;8.5;2572.44;5.11093;0;0;0.1;0.01;0;3.35681;1;0;-1
0;813;-20.9678;-91.024;34.0227;9.86408;4020.3;5.93113;0;0;0.1;0.01;0;3.76584;0;0;-1
0;814;-22.925;-74.3062;32.2336;8.5;2572.44;5.11093;0;0;0.1;0.01;0;5.12056;1;0;-1
0;815;-22.8372;-57.0537;34.4245;8.61747;2680.57;5.18156;0;0;0.1;0.01;0;4.58555;0;0;-1
0;816;-21.8598;-42.7438;31.8913;8.61331;2676.69;5.17906;0;0;0.1;0.01;0;5.67944;0;0;-1
0;817;-20.4317;-21.6669;31.377;8.5;2572.44;5.11093;0;0;0.1;0.01;0;3.95944;1;0;-1
0;818;-20.9575;-4.75586;34.0486;9.37895;3455.82;5.63943;0;0;0.1;0.01;0;5.90032;0;0;-1
0;819;-21.7908;11.1929;31.6474;8.93559;2988.53;5.37284;0;0;0.1;0.01;0;5.8776;0;0;-1
0;820;-22.9969;29.3704;33.7823;9.49202;3582.32;5.70741;0;0;0.1;0.01;0;5.55514;0;0;-1
0;821;-20.7366;44.2973;33.8116;9.19925;3260.96;5.53138;0;0;0.1;0.01;0;6.29556;0;0;-1
0;822;-20.4301;59.6986;30.9829;8.65751;2718.11;5.20564;0;0;0.1;0.01;0;5.12151;0;0;-1
0;823;-21.7711;76.7198;32.6751;10.0526;4255.24;6.04448;0;0;0.1;0.01;0;4.73759;0;0;-1
0;824;-6.81839;-81.4823;33.0107;10.2345;4490.44;6.15386;0;0;0.1;0.01;0;5.73613;0;0;-1
0;825;-7.5785;-65.8506;32.04;9.11861;3175.96;5.48289;0;0;0.1;0.01;0;4.85277;0;0;-1
0;826;-8.80901;-46.9416;30.7945;9.1191;3176.47;5.48318;0;0;0.1;0.01;0;5.1505;0;0;-1
0;827;-5.46287;-32.6263;31.166;8.5;2572.44;5.11093;0;0;0.1;0.01;0;4.74312;1;0;-1
0;828;-8.84335;-13.1746;31.5904;10.4144;4731.42;6.26203;0;0;0.1;0.01;0;6.59052;0;0;-1
0;829;-7.46709;3.47548;31.9502;9.30981;3379.96;5.59785;0;0;0.1;0.01;0;6.085;0;0;-1
0;830;-6.85385;21.0009;33.6324;10.0649;4270.88;6.05188;0;0;0.1;0.01;0;5.67501;0;0;-1
0;831;-7.48059;37.7976;34.0827;9.13604;3194.2;5.49337;0;0;0.1;0.01;0;6.14393;0;0;-1
0;832;-5.85352;51.7226;33.6909;8.5;2572.44;5.11093;0;0;0.1;0.01;0;5.49331;1;0;-1
0;833;-7.20594;69.7854;32.4006;8.73803;2794.66;5.25405;0;0;0.1;0.01;0;4.34827;0;0;-1
0;834;-6.78282;88.6489;31.1321;8.56897;2635.57;5.1524;0;0;0.1;0.01;0;2.16806;0;0;-1
0;835;8.2503;-89.4382;34.662;8.757;2812.9;5.26546;0;0;0.1;0.01;0;3.1823;0;0;-1
0;836;7.70512;-74.4753;32.4945;10.4534;4784.77;6.28548;0;0;0.1;0.01;0;7.03367;0;0;-1
0;837;6.34499;-58.9497;31.8195;8.79873;2853.31;5.29055;0;0;0.1;0.01;0;5.10499;0;0;-1
0;838;8.48681;-42.9168;33.2006;10.0561;4259.68;6.04659;0;0;0.1;0.01;0;6.75263;0;0;-1
0;839;6.86476;-23.8817;32.7495;8.90408;2957.03;5.35389;0;0;0.1;0.01;0;4.87809;0;0;-1
0;840;7.21282;-6.04467;33.7236;9.87605;4034.95;5.93833;0;0;0.1;0.01;0;6.05057;0;0;-1
0;841;5.64747;8.79115;34.3815;9.10205;3158.68;5.47293;0;0;0.1;0.01;0;4.74076;0;0;-1
0;842;8.33821;27.821;31.0454;9.25309;3318.55;5.56375;0;0;0.1;0.01;0;5.1598;0;0;-1
0;843;6.79111;42.895;30.5912;10.1876;4428.99;6.12566;0;0;0.1;0.01;0;6.42068;0;0;-1
0;844;8.63433;61.5759;30.9045;8.68436;2743.48;5.22178;0;0;0.1;0.01;0;4.75594;0;0;-1
0;845;9.1211;78.9349;31.9044;9.46328;3549.88;5.69013;0;0;0.1;0.01;0;4.70427;0;0;-1
0;846;23.1438;-82.6653;33.8558;9.93443;4106.93;5.97343;0;0;0.1;0.01;0;4.76667;0;0;-1
0;847;22.6503;-67.965;33.0062;9.85623;4010.71;5.92641;0;0;0.1;0.01;0;5.40372;0;0;-1
0;848;23.868;-47.7363;33.3892;8.90151;2954.47;5.35235;0;0;0.1;0.01;0;5.89593;0;0;-1
0;849;21.1378;-32.2885;32.4661;10.1635;4397.63;6.11117;0;0;0.1;0.01;0;7.04016;0;0;-1
0;850;22.1174;-14.0025;32.2164;10.1553;4386.99;6.10623;0;0;0.1;0.01;0;6.79727;0;0;-1
0;851;22.3378;0.482351;30.9412;8.92445;2977.37;5.36614;0;0;0.1;0.01;0;5.12832;0;0;-1
0;852;23.0058;19.336;30.4905;9.06881;3124.2;5.45294;0;0;0.1;0.01;0;4.82422;0;0;-1
0;853;22.1103;37.5573;33.9879;9.3486;3422.38;5.62118;0;0;0.1;0.01;0;5.73745;0;0;-1
0;854;23.7965;51.3876;32.5739;9.90615;4071.96;5.95642;0;0;0.1;0.01;0;6.81442;0;0;-1
0;855;22.3248;68.7546;31.001;8.75237;2808.44;5.26267;0;0;0.1;0.01;0;5.90294;0;0;-1
0;856;20.8564;89.39;34.2259;9.34689;3420.5;5.62015;0;0;0.1;0.01;0;1.60205;0;0;-1
0;857;35.7802;-74.723;32.7948;8.5;2572.44;5.11093;0;0;0.1;0.01;0;3.42712;1;0;-1
0;858;37.187;-55.0875;32.8379;9.55435;3653.36;5.74489;0;0;0.1;0.01;0;5.7615;0;0;-1
0;859;35.5728;-38.4175;30.8851;8.5;2572.44;5.11093;0;0;0.1;0.01;0;5.30866;1;0;-1
0;860;37.4968;-21.9798;32.1845;8.5;2572.44;5.11093;0;0;0.1;0.01;0;4.75515;1;0;-1
0;861;35.9004;-4.81317;33.2103;9.17157;3231.62;5.51473;0;0;0.1;0.01;0;5.72722;0;0;-1
0;862;38.7407;9.35185;32.4869;8.59517;2659.82;5.16815;0;0;0.1;0.01;0;4.91431;0;0;-1
0;863;38.1043;25.5608;32.9975;9.81869;3965.06;5.90384;0;0;0.1;0.01;0;5.5935;0;0;-1
0;864;38.35;43.1656;33.0882;9.76301;3897.98;5.87036;0;0;0.1;0.01;0;6.02076;0;0;-1
0;865;35.3797;61.8623;33.7012;9.76121;3895.83;5.86927;0;0;0.1;0.01;0;6.62545;0;0;-1
0;866;36.8546;77.2513;32.1587;10.0224;4217;6.02632;0;0;0.1;0.01;0;5.23562;0;0;-1
0;867;52.83;-64.6628;31.9363;9.06145;3116.6;5.44852;0;0;0.1;0.01;0;3.97347;0;0;-1
0;868;53.1654;-49.3421;32.1268;9.43641;3519.73;5.67398;0;0;0.1;0.01;0;5.655;0;0;-1
0;869;52.0703;-33.3878;32.4031;9.52844;3623.71;5.72931;0;0;0.1;0.01;0;6.13888;0;0;-1
0;870;51.5445;-17.3172;31.5993;9.93219;4104.15;5.97208;0;0;0.1;0.01;0;6.31965;0;0;-1
0;871;53.2113;0.912496;33.8738;10.0205;4214.6;6.02518;0;0;0.1;0.01;0;6.86817;0;0;-1
0;872;52.4615;17.8212;33.3884;8.9672;3020.36;5.39185;0;0;0.1;0.01;0;6.01564;0;0;-1
0;873;53.474;38.1473;32.2382;8.9671;3020.26;5.39179;0;0;0.1;0.01;0;6.03715;0;0;-1
0;874;53.2623;53.18;33.3283;9.60563;3712.5;5.77573;0;0;0.1;0.01;0;6.96861;0;0;-1
0;875;51.4243;68.3287;32.4169;9.14929;3208.12;5.50134;0;0;0.1;0.01;0;4.8684;0;0;-1
0;876;67.2601;-58.0735;32.4269;8.83388;2887.64;5.31168;0;0;0.1;0.01;0;3.29092;0;0;-1
0;877;67.6941;-38.6043;31.5513;9.31078;3381.01;5.59844;0;0;0.1;0.01;0;5.34482;0;0;-1
0;878;66.3892;-21.8161;31.9594;9.12977;3187.63;5.4896;0;0;0.1;0.01;0;5.27203;0;0;-1
0;879;66.9399;-4.76842;32.6257;9.85842;4013.38;5.92772;0;0;0.1;0.01;0;5.72584;0;0;-1
0;880;67.2137;10.3561;32.974;8.94914;3002.15;5.38099;0;0;0.1;0.01;0;6.55143;0;0;-1
0;881;66.2094;28.0085;33.7818;8.61621;2679.4;5.1808;0;0;0.1;0.01;0;5.82026;0;0;-1
0;882;67.3153;45.6441;31.0872;9.11558;3172.79;5.48107;0;0;0.1;0.01;0;6.46633;0;0;-1
0;883;67.0138;59.5011;32.0823;9.87652;4035.53;5.93861;0;0;0.1;0.01;0;4.7545;0;0;-1
0;884;79.9427;-30.2567;33.8266;9.91075;4077.63;5.95919;0;0;0.1;0.01;0;4.39889;0;0;-1
0;885;80.1792;-15.9682;30.7231;8.8039;2858.34;5.29366;0;0;0.1;0.01;0;4.50519;0;0;-1
0;886;79.659;3.68606;33.55;10.0827;4293.58;6.06258;0;0;0.1;0.01;0;4.948;0;0;-1
0;887;80.7153;19.701;34.1945;8.73611;2792.82;5.2529;0;0;0.1;0.01;0;3.84834;0;0;-1
0;888;80.5433;33.6364;31.9239;8.98096;3034.29;5.40012;0;0;0.1;0.01;0;4.25639;0;0;-1
0;889;-86.3532;-6.44339;47.2357;9.7781;3916.08;5.87943;0;0;0.1;0.01;0;3.24566;0;0;-1
0;890;-85.6619;9.85755;47.7997;10.4049;4718.48;6.25632;0;0;0.1;0.01;0;3.02187;0;0;-1
0;891;-69.0169;-49.9835;48.7948;10.4318;4755.17;6.27249;0;0;0.1;0.01;0;2.88026;0;0;-1
0;892;-69.392;-33.7452;47.9867;8.5;2572.44;5.11093;0;0;0.1;0.01;0;4.09404;1;0;-1
0;893;-69.3659;-13.365;47.6943;9.91875;4087.52;5.964;0;0;0.1;0.01;0;5.72641;0;0;-1
0;894;-71.5183;0.838311;46.7801;8.91111;2964.04;5.35812;0;0;0.1;0.01;0;5.62303;0;0;-1
0;895;-68.5659;18.0394;47.0531;8.75571;2811.66;5.26468;0;0;0.1;0.01;0;3.93419;0;0;-1
0;896;-70.5781;36.4576;49.3673;9.25688;3322.63;5.56603;0;0;0.1;0.01;0;1.72482;0;0;-1
0;897;-56.6356;-59.6023;46.1485;8.92538;2978.3;5.3667;0;0;0.1;0.01;0;4.10178;0;0;-1
0;898;-57.0569;-39.1333;47.6092;9.30218;3371.65;5.59327;0;0;0.1;0.01;0;5.77752;0;0;-1
0;899;-57.0521;-23.2652;47.2556;8.5;2572.44;5.11093;0;0;0.1;0.01;0;5.45143;1;0;-1
0;900;-56.8237;-6.91365;48.8095;9.56046;3660.37;5.74857;0;0;0.1;0.01;0;5.90435;0;0;-1
0;901;-54.5984;12.7546;45.9818;8.6949;2753.48;5.22812;0;0;0.1;0.01;0;4.42072;0;0;-1
0;902;-57.7015;29.7413;45.9849;8.5;2572.44;5.11093;0;0;0.1;0.01;0;4.65969;1;0;-1
0;903;-56.3054;45.9412;47.0362;8.5;2572.44;5.11093;0;0;0.1;0.01;0;4.45922;1;0;-1
0;904;-54.4387;61.2976;46.4135;8.73256;2789.42;5.25076;0;0;0.1;0.01;0;3.50063;0;0;-1
0;905;-40.6491;-64.3846;45.8801;8.77308;2828.43;5.27513;0;0;0.1;0.01;0;3.66479;0;0;-1
0;906;-40.4085;-50.5794;48.2058;9.14813;3206.9;5.50064;0;0;0.1;0.01;0;5.1597;0;0;-1
0;907;-43.1989;-30.0712;46.0958;10.1709;4407.24;6.11561;0;0;0.1;0.01;0;6.05379;0;0;-1
0;908;-41.5066;-14.2964;49.0787;8.5;2572.44;5.11093;0;0;0.1;0.01;0;4.9884;1;0;-1
0;909;-41.64;0.773517;49.2617;8.65928;2719.78;5.2067;0;0;0.1;0.01;0;4.59946;0;0;-1
0;910;-42.0972;16.7748;48.2704;10.2808;4551.66;6.1817;0;0;0.1;0.01;0;5.92294;0;0;-1
0;911;-42.3287;35.8729;45.2265;8.59133;2656.26;5.16584;0;0;0.1;0.01;0;4.94983;0;0;-1
0;912;-41.2203;53.2392;48.9035;10.1348;4360.48;6.09391;0;0;0.1;0.01;0;6.53575;0;0;-1
0;913;-42.4855;69.7213;48.0973;9.85071;4003.97;5.92309;0;0;0.1;0.01;0;4.23759;0;0;-1
0;914;-27.8299;-76.7422;46.7379;9.0812;3137.03;5.46039;0;0;0.1;0.01;0;2.96398;0;0;-1
0;915;-26.1705;-55.5078;48.3139;8.59395;2658.69;5.16742;0;0;0.1;0.01;0;5.99533;0;0;-1
0;916;-27.6869;-41.4906;46.529;9.63897;3751.29;5.79577;0;0;0.1;0.01;0;7.57593;0;0;-1
0;917;-28.029;-24.2542;49.4343;8.5;2572.44;5.11093;0;0;0.1;0.01;0;4.80393;1;0;-1
0;918;-25.7044;-8.79425;47.325;8.5;2572.44;5.11093;0;0;0.1;0.01;0;4.6373;1;0;-1
0;919;-26.6735;12.0273;46.5377;9.92574;4096.16;5.9682;0;0;0.1;0.01;0;5.77871;0;0;-1
0;920;-26.957;29.5836;48.5564;10.2075;4454.99;6.13762;0;0;0.1;0.01;0;7.06286;0;0;-1
0;921;-26.3494;45.1522;48.8392;9.22863;3292.31;5.54904;0;0;0.1;0.01;0;6.11749;0;0;-1
0;922;-25.8927;60.881;46.5189;10.3198;4603.65;6.20515;0;0;0.1;0.01;0;6.87225;0;0;-1
0;923;-25.5721;79.3343;48.5036;9.1597;3219.08;5.50759;0;0;0.1;0.01;0;3.17622;0;0;-1
0;924;-12.3656;-80.7864;46.0181;8.874;2927.16;5.33581;0;0;0.1;0.01;0;3.07189;0;0;-1
0;925;-11.8856;-64.6869;47.9593;8.62741;2689.86;5.18754;0;0;0.1;0.01;0;4.45674;0;0;-1
0;926;-13.4923;-47.9737;46.5688;10.3686;4669.27;6.23449;0;0;0.1;0.01;0;7.51902;0;0;-1
0;927;-12.6918;-33.57;49.1071;10.005;4195.08;6.01586;0;0;0.1;0.01;0;5.8802;0;0;-1
0;928;-11.4127;-13.8813;48.6921;9.93402;4106.42;5.97318;0;0;0.1;0.01;0;6.77076;0;0;-1
0;929;-11.0374;0.27032;46.1089;9.49154;3581.78;5.70713;0;0;0.1;0.01;0;6.65025;0;0;-1
0;930;-13.1772;19.5126;47.8625;10.0132;4205.4;6.02079;0;0;0.1;0.01;0;6.25779;0;0;-1
0;931;-11.255;37.0929;49.0536;8.84922;2902.71;5.32091;0;0;0.1;0.01;0;6.45059;0;0;-1
0;932;-12.2012;52.5458;48.7857;9.02879;3083.03;5.42888;0;0;0.1;0.01;0;7.20908;0;0;-1
0;933;-11.7491;69.7934;48.0813;10.1432;4371.33;6.09896;0;0;0.1;0.01;0;5.86718;0;0;-1
0;934;-12.8163;86.6116;47.9921;8.5;2572.44;5.11093;0;0;0.1;0.01;0;1.66641;1;0;-1
0;935;2.05615;-73.1385;45.8816;8.5;2572.44;5.11093;0;0;0.1;0.01;0;4.91211;1;0;-1
0;936;1.61217;-59.4357;46.6233;8.99434;3047.87;5.40817;0;0;0.1;0.01;0;5.60818;0;0;-1
0;937;2.35657;-42.2773;46.9556;9.40872;3488.83;5.65733;0;0;0.1;0.01;0;5.65061;0;0;-1
0;938;1.44611;-22.4081;48.5094;9.3869;3464.62;5.64421;0;0;0.1;0.01;0;5.81983;0;0;-1
0;939;4.30951;-5.38727;49.0458;9.50215;3593.8;5.7135;0;0;0.1;0.01;0;6.81232;0;0;-1
0;940;3.22415;8.86506;49.2427;9.40384;3483.41;5.65439;0;0;0.1;0.01;0;5.80681;0;0;-1
0;941;1.82463;29.6371;47.3229;8.5;2572.44;5.11093;0;0;0.1;0.01;0;5.04962;1;0;-1
0;942;1.0859;45.5416;47.6009;8.53776;2606.88;5.13363;0;0;0.1;0.01;0;6.17219;0;0;-1
0;943;1.48823;60.6202;45.6708;9.03964;3094.15;5.4354;0;0;0.1;0.01;0;5.43627;0;0;-1
0;944;4.93505;79.7277;48.6624;10.1102;4328.8;6.07912;0;0;0.1;0.01;0;3.00492;0;0;-1
0;945;18.9243;-84.4738;48.8948;8.82496;2878.9;5.30632;0;0;0.1;0.01;0;1.95355;0;0;-1
0;946;18.2793;-65.9314;46.7102;9.13393;3191.99;5.4921;0;0;0.1;0.01;0;4.69361;0;0;-1
0;947;16.9251;-49.4113;46.2832;8.5;2572.44;5.11093;0;0;0.1;0.01;0;4.61383;1;0;-1
0;948;19.3926;-34.3998;45.9322;10.2763;4545.68;6.17899;0;0;0.1;0.01;0;6.56761;0;0;-1
0;949;16.1469;-14.8591;48.4578;9.22523;3288.67;5.547;0;0;0.1;0.01;0;6.34148;0;0;-1
0;950;18.7815;1.80677;48.5189;8.50641;2578.26;5.11478;0;0;0.1;0.01;0;5.65673;0;0;-1
0;951;17.3932;17.4897;46.7748;9.55479;3653.86;5.74516;0;0;0.1;0.01;0;5.23567;0;0;-1
0;952;16.0228;36.3978;49.0167;8.5;2572.44;5.11093;0;0;0.1;0.01;0;4.95231;1;0;-1
0;953;19.2392;50.8499;45.561;9.03341;3087.76;5.43166;0;0;0.1;0.01;0;5.11139;0;0;-1
0;954;17.4147;71.098;46.7939;9.52319;3617.73;5.72616;0;0;0.1;0.01;0;4.54279;0;0;-1
0;955;33.2057;-74.274;48.7934;8.9766;3029.87;5.3975;0;0;0.1;0.01;0;3.24327;0;0;-1
0;956;33.1142;-57.1337;47.8279;9.60965;3717.16;5.77814;0;0;0.1;0.01;0;6.04539;0;0;-1
0;957;33.4743;-39.2134;45.823;9.85133;4004.73;5.92346;0;0;0.1;0.01;0;6.5412;0;0;-1
0;958;30.7979;-22.5147;46.1751;9.98303;4167.5;6.00265;0;0;0.1;0.01;0;6.39014;0;0;-1
0;959;31.9841;-5.04284;47.7719;9.48791;3577.67;5.70494;0;0;0.1;0.01;0;5.83454;0;0;-1
0;960;33.255;12.0635;47.6419;9.44032;3524.1;5.67633;0;0;0.1;0.01;0;5.48037;0;0;-1
0;961;30.6851;25.7842;46.9809;9.75134;3884.02;5.86334;0;0;0.1;0.01;0;6.52901;0;0;-1
0;962;32.7084;43.2075;48.513;8.95476;3007.81;5.38437;0;0;0.1;0.01;0;6.11541;0;0;-1
0;963;31.8873;59.3296;48.6124;9.99243;4179.28;6.0083;0;0;0.1;0.01;0;6.93103;0;0;-1
0;964;30.9353;76.2525;47.6997;9.44588;3530.33;5.67967;0;0;0.1;0.01;0;4.12505;0;0;-1
0;965;45.9663;-63.7035;46.5671;8.50235;2574.57;5.11234;0;0;0.1;0.01;0;3.30851;0;0;-1
0;966;46.1744;-47.4731;47.5699;10.2055;4452.37;6.13642;0;0;0.1;0.01;0;6.42852;0;0;-1
0;967;47.6505;-31.4605;46.2913;8.5;2572.44;5.11093;0;0;0.1;0.01;0;5.04369;1;0;-1
0;968;45.2316;-13.9419;49.0281;9.26855;3335.22;5.57304;0;0;0.1;0.01;0;5.88994;0;0;-1
0;969;45.8988;-0.221606;45.3746;8.5;2572.44;5.11093;0;0;0.1;0.01;0;5.34717;1;0;-1
0;970;47.716;20.7855;46.8818;10.0206;4214.73;6.02524;0;0;0.1;0.01;0;7.1667;0;0;-1
0;971;45.3019;36.6198;48.5882;9.44979;3534.72;5.68202;0;0;0.1;0.01;0;6.80024;0;0;-1
0;972;46.4723;54.7686;49.1069;9.69619;3818.49;5.83018;0;0;0.1;0.01;0;5.88012;0;0;-1
0;973;45.661;72.0075;48.421;9.86394;4020.13;5.93104;0;0;0.1;0.01;0;3.34204;0;0;-1
0;974;63.7054;-58.7698;46.4861;8.74716;2803.43;5.25954;0;0;0.1;0.01;0;2.3805;0;0;-1
0;975;62.0133;-42.3742;47.6506;9.36522;3440.67;5.63117;0;0;0.1;0.01;0;5.04897;0;0;-1
0;976;59.8981;-24.0735;48.5221;8.5;2572.44;5.11093;0;0;0.1;0.01;0;4.86045;1;0;-1
0;977;63.6079;-8.69906;46.8171;10.1425;4370.42;6.09854;0;0;0.1;0.01;0;6.67309;0;0;-1
0;978;60.6653;8.13267;47.1503;9.86993;4027.46;5.93465;0;0;0.1;0.01;0;6.38295;0;0;-1
0;979;61.522;26.8088;46.115;9.90075;4065.3;5.95318;0;0;0.1;0.01;0;6.42575;0;0;-1
0;980;60.1715;43.648;46.0391;10.1384;4365.13;6.09607;0;0;0.1;0.01;0;6.24383;0;0;-1
0;981;61.1681;61.0044;46.9964;9.12844;3186.24;5.4888;0;0;0.1;0.01;0;3.75978;0;0;-1
0;982;77.2961;-30.3698;48.6448;8.61289;2676.3;5.17881;0;0;0.1;0.01;0;2.62313;0;0;-1
0;983;77.1297;-17.0996;47.7309;8.5;2572.44;5.11093;0;0;0.1;0.01;0;3.16241;1;0;-1
0;984;75.5668;1.82974;46.547;9.84126;3992.46;5.91741;0;0;0.1;0.01;0;5.04707;0;0;-1
0;985;78.6909;17.3409;48.8009;10.0526;4255.24;6.04448;0;0;0.1;0.01;0;4.18382;0;0;-1
0;986;75.2838;34.6948;45.9229;10.2898;4563.62;6.18711;0;0;0.1;0.01;0;4.40567;0;0;-1
0;987;-65.6139;-30.2863;62.2586;8.57744;2643.39;5.15749;0;0;0.1;0.01;0;3.43816;0;0;-1
0;988;-66.5799;-15.423;63.549;8.87947;2932.58;5.3391;0;0;0.1;0.01;0;3.53941;0;0;-1
0;989;-66.6941;0.545408;61.3379;8.52153;2592.04;5.12387;0;0;0.1;0.01;0;3.47898;0;0;-1
0;990;-66.151;19.5148;63.939;9.60852;3715.85;5.77746;0;0;0.1;0.01;0;3.35459;0;0;-1
0;991;-51.8151;-58.4785;60.4504;9.06277;3117.97;5.44931;0;0;0.1;0.01;0;2.13814;0;0;-1
0;992;-51.4181;-38.758;63.6263;10.4312;4754.35;6.27213;0;0;0.1;0.01;0;5.19901;0;0;-1
0;993;-50.7459;-24.4996;63.3015;8.99047;3043.94;5.40584;0;0;0.1;0.01;0;6.4125;0;0;-1
0;994;-52.7048;-8.79257;61.3398;8.75928;2815.1;5.26683;0;0;0.1;0.01;0;4.57338;0;0;-1
0;995;-53.4881;10.3278;61.6451;10.3467;4639.75;6.22132;0;0;0.1;0.01;0;5.60166;0;0;-1
0;996;-53.0245;27.1248;62.108;8.5119;2583.26;5.11808;0;0;0.1;0.01;0;4.04146;0;0;-1
0;997;-51.7523;46.5253;61.8021;9.49673;3587.66;5.71025;0;0;0.1;0.01;0;3.02923;0;0;-1
0;998;-36.373;-47.5539;60.5192;9.31429;3384.84;5.60055;0;0;0.1;0.01;0;6.18431;0;0;-1
0;999;-36.9168;-33.1656;64.1663;8.56914;2635.73;5.1525;0;0;0.1;0.01;0;5.89261;0;0;-1
0;1000;-35.474;-15.6549;62.6711;9.77893;3917.08;5.87993;0;0;0.1;0.01;0;6.62085;0;0;-1
0;1001;-36.1618;1.45674;63.9622;8.73934;2795.92;5.25484;0;0;0.1;0.01;0;4.87593;0;0;-1
0;1002;-35.0677;19.5855;62.2216;8.80965;2863.94;5.29711;0;0;0.1;0.01;0;5.88763;0;0;-1
0;1003;-35.2275;37.0923;60.6605;9.96828;4149.06;5.99378;0;0;0.1;0.01;0;6.29411;0;0;-1
0;1004;-38.3029;52.261;63.8415;9.47991;3568.63;5.70013;0;0;0.1;0.01;0;3.9462;0;0;-1
0;1005;-38.314;67.9577;60.699;9.61487;3723.22;5.78128;0;0;0.1;0.01;0;3.18479;0;0;-1
0;1006;-21.3173;-73.2339;63.7646;8.5;2572.44;5.11093;0;0;0.1;0.01;0;1.71409;1;0;-1
0;1007;-23.291;-57.029;62.2465;10.4;4711.82;6.25337;0;0;0.1;0.01;0;6.18513;0;0;-1
0;1008;-22.2421;-40.863;61.3936;10.2717;4539.58;6.17622;0;0;0.1;0.01;0;8.02852;0;0;-1
0;1009;-21.3068;-22.7377;63.6571;8.53442;2603.82;5.13162;0;0;0.1;0.01;0;6.24312;0;0;-1
0;1010;-21.9777;-5.56819;62.1279;10.3597;4657.26;6.22914;0;0;0.1;0.01;0;6.43833;0;0;-1
0;1011;-22.1217;10.5176;60.8537;8.5;2572.44;5.11093;0;0;0.1;0.01;0;3.63316;1;0;-1
0;1012;-23.7863;26.8087;63.5242;9.01866;3072.66;5.42279;0;0;0.1;0.01;0;4.69494;0;0;-1
0;1013;-22.4084;44.4746;62.811;9.87176;4029.7;5.93575;0;0;0.1;0.01;0;6.77133;0;0;-1
0;1014;-21.8348;59.6997;60.1762;8.81698;2871.1;5.30152;0;0;0.1;0.01;0;5.43805;0;0;-1
0;1015;-7.87728;-67.6904;60.3455;8.52518;2595.37;5.12607;0;0;0.1;0.01;0;3.89181;0;0;-1
0;1016;-7.87168;-47.7058;63.1317;10.2311;4485.96;6.15181;0;0;0.1;0.01;0;6.71316;0;0;-1
0;1017;-5.56379;-29.8883;63.3951;9.05885;3113.92;5.44696;0;0;0.1;0.01;0;6.57562;0;0;-1
0;1018;-6.8528;-15.3386;60.9701;8.54701;2615.36;5.13919;0;0;0.1;0.01;0;6.62546;0;0;-1
0;1019;-8.78207;0.622116;60.7691;8.5;2572.44;5.11093;0;0;0.1;0.01;0;4.71376;1;0;-1
0;1020;-6.95674;20.8329;60.3894;8.92528;2978.2;5.36664;0;0;0.1;0.01;0;4.6158;0;0;-1
0;1021;-8.8297;36.009;63.5785;9.68264;3802.51;5.82203;0;0;0.1;0.01;0;7.04788;0;0;-1
0;1022;-6.47369;52.1429;61.0291;9.64341;3756.48;5.79844;0;0;0.1;0.01;0;7.58042;0;0;-1
0;1023;-7.43171;67.6709;60.8787;10.3052;4584.14;6.19637;0;0;0.1;0.01;0;4.93489;0;0;-1
0;1024;5.31678;-73.7713;61.9489;8.5;2572.44;5.11093;0;0;0.1;0.01;0;2.23783;1;0;-1
0;1025;6.87421;-57.4072;62.3005;10.176;4413.87;6.11868;0;0;0.1;0.01;0;5.817;0;0;-1
0;1026;7.74314;-39.3493;61.0381;8.5;2572.44;5.11093;0;0;0.1;0.01;0;4.55207;1;0;-1
0;1027;6.38492;-22.6888;62.3465;9.92312;4092.92;5.96663;0;0;0.1;0.01;0;6.71361;0;0;-1
0;1028;9.17367;-6.37239;62.4732;10.2402;4497.94;6.15728;0;0;0.1;0.01;0;6.85769;0;0;-1
0;1029;8.77942;12.1979;62.2475;8.66534;2725.5;5.21034;0;0;0.1;0.01;0;4.78868;0;0;-1
0;1030;7.92128;26.3229;63.4115;8.5;2572.44;5.11093;0;0;0.1;0.01;0;5.49543;1;0;-1
0;1031;7.42215;42.07;60.0853;10.2988;4575.6;6.19252;0;0;0.1;0.01;0;6.63385;0;0;-1
0;1032;6.64067;63.0846;63.2922;9.3194;3390.41;5.60362;0;0;0.1;0.01;0;4.62223;0;0;-1
0;1033;21.3013;-63.8643;60.9614;8.5;2572.44;5.11093;0;0;0.1;0.01;0;3.70149;1;0;-1
0;1034;23.2532;-50.2983;61.9522;8.5;2572.44;5.11093;0;0;0.1;0.01;0;4.43366;1;0;-1
0;1035;20.9404;-32.362;61.0301;8.5;2572.44;5.11093;0;0;0.1;0.01;0;3.83412;1;0;-1
0;1036;24.2131;-12.6691;60.3642;8.5;2572.44;5.11093;0;0;0.1;0.01;0;5.40612;1;0;-1
0;1037;20.6134;2.955;61.7813;8.5;2572.44;5.11093;0;0;0.1;0.01;0;5.06467;1;0;-1
0;1038;23.0811;19.7959;63.7334;10.3275;4613.96;6.20978;0;0;0.1;0.01;0;7.34347;0;0;-1
0;1039;21.926;37.842;63.1501;8.70203;2760.26;5.2324;0;0;0.1;0.01;0;5.68824;0;0;-1
0;1040;21.5774;53.16;60.4224;8.5;2572.44;5.11093;0;0;0.1;0.01;0;5.29537;1;0;-1
0;1041;22.1351;69.1053;61.3921;9.0674;3122.75;5.4521;0;0;0.1;0.01;0;3.39163;0;0;-1
0;1042;34.6698;-59.7297;63.5418;8.5;2572.44;5.11093;0;0;0.1;0.01;0;2.17237;1;0;-1
0;1043;36.157;-39.341;62.5735;9.23923;3303.66;5.55541;0;0;0.1;0.01;0;4.51109;0;0;-1
0;1044;38.1814;-22.8128;61.8942;8.81792;2872.02;5.30209;0;0;0.1;0.01;0;4.8937;0;0;-1
0;1045;35.7965;-5.05782;62.6082;8.95321;3006.25;5.38344;0;0;0.1;0.01;0;4.80286;0;0;-1
0;1046;38.2708;12.288;61.3801;9.45337;3538.74;5.68417;0;0;0.1;0.01;0;5.64847;0;0;-1
0;1047;37.9504;26.2109;60.248;8.5;2572.44;5.11093;0;0;0.1;0.01;0;6.73294;1;0;-1
0;1048;35.5203;43.362;63.5208;9.23679;3301.05;5.55395;0;0;0.1;0.01;0;5.62845;0;0;-1
0;1049;38.6617;60.4741;63.3838;9.72555;3853.28;5.84783;0;0;0.1;0.01;0;3.94734;0;0;-1
0;1050;53.4575;-48.7329;61.7445;9.52246;3616.9;5.72572;0;0;0.1;0.01;0;3.2246;0;0;-1
0;1051;50.3693;-33.3906;60.8826;8.5;2572.44;5.11093;0;0;0.1;0.01;0;4.8767;1;0;-1
0;1052;51.0271;-15.2799;62.1421;9.58171;3684.83;5.76134;0;0;0.1;0.01;0;5.69778;0;0;-1
0;1053;50.0314;0.796098;62.6954;8.5;2572.44;5.11093;0;0;0.1;0.01;0;4.12846;1;0;-1
0;1054;50.5542;20.6952;60.9263;8.5;2572.44;5.11093;0;0;0.1;0.01;0;5.72501;1;0;-1
0;1055;50.8694;34.802;61.8202;9.8158;3961.56;5.9021;0;0;0.1;0.01;0;6.01787;0;0;-1
0;1056;53.6987;53.0076;62.7405;10.1404;4367.71;6.09728;0;0;0.1;0.01;0;3.14043;0;0;-1
0;1057;67.0748;-40.857;60.8965;10.4293;4751.76;6.27099;0;0;0.1;0.01;0;2.8541;0;0;-1
0;1058;64.454;-21.5166;62.1452;8.5;2572.44;5.11093;0;0;0.1;0.01;0;2.95965;1;0;-1
0;1059;64.4419;-5.44007;61.8696;8.5;2572.44;5.11093;0;0;0.1;0.01;0;4.0797;1;0;-1
0;1060;66.7737;9.19811;60.6576;9.7064;3830.57;5.83632;0;0;0.1;0.01;0;3.28575;0;0;-1
0;1061;65.1711;25.0302;60.1688;8.80062;2855.15;5.29169;0;0;0.1;0.01;0;2.81922;0;0;-1
0;1062;-54.4206;-23.7626;75.9846;9.34551;3418.99;5.61932;0;0;0.1;0.01;0;3.60204;0;0;-1
0;1063;-56.508;-4.69912;78.7013;8.5;2572.44;5.11093;0;0;0.1;0.01;0;1.66375;1;0;-1
0;1064;-54.9423;10.682;76.249;9.32397;3395.4;5.60637;0;0;0.1;0.01;0;3.90504;0;0;-1
0;1065;-56.4412;29.7249;75.0184;10.447;4775.99;6.28163;0;0;0.1;0.01;0;3.2346;0;0;-1
0;1066;-40.0293;-48.9639;77.0225;8.5;2572.44;5.11093;0;0;0.1;0.01;0;2.24626;1;0;-1
0;1067;-42.2496;-30.798;77.7874;8.79456;2849.25;5.28804;0;0;0.1;0.01;0;4.75044;0;0;-1
0;1068;-40.399;-15.925;75.0966;9.98709;4172.59;6.00509;0;0;0.1;0.01;0;6.54665;0;0;-1
0;1069;-40.4524;2.86922;77.9499;9.51488;3608.27;5.72116;0;0;0.1;0.01;0;5.73019;0;0;-1
0;1070;-41.6349;17.7809;74.6494;8.54694;2615.29;5.13915;0;0;0.1;0.01;0;5.54996;0;0;-1
0;1071;-39.3193;33.682;76.4737;9.87209;4030.1;5.93594;0;0;0.1;0.01;0;4.14447;0;0;-1
0;1072;-24.3897;-55.1612;76.9407;9.73996;3870.44;5.8565;0;0;0.1;0.01;0;3.4684;0;0;-1
0;1073;-26.2734;-40.8476;74.9551;9.02504;3079.19;5.42663;0;0;0.1;0.01;0;5.50456;0;0;-1
0;1074;-27.4694;-23.1556;76.5313;10.0637;4269.35;6.05116;0;0;0.1;0.01;0;7.01492;0;0;-1
0;1075;-27.2502;-4.51882;77.9007;9.34698;3420.6;5.6202;0;0;0.1;0.01;0;6.5499;0;0;-1
0;1076;-24.9796;12.2909;77.0438;9.04555;3100.23;5.43896;0;0;0.1;0.01;0;5.77449;0;0;-1
0;1077;-25.7902;26.5307;77.301;9.31413;3384.66;5.60045;0;0;0.1;0.01;0;5.89785;0;0;-1
0;1078;-25.3391;43.7247;77.7611;9.28589;3353.97;5.58347;0;0;0.1;0.01;0;3.8082;0;0;-1
0;1079;-10.0657;-47.811;76.4021;8.80812;2862.45;5.29619;0;0;0.1;0.01;0;4.92427;0;0;-1
0;1080;-12.4514;-31.1412;76.4162;10.2266;4480.05;6.14911;0;0;0.1;0.01;0;7.4791;0;0;-1
0;1081;-12.805;-16.1733;74.6123;9.40462;3484.27;5.65486;0;0;0.1;0.01;0;7.35143;0;0;-1
0;1082;-13.5641;0.325214;78.4959;10.2202;4471.64;6.14526;0;0;0.1;0.01;0;6.59434;0;0;-1
0;1083;-11.4835;20.5745;78.3181;8.95194;3004.97;5.38267;0;0;0.1;0.01;0;5.81058;0;0;-1
0;1084;-10.8865;36.507;76.7765;10.0821;4292.81;6.06222;0;0;0.1;0.01;0;7.27632;0;0;-1
0;1085;-11.9896;51.5969;76.3158;9.93362;4105.93;5.97294;0;0;0.1;0.01;0;4.7819;0;0;-1
0;1086;3.5455;-58.8479;76.6026;10.3992;4710.73;6.25289;0;0;0.1;0.01;0;3.37155;0;0;-1
0;1087;1.37866;-42.2297;78.4834;8.5;2572.44;5.11093;0;0;0.1;0.01;0;4.97648;1;0;-1
0;1088;4.76778;-23.2435;76.3304;10.0445;4244.96;6.03961;0;0;0.1;0.01;0;6.80774;0;0;-1
0;1089;1.29869;-7.59579;78.2463;9.92445;4094.57;5.96743;0;0;0.1;0.01;0;6.26904;0;0;-1
0;1090;3.27008;11.4176;77.6338;8.90179;2954.75;5.35252;0;0;0.1;0.01;0;4.54049;0;0;-1
0;1091;1.50421;27.3613;77.779;9.65841;3774.03;5.80746;0;0;0.1;0.01;0;7.23947;0;0;-1
0;1092;2.54095;42.4935;76.4713;10.3015;4579.2;6.19414;0;0;0.1;0.01;0;6.33708;0;0;-1
0;1093;4.04342;61.3686;76.5706;9.70352;3827.16;5.83459;0;0;0.1;0.01;0;3.29241;0;0;-1
0;1094;16.4729;-49.6004;74.9862;8.82222;2876.22;5.30467;0;0;0.1;0.01;0;3.51705;0;0;-1
0;1095;17.4672;-30.7378;77.8441;9.94785;4123.6;5.9815;0;0;0.1;0.01;0;6.04444;0;0;-1
0;1096;18.4955;-13.1213;74.6067;9.11763;3174.93;5.4823;0;0;0.1;0.01;0;6.14181;0;0;-1
0;1097;16.7213;3.34039;76.3035;8.78297;2838;5.28107;0;0;0.1;0.01;0;5.25354;0;0;-1
0;1098;18.4114;20.1264;76.7542;8.5;2572.44;5.11093;0;0;0.1;0.01;0;5.81235;1;0;-1
0;1099;18.6013;33.9792;76.0133;10.0972;4312.13;6.0713;0;0;0.1;0.01;0;7.30827;0;0;-1
0;1100;18.5658;54.4269;76.1451;9.59276;3697.6;5.76799;0;0;0.1;0.01;0;3.60245;0;0;-1
0;1101;32.5501;-40.2007;76.4288;10.1849;4425.47;6.12403;0;0;0.1;0.01;0;3.81246;0;0;-1
0;1102;31.2486;-22.9467;78.5526;10.1291;4353.13;6.09048;0;0;0.1;0.01;0;5.58244;0;0;-1
0;1103;31.1803;-5.98536;77.3454;8.5572;2624.72;5.14532;0;0;0.1;0.01;0;5.19958;0;0;-1
0;1104;32.3727;11.7442;76.1722;9.07028;3125.72;5.45383;0;0;0.1;0.01;0;4.46381;0;0;-1
0;1105;34.5146;28.4102;76.6489;10.3011;4578.67;6.1939;0;0;0.1;0.01;0;5.87656;0;0;-1
0;1106;30.9557;46.4955;78.1624;10.3268;4613.03;6.20935;0;0;0.1;0.01;0;4.16867;0;0;-1
0;1107;49.0851;-30.3932;78.6635;9.26179;3327.92;5.56898;0;0;0.1;0.01;0;1.69108;0;0;-1
0;1108;45.4496;-13.8854;75.3092;8.5304;2600.14;5.12921;0;0;0.1;0.01;0;4.76188;0;0;-1
0;1109;47.4443;0.397254;77.9825;8.55106;2619.08;5.14163;0;0;0.1;0.01;0;3.45285;0;0;-1
0;1110;48.3219;20.0391;74.92;9.58572;3689.46;5.76375;0;0;0.1;0.01;0;3.86973;0;0;-1
0;1111;49.007;36.2356;77.4621;8.5;2572.44;5.11093;0;0;0.1;0.01;0;2.34309;1;0;-1
0;1112;60.4401;-6.10795;78.4449;8.5;2572.44;5.11093;0;0;0.1;0.01;0;1.59379;1;0;-1
0;1113;-36.2675;-15.73;89.6385;9.8315;3980.59;5.91154;0;0;0.1;0.01;0;4.24709;0;0;-1
0;1114;-36.4136;1.56508;91.2454;8.5;2572.44;5.11093;0;0;0.1;0.01;0;3.92175;1;0;-1
0;1115;-38.4476;16.9514;89.8868;10.0141;4206.53;6.02133;0;0;0.1;0.01;0;3.7712;0;0;-1
0;1116;-21.1058;-24.4704;90.0501;10.4526;4783.67;6.285;0;0;0.1;0.01;0;4.94912;0;0;-1
0;1117;-23.4171;-6.36145;93.0757;10.0382;4236.98;6.03582;0;0;0.1;0.01;0;4.54033;0;0;-1
0;1118;-22.7393;11.6926;89.7677;8.5;2572.44;5.11093;0;0;0.1;0.01;0;4.56335;1;0;-1
0;1119;-21.628;27.6345;93.3756;10.1704;4406.59;6.11531;0;0;0.1;0.01;0;3.63702;0;0;-1
0;1120;-7.47926;-31.4734;90.7931;9.99572;4183.41;6.01028;0;0;0.1;0.01;0;4.74551;0;0;-1
0;1121;-8.53116;-14.0135;89.4486;9.49792;3589.01;5.71096;0;0;0.1;0.01;0;6.43226;0;0;-1
0;1122;-6.5128;1.18275;92.6582;9.92513;4095.41;5.96784;0;0;0.1;0.01;0;5.31352;0;0;-1
0;1123;-5.80677;19.1301;93.3197;10.3778;4681.71;6.24002;0;0;0.1;0.01;0;5.37676;0;0;-1
0;1124;-7.61243;35.039;92.3563;8.5;2572.44;5.11093;0;0;0.1;0.01;0;3.71053;1;0;-1
0;1125;5.41898;-38.5724;92.1428;8.64182;2703.36;5.1962;0;0;0.1;0.01;0;2.77316;0;0;-1
0;1126;6.63672;-23.3698;92.1225;9.97299;4154.94;5.99661;0;0;0.1;0.01;0;4.85903;0;0;-1
0;1127;7.32671;-5.04333;91.6074;9.76217;3896.98;5.86985;0;0;0.1;0.01;0;4.37092;0;0;-1
0;1128;6.66538;10.8031;91.2138;9.29955;3368.79;5.59168;0;0;0.1;0.01;0;4.1235;0;0;-1
0;1129;6.09643;28.7495;90.0549;9.47028;3557.76;5.69434;0;0;0.1;0.01;0;5.33466;0;0;-1
0;1130;23.7575;-31.9718;89.8626;8.5;2572.44;5.11093;0;0;0.1;0.01;0;2.94878;1;0;-1
0;1131;20.7054;-13.4758;89.3569;8.96289;3016.01;5.38926;0;0;0.1;0.01;0;4.82221;0;0;-1
0;1132;22.7903;0.120497;90.1632;8.56343;2630.46;5.14907;0;0;0.1;0.01;0;3.46946;0;0;-1
0;1133;20.0085;20.8184;90.9616;8.88242;2935.5;5.34087;0;0;0.1;0.01;0;3.2537;0;0;-1
0;1134;20.889;36.7159;90.3468;8.61361;2676.97;5.17924;0;0;0.1;0.01;0;2.71911;0;0;-1
0;1135;37.3231;-7.80812;89.7331;9.767;3902.76;5.87276;0;0;0.1;0.01;0;3.63582;0;0;-1
0;1136;35.4264;9.72599;91.1685;8.5238;2594.11;5.12524;0;0;0.1;0.01;0;1.96206;0;0;-1
