Time;ID;x;y;z;radius;volume_total;radius_nuclear;contact_ECM;freezer;polarized_fraction;motility;cell_line;Cell_cell;phase;Cycle;NFkB
0;0;-51.3163;-4.61306;-83.4213;8.5;2572.44;5.11093;0;0;0.1;0.01;0;2.64518;1;0;-1
0;1;-37.4335;-33.3453;-84.6881;9.8791;4038.69;5.94016;0;0;0.1;0.01;0;2.67396;0;0;-1
0;2;-37.6545;-13.8264;-86.4881;8.5;2572.44;5.11093;0;0;0.1;0.01;0;2.65155;1;0;-1
0;3;-38.5088;0.46886;-85.5922;8.93259;2985.53;5.37104;0;0;0.1;0.01;0;2.49526;0;0;-1
0;4;-35.4891;20.6082;-84.3347;10.0373;4235.84;6.03528;0;0;0.1;0.01;0;3.05417;0;0;-1
0;5;-21.8013;-40.6271;-87.2629;9.31441;3384.97;5.60062;0;0;0.1;0.01;0;2.80627;0;0;-1
0;6;-20.5449;-22.3977;-85.9367;8.72424;2781.45;5.24576;0;0;0.1;0.01;0;4.23844;0;0;-1
0;7;-21.0286;-8.41684;-84.5074;8.68751;2746.47;5.22367;0;0;0.1;0.01;0;4.10946;0;0;-1
0;8;-20.3009;10.7201;-85.972;8.9461;2999.09;5.37916;0;0;0.1;0.01;0;3.39552;0;0;-1
0;9;-22.2982;28.7628;-84.0086;9.1147;3171.87;5.48054;0;0;0.1;0.01;0;3.81277;0;0;-1
0;10;-8.84379;-49.3357;-83.4184;10.3831;4688.89;6.24321;0;0;0.1;0.01;0;3.60887;0;0;-1
0;11;-7.09715;-30.7514;-87.1588;9.25676;3322.5;5.56596;0;0;0.1;0.01;0;4.75357;0;0;-1
0;12;-6.80988;-16.6181;-86.2501;8.92614;2979.06;5.36716;0;0;0.1;0.01;0;5.07755;0;0;-1
0;13;-6.59184;0.140887;-85.5144;10.1914;4433.94;6.12794;0;0;0.1;0.01;0;5.02037;0;0;-1
0;14;-7.56569;20.0298;-83.758;10.1998;4444.92;6.13299;0;0;0.1;0.01;0;5.00752;0;0;-1
0;15;-7.67432;38.2941;-83.9336;9.71243;3837.71;5.83994;0;0;0.1;0.01;0;3.32129;0;0;-1
0;16;7.44678;-40.8694;-85.9493;10.0896;4302.4;6.06673;0;0;0.1;0.01;0;4.8478;0;0;-1
0;17;6.40339;-24.2345;-83.4865;10.0954;4309.82;6.07022;0;0;0.1;0.01;0;6.03727;0;0;-1
0;18;8.72715;-6.02106;-85.8344;8.76963;2825.09;5.27305;0;0;0.1;0.01;0;3.89399;0;0;-1
0;19;6.48078;10.9351;-86.7616;8.73724;2793.9;5.25358;0;0;0.1;0.01;0;2.66758;0;0;-1
0;20;7.75437;27.752;-87.3899;8.84193;2895.54;5.31652;0;0;0.1;0.01;0;3.18365;0;0;-1
0;21;8.87696;45.3842;-83.5778;10.2972;4573.47;6.19156;0;0;0.1;0.01;0;3.80152;0;0;-1
0;22;20.2425;-49.1558;-84.4985;9.44966;3534.57;5.68194;0;0;0.1;0.01;0;3.23227;0;0;-1
0;23;23.3377;-34.0343;-86.6646;10.0918;4305.21;6.06805;0;0;0.1;0.01;0;5.12317;0;0;-1
0;24;20.6082;-15.7276;-84.9677;8.5;2572.44;5.11093;0;0;0.1;0.01;0;3.2821;1;0;-1
0;25;22.4778;3.45574;-86.8676;8.58914;2654.22;5.16453;0;0;0.1;0.01;0;3.59045;0;0;-1
0;26;23.6317;20.3926;-84.4859;8.88816;2941.2;5.34432;0;0;0.1;0.01;0;4.47742;0;0;-1
0;27;23.549;37.7412;-84.8619;9.8457;3997.87;5.92008;0;0;0.1;0.01;0;3.69414;0;0;-1
0;28;36.3551;-40.1948;-83.6458;9.99562;4183.29;6.01022;0;0;0.1;0.01;0;3.76911;0;0;-1
0;29;35.4693;-25.5496;-86.1257;8.5;2572.44;5.11093;0;0;0.1;0.01;0;3.01635;1;0;-1
0;30;37.2086;-5.59958;-85.3011;10.2046;4451.19;6.13588;0;0;0.1;0.01;0;2.52926;0;0;-1
0;31;36.5607;10.8587;-83.9701;10.2277;4481.49;6.14977;0;0;0.1;0.01;0;3.93875;0;0;-1
0;32;37.5861;26.98;-83.9291;10.0868;4298.82;6.06505;0;0;0.1;0.01;0;4.35832;0;0;-1
0;33;-70.5287;-14.7648;-69.3699;9.3986;3477.59;5.65124;0;0;0.1;0.01;0;2.28128;0;0;-1
0;34;-57.8118;-39.4481;-71.3434;9.97762;4160.73;5.9994;0;0;0.1;0.01;0;3.10577;0;0;-1
0;35;-56.6667;-25.1857;-72.4967;9.30194;3371.39;5.59312;0;0;0.1;0.01;0;3.99574;0;0;-1
0;36;-54.7615;-8.89756;-70.8534;8.5;2572.44;5.11093;0;0;0.1;0.01;0;4.50435;1;0;-1
0;37;-56.2947;9.85632;-69.7956;10.3383;4628.45;6.21627;0;0;0.1;0.01;0;3.50674;0;0;-1
0;38;-57.7877;28.4779;-71.5074;8.5;2572.44;5.11093;0;0;0.1;0.01;0;2.15715;1;0;-1
0;39;-54.6521;46.9028;-68.5824;9.52835;3623.61;5.72926;0;0;0.1;0.01;0;3.24131;0;0;-1
0;40;-41.5503;-51.3109;-72.6783;9.08313;3139.03;5.46155;0;0;0.1;0.01;0;2.11187;0;0;-1
0;41;-41.3953;-30.4526;-70.9856;9.44447;3528.75;5.67882;0;0;0.1;0.01;0;5.73724;0;0;-1
0;42;-42.2337;-16.6251;-69.6685;10.4347;4759.14;6.27423;0;0;0.1;0.01;0;6.85616;0;0;-1
0;43;-39.4097;1.73067;-69.0941;8.5;2572.44;5.11093;0;0;0.1;0.01;0;4.22241;1;0;-1
0;44;-42.3629;16.7585;-69.058;8.5;2572.44;5.11093;0;0;0.1;0.01;0;5.51214;1;0;-1
0;45;-42.4264;34.2523;-69.8619;9.48534;3574.76;5.7034;0;0;0.1;0.01;0;5.21302;0;0;-1
0;46;-41.214;53.4626;-69.4119;8.5;2572.44;5.11093;0;0;0.1;0.01;0;3.80493;1;0;-1
0;47;-26.5825;-57.1956;-70.3587;8.69547;2754.02;5.22846;0;0;0.1;0.01;0;4.02425;0;0;-1
0;48;-28.5584;-42.5886;-68.4893;10.4235;4743.83;6.2675;0;0;0.1;0.01;0;6.38725;0;0;-1
0;49;-26.2499;-24.74;-70.6759;8.78999;2844.81;5.28529;0;0;0.1;0.01;0;5.81231;0;0;-1
0;50;-24.7289;-8.8112;-71.8642;8.5;2572.44;5.11093;0;0;0.1;0.01;0;4.47451;1;0;-1
0;51;-26.8789;11.1054;-69.6511;9.33999;3412.93;5.616;0;0;0.1;0.01;0;5.35089;0;0;-1
0;52;-26.0081;26.9269;-69.2386;10.0291;4225.46;6.03035;0;0;0.1;0.01;0;6.56922;0;0;-1
0;53;-27.6142;43.7322;-70.6722;9.33376;3406.11;5.61225;0;0;0.1;0.01;0;4.59955;0;0;-1
0;54;-27.164;62.1959;-69.8056;9.79464;3935.99;5.88937;0;0;0.1;0.01;0;3.73915;0;0;-1
0;55;-13.5696;-63.8491;-69.0133;9.87774;4037.02;5.93934;0;0;0.1;0.01;0;4.04206;0;0;-1
0;56;-13.823;-48.1357;-68.3403;8.5;2572.44;5.11093;0;0;0.1;0.01;0;5.7216;1;0;-1
0;57;-11.3413;-31.1863;-72.6067;8.91585;2968.77;5.36097;0;0;0.1;0.01;0;5.09851;0;0;-1
0;58;-12.6982;-15.0534;-70.97;9.29638;3365.35;5.58978;0;0;0.1;0.01;0;6.58912;0;0;-1
0;59;-9.95257;1.96486;-71.7779;9.45092;3535.99;5.6827;0;0;0.1;0.01;0;5.81017;0;0;-1
0;60;-11.6485;16.586;-70.1481;8.82064;2874.68;5.30372;0;0;0.1;0.01;0;5.34767;0;0;-1
0;61;-11.8829;36.6267;-70.9347;9.09843;3154.92;5.47075;0;0;0.1;0.01;0;4.65043;0;0;-1
0;62;-10.7485;55.0815;-70.3578;9.75011;3882.55;5.8626;0;0;0.1;0.01;0;3.31341;0;0;-1
0;63;2.17839;-56.2448;-69.0675;9.01971;3073.73;5.42342;0;0;0.1;0.01;0;4.73797;0;0;-1
0;64;3.94108;-40.151;-72.0458;8.76763;2823.16;5.27185;0;0;0.1;0.01;0;5.20011;0;0;-1
0;65;2.7166;-22.895;-68.4995;10.2393;4496.76;6.15674;0;0;0.1;0.01;0;7.07119;0;0;-1
0;66;4.34088;-7.97926;-72.0177;9.90275;4067.77;5.95438;0;0;0.1;0.01;0;6.59439;0;0;-1
0;67;2.35035;10.1714;-69.213;8.5;2572.44;5.11093;0;0;0.1;0.01;0;4.96857;1;0;-1
0;68;4.40065;26.7907;-69.6845;8.5;2572.44;5.11093;0;0;0.1;0.01;0;4.49244;1;0;-1
0;69;4.43511;45.799;-70.5442;9.40266;3482.1;5.65368;0;0;0.1;0.01;0;6.07218;0;0;-1
0;70;3.50519;63.7162;-70.1509;9.87208;4030.09;5.93594;0;0;0.1;0.01;0;3.45409;0;0;-1
0;71;16.331;-66.2674;-69.8982;9.33398;3406.35;5.61239;0;0;0.1;0.01;0;2.89219;0;0;-1
0;72;15.9709;-47.1688;-70.9205;8.71329;2770.99;5.23917;0;0;0.1;0.01;0;4.75275;0;0;-1
0;73;19.259;-30.2029;-70.8761;10.2304;4485.04;6.15139;0;0;0.1;0.01;0;6.88971;0;0;-1
0;74;16.4066;-14.0931;-69.2239;8.5;2572.44;5.11093;0;0;0.1;0.01;0;6.69947;1;0;-1
0;75;16.9937;1.22354;-71.3313;9.24351;3308.26;5.55799;0;0;0.1;0.01;0;5.44142;0;0;-1
0;76;16.0049;18.2082;-69.206;8.72477;2781.96;5.24608;0;0;0.1;0.01;0;4.98881;0;0;-1
0;77;17.3076;35.4419;-70.6368;9.03495;3089.34;5.43258;0;0;0.1;0.01;0;5.48802;0;0;-1
0;78;19.4589;55.0737;-70.2827;10.194;4437.34;6.1295;0;0;0.1;0.01;0;4.06513;0;0;-1
0;79;31.0815;-57.7967;-69.4639;8.5;2572.44;5.11093;0;0;0.1;0.01;0;3.36065;1;0;-1
0;80;31.764;-38.5289;-68.4302;9.87873;4038.24;5.93994;0;0;0.1;0.01;0;6.27443;0;0;-1
0;81;32.0164;-21.8239;-69.6525;8.5;2572.44;5.11093;0;0;0.1;0.01;0;4.93379;1;0;-1
0;82;33.3349;-6.3416;-68.8096;9.53103;3626.67;5.73087;0;0;0.1;0.01;0;5.56923;0;0;-1
0;83;30.5717;12.4401;-71.2998;9.73152;3860.39;5.85142;0;0;0.1;0.01;0;6.4528;0;0;-1
0;84;33.6223;28.6048;-68.523;10.0382;4236.98;6.03582;0;0;0.1;0.01;0;6.88808;0;0;-1
0;85;34.0117;43.7472;-71.9717;8.5;2572.44;5.11093;0;0;0.1;0.01;0;4.23465;1;0;-1
0;86;46.3635;-51.2942;-68.907;9.61922;3728.28;5.7839;0;0;0.1;0.01;0;2.75986;0;0;-1
0;87;45.9823;-30.4843;-71.9513;9.01313;3067.01;5.41946;0;0;0.1;0.01;0;4.33325;0;0;-1
0;88;47.5551;-13.4228;-72.0038;9.9526;4129.51;5.98435;0;0;0.1;0.01;0;4.8636;0;0;-1
0;89;45.3301;1.65223;-69.058;8.5;2572.44;5.11093;0;0;0.1;0.01;0;5.76145;1;0;-1
0;90;47.3089;17.1283;-68.9533;10.3912;4699.87;6.24808;0;0;0.1;0.01;0;6.38374;0;0;-1
0;91;48.9704;36.8797;-71.9516;10.2103;4458.66;6.13931;0;0;0.1;0.01;0;3.53434;0;0;-1
0;92;46.7016;54.1088;-68.9996;8.5;2572.44;5.11093;0;0;0.1;0.01;0;2.53907;1;0;-1
0;93;60.0267;-25.6693;-72.0488;10.0688;4275.84;6.05422;0;0;0.1;0.01;0;2.75216;0;0;-1
0;94;62.5661;-5.6111;-71.9209;8.73835;2794.97;5.25424;0;0;0.1;0.01;0;2.33457;0;0;-1
0;95;61.3297;9.87322;-68.8355;9.81409;3959.49;5.90107;0;0;0.1;0.01;0;3.63597;0;0;-1
0;96;-80.3919;-8.31176;-55.4089;9.69228;3813.88;5.82783;0;0;0.1;0.01;0;2.96268;0;0;-1
0;97;-80.123;12.4633;-54.3348;8.7296;2786.58;5.24898;0;0;0.1;0.01;0;2.613;0;0;-1
0;98;-65.7598;-48.4219;-54.2791;10.1245;4347.2;6.08771;0;0;0.1;0.01;0;4.67946;0;0;-1
0;99;-67.7026;-33.8755;-55.4107;8.95215;3005.18;5.3828;0;0;0.1;0.01;0;3.30404;0;0;-1
0;100;-65.5494;-12.6518;-56.3791;8.50736;2579.13;5.11535;0;0;0.1;0.01;0;4.00159;0;0;-1
0;101;-64.5994;1.73446;-53.9684;9.72048;3847.26;5.84478;0;0;0.1;0.01;0;5.3328;0;0;-1
0;102;-68.01;19.6478;-57.7786;8.68328;2742.46;5.22113;0;0;0.1;0.01;0;3.53545;0;0;-1
0;103;-66.4412;35.4421;-55.5509;8.5;2572.44;5.11093;0;0;0.1;0.01;0;3.49207;1;0;-1
0;104;-52.2511;-59.3442;-54.8749;9.7421;3872.99;5.85778;0;0;0.1;0.01;0;4.05965;0;0;-1
0;105;-52.9121;-42.37;-57.5588;8.54632;2614.73;5.13878;0;0;0.1;0.01;0;4.59247;0;0;-1
0;106;-51.3196;-24.6932;-57.8032;8.5;2572.44;5.11093;0;0;0.1;0.01;0;4.56948;1;0;-1
0;107;-49.86;-4.79369;-57.121;9.83619;3986.29;5.91436;0;0;0.1;0.01;0;6.42216;0;0;-1
0;108;-51.7481;12.0414;-54.3875;9.7551;3888.52;5.8656;0;0;0.1;0.01;0;7.06101;0;0;-1
0;109;-51.0345;27.8553;-57.8089;10.3779;4681.85;6.24008;0;0;0.1;0.01;0;6.92887;0;0;-1
0;110;-52.1443;44.8055;-54.0124;9.75705;3890.85;5.86677;0;0;0.1;0.01;0;6.19819;0;0;-1
0;111;-50.5758;59.7305;-54.4333;10.0947;4308.92;6.0698;0;0;0.1;0.01;0;5.15083;0;0;-1
0;112;-38.6598;-66.583;-56.3472;9.78686;3926.62;5.8847;0;0;0.1;0.01;0;4.1015;0;0;-1
0;113;-38.3693;-51.0465;-54.5666;9.22818;3291.83;5.54877;0;0;0.1;0.01;0;5.19188;0;0;-1
0;114;-36.5514;-31.2283;-56.2473;9.62245;3732.03;5.78584;0;0;0.1;0.01;0;6.18207;0;0;-1
0;115;-36.5244;-14.8543;-55.7928;10.2702;4537.59;6.17532;0;0;0.1;0.01;0;6.81789;0;0;-1
0;116;-37.7513;2.43564;-54.3726;8.98033;3033.65;5.39974;0;0;0.1;0.01;0;5.52432;0;0;-1
0;117;-36.0776;20.9945;-57.019;10.2728;4541.04;6.17689;0;0;0.1;0.01;0;7.54091;0;0;-1
0;118;-35.2045;36.6491;-55.0664;8.75833;2814.18;5.26626;0;0;0.1;0.01;0;6.65426;0;0;-1
0;119;-36.9973;51.2793;-56.5072;10.0445;4244.96;6.03961;0;0;0.1;0.01;0;6.94538;0;0;-1
0;120;-35.9297;70.3147;-57.9352;10.4064;4720.52;6.25722;0;0;0.1;0.01;0;4.27208;0;0;-1
0;121;-23.9316;-76.0224;-57.3287;9.56038;3660.28;5.74852;0;0;0.1;0.01;0;3.14374;0;0;-1
0;122;-21.8279;-56.215;-56.4055;9.42137;3502.92;5.66493;0;0;0.1;0.01;0;6.51131;0;0;-1
0;123;-21.0887;-40.4615;-54.8481;10.0066;4197.09;6.01682;0;0;0.1;0.01;0;6.98335;0;0;-1
0;124;-23.6244;-22.5379;-56.7409;9.91108;4078.04;5.95939;0;0;0.1;0.01;0;6.8768;0;0;-1
0;125;-21.5847;-7.15048;-56.3396;8.98657;3039.98;5.40349;0;0;0.1;0.01;0;5.63043;0;0;-1
0;126;-22.4086;9.00174;-55.9846;9.44496;3529.3;5.67912;0;0;0.1;0.01;0;4.80166;0;0;-1
0;127;-21.3991;25.5924;-55.5882;8.61865;2681.68;5.18227;0;0;0.1;0.01;0;5.26576;0;0;-1
0;128;-21.7844;42.3068;-56.7006;8.5;2572.44;5.11093;0;0;0.1;0.01;0;5.12069;1;0;-1
0;129;-22.1153;63.2069;-54.4609;10.3642;4663.33;6.23184;0;0;0.1;0.01;0;7.13715;0;0;-1
0;130;-22.0247;77.9771;-57.0105;9.14647;3205.16;5.49964;0;0;0.1;0.01;0;3.52726;0;0;-1
0;131;-9.28225;-80.788;-56.0031;8.5;2572.44;5.11093;0;0;0.1;0.01;0;2.47009;1;0;-1
0;132;-5.76897;-65.6709;-55.7477;9.0412;3095.76;5.43634;0;0;0.1;0.01;0;4.74554;0;0;-1
0;133;-6.23345;-47.1133;-55.1207;9.62786;3738.33;5.78909;0;0;0.1;0.01;0;5.88228;0;0;-1
0;134;-8.77349;-29.9192;-54.6193;9.80216;3945.06;5.8939;0;0;0.1;0.01;0;5.5762;0;0;-1
0;135;-8.94646;-14.1393;-55.4185;8.61231;2675.76;5.17846;0;0;0.1;0.01;0;5.8399;0;0;-1
0;136;-7.06712;0.371128;-56.7194;8.5;2572.44;5.11093;0;0;0.1;0.01;0;5.33889;1;0;-1
0;137;-5.92037;20.9929;-55.1509;10.3787;4682.93;6.24056;0;0;0.1;0.01;0;6.33562;0;0;-1
0;138;-8.23975;36.9538;-55.4912;10.3709;4672.38;6.23587;0;0;0.1;0.01;0;6.4114;0;0;-1
0;139;-5.83087;54.9366;-55.1093;10.4463;4775.03;6.28121;0;0;0.1;0.01;0;6.18368;0;0;-1
0;140;-8.71874;70.3289;-55.1363;8.9171;2970.02;5.36172;0;0;0.1;0.01;0;3.30197;0;0;-1
0;141;8.9888;-74.3257;-56.8996;8.95921;3012.3;5.38704;0;0;0.1;0.01;0;3.46763;0;0;-1
0;142;6.86151;-58.082;-56.2147;9.9375;4110.74;5.97527;0;0;0.1;0.01;0;6.12535;0;0;-1
0;143;7.34317;-41.7041;-54.9327;8.5;2572.44;5.11093;0;0;0.1;0.01;0;4.38118;1;0;-1
0;144;9.40107;-22.7161;-56.6008;9.348;3421.72;5.62082;0;0;0.1;0.01;0;6.49556;0;0;-1
0;145;6.03431;-8.01937;-56.861;9.37777;3454.52;5.63872;0;0;0.1;0.01;0;6.47365;0;0;-1
0;146;5.60891;9.71986;-55.2428;8.95394;3006.98;5.38387;0;0;0.1;0.01;0;4.28103;0;0;-1
0;147;8.44625;27.7496;-53.9531;10.1128;4332.14;6.08068;0;0;0.1;0.01;0;6.67663;0;0;-1
0;148;8.5344;44.9739;-55.9762;10.2821;4553.38;6.18248;0;0;0.1;0.01;0;7.63765;0;0;-1
0;149;8.84375;59.8418;-57.7139;8.76315;2818.83;5.26915;0;0;0.1;0.01;0;5.80919;0;0;-1
0;150;8.56819;79.842;-54.3427;9.33081;3402.88;5.61048;0;0;0.1;0.01;0;2.80785;0;0;-1
0;151;22.2771;-64.262;-56.6541;9.79249;3933.4;5.88808;0;0;0.1;0.01;0;4.96826;0;0;-1
0;152;24.1784;-49.9842;-53.7212;8.97699;3030.27;5.39773;0;0;0.1;0.01;0;5.40057;0;0;-1
0;153;20.2886;-32.616;-55.2909;9.10775;3164.62;5.47636;0;0;0.1;0.01;0;5.15357;0;0;-1
0;154;20.5204;-12.7124;-57.366;9.31056;3380.77;5.5983;0;0;0.1;0.01;0;6.01019;0;0;-1
0;155;23.6269;1.42079;-56.4463;9.29185;3360.43;5.58705;0;0;0.1;0.01;0;5.68072;0;0;-1
0;156;23.7501;20.6566;-55.7395;10.1452;4373.92;6.10016;0;0;0.1;0.01;0;6.42592;0;0;-1
0;157;22.6888;38.2415;-56.2098;10.0929;4306.62;6.06871;0;0;0.1;0.01;0;7.04045;0;0;-1
0;158;22.9286;54.378;-53.9792;10.4336;4757.64;6.27357;0;0;0.1;0.01;0;7.09779;0;0;-1
0;159;22.0547;70.567;-57.6925;9.08793;3144.01;5.46444;0;0;0.1;0.01;0;2.46994;0;0;-1
0;160;38.5712;-56.0271;-56.4251;9.06067;3115.8;5.44805;0;0;0.1;0.01;0;4.55348;0;0;-1
0;161;34.9344;-38.3563;-54.721;8.60039;2664.67;5.17129;0;0;0.1;0.01;0;5.32626;0;0;-1
0;162;38.5223;-25.1014;-56.4559;9.04343;3098.05;5.43768;0;0;0.1;0.01;0;5.6044;0;0;-1
0;163;37.2035;-5.69418;-54.8313;8.57831;2644.2;5.15801;0;0;0.1;0.01;0;5.96342;0;0;-1
0;164;38.4599;8.33491;-55.4096;9.23354;3297.56;5.55199;0;0;0.1;0.01;0;6.96356;0;0;-1
0;165;38.8646;25.4358;-54.607;9.85015;4003.29;5.92275;0;0;0.1;0.01;0;6.32631;0;0;-1
0;166;36.7831;46.1491;-56.645;9.17439;3234.6;5.51643;0;0;0.1;0.01;0;5.85728;0;0;-1
0;167;36.3681;60.7322;-54.1213;8.5;2572.44;5.11093;0;0;0.1;0.01;0;4.54035;1;0;-1
0;168;52.8875;-50.9597;-56.0569;8.97539;3028.65;5.39677;0;0;0.1;0.01;0;3.28813;0;0;-1
0;169;52.0634;-31.0913;-54.1369;9.95776;4135.93;5.98746;0;0;0.1;0.01;0;5.73143;0;0;-1
0;170;52.9101;-15.066;-54.3834;8.5;2572.44;5.11093;0;0;0.1;0.01;0;5.22838;1;0;-1
0;171;52.2489;0.0396406;-54.3937;9.99184;4178.54;6.00795;0;0;0.1;0.01;0;7.51446;0;0;-1
0;172;51.1921;18.0877;-56.0429;9.0008;3054.44;5.41205;0;0;0.1;0.01;0;6.7919;0;0;-1
0;173;52.9408;34.0767;-55.7641;9.24176;3306.38;5.55694;0;0;0.1;0.01;0;5.3123;0;0;-1
0;174;52.6961;55.2585;-56.5054;10.1122;4331.37;6.08032;0;0;0.1;0.01;0;4.26996;0;0;-1
0;175;64.6163;-40.8725;-56.6739;9.03274;3087.07;5.43126;0;0;0.1;0.01;0;2.99557;0;0;-1
0;176;67.2825;-25.0827;-56.1036;9.38578;3463.38;5.64353;0;0;0.1;0.01;0;4.42259;0;0;-1
0;177;67.7696;-4.50052;-55.1305;8.5;2572.44;5.11093;0;0;0.1;0.01;0;5.13966;1;0;-1
0;178;65.8327;11.9964;-53.8066;9.54477;3642.38;5.73913;0;0;0.1;0.01;0;5.87445;0;0;-1
0;179;66.0093;26.6439;-55.278;8.5;2572.44;5.11093;0;0;0.1;0.01;0;3.89054;1;0;-1
0;180;64.7683;46.0633;-54.3202;9.81335;3958.59;5.90062;0;0;0.1;0.01;0;3.39776;0;0;-1
0;181;79.719;-16.8514;-56.7575;10.1836;4423.77;6.12325;0;0;0.1;0.01;0;2.82766;0;0;-1
0;182;82.2204;1.12113;-54.4674;8.92226;2975.18;5.36483;0;0;0.1;0.01;0;2.82766;0;0;-1
0;183;-87.5131;-21.6626;-40.6308;9.37018;3446.14;5.63415;0;0;0.1;0.01;0;3.14506;0;0;-1
0;184;-84.1147;-8.17167;-40.124;10.0307;4227.49;6.03131;0;0;0.1;0.01;0;5.21941;0;0;-1
0;185;-86.3072;12.3526;-39.6305;9.63572;3747.5;5.79382;0;0;0.1;0.01;0;4.43997;0;0;-1
0;186;-86.6591;29.3361;-39.2276;9.84885;4001.71;5.92197;0;0;0.1;0.01;0;3.0039;0;0;-1
0;187;-70.1793;-48.0391;-39.6434;8.5;2572.44;5.11093;0;0;0.1;0.01;0;4.05784;1;0;-1
0;188;-72.1214;-33.9466;-41.5621;10.2288;4482.94;6.15043;0;0;0.1;0.01;0;5.02683;0;0;-1
0;189;-71.5939;-14.5691;-41.6317;8.5;2572.44;5.11093;0;0;0.1;0.01;0;5.38721;1;0;-1
0;190;-72.6806;3.61412;-40.9301;10.2704;4537.86;6.17544;0;0;0.1;0.01;0;7.38573;0;0;-1
0;191;-70.5096;19.0736;-42.0657;9.73679;3866.66;5.85459;0;0;0.1;0.01;0;6.24058;0;0;-1
0;192;-69.9856;37.081;-42.9183;9.92192;4091.44;5.96591;0;0;0.1;0.01;0;5.68373;0;0;-1
0;193;-72.6587;51.3917;-41.0992;9.59208;3696.81;5.76758;0;0;0.1;0.01;0;3.09371;0;0;-1
0;194;-56.9536;-59.2036;-39.93;10.3288;4615.71;6.21056;0;0;0.1;0.01;0;5.25008;0;0;-1
0;195;-56.7274;-39.46;-41.8737;9.50868;3601.22;5.71743;0;0;0.1;0.01;0;6.64107;0;0;-1
0;196;-54.1673;-24.6414;-40.9092;9.31218;3382.54;5.59928;0;0;0.1;0.01;0;5.42135;0;0;-1
0;197;-57.4647;-7.32846;-42.0161;10.0834;4294.47;6.063;0;0;0.1;0.01;0;6.99131;0;0;-1
0;198;-55.0629;9.53623;-39.8514;10.2811;4552.05;6.18188;0;0;0.1;0.01;0;6.71495;0;0;-1
0;199;-55.5391;25.8749;-41.5471;9.89022;4052.35;5.94685;0;0;0.1;0.01;0;6.11505;0;0;-1
0;200;-56.9734;42.6503;-40.106;9.6706;3788.34;5.81479;0;0;0.1;0.01;0;6.5273;0;0;-1
0;201;-54.252;60.4495;-39.5892;9.62047;3729.73;5.78465;0;0;0.1;0.01;0;5.24199;0;0;-1
0;202;-40.5194;-80.6244;-40.9879;8.5;2572.44;5.11093;0;0;0.1;0.01;0;2.96956;1;0;-1
0;203;-41.6827;-65.8993;-39.2272;9.46189;3548.32;5.6893;0;0;0.1;0.01;0;6.38157;0;0;-1
0;204;-43.0538;-47.5223;-41.7174;8.5;2572.44;5.11093;0;0;0.1;0.01;0;4.9013;1;0;-1
0;205;-42.5724;-31.693;-42.2021;8.64528;2706.61;5.19828;0;0;0.1;0.01;0;5.09444;0;0;-1
0;206;-40.2492;-13.4531;-40.6541;9.60474;3711.47;5.77519;0;0;0.1;0.01;0;6.10437;0;0;-1
0;207;-42.0122;1.95097;-39.9925;9.25091;3316.21;5.56244;0;0;0.1;0.01;0;6.47621;0;0;-1
0;208;-41.7835;19.6577;-42.4183;8.59492;2659.59;5.168;0;0;0.1;0.01;0;5.91423;0;0;-1
0;209;-41.4518;34.4623;-41.4095;8.78789;2842.77;5.28403;0;0;0.1;0.01;0;5.64311;0;0;-1
0;210;-40.2704;53.618;-41.2184;9.53739;3633.94;5.73469;0;0;0.1;0.01;0;7.07362;0;0;-1
0;211;-40.8075;68.4794;-42.1394;10.3601;4657.8;6.22938;0;0;0.1;0.01;0;6.08154;0;0;-1
0;212;-27.6607;-72.9666;-42.8732;9.39388;3472.35;5.6484;0;0;0.1;0.01;0;6.1073;0;0;-1
0;213;-28.146;-57.7298;-40.4593;10.4418;4768.86;6.2785;0;0;0.1;0.01;0;7.09453;0;0;-1
0;214;-25.2978;-38.5071;-42.3678;9.23225;3296.18;5.55122;0;0;0.1;0.01;0;5.32826;0;0;-1
0;215;-25.011;-22.3756;-39.8145;9.9908;4177.24;6.00732;0;0;0.1;0.01;0;6.39094;0;0;-1
0;216;-24.747;-5.17928;-40.655;8.87426;2927.42;5.33596;0;0;0.1;0.01;0;5.61532;0;0;-1
0;217;-25.4512;9.75764;-41.0471;8.5;2572.44;5.11093;0;0;0.1;0.01;0;4.04215;1;0;-1
0;218;-28.1768;27.0165;-42.0175;9.3773;3454;5.63843;0;0;0.1;0.01;0;5.48995;0;0;-1
0;219;-27.2203;44.1211;-42.0972;9.59228;3697.04;5.7677;0;0;0.1;0.01;0;6.10656;0;0;-1
0;220;-27.5561;60.5336;-40.7645;9.41372;3494.4;5.66033;0;0;0.1;0.01;0;7.06756;0;0;-1
0;221;-25.0109;77.1691;-42.0783;9.57316;3674.98;5.7562;0;0;0.1;0.01;0;5.24613;0;0;-1
0;222;-12.9871;-83.1433;-42.1702;8.61093;2674.48;5.17763;0;0;0.1;0.01;0;4.03553;0;0;-1
0;223;-12.9517;-67.6051;-39.741;10.0617;4266.8;6.04995;0;0;0.1;0.01;0;6.6946;0;0;-1
0;224;-12.398;-49.3778;-41.8353;9.18212;3242.78;5.52108;0;0;0.1;0.01;0;5.31862;0;0;-1
0;225;-9.78648;-33.3277;-39.8368;9.50911;3601.71;5.71769;0;0;0.1;0.01;0;6.11661;0;0;-1
0;226;-13.0708;-15.5147;-40.7579;8.69144;2750.2;5.22604;0;0;0.1;0.01;0;6.37426;0;0;-1
0;227;-11.0644;0.257216;-41.4515;8.66025;2720.7;5.20728;0;0;0.1;0.01;0;5.45341;0;0;-1
0;228;-12.5368;20.0331;-39.3448;9.95302;4130.03;5.98461;0;0;0.1;0.01;0;6.16081;0;0;-1
0;229;-9.96233;34.3121;-39.7671;8.5;2572.44;5.11093;0;0;0.1;0.01;0;6.08726;1;0;-1
0;230;-11.5618;52.9636;-39.3541;10.1789;4417.65;6.12042;0;0;0.1;0.01;0;6.47255;0;0;-1
0;231;-11.1007;70.7625;-40.0401;9.43087;3513.53;5.67065;0;0;0.1;0.01;0;5.57655;0;0;-1
0;232;-9.78327;87.104;-39.9575;8.5;2572.44;5.11093;0;0;0.1;0.01;0;2.38882;1;0;-1
0;233;2.8205;-89.5423;-42.0526;9.11671;3173.97;5.48175;0;0;0.1;0.01;0;2.8818;0;0;-1
0;234;4.68364;-74.9279;-41.1663;8.55271;2620.59;5.14262;0;0;0.1;0.01;0;5.17578;0;0;-1
0;235;2.01392;-59.758;-39.3773;9.47364;3561.55;5.69636;0;0;0.1;0.01;0;5.41834;0;0;-1
0;236;3.62838;-40.7653;-39.8027;8.5;2572.44;5.11093;0;0;0.1;0.01;0;4.84942;1;0;-1
0;237;4.67676;-25.2798;-39.513;9.5216;3615.92;5.7252;0;0;0.1;0.01;0;6.13855;0;0;-1
0;238;1.23329;-8.07961;-42.4282;10.2613;4525.8;6.16997;0;0;0.1;0.01;0;6.26734;0;0;-1
0;239;3.21691;10.449;-41.0127;8.61838;2681.42;5.18211;0;0;0.1;0.01;0;4.36981;0;0;-1
0;240;4.07291;27.1871;-39.4747;8.90471;2957.66;5.35427;0;0;0.1;0.01;0;6.72742;0;0;-1
0;241;1.22663;43.0335;-40.2771;10.0973;4312.25;6.07136;0;0;0.1;0.01;0;7.97709;0;0;-1
0;242;1.51937;60.6188;-40.9731;8.5;2572.44;5.11093;0;0;0.1;0.01;0;5.36229;1;0;-1
0;243;3.95555;76.3827;-41.0733;9.14274;3201.24;5.4974;0;0;0.1;0.01;0;5.26538;0;0;-1
0;244;17.6751;-82.3279;-42.0901;8.5;2572.44;5.11093;0;0;0.1;0.01;0;3.29592;1;0;-1
0;245;18.2148;-65.4515;-39.2902;10.2625;4527.39;6.17069;0;0;0.1;0.01;0;5.88522;0;0;-1
0;246;17.9173;-46.4608;-40.8043;8.89095;2943.97;5.346;0;0;0.1;0.01;0;5.26704;0;0;-1
0;247;17.8377;-31.7622;-41.1606;8.5;2572.44;5.11093;0;0;0.1;0.01;0;5.8375;1;0;-1
0;248;19.0996;-15.4951;-41.7717;9.48375;3572.97;5.70244;0;0;0.1;0.01;0;5.9241;0;0;-1
0;249;19.7485;1.94113;-42.1601;9.10927;3166.21;5.47727;0;0;0.1;0.01;0;4.69341;0;0;-1
0;250;17.6624;17.7354;-40.5146;9.27102;3337.88;5.57453;0;0;0.1;0.01;0;5.59913;0;0;-1
0;251;19.0279;36.7155;-42.8419;9.9124;4079.67;5.96018;0;0;0.1;0.01;0;7.633;0;0;-1
0;252;16.7963;52.0144;-39.6906;10.0976;4312.64;6.07154;0;0;0.1;0.01;0;7.44128;0;0;-1
0;253;18.7592;68.4671;-41.1962;10.3155;4597.9;6.20256;0;0;0.1;0.01;0;5.94182;0;0;-1
0;254;16.4108;87.4201;-41.127;10.0767;4285.92;6.05897;0;0;0.1;0.01;0;3.14583;0;0;-1
0;255;32.9499;-75.6341;-42.5057;8.64912;2710.22;5.20059;0;0;0.1;0.01;0;2.2507;0;0;-1
0;256;30.5658;-56.4935;-40.5191;9.0958;3152.18;5.46917;0;0;0.1;0.01;0;6.27768;0;0;-1
0;257;33.7151;-41.1815;-40.466;10.005;4195.08;6.01586;0;0;0.1;0.01;0;7.65233;0;0;-1
0;258;32.7755;-25.2886;-41.5734;10.1242;4346.81;6.08753;0;0;0.1;0.01;0;7.40543;0;0;-1
0;259;33.7359;-8.04691;-42.0299;8.5;2572.44;5.11093;0;0;0.1;0.01;0;4.7252;1;0;-1
0;260;33.8428;10.0353;-42.2865;8.5;2572.44;5.11093;0;0;0.1;0.01;0;5.10044;1;0;-1
0;261;33.8482;29.5242;-39.8794;8.93213;2985.06;5.37076;0;0;0.1;0.01;0;6.03299;0;0;-1
0;262;32.9449;46.1535;-39.4205;10.038;4236.72;6.0357;0;0;0.1;0.01;0;7.76829;0;0;-1
0;263;33.9196;60.0848;-39.7054;9.38769;3465.49;5.64468;0;0;0.1;0.01;0;6.20797;0;0;-1
0;264;33.5518;79.8405;-40.4338;8.95437;3007.42;5.38413;0;0;0.1;0.01;0;2.74328;0;0;-1
0;265;47.8267;-65.2723;-41.6077;8.94443;2997.41;5.37816;0;0;0.1;0.01;0;2.46617;0;0;-1
0;266;47.1414;-47.7042;-39.953;9.52788;3623.08;5.72898;0;0;0.1;0.01;0;5.80443;0;0;-1
0;267;47.7639;-30.2377;-39.2236;10.3176;4600.71;6.20382;0;0;0.1;0.01;0;7.66036;0;0;-1
0;268;46.7905;-14.9389;-42.5862;10.067;4273.55;6.05314;0;0;0.1;0.01;0;7.77805;0;0;-1
0;269;46.0809;2.87907;-42.1847;8.5;2572.44;5.11093;0;0;0.1;0.01;0;6.19925;1;0;-1
0;270;47.758;16.8718;-43.0453;10.1627;4396.59;6.11068;0;0;0.1;0.01;0;7.43766;0;0;-1
0;271;46.847;37.9657;-41.1044;9.52653;3621.54;5.72816;0;0;0.1;0.01;0;6.19265;0;0;-1
0;272;46.7034;52.1415;-42.8783;9.67637;3795.12;5.81826;0;0;0.1;0.01;0;6.60654;0;0;-1
0;273;46.8334;69.2623;-39.8941;9.92643;4097.02;5.96862;0;0;0.1;0.01;0;4.49669;0;0;-1
0;274;60.3728;-55.3617;-39.3266;9.8308;3979.74;5.91112;0;0;0.1;0.01;0;4.74693;0;0;-1
0;275;63.9923;-41.6916;-39.826;8.94562;2998.61;5.37887;0;0;0.1;0.01;0;4.28183;0;0;-1
0;276;61.2075;-23.3509;-39.8277;8.55006;2618.16;5.14103;0;0;0.1;0.01;0;5.54405;0;0;-1
0;277;63.419;-7.79572;-42.3299;9.67674;3795.56;5.81848;0;0;0.1;0.01;0;6.80344;0;0;-1
0;278;63.6006;8.22915;-39.4664;10.0114;4203.13;6.01971;0;0;0.1;0.01;0;6.55911;0;0;-1
0;279;63.0204;26.1892;-42.2743;10.0357;4233.81;6.03432;0;0;0.1;0.01;0;6.07575;0;0;-1
0;280;61.5487;42.1346;-41.1998;8.88075;2933.85;5.33987;0;0;0.1;0.01;0;5.08402;0;0;-1
0;281;61.9955;60.422;-42.4609;9.23144;3295.32;5.55073;0;0;0.1;0.01;0;3.67839;0;0;-1
0;282;74.9409;-32.4967;-43.1721;9.0112;3065.04;5.4183;0;0;0.1;0.01;0;3.21766;0;0;-1
0;283;77.7371;-15.0001;-41.1248;8.62851;2690.89;5.1882;0;0;0.1;0.01;0;4.46803;0;0;-1
0;284;76.3282;-0.088999;-41.4677;10.2851;4557.37;6.18428;0;0;0.1;0.01;0;6.87714;0;0;-1
0;285;78.7431;19.7245;-42.8217;8.99017;3043.63;5.40566;0;0;0.1;0.01;0;3.32986;0;0;-1
0;286;76.5357;34.3385;-41.9479;9.23964;3304.1;5.55566;0;0;0.1;0.01;0;3.54048;0;0;-1
0;287;90.5136;-4.55994;-40.5351;8.7003;2758.62;5.23136;0;0;0.1;0.01;0;2.23282;0;0;-1
0;288;-95.1299;-13.5095;-24.7044;8.77145;2826.85;5.27415;0;0;0.1;0.01;0;3.17449;0;0;-1
0;289;-95.6347;1.24977;-26.1001;9.92316;4092.97;5.96665;0;0;0.1;0.01;0;3.87421;0;0;-1
0;290;-80.87;-41.5041;-24.6606;9.90428;4069.65;5.9553;0;0;0.1;0.01;0;2.8861;0;0;-1
0;291;-81.7973;-23.4434;-27.3437;9.5595;3659.27;5.74799;0;0;0.1;0.01;0;3.86412;0;0;-1
0;292;-78.9055;-4.65634;-26.4867;10.0423;4242.17;6.03829;0;0;0.1;0.01;0;5.5904;0;0;-1
0;293;-82.5751;10.97;-26.4491;10.1274;4350.93;6.08946;0;0;0.1;0.01;0;6.28523;0;0;-1
0;294;-82.415;27.6789;-25.1423;10.0349;4232.8;6.03384;0;0;0.1;0.01;0;5.02721;0;0;-1
0;295;-80.4011;44.5625;-28.1112;9.88358;4044.19;5.94285;0;0;0.1;0.01;0;3.28455;0;0;-1
0;296;-64.0815;-67.875;-25.9983;8.5;2572.44;5.11093;0;0;0.1;0.01;0;2.51752;1;0;-1
0;297;-64.3806;-48.9939;-26.1334;8.77835;2833.53;5.27829;0;0;0.1;0.01;0;4.35804;0;0;-1
0;298;-64.5257;-31.2665;-25.4642;9.74862;3880.77;5.8617;0;0;0.1;0.01;0;5.46866;0;0;-1
0;299;-64.4857;-12.8931;-26.9911;9.28066;3348.31;5.58033;0;0;0.1;0.01;0;5.55836;0;0;-1
0;300;-66.0755;4.44676;-26.0303;8.5;2572.44;5.11093;0;0;0.1;0.01;0;5.94007;1;0;-1
0;301;-65.4717;20.2209;-26.9353;8.59094;2655.89;5.16561;0;0;0.1;0.01;0;5.71175;0;0;-1
0;302;-64.6833;35.2188;-27.1731;10.0497;4251.56;6.04274;0;0;0.1;0.01;0;6.31164;0;0;-1
0;303;-64.5474;50.9139;-26.2259;9.27992;3347.51;5.57988;0;0;0.1;0.01;0;5.75169;0;0;-1
0;304;-66.6778;68.6672;-26.7174;9.4554;3541.02;5.68539;0;0;0.1;0.01;0;2.15113;0;0;-1
0;305;-49.7089;-72.4992;-27.7922;8.99661;3050.18;5.40953;0;0;0.1;0.01;0;5.22837;0;0;-1
0;306;-49.6143;-58.1758;-26.2876;9.25063;3315.91;5.56227;0;0;0.1;0.01;0;6.29413;0;0;-1
0;307;-51.5403;-39.7126;-26.3445;9.3425;3415.69;5.61751;0;0;0.1;0.01;0;6.00822;0;0;-1
0;308;-52.4118;-23.117;-27.5503;9.77632;3913.95;5.87836;0;0;0.1;0.01;0;6.55549;0;0;-1
0;309;-50.4827;-7.03588;-27.8123;9.73264;3861.72;5.8521;0;0;0.1;0.01;0;6.60999;0;0;-1
0;310;-53.0207;8.64951;-26.3254;8.9409;2993.87;5.37603;0;0;0.1;0.01;0;5.48848;0;0;-1
0;311;-51.1152;26.788;-24.467;9.14375;3202.3;5.498;0;0;0.1;0.01;0;5.57904;0;0;-1
0;312;-49.988;45.511;-24.8736;9.78011;3918.5;5.88064;0;0;0.1;0.01;0;7.33875;0;0;-1
0;313;-50.6672;62.4889;-25.5767;8.75947;2815.28;5.26694;0;0;0.1;0.01;0;6.08668;0;0;-1
0;314;-51.7933;78.4782;-28.2578;8.72318;2780.44;5.24512;0;0;0.1;0.01;0;2.6543;0;0;-1
0;315;-36.4306;-82.1733;-26.5191;10.3133;4594.96;6.20124;0;0;0.1;0.01;0;6.19627;0;0;-1
0;316;-34.982;-67.3062;-26.8021;8.88636;2939.41;5.34324;0;0;0.1;0.01;0;6.99024;0;0;-1
0;317;-38.366;-47.1085;-27.1477;10.1598;4392.83;6.10894;0;0;0.1;0.01;0;5.71268;0;0;-1
0;318;-36.0598;-30.0823;-26.0713;9.32899;3400.89;5.60939;0;0;0.1;0.01;0;6.11584;0;0;-1
0;319;-34.6337;-13.7605;-26.8018;8.77558;2830.85;5.27663;0;0;0.1;0.01;0;5.01543;0;0;-1
0;320;-36.5892;4.31627;-27.4479;8.5;2572.44;5.11093;0;0;0.1;0.01;0;4.19314;1;0;-1
0;321;-38.3614;18.5474;-27.4786;9.50184;3593.45;5.71332;0;0;0.1;0.01;0;5.45417;0;0;-1
0;322;-38.244;34.588;-25.1798;8.5;2572.44;5.11093;0;0;0.1;0.01;0;5.50156;1;0;-1
0;323;-37.649;52.2745;-27.8695;9.223;3286.29;5.54566;0;0;0.1;0.01;0;6.07482;0;0;-1
0;324;-38.2104;67.7234;-25.7654;8.5;2572.44;5.11093;0;0;0.1;0.01;0;4.48662;1;0;-1
0;325;-35.5365;85.8438;-24.9506;10.2803;4550.99;6.1814;0;0;0.1;0.01;0;3.74724;0;0;-1
0;326;-21.7862;-90.7784;-25.2876;10.3383;4628.45;6.21627;0;0;0.1;0.01;0;3.98778;0;0;-1
0;327;-20.583;-73.0876;-27.0206;10.1729;4409.84;6.11682;0;0;0.1;0.01;0;8.27807;0;0;-1
0;328;-20.3478;-59.1618;-26.3101;9.74517;3876.65;5.85963;0;0;0.1;0.01;0;7.26785;0;0;-1
0;329;-22.0207;-40.5856;-26.6564;8.61701;2680.15;5.18128;0;0;0.1;0.01;0;4.98693;0;0;-1
0;330;-21.3598;-21.105;-24.9761;10.094;4308.03;6.06938;0;0;0.1;0.01;0;6.8428;0;0;-1
0;331;-19.7203;-5.48516;-28.0816;8.5;2572.44;5.11093;0;0;0.1;0.01;0;4.64979;1;0;-1
0;332;-21.3104;11.8047;-25.7744;8.5;2572.44;5.11093;0;0;0.1;0.01;0;4.00058;1;0;-1
0;333;-22.7755;28.7616;-27.7835;8.64731;2708.52;5.1995;0;0;0.1;0.01;0;5.1011;0;0;-1
0;334;-21.2687;44.7701;-27.8818;9.74786;3879.86;5.86125;0;0;0.1;0.01;0;5.84082;0;0;-1
0;335;-21.6916;62.1747;-26.611;9.66986;3787.47;5.81435;0;0;0.1;0.01;0;6.33893;0;0;-1
0;336;-22.8376;78.7598;-27.9107;9.43208;3514.88;5.67137;0;0;0.1;0.01;0;5.63149;0;0;-1
0;337;-5.94244;-81.2682;-28.6472;9.37792;3454.68;5.63881;0;0;0.1;0.01;0;6.09212;0;0;-1
0;338;-7.908;-66.6054;-26.3297;9.47884;3567.42;5.69949;0;0;0.1;0.01;0;6.68901;0;0;-1
0;339;-8.56334;-48.5917;-24.375;9.13807;3196.33;5.49459;0;0;0.1;0.01;0;5.18474;0;0;-1
0;340;-8.20046;-29.691;-25.545;8.77274;2828.1;5.27492;0;0;0.1;0.01;0;5.56668;0;0;-1
0;341;-6.01215;-13.3276;-27.8119;9.41095;3491.31;5.65867;0;0;0.1;0.01;0;6.59798;0;0;-1
0;342;-5.49475;1.92621;-27.6504;8.53399;2603.42;5.13136;0;0;0.1;0.01;0;5.70888;0;0;-1
0;343;-6.608;21.1284;-25.6284;9.60397;3710.57;5.77473;0;0;0.1;0.01;0;6.69867;0;0;-1
0;344;-7.09239;35.4095;-27.0996;9.34522;3418.67;5.61915;0;0;0.1;0.01;0;7.48368;0;0;-1
0;345;-7.93144;51.5194;-26.0297;8.65073;2711.73;5.20156;0;0;0.1;0.01;0;5.61152;0;0;-1
0;346;-9.34232;72.1624;-24.4858;8.6207;2683.59;5.1835;0;0;0.1;0.01;0;5.038;0;0;-1
0;347;-9.09847;88.2397;-25.6708;8.64271;2704.2;5.19674;0;0;0.1;0.01;0;3.97114;0;0;-1
0;348;9.34648;-90.4748;-25.4133;10.3115;4592.55;6.20016;0;0;0.1;0.01;0;4.2771;0;0;-1
0;349;6.59382;-75.7936;-25.3201;9.7822;3921.01;5.88189;0;0;0.1;0.01;0;6.67391;0;0;-1
0;350;9.44224;-58.6622;-25.7745;9.33001;3402;5.61;0;0;0.1;0.01;0;5.80858;0;0;-1
0;351;5.72689;-40.0307;-25.3979;9.62018;3729.39;5.78447;0;0;0.1;0.01;0;6.09925;0;0;-1
0;352;8.26467;-25.5201;-26.5942;8.72878;2785.8;5.24849;0;0;0.1;0.01;0;5.86166;0;0;-1
0;353;9.02282;-8.76484;-27.6965;10.2426;4501.11;6.15873;0;0;0.1;0.01;0;6.79675;0;0;-1
0;354;5.51544;9.93822;-25.5101;9.14542;3204.05;5.49901;0;0;0.1;0.01;0;4.58332;0;0;-1
0;355;9.43509;29.3308;-27.6637;10.081;4291.4;6.06156;0;0;0.1;0.01;0;6.8614;0;0;-1
0;356;6.25236;44.0468;-25.2417;10.3766;4680.09;6.2393;0;0;0.1;0.01;0;7.19959;0;0;-1
0;357;6.8694;63.4107;-24.6202;10.1832;4423.25;6.12301;0;0;0.1;0.01;0;6.80748;0;0;-1
0;358;5.89862;78.2857;-28.0049;9.05381;3108.73;5.44392;0;0;0.1;0.01;0;5.55788;0;0;-1
0;359;8.24476;95.6197;-26.8406;10.0208;4214.98;6.02536;0;0;0.1;0.01;0;2.997;0;0;-1
0;360;22.5767;-82.3659;-25.2174;9.14669;3205.39;5.49977;0;0;0.1;0.01;0;4.65959;0;0;-1
0;361;23.6996;-65.8969;-25.4736;9.51617;3609.73;5.72193;0;0;0.1;0.01;0;5.43803;0;0;-1
0;362;23.2758;-47.2912;-27.4321;10.114;4333.69;6.0814;0;0;0.1;0.01;0;6.25933;0;0;-1
0;363;22.7907;-31.7619;-26.0458;9.7203;3847.05;5.84468;0;0;0.1;0.01;0;6.8973;0;0;-1
0;364;22.1282;-16.0916;-25.5903;10.0142;4206.66;6.02139;0;0;0.1;0.01;0;6.72961;0;0;-1
0;365;22.3181;1.01507;-26.8057;9.03568;3090.09;5.43302;0;0;0.1;0.01;0;5.17001;0;0;-1
0;366;23.3876;18.1888;-28.0151;9.62583;3735.97;5.78787;0;0;0.1;0.01;0;6.25469;0;0;-1
0;367;23.251;34.9369;-27.5216;9.48752;3577.23;5.70471;0;0;0.1;0.01;0;7.42069;0;0;-1
0;368;20.5971;51.1124;-24.5191;9.78732;3927.17;5.88497;0;0;0.1;0.01;0;6.26227;0;0;-1
0;369;20.2914;69.1533;-26.952;9.41126;3491.66;5.65885;0;0;0.1;0.01;0;5.36211;0;0;-1
0;370;23.3574;84.5732;-24.806;9.48309;3572.22;5.70204;0;0;0.1;0.01;0;4.90023;0;0;-1
0;371;38.0658;-75.9981;-27.1028;9.08221;3138.07;5.461;0;0;0.1;0.01;0;3.94031;0;0;-1
0;372;35.2272;-56.9191;-27.0342;8.68961;2748.46;5.22494;0;0;0.1;0.01;0;5.60479;0;0;-1
0;373;37.5306;-39.9414;-26.8259;9.92192;4091.44;5.96591;0;0;0.1;0.01;0;7.96648;0;0;-1
0;374;37.6909;-23.1676;-27.6915;9.98008;4163.81;6.00088;0;0;0.1;0.01;0;7.59018;0;0;-1
0;375;37.457;-7.2092;-24.839;9.68117;3800.77;5.82115;0;0;0.1;0.01;0;6.57036;0;0;-1
0;376;35.1262;8.91405;-26.7893;8.8148;2868.97;5.30021;0;0;0.1;0.01;0;5.3081;0;0;-1
0;377;37.2276;25.3866;-24.7106;9.96675;4147.15;5.99286;0;0;0.1;0.01;0;6.87876;0;0;-1
0;378;37.0165;42.1409;-27.1012;9.84583;3998.03;5.92015;0;0;0.1;0.01;0;6.57932;0;0;-1
0;379;38.4533;63.6769;-24.9023;8.5;2572.44;5.11093;0;0;0.1;0.01;0;4.58588;1;0;-1
0;380;36.7504;78.8097;-24.8785;8.5;2572.44;5.11093;0;0;0.1;0.01;0;4.35186;1;0;-1
0;381;50.4404;-66.6529;-24.7877;10.2137;4463.11;6.14135;0;0;0.1;0.01;0;5.56999;0;0;-1
0;382;49.9643;-50.7702;-25.2939;10.1728;4409.71;6.11676;0;0;0.1;0.01;0;6.85234;0;0;-1
0;383;50.0705;-33.419;-25.0334;8.55599;2623.61;5.14459;0;0;0.1;0.01;0;5.20275;0;0;-1
0;384;52.7144;-15.5648;-26.8583;9.21838;3281.35;5.54288;0;0;0.1;0.01;0;6.25986;0;0;-1
0;385;51.8217;1.73341;-28.3333;10.0155;4208.3;6.02217;0;0;0.1;0.01;0;7.16852;0;0;-1
0;386;50.1079;17.7932;-28.5146;9.04577;3100.45;5.43909;0;0;0.1;0.01;0;6.16749;0;0;-1
0;387;50.31;34.8932;-25.0709;9.38364;3461.01;5.64225;0;0;0.1;0.01;0;5.57641;0;0;-1
0;388;52.9816;54.7696;-24.6937;8.65695;2717.59;5.2053;0;0;0.1;0.01;0;4.39782;0;0;-1
0;389;52.2031;72.6245;-26.9395;9.78828;3928.33;5.88555;0;0;0.1;0.01;0;4.37877;0;0;-1
0;390;66.3596;-59.204;-27.6299;8.99162;3045.11;5.40653;0;0;0.1;0.01;0;4.13264;0;0;-1
0;391;66.6361;-42.2249;-25.0424;8.84857;2902.07;5.32052;0;0;0.1;0.01;0;5.48471;0;0;-1
0;392;67.483;-23.2453;-24.8733;10.3678;4668.19;6.23401;0;0;0.1;0.01;0;6.53775;0;0;-1
0;393;65.5584;-5.60242;-26.9268;8.9529;3005.94;5.38325;0;0;0.1;0.01;0;6.84027;0;0;-1
0;394;66.5813;9.4581;-25.0921;9.2484;3313.51;5.56093;0;0;0.1;0.01;0;5.82179;0;0;-1
0;395;64.8742;25.4057;-25.6083;9.8348;3984.6;5.91352;0;0;0.1;0.01;0;4.80785;0;0;-1
0;396;66.3827;46.5058;-25.9041;10.0347;4232.55;6.03372;0;0;0.1;0.01;0;5.81639;0;0;-1
0;397;65.0722;62.2779;-27.5222;10.0508;4252.95;6.0434;0;0;0.1;0.01;0;4.96925;0;0;-1
0;398;79.4158;-51.2653;-25.8197;10.1042;4321.1;6.07551;0;0;0.1;0.01;0;2.17865;0;0;-1
0;399;81.8815;-34.2055;-24.8272;10.2512;4512.45;6.1639;0;0;0.1;0.01;0;3.41489;0;0;-1
0;400;80.7504;-16.8121;-25.3515;8.88357;2936.64;5.34156;0;0;0.1;0.01;0;4.46868;0;0;-1
0;401;79.7997;-0.229674;-26.2372;9.30496;3374.68;5.59494;0;0;0.1;0.01;0;4.87102;0;0;-1
0;402;83.2197;17.7952;-25.2685;9.79833;3940.44;5.89159;0;0;0.1;0.01;0;4.14566;0;0;-1
0;403;79.0973;33.764;-27.9897;8.5;2572.44;5.11093;0;0;0.1;0.01;0;3.3647;1;0;-1
0;404;79.3711;54.6257;-26.5439;10.3516;4646.34;6.22427;0;0;0.1;0.01;0;2.70798;0;0;-1
0;405;-98.4424;0.960291;-11.8061;10.2755;4544.62;6.17851;0;0;0.1;0.01;0;3.70444;0;0;-1
0;406;-84.2853;-42.0863;-11.2489;9.08598;3141.98;5.46327;0;0;0.1;0.01;0;3.46758;0;0;-1
0;407;-84.3743;-23.5376;-10.3088;10.4098;4725.15;6.25926;0;0;0.1;0.01;0;5.70373;0;0;-1
0;408;-85.216;-7.13482;-12.4838;8.91246;2965.39;5.35893;0;0;0.1;0.01;0;5.26843;0;0;-1
0;409;-83.3464;11.648;-11.9307;10.149;4378.83;6.10245;0;0;0.1;0.01;0;5.92287;0;0;-1
0;410;-84.8147;29.1406;-12.4289;8.5;2572.44;5.11093;0;0;0.1;0.01;0;4.12981;1;0;-1
0;411;-84.0313;42.4945;-11.3125;9.39125;3469.44;5.64682;0;0;0.1;0.01;0;4.12762;0;0;-1
0;412;-70.8138;-68.438;-10.0689;8.78734;2842.24;5.2837;0;0;0.1;0.01;0;2.13502;0;0;-1
0;413;-69.23;-49.2666;-11.9943;9.51949;3613.51;5.72393;0;0;0.1;0.01;0;4.76741;0;0;-1
0;414;-69.8912;-32.5546;-10.1385;9.37135;3447.43;5.63486;0;0;0.1;0.01;0;6.79585;0;0;-1
0;415;-72.1625;-15.7387;-11.6927;9.40543;3485.17;5.65535;0;0;0.1;0.01;0;6.58626;0;0;-1
0;416;-70.7973;3.17756;-10.3119;8.76929;2824.76;5.27285;0;0;0.1;0.01;0;6.07212;0;0;-1
0;417;-68.3535;17.3754;-12.952;8.58719;2652.42;5.16335;0;0;0.1;0.01;0;4.93261;0;0;-1
0;418;-69.4909;36.4726;-11.986;9.59908;3704.91;5.77179;0;0;0.1;0.01;0;6.34072;0;0;-1
0;419;-71.9184;53.7844;-13.0259;8.9755;3028.76;5.39684;0;0;0.1;0.01;0;4.41625;0;0;-1
0;420;-54.2898;-75.1343;-9.71978;8.85847;2911.82;5.32647;0;0;0.1;0.01;0;3.81368;0;0;-1
0;421;-56.6166;-58.2374;-12.3476;9.39962;3478.72;5.65186;0;0;0.1;0.01;0;5.38518;0;0;-1
0;422;-57.3283;-39.2033;-10.3227;8.57706;2643.04;5.15726;0;0;0.1;0.01;0;5.56524;0;0;-1
0;423;-57.3123;-23.9564;-11.8636;8.5;2572.44;5.11093;0;0;0.1;0.01;0;5.49325;1;0;-1
0;424;-55.2385;-7.22057;-11.8103;9.00601;3059.75;5.41518;0;0;0.1;0.01;0;5.50024;0;0;-1
0;425;-54.3067;8.60174;-12.5413;10.0595;4264.01;6.04863;0;0;0.1;0.01;0;5.98788;0;0;-1
0;426;-57.3427;29.7694;-12.8195;8.5;2572.44;5.11093;0;0;0.1;0.01;0;5.63882;1;0;-1
0;427;-55.1161;44.7215;-11.8284;9.28257;3350.37;5.58147;0;0;0.1;0.01;0;6.85701;0;0;-1
0;428;-57.9507;60.0318;-10.6847;9.74725;3879.14;5.86088;0;0;0.1;0.01;0;5.4491;0;0;-1
0;429;-42.7886;-83.6444;-13.2539;10.0889;4301.5;6.06631;0;0;0.1;0.01;0;4.25681;0;0;-1
0;430;-39.3579;-64.6268;-11.5697;9.79525;3936.73;5.88974;0;0;0.1;0.01;0;5.60983;0;0;-1
0;431;-41.0503;-49.3553;-10.6911;8.52157;2592.07;5.1239;0;0;0.1;0.01;0;5.07847;0;0;-1
0;432;-41.2242;-32.6047;-12.3588;9.80366;3946.87;5.8948;0;0;0.1;0.01;0;6.14032;0;0;-1
0;433;-42.0823;-14.3477;-13.5186;10.014;4206.41;6.02127;0;0;0.1;0.01;0;6.08426;0;0;-1
0;434;-40.9212;3.07041;-10.7884;9.48602;3575.53;5.70381;0;0;0.1;0.01;0;5.76889;0;0;-1
0;435;-39.4021;20.0894;-11.2092;10.0097;4200.99;6.01869;0;0;0.1;0.01;0;6.2768;0;0;-1
0;436;-42.1284;36.9042;-13.1693;9.33057;3402.62;5.61034;0;0;0.1;0.01;0;7.19944;0;0;-1
0;437;-42.6514;52.2102;-12.6278;8.5;2572.44;5.11093;0;0;0.1;0.01;0;5.05242;1;0;-1
0;438;-43.0078;70.6876;-12.5552;8.74544;2801.78;5.25851;0;0;0.1;0.01;0;4.72328;0;0;-1
0;439;-43.2511;85.1337;-13.3377;8.5;2572.44;5.11093;0;0;0.1;0.01;0;3.42541;1;0;-1
0;440;-27.9024;-93.1811;-13.0874;9.62079;3730.1;5.78484;0;0;0.1;0.01;0;4.31861;0;0;-1
0;441;-28.1458;-76.8693;-13.004;10.1441;4372.49;6.0995;0;0;0.1;0.01;0;7.05616;0;0;-1
0;442;-24.695;-56.5736;-12.2843;10.3899;4698.1;6.2473;0;0;0.1;0.01;0;7.30794;0;0;-1
0;443;-27.3647;-41.7516;-10.1918;10.4383;4764.07;6.2764;0;0;0.1;0.01;0;7.63252;0;0;-1
0;444;-26.6323;-22.2857;-11.8619;10.2193;4470.46;6.14472;0;0;0.1;0.01;0;6.64969;0;0;-1
0;445;-24.9567;-7.3063;-10.3179;8.54228;2611.02;5.13635;0;0;0.1;0.01;0;4.69762;0;0;-1
0;446;-25.1398;9.1468;-10.2585;9.43114;3513.83;5.67081;0;0;0.1;0.01;0;5.17418;0;0;-1
0;447;-27.433;28.4668;-10.5835;10.2555;4518.13;6.16648;0;0;0.1;0.01;0;6.15058;0;0;-1
0;448;-28.3086;42.9604;-10.7734;9.06343;3118.65;5.44971;0;0;0.1;0.01;0;5.62637;0;0;-1
0;449;-24.448;59.0686;-12.8478;8.80537;2859.77;5.29454;0;0;0.1;0.01;0;4.5355;0;0;-1
0;450;-24.7743;77.7007;-12.2435;9.85517;4009.41;5.92577;0;0;0.1;0.01;0;6.45235;0;0;-1
0;451;-24.8579;94.6718;-14.0165;10.1999;4445.05;6.13305;0;0;0.1;0.01;0;3.54521;0;0;-1
0;452;-13.5496;-83.307;-11.0891;8.5;2572.44;5.11093;0;0;0.1;0.01;0;4.45418;1;0;-1
0;453;-12.7712;-65.4526;-13.2572;8.5;2572.44;5.11093;0;0;0.1;0.01;0;5.52641;1;0;-1
0;454;-12.6925;-48.4364;-9.71099;9.49539;3586.14;5.70944;0;0;0.1;0.01;0;6.6068;0;0;-1
0;455;-11.4443;-32.3637;-11.7605;10.4018;4714.27;6.25445;0;0;0.1;0.01;0;7.2582;0;0;-1
0;456;-10.3981;-14.2723;-10.7221;8.5;2572.44;5.11093;0;0;0.1;0.01;0;6.06087;1;0;-1
0;457;-10.7153;0.963596;-11.6012;10.2021;4447.92;6.13437;0;0;0.1;0.01;0;7.16028;0;0;-1
0;458;-10.7325;16.9699;-11.6196;9.08701;3143.05;5.46389;0;0;0.1;0.01;0;5.76949;0;0;-1
0;459;-11.5946;34.2418;-12.5402;8.56015;2627.44;5.14709;0;0;0.1;0.01;0;4.6185;0;0;-1
0;460;-10.3537;50.9692;-10.6069;8.54843;2616.66;5.14005;0;0;0.1;0.01;0;5.22025;0;0;-1
0;461;-10.5239;67.4144;-11.6319;9.0735;3129.05;5.45576;0;0;0.1;0.01;0;5.91042;0;0;-1
0;462;-11.7017;87.2545;-12.4354;8.5;2572.44;5.11093;0;0;0.1;0.01;0;4.79474;1;0;-1
0;463;4.39615;-91.5523;-10.5875;8.69412;2752.74;5.22765;0;0;0.1;0.01;0;3.76512;0;0;-1
0;464;1.54038;-75.9959;-12.1242;8.5;2572.44;5.11093;0;0;0.1;0.01;0;5.49112;1;0;-1
0;465;1.34579;-59.4796;-12.8522;8.86284;2916.13;5.3291;0;0;0.1;0.01;0;6.06284;0;0;-1
0;466;1.68221;-41.2634;-12.6267;9.63019;3741.05;5.79049;0;0;0.1;0.01;0;6.53577;0;0;-1
0;467;1.26522;-21.5704;-10.4635;9.21799;3280.93;5.54264;0;0;0.1;0.01;0;6.6081;0;0;-1
0;468;1.5916;-7.44445;-12.1232;8.63646;2698.34;5.19298;0;0;0.1;0.01;0;6.12506;0;0;-1
0;469;3.28021;8.17485;-12.2778;10.1133;4332.79;6.08098;0;0;0.1;0.01;0;6.21148;0;0;-1
0;470;3.18966;25.1287;-13.5517;9.05314;3108.04;5.44352;0;0;0.1;0.01;0;4.72232;0;0;-1
0;471;1.98393;43.764;-10.4948;9.3009;3370.26;5.5925;0;0;0.1;0.01;0;5.57689;0;0;-1
0;472;2.33284;59.5214;-10.7546;9.45512;3540.71;5.68523;0;0;0.1;0.01;0;6.58704;0;0;-1
0;473;2.70763;76.7519;-10.3938;8.91847;2971.39;5.36255;0;0;0.1;0.01;0;6.03189;0;0;-1
0;474;3.09714;94.0405;-11.4621;10.2647;4530.3;6.17202;0;0;0.1;0.01;0;4.45893;0;0;-1
0;475;18.8176;-85.1785;-10.5427;9.35595;3430.46;5.6256;0;0;0.1;0.01;0;5.79979;0;0;-1
0;476;16.0699;-68.1914;-10.5185;9.47166;3559.32;5.69517;0;0;0.1;0.01;0;6.35347;0;0;-1
0;477;15.9628;-51.4702;-9.87351;9.86583;4022.44;5.93218;0;0;0.1;0.01;0;5.77833;0;0;-1
0;478;15.5256;-33.3882;-10.5232;9.65096;3765.3;5.80298;0;0;0.1;0.01;0;5.74417;0;0;-1
0;479;16.0387;-16.3017;-11.4693;8.57311;2639.39;5.15489;0;0;0.1;0.01;0;5.90784;0;0;-1
0;480;16.4157;1.11937;-11.4571;9.38448;3461.94;5.64275;0;0;0.1;0.01;0;5.57675;0;0;-1
0;481;19.4902;20.9009;-10.8798;9.88972;4051.73;5.94655;0;0;0.1;0.01;0;6.0495;0;0;-1
0;482;19.6246;38.1911;-13.1729;8.5;2572.44;5.11093;0;0;0.1;0.01;0;5.08398;1;0;-1
0;483;18.1873;54.5337;-11.4697;8.5;2572.44;5.11093;0;0;0.1;0.01;0;4.92941;1;0;-1
0;484;17.3068;71.4368;-10.3213;10.3965;4707.06;6.25126;0;0;0.1;0.01;0;7.11049;0;0;-1
0;485;15.6992;84.9771;-12.5729;8.5;2572.44;5.11093;0;0;0.1;0.01;0;5.45035;1;0;-1
0;486;31.949;-93.7229;-12.0416;8.83098;2884.8;5.30994;0;0;0.1;0.01;0;1.85697;0;0;-1
0;487;33.3608;-76.6488;-12.3247;9.41174;3492.19;5.65914;0;0;0.1;0.01;0;5.65299;0;0;-1
0;488;32.8892;-55.3897;-10.3533;9.45135;3536.47;5.68296;0;0;0.1;0.01;0;4.99203;0;0;-1
0;489;34.1644;-38.8903;-10.1224;9.62386;3733.67;5.78669;0;0;0.1;0.01;0;6.14442;0;0;-1
0;490;31.2318;-21.357;-12.28;9.89423;4057.28;5.94926;0;0;0.1;0.01;0;7.10846;0;0;-1
0;491;33.1407;-6.34274;-10.7787;8.88235;2935.43;5.34083;0;0;0.1;0.01;0;5.56112;0;0;-1
0;492;33.5004;11.7982;-12.9141;10.3784;4682.52;6.24038;0;0;0.1;0.01;0;7.01879;0;0;-1
0;493;31.4724;29.0524;-10.8339;9.24443;3309.25;5.55854;0;0;0.1;0.01;0;6.82201;0;0;-1
0;494;33.5332;46.2617;-13.2509;9.56238;3662.58;5.74972;0;0;0.1;0.01;0;5.98874;0;0;-1
0;495;32.7906;63.4906;-10.3682;8.6173;2680.42;5.18146;0;0;0.1;0.01;0;5.98487;0;0;-1
0;496;32.2653;79.3804;-10.1297;10.0567;4260.45;6.04695;0;0;0.1;0.01;0;6.38683;0;0;-1
0;497;45.9689;-82.9381;-10.7952;8.5;2572.44;5.11093;0;0;0.1;0.01;0;4.15579;1;0;-1
0;498;48.1313;-67.8864;-11.4567;9.53328;3629.24;5.73222;0;0;0.1;0.01;0;6.01189;0;0;-1
0;499;47.7018;-47.7343;-11.9654;9.34097;3414.01;5.61659;0;0;0.1;0.01;0;6.11387;0;0;-1
0;500;48.6165;-31.7089;-12.526;9.05733;3112.36;5.44604;0;0;0.1;0.01;0;5.5403;0;0;-1
0;501;45.5575;-14.741;-10.9504;9.15165;3210.6;5.50275;0;0;0.1;0.01;0;6.26721;0;0;-1
0;502;46.5942;0.437325;-11.025;10.1585;4391.14;6.10816;0;0;0.1;0.01;0;7.4453;0;0;-1
0;503;47.7353;18.1178;-13.436;10.1742;4411.53;6.1176;0;0;0.1;0.01;0;7.74663;0;0;-1
0;504;47.9007;34.6483;-10.5451;9.51622;3609.79;5.72196;0;0;0.1;0.01;0;6.42807;0;0;-1
0;505;45.9466;55.1913;-12.4951;8.5;2572.44;5.11093;0;0;0.1;0.01;0;5.01897;1;0;-1
0;506;46.2851;68.4948;-10.0126;9.24156;3306.16;5.55682;0;0;0.1;0.01;0;6.17013;0;0;-1
0;507;47.6999;85.6403;-13.0945;8.6403;2701.94;5.19529;0;0;0.1;0.01;0;2.33798;0;0;-1
0;508;61.0924;-74.2509;-11.2897;10.3036;4582.01;6.19541;0;0;0.1;0.01;0;3.19908;0;0;-1
0;509;60.3071;-56.0662;-13.3016;9.61516;3723.56;5.78146;0;0;0.1;0.01;0;6.39392;0;0;-1
0;510;61.4421;-42.1484;-11.6167;9.39919;3478.24;5.6516;0;0;0.1;0.01;0;6.41216;0;0;-1
0;511;62.578;-25.7826;-11.8619;9.28468;3352.66;5.58274;0;0;0.1;0.01;0;5.84222;0;0;-1
0;512;62.7402;-7.65056;-11.5033;9.83406;3983.7;5.91308;0;0;0.1;0.01;0;6.46806;0;0;-1
0;513;60.733;9.372;-12.8112;10.2245;4477.29;6.14784;0;0;0.1;0.01;0;6.65912;0;0;-1
0;514;61.9703;28.7539;-10.2229;9.92591;4096.37;5.96831;0;0;0.1;0.01;0;6.30687;0;0;-1
0;515;62.6717;45.9906;-11.1298;9.50542;3597.51;5.71547;0;0;0.1;0.01;0;5.70409;0;0;-1
0;516;63.2374;63.591;-10.8033;10.0981;4313.28;6.07184;0;0;0.1;0.01;0;5.33388;0;0;-1
0;517;61.0467;77.9218;-13.7903;8.90529;2958.24;5.35462;0;0;0.1;0.01;0;2.77272;0;0;-1
0;518;77.6034;-47.526;-10.8127;8.5;2572.44;5.11093;0;0;0.1;0.01;0;3.89302;1;0;-1
0;519;77.3344;-30.0321;-11.2423;8.60685;2670.68;5.17517;0;0;0.1;0.01;0;5.62941;0;0;-1
0;520;75.2977;-14.4421;-10.8532;10.4528;4783.95;6.28512;0;0;0.1;0.01;0;7.80122;0;0;-1
0;521;74.9393;1.12206;-10.9937;8.5;2572.44;5.11093;0;0;0.1;0.01;0;6.16664;1;0;-1
0;522;76.6101;18.0111;-13.3383;8.69993;2758.26;5.23114;0;0;0.1;0.01;0;5.74934;0;0;-1
0;523;75.069;34.8541;-12.7061;8.5;2572.44;5.11093;0;0;0.1;0.01;0;5.2532;1;0;-1
0;524;75.3402;51.4809;-10.2295;9.24246;3307.13;5.55736;0;0;0.1;0.01;0;5.72083;0;0;-1
0;525;89.5824;-22.1749;-11.9535;8.5;2572.44;5.11093;0;0;0.1;0.01;0;3.79175;1;0;-1
0;526;90.0672;-4.25175;-10.1464;9.67018;3787.85;5.81454;0;0;0.1;0.01;0;4.12098;0;0;-1
0;527;89.5572;12.0086;-11.0195;8.94815;3001.15;5.38039;0;0;0.1;0.01;0;4.80323;0;0;-1
0;528;89.4262;27.03;-11.1967;8.57982;2645.59;5.15892;0;0;0.1;0.01;0;4.51493;0;0;-1
0;529;89.2387;43.5657;-9.84361;10.0381;4236.85;6.03576;0;0;0.1;0.01;0;3.29305;0;0;-1
0;530;-93.9365;-16.579;2.39866;9.45997;3546.16;5.68814;0;0;0.1;0.01;0;3.17082;0;0;-1
0;531;-95.6848;2.72529;3.43369;9.65336;3768.11;5.80443;0;0;0.1;0.01;0;3.78361;0;0;-1
0;532;-95.9079;18.6882;2.16095;10.2032;4449.36;6.13504;0;0;0.1;0.01;0;3.23792;0;0;-1
0;533;-79.6787;-55.9223;3.03897;8.5;2572.44;5.11093;0;0;0.1;0.01;0;2.63926;1;0;-1
0;534;-82.6262;-41.5204;4.68142;9.80047;3943.02;5.89288;0;0;0.1;0.01;0;4.17562;0;0;-1
0;535;-80.5983;-23.228;2.97018;9.80139;3944.13;5.89343;0;0;0.1;0.01;0;6.45387;0;0;-1
0;536;-79.8685;-6.13419;3.72193;9.46528;3552.13;5.69134;0;0;0.1;0.01;0;5.92374;0;0;-1
0;537;-81.7922;10.3547;2.71436;8.90491;2957.86;5.35439;0;0;0.1;0.01;0;4.70783;0;0;-1
0;538;-80.5989;25.4962;1.20596;8.5;2572.44;5.11093;0;0;0.1;0.01;0;3.69586;1;0;-1
0;539;-82.6841;44.0768;2.77093;10.2457;4505.19;6.16059;0;0;0.1;0.01;0;4.4208;0;0;-1
0;540;-78.9054;61.1311;3.37518;9.4202;3501.62;5.66423;0;0;0.1;0.01;0;2.55781;0;0;-1
0;541;-63.8864;-65.5067;1.68002;8.86781;2921.04;5.33209;0;0;0.1;0.01;0;4.00878;0;0;-1
0;542;-64.2804;-47.287;4.39901;10.2617;4526.33;6.17021;0;0;0.1;0.01;0;6.23403;0;0;-1
0;543;-68.3922;-33.0474;3.55766;8.92266;2975.58;5.36507;0;0;0.1;0.01;0;5.75905;0;0;-1
0;544;-67.7982;-14.8214;1.7207;10.4365;4761.6;6.27532;0;0;0.1;0.01;0;6.92562;0;0;-1
0;545;-67.194;0.399918;3.73837;10.3306;4618.12;6.21164;0;0;0.1;0.01;0;6.93413;0;0;-1
0;546;-64.7306;17.1273;3.36726;10.4477;4776.95;6.28205;0;0;0.1;0.01;0;6.01957;0;0;-1
0;547;-65.179;36.5238;3.09317;10.4249;4745.74;6.26834;0;0;0.1;0.01;0;6.60294;0;0;-1
0;548;-65.5649;52.0301;3.22582;9.47993;3568.65;5.70014;0;0;0.1;0.01;0;5.47974;0;0;-1
0;549;-64.9424;70.4111;3.16788;8.5;2572.44;5.11093;0;0;0.1;0.01;0;2.35049;1;0;-1
0;550;-49.9109;-75.3337;3.23984;8.5823;2647.89;5.16041;0;0;0.1;0.01;0;5.00534;0;0;-1
0;551;-50.344;-59.3876;4.21068;8.71413;2771.79;5.23968;0;0;0.1;0.01;0;5.50602;0;0;-1
0;552;-50.9571;-42.3304;3.33746;8.72965;2786.63;5.24901;0;0;0.1;0.01;0;5.46269;0;0;-1
0;553;-52.1132;-24.4768;3.65009;8.58632;2651.61;5.16283;0;0;0.1;0.01;0;4.18469;0;0;-1
0;554;-49.6412;-5.37757;2.14693;8.5;2572.44;5.11093;0;0;0.1;0.01;0;4.35329;1;0;-1
0;555;-52.299;10.0563;3.75544;8.5;2572.44;5.11093;0;0;0.1;0.01;0;4.98678;1;0;-1
0;556;-52.7524;25.8381;2.70069;8.5;2572.44;5.11093;0;0;0.1;0.01;0;5.48484;1;0;-1
0;557;-50.2695;42.9872;5.11575;9.8444;3996.28;5.91929;0;0;0.1;0.01;0;5.97327;0;0;-1
0;558;-50.7553;63.4625;1.83105;9.04923;3104.01;5.44117;0;0;0.1;0.01;0;5.21313;0;0;-1
0;559;-51.4563;78.1183;1.28517;9.76208;3896.87;5.8698;0;0;0.1;0.01;0;4.43732;0;0;-1
0;560;-34.9731;-84.0126;3.44515;9.36644;3442.01;5.6319;0;0;0.1;0.01;0;5.15584;0;0;-1
0;561;-38.5004;-67.3848;3.24473;9.15764;3216.91;5.50636;0;0;0.1;0.01;0;5.35425;0;0;-1
0;562;-36.7054;-50.3883;4.12049;8.5;2572.44;5.11093;0;0;0.1;0.01;0;5.17319;1;0;-1
0;563;-35.8326;-32.6237;2.6781;9.95707;4135.07;5.98704;0;0;0.1;0.01;0;6.0541;0;0;-1
0;564;-38.0787;-14.0901;3.15093;8.97516;3028.41;5.39663;0;0;0.1;0.01;0;4.98349;0;0;-1
0;565;-36.6337;3.18083;4.03544;8.90095;2953.91;5.35201;0;0;0.1;0.01;0;5.85526;0;0;-1
0;566;-38.1405;19.9737;2.91781;10.1518;4382.46;6.10413;0;0;0.1;0.01;0;6.86588;0;0;-1
0;567;-38.1976;36.3081;1.02584;8.89588;2948.87;5.34896;0;0;0.1;0.01;0;5.93213;0;0;-1
0;568;-35.4171;50.8436;2.85854;9.82839;3976.82;5.90967;0;0;0.1;0.01;0;5.01454;0;0;-1
0;569;-35.7466;71.7384;1.34249;10.4423;4769.55;6.2788;0;0;0.1;0.01;0;6.28648;0;0;-1
0;570;-35.3292;87.8897;3.28847;9.58234;3685.56;5.76172;0;0;0.1;0.01;0;5.14402;0;0;-1
0;571;-20.7793;-93.6576;1.59891;9.51832;3612.18;5.72323;0;0;0.1;0.01;0;4.31213;0;0;-1
0;572;-20.5652;-76.6055;4.59486;8.53528;2604.61;5.13214;0;0;0.1;0.01;0;5.26514;0;0;-1
0;573;-23.6206;-57.6375;1.54234;9.2155;3278.27;5.54115;0;0;0.1;0.01;0;6.00432;0;0;-1
0;574;-23.2212;-40.3611;2.14151;9.25268;3318.11;5.5635;0;0;0.1;0.01;0;6.4178;0;0;-1
0;575;-21.1673;-23.0798;3.5697;8.5;2572.44;5.11093;0;0;0.1;0.01;0;5.39898;1;0;-1
0;576;-20.5797;-5.1912;3.34081;8.55675;2624.31;5.14505;0;0;0.1;0.01;0;6.16181;0;0;-1
0;577;-20.1917;9.99149;4.06752;10.1133;4332.79;6.08098;0;0;0.1;0.01;0;6.90049;0;0;-1
0;578;-23.9419;27.5233;1.88913;8.5874;2652.61;5.16348;0;0;0.1;0.01;0;3.99217;0;0;-1
0;579;-19.9325;46.9955;1.83094;9.19996;3261.72;5.5318;0;0;0.1;0.01;0;4.54645;0;0;-1
0;580;-22.0306;63.3245;2.16609;9.89483;4058.01;5.94962;0;0;0.1;0.01;0;6.65851;0;0;-1
0;581;-22.1866;77.5578;1.91024;9.60554;3712.39;5.77567;0;0;0.1;0.01;0;6.19901;0;0;-1
0;582;-23.3653;96.2378;1.35188;9.90756;4073.7;5.95727;0;0;0.1;0.01;0;3.4204;0;0;-1
0;583;-7.07141;-98.9522;0.928804;10.0776;4287.06;6.05951;0;0;0.1;0.01;0;2.97289;0;0;-1
0;584;-5.64471;-81.0562;3.7065;8.73414;2790.93;5.25171;0;0;0.1;0.01;0;5.62559;0;0;-1
0;585;-9.08508;-66.6467;2.76977;10.3839;4689.97;6.24369;0;0;0.1;0.01;0;5.75191;0;0;-1
0;586;-7.63164;-49.2511;2.31554;8.64791;2709.08;5.19986;0;0;0.1;0.01;0;5.09609;0;0;-1
0;587;-7.46389;-29.9747;2.51853;9.4445;3528.79;5.67884;0;0;0.1;0.01;0;6.35194;0;0;-1
0;588;-8.78252;-14.1942;3.1183;9.71029;3835.18;5.83866;0;0;0.1;0.01;0;6.88134;0;0;-1
0;589;-7.88886;1.80567;3.77494;8.5;2572.44;5.11093;0;0;0.1;0.01;0;5.90097;1;0;-1
0;590;-6.29863;17.3597;1.34595;8.51996;2590.61;5.12293;0;0;0.1;0.01;0;5.93256;0;0;-1
0;591;-6.16702;34.657;3.70245;9.22465;3288.05;5.54665;0;0;0.1;0.01;0;5.50898;0;0;-1
0;592;-5.76349;51.8;3.53884;8.5;2572.44;5.11093;0;0;0.1;0.01;0;5.86929;1;0;-1
0;593;-7.56631;71.7841;2.32918;10.3283;4615.04;6.21026;0;0;0.1;0.01;0;6.85578;0;0;-1
0;594;-9.20783;88.3789;3.68456;9.77079;3907.31;5.87503;0;0;0.1;0.01;0;4.97553;0;0;-1
0;595;8.04359;-92.1729;3.09818;8.71605;2773.63;5.24083;0;0;0.1;0.01;0;4.70606;0;0;-1
0;596;8.6356;-76.0904;1.82788;9.61678;3725.44;5.78243;0;0;0.1;0.01;0;7.04007;0;0;-1
0;597;5.95428;-58.9263;1.6888;10.096;4310.59;6.07058;0;0;0.1;0.01;0;6.91983;0;0;-1
0;598;7.03557;-42.7401;3.58873;9.83689;3987.15;5.91478;0;0;0.1;0.01;0;6.72664;0;0;-1
0;599;7.54783;-24.9355;1.84881;9.5353;3631.55;5.73344;0;0;0.1;0.01;0;6.50609;0;0;-1
0;600;9.35582;-8.46334;4.44317;10.1237;4346.17;6.08723;0;0;0.1;0.01;0;5.93109;0;0;-1
0;601;5.7307;10.4491;2.77505;8.89902;2951.99;5.35085;0;0;0.1;0.01;0;4.95897;0;0;-1
0;602;7.62654;25.4229;2.11717;9.91149;4078.55;5.95964;0;0;0.1;0.01;0;6.08866;0;0;-1
0;603;8.38443;44.0588;2.35048;8.5;2572.44;5.11093;0;0;0.1;0.01;0;5.04356;1;0;-1
0;604;6.91215;60.3917;1.62625;8.5;2572.44;5.11093;0;0;0.1;0.01;0;5.65548;1;0;-1
0;605;8.80066;76.5012;2.68478;8.62821;2690.61;5.18802;0;0;0.1;0.01;0;5.79798;0;0;-1
0;606;5.61253;97.908;1.52076;9.70502;3828.93;5.83549;0;0;0.1;0.01;0;2.82526;0;0;-1
0;607;20.4536;-85.2875;2.17636;8.5;2572.44;5.11093;0;0;0.1;0.01;0;4.15261;1;0;-1
0;608;23.7074;-66.3254;2.7424;10.1485;4378.19;6.10215;0;0;0.1;0.01;0;5.92372;0;0;-1
0;609;22.3835;-47.3555;4.38053;8.61569;2678.91;5.18049;0;0;0.1;0.01;0;4.58406;0;0;-1
0;610;21.7404;-31.0848;1.47868;8.5;2572.44;5.11093;0;0;0.1;0.01;0;5.79065;1;0;-1
0;611;21.4307;-14.7074;1.5003;8.5;2572.44;5.11093;0;0;0.1;0.01;0;5.46924;1;0;-1
0;612;23.2007;4.3381;1.2016;9.49255;3582.92;5.70773;0;0;0.1;0.01;0;5.44704;0;0;-1
0;613;23.3883;20.8339;4.67545;9.56391;3664.33;5.75064;0;0;0.1;0.01;0;6.83818;0;0;-1
0;614;21.9868;37.2962;4.96205;8.5;2572.44;5.11093;0;0;0.1;0.01;0;5.65993;1;0;-1
0;615;22.778;51.4251;3.72484;9.88732;4048.78;5.9451;0;0;0.1;0.01;0;6.64334;0;0;-1
0;616;21.1357;67.7563;1.65753;9.16445;3224.09;5.51045;0;0;0.1;0.01;0;5.95905;0;0;-1
0;617;21.4067;89.4953;1.13679;10.1186;4339.6;6.08417;0;0;0.1;0.01;0;4.04299;0;0;-1
0;618;38.0413;-75.9269;1.65652;9.44408;3528.32;5.67859;0;0;0.1;0.01;0;6.0306;0;0;-1
0;619;38.5523;-59.6029;4.02677;8.64248;2703.98;5.1966;0;0;0.1;0.01;0;5.22621;0;0;-1
0;620;34.9029;-40.1455;3.41639;8.9796;3032.91;5.3993;0;0;0.1;0.01;0;5.45032;0;0;-1
0;621;35.0457;-25.7264;1.20468;9.54414;3641.66;5.73875;0;0;0.1;0.01;0;6.10745;0;0;-1
0;622;38.0202;-8.85356;4.48143;9.35846;3433.22;5.62711;0;0;0.1;0.01;0;6.01251;0;0;-1
0;623;37.2337;9.0877;1.45528;9.51894;3612.89;5.7236;0;0;0.1;0.01;0;5.7447;0;0;-1
0;624;36.6637;27.2496;2.8716;9.98295;4167.4;6.0026;0;0;0.1;0.01;0;6.51389;0;0;-1
0;625;35.9291;44.5378;1.21256;10.3932;4702.58;6.24928;0;0;0.1;0.01;0;6.87912;0;0;-1
0;626;36.102;62.7051;3.83298;10.293;4567.88;6.18903;0;0;0.1;0.01;0;7.82575;0;0;-1
0;627;37.6616;80.001;2.52652;10.395;4705.03;6.25036;0;0;0.1;0.01;0;5.13967;0;0;-1
0;628;50.8455;-83.5313;2.89916;8.5;2572.44;5.11093;0;0;0.1;0.01;0;2.98747;1;0;-1
0;629;52.182;-64.6108;4.04593;9.83279;3982.16;5.91231;0;0;0.1;0.01;0;5.58493;0;0;-1
0;630;50.3193;-48.471;3.25933;10.1367;4362.93;6.09505;0;0;0.1;0.01;0;6.36209;0;0;-1
0;631;53.4002;-33.6486;4.793;8.5;2572.44;5.11093;0;0;0.1;0.01;0;5.81317;1;0;-1
0;632;51.3804;-15.8264;2.99283;8.60239;2666.53;5.17249;0;0;0.1;0.01;0;5.1178;0;0;-1
0;633;52.1602;1.13637;2.46805;8.51441;2585.55;5.11959;0;0;0.1;0.01;0;5.43394;0;0;-1
0;634;52.3755;17.0467;1.66332;9.47502;3563.11;5.69719;0;0;0.1;0.01;0;7.31106;0;0;-1
0;635;50.1827;34.3891;2.73779;9.80689;3950.78;5.89674;0;0;0.1;0.01;0;6.23072;0;0;-1
0;636;51.375;54.6329;4.70094;8.5;2572.44;5.11093;0;0;0.1;0.01;0;5.01798;1;0;-1
0;637;50.0091;67.7104;3.25824;9.09874;3155.24;5.47094;0;0;0.1;0.01;0;4.69948;0;0;-1
0;638;68.0557;-56.0614;4.68529;9.91865;4087.39;5.96394;0;0;0.1;0.01;0;4.38794;0;0;-1
0;639;67.5919;-39.043;2.40686;9.67029;3787.97;5.81461;0;0;0.1;0.01;0;7.09;0;0;-1
0;640;64.727;-24.1642;3.89794;8.59961;2663.94;5.17082;0;0;0.1;0.01;0;5.67596;0;0;-1
0;641;67.8265;-6.6579;4.42755;8.5;2572.44;5.11093;0;0;0.1;0.01;0;4.86811;1;0;-1
0;642;65.6298;12.1993;3.83239;10.2544;4516.68;6.16582;0;0;0.1;0.01;0;6.72107;0;0;-1
0;643;65.4877;25.931;3.94149;8.5;2572.44;5.11093;0;0;0.1;0.01;0;6.09819;1;0;-1
0;644;66.9176;44.3131;4.36109;9.40417;3483.77;5.65459;0;0;0.1;0.01;0;5.69747;0;0;-1
0;645;67.4228;60.1788;4.32242;9.78995;3930.34;5.88655;0;0;0.1;0.01;0;4.46726;0;0;-1
0;646;82.329;-47.394;5.10128;9.16647;3226.23;5.51167;0;0;0.1;0.01;0;3.67508;0;0;-1
0;647;82.1674;-33.1105;3.18451;10.4059;4719.84;6.25692;0;0;0.1;0.01;0;5.82259;0;0;-1
0;648;81.3958;-15.7968;3.84064;9.58771;3691.76;5.76495;0;0;0.1;0.01;0;6.48974;0;0;-1
0;649;79.7748;0.0574456;1.878;9.17655;3236.88;5.51773;0;0;0.1;0.01;0;5.72998;0;0;-1
0;650;80.9743;18.2586;2.44799;9.17519;3235.44;5.51691;0;0;0.1;0.01;0;6.64429;0;0;-1
0;651;82.5355;36.1012;4.09101;10.3563;4652.67;6.22709;0;0;0.1;0.01;0;5.55374;0;0;-1
0;652;82.8;55.2982;4.89498;9.98006;4163.78;6.00087;0;0;0.1;0.01;0;2.84988;0;0;-1
0;653;95.8372;-23.3866;2.10184;10.372;4673.86;6.23653;0;0;0.1;0.01;0;3.62862;0;0;-1
0;654;96.3562;-7.56583;4.21977;9.30892;3378.99;5.59732;0;0;0.1;0.01;0;3.40672;0;0;-1
0;655;94.5244;12.1167;1.93662;9.59168;3696.35;5.76734;0;0;0.1;0.01;0;4.21335;0;0;-1
0;656;94.3125;26.6334;4.48173;10.0281;4224.2;6.02975;0;0;0.1;0.01;0;4.46459;0;0;-1
0;657;-86.8377;-40.7518;19.2017;10.0139;4206.28;6.02121;0;0;0.1;0.01;0;3.22168;0;0;-1
0;658;-85.0823;-21.1772;18.5556;9.39531;3473.94;5.64926;0;0;0.1;0.01;0;3.28199;0;0;-1
0;659;-84.8762;-4.98919;19.2702;9.9256;4095.99;5.96812;0;0;0.1;0.01;0;4.6036;0;0;-1
0;660;-86.6502;10.4795;17.1901;9.41782;3498.97;5.6628;0;0;0.1;0.01;0;4.71436;0;0;-1
0;661;-85.7243;27.1066;18.307;8.5;2572.44;5.11093;0;0;0.1;0.01;0;3.21636;1;0;-1
0;662;-84.2585;45.3267;18.9272;8.68184;2741.09;5.22026;0;0;0.1;0.01;0;2.72817;0;0;-1
0;663;-72.1073;-63.6404;19.8411;9.46219;3548.65;5.68948;0;0;0.1;0.01;0;3.35675;0;0;-1
0;664;-70.8112;-48.5634;16.6705;9.04696;3101.68;5.43981;0;0;0.1;0.01;0;6.11227;0;0;-1
0;665;-68.9835;-33.8725;19.1862;8.5;2572.44;5.11093;0;0;0.1;0.01;0;5.46801;1;0;-1
0;666;-71.9579;-13.1878;19.0209;9.90376;4069.01;5.95499;0;0;0.1;0.01;0;7.23366;0;0;-1
0;667;-69.3878;2.17387;19.7047;9.7357;3865.36;5.85394;0;0;0.1;0.01;0;6.93198;0;0;-1
0;668;-70.2496;18.6402;19.3;9.64972;3763.85;5.80224;0;0;0.1;0.01;0;5.80218;0;0;-1
0;669;-70.2928;34.2548;16.7449;8.77909;2834.24;5.27874;0;0;0.1;0.01;0;4.32245;0;0;-1
0;670;-70.2529;52.8838;16.2689;8.5;2572.44;5.11093;0;0;0.1;0.01;0;3.91567;1;0;-1
0;671;-58.0232;-74.9469;17.1193;10.065;4271;6.05194;0;0;0.1;0.01;0;4.51558;0;0;-1
0;672;-57.4981;-58.6557;18.7029;9.47117;3558.77;5.69488;0;0;0.1;0.01;0;6.43896;0;0;-1
0;673;-56.2026;-39.539;17.4569;10.2399;4497.55;6.1571;0;0;0.1;0.01;0;7.40276;0;0;-1
0;674;-57.0868;-23.2705;16.9173;8.9323;2985.23;5.37086;0;0;0.1;0.01;0;5.73354;0;0;-1
0;675;-55.1831;-6.46293;16.0503;9.97374;4155.88;5.99707;0;0;0.1;0.01;0;6.24402;0;0;-1
0;676;-57.1284;8.6162;17.4108;8.70387;2762.01;5.23351;0;0;0.1;0.01;0;5.38422;0;0;-1
0;677;-55.3801;26.7729;16.796;9.65507;3770.12;5.80545;0;0;0.1;0.01;0;5.70831;0;0;-1
0;678;-54.9723;46.905;18.9398;8.5;2572.44;5.11093;0;0;0.1;0.01;0;4.35318;1;0;-1
0;679;-53.9887;61.9336;18.2822;8.67427;2733.93;5.21571;0;0;0.1;0.01;0;3.80922;0;0;-1
0;680;-53.7973;78.0469;19.6577;9.60026;3706.27;5.7725;0;0;0.1;0.01;0;2.63937;0;0;-1
0;681;-41.6984;-84.6152;16.8473;9.64536;3758.75;5.79962;0;0;0.1;0.01;0;4.32871;0;0;-1
0;682;-40.6333;-67.4695;17.7377;8.98447;3037.85;5.40223;0;0;0.1;0.01;0;5.51454;0;0;-1
0;683;-40.4644;-47.7825;16.7359;9.09298;3149.25;5.46748;0;0;0.1;0.01;0;5.25845;0;0;-1
0;684;-42.5292;-33.0287;18.1944;9.56256;3662.78;5.74983;0;0;0.1;0.01;0;6.35379;0;0;-1
0;685;-42.1576;-13.7587;16.4905;8.5;2572.44;5.11093;0;0;0.1;0.01;0;4.91456;1;0;-1
0;686;-39.9911;2.28136;17.7267;8.8338;2887.56;5.31164;0;0;0.1;0.01;0;5.08324;0;0;-1
0;687;-42.2104;18.6864;18.4666;8.81873;2872.81;5.30257;0;0;0.1;0.01;0;5.43381;0;0;-1
0;688;-41.1613;33.7371;18.2772;8.97255;3025.77;5.39506;0;0;0.1;0.01;0;5.19059;0;0;-1
0;689;-39.7077;53.2134;18.5433;8.97931;3032.62;5.39913;0;0;0.1;0.01;0;4.73862;0;0;-1
0;690;-39.5858;71.4836;16.4008;10.2106;4459.05;6.13949;0;0;0.1;0.01;0;5.90385;0;0;-1
0;691;-41.5955;87.7407;18.5419;8.98874;3042.18;5.4048;0;0;0.1;0.01;0;2.93129;0;0;-1
0;692;-27.764;-93.4552;16.8252;10.4523;4783.26;6.28482;0;0;0.1;0.01;0;3.9795;0;0;-1
0;693;-27.51;-72.8543;18.5002;9.83112;3980.13;5.91131;0;0;0.1;0.01;0;6.16688;0;0;-1
0;694;-25.3734;-56.7114;16.2722;8.5;2572.44;5.11093;0;0;0.1;0.01;0;4.45072;1;0;-1
0;695;-24.5;-40.3786;17.8414;8.88227;2935.35;5.34078;0;0;0.1;0.01;0;5.48556;0;0;-1
0;696;-28.3579;-24.7231;16.3173;9.59361;3698.58;5.7685;0;0;0.1;0.01;0;6.04725;0;0;-1
0;697;-28.3783;-7.18675;16.0137;9.33032;3402.34;5.61019;0;0;0.1;0.01;0;5.29131;0;0;-1
0;698;-26.9607;10.6764;16.4858;9.60486;3711.6;5.77526;0;0;0.1;0.01;0;6.09124;0;0;-1
0;699;-27.4522;28.0486;17.3649;9.05772;3112.76;5.44628;0;0;0.1;0.01;0;5.12868;0;0;-1
0;700;-25.4603;45.9311;17.6376;9.58543;3689.13;5.76358;0;0;0.1;0.01;0;5.76623;0;0;-1
0;701;-28.1565;62.0584;16.401;9.01678;3070.74;5.42166;0;0;0.1;0.01;0;5.90557;0;0;-1
0;702;-27.4122;80.4155;16.314;10.1887;4430.42;6.12632;0;0;0.1;0.01;0;5.89136;0;0;-1
0;703;-13.2915;-83.6075;17.6389;9.77088;3907.42;5.87509;0;0;0.1;0.01;0;5.45692;0;0;-1
0;704;-13.7371;-65.6448;17.0253;8.5;2572.44;5.11093;0;0;0.1;0.01;0;4.20996;1;0;-1
0;705;-11.1802;-47.534;16.271;9.7905;3931;5.88689;0;0;0.1;0.01;0;5.44903;0;0;-1
0;706;-12.3535;-30.785;19.3485;8.63701;2698.85;5.19331;0;0;0.1;0.01;0;5.76215;0;0;-1
0;707;-11.5526;-16.1879;17.4743;9.71429;3839.92;5.84106;0;0;0.1;0.01;0;6.34171;0;0;-1
0;708;-13.6678;1.66192;17.1271;10.0878;4300.09;6.06565;0;0;0.1;0.01;0;7.02351;0;0;-1
0;709;-13.1771;20.7906;16.6114;10.0841;4295.36;6.06342;0;0;0.1;0.01;0;6.26874;0;0;-1
0;710;-10.9527;37.318;17.2907;8.97727;3030.55;5.3979;0;0;0.1;0.01;0;5.49525;0;0;-1
0;711;-10.0214;52.3609;18.3049;10.1287;4352.61;6.09024;0;0;0.1;0.01;0;6.64394;0;0;-1
0;712;-11.6726;68.4235;18.3647;8.59754;2662.02;5.16958;0;0;0.1;0.01;0;5.20946;0;0;-1
0;713;-11.0548;85.2567;18.6747;8.5;2572.44;5.11093;0;0;0.1;0.01;0;3.73854;1;0;-1
0;714;1.68254;-91.9828;17.438;10.248;4508.23;6.16197;0;0;0.1;0.01;0;3.90814;0;0;-1
0;715;4.58011;-72.2712;15.9853;8.68782;2746.76;5.22386;0;0;0.1;0.01;0;5.15496;0;0;-1
0;716;2.81843;-56.9736;17.3303;8.5;2572.44;5.11093;0;0;0.1;0.01;0;5.54506;1;0;-1
0;717;2.96523;-39.8566;16.6728;9.887;4048.39;5.94491;0;0;0.1;0.01;0;6.58559;0;0;-1
0;718;2.38392;-24.4681;16.467;8.82136;2875.38;5.30416;0;0;0.1;0.01;0;5.63567;0;0;-1
0;719;4.9737;-8.37274;17.1131;8.57217;2638.52;5.15432;0;0;0.1;0.01;0;4.74396;0;0;-1
0;720;4.17184;9.65286;16.3842;9.89258;4055.25;5.94826;0;0;0.1;0.01;0;4.89168;0;0;-1
0;721;2.16088;28.5076;16.6403;9.95865;4137.04;5.98799;0;0;0.1;0.01;0;6.2483;0;0;-1
0;722;2.53196;46.1896;15.6187;8.5982;2662.63;5.16997;0;0;0.1;0.01;0;5.80192;0;0;-1
0;723;2.66063;63.4036;15.891;10.4039;4717.12;6.25571;0;0;0.1;0.01;0;6.71255;0;0;-1
0;724;0.992377;77.9638;15.9338;8.66392;2724.16;5.20949;0;0;0.1;0.01;0;5.68493;0;0;-1
0;725;4.69722;93.0884;17.7698;8.70908;2766.98;5.23664;0;0;0.1;0.01;0;2.89459;0;0;-1
0;726;17.7786;-82.3803;17.1036;10.0453;4245.97;6.04009;0;0;0.1;0.01;0;5.13186;0;0;-1
0;727;15.7947;-64.4152;16.3766;8.5;2572.44;5.11093;0;0;0.1;0.01;0;4.94374;1;0;-1
0;728;16.0218;-50.0853;18.3085;9.61978;3728.93;5.78423;0;0;0.1;0.01;0;5.55259;0;0;-1
0;729;18.9289;-33.9824;18.1021;8.5;2572.44;5.11093;0;0;0.1;0.01;0;4.31509;1;0;-1
0;730;18.3539;-17.0107;17.3398;9.30503;3374.75;5.59498;0;0;0.1;0.01;0;5.77635;0;0;-1
0;731;17.4621;2.71583;18.4821;8.54447;2613.03;5.13767;0;0;0.1;0.01;0;4.7411;0;0;-1
0;732;16.5804;21.1381;16.2207;9.14026;3198.63;5.49591;0;0;0.1;0.01;0;6.27572;0;0;-1
0;733;16.5149;37.0683;17.4434;8.88866;2941.69;5.34462;0;0;0.1;0.01;0;5.88795;0;0;-1
0;734;19.6648;52.9297;17.6953;8.85858;2911.93;5.32654;0;0;0.1;0.01;0;5.16837;0;0;-1
0;735;16.4133;69.7782;17.3906;8.51644;2587.4;5.12081;0;0;0.1;0.01;0;5.15631;0;0;-1
0;736;17.9142;85.6761;16.4571;9.17315;3233.29;5.51568;0;0;0.1;0.01;0;3.56698;0;0;-1
0;737;33.1741;-92.4852;15.9378;9.05955;3114.64;5.44738;0;0;0.1;0.01;0;1.68973;0;0;-1
0;738;33.7874;-73.7666;16.0973;9.51316;3606.31;5.72013;0;0;0.1;0.01;0;5.47757;0;0;-1
0;739;33.1795;-55.2467;18.0127;9.15668;3215.9;5.50578;0;0;0.1;0.01;0;4.5412;0;0;-1
0;740;33.6476;-39.0267;18.0767;8.5;2572.44;5.11093;0;0;0.1;0.01;0;5.3311;1;0;-1
0;741;31.438;-24.4831;16.3387;9.37929;3456.2;5.63963;0;0;0.1;0.01;0;6.4828;0;0;-1
0;742;30.7094;-8.06064;18.5966;9.30862;3378.66;5.59714;0;0;0.1;0.01;0;5.49779;0;0;-1
0;743;30.5286;11.5671;17.0215;8.87722;2930.35;5.33774;0;0;0.1;0.01;0;5.13293;0;0;-1
0;744;32.0989;26.8753;16.7691;8.78131;2836.39;5.28007;0;0;0.1;0.01;0;5.40211;0;0;-1
0;745;33.215;45.7703;16.5229;8.5;2572.44;5.11093;0;0;0.1;0.01;0;5.29027;1;0;-1
0;746;30.4868;63.4374;19.4787;9.08213;3137.99;5.46095;0;0;0.1;0.01;0;6.81746;0;0;-1
0;747;30.6499;77.8129;17.8441;9.25776;3323.58;5.56656;0;0;0.1;0.01;0;5.18583;0;0;-1
0;748;45.3098;-81.2474;16.0891;9.99665;4184.58;6.01084;0;0;0.1;0.01;0;4.70834;0;0;-1
0;749;48.9059;-67.641;17.01;8.61752;2680.62;5.18159;0;0;0.1;0.01;0;5.08229;0;0;-1
0;750;47.5115;-48.1662;18.5949;8.5;2572.44;5.11093;0;0;0.1;0.01;0;4.60385;1;0;-1
0;751;46.7617;-31.8994;16.6122;9.52674;3621.78;5.72829;0;0;0.1;0.01;0;6.83005;0;0;-1
0;752;46.359;-15.3167;17.506;9.96599;4146.2;5.99241;0;0;0.1;0.01;0;6.40123;0;0;-1
0;753;46.206;4.39589;19.4836;9.61473;3723.06;5.7812;0;0;0.1;0.01;0;5.42893;0;0;-1
0;754;48.7899;20.4681;17.341;9.77667;3914.37;5.87857;0;0;0.1;0.01;0;6.22858;0;0;-1
0;755;46.8594;34.8787;18.983;8.5;2572.44;5.11093;0;0;0.1;0.01;0;5.23442;1;0;-1
0;756;45.0836;54.0923;16.5892;10.1386;4365.39;6.09619;0;0;0.1;0.01;0;6.57507;0;0;-1
0;757;46.9759;68.9772;17.7796;8.7934;2848.13;5.28734;0;0;0.1;0.01;0;5.04428;0;0;-1
0;758;45.941;86.0461;19.6743;8.5;2572.44;5.11093;0;0;0.1;0.01;0;1.28258;1;0;-1
0;759;61.2243;-75.4454;17.4865;9.74749;3879.42;5.86102;0;0;0.1;0.01;0;2.82136;0;0;-1
0;760;62.3051;-57.9527;18.1646;8.5;2572.44;5.11093;0;0;0.1;0.01;0;4.94806;1;0;-1
0;761;62.5596;-38.7136;16.7053;10.097;4311.87;6.07118;0;0;0.1;0.01;0;7.49754;0;0;-1
0;762;60.4195;-24.2825;16.5105;9.90118;4065.83;5.95344;0;0;0.1;0.01;0;7.54605;0;0;-1
0;763;60.3778;-7.40266;16.7469;8.93108;2984.01;5.37013;0;0;0.1;0.01;0;4.8103;0;0;-1
0;764;62.458;10.605;16.968;9.45392;3539.36;5.6845;0;0;0.1;0.01;0;5.77985;0;0;-1
0;765;61.6895;28.5324;16.4786;10.2254;4478.47;6.14838;0;0;0.1;0.01;0;7.22179;0;0;-1
0;766;61.8683;45.2133;19.0339;8.67367;2733.36;5.21535;0;0;0.1;0.01;0;6.0793;0;0;-1
0;767;62.2916;63.6378;19.0465;10.0225;4217.13;6.02638;0;0;0.1;0.01;0;4.83305;0;0;-1
0;768;75.9014;-50.2077;19.5108;8.70096;2759.24;5.23176;0;0;0.1;0.01;0;3.01419;0;0;-1
0;769;76.0473;-33.4782;18.3412;10.0886;4301.12;6.06613;0;0;0.1;0.01;0;6.13316;0;0;-1
0;770;77.6214;-16.9485;16.7468;8.5;2572.44;5.11093;0;0;0.1;0.01;0;4.96048;1;0;-1
0;771;74.8825;0.850423;19.407;8.71841;2775.88;5.24225;0;0;0.1;0.01;0;4.44581;0;0;-1
0;772;76.4901;20.1064;16.1855;9.82373;3971.16;5.90687;0;0;0.1;0.01;0;6.53823;0;0;-1
0;773;74.8196;37.921;19.0719;10.3722;4674.14;6.23665;0;0;0.1;0.01;0;6.73509;0;0;-1
0;774;76.5243;52.4272;18.7543;8.77615;2831.4;5.27697;0;0;0.1;0.01;0;4.58083;0;0;-1
0;775;91.5289;-22.0693;18.6382;9.7875;3927.39;5.88508;0;0;0.1;0.01;0;4.3446;0;0;-1
0;776;92.7484;-7.3566;19.9335;8.5;2572.44;5.11093;0;0;0.1;0.01;0;2.61954;1;0;-1
0;777;91.6995;9.32687;16.2225;9.05672;3111.73;5.44567;0;0;0.1;0.01;0;2.52684;0;0;-1
0;778;89.4683;26.8401;17.3943;9.35384;3428.14;5.62433;0;0;0.1;0.01;0;4.07905;0;0;-1
0;779;-93.5846;2.41049;34.5657;8.55786;2625.33;5.14572;0;0;0.1;0.01;0;2.84543;0;0;-1
0;780;-82.0403;-39.7123;31.6346;9.85962;4014.85;5.92845;0;0;0.1;0.01;0;3.15381;0;0;-1
0;781;-79.6867;-25.0866;32.4554;9.32437;3395.84;5.60661;0;0;0.1;0.01;0;4.25039;0;0;-1
0;782;-79.0022;-6.08825;34.0279;9.22038;3283.49;5.54408;0;0;0.1;0.01;0;5.97697;0;0;-1
0;783;-80.1772;10.0459;31.8141;8.73128;2788.19;5.24999;0;0;0.1;0.01;0;4.89388;0;0;-1
0;784;-82.6995;25.8711;30.9237;9.40262;3482.05;5.65366;0;0;0.1;0.01;0;2.74936;0;0;-1
0;785;-79.9037;46.0342;31.3443;8.54151;2610.31;5.13589;0;0;0.1;0.01;0;2.20571;0;0;-1
0;786;-65.9577;-66.8908;33.952;9.46889;3556.2;5.69351;0;0;0.1;0.01;0;3.41917;0;0;-1
0;787;-66.6259;-47.6746;32.2381;9.70994;3834.76;5.83845;0;0;0.1;0.01;0;4.79123;0;0;-1
0;788;-64.303;-30.771;34.2021;9.95636;4134.19;5.98661;0;0;0.1;0.01;0;6.55689;0;0;-1
0;789;-66.7707;-15.5641;31.0164;8.5;2572.44;5.11093;0;0;0.1;0.01;0;5.95257;1;0;-1
0;790;-65.609;0.012567;34.1256;8.9441;2997.08;5.37796;0;0;0.1;0.01;0;5.98554;0;0;-1
0;791;-66.5508;18.1319;33.8918;8.5;2572.44;5.11093;0;0;0.1;0.01;0;4.42959;1;0;-1
0;792;-64.4109;35.1725;31.6529;8.58667;2651.94;5.16304;0;0;0.1;0.01;0;4.16606;0;0;-1
0;793;-66.8408;53.0593;33.2023;9.91933;4088.23;5.96435;0;0;0.1;0.01;0;3.57465;0;0;-1
0;794;-53.187;-73.3234;30.6167;10.1149;4334.84;6.08194;0;0;0.1;0.01;0;4.85243;0;0;-1
0;795;-50.1856;-58.7134;30.9901;9.48167;3570.62;5.70119;0;0;0.1;0.01;0;6.0263;0;0;-1
0;796;-49.8369;-38.4008;31.6524;9.72083;3847.68;5.84499;0;0;0.1;0.01;0;6.12845;0;0;-1
0;797;-52.8048;-21.2983;31.1189;8.5;2572.44;5.11093;0;0;0.1;0.01;0;4.91685;1;0;-1
0;798;-52.705;-7.29124;34.1893;9.66627;3783.25;5.81219;0;0;0.1;0.01;0;4.47839;0;0;-1
0;799;-51.6664;11.8716;31.7857;8.5;2572.44;5.11093;0;0;0.1;0.01;0;4.16209;1;0;-1
0;800;-50.7141;29.4012;32.6092;8.5;2572.44;5.11093;0;0;0.1;0.01;0;5.23811;1;0;-1
0;801;-52.7806;43.3427;33.1291;8.5;2572.44;5.11093;0;0;0.1;0.01;0;5.24101;1;0;-1
0;802;-51.6459;60.0653;33.9656;8.5;2572.44;5.11093;0;0;0.1;0.01;0;4.23837;1;0;-1
0;803;-35.644;-85.3959;34.2805;10.1766;4414.65;6.11904;0;0;0.1;0.01;0;3.63676;0;0;-1
0;804;-38.0003;-66.3733;31.2813;8.5;2572.44;5.11093;0;0;0.1;0.01;0;4.55911;1;0;-1
0;805;-37.9447;-47.2918;33.1296;9.74583;3877.44;5.86003;0;0;0.1;0.01;0;5.9659;0;0;-1
0;806;-34.473;-33.0318;33.029;10.2533;4515.23;6.16516;0;0;0.1;0.01;0;6.52025;0;0;-1
0;807;-35.1765;-16.2756;32.72;8.8572;2910.57;5.32571;0;0;0.1;0.01;0;4.12919;0;0;-1
0;808;-35.3386;2.98468;32.2952;8.80953;2863.83;5.29704;0;0;0.1;0.01;0;4.53485;0;0;-1
0;809;-38.3009;17.6717;32.7582;8.96634;3019.49;5.39133;0;0;0.1;0.01;0;4.90277;0;0;-1
0;810;-36.98;37.9427;31.6615;9.65063;3764.92;5.80278;0;0;0.1;0.01;0;6.08364;0;0;-1
0;811;-36.8432;52.4712;32.4165;8.9865;3039.91;5.40345;0;0;0.1;0.01;0;5.22345;0;0;-1
0;812;-37.9058;69.194;32.1155;8.5;2572.44;5.11093;0;0;0.1;0.01;0;3.35803;1;0;-1
0;813;-20.9654;-91.0266;34.0191;9.86408;4020.3;5.93113;0;0;0.1;0.01;0;3.76608;0;0;-1
0;814;-22.9236;-74.3067;32.2288;8.5;2572.44;5.11093;0;0;0.1;0.01;0;5.12037;1;0;-1
0;815;-22.8334;-57.0537;34.4193;8.61747;2680.57;5.18156;0;0;0.1;0.01;0;4.58457;0;0;-1
0;816;-21.8573;-42.7425;31.8928;8.61331;2676.69;5.17906;0;0;0.1;0.01;0;5.68056;0;0;-1
0;817;-20.4333;-21.6651;31.3802;8.5;2572.44;5.11093;0;0;0.1;0.01;0;3.95888;1;0;-1
0;818;-20.9578;-4.75676;34.0517;9.37895;3455.82;5.63943;0;0;0.1;0.01;0;5.89984;0;0;-1
0;819;-21.7914;11.1908;31.6443;8.93559;2988.53;5.37284;0;0;0.1;0.01;0;5.87626;0;0;-1
0;820;-22.9993;29.3681;33.7808;9.49202;3582.32;5.70741;0;0;0.1;0.01;0;5.55422;0;0;-1
0;821;-20.7381;44.2973;33.8114;9.19925;3260.96;5.53138;0;0;0.1;0.01;0;6.29466;0;0;-1
0;822;-20.4305;59.7032;30.9825;8.65751;2718.11;5.20564;0;0;0.1;0.01;0;5.12181;0;0;-1
0;823;-21.7694;76.7137;32.6754;10.0526;4255.24;6.04448;0;0;0.1;0.01;0;4.73983;0;0;-1
0;824;-6.81795;-81.4834;33.0048;10.2345;4490.44;6.15386;0;0;0.1;0.01;0;5.73743;0;0;-1
0;825;-7.57974;-65.8487;32.0383;9.11861;3175.96;5.48289;0;0;0.1;0.01;0;4.85249;0;0;-1
0;826;-8.80735;-46.9414;30.7939;9.1191;3176.47;5.48318;0;0;0.1;0.01;0;5.15164;0;0;-1
0;827;-5.46183;-32.6269;31.1755;8.5;2572.44;5.11093;0;0;0.1;0.01;0;4.74466;1;0;-1
0;828;-8.84347;-13.1758;31.5886;10.4144;4731.42;6.26203;0;0;0.1;0.01;0;6.59265;0;0;-1
0;829;-7.46566;3.47414;31.9507;9.30981;3379.96;5.59785;0;0;0.1;0.01;0;6.08531;0;0;-1
0;830;-6.85408;21.0006;33.6352;10.0649;4270.88;6.05188;0;0;0.1;0.01;0;5.67497;0;0;-1
0;831;-7.48227;37.7984;34.0827;9.13604;3194.2;5.49337;0;0;0.1;0.01;0;6.14373;0;0;-1
0;832;-5.85228;51.7237;33.691;8.5;2572.44;5.11093;0;0;0.1;0.01;0;5.49288;1;0;-1
0;833;-7.2018;69.7847;32.4013;8.73803;2794.66;5.25405;0;0;0.1;0.01;0;4.34946;0;0;-1
0;834;-6.78216;88.6516;31.1313;8.56897;2635.57;5.1524;0;0;0.1;0.01;0;2.16845;0;0;-1
0;835;8.24677;-89.4364;34.6593;8.757;2812.9;5.26546;0;0;0.1;0.01;0;3.18299;0;0;-1
0;836;7.7037;-74.4745;32.4959;10.4534;4784.77;6.28548;0;0;0.1;0.01;0;7.03403;0;0;-1
0;837;6.34519;-58.9474;31.8188;8.79873;2853.31;5.29055;0;0;0.1;0.01;0;5.10346;0;0;-1
0;838;8.48732;-42.915;33.2016;10.0561;4259.68;6.04659;0;0;0.1;0.01;0;6.75059;0;0;-1
0;839;6.86278;-23.88;32.7529;8.90408;2957.03;5.35389;0;0;0.1;0.01;0;4.87942;0;0;-1
0;840;7.21321;-6.04608;33.7234;9.87605;4034.95;5.93833;0;0;0.1;0.01;0;6.05217;0;0;-1
0;841;5.65092;8.79009;34.3806;9.10205;3158.68;5.47293;0;0;0.1;0.01;0;4.74109;0;0;-1
0;842;8.33824;27.8189;31.0471;9.25309;3318.55;5.56375;0;0;0.1;0.01;0;5.15993;0;0;-1
0;843;6.79036;42.8924;30.59;10.1876;4428.99;6.12566;0;0;0.1;0.01;0;6.42142;0;0;-1
0;844;8.64163;61.5725;30.9027;8.68436;2743.48;5.22178;0;0;0.1;0.01;0;4.75666;0;0;-1
0;845;9.12275;78.9377;31.9058;9.46328;3549.88;5.69013;0;0;0.1;0.01;0;4.70355;0;0;-1
0;846;23.1441;-82.6633;33.8547;9.93443;4106.93;5.97343;0;0;0.1;0.01;0;4.76543;0;0;-1
0;847;22.6488;-67.962;33.0049;9.85623;4010.71;5.92641;0;0;0.1;0.01;0;5.40218;0;0;-1
0;848;23.8694;-47.7362;33.3909;8.90151;2954.47;5.35235;0;0;0.1;0.01;0;5.89526;0;0;-1
0;849;21.135;-32.2891;32.467;10.1635;4397.63;6.11117;0;0;0.1;0.01;0;7.03739;0;0;-1
0;850;22.1156;-14.0039;32.2136;10.1553;4386.99;6.10623;0;0;0.1;0.01;0;6.79607;0;0;-1
0;851;22.3363;0.478631;30.9386;8.92445;2977.37;5.36614;0;0;0.1;0.01;0;5.12695;0;0;-1
0;852;23.0078;19.3377;30.4856;9.06881;3124.2;5.45294;0;0;0.1;0.01;0;4.82348;0;0;-1
0;853;22.1093;37.5594;33.9888;9.3486;3422.38;5.62118;0;0;0.1;0.01;0;5.73768;0;0;-1
0;854;23.7968;51.386;32.572;9.90615;4071.96;5.95642;0;0;0.1;0.01;0;6.81377;0;0;-1
0;855;22.3254;68.7562;30.9952;8.75237;2808.44;5.26267;0;0;0.1;0.01;0;5.90389;0;0;-1
0;856;20.8566;89.3922;34.2247;9.34689;3420.5;5.62015;0;0;0.1;0.01;0;1.60191;0;0;-1
0;857;35.7853;-74.7225;32.7973;8.5;2572.44;5.11093;0;0;0.1;0.01;0;3.42618;1;0;-1
0;858;37.1856;-55.0838;32.8413;9.55435;3653.36;5.74489;0;0;0.1;0.01;0;5.76174;0;0;-1
0;859;35.5758;-38.4158;30.8918;8.5;2572.44;5.11093;0;0;0.1;0.01;0;5.30919;1;0;-1
0;860;37.5002;-21.9809;32.1859;8.5;2572.44;5.11093;0;0;0.1;0.01;0;4.75496;1;0;-1
0;861;35.8963;-4.81274;33.2102;9.17157;3231.62;5.51473;0;0;0.1;0.01;0;5.72614;0;0;-1
0;862;38.742;9.35404;32.4856;8.59517;2659.82;5.16815;0;0;0.1;0.01;0;4.91452;0;0;-1
0;863;38.1048;25.5606;33.0016;9.81869;3965.06;5.90384;0;0;0.1;0.01;0;5.59405;0;0;-1
0;864;38.3491;43.1633;33.0914;9.76301;3897.98;5.87036;0;0;0.1;0.01;0;6.01916;0;0;-1
0;865;35.3795;61.8614;33.7033;9.76121;3895.83;5.86927;0;0;0.1;0.01;0;6.62648;0;0;-1
0;866;36.8554;77.2526;32.16;10.0224;4217;6.02632;0;0;0.1;0.01;0;5.23655;0;0;-1
0;867;52.8314;-64.6676;31.9373;9.06145;3116.6;5.44852;0;0;0.1;0.01;0;3.97279;0;0;-1
0;868;53.1658;-49.3403;32.127;9.43641;3519.73;5.67398;0;0;0.1;0.01;0;5.65653;0;0;-1
0;869;52.0707;-33.3859;32.4019;9.52844;3623.71;5.72931;0;0;0.1;0.01;0;6.14058;0;0;-1
0;870;51.5452;-17.3172;31.598;9.93219;4104.15;5.97208;0;0;0.1;0.01;0;6.32044;0;0;-1
0;871;53.211;0.914063;33.8722;10.0205;4214.6;6.02518;0;0;0.1;0.01;0;6.86797;0;0;-1
0;872;52.462;17.822;33.3876;8.9672;3020.36;5.39185;0;0;0.1;0.01;0;6.01803;0;0;-1
0;873;53.4753;38.1457;32.2426;8.9671;3020.26;5.39179;0;0;0.1;0.01;0;6.03682;0;0;-1
0;874;53.2656;53.1812;33.3257;9.60563;3712.5;5.77573;0;0;0.1;0.01;0;6.96826;0;0;-1
0;875;51.4218;68.3326;32.4197;9.14929;3208.12;5.50134;0;0;0.1;0.01;0;4.8677;0;0;-1
0;876;67.2571;-58.0699;32.4315;8.83388;2887.64;5.31168;0;0;0.1;0.01;0;3.29272;0;0;-1
0;877;67.6942;-38.6054;31.5506;9.31078;3381.01;5.59844;0;0;0.1;0.01;0;5.34606;0;0;-1
0;878;66.3867;-21.8155;31.9665;9.12977;3187.63;5.4896;0;0;0.1;0.01;0;5.27207;0;0;-1
0;879;66.9413;-4.76896;32.6273;9.85842;4013.38;5.92772;0;0;0.1;0.01;0;5.72574;0;0;-1
0;880;67.2106;10.3581;32.9771;8.94914;3002.15;5.38099;0;0;0.1;0.01;0;6.55139;0;0;-1
0;881;66.2106;28.0125;33.7836;8.61621;2679.4;5.1808;0;0;0.1;0.01;0;5.82199;0;0;-1
0;882;67.3165;45.6445;31.0876;9.11558;3172.79;5.48107;0;0;0.1;0.01;0;6.4665;0;0;-1
0;883;67.0121;59.5015;32.0781;9.87652;4035.53;5.93861;0;0;0.1;0.01;0;4.75428;0;0;-1
0;884;79.9437;-30.257;33.8269;9.91075;4077.63;5.95919;0;0;0.1;0.01;0;4.39794;0;0;-1
0;885;80.1728;-15.9653;30.7246;8.8039;2858.34;5.29366;0;0;0.1;0.01;0;4.50634;0;0;-1
0;886;79.6581;3.68581;33.5535;10.0827;4293.58;6.06258;0;0;0.1;0.01;0;4.9487;0;0;-1
0;887;80.7131;19.6996;34.1931;8.73611;2792.82;5.2529;0;0;0.1;0.01;0;3.84874;0;0;-1
0;888;80.5446;33.6388;31.9239;8.98096;3034.29;5.40012;0;0;0.1;0.01;0;4.25641;0;0;-1
0;889;-86.3513;-6.44555;47.235;9.7781;3916.08;5.87943;0;0;0.1;0.01;0;3.24475;0;0;-1
0;890;-85.6606;9.85847;47.793;10.4049;4718.48;6.25632;0;0;0.1;0.01;0;3.02294;0;0;-1
0;891;-69.0169;-49.9845;48.7957;10.4318;4755.17;6.27249;0;0;0.1;0.01;0;2.88108;0;0;-1
0;892;-69.3939;-33.7454;47.989;8.5;2572.44;5.11093;0;0;0.1;0.01;0;4.09304;1;0;-1
0;893;-69.3649;-13.365;47.6965;9.91875;4087.52;5.964;0;0;0.1;0.01;0;5.72632;0;0;-1
0;894;-71.513;0.837029;46.7824;8.91111;2964.04;5.35812;0;0;0.1;0.01;0;5.62234;0;0;-1
0;895;-68.567;18.0419;47.0584;8.75571;2811.66;5.26468;0;0;0.1;0.01;0;3.93364;0;0;-1
0;896;-70.5817;36.4564;49.363;9.25688;3322.63;5.56603;0;0;0.1;0.01;0;1.72397;0;0;-1
0;897;-56.6386;-59.6066;46.1484;8.92538;2978.3;5.3667;0;0;0.1;0.01;0;4.10244;0;0;-1
0;898;-57.0591;-39.1334;47.6064;9.30218;3371.65;5.59327;0;0;0.1;0.01;0;5.77809;0;0;-1
0;899;-57.05;-23.2631;47.2581;8.5;2572.44;5.11093;0;0;0.1;0.01;0;5.4518;1;0;-1
0;900;-56.8251;-6.91424;48.8077;9.56046;3660.37;5.74857;0;0;0.1;0.01;0;5.90574;0;0;-1
0;901;-54.599;12.7545;45.9866;8.6949;2753.48;5.22812;0;0;0.1;0.01;0;4.42068;0;0;-1
0;902;-57.6992;29.7422;45.9838;8.5;2572.44;5.11093;0;0;0.1;0.01;0;4.6581;1;0;-1
0;903;-56.3026;45.9395;47.0305;8.5;2572.44;5.11093;0;0;0.1;0.01;0;4.46045;1;0;-1
0;904;-54.4422;61.3003;46.4131;8.73256;2789.42;5.25076;0;0;0.1;0.01;0;3.49968;0;0;-1
0;905;-40.6477;-64.3872;45.8753;8.77308;2828.43;5.27513;0;0;0.1;0.01;0;3.66411;0;0;-1
0;906;-40.4079;-50.5772;48.2038;9.14813;3206.9;5.50064;0;0;0.1;0.01;0;5.15913;0;0;-1
0;907;-43.2007;-30.072;46.0974;10.1709;4407.24;6.11561;0;0;0.1;0.01;0;6.0544;0;0;-1
0;908;-41.5086;-14.2973;49.0777;8.5;2572.44;5.11093;0;0;0.1;0.01;0;4.98842;1;0;-1
0;909;-41.6413;0.770339;49.265;8.65928;2719.78;5.2067;0;0;0.1;0.01;0;4.59918;0;0;-1
0;910;-42.0971;16.7766;48.2715;10.2808;4551.66;6.1817;0;0;0.1;0.01;0;5.92302;0;0;-1
0;911;-42.3295;35.882;45.2249;8.59133;2656.26;5.16584;0;0;0.1;0.01;0;4.95064;0;0;-1
0;912;-41.2201;53.2405;48.9022;10.1348;4360.48;6.09391;0;0;0.1;0.01;0;6.53567;0;0;-1
0;913;-42.4863;69.7198;48.0938;9.85071;4003.97;5.92309;0;0;0.1;0.01;0;4.23747;0;0;-1
0;914;-27.8309;-76.7453;46.7368;9.0812;3137.03;5.46039;0;0;0.1;0.01;0;2.96232;0;0;-1
0;915;-26.1673;-55.5056;48.3159;8.59395;2658.69;5.16742;0;0;0.1;0.01;0;5.99514;0;0;-1
0;916;-27.686;-41.4894;46.5294;9.63897;3751.29;5.79577;0;0;0.1;0.01;0;7.57681;0;0;-1
0;917;-28.031;-24.256;49.4376;8.5;2572.44;5.11093;0;0;0.1;0.01;0;4.80513;1;0;-1
0;918;-25.7027;-8.79452;47.3312;8.5;2572.44;5.11093;0;0;0.1;0.01;0;4.6381;1;0;-1
0;919;-26.673;12.0279;46.5393;9.92574;4096.16;5.9682;0;0;0.1;0.01;0;5.77839;0;0;-1
0;920;-26.9587;29.5834;48.5547;10.2075;4454.99;6.13762;0;0;0.1;0.01;0;7.06265;0;0;-1
0;921;-26.3514;45.1528;48.8345;9.22863;3292.31;5.54904;0;0;0.1;0.01;0;6.11716;0;0;-1
0;922;-25.894;60.8822;46.5229;10.3198;4603.65;6.20515;0;0;0.1;0.01;0;6.87288;0;0;-1
0;923;-25.5707;79.3343;48.5019;9.1597;3219.08;5.50759;0;0;0.1;0.01;0;3.17678;0;0;-1
0;924;-12.3625;-80.7904;46.0133;8.874;2927.16;5.33581;0;0;0.1;0.01;0;3.07078;0;0;-1
0;925;-11.8874;-64.6885;47.9582;8.62741;2689.86;5.18754;0;0;0.1;0.01;0;4.45691;0;0;-1
0;926;-13.4929;-47.9734;46.5754;10.3686;4669.27;6.23449;0;0;0.1;0.01;0;7.52039;0;0;-1
0;927;-12.6916;-33.5687;49.1072;10.005;4195.08;6.01586;0;0;0.1;0.01;0;5.88233;0;0;-1
0;928;-11.4143;-13.8809;48.6935;9.93402;4106.42;5.97318;0;0;0.1;0.01;0;6.77246;0;0;-1
0;929;-11.0356;0.267759;46.109;9.49154;3581.78;5.70713;0;0;0.1;0.01;0;6.65065;0;0;-1
0;930;-13.1759;19.5128;47.8644;10.0132;4205.4;6.02079;0;0;0.1;0.01;0;6.25787;0;0;-1
0;931;-11.2551;37.0946;49.0552;8.84922;2902.71;5.32091;0;0;0.1;0.01;0;6.45013;0;0;-1
0;932;-12.203;52.5465;48.7868;9.02879;3083.03;5.42888;0;0;0.1;0.01;0;7.20756;0;0;-1
0;933;-11.751;69.7937;48.0818;10.1432;4371.33;6.09896;0;0;0.1;0.01;0;5.86809;0;0;-1
0;934;-12.8189;86.6153;47.9918;8.5;2572.44;5.11093;0;0;0.1;0.01;0;1.66597;1;0;-1
0;935;2.05723;-73.1394;45.8849;8.5;2572.44;5.11093;0;0;0.1;0.01;0;4.9124;1;0;-1
0;936;1.6108;-59.4398;46.623;8.99434;3047.87;5.40817;0;0;0.1;0.01;0;5.60828;0;0;-1
0;937;2.35144;-42.278;46.9539;9.40872;3488.83;5.65733;0;0;0.1;0.01;0;5.65209;0;0;-1
0;938;1.44663;-22.4087;48.5044;9.3869;3464.62;5.64421;0;0;0.1;0.01;0;5.82231;0;0;-1
0;939;4.31089;-5.38871;49.0459;9.50215;3593.8;5.7135;0;0;0.1;0.01;0;6.81265;0;0;-1
0;940;3.22204;8.86447;49.2395;9.40384;3483.41;5.65439;0;0;0.1;0.01;0;5.80831;0;0;-1
0;941;1.82406;29.6371;47.3196;8.5;2572.44;5.11093;0;0;0.1;0.01;0;5.0505;1;0;-1
0;942;1.08376;45.5469;47.5967;8.53776;2606.88;5.13363;0;0;0.1;0.01;0;6.1717;0;0;-1
0;943;1.48969;60.6215;45.6668;9.03964;3094.15;5.4354;0;0;0.1;0.01;0;5.4366;0;0;-1
0;944;4.93378;79.7264;48.6589;10.1102;4328.8;6.07912;0;0;0.1;0.01;0;3.00688;0;0;-1
0;945;18.924;-84.4706;48.8951;8.82496;2878.9;5.30632;0;0;0.1;0.01;0;1.95402;0;0;-1
0;946;18.2816;-65.9308;46.7103;9.13393;3191.99;5.4921;0;0;0.1;0.01;0;4.69366;0;0;-1
0;947;16.9247;-49.4114;46.2896;8.5;2572.44;5.11093;0;0;0.1;0.01;0;4.61414;1;0;-1
0;948;19.3937;-34.4009;45.9323;10.2763;4545.68;6.17899;0;0;0.1;0.01;0;6.56688;0;0;-1
0;949;16.147;-14.859;48.4574;9.22523;3288.67;5.547;0;0;0.1;0.01;0;6.3422;0;0;-1
0;950;18.7817;1.80604;48.5187;8.50641;2578.26;5.11478;0;0;0.1;0.01;0;5.65815;0;0;-1
0;951;17.3912;17.4904;46.7761;9.55479;3653.86;5.74516;0;0;0.1;0.01;0;5.23495;0;0;-1
0;952;16.0206;36.3965;49.0152;8.5;2572.44;5.11093;0;0;0.1;0.01;0;4.95318;1;0;-1
0;953;19.2404;50.8485;45.564;9.03341;3087.76;5.43166;0;0;0.1;0.01;0;5.11272;0;0;-1
0;954;17.4151;71.0953;46.7974;9.52319;3617.73;5.72616;0;0;0.1;0.01;0;4.54339;0;0;-1
0;955;33.2095;-74.2751;48.791;8.9766;3029.87;5.3975;0;0;0.1;0.01;0;3.24288;0;0;-1
0;956;33.1111;-57.1351;47.8288;9.60965;3717.16;5.77814;0;0;0.1;0.01;0;6.04698;0;0;-1
0;957;33.4772;-39.2159;45.8185;9.85133;4004.73;5.92346;0;0;0.1;0.01;0;6.54271;0;0;-1
0;958;30.7978;-22.5157;46.1757;9.98303;4167.5;6.00265;0;0;0.1;0.01;0;6.38936;0;0;-1
0;959;31.9815;-5.04418;47.7704;9.48791;3577.67;5.70494;0;0;0.1;0.01;0;5.83518;0;0;-1
0;960;33.2551;12.0644;47.6424;9.44032;3524.1;5.67633;0;0;0.1;0.01;0;5.47919;0;0;-1
0;961;30.6826;25.7838;46.9797;9.75134;3884.02;5.86334;0;0;0.1;0.01;0;6.52885;0;0;-1
0;962;32.708;43.2068;48.5126;8.95476;3007.81;5.38437;0;0;0.1;0.01;0;6.11599;0;0;-1
0;963;31.8852;59.3322;48.6115;9.99243;4179.28;6.0083;0;0;0.1;0.01;0;6.93164;0;0;-1
0;964;30.9331;76.2484;47.6983;9.44588;3530.33;5.67967;0;0;0.1;0.01;0;4.12656;0;0;-1
0;965;45.9678;-63.7067;46.5707;8.50235;2574.57;5.11234;0;0;0.1;0.01;0;3.30878;0;0;-1
0;966;46.1737;-47.4741;47.5705;10.2055;4452.37;6.13642;0;0;0.1;0.01;0;6.42956;0;0;-1
0;967;47.6483;-31.4622;46.2941;8.5;2572.44;5.11093;0;0;0.1;0.01;0;5.04443;1;0;-1
0;968;45.2309;-13.9431;49.0279;9.26855;3335.22;5.57304;0;0;0.1;0.01;0;5.88987;0;0;-1
0;969;45.9015;-0.224025;45.376;8.5;2572.44;5.11093;0;0;0.1;0.01;0;5.34595;1;0;-1
0;970;47.716;20.7864;46.8798;10.0206;4214.73;6.02524;0;0;0.1;0.01;0;7.16661;0;0;-1
0;971;45.3044;36.6194;48.5868;9.44979;3534.72;5.68202;0;0;0.1;0.01;0;6.80087;0;0;-1
0;972;46.472;54.7701;49.1063;9.69619;3818.49;5.83018;0;0;0.1;0.01;0;5.8808;0;0;-1
0;973;45.6618;72.0051;48.4215;9.86394;4020.13;5.93104;0;0;0.1;0.01;0;3.34305;0;0;-1
0;974;63.701;-58.7682;46.4839;8.74716;2803.43;5.25954;0;0;0.1;0.01;0;2.38351;0;0;-1
0;975;62.0101;-42.3763;47.649;9.36522;3440.67;5.63117;0;0;0.1;0.01;0;5.04841;0;0;-1
0;976;59.8935;-24.0743;48.5207;8.5;2572.44;5.11093;0;0;0.1;0.01;0;4.86071;1;0;-1
0;977;63.608;-8.69997;46.8161;10.1425;4370.42;6.09854;0;0;0.1;0.01;0;6.67416;0;0;-1
0;978;60.6627;8.13205;47.1502;9.86993;4027.46;5.93465;0;0;0.1;0.01;0;6.38346;0;0;-1
0;979;61.5211;26.8101;46.11;9.90075;4065.3;5.95318;0;0;0.1;0.01;0;6.42675;0;0;-1
0;980;60.1727;43.6488;46.0408;10.1384;4365.13;6.09607;0;0;0.1;0.01;0;6.24485;0;0;-1
0;981;61.1694;61.0013;47.0023;9.12844;3186.24;5.4888;0;0;0.1;0.01;0;3.75889;0;0;-1
0;982;77.2965;-30.3692;48.6475;8.61289;2676.3;5.17881;0;0;0.1;0.01;0;2.62167;0;0;-1
0;983;77.1269;-17.1003;47.7299;8.5;2572.44;5.11093;0;0;0.1;0.01;0;3.1629;1;0;-1
0;984;75.5647;1.83124;46.5479;9.84126;3992.46;5.91741;0;0;0.1;0.01;0;5.04794;0;0;-1
0;985;78.693;17.3396;48.7969;10.0526;4255.24;6.04448;0;0;0.1;0.01;0;4.18376;0;0;-1
0;986;75.2822;34.6961;45.9211;10.2898;4563.62;6.18711;0;0;0.1;0.01;0;4.40643;0;0;-1
0;987;-65.6138;-30.2892;62.2628;8.57744;2643.39;5.15749;0;0;0.1;0.01;0;3.43725;0;0;-1
0;988;-66.5748;-15.4242;63.5508;8.87947;2932.58;5.3391;0;0;0.1;0.01;0;3.5409;0;0;-1
0;989;-66.6923;0.549566;61.3366;8.52153;2592.04;5.12387;0;0;0.1;0.01;0;3.47952;0;0;-1
0;990;-66.15;19.5126;63.9379;9.60852;3715.85;5.77746;0;0;0.1;0.01;0;3.35563;0;0;-1
0;991;-51.8166;-58.4784;60.4465;9.06277;3117.97;5.44931;0;0;0.1;0.01;0;2.13833;0;0;-1
0;992;-51.4167;-38.7579;63.6248;10.4312;4754.35;6.27213;0;0;0.1;0.01;0;5.19925;0;0;-1
0;993;-50.7493;-24.5031;63.3014;8.99047;3043.94;5.40584;0;0;0.1;0.01;0;6.41104;0;0;-1
0;994;-52.705;-8.78897;61.3368;8.75928;2815.1;5.26683;0;0;0.1;0.01;0;4.57241;0;0;-1
0;995;-53.488;10.3269;61.6455;10.3467;4639.75;6.22132;0;0;0.1;0.01;0;5.60352;0;0;-1
0;996;-53.0232;27.1237;62.1069;8.5119;2583.26;5.11808;0;0;0.1;0.01;0;4.04334;0;0;-1
0;997;-51.7523;46.5251;61.8003;9.49673;3587.66;5.71025;0;0;0.1;0.01;0;3.02767;0;0;-1
0;998;-36.3724;-47.5592;60.5211;9.31429;3384.84;5.60055;0;0;0.1;0.01;0;6.18534;0;0;-1
0;999;-36.9134;-33.1686;64.1598;8.56914;2635.73;5.1525;0;0;0.1;0.01;0;5.89249;0;0;-1
0;1000;-35.4724;-15.655;62.6704;9.77893;3917.08;5.87993;0;0;0.1;0.01;0;6.62005;0;0;-1
0;1001;-36.1646;1.4593;63.966;8.73934;2795.92;5.25484;0;0;0.1;0.01;0;4.8763;0;0;-1
0;1002;-35.0693;19.5908;62.2215;8.80965;2863.94;5.29711;0;0;0.1;0.01;0;5.88909;0;0;-1
0;1003;-35.2295;37.0887;60.6613;9.96828;4149.06;5.99378;0;0;0.1;0.01;0;6.29176;0;0;-1
0;1004;-38.3059;52.2597;63.8401;9.47991;3568.63;5.70013;0;0;0.1;0.01;0;3.94418;0;0;-1
0;1005;-38.3136;67.956;60.697;9.61487;3723.22;5.78128;0;0;0.1;0.01;0;3.18433;0;0;-1
0;1006;-21.3175;-73.2347;63.7669;8.5;2572.44;5.11093;0;0;0.1;0.01;0;1.71296;1;0;-1
0;1007;-23.2926;-57.028;62.2459;10.4;4711.82;6.25337;0;0;0.1;0.01;0;6.18621;0;0;-1
0;1008;-22.2425;-40.8635;61.3906;10.2717;4539.58;6.17622;0;0;0.1;0.01;0;8.02988;0;0;-1
0;1009;-21.3037;-22.7326;63.6616;8.53442;2603.82;5.13162;0;0;0.1;0.01;0;6.24301;0;0;-1
0;1010;-21.9779;-5.56801;62.1262;10.3597;4657.26;6.22914;0;0;0.1;0.01;0;6.43755;0;0;-1
0;1011;-22.119;10.519;60.8524;8.5;2572.44;5.11093;0;0;0.1;0.01;0;3.6334;1;0;-1
0;1012;-23.789;26.8088;63.5262;9.01866;3072.66;5.42279;0;0;0.1;0.01;0;4.69267;0;0;-1
0;1013;-22.4068;44.4758;62.808;9.87176;4029.7;5.93575;0;0;0.1;0.01;0;6.77129;0;0;-1
0;1014;-21.831;59.7059;60.1825;8.81698;2871.1;5.30152;0;0;0.1;0.01;0;5.4364;0;0;-1
0;1015;-7.87574;-67.6927;60.3413;8.52518;2595.37;5.12607;0;0;0.1;0.01;0;3.89224;0;0;-1
0;1016;-7.87128;-47.7024;63.1318;10.2311;4485.96;6.15181;0;0;0.1;0.01;0;6.71405;0;0;-1
0;1017;-5.56438;-29.8866;63.394;9.05885;3113.92;5.44696;0;0;0.1;0.01;0;6.57523;0;0;-1
0;1018;-6.85199;-15.3372;60.966;8.54701;2615.36;5.13919;0;0;0.1;0.01;0;6.62516;0;0;-1
0;1019;-8.78471;0.623678;60.7683;8.5;2572.44;5.11093;0;0;0.1;0.01;0;4.71255;1;0;-1
0;1020;-6.95736;20.834;60.3895;8.92528;2978.2;5.36664;0;0;0.1;0.01;0;4.61521;0;0;-1
0;1021;-8.83353;36.0079;63.5812;9.68264;3802.51;5.82203;0;0;0.1;0.01;0;7.04619;0;0;-1
0;1022;-6.47225;52.1426;61.0298;9.64341;3756.48;5.79844;0;0;0.1;0.01;0;7.58043;0;0;-1
0;1023;-7.4313;67.672;60.8782;10.3052;4584.14;6.19637;0;0;0.1;0.01;0;4.93542;0;0;-1
0;1024;5.31994;-73.7671;61.9519;8.5;2572.44;5.11093;0;0;0.1;0.01;0;2.23861;1;0;-1
0;1025;6.87238;-57.4074;62.3013;10.176;4413.87;6.11868;0;0;0.1;0.01;0;5.81662;0;0;-1
0;1026;7.74257;-39.3525;61.0358;8.5;2572.44;5.11093;0;0;0.1;0.01;0;4.55278;1;0;-1
0;1027;6.38313;-22.6879;62.3481;9.92312;4092.92;5.96663;0;0;0.1;0.01;0;6.71301;0;0;-1
0;1028;9.17477;-6.37698;62.4696;10.2402;4497.94;6.15728;0;0;0.1;0.01;0;6.8579;0;0;-1
0;1029;8.78183;12.1956;62.2439;8.66534;2725.5;5.21034;0;0;0.1;0.01;0;4.78761;0;0;-1
0;1030;7.91666;26.3212;63.4107;8.5;2572.44;5.11093;0;0;0.1;0.01;0;5.49332;1;0;-1
0;1031;7.42333;42.0747;60.0812;10.2988;4575.6;6.19252;0;0;0.1;0.01;0;6.63312;0;0;-1
0;1032;6.64206;63.0865;63.2889;9.3194;3390.41;5.60362;0;0;0.1;0.01;0;4.62378;0;0;-1
0;1033;21.3052;-63.8621;60.9624;8.5;2572.44;5.11093;0;0;0.1;0.01;0;3.70203;1;0;-1
0;1034;23.2556;-50.2962;61.9537;8.5;2572.44;5.11093;0;0;0.1;0.01;0;4.43509;1;0;-1
0;1035;20.9405;-32.3634;61.0352;8.5;2572.44;5.11093;0;0;0.1;0.01;0;3.83388;1;0;-1
0;1036;24.2155;-12.6707;60.3678;8.5;2572.44;5.11093;0;0;0.1;0.01;0;5.40746;1;0;-1
0;1037;20.6138;2.95208;61.7767;8.5;2572.44;5.11093;0;0;0.1;0.01;0;5.06499;1;0;-1
0;1038;23.0811;19.7949;63.7353;10.3275;4613.96;6.20978;0;0;0.1;0.01;0;7.34267;0;0;-1
0;1039;21.93;37.8406;63.1489;8.70203;2760.26;5.2324;0;0;0.1;0.01;0;5.68782;0;0;-1
0;1040;21.5762;53.1551;60.4205;8.5;2572.44;5.11093;0;0;0.1;0.01;0;5.29492;1;0;-1
0;1041;22.1337;69.1064;61.3904;9.0674;3122.75;5.4521;0;0;0.1;0.01;0;3.39179;0;0;-1
0;1042;34.668;-59.7298;63.5401;8.5;2572.44;5.11093;0;0;0.1;0.01;0;2.17344;1;0;-1
0;1043;36.1549;-39.3421;62.5732;9.23923;3303.66;5.55541;0;0;0.1;0.01;0;4.51251;0;0;-1
0;1044;38.1834;-22.8129;61.8918;8.81792;2872.02;5.30209;0;0;0.1;0.01;0;4.89487;0;0;-1
0;1045;35.7975;-5.06114;62.6097;8.95321;3006.25;5.38344;0;0;0.1;0.01;0;4.80351;0;0;-1
0;1046;38.268;12.2867;61.3839;9.45337;3538.74;5.68417;0;0;0.1;0.01;0;5.64879;0;0;-1
0;1047;37.9538;26.2082;60.2465;8.5;2572.44;5.11093;0;0;0.1;0.01;0;6.73335;1;0;-1
0;1048;35.5238;43.3608;63.5203;9.23679;3301.05;5.55395;0;0;0.1;0.01;0;5.62854;0;0;-1
0;1049;38.6635;60.4727;63.3779;9.72555;3853.28;5.84783;0;0;0.1;0.01;0;3.94844;0;0;-1
0;1050;53.4547;-48.7321;61.7465;9.52246;3616.9;5.72572;0;0;0.1;0.01;0;3.22445;0;0;-1
0;1051;50.3689;-33.3941;60.8832;8.5;2572.44;5.11093;0;0;0.1;0.01;0;4.87682;1;0;-1
0;1052;51.0254;-15.2824;62.1422;9.58171;3684.83;5.76134;0;0;0.1;0.01;0;5.69807;0;0;-1
0;1053;50.0301;0.79749;62.6999;8.5;2572.44;5.11093;0;0;0.1;0.01;0;4.12893;1;0;-1
0;1054;50.55;20.6928;60.9284;8.5;2572.44;5.11093;0;0;0.1;0.01;0;5.72353;1;0;-1
0;1055;50.8685;34.8028;61.8187;9.8158;3961.56;5.9021;0;0;0.1;0.01;0;6.01841;0;0;-1
0;1056;53.6954;53.0088;62.7412;10.1404;4367.71;6.09728;0;0;0.1;0.01;0;3.142;0;0;-1
0;1057;67.0742;-40.8575;60.8959;10.4293;4751.76;6.27099;0;0;0.1;0.01;0;2.85357;0;0;-1
0;1058;64.4523;-21.516;62.1456;8.5;2572.44;5.11093;0;0;0.1;0.01;0;2.95824;1;0;-1
0;1059;64.4365;-5.43623;61.8706;8.5;2572.44;5.11093;0;0;0.1;0.01;0;4.08195;1;0;-1
0;1060;66.7729;9.19633;60.6559;9.7064;3830.57;5.83632;0;0;0.1;0.01;0;3.28619;0;0;-1
0;1061;65.1698;25.0287;60.1656;8.80062;2855.15;5.29169;0;0;0.1;0.01;0;2.81859;0;0;-1
0;1062;-54.4239;-23.7685;75.9881;9.34551;3418.99;5.61932;0;0;0.1;0.01;0;3.60142;0;0;-1
0;1063;-56.5094;-4.70195;78.706;8.5;2572.44;5.11093;0;0;0.1;0.01;0;1.66346;1;0;-1
0;1064;-54.945;10.6812;76.2496;9.32397;3395.4;5.60637;0;0;0.1;0.01;0;3.90553;0;0;-1
0;1065;-56.442;29.7244;75.0172;10.447;4775.99;6.28163;0;0;0.1;0.01;0;3.23463;0;0;-1
0;1066;-40.0279;-48.9606;77.0229;8.5;2572.44;5.11093;0;0;0.1;0.01;0;2.2474;1;0;-1
0;1067;-42.2507;-30.8002;77.7928;8.79456;2849.25;5.28804;0;0;0.1;0.01;0;4.74869;0;0;-1
0;1068;-40.4003;-15.9289;75.0967;9.98709;4172.59;6.00509;0;0;0.1;0.01;0;6.54441;0;0;-1
0;1069;-40.4561;2.86842;77.9492;9.51488;3608.27;5.72116;0;0;0.1;0.01;0;5.7311;0;0;-1
0;1070;-41.6319;17.7796;74.6443;8.54694;2615.29;5.13915;0;0;0.1;0.01;0;5.55111;0;0;-1
0;1071;-39.32;33.6816;76.4802;9.87209;4030.1;5.93594;0;0;0.1;0.01;0;4.14306;0;0;-1
0;1072;-24.3926;-55.1639;76.9443;9.73996;3870.44;5.8565;0;0;0.1;0.01;0;3.46684;0;0;-1
0;1073;-26.2718;-40.8507;74.95;9.02504;3079.19;5.42663;0;0;0.1;0.01;0;5.50553;0;0;-1
0;1074;-27.4682;-23.1547;76.5316;10.0637;4269.35;6.05116;0;0;0.1;0.01;0;7.01319;0;0;-1
0;1075;-27.2524;-4.51807;77.9017;9.34698;3420.6;5.6202;0;0;0.1;0.01;0;6.5491;0;0;-1
0;1076;-24.9806;12.29;77.0403;9.04555;3100.23;5.43896;0;0;0.1;0.01;0;5.77448;0;0;-1
0;1077;-25.7875;26.5305;77.3033;9.31413;3384.66;5.60045;0;0;0.1;0.01;0;5.89758;0;0;-1
0;1078;-25.3424;43.7274;77.7644;9.28589;3353.97;5.58347;0;0;0.1;0.01;0;3.80722;0;0;-1
0;1079;-10.0666;-47.8098;76.4054;8.80812;2862.45;5.29619;0;0;0.1;0.01;0;4.92338;0;0;-1
0;1080;-12.4537;-31.1457;76.4163;10.2266;4480.05;6.14911;0;0;0.1;0.01;0;7.47867;0;0;-1
0;1081;-12.8035;-16.1723;74.6162;9.40462;3484.27;5.65486;0;0;0.1;0.01;0;7.35053;0;0;-1
0;1082;-13.5661;0.326973;78.5;10.2202;4471.64;6.14526;0;0;0.1;0.01;0;6.59398;0;0;-1
0;1083;-11.4812;20.5752;78.3225;8.95194;3004.97;5.38267;0;0;0.1;0.01;0;5.81063;0;0;-1
0;1084;-10.8871;36.51;76.7823;10.0821;4292.81;6.06222;0;0;0.1;0.01;0;7.27553;0;0;-1
0;1085;-11.9887;51.5981;76.3089;9.93362;4105.93;5.97294;0;0;0.1;0.01;0;4.784;0;0;-1
0;1086;3.544;-58.8449;76.6027;10.3992;4710.73;6.25289;0;0;0.1;0.01;0;3.37135;0;0;-1
0;1087;1.37948;-42.23;78.4866;8.5;2572.44;5.11093;0;0;0.1;0.01;0;4.97636;1;0;-1
0;1088;4.76582;-23.2459;76.3315;10.0445;4244.96;6.03961;0;0;0.1;0.01;0;6.80817;0;0;-1
0;1089;1.30001;-7.5931;78.2446;9.92445;4094.57;5.96743;0;0;0.1;0.01;0;6.26822;0;0;-1
0;1090;3.27212;11.4191;77.6343;8.90179;2954.75;5.35252;0;0;0.1;0.01;0;4.53987;0;0;-1
0;1091;1.50614;27.36;77.781;9.65841;3774.03;5.80746;0;0;0.1;0.01;0;7.23863;0;0;-1
0;1092;2.54153;42.4958;76.4682;10.3015;4579.2;6.19414;0;0;0.1;0.01;0;6.33648;0;0;-1
0;1093;4.0447;61.3727;76.5667;9.70352;3827.16;5.83459;0;0;0.1;0.01;0;3.29185;0;0;-1
0;1094;16.4751;-49.6005;74.988;8.82222;2876.22;5.30467;0;0;0.1;0.01;0;3.51637;0;0;-1
0;1095;17.4658;-30.7397;77.8437;9.94785;4123.6;5.9815;0;0;0.1;0.01;0;6.04422;0;0;-1
0;1096;18.4954;-13.1202;74.605;9.11763;3174.93;5.4823;0;0;0.1;0.01;0;6.14142;0;0;-1
0;1097;16.7242;3.34206;76.3059;8.78297;2838;5.28107;0;0;0.1;0.01;0;5.25086;0;0;-1
0;1098;18.4103;20.1266;76.757;8.5;2572.44;5.11093;0;0;0.1;0.01;0;5.8109;1;0;-1
0;1099;18.6016;33.9783;76.0135;10.0972;4312.13;6.0713;0;0;0.1;0.01;0;7.30693;0;0;-1
0;1100;18.5637;54.4283;76.1437;9.59276;3697.6;5.76799;0;0;0.1;0.01;0;3.60116;0;0;-1
0;1101;32.5517;-40.1999;76.4257;10.1849;4425.47;6.12403;0;0;0.1;0.01;0;3.81366;0;0;-1
0;1102;31.2468;-22.9429;78.5522;10.1291;4353.13;6.09048;0;0;0.1;0.01;0;5.58308;0;0;-1
0;1103;31.1821;-5.98476;77.3441;8.5572;2624.72;5.14532;0;0;0.1;0.01;0;5.20004;0;0;-1
0;1104;32.3747;11.7412;76.1714;9.07028;3125.72;5.45383;0;0;0.1;0.01;0;4.46287;0;0;-1
0;1105;34.5168;28.412;76.647;10.3011;4578.67;6.1939;0;0;0.1;0.01;0;5.87547;0;0;-1
0;1106;30.9552;46.4965;78.1629;10.3268;4613.03;6.20935;0;0;0.1;0.01;0;4.16732;0;0;-1
0;1107;49.0846;-30.3957;78.6685;9.26179;3327.92;5.56898;0;0;0.1;0.01;0;1.69052;0;0;-1
0;1108;45.452;-13.8858;75.3076;8.5304;2600.14;5.12921;0;0;0.1;0.01;0;4.76238;0;0;-1
0;1109;47.4443;0.40078;77.9829;8.55106;2619.08;5.14163;0;0;0.1;0.01;0;3.45476;0;0;-1
0;1110;48.3218;20.0364;74.9176;9.58572;3689.46;5.76375;0;0;0.1;0.01;0;3.86981;0;0;-1
0;1111;49.014;36.2388;77.4624;8.5;2572.44;5.11093;0;0;0.1;0.01;0;2.34147;1;0;-1
0;1112;60.4376;-6.10616;78.4396;8.5;2572.44;5.11093;0;0;0.1;0.01;0;1.59655;1;0;-1
0;1113;-36.2703;-15.7307;89.6428;9.8315;3980.59;5.91154;0;0;0.1;0.01;0;4.24579;0;0;-1
0;1114;-36.4131;1.56794;91.2404;8.5;2572.44;5.11093;0;0;0.1;0.01;0;3.92251;1;0;-1
0;1115;-38.4471;16.9499;89.8843;10.0141;4206.53;6.02133;0;0;0.1;0.01;0;3.7727;0;0;-1
0;1116;-21.1025;-24.4708;90.0505;10.4526;4783.67;6.285;0;0;0.1;0.01;0;4.94837;0;0;-1
0;1117;-23.4165;-6.36481;93.0775;10.0382;4236.98;6.03582;0;0;0.1;0.01;0;4.54005;0;0;-1
0;1118;-22.7375;11.6892;89.766;8.5;2572.44;5.11093;0;0;0.1;0.01;0;4.56417;1;0;-1
0;1119;-21.627;27.6345;93.3721;10.1704;4406.59;6.11531;0;0;0.1;0.01;0;3.63906;0;0;-1
0;1120;-7.47684;-31.4706;90.7937;9.99572;4183.41;6.01028;0;0;0.1;0.01;0;4.74652;0;0;-1
0;1121;-8.5321;-14.0117;89.4442;9.49792;3589.01;5.71096;0;0;0.1;0.01;0;6.4333;0;0;-1
0;1122;-6.51291;1.18288;92.6611;9.92513;4095.41;5.96784;0;0;0.1;0.01;0;5.3126;0;0;-1
0;1123;-5.80795;19.1294;93.3185;10.3778;4681.71;6.24002;0;0;0.1;0.01;0;5.37783;0;0;-1
0;1124;-7.61158;35.0383;92.3569;8.5;2572.44;5.11093;0;0;0.1;0.01;0;3.71069;1;0;-1
0;1125;5.4204;-38.5692;92.1421;8.64182;2703.36;5.1962;0;0;0.1;0.01;0;2.77485;0;0;-1
0;1126;6.63287;-23.366;92.1238;9.97299;4154.94;5.99661;0;0;0.1;0.01;0;4.85912;0;0;-1
0;1127;7.32866;-5.04202;91.6088;9.76217;3896.98;5.86985;0;0;0.1;0.01;0;4.37032;0;0;-1
0;1128;6.66594;10.8048;91.2151;9.29955;3368.79;5.59168;0;0;0.1;0.01;0;4.12291;0;0;-1
0;1129;6.1004;28.7523;90.0572;9.47028;3557.76;5.69434;0;0;0.1;0.01;0;5.33399;0;0;-1
0;1130;23.7574;-31.9711;89.86;8.5;2572.44;5.11093;0;0;0.1;0.01;0;2.94785;1;0;-1
0;1131;20.7057;-13.4735;89.3533;8.96289;3016.01;5.38926;0;0;0.1;0.01;0;4.82192;0;0;-1
0;1132;22.7951;0.11686;90.1686;8.56343;2630.46;5.14907;0;0;0.1;0.01;0;3.46666;0;0;-1
0;1133;20.0079;20.8193;90.9639;8.88242;2935.5;5.34087;0;0;0.1;0.01;0;3.25165;0;0;-1
0;1134;20.8896;36.7154;90.3454;8.61361;2676.97;5.17924;0;0;0.1;0.01;0;2.71988;0;0;-1
0;1135;37.3251;-7.80635;89.7307;9.767;3902.76;5.87276;0;0;0.1;0.01;0;3.63675;0;0;-1
0;1136;35.4246;9.728;91.1652;8.5238;2594.11;5.12524;0;0;0.1;0.01;0;1.96356;0;0;-1
