Time;ID;x;y;z;radius;volume_total;radius_nuclear;contact_ECM;freezer;polarized_fraction;motility;cell_line;Cell_cell;phase;Cycle;NFkB
0;0;-51.3222;-4.61183;-83.4198;8.5;2572.44;5.11093;0;0;0.1;0.01;0;2.64558;1;0;-1
0;1;-37.432;-33.3421;-84.6863;9.8791;4038.69;5.94016;0;0;0.1;0.01;0;2.67581;0;0;-1
0;2;-37.6569;-13.8293;-86.4873;8.5;2572.44;5.11093;0;0;0.1;0.01;0;2.65111;1;0;-1
0;3;-38.5116;0.470974;-85.5933;8.93259;2985.53;5.37104;0;0;0.1;0.01;0;2.49501;0;0;-1
0;4;-35.4893;20.6067;-84.3405;10.0373;4235.84;6.03528;0;0;0.1;0.01;0;3.05345;0;0;-1
0;5;-21.8005;-40.6282;-87.2579;9.31441;3384.97;5.60062;0;0;0.1;0.01;0;2.80884;0;0;-1
0;6;-20.5482;-22.3986;-85.9329;8.72424;2781.45;5.24576;0;0;0.1;0.01;0;4.23857;0;0;-1
0;7;-21.0284;-8.41643;-84.5122;8.68751;2746.47;5.22367;0;0;0.1;0.01;0;4.10744;0;0;-1
0;8;-20.3076;10.7161;-85.9697;8.9461;2999.09;5.37916;0;0;0.1;0.01;0;3.39513;0;0;-1
0;9;-22.2974;28.7602;-84.006;9.1147;3171.87;5.48054;0;0;0.1;0.01;0;3.8129;0;0;-1
0;10;-8.84409;-49.3316;-83.4159;10.3831;4688.89;6.24321;0;0;0.1;0.01;0;3.60982;0;0;-1
0;11;-7.09302;-30.7511;-87.1641;9.25676;3322.5;5.56596;0;0;0.1;0.01;0;4.75234;0;0;-1
0;12;-6.80814;-16.6166;-86.2495;8.92614;2979.06;5.36716;0;0;0.1;0.01;0;5.07789;0;0;-1
0;13;-6.59237;0.139591;-85.5158;10.1914;4433.94;6.12794;0;0;0.1;0.01;0;5.0199;0;0;-1
0;14;-7.56851;20.0339;-83.759;10.1998;4444.92;6.13299;0;0;0.1;0.01;0;5.00685;0;0;-1
0;15;-7.67589;38.2934;-83.9327;9.71243;3837.71;5.83994;0;0;0.1;0.01;0;3.3207;0;0;-1
0;16;7.44412;-40.8711;-85.9542;10.0896;4302.4;6.06673;0;0;0.1;0.01;0;4.8473;0;0;-1
0;17;6.4037;-24.2349;-83.4925;10.0954;4309.82;6.07022;0;0;0.1;0.01;0;6.03614;0;0;-1
0;18;8.7247;-6.02048;-85.8357;8.76963;2825.09;5.27305;0;0;0.1;0.01;0;3.89349;0;0;-1
0;19;6.47533;10.931;-86.7573;8.73724;2793.9;5.25358;0;0;0.1;0.01;0;2.6667;0;0;-1
0;20;7.75369;27.7546;-87.3919;8.84193;2895.54;5.31652;0;0;0.1;0.01;0;3.18292;0;0;-1
0;21;8.87704;45.3852;-83.5791;10.2972;4573.47;6.19156;0;0;0.1;0.01;0;3.80159;0;0;-1
0;22;20.2443;-49.1531;-84.4944;9.44966;3534.57;5.68194;0;0;0.1;0.01;0;3.23485;0;0;-1
0;23;23.3369;-34.0341;-86.6686;10.0918;4305.21;6.06805;0;0;0.1;0.01;0;5.12194;0;0;-1
0;24;20.6089;-15.7235;-84.9656;8.5;2572.44;5.11093;0;0;0.1;0.01;0;3.28177;1;0;-1
0;25;22.4811;3.45389;-86.8627;8.58914;2654.22;5.16453;0;0;0.1;0.01;0;3.59182;0;0;-1
0;26;23.6323;20.394;-84.4861;8.88816;2941.2;5.34432;0;0;0.1;0.01;0;4.47644;0;0;-1
0;27;23.5459;37.7411;-84.8646;9.8457;3997.87;5.92008;0;0;0.1;0.01;0;3.69333;0;0;-1
0;28;36.3557;-40.1923;-83.6502;9.99562;4183.29;6.01022;0;0;0.1;0.01;0;3.76906;0;0;-1
0;29;35.4705;-25.547;-86.1247;8.5;2572.44;5.11093;0;0;0.1;0.01;0;3.01566;1;0;-1
0;30;37.2083;-5.60004;-85.3027;10.2046;4451.19;6.13588;0;0;0.1;0.01;0;2.53019;0;0;-1
0;31;36.5599;10.8592;-83.9734;10.2277;4481.49;6.14977;0;0;0.1;0.01;0;3.93819;0;0;-1
0;32;37.5884;26.98;-83.9292;10.0868;4298.82;6.06505;0;0;0.1;0.01;0;4.35759;0;0;-1
0;33;-70.5243;-14.7631;-69.372;9.3986;3477.59;5.65124;0;0;0.1;0.01;0;2.28046;0;0;-1
0;34;-57.8087;-39.4498;-71.3458;9.97762;4160.73;5.9994;0;0;0.1;0.01;0;3.10499;0;0;-1
0;35;-56.6673;-25.1917;-72.4912;9.30194;3371.39;5.59312;0;0;0.1;0.01;0;3.99648;0;0;-1
0;36;-54.7584;-8.89847;-70.8581;8.5;2572.44;5.11093;0;0;0.1;0.01;0;4.50452;1;0;-1
0;37;-56.2947;9.85463;-69.7956;10.3383;4628.45;6.21627;0;0;0.1;0.01;0;3.50728;0;0;-1
0;38;-57.7864;28.4732;-71.503;8.5;2572.44;5.11093;0;0;0.1;0.01;0;2.15785;1;0;-1
0;39;-54.6564;46.9038;-68.5775;9.52835;3623.61;5.72926;0;0;0.1;0.01;0;3.2397;0;0;-1
0;40;-41.5481;-51.3148;-72.6775;9.08313;3139.03;5.46155;0;0;0.1;0.01;0;2.1121;0;0;-1
0;41;-41.3957;-30.452;-70.9814;9.44447;3528.75;5.67882;0;0;0.1;0.01;0;5.73813;0;0;-1
0;42;-42.234;-16.6236;-69.6702;10.4347;4759.14;6.27423;0;0;0.1;0.01;0;6.85577;0;0;-1
0;43;-39.4127;1.73073;-69.0967;8.5;2572.44;5.11093;0;0;0.1;0.01;0;4.2214;1;0;-1
0;44;-42.3611;16.7603;-69.0613;8.5;2572.44;5.11093;0;0;0.1;0.01;0;5.51284;1;0;-1
0;45;-42.421;34.2498;-69.8613;9.48534;3574.76;5.7034;0;0;0.1;0.01;0;5.21343;0;0;-1
0;46;-41.2114;53.4624;-69.4168;8.5;2572.44;5.11093;0;0;0.1;0.01;0;3.80367;1;0;-1
0;47;-26.5824;-57.1914;-70.3588;8.69547;2754.02;5.22846;0;0;0.1;0.01;0;4.02619;0;0;-1
0;48;-28.5576;-42.5909;-68.493;10.4235;4743.83;6.2675;0;0;0.1;0.01;0;6.38858;0;0;-1
0;49;-26.2495;-24.7415;-70.6758;8.78999;2844.81;5.28529;0;0;0.1;0.01;0;5.81357;0;0;-1
0;50;-24.7245;-8.81424;-71.8621;8.5;2572.44;5.11093;0;0;0.1;0.01;0;4.47481;1;0;-1
0;51;-26.8799;11.1028;-69.6506;9.33999;3412.93;5.616;0;0;0.1;0.01;0;5.34965;0;0;-1
0;52;-26.0031;26.9266;-69.2394;10.0291;4225.46;6.03035;0;0;0.1;0.01;0;6.56818;0;0;-1
0;53;-27.6169;43.7338;-70.672;9.33376;3406.11;5.61225;0;0;0.1;0.01;0;4.59939;0;0;-1
0;54;-27.1659;62.1976;-69.8089;9.79464;3935.99;5.88937;0;0;0.1;0.01;0;3.7386;0;0;-1
0;55;-13.5698;-63.8501;-69.0155;9.87774;4037.02;5.93934;0;0;0.1;0.01;0;4.04031;0;0;-1
0;56;-13.8204;-48.1341;-68.3357;8.5;2572.44;5.11093;0;0;0.1;0.01;0;5.7228;1;0;-1
0;57;-11.3443;-31.1878;-72.6106;8.91585;2968.77;5.36097;0;0;0.1;0.01;0;5.09838;0;0;-1
0;58;-12.7001;-15.0496;-70.9677;9.29638;3365.35;5.58978;0;0;0.1;0.01;0;6.58892;0;0;-1
0;59;-9.94951;1.96253;-71.7761;9.45092;3535.99;5.6827;0;0;0.1;0.01;0;5.80865;0;0;-1
0;60;-11.6462;16.588;-70.1457;8.82064;2874.68;5.30372;0;0;0.1;0.01;0;5.34674;0;0;-1
0;61;-11.8831;36.6277;-70.9322;9.09843;3154.92;5.47075;0;0;0.1;0.01;0;4.6499;0;0;-1
0;62;-10.7495;55.0821;-70.3601;9.75011;3882.55;5.8626;0;0;0.1;0.01;0;3.31187;0;0;-1
0;63;2.1755;-56.2424;-69.0667;9.01971;3073.73;5.42342;0;0;0.1;0.01;0;4.73864;0;0;-1
0;64;3.94408;-40.1515;-72.0487;8.76763;2823.16;5.27185;0;0;0.1;0.01;0;5.19935;0;0;-1
0;65;2.72003;-22.8973;-68.4999;10.2393;4496.76;6.15674;0;0;0.1;0.01;0;7.06921;0;0;-1
0;66;4.34087;-7.97683;-72.0153;9.90275;4067.77;5.95438;0;0;0.1;0.01;0;6.59414;0;0;-1
0;67;2.34933;10.1718;-69.2168;8.5;2572.44;5.11093;0;0;0.1;0.01;0;4.96845;1;0;-1
0;68;4.40329;26.7894;-69.6895;8.5;2572.44;5.11093;0;0;0.1;0.01;0;4.49262;1;0;-1
0;69;4.44023;45.7947;-70.5441;9.40266;3482.1;5.65368;0;0;0.1;0.01;0;6.07134;0;0;-1
0;70;3.50544;63.718;-70.1481;9.87208;4030.09;5.93594;0;0;0.1;0.01;0;3.45271;0;0;-1
0;71;16.3314;-66.2699;-69.8985;9.33398;3406.35;5.61239;0;0;0.1;0.01;0;2.89152;0;0;-1
0;72;15.9682;-47.1717;-70.9209;8.71329;2770.99;5.23917;0;0;0.1;0.01;0;4.75248;0;0;-1
0;73;19.2588;-30.2046;-70.8782;10.2304;4485.04;6.15139;0;0;0.1;0.01;0;6.88921;0;0;-1
0;74;16.4059;-14.0904;-69.2274;8.5;2572.44;5.11093;0;0;0.1;0.01;0;6.69792;1;0;-1
0;75;16.9965;1.2215;-71.33;9.24351;3308.26;5.55799;0;0;0.1;0.01;0;5.44152;0;0;-1
0;76;15.9989;18.2044;-69.2054;8.72477;2781.96;5.24608;0;0;0.1;0.01;0;4.98763;0;0;-1
0;77;17.3074;35.4411;-70.6353;9.03495;3089.34;5.43258;0;0;0.1;0.01;0;5.48943;0;0;-1
0;78;19.4572;55.0741;-70.2812;10.194;4437.34;6.1295;0;0;0.1;0.01;0;4.06636;0;0;-1
0;79;31.0788;-57.8001;-69.4674;8.5;2572.44;5.11093;0;0;0.1;0.01;0;3.36037;1;0;-1
0;80;31.7655;-38.5284;-68.4338;9.87873;4038.24;5.93994;0;0;0.1;0.01;0;6.274;0;0;-1
0;81;32.0184;-21.8294;-69.6494;8.5;2572.44;5.11093;0;0;0.1;0.01;0;4.93232;1;0;-1
0;82;33.3362;-6.34062;-68.8069;9.53103;3626.67;5.73087;0;0;0.1;0.01;0;5.57105;0;0;-1
0;83;30.5745;12.4397;-71.2966;9.73152;3860.39;5.85142;0;0;0.1;0.01;0;6.4527;0;0;-1
0;84;33.623;28.6053;-68.5226;10.0382;4236.98;6.03582;0;0;0.1;0.01;0;6.88692;0;0;-1
0;85;34.007;43.7465;-71.9719;8.5;2572.44;5.11093;0;0;0.1;0.01;0;4.2349;1;0;-1
0;86;46.3654;-51.2873;-68.9098;9.61922;3728.28;5.7839;0;0;0.1;0.01;0;2.75932;0;0;-1
0;87;45.9839;-30.4842;-71.9478;9.01313;3067.01;5.41946;0;0;0.1;0.01;0;4.33311;0;0;-1
0;88;47.5546;-13.4219;-72.0012;9.9526;4129.51;5.98435;0;0;0.1;0.01;0;4.86563;0;0;-1
0;89;45.33;1.65134;-69.0592;8.5;2572.44;5.11093;0;0;0.1;0.01;0;5.76282;1;0;-1
0;90;47.3077;17.1272;-68.955;10.3912;4699.87;6.24808;0;0;0.1;0.01;0;6.38274;0;0;-1
0;91;48.9706;36.8809;-71.9522;10.2103;4458.66;6.13931;0;0;0.1;0.01;0;3.53448;0;0;-1
0;92;46.703;54.1128;-69.0024;8.5;2572.44;5.11093;0;0;0.1;0.01;0;2.53636;1;0;-1
0;93;60.0276;-25.6668;-72.0487;10.0688;4275.84;6.05422;0;0;0.1;0.01;0;2.75216;0;0;-1
0;94;62.5649;-5.60706;-71.9156;8.73835;2794.97;5.25424;0;0;0.1;0.01;0;2.33642;0;0;-1
0;95;61.3311;9.87069;-68.8423;9.81409;3959.49;5.90107;0;0;0.1;0.01;0;3.63435;0;0;-1
0;96;-80.395;-8.31624;-55.4061;9.69228;3813.88;5.82783;0;0;0.1;0.01;0;2.9628;0;0;-1
0;97;-80.1236;12.4603;-54.3336;8.7296;2786.58;5.24898;0;0;0.1;0.01;0;2.61304;0;0;-1
0;98;-65.7585;-48.4238;-54.2738;10.1245;4347.2;6.08771;0;0;0.1;0.01;0;4.67949;0;0;-1
0;99;-67.7031;-33.876;-55.4088;8.95215;3005.18;5.3828;0;0;0.1;0.01;0;3.30347;0;0;-1
0;100;-65.5515;-12.649;-56.3762;8.50736;2579.13;5.11535;0;0;0.1;0.01;0;4.00057;0;0;-1
0;101;-64.6002;1.73514;-53.9646;9.72048;3847.26;5.84478;0;0;0.1;0.01;0;5.33485;0;0;-1
0;102;-68.0129;19.6461;-57.7812;8.68328;2742.46;5.22113;0;0;0.1;0.01;0;3.53503;0;0;-1
0;103;-66.441;35.4362;-55.55;8.5;2572.44;5.11093;0;0;0.1;0.01;0;3.49347;1;0;-1
0;104;-52.253;-59.3443;-54.8718;9.7421;3872.99;5.85778;0;0;0.1;0.01;0;4.06002;0;0;-1
0;105;-52.9162;-42.3702;-57.561;8.54632;2614.73;5.13878;0;0;0.1;0.01;0;4.59202;0;0;-1
0;106;-51.3185;-24.696;-57.8019;8.5;2572.44;5.11093;0;0;0.1;0.01;0;4.56959;1;0;-1
0;107;-49.8603;-4.79209;-57.1202;9.83619;3986.29;5.91436;0;0;0.1;0.01;0;6.42222;0;0;-1
0;108;-51.7511;12.0432;-54.3884;9.7551;3888.52;5.8656;0;0;0.1;0.01;0;7.06036;0;0;-1
0;109;-51.0323;27.8573;-57.8113;10.3779;4681.85;6.24008;0;0;0.1;0.01;0;6.92887;0;0;-1
0;110;-52.1449;44.807;-54.0117;9.75705;3890.85;5.86677;0;0;0.1;0.01;0;6.19738;0;0;-1
0;111;-50.5755;59.7314;-54.4339;10.0947;4308.92;6.0698;0;0;0.1;0.01;0;5.15052;0;0;-1
0;112;-38.6613;-66.5831;-56.348;9.78686;3926.62;5.8847;0;0;0.1;0.01;0;4.10137;0;0;-1
0;113;-38.3758;-51.0456;-54.5723;9.22818;3291.83;5.54877;0;0;0.1;0.01;0;5.19051;0;0;-1
0;114;-36.552;-31.2291;-56.2451;9.62245;3732.03;5.78584;0;0;0.1;0.01;0;6.18154;0;0;-1
0;115;-36.5257;-14.8552;-55.7916;10.2702;4537.59;6.17532;0;0;0.1;0.01;0;6.81677;0;0;-1
0;116;-37.7526;2.43912;-54.3722;8.98033;3033.65;5.39974;0;0;0.1;0.01;0;5.52357;0;0;-1
0;117;-36.079;20.9938;-57.0222;10.2728;4541.04;6.17689;0;0;0.1;0.01;0;7.53993;0;0;-1
0;118;-35.2053;36.6514;-55.0666;8.75833;2814.18;5.26626;0;0;0.1;0.01;0;6.65443;0;0;-1
0;119;-36.9983;51.2803;-56.5055;10.0445;4244.96;6.03961;0;0;0.1;0.01;0;6.94555;0;0;-1
0;120;-35.9273;70.3139;-57.9337;10.4064;4720.52;6.25722;0;0;0.1;0.01;0;4.27231;0;0;-1
0;121;-23.9326;-76.0224;-57.3275;9.56038;3660.28;5.74852;0;0;0.1;0.01;0;3.14359;0;0;-1
0;122;-21.8298;-56.2131;-56.4086;9.42137;3502.92;5.66493;0;0;0.1;0.01;0;6.51113;0;0;-1
0;123;-21.0898;-40.4628;-54.8466;10.0066;4197.09;6.01682;0;0;0.1;0.01;0;6.98372;0;0;-1
0;124;-23.6202;-22.5388;-56.7424;9.91108;4078.04;5.95939;0;0;0.1;0.01;0;6.8766;0;0;-1
0;125;-21.5849;-7.15086;-56.3426;8.98657;3039.98;5.40349;0;0;0.1;0.01;0;5.62912;0;0;-1
0;126;-22.4088;9.00028;-55.9854;9.44496;3529.3;5.67912;0;0;0.1;0.01;0;4.80006;0;0;-1
0;127;-21.4029;25.5968;-55.5861;8.61865;2681.68;5.18227;0;0;0.1;0.01;0;5.26467;0;0;-1
0;128;-21.7838;42.3104;-56.6969;8.5;2572.44;5.11093;0;0;0.1;0.01;0;5.12098;1;0;-1
0;129;-22.1135;63.2054;-54.4621;10.3642;4663.33;6.23184;0;0;0.1;0.01;0;7.13698;0;0;-1
0;130;-22.0228;77.9773;-57.0127;9.14647;3205.16;5.49964;0;0;0.1;0.01;0;3.52594;0;0;-1
0;131;-9.28446;-80.7851;-56.0097;8.5;2572.44;5.11093;0;0;0.1;0.01;0;2.46929;1;0;-1
0;132;-5.76529;-65.6702;-55.7469;9.0412;3095.76;5.43634;0;0;0.1;0.01;0;4.74594;0;0;-1
0;133;-6.23439;-47.1148;-55.1188;9.62786;3738.33;5.78909;0;0;0.1;0.01;0;5.88359;0;0;-1
0;134;-8.77056;-29.9202;-54.6175;9.80216;3945.06;5.8939;0;0;0.1;0.01;0;5.5757;0;0;-1
0;135;-8.94758;-14.1411;-55.4179;8.61231;2675.76;5.17846;0;0;0.1;0.01;0;5.8392;0;0;-1
0;136;-7.06794;0.368643;-56.7147;8.5;2572.44;5.11093;0;0;0.1;0.01;0;5.33868;1;0;-1
0;137;-5.92403;20.9918;-55.154;10.3787;4682.93;6.24056;0;0;0.1;0.01;0;6.33355;0;0;-1
0;138;-8.23776;36.9547;-55.4933;10.3709;4672.38;6.23587;0;0;0.1;0.01;0;6.41;0;0;-1
0;139;-5.83172;54.9369;-55.1042;10.4463;4775.03;6.28121;0;0;0.1;0.01;0;6.18344;0;0;-1
0;140;-8.71543;70.3258;-55.1311;8.9171;2970.02;5.36172;0;0;0.1;0.01;0;3.30301;0;0;-1
0;141;8.98534;-74.3262;-56.9043;8.95921;3012.3;5.38704;0;0;0.1;0.01;0;3.466;0;0;-1
0;142;6.86124;-58.079;-56.2133;9.9375;4110.74;5.97527;0;0;0.1;0.01;0;6.12564;0;0;-1
0;143;7.3428;-41.7042;-54.9319;8.5;2572.44;5.11093;0;0;0.1;0.01;0;4.38044;1;0;-1
0;144;9.40455;-22.7172;-56.6034;9.348;3421.72;5.62082;0;0;0.1;0.01;0;6.49469;0;0;-1
0;145;6.03266;-8.01405;-56.8598;9.37777;3454.52;5.63872;0;0;0.1;0.01;0;6.47264;0;0;-1
0;146;5.61079;9.7219;-55.2396;8.95394;3006.98;5.38387;0;0;0.1;0.01;0;4.27988;0;0;-1
0;147;8.44309;27.7493;-53.9538;10.1128;4332.14;6.08068;0;0;0.1;0.01;0;6.67615;0;0;-1
0;148;8.53714;44.9747;-55.9739;10.2821;4553.38;6.18248;0;0;0.1;0.01;0;7.6387;0;0;-1
0;149;8.84348;59.84;-57.7138;8.76315;2818.83;5.26915;0;0;0.1;0.01;0;5.81004;0;0;-1
0;150;8.5686;79.8419;-54.3425;9.33081;3402.88;5.61048;0;0;0.1;0.01;0;2.80682;0;0;-1
0;151;22.2776;-64.2612;-56.6561;9.79249;3933.4;5.88808;0;0;0.1;0.01;0;4.96795;0;0;-1
0;152;24.1801;-49.9857;-53.7234;8.97699;3030.27;5.39773;0;0;0.1;0.01;0;5.39987;0;0;-1
0;153;20.2907;-32.6165;-55.2886;9.10775;3164.62;5.47636;0;0;0.1;0.01;0;5.1524;0;0;-1
0;154;20.5205;-12.7103;-57.368;9.31056;3380.77;5.5983;0;0;0.1;0.01;0;6.00902;0;0;-1
0;155;23.6294;1.42386;-56.4435;9.29185;3360.43;5.58705;0;0;0.1;0.01;0;5.68139;0;0;-1
0;156;23.7523;20.6609;-55.7405;10.1452;4373.92;6.10016;0;0;0.1;0.01;0;6.42593;0;0;-1
0;157;22.6874;38.2406;-56.2107;10.0929;4306.62;6.06871;0;0;0.1;0.01;0;7.04153;0;0;-1
0;158;22.9266;54.3762;-53.9795;10.4336;4757.64;6.27357;0;0;0.1;0.01;0;7.09831;0;0;-1
0;159;22.0564;70.5653;-57.6917;9.08793;3144.01;5.46444;0;0;0.1;0.01;0;2.47029;0;0;-1
0;160;38.5713;-56.0294;-56.4277;9.06067;3115.8;5.44805;0;0;0.1;0.01;0;4.55289;0;0;-1
0;161;34.9359;-38.3607;-54.7216;8.60039;2664.67;5.17129;0;0;0.1;0.01;0;5.32351;0;0;-1
0;162;38.5265;-25.1003;-56.4551;9.04343;3098.05;5.43768;0;0;0.1;0.01;0;5.60454;0;0;-1
0;163;37.2052;-5.69315;-54.835;8.57831;2644.2;5.15801;0;0;0.1;0.01;0;5.9668;0;0;-1
0;164;38.4603;8.33179;-55.4098;9.23354;3297.56;5.55199;0;0;0.1;0.01;0;6.96502;0;0;-1
0;165;38.8674;25.4378;-54.6076;9.85015;4003.29;5.92275;0;0;0.1;0.01;0;6.3263;0;0;-1
0;166;36.7806;46.1515;-56.6473;9.17439;3234.6;5.51643;0;0;0.1;0.01;0;5.85629;0;0;-1
0;167;36.3691;60.7305;-54.1207;8.5;2572.44;5.11093;0;0;0.1;0.01;0;4.5415;1;0;-1
0;168;52.8863;-50.9604;-56.0593;8.97539;3028.65;5.39677;0;0;0.1;0.01;0;3.28748;0;0;-1
0;169;52.0659;-31.089;-54.1353;9.95776;4135.93;5.98746;0;0;0.1;0.01;0;5.7329;0;0;-1
0;170;52.9101;-15.0638;-54.3864;8.5;2572.44;5.11093;0;0;0.1;0.01;0;5.2288;1;0;-1
0;171;52.2496;0.039083;-54.3856;9.99184;4178.54;6.00795;0;0;0.1;0.01;0;7.51434;0;0;-1
0;172;51.1913;18.0871;-56.0394;9.0008;3054.44;5.41205;0;0;0.1;0.01;0;6.79066;0;0;-1
0;173;52.9421;34.0777;-55.7654;9.24176;3306.38;5.55694;0;0;0.1;0.01;0;5.31058;0;0;-1
0;174;52.6959;55.2615;-56.5057;10.1122;4331.37;6.08032;0;0;0.1;0.01;0;4.26996;0;0;-1
0;175;64.6157;-40.872;-56.675;9.03274;3087.07;5.43126;0;0;0.1;0.01;0;2.99421;0;0;-1
0;176;67.2842;-25.0823;-56.1065;9.38578;3463.38;5.64353;0;0;0.1;0.01;0;4.42174;0;0;-1
0;177;67.7718;-4.49853;-55.1325;8.5;2572.44;5.11093;0;0;0.1;0.01;0;5.13928;1;0;-1
0;178;65.8301;11.9941;-53.8059;9.54477;3642.38;5.73913;0;0;0.1;0.01;0;5.87406;0;0;-1
0;179;66.0098;26.6424;-55.2793;8.5;2572.44;5.11093;0;0;0.1;0.01;0;3.88988;1;0;-1
0;180;64.769;46.0658;-54.3207;9.81335;3958.59;5.90062;0;0;0.1;0.01;0;3.39636;0;0;-1
0;181;79.7176;-16.8508;-56.7555;10.1836;4423.77;6.12325;0;0;0.1;0.01;0;2.82865;0;0;-1
0;182;82.2217;1.12028;-54.4727;8.92226;2975.18;5.36483;0;0;0.1;0.01;0;2.82607;0;0;-1
0;183;-87.5126;-21.664;-40.6283;9.37018;3446.14;5.63415;0;0;0.1;0.01;0;3.14564;0;0;-1
0;184;-84.1178;-8.17362;-40.1263;10.0307;4227.49;6.03131;0;0;0.1;0.01;0;5.21926;0;0;-1
0;185;-86.3096;12.3539;-39.6296;9.63572;3747.5;5.79382;0;0;0.1;0.01;0;4.43944;0;0;-1
0;186;-86.657;29.3347;-39.2268;9.84885;4001.71;5.92197;0;0;0.1;0.01;0;3.00524;0;0;-1
0;187;-70.1789;-48.0401;-39.6431;8.5;2572.44;5.11093;0;0;0.1;0.01;0;4.05797;1;0;-1
0;188;-72.1215;-33.9458;-41.5632;10.2288;4482.94;6.15043;0;0;0.1;0.01;0;5.02631;0;0;-1
0;189;-71.5929;-14.5648;-41.6306;8.5;2572.44;5.11093;0;0;0.1;0.01;0;5.38775;1;0;-1
0;190;-72.6802;3.61504;-40.9255;10.2704;4537.86;6.17544;0;0;0.1;0.01;0;7.38667;0;0;-1
0;191;-70.5066;19.0711;-42.0693;9.73679;3866.66;5.85459;0;0;0.1;0.01;0;6.24159;0;0;-1
0;192;-69.9864;37.0776;-42.9173;9.92192;4091.44;5.96591;0;0;0.1;0.01;0;5.68383;0;0;-1
0;193;-72.6604;51.3903;-41.1004;9.59208;3696.81;5.76758;0;0;0.1;0.01;0;3.09305;0;0;-1
0;194;-56.9524;-59.205;-39.9311;10.3288;4615.71;6.21056;0;0;0.1;0.01;0;5.25041;0;0;-1
0;195;-56.7266;-39.4573;-41.8759;9.50868;3601.22;5.71743;0;0;0.1;0.01;0;6.64057;0;0;-1
0;196;-54.1654;-24.6421;-40.9076;9.31218;3382.54;5.59928;0;0;0.1;0.01;0;5.42142;0;0;-1
0;197;-57.4626;-7.32708;-42.0169;10.0834;4294.47;6.063;0;0;0.1;0.01;0;6.99139;0;0;-1
0;198;-55.0642;9.5376;-39.8499;10.2811;4552.05;6.18188;0;0;0.1;0.01;0;6.71487;0;0;-1
0;199;-55.5397;25.8733;-41.5456;9.89022;4052.35;5.94685;0;0;0.1;0.01;0;6.11512;0;0;-1
0;200;-56.973;42.6489;-40.1097;9.6706;3788.34;5.81479;0;0;0.1;0.01;0;6.52705;0;0;-1
0;201;-54.2528;60.4486;-39.5881;9.62047;3729.73;5.78465;0;0;0.1;0.01;0;5.24084;0;0;-1
0;202;-40.5155;-80.6253;-40.9816;8.5;2572.44;5.11093;0;0;0.1;0.01;0;2.97177;1;0;-1
0;203;-41.6824;-65.9002;-39.2283;9.46189;3548.32;5.6893;0;0;0.1;0.01;0;6.38184;0;0;-1
0;204;-43.0544;-47.524;-41.7175;8.5;2572.44;5.11093;0;0;0.1;0.01;0;4.90062;1;0;-1
0;205;-42.5725;-31.6909;-42.204;8.64528;2706.61;5.19828;0;0;0.1;0.01;0;5.09515;0;0;-1
0;206;-40.2506;-13.4532;-40.6544;9.60474;3711.47;5.77519;0;0;0.1;0.01;0;6.10463;0;0;-1
0;207;-42.0121;1.95268;-39.9943;9.25091;3316.21;5.56244;0;0;0.1;0.01;0;6.47512;0;0;-1
0;208;-41.7835;19.6633;-42.4182;8.59492;2659.59;5.168;0;0;0.1;0.01;0;5.91328;0;0;-1
0;209;-41.4547;34.4607;-41.4039;8.78789;2842.77;5.28403;0;0;0.1;0.01;0;5.64295;0;0;-1
0;210;-40.2698;53.6165;-41.2216;9.53739;3633.94;5.73469;0;0;0.1;0.01;0;7.07284;0;0;-1
0;211;-40.8034;68.4778;-42.1369;10.3601;4657.8;6.22938;0;0;0.1;0.01;0;6.08145;0;0;-1
0;212;-27.659;-72.9653;-42.8754;9.39388;3472.35;5.6484;0;0;0.1;0.01;0;6.10756;0;0;-1
0;213;-28.144;-57.73;-40.4617;10.4418;4768.86;6.2785;0;0;0.1;0.01;0;7.09415;0;0;-1
0;214;-25.2978;-38.5061;-42.3649;9.23225;3296.18;5.55122;0;0;0.1;0.01;0;5.32721;0;0;-1
0;215;-25.0129;-22.3766;-39.82;9.9908;4177.24;6.00732;0;0;0.1;0.01;0;6.38923;0;0;-1
0;216;-24.7443;-5.17758;-40.6508;8.87426;2927.42;5.33596;0;0;0.1;0.01;0;5.61277;0;0;-1
0;217;-25.4513;9.75656;-41.0432;8.5;2572.44;5.11093;0;0;0.1;0.01;0;4.0419;1;0;-1
0;218;-28.1745;27.0167;-42.0159;9.3773;3454;5.63843;0;0;0.1;0.01;0;5.48947;0;0;-1
0;219;-27.2169;44.1208;-42.0987;9.59228;3697.04;5.7677;0;0;0.1;0.01;0;6.10697;0;0;-1
0;220;-27.5576;60.5326;-40.7642;9.41372;3494.4;5.66033;0;0;0.1;0.01;0;7.06841;0;0;-1
0;221;-25.0123;77.1701;-42.0781;9.57316;3674.98;5.7562;0;0;0.1;0.01;0;5.24589;0;0;-1
0;222;-12.9897;-83.1445;-42.1665;8.61093;2674.48;5.17763;0;0;0.1;0.01;0;4.03614;0;0;-1
0;223;-12.9526;-67.6067;-39.7418;10.0617;4266.8;6.04995;0;0;0.1;0.01;0;6.69533;0;0;-1
0;224;-12.3973;-49.3775;-41.8361;9.18212;3242.78;5.52108;0;0;0.1;0.01;0;5.31992;0;0;-1
0;225;-9.78496;-33.3255;-39.8363;9.50911;3601.71;5.71769;0;0;0.1;0.01;0;6.117;0;0;-1
0;226;-13.0669;-15.5153;-40.7587;8.69144;2750.2;5.22604;0;0;0.1;0.01;0;6.3715;0;0;-1
0;227;-11.0614;0.258852;-41.4501;8.66025;2720.7;5.20728;0;0;0.1;0.01;0;5.45269;0;0;-1
0;228;-12.5362;20.0311;-39.344;9.95302;4130.03;5.98461;0;0;0.1;0.01;0;6.15956;0;0;-1
0;229;-9.96059;34.3142;-39.7686;8.5;2572.44;5.11093;0;0;0.1;0.01;0;6.08627;1;0;-1
0;230;-11.5633;52.9651;-39.3555;10.1789;4417.65;6.12042;0;0;0.1;0.01;0;6.4716;0;0;-1
0;231;-11.1006;70.7575;-40.0395;9.43087;3513.53;5.67065;0;0;0.1;0.01;0;5.57666;0;0;-1
0;232;-9.78971;87.1025;-39.959;8.5;2572.44;5.11093;0;0;0.1;0.01;0;2.38793;1;0;-1
0;233;2.82099;-89.5432;-42.0507;9.11671;3173.97;5.48175;0;0;0.1;0.01;0;2.88122;0;0;-1
0;234;4.67952;-74.9264;-41.1627;8.55271;2620.59;5.14262;0;0;0.1;0.01;0;5.17631;0;0;-1
0;235;2.01226;-59.7547;-39.3787;9.47364;3561.55;5.69636;0;0;0.1;0.01;0;5.41892;0;0;-1
0;236;3.62495;-40.7625;-39.8022;8.5;2572.44;5.11093;0;0;0.1;0.01;0;4.84994;1;0;-1
0;237;4.67423;-25.28;-39.5127;9.5216;3615.92;5.7252;0;0;0.1;0.01;0;6.1383;0;0;-1
0;238;1.23464;-8.0794;-42.4281;10.2613;4525.8;6.16997;0;0;0.1;0.01;0;6.2674;0;0;-1
0;239;3.21423;10.4494;-41.0115;8.61838;2681.42;5.18211;0;0;0.1;0.01;0;4.3696;0;0;-1
0;240;4.07544;27.1895;-39.4738;8.90471;2957.66;5.35427;0;0;0.1;0.01;0;6.72613;0;0;-1
0;241;1.22736;43.032;-40.2721;10.0973;4312.25;6.07136;0;0;0.1;0.01;0;7.97698;0;0;-1
0;242;1.51794;60.6201;-40.9747;8.5;2572.44;5.11093;0;0;0.1;0.01;0;5.36392;1;0;-1
0;243;3.95519;76.3798;-41.0736;9.14274;3201.24;5.4974;0;0;0.1;0.01;0;5.26503;0;0;-1
0;244;17.6733;-82.3287;-42.0878;8.5;2572.44;5.11093;0;0;0.1;0.01;0;3.29368;1;0;-1
0;245;18.213;-65.4541;-39.2856;10.2625;4527.39;6.17069;0;0;0.1;0.01;0;5.8842;0;0;-1
0;246;17.9201;-46.4561;-40.8049;8.89095;2943.97;5.346;0;0;0.1;0.01;0;5.26597;0;0;-1
0;247;17.8357;-31.7621;-41.1589;8.5;2572.44;5.11093;0;0;0.1;0.01;0;5.83782;1;0;-1
0;248;19.0977;-15.4968;-41.7725;9.48375;3572.97;5.70244;0;0;0.1;0.01;0;5.9242;0;0;-1
0;249;19.7516;1.9428;-42.1568;9.10927;3166.21;5.47727;0;0;0.1;0.01;0;4.69334;0;0;-1
0;250;17.6646;17.7342;-40.5141;9.27102;3337.88;5.57453;0;0;0.1;0.01;0;5.59866;0;0;-1
0;251;19.0279;36.7139;-42.8403;9.9124;4079.67;5.96018;0;0;0.1;0.01;0;7.63416;0;0;-1
0;252;16.7939;52.0163;-39.6899;10.0976;4312.64;6.07154;0;0;0.1;0.01;0;7.44161;0;0;-1
0;253;18.7596;68.4692;-41.1967;10.3155;4597.9;6.20256;0;0;0.1;0.01;0;5.94191;0;0;-1
0;254;16.4124;87.4196;-41.1296;10.0767;4285.92;6.05897;0;0;0.1;0.01;0;3.14545;0;0;-1
0;255;32.9558;-75.6315;-42.5057;8.64912;2710.22;5.20059;0;0;0.1;0.01;0;2.25159;0;0;-1
0;256;30.5628;-56.493;-40.5217;9.0958;3152.18;5.46917;0;0;0.1;0.01;0;6.27861;0;0;-1
0;257;33.7155;-41.1825;-40.463;10.005;4195.08;6.01586;0;0;0.1;0.01;0;7.65254;0;0;-1
0;258;32.7749;-25.2901;-41.573;10.1242;4346.81;6.08753;0;0;0.1;0.01;0;7.40464;0;0;-1
0;259;33.7382;-8.0435;-42.0316;8.5;2572.44;5.11093;0;0;0.1;0.01;0;4.72442;1;0;-1
0;260;33.8433;10.0299;-42.2921;8.5;2572.44;5.11093;0;0;0.1;0.01;0;5.09999;1;0;-1
0;261;33.8477;29.5186;-39.8787;8.93213;2985.06;5.37076;0;0;0.1;0.01;0;6.03269;0;0;-1
0;262;32.9447;46.1527;-39.4208;10.038;4236.72;6.0357;0;0;0.1;0.01;0;7.76715;0;0;-1
0;263;33.9209;60.0871;-39.7068;9.38769;3465.49;5.64468;0;0;0.1;0.01;0;6.20593;0;0;-1
0;264;33.551;79.8409;-40.4265;8.95437;3007.42;5.38413;0;0;0.1;0.01;0;2.74545;0;0;-1
0;265;47.8242;-65.2739;-41.6099;8.94443;2997.41;5.37816;0;0;0.1;0.01;0;2.46634;0;0;-1
0;266;47.1403;-47.7053;-39.9514;9.52788;3623.08;5.72898;0;0;0.1;0.01;0;5.80394;0;0;-1
0;267;47.7669;-30.2407;-39.2199;10.3176;4600.71;6.20382;0;0;0.1;0.01;0;7.65967;0;0;-1
0;268;46.7876;-14.9426;-42.5861;10.067;4273.55;6.05314;0;0;0.1;0.01;0;7.77867;0;0;-1
0;269;46.0801;2.87591;-42.1863;8.5;2572.44;5.11093;0;0;0.1;0.01;0;6.19979;1;0;-1
0;270;47.7564;16.8713;-43.0417;10.1627;4396.59;6.11068;0;0;0.1;0.01;0;7.43693;0;0;-1
0;271;46.8461;37.9678;-41.1029;9.52653;3621.54;5.72816;0;0;0.1;0.01;0;6.19222;0;0;-1
0;272;46.7034;52.1417;-42.8738;9.67637;3795.12;5.81826;0;0;0.1;0.01;0;6.60685;0;0;-1
0;273;46.835;69.2621;-39.8981;9.92643;4097.02;5.96862;0;0;0.1;0.01;0;4.49609;0;0;-1
0;274;60.3731;-55.3637;-39.3238;9.8308;3979.74;5.91112;0;0;0.1;0.01;0;4.74727;0;0;-1
0;275;63.992;-41.6886;-39.8301;8.94562;2998.61;5.37887;0;0;0.1;0.01;0;4.28113;0;0;-1
0;276;61.2046;-23.3534;-39.8347;8.55006;2618.16;5.14103;0;0;0.1;0.01;0;5.54367;0;0;-1
0;277;63.4172;-7.79539;-42.3295;9.67674;3795.56;5.81848;0;0;0.1;0.01;0;6.80247;0;0;-1
0;278;63.5994;8.22951;-39.4662;10.0114;4203.13;6.01971;0;0;0.1;0.01;0;6.55972;0;0;-1
0;279;63.0206;26.1901;-42.2754;10.0357;4233.81;6.03432;0;0;0.1;0.01;0;6.07531;0;0;-1
0;280;61.5505;42.1356;-41.1949;8.88075;2933.85;5.33987;0;0;0.1;0.01;0;5.0827;0;0;-1
0;281;61.9949;60.4249;-42.4654;9.23144;3295.32;5.55073;0;0;0.1;0.01;0;3.67789;0;0;-1
0;282;74.9483;-32.4959;-43.1683;9.0112;3065.04;5.4183;0;0;0.1;0.01;0;3.21703;0;0;-1
0;283;77.739;-15.0004;-41.1256;8.62851;2690.89;5.1882;0;0;0.1;0.01;0;4.46606;0;0;-1
0;284;76.3299;-0.0862392;-41.469;10.2851;4557.37;6.18428;0;0;0.1;0.01;0;6.87639;0;0;-1
0;285;78.7395;19.7241;-42.8254;8.99017;3043.63;5.40566;0;0;0.1;0.01;0;3.33122;0;0;-1
0;286;76.535;34.3351;-41.9447;9.23964;3304.1;5.55566;0;0;0.1;0.01;0;3.54126;0;0;-1
0;287;90.5185;-4.55867;-40.5327;8.7003;2758.62;5.23136;0;0;0.1;0.01;0;2.23118;0;0;-1
0;288;-95.1306;-13.5101;-24.6995;8.77145;2826.85;5.27415;0;0;0.1;0.01;0;3.17408;0;0;-1
0;289;-95.6333;1.24916;-26.0981;9.92316;4092.97;5.96665;0;0;0.1;0.01;0;3.87445;0;0;-1
0;290;-80.8667;-41.501;-24.6592;9.90428;4069.65;5.9553;0;0;0.1;0.01;0;2.88663;0;0;-1
0;291;-81.7948;-23.4393;-27.3441;9.5595;3659.27;5.74799;0;0;0.1;0.01;0;3.86419;0;0;-1
0;292;-78.9081;-4.65665;-26.4852;10.0423;4242.17;6.03829;0;0;0.1;0.01;0;5.59136;0;0;-1
0;293;-82.5773;10.9697;-26.4507;10.1274;4350.93;6.08946;0;0;0.1;0.01;0;6.28635;0;0;-1
0;294;-82.4148;27.6797;-25.1434;10.0349;4232.8;6.03384;0;0;0.1;0.01;0;5.02788;0;0;-1
0;295;-80.4015;44.5594;-28.1113;9.88358;4044.19;5.94285;0;0;0.1;0.01;0;3.28463;0;0;-1
0;296;-64.0805;-67.8775;-25.9996;8.5;2572.44;5.11093;0;0;0.1;0.01;0;2.51755;1;0;-1
0;297;-64.3822;-48.9926;-26.1304;8.77835;2833.53;5.27829;0;0;0.1;0.01;0;4.35785;0;0;-1
0;298;-64.5275;-31.2648;-25.4629;9.74862;3880.77;5.8617;0;0;0.1;0.01;0;5.46668;0;0;-1
0;299;-64.4872;-12.8929;-26.9901;9.28066;3348.31;5.58033;0;0;0.1;0.01;0;5.55818;0;0;-1
0;300;-66.0795;4.44509;-26.0281;8.5;2572.44;5.11093;0;0;0.1;0.01;0;5.94064;1;0;-1
0;301;-65.4696;20.2177;-26.9325;8.59094;2655.89;5.16561;0;0;0.1;0.01;0;5.71364;0;0;-1
0;302;-64.6871;35.2159;-27.1722;10.0497;4251.56;6.04274;0;0;0.1;0.01;0;6.31005;0;0;-1
0;303;-64.5495;50.9144;-26.2315;9.27992;3347.51;5.57988;0;0;0.1;0.01;0;5.74968;0;0;-1
0;304;-66.6798;68.6665;-26.7151;9.4554;3541.02;5.68539;0;0;0.1;0.01;0;2.15045;0;0;-1
0;305;-49.7082;-72.4991;-27.7855;8.99661;3050.18;5.40953;0;0;0.1;0.01;0;5.23044;0;0;-1
0;306;-49.617;-58.1725;-26.2887;9.25063;3315.91;5.56227;0;0;0.1;0.01;0;6.29528;0;0;-1
0;307;-51.542;-39.7149;-26.3459;9.3425;3415.69;5.61751;0;0;0.1;0.01;0;6.00848;0;0;-1
0;308;-52.4105;-23.1182;-27.5495;9.77632;3913.95;5.87836;0;0;0.1;0.01;0;6.55569;0;0;-1
0;309;-50.4872;-7.03494;-27.8111;9.73264;3861.72;5.8521;0;0;0.1;0.01;0;6.60905;0;0;-1
0;310;-53.0192;8.65176;-26.3251;8.9409;2993.87;5.37603;0;0;0.1;0.01;0;5.48727;0;0;-1
0;311;-51.1146;26.7866;-24.4709;9.14375;3202.3;5.498;0;0;0.1;0.01;0;5.57936;0;0;-1
0;312;-49.9866;45.5114;-24.8746;9.78011;3918.5;5.88064;0;0;0.1;0.01;0;7.33685;0;0;-1
0;313;-50.6653;62.4899;-25.5748;8.75947;2815.28;5.26694;0;0;0.1;0.01;0;6.08419;0;0;-1
0;314;-51.7924;78.4835;-28.256;8.72318;2780.44;5.24512;0;0;0.1;0.01;0;2.65295;0;0;-1
0;315;-36.4304;-82.175;-26.5183;10.3133;4594.96;6.20124;0;0;0.1;0.01;0;6.19674;0;0;-1
0;316;-34.9822;-67.3053;-26.8044;8.88636;2939.41;5.34324;0;0;0.1;0.01;0;6.99197;0;0;-1
0;317;-38.3683;-47.1077;-27.146;10.1598;4392.83;6.10894;0;0;0.1;0.01;0;5.71399;0;0;-1
0;318;-36.0617;-30.0813;-26.0742;9.32899;3400.89;5.60939;0;0;0.1;0.01;0;6.11551;0;0;-1
0;319;-34.6354;-13.7576;-26.8035;8.77558;2830.85;5.27663;0;0;0.1;0.01;0;5.01453;0;0;-1
0;320;-36.5856;4.3161;-27.4462;8.5;2572.44;5.11093;0;0;0.1;0.01;0;4.19347;1;0;-1
0;321;-38.3599;18.5442;-27.4803;9.50184;3593.45;5.71332;0;0;0.1;0.01;0;5.4548;0;0;-1
0;322;-38.242;34.5871;-25.1782;8.5;2572.44;5.11093;0;0;0.1;0.01;0;5.50135;1;0;-1
0;323;-37.6457;52.2761;-27.8692;9.223;3286.29;5.54566;0;0;0.1;0.01;0;6.07297;0;0;-1
0;324;-38.2073;67.7252;-25.759;8.5;2572.44;5.11093;0;0;0.1;0.01;0;4.48639;1;0;-1
0;325;-35.5391;85.8447;-24.9513;10.2803;4550.99;6.1814;0;0;0.1;0.01;0;3.74686;0;0;-1
0;326;-21.7854;-90.7762;-25.286;10.3383;4628.45;6.21627;0;0;0.1;0.01;0;3.98814;0;0;-1
0;327;-20.5814;-73.0902;-27.0188;10.1729;4409.84;6.11682;0;0;0.1;0.01;0;8.27886;0;0;-1
0;328;-20.3474;-59.1618;-26.3076;9.74517;3876.65;5.85963;0;0;0.1;0.01;0;7.26827;0;0;-1
0;329;-22.017;-40.5857;-26.6605;8.61701;2680.15;5.18128;0;0;0.1;0.01;0;4.98713;0;0;-1
0;330;-21.3615;-21.1051;-24.9737;10.094;4308.03;6.06938;0;0;0.1;0.01;0;6.84158;0;0;-1
0;331;-19.722;-5.48348;-28.0777;8.5;2572.44;5.11093;0;0;0.1;0.01;0;4.64849;1;0;-1
0;332;-21.3111;11.8071;-25.7732;8.5;2572.44;5.11093;0;0;0.1;0.01;0;4.00183;1;0;-1
0;333;-22.7735;28.7609;-27.7833;8.64731;2708.52;5.1995;0;0;0.1;0.01;0;5.10104;0;0;-1
0;334;-21.2678;44.7712;-27.8803;9.74786;3879.86;5.86125;0;0;0.1;0.01;0;5.84243;0;0;-1
0;335;-21.691;62.1716;-26.6162;9.66986;3787.47;5.81435;0;0;0.1;0.01;0;6.34016;0;0;-1
0;336;-22.8414;78.7571;-27.9074;9.43208;3514.88;5.67137;0;0;0.1;0.01;0;5.63132;0;0;-1
0;337;-5.94166;-81.2673;-28.6497;9.37792;3454.68;5.63881;0;0;0.1;0.01;0;6.09307;0;0;-1
0;338;-7.90686;-66.6058;-26.3331;9.47884;3567.42;5.69949;0;0;0.1;0.01;0;6.68988;0;0;-1
0;339;-8.5629;-48.5912;-24.3778;9.13807;3196.33;5.49459;0;0;0.1;0.01;0;5.18597;0;0;-1
0;340;-8.20426;-29.6896;-25.5447;8.77274;2828.1;5.27492;0;0;0.1;0.01;0;5.56607;0;0;-1
0;341;-6.01288;-13.3228;-27.8088;9.41095;3491.31;5.65867;0;0;0.1;0.01;0;6.5984;0;0;-1
0;342;-5.49357;1.92928;-27.6476;8.53399;2603.42;5.13136;0;0;0.1;0.01;0;5.71017;0;0;-1
0;343;-6.60858;21.1256;-25.629;9.60397;3710.57;5.77473;0;0;0.1;0.01;0;6.6986;0;0;-1
0;344;-7.09481;35.4082;-27.0942;9.34522;3418.67;5.61915;0;0;0.1;0.01;0;7.48289;0;0;-1
0;345;-7.93126;51.5184;-26.0275;8.65073;2711.73;5.20156;0;0;0.1;0.01;0;5.61202;0;0;-1
0;346;-9.34254;72.1652;-24.4889;8.6207;2683.59;5.1835;0;0;0.1;0.01;0;5.03781;0;0;-1
0;347;-9.10088;88.2394;-25.6675;8.64271;2704.2;5.19674;0;0;0.1;0.01;0;3.97096;0;0;-1
0;348;9.34705;-90.4743;-25.4133;10.3115;4592.55;6.20016;0;0;0.1;0.01;0;4.27687;0;0;-1
0;349;6.59487;-75.793;-25.3148;9.7822;3921.01;5.88189;0;0;0.1;0.01;0;6.6735;0;0;-1
0;350;9.4457;-58.6614;-25.7713;9.33001;3402;5.61;0;0;0.1;0.01;0;5.80855;0;0;-1
0;351;5.72801;-40.0299;-25.3945;9.62018;3729.39;5.78447;0;0;0.1;0.01;0;6.09778;0;0;-1
0;352;8.26756;-25.5178;-26.594;8.72878;2785.8;5.24849;0;0;0.1;0.01;0;5.86124;0;0;-1
0;353;9.02323;-8.76523;-27.6952;10.2426;4501.11;6.15873;0;0;0.1;0.01;0;6.79778;0;0;-1
0;354;5.51438;9.93527;-25.5116;9.14542;3204.05;5.49901;0;0;0.1;0.01;0;4.58346;0;0;-1
0;355;9.43313;29.3314;-27.6611;10.081;4291.4;6.06156;0;0;0.1;0.01;0;6.86136;0;0;-1
0;356;6.25171;44.0478;-25.2398;10.3766;4680.09;6.2393;0;0;0.1;0.01;0;7.20131;0;0;-1
0;357;6.86912;63.4077;-24.6241;10.1832;4423.25;6.12301;0;0;0.1;0.01;0;6.80726;0;0;-1
0;358;5.89692;78.287;-27.9995;9.05381;3108.73;5.44392;0;0;0.1;0.01;0;5.55798;0;0;-1
0;359;8.24361;95.6193;-26.8425;10.0208;4214.98;6.02536;0;0;0.1;0.01;0;2.99652;0;0;-1
0;360;22.5783;-82.3672;-25.2156;9.14669;3205.39;5.49977;0;0;0.1;0.01;0;4.65923;0;0;-1
0;361;23.7017;-65.8969;-25.4742;9.51617;3609.73;5.72193;0;0;0.1;0.01;0;5.43891;0;0;-1
0;362;23.2771;-47.2912;-27.4325;10.114;4333.69;6.0814;0;0;0.1;0.01;0;6.25922;0;0;-1
0;363;22.7919;-31.7597;-26.0469;9.7203;3847.05;5.84468;0;0;0.1;0.01;0;6.8978;0;0;-1
0;364;22.1274;-16.0931;-25.5855;10.0142;4206.66;6.02139;0;0;0.1;0.01;0;6.72936;0;0;-1
0;365;22.3178;1.01335;-26.8015;9.03568;3090.09;5.43302;0;0;0.1;0.01;0;5.17148;0;0;-1
0;366;23.3891;18.1858;-28.0128;9.62583;3735.97;5.78787;0;0;0.1;0.01;0;6.25402;0;0;-1
0;367;23.2493;34.9334;-27.524;9.48752;3577.23;5.70471;0;0;0.1;0.01;0;7.41988;0;0;-1
0;368;20.5936;51.111;-24.5155;9.78732;3927.17;5.88497;0;0;0.1;0.01;0;6.26137;0;0;-1
0;369;20.2893;69.1553;-26.956;9.41126;3491.66;5.65885;0;0;0.1;0.01;0;5.36189;0;0;-1
0;370;23.3587;84.5755;-24.8053;9.48309;3572.22;5.70204;0;0;0.1;0.01;0;4.9004;0;0;-1
0;371;38.0608;-75.9937;-27.1007;9.08221;3138.07;5.461;0;0;0.1;0.01;0;3.9407;0;0;-1
0;372;35.2284;-56.9138;-27.0385;8.68961;2748.46;5.22494;0;0;0.1;0.01;0;5.6074;0;0;-1
0;373;37.5333;-39.9439;-26.8243;9.92192;4091.44;5.96591;0;0;0.1;0.01;0;7.96768;0;0;-1
0;374;37.6902;-23.1686;-27.691;9.98008;4163.81;6.00088;0;0;0.1;0.01;0;7.58975;0;0;-1
0;375;37.4552;-7.21032;-24.8409;9.68117;3800.77;5.82115;0;0;0.1;0.01;0;6.56989;0;0;-1
0;376;35.1288;8.91236;-26.7873;8.8148;2868.97;5.30021;0;0;0.1;0.01;0;5.30874;0;0;-1
0;377;37.2287;25.3901;-24.7105;9.96675;4147.15;5.99286;0;0;0.1;0.01;0;6.8799;0;0;-1
0;378;37.015;42.1389;-27.0997;9.84583;3998.03;5.92015;0;0;0.1;0.01;0;6.5791;0;0;-1
0;379;38.4483;63.6776;-24.9003;8.5;2572.44;5.11093;0;0;0.1;0.01;0;4.58474;1;0;-1
0;380;36.7486;78.8136;-24.8749;8.5;2572.44;5.11093;0;0;0.1;0.01;0;4.35181;1;0;-1
0;381;50.44;-66.6493;-24.7865;10.2137;4463.11;6.14135;0;0;0.1;0.01;0;5.56943;0;0;-1
0;382;49.9657;-50.7733;-25.2904;10.1728;4409.71;6.11676;0;0;0.1;0.01;0;6.85308;0;0;-1
0;383;50.07;-33.4155;-25.0331;8.55599;2623.61;5.14459;0;0;0.1;0.01;0;5.20338;0;0;-1
0;384;52.7109;-15.5616;-26.8605;9.21838;3281.35;5.54288;0;0;0.1;0.01;0;6.25917;0;0;-1
0;385;51.8229;1.73423;-28.3344;10.0155;4208.3;6.02217;0;0;0.1;0.01;0;7.16993;0;0;-1
0;386;50.1097;17.7953;-28.5134;9.04577;3100.45;5.43909;0;0;0.1;0.01;0;6.16735;0;0;-1
0;387;50.3069;34.8899;-25.0729;9.38364;3461.01;5.64225;0;0;0.1;0.01;0;5.57698;0;0;-1
0;388;52.9794;54.7669;-24.6996;8.65695;2717.59;5.2053;0;0;0.1;0.01;0;4.39666;0;0;-1
0;389;52.2021;72.6228;-26.9399;9.78828;3928.33;5.88555;0;0;0.1;0.01;0;4.37723;0;0;-1
0;390;66.3574;-59.2064;-27.6296;8.99162;3045.11;5.40653;0;0;0.1;0.01;0;4.13288;0;0;-1
0;391;66.6346;-42.2235;-25.0385;8.84857;2902.07;5.32052;0;0;0.1;0.01;0;5.48381;0;0;-1
0;392;67.4835;-23.2443;-24.87;10.3678;4668.19;6.23401;0;0;0.1;0.01;0;6.5377;0;0;-1
0;393;65.5572;-5.60188;-26.9256;8.9529;3005.94;5.38325;0;0;0.1;0.01;0;6.84142;0;0;-1
0;394;66.5829;9.44999;-25.094;9.2484;3313.51;5.56093;0;0;0.1;0.01;0;5.82448;0;0;-1
0;395;64.8755;25.4068;-25.604;9.8348;3984.6;5.91352;0;0;0.1;0.01;0;4.80936;0;0;-1
0;396;66.3797;46.5074;-25.9028;10.0347;4232.55;6.03372;0;0;0.1;0.01;0;5.81658;0;0;-1
0;397;65.0712;62.2764;-27.5186;10.0508;4252.95;6.0434;0;0;0.1;0.01;0;4.96866;0;0;-1
0;398;79.4158;-51.2667;-25.8199;10.1042;4321.1;6.07551;0;0;0.1;0.01;0;2.17826;0;0;-1
0;399;81.8769;-34.2048;-24.8301;10.2512;4512.45;6.1639;0;0;0.1;0.01;0;3.41445;0;0;-1
0;400;80.749;-16.811;-25.3505;8.88357;2936.64;5.34156;0;0;0.1;0.01;0;4.46773;0;0;-1
0;401;79.7994;-0.229011;-26.2392;9.30496;3374.68;5.59494;0;0;0.1;0.01;0;4.87266;0;0;-1
0;402;83.2152;17.793;-25.2681;9.79833;3940.44;5.89159;0;0;0.1;0.01;0;4.1471;0;0;-1
0;403;79.0968;33.7651;-27.9918;8.5;2572.44;5.11093;0;0;0.1;0.01;0;3.36576;1;0;-1
0;404;79.3722;54.6209;-26.5426;10.3516;4646.34;6.22427;0;0;0.1;0.01;0;2.70824;0;0;-1
0;405;-98.4434;0.961494;-11.8086;10.2755;4544.62;6.17851;0;0;0.1;0.01;0;3.70395;0;0;-1
0;406;-84.2864;-42.0828;-11.2495;9.08598;3141.98;5.46327;0;0;0.1;0.01;0;3.46834;0;0;-1
0;407;-84.3743;-23.5399;-10.3063;10.4098;4725.15;6.25926;0;0;0.1;0.01;0;5.7047;0;0;-1
0;408;-85.2142;-7.13472;-12.4831;8.91246;2965.39;5.35893;0;0;0.1;0.01;0;5.26844;0;0;-1
0;409;-83.3452;11.6472;-11.9362;10.149;4378.83;6.10245;0;0;0.1;0.01;0;5.92133;0;0;-1
0;410;-84.8098;29.1442;-12.4309;8.5;2572.44;5.11093;0;0;0.1;0.01;0;4.1291;1;0;-1
0;411;-84.031;42.5007;-11.3139;9.39125;3469.44;5.64682;0;0;0.1;0.01;0;4.12651;0;0;-1
0;412;-70.8141;-68.4382;-10.0607;8.78734;2842.24;5.2837;0;0;0.1;0.01;0;2.13534;0;0;-1
0;413;-69.228;-49.2668;-11.9948;9.51949;3613.51;5.72393;0;0;0.1;0.01;0;4.76733;0;0;-1
0;414;-69.892;-32.559;-10.139;9.37135;3447.43;5.63486;0;0;0.1;0.01;0;6.796;0;0;-1
0;415;-72.1604;-15.7387;-11.6903;9.40543;3485.17;5.65535;0;0;0.1;0.01;0;6.58669;0;0;-1
0;416;-70.7944;3.17041;-10.3143;8.76929;2824.76;5.27285;0;0;0.1;0.01;0;6.07144;0;0;-1
0;417;-68.3532;17.3743;-12.9544;8.58719;2652.42;5.16335;0;0;0.1;0.01;0;4.93264;0;0;-1
0;418;-69.4926;36.47;-11.9878;9.59908;3704.91;5.77179;0;0;0.1;0.01;0;6.3403;0;0;-1
0;419;-71.9187;53.7865;-13.0243;8.9755;3028.76;5.39684;0;0;0.1;0.01;0;4.4167;0;0;-1
0;420;-54.2891;-75.1312;-9.72665;8.85847;2911.82;5.32647;0;0;0.1;0.01;0;3.81542;0;0;-1
0;421;-56.6162;-58.2378;-12.3499;9.39962;3478.72;5.65186;0;0;0.1;0.01;0;5.38426;0;0;-1
0;422;-57.3311;-39.2014;-10.3142;8.57706;2643.04;5.15726;0;0;0.1;0.01;0;5.56403;0;0;-1
0;423;-57.3097;-23.9534;-11.863;8.5;2572.44;5.11093;0;0;0.1;0.01;0;5.4922;1;0;-1
0;424;-55.2349;-7.22049;-11.8094;9.00601;3059.75;5.41518;0;0;0.1;0.01;0;5.50167;0;0;-1
0;425;-54.3066;8.60001;-12.543;10.0595;4264.01;6.04863;0;0;0.1;0.01;0;5.98758;0;0;-1
0;426;-57.3431;29.7682;-12.8205;8.5;2572.44;5.11093;0;0;0.1;0.01;0;5.6387;1;0;-1
0;427;-55.1148;44.7207;-11.8282;9.28257;3350.37;5.58147;0;0;0.1;0.01;0;6.85616;0;0;-1
0;428;-57.9507;60.0333;-10.685;9.74725;3879.14;5.86088;0;0;0.1;0.01;0;5.44928;0;0;-1
0;429;-42.7894;-83.6423;-13.2569;10.0889;4301.5;6.06631;0;0;0.1;0.01;0;4.25736;0;0;-1
0;430;-39.3554;-64.6266;-11.5731;9.79525;3936.73;5.88974;0;0;0.1;0.01;0;5.61065;0;0;-1
0;431;-41.0522;-49.3523;-10.6972;8.52157;2592.07;5.1239;0;0;0.1;0.01;0;5.07802;0;0;-1
0;432;-41.2232;-32.6039;-12.3648;9.80366;3946.87;5.8948;0;0;0.1;0.01;0;6.13956;0;0;-1
0;433;-42.0826;-14.346;-13.5185;10.014;4206.41;6.02127;0;0;0.1;0.01;0;6.08436;0;0;-1
0;434;-40.9231;3.06955;-10.787;9.48602;3575.53;5.70381;0;0;0.1;0.01;0;5.76935;0;0;-1
0;435;-39.4018;20.0878;-11.2091;10.0097;4200.99;6.01869;0;0;0.1;0.01;0;6.27694;0;0;-1
0;436;-42.1309;36.9008;-13.1682;9.33057;3402.62;5.61034;0;0;0.1;0.01;0;7.19852;0;0;-1
0;437;-42.6551;52.2133;-12.6269;8.5;2572.44;5.11093;0;0;0.1;0.01;0;5.05085;1;0;-1
0;438;-43.0051;70.6855;-12.5546;8.74544;2801.78;5.25851;0;0;0.1;0.01;0;4.72253;0;0;-1
0;439;-43.2515;85.1305;-13.3364;8.5;2572.44;5.11093;0;0;0.1;0.01;0;3.42476;1;0;-1
0;440;-27.9025;-93.1806;-13.0846;9.62079;3730.1;5.78484;0;0;0.1;0.01;0;4.3176;0;0;-1
0;441;-28.1475;-76.8664;-13.0075;10.1441;4372.49;6.0995;0;0;0.1;0.01;0;7.05656;0;0;-1
0;442;-24.6951;-56.575;-12.2868;10.3899;4698.1;6.2473;0;0;0.1;0.01;0;7.30835;0;0;-1
0;443;-27.3672;-41.7522;-10.1883;10.4383;4764.07;6.2764;0;0;0.1;0.01;0;7.63273;0;0;-1
0;444;-26.6313;-22.2856;-11.8644;10.2193;4470.46;6.14472;0;0;0.1;0.01;0;6.64832;0;0;-1
0;445;-24.9553;-7.30605;-10.321;8.54228;2611.02;5.13635;0;0;0.1;0.01;0;4.69804;0;0;-1
0;446;-25.1404;9.148;-10.2577;9.43114;3513.83;5.67081;0;0;0.1;0.01;0;5.1749;0;0;-1
0;447;-27.4322;28.4678;-10.5817;10.2555;4518.13;6.16648;0;0;0.1;0.01;0;6.15059;0;0;-1
0;448;-28.3073;42.9589;-10.7756;9.06343;3118.65;5.44971;0;0;0.1;0.01;0;5.62682;0;0;-1
0;449;-24.442;59.0675;-12.8452;8.80537;2859.77;5.29454;0;0;0.1;0.01;0;4.535;0;0;-1
0;450;-24.774;77.6994;-12.2449;9.85517;4009.41;5.92577;0;0;0.1;0.01;0;6.45104;0;0;-1
0;451;-24.8598;94.6722;-14.0173;10.1999;4445.05;6.13305;0;0;0.1;0.01;0;3.54385;0;0;-1
0;452;-13.5455;-83.3069;-11.0843;8.5;2572.44;5.11093;0;0;0.1;0.01;0;4.45472;1;0;-1
0;453;-12.7755;-65.4552;-13.2557;8.5;2572.44;5.11093;0;0;0.1;0.01;0;5.52737;1;0;-1
0;454;-12.6964;-48.4398;-9.71417;9.49539;3586.14;5.70944;0;0;0.1;0.01;0;6.60757;0;0;-1
0;455;-11.4454;-32.3685;-11.7601;10.4018;4714.27;6.25445;0;0;0.1;0.01;0;7.25773;0;0;-1
0;456;-10.3976;-14.2749;-10.7257;8.5;2572.44;5.11093;0;0;0.1;0.01;0;6.06031;1;0;-1
0;457;-10.7166;0.965632;-11.6019;10.2021;4447.92;6.13437;0;0;0.1;0.01;0;7.16098;0;0;-1
0;458;-10.7344;16.9713;-11.6189;9.08701;3143.05;5.46389;0;0;0.1;0.01;0;5.76926;0;0;-1
0;459;-11.5925;34.2454;-12.5354;8.56015;2627.44;5.14709;0;0;0.1;0.01;0;4.61993;0;0;-1
0;460;-10.3575;50.9671;-10.6085;8.54843;2616.66;5.14005;0;0;0.1;0.01;0;5.22245;0;0;-1
0;461;-10.5218;67.4171;-11.6294;9.0735;3129.05;5.45576;0;0;0.1;0.01;0;5.9098;0;0;-1
0;462;-11.6983;87.2582;-12.4345;8.5;2572.44;5.11093;0;0;0.1;0.01;0;4.79301;1;0;-1
0;463;4.39349;-91.552;-10.5854;8.69412;2752.74;5.22765;0;0;0.1;0.01;0;3.76504;0;0;-1
0;464;1.54469;-75.9941;-12.1266;8.5;2572.44;5.11093;0;0;0.1;0.01;0;5.48994;1;0;-1
0;465;1.34344;-59.4745;-12.8554;8.86284;2916.13;5.3291;0;0;0.1;0.01;0;6.06217;0;0;-1
0;466;1.68218;-41.2618;-12.6215;9.63019;3741.05;5.79049;0;0;0.1;0.01;0;6.53674;0;0;-1
0;467;1.26544;-21.5702;-10.4666;9.21799;3280.93;5.54264;0;0;0.1;0.01;0;6.60965;0;0;-1
0;468;1.59446;-7.44855;-12.1248;8.63646;2698.34;5.19298;0;0;0.1;0.01;0;6.12711;0;0;-1
0;469;3.2787;8.16978;-12.278;10.1133;4332.79;6.08098;0;0;0.1;0.01;0;6.21286;0;0;-1
0;470;3.19056;25.13;-13.5532;9.05314;3108.04;5.44352;0;0;0.1;0.01;0;4.72282;0;0;-1
0;471;1.98823;43.7639;-10.4976;9.3009;3370.26;5.5925;0;0;0.1;0.01;0;5.57779;0;0;-1
0;472;2.33336;59.5224;-10.7515;9.45512;3540.71;5.68523;0;0;0.1;0.01;0;6.58791;0;0;-1
0;473;2.70519;76.7504;-10.3941;8.91847;2971.39;5.36255;0;0;0.1;0.01;0;6.03331;0;0;-1
0;474;3.0961;94.0409;-11.4646;10.2647;4530.3;6.17202;0;0;0.1;0.01;0;4.46007;0;0;-1
0;475;18.8196;-85.1781;-10.5384;9.35595;3430.46;5.6256;0;0;0.1;0.01;0;5.7991;0;0;-1
0;476;16.0696;-68.1899;-10.5168;9.47166;3559.32;5.69517;0;0;0.1;0.01;0;6.35284;0;0;-1
0;477;15.9641;-51.4686;-9.87459;9.86583;4022.44;5.93218;0;0;0.1;0.01;0;5.77747;0;0;-1
0;478;15.523;-33.3886;-10.5212;9.65096;3765.3;5.80298;0;0;0.1;0.01;0;5.74345;0;0;-1
0;479;16.0347;-16.2977;-11.465;8.57311;2639.39;5.15489;0;0;0.1;0.01;0;5.91014;0;0;-1
0;480;16.4146;1.1154;-11.4584;9.38448;3461.94;5.64275;0;0;0.1;0.01;0;5.57962;0;0;-1
0;481;19.4885;20.9006;-10.8759;9.88972;4051.73;5.94655;0;0;0.1;0.01;0;6.04813;0;0;-1
0;482;19.622;38.1926;-13.1722;8.5;2572.44;5.11093;0;0;0.1;0.01;0;5.08532;1;0;-1
0;483;18.1888;54.5332;-11.4753;8.5;2572.44;5.11093;0;0;0.1;0.01;0;4.93031;1;0;-1
0;484;17.3053;71.4361;-10.3187;10.3965;4707.06;6.25126;0;0;0.1;0.01;0;7.11025;0;0;-1
0;485;15.6997;84.973;-12.57;8.5;2572.44;5.11093;0;0;0.1;0.01;0;5.45132;1;0;-1
0;486;31.9469;-93.7242;-12.0379;8.83098;2884.8;5.30994;0;0;0.1;0.01;0;1.85767;0;0;-1
0;487;33.3581;-76.6499;-12.3288;9.41174;3492.19;5.65914;0;0;0.1;0.01;0;5.65248;0;0;-1
0;488;32.89;-55.3911;-10.3538;9.45135;3536.47;5.68296;0;0;0.1;0.01;0;4.99004;0;0;-1
0;489;34.169;-38.8879;-10.1251;9.62386;3733.67;5.78669;0;0;0.1;0.01;0;6.14313;0;0;-1
0;490;31.232;-21.3568;-12.2775;9.89423;4057.28;5.94926;0;0;0.1;0.01;0;7.10839;0;0;-1
0;491;33.1381;-6.33658;-10.777;8.88235;2935.43;5.34083;0;0;0.1;0.01;0;5.56243;0;0;-1
0;492;33.5001;11.7986;-12.9103;10.3784;4682.52;6.24038;0;0;0.1;0.01;0;7.01927;0;0;-1
0;493;31.4709;29.053;-10.835;9.24443;3309.25;5.55854;0;0;0.1;0.01;0;6.82257;0;0;-1
0;494;33.5346;46.2594;-13.2496;9.56238;3662.58;5.74972;0;0;0.1;0.01;0;5.98896;0;0;-1
0;495;32.79;63.4888;-10.3668;8.6173;2680.42;5.18146;0;0;0.1;0.01;0;5.98476;0;0;-1
0;496;32.2658;79.3795;-10.128;10.0567;4260.45;6.04695;0;0;0.1;0.01;0;6.38616;0;0;-1
0;497;45.9679;-82.9365;-10.7903;8.5;2572.44;5.11093;0;0;0.1;0.01;0;4.15447;1;0;-1
0;498;48.1322;-67.8886;-11.4513;9.53328;3629.24;5.73222;0;0;0.1;0.01;0;6.01126;0;0;-1
0;499;47.7009;-47.7288;-11.967;9.34097;3414.01;5.61659;0;0;0.1;0.01;0;6.11486;0;0;-1
0;500;48.6184;-31.7075;-12.5275;9.05733;3112.36;5.44604;0;0;0.1;0.01;0;5.5411;0;0;-1
0;501;45.555;-14.7382;-10.9494;9.15165;3210.6;5.50275;0;0;0.1;0.01;0;6.26749;0;0;-1
0;502;46.5955;0.43597;-11.0254;10.1585;4391.14;6.10816;0;0;0.1;0.01;0;7.44564;0;0;-1
0;503;47.734;18.1169;-13.4367;10.1742;4411.53;6.1176;0;0;0.1;0.01;0;7.74689;0;0;-1
0;504;47.8989;34.6506;-10.5454;9.51622;3609.79;5.72196;0;0;0.1;0.01;0;6.42842;0;0;-1
0;505;45.9427;55.1932;-12.4958;8.5;2572.44;5.11093;0;0;0.1;0.01;0;5.01916;1;0;-1
0;506;46.2849;68.4957;-10.012;9.24156;3306.16;5.55682;0;0;0.1;0.01;0;6.17014;0;0;-1
0;507;47.6972;85.6455;-13.0961;8.6403;2701.94;5.19529;0;0;0.1;0.01;0;2.33796;0;0;-1
0;508;61.0958;-74.2483;-11.2903;10.3036;4582.01;6.19541;0;0;0.1;0.01;0;3.19892;0;0;-1
0;509;60.3095;-56.0683;-13.2983;9.61516;3723.56;5.78146;0;0;0.1;0.01;0;6.39476;0;0;-1
0;510;61.4396;-42.1517;-11.6166;9.39919;3478.24;5.6516;0;0;0.1;0.01;0;6.41289;0;0;-1
0;511;62.5777;-25.7809;-11.8611;9.28468;3352.66;5.58274;0;0;0.1;0.01;0;5.84238;0;0;-1
0;512;62.7416;-7.65262;-11.5061;9.83406;3983.7;5.91308;0;0;0.1;0.01;0;6.46921;0;0;-1
0;513;60.7344;9.37067;-12.8124;10.2245;4477.29;6.14784;0;0;0.1;0.01;0;6.65842;0;0;-1
0;514;61.9697;28.7532;-10.2205;9.92591;4096.37;5.96831;0;0;0.1;0.01;0;6.30796;0;0;-1
0;515;62.6733;45.9881;-11.1262;9.50542;3597.51;5.71547;0;0;0.1;0.01;0;5.70275;0;0;-1
0;516;63.234;63.5904;-10.8013;10.0981;4313.28;6.07184;0;0;0.1;0.01;0;5.33348;0;0;-1
0;517;61.047;77.9244;-13.7868;8.90529;2958.24;5.35462;0;0;0.1;0.01;0;2.77134;0;0;-1
0;518;77.5999;-47.5316;-10.8069;8.5;2572.44;5.11093;0;0;0.1;0.01;0;3.89287;1;0;-1
0;519;77.3317;-30.0336;-11.2356;8.60685;2670.68;5.17517;0;0;0.1;0.01;0;5.62956;0;0;-1
0;520;75.2981;-14.4406;-10.8549;10.4528;4783.95;6.28512;0;0;0.1;0.01;0;7.80157;0;0;-1
0;521;74.9422;1.11636;-10.9926;8.5;2572.44;5.11093;0;0;0.1;0.01;0;6.16635;1;0;-1
0;522;76.6082;18.0139;-13.3369;8.69993;2758.26;5.23114;0;0;0.1;0.01;0;5.75006;0;0;-1
0;523;75.0677;34.8478;-12.7145;8.5;2572.44;5.11093;0;0;0.1;0.01;0;5.25308;1;0;-1
0;524;75.3413;51.4806;-10.2319;9.24246;3307.13;5.55736;0;0;0.1;0.01;0;5.72121;0;0;-1
0;525;89.5833;-22.1743;-11.9544;8.5;2572.44;5.11093;0;0;0.1;0.01;0;3.79062;1;0;-1
0;526;90.0674;-4.25405;-10.1462;9.67018;3787.85;5.81454;0;0;0.1;0.01;0;4.12058;0;0;-1
0;527;89.5539;12.0087;-11.0241;8.94815;3001.15;5.38039;0;0;0.1;0.01;0;4.80241;0;0;-1
0;528;89.4278;27.0328;-11.205;8.57982;2645.59;5.15892;0;0;0.1;0.01;0;4.5126;0;0;-1
0;529;89.2386;43.5653;-9.84018;10.0381;4236.85;6.03576;0;0;0.1;0.01;0;3.29454;0;0;-1
0;530;-93.9365;-16.5753;2.39292;9.45997;3546.16;5.68814;0;0;0.1;0.01;0;3.17154;0;0;-1
0;531;-95.6874;2.729;3.43279;9.65336;3768.11;5.80443;0;0;0.1;0.01;0;3.78375;0;0;-1
0;532;-95.909;18.6876;2.16423;10.2032;4449.36;6.13504;0;0;0.1;0.01;0;3.23822;0;0;-1
0;533;-79.6725;-55.9189;3.03765;8.5;2572.44;5.11093;0;0;0.1;0.01;0;2.64254;1;0;-1
0;534;-82.6277;-41.5229;4.68142;9.80047;3943.02;5.89288;0;0;0.1;0.01;0;4.1756;0;0;-1
0;535;-80.599;-23.2271;2.97195;9.80139;3944.13;5.89343;0;0;0.1;0.01;0;6.45393;0;0;-1
0;536;-79.8682;-6.13746;3.72356;9.46528;3552.13;5.69134;0;0;0.1;0.01;0;5.92549;0;0;-1
0;537;-81.7953;10.3537;2.71533;8.90491;2957.86;5.35439;0;0;0.1;0.01;0;4.70711;0;0;-1
0;538;-80.6017;25.4922;1.20793;8.5;2572.44;5.11093;0;0;0.1;0.01;0;3.69413;1;0;-1
0;539;-82.6809;44.0759;2.76849;10.2457;4505.19;6.16059;0;0;0.1;0.01;0;4.42336;0;0;-1
0;540;-78.9065;61.1291;3.37094;9.4202;3501.62;5.66423;0;0;0.1;0.01;0;2.55868;0;0;-1
0;541;-63.8856;-65.5079;1.68012;8.86781;2921.04;5.33209;0;0;0.1;0.01;0;4.00803;0;0;-1
0;542;-64.2801;-47.2861;4.39956;10.2617;4526.33;6.17021;0;0;0.1;0.01;0;6.23449;0;0;-1
0;543;-68.3939;-33.047;3.55465;8.92266;2975.58;5.36507;0;0;0.1;0.01;0;5.75941;0;0;-1
0;544;-67.7975;-14.823;1.72332;10.4365;4761.6;6.27532;0;0;0.1;0.01;0;6.92743;0;0;-1
0;545;-67.1948;0.397611;3.73801;10.3306;4618.12;6.21164;0;0;0.1;0.01;0;6.93402;0;0;-1
0;546;-64.731;17.1285;3.36797;10.4477;4776.95;6.28205;0;0;0.1;0.01;0;6.01898;0;0;-1
0;547;-65.1797;36.5233;3.0949;10.4249;4745.74;6.26834;0;0;0.1;0.01;0;6.60273;0;0;-1
0;548;-65.5689;52.0325;3.22574;9.47993;3568.65;5.70014;0;0;0.1;0.01;0;5.47958;0;0;-1
0;549;-64.943;70.4126;3.16581;8.5;2572.44;5.11093;0;0;0.1;0.01;0;2.35002;1;0;-1
0;550;-49.9094;-75.3345;3.23791;8.5823;2647.89;5.16041;0;0;0.1;0.01;0;5.00511;0;0;-1
0;551;-50.3423;-59.3899;4.21222;8.71413;2771.79;5.23968;0;0;0.1;0.01;0;5.50604;0;0;-1
0;552;-50.9539;-42.3285;3.34398;8.72965;2786.63;5.24901;0;0;0.1;0.01;0;5.46229;0;0;-1
0;553;-52.1169;-24.4745;3.65447;8.58632;2651.61;5.16283;0;0;0.1;0.01;0;4.18587;0;0;-1
0;554;-49.6392;-5.37709;2.14953;8.5;2572.44;5.11093;0;0;0.1;0.01;0;4.35504;1;0;-1
0;555;-52.3034;10.0565;3.7536;8.5;2572.44;5.11093;0;0;0.1;0.01;0;4.98711;1;0;-1
0;556;-52.7519;25.8397;2.69804;8.5;2572.44;5.11093;0;0;0.1;0.01;0;5.48508;1;0;-1
0;557;-50.27;42.9855;5.11694;9.8444;3996.28;5.91929;0;0;0.1;0.01;0;5.97302;0;0;-1
0;558;-50.7537;63.4589;1.83305;9.04923;3104.01;5.44117;0;0;0.1;0.01;0;5.21334;0;0;-1
0;559;-51.4561;78.1205;1.28712;9.76208;3896.87;5.8698;0;0;0.1;0.01;0;4.43642;0;0;-1
0;560;-34.9766;-84.0153;3.4443;9.36644;3442.01;5.6319;0;0;0.1;0.01;0;5.15453;0;0;-1
0;561;-38.5001;-67.383;3.24283;9.15764;3216.91;5.50636;0;0;0.1;0.01;0;5.35404;0;0;-1
0;562;-36.7027;-50.3907;4.12056;8.5;2572.44;5.11093;0;0;0.1;0.01;0;5.17392;1;0;-1
0;563;-35.8337;-32.6221;2.6773;9.95707;4135.07;5.98704;0;0;0.1;0.01;0;6.05379;0;0;-1
0;564;-38.0784;-14.0893;3.15515;8.97516;3028.41;5.39663;0;0;0.1;0.01;0;4.98351;0;0;-1
0;565;-36.6321;3.17833;4.03353;8.90095;2953.91;5.35201;0;0;0.1;0.01;0;5.85619;0;0;-1
0;566;-38.1383;19.974;2.91905;10.1518;4382.46;6.10413;0;0;0.1;0.01;0;6.8662;0;0;-1
0;567;-38.2001;36.3097;1.02486;8.89588;2948.87;5.34896;0;0;0.1;0.01;0;5.93197;0;0;-1
0;568;-35.4156;50.842;2.86444;9.82839;3976.82;5.90967;0;0;0.1;0.01;0;5.01468;0;0;-1
0;569;-35.7461;71.74;1.34388;10.4423;4769.55;6.2788;0;0;0.1;0.01;0;6.28642;0;0;-1
0;570;-35.332;87.8918;3.29401;9.58234;3685.56;5.76172;0;0;0.1;0.01;0;5.14295;0;0;-1
0;571;-20.7799;-93.6559;1.60372;9.51832;3612.18;5.72323;0;0;0.1;0.01;0;4.31172;0;0;-1
0;572;-20.5664;-76.6077;4.59614;8.53528;2604.61;5.13214;0;0;0.1;0.01;0;5.26408;0;0;-1
0;573;-23.6204;-57.6365;1.53836;9.2155;3278.27;5.54115;0;0;0.1;0.01;0;6.00478;0;0;-1
0;574;-23.2249;-40.3596;2.1456;9.25268;3318.11;5.5635;0;0;0.1;0.01;0;6.41714;0;0;-1
0;575;-21.1675;-23.0802;3.57199;8.5;2572.44;5.11093;0;0;0.1;0.01;0;5.39879;1;0;-1
0;576;-20.5793;-5.19109;3.34052;8.55675;2624.31;5.14505;0;0;0.1;0.01;0;6.16175;0;0;-1
0;577;-20.1909;9.9903;4.07343;10.1133;4332.79;6.08098;0;0;0.1;0.01;0;6.90051;0;0;-1
0;578;-23.9405;27.5198;1.88837;8.5874;2652.61;5.16348;0;0;0.1;0.01;0;3.99264;0;0;-1
0;579;-19.9316;46.9955;1.82587;9.19996;3261.72;5.5318;0;0;0.1;0.01;0;4.54746;0;0;-1
0;580;-22.0312;63.3229;2.16801;9.89483;4058.01;5.94962;0;0;0.1;0.01;0;6.65904;0;0;-1
0;581;-22.1855;77.5542;1.90917;9.60554;3712.39;5.77567;0;0;0.1;0.01;0;6.19833;0;0;-1
0;582;-23.369;96.235;1.35724;9.90756;4073.7;5.95727;0;0;0.1;0.01;0;3.41949;0;0;-1
0;583;-7.07158;-98.95;0.926798;10.0776;4287.06;6.05951;0;0;0.1;0.01;0;2.97462;0;0;-1
0;584;-5.6449;-81.0545;3.71471;8.73414;2790.93;5.25171;0;0;0.1;0.01;0;5.6268;0;0;-1
0;585;-9.08504;-66.6485;2.77182;10.3839;4689.97;6.24369;0;0;0.1;0.01;0;5.75172;0;0;-1
0;586;-7.63143;-49.255;2.31071;8.64791;2709.08;5.19986;0;0;0.1;0.01;0;5.09515;0;0;-1
0;587;-7.46615;-29.9759;2.51719;9.4445;3528.79;5.67884;0;0;0.1;0.01;0;6.35206;0;0;-1
0;588;-8.7834;-14.1934;3.1144;9.71029;3835.18;5.83866;0;0;0.1;0.01;0;6.88065;0;0;-1
0;589;-7.88561;1.80779;3.77499;8.5;2572.44;5.11093;0;0;0.1;0.01;0;5.90134;1;0;-1
0;590;-6.29776;17.3578;1.33914;8.51996;2590.61;5.12293;0;0;0.1;0.01;0;5.93319;0;0;-1
0;591;-6.16842;34.6525;3.70213;9.22465;3288.05;5.54665;0;0;0.1;0.01;0;5.50876;0;0;-1
0;592;-5.75957;51.7996;3.54297;8.5;2572.44;5.11093;0;0;0.1;0.01;0;5.87002;1;0;-1
0;593;-7.56761;71.7855;2.33144;10.3283;4615.04;6.21026;0;0;0.1;0.01;0;6.85572;0;0;-1
0;594;-9.20722;88.3794;3.68016;9.77079;3907.31;5.87503;0;0;0.1;0.01;0;4.97507;0;0;-1
0;595;8.0421;-92.1731;3.1012;8.71605;2773.63;5.24083;0;0;0.1;0.01;0;4.70614;0;0;-1
0;596;8.63471;-76.0913;1.82887;9.61678;3725.44;5.78243;0;0;0.1;0.01;0;7.03941;0;0;-1
0;597;5.95379;-58.9235;1.68896;10.096;4310.59;6.07058;0;0;0.1;0.01;0;6.91912;0;0;-1
0;598;7.0377;-42.7374;3.59355;9.83689;3987.15;5.91478;0;0;0.1;0.01;0;6.72708;0;0;-1
0;599;7.54736;-24.9366;1.8455;9.5353;3631.55;5.73344;0;0;0.1;0.01;0;6.50726;0;0;-1
0;600;9.35698;-8.46328;4.44279;10.1237;4346.17;6.08723;0;0;0.1;0.01;0;5.93126;0;0;-1
0;601;5.73343;10.4474;2.77244;8.89902;2951.99;5.35085;0;0;0.1;0.01;0;4.95977;0;0;-1
0;602;7.62573;25.4199;2.11888;9.91149;4078.55;5.95964;0;0;0.1;0.01;0;6.08812;0;0;-1
0;603;8.38288;44.0608;2.34915;8.5;2572.44;5.11093;0;0;0.1;0.01;0;5.04402;1;0;-1
0;604;6.9103;60.3867;1.6211;8.5;2572.44;5.11093;0;0;0.1;0.01;0;5.65837;1;0;-1
0;605;8.80056;76.5029;2.67745;8.62821;2690.61;5.18802;0;0;0.1;0.01;0;5.79819;0;0;-1
0;606;5.6109;97.9098;1.52312;9.70502;3828.93;5.83549;0;0;0.1;0.01;0;2.82503;0;0;-1
0;607;20.4553;-85.2888;2.17629;8.5;2572.44;5.11093;0;0;0.1;0.01;0;4.15307;1;0;-1
0;608;23.7067;-66.3236;2.73997;10.1485;4378.19;6.10215;0;0;0.1;0.01;0;5.9229;0;0;-1
0;609;22.3836;-47.3558;4.3858;8.61569;2678.91;5.18049;0;0;0.1;0.01;0;4.58345;0;0;-1
0;610;21.745;-31.0852;1.47295;8.5;2572.44;5.11093;0;0;0.1;0.01;0;5.79046;1;0;-1
0;611;21.4284;-14.7065;1.49625;8.5;2572.44;5.11093;0;0;0.1;0.01;0;5.46851;1;0;-1
0;612;23.2043;4.3372;1.19952;9.49255;3582.92;5.70773;0;0;0.1;0.01;0;5.44789;0;0;-1
0;613;23.3877;20.833;4.67479;9.56391;3664.33;5.75064;0;0;0.1;0.01;0;6.83833;0;0;-1
0;614;21.9804;37.2963;4.96172;8.5;2572.44;5.11093;0;0;0.1;0.01;0;5.65804;1;0;-1
0;615;22.7744;51.4225;3.72163;9.88732;4048.78;5.9451;0;0;0.1;0.01;0;6.64271;0;0;-1
0;616;21.1344;67.7531;1.66111;9.16445;3224.09;5.51045;0;0;0.1;0.01;0;5.95741;0;0;-1
0;617;21.4061;89.4952;1.13561;10.1186;4339.6;6.08417;0;0;0.1;0.01;0;4.04325;0;0;-1
0;618;38.0415;-75.9277;1.66102;9.44408;3528.32;5.67859;0;0;0.1;0.01;0;6.03095;0;0;-1
0;619;38.5555;-59.599;4.03116;8.64248;2703.98;5.1966;0;0;0.1;0.01;0;5.2268;0;0;-1
0;620;34.9022;-40.1455;3.41699;8.9796;3032.91;5.3993;0;0;0.1;0.01;0;5.44996;0;0;-1
0;621;35.0472;-25.7249;1.20017;9.54414;3641.66;5.73875;0;0;0.1;0.01;0;6.10783;0;0;-1
0;622;38.0187;-8.85316;4.48369;9.35846;3433.22;5.62711;0;0;0.1;0.01;0;6.01449;0;0;-1
0;623;37.2356;9.08651;1.45605;9.51894;3612.89;5.7236;0;0;0.1;0.01;0;5.74749;0;0;-1
0;624;36.6642;27.2509;2.87311;9.98295;4167.4;6.0026;0;0;0.1;0.01;0;6.51373;0;0;-1
0;625;35.9267;44.5351;1.21714;10.3932;4702.58;6.24928;0;0;0.1;0.01;0;6.87836;0;0;-1
0;626;36.1006;62.7052;3.83222;10.293;4567.88;6.18903;0;0;0.1;0.01;0;7.82414;0;0;-1
0;627;37.6628;80.0018;2.52739;10.395;4705.03;6.25036;0;0;0.1;0.01;0;5.13846;0;0;-1
0;628;50.8398;-83.5272;2.89868;8.5;2572.44;5.11093;0;0;0.1;0.01;0;2.98952;1;0;-1
0;629;52.185;-64.6099;4.04892;9.83279;3982.16;5.91231;0;0;0.1;0.01;0;5.58578;0;0;-1
0;630;50.3194;-48.4687;3.26012;10.1367;4362.93;6.09505;0;0;0.1;0.01;0;6.36271;0;0;-1
0;631;53.3986;-33.6494;4.7898;8.5;2572.44;5.11093;0;0;0.1;0.01;0;5.81221;1;0;-1
0;632;51.3827;-15.8231;2.99293;8.60239;2666.53;5.17249;0;0;0.1;0.01;0;5.11832;0;0;-1
0;633;52.1579;1.1352;2.46729;8.51441;2585.55;5.11959;0;0;0.1;0.01;0;5.43487;0;0;-1
0;634;52.3751;17.0449;1.66476;9.47502;3563.11;5.69719;0;0;0.1;0.01;0;7.31189;0;0;-1
0;635;50.182;34.387;2.73646;9.80689;3950.78;5.89674;0;0;0.1;0.01;0;6.23211;0;0;-1
0;636;51.3738;54.6301;4.70088;8.5;2572.44;5.11093;0;0;0.1;0.01;0;5.01634;1;0;-1
0;637;50.0058;67.7118;3.26026;9.09874;3155.24;5.47094;0;0;0.1;0.01;0;4.69899;0;0;-1
0;638;68.0577;-56.0632;4.68384;9.91865;4087.39;5.96394;0;0;0.1;0.01;0;4.38832;0;0;-1
0;639;67.5932;-39.0444;2.4011;9.67029;3787.97;5.81461;0;0;0.1;0.01;0;7.09023;0;0;-1
0;640;64.7302;-24.1611;3.89821;8.59961;2663.94;5.17082;0;0;0.1;0.01;0;5.67682;0;0;-1
0;641;67.824;-6.65786;4.42378;8.5;2572.44;5.11093;0;0;0.1;0.01;0;4.86731;1;0;-1
0;642;65.628;12.201;3.83449;10.2544;4516.68;6.16582;0;0;0.1;0.01;0;6.72059;0;0;-1
0;643;65.4847;25.9347;3.93922;8.5;2572.44;5.11093;0;0;0.1;0.01;0;6.0971;1;0;-1
0;644;66.9133;44.3133;4.35968;9.40417;3483.77;5.65459;0;0;0.1;0.01;0;5.69651;0;0;-1
0;645;67.4225;60.179;4.32047;9.78995;3930.34;5.88655;0;0;0.1;0.01;0;4.4659;0;0;-1
0;646;82.3271;-47.3943;5.10401;9.16647;3226.23;5.51167;0;0;0.1;0.01;0;3.67585;0;0;-1
0;647;82.1691;-33.1096;3.18219;10.4059;4719.84;6.25692;0;0;0.1;0.01;0;5.82414;0;0;-1
0;648;81.3997;-15.7967;3.84142;9.58771;3691.76;5.76495;0;0;0.1;0.01;0;6.49054;0;0;-1
0;649;79.7744;0.0582373;1.87645;9.17655;3236.88;5.51773;0;0;0.1;0.01;0;5.72878;0;0;-1
0;650;80.9739;18.2552;2.44747;9.17519;3235.44;5.51691;0;0;0.1;0.01;0;6.64257;0;0;-1
0;651;82.5346;36.1039;4.09329;10.3563;4652.67;6.22709;0;0;0.1;0.01;0;5.55249;0;0;-1
0;652;82.8006;55.2988;4.89179;9.98006;4163.78;6.00087;0;0;0.1;0.01;0;2.84985;0;0;-1
0;653;95.8384;-23.3881;2.10101;10.372;4673.86;6.23653;0;0;0.1;0.01;0;3.62957;0;0;-1
0;654;96.3562;-7.56706;4.22345;9.30892;3378.99;5.59732;0;0;0.1;0.01;0;3.40731;0;0;-1
0;655;94.5252;12.1167;1.93349;9.59168;3696.35;5.76734;0;0;0.1;0.01;0;4.21113;0;0;-1
0;656;94.3112;26.6347;4.47937;10.0281;4224.2;6.02975;0;0;0.1;0.01;0;4.46396;0;0;-1
0;657;-86.8339;-40.7514;19.2024;10.0139;4206.28;6.02121;0;0;0.1;0.01;0;3.22309;0;0;-1
0;658;-85.0779;-21.1743;18.5561;9.39531;3473.94;5.64926;0;0;0.1;0.01;0;3.28324;0;0;-1
0;659;-84.879;-4.98742;19.2676;9.9256;4095.99;5.96812;0;0;0.1;0.01;0;4.60336;0;0;-1
0;660;-86.6497;10.483;17.1894;9.41782;3498.97;5.6628;0;0;0.1;0.01;0;4.71546;0;0;-1
0;661;-85.7215;27.1052;18.3086;8.5;2572.44;5.11093;0;0;0.1;0.01;0;3.21842;1;0;-1
0;662;-84.2595;45.3304;18.929;8.68184;2741.09;5.22026;0;0;0.1;0.01;0;2.72723;0;0;-1
0;663;-72.1095;-63.6413;19.8454;9.46219;3548.65;5.68948;0;0;0.1;0.01;0;3.35611;0;0;-1
0;664;-70.8116;-48.562;16.6701;9.04696;3101.68;5.43981;0;0;0.1;0.01;0;6.11198;0;0;-1
0;665;-68.9843;-33.8733;19.1836;8.5;2572.44;5.11093;0;0;0.1;0.01;0;5.4673;1;0;-1
0;666;-71.9601;-13.1863;19.0224;9.90376;4069.01;5.95499;0;0;0.1;0.01;0;7.23609;0;0;-1
0;667;-69.3879;2.17467;19.7068;9.7357;3865.36;5.85394;0;0;0.1;0.01;0;6.93237;0;0;-1
0;668;-70.2491;18.6394;19.2986;9.64972;3763.85;5.80224;0;0;0.1;0.01;0;5.80125;0;0;-1
0;669;-70.2962;34.2555;16.7427;8.77909;2834.24;5.27874;0;0;0.1;0.01;0;4.32289;0;0;-1
0;670;-70.2557;52.8828;16.2666;8.5;2572.44;5.11093;0;0;0.1;0.01;0;3.91565;1;0;-1
0;671;-58.0208;-74.9478;17.1214;10.065;4271;6.05194;0;0;0.1;0.01;0;4.51607;0;0;-1
0;672;-57.4999;-58.6534;18.7008;9.47117;3558.77;5.69488;0;0;0.1;0.01;0;6.43876;0;0;-1
0;673;-56.2028;-39.537;17.4601;10.2399;4497.55;6.1571;0;0;0.1;0.01;0;7.40201;0;0;-1
0;674;-57.0876;-23.2686;16.9162;8.9323;2985.23;5.37086;0;0;0.1;0.01;0;5.73321;0;0;-1
0;675;-55.1897;-6.46168;16.0518;9.97374;4155.88;5.99707;0;0;0.1;0.01;0;6.245;0;0;-1
0;676;-57.1264;8.61759;17.4045;8.70387;2762.01;5.23351;0;0;0.1;0.01;0;5.38501;0;0;-1
0;677;-55.3803;26.7709;16.7949;9.65507;3770.12;5.80545;0;0;0.1;0.01;0;5.70834;0;0;-1
0;678;-54.9743;46.9005;18.9447;8.5;2572.44;5.11093;0;0;0.1;0.01;0;4.35078;1;0;-1
0;679;-53.9878;61.9346;18.2819;8.67427;2733.93;5.21571;0;0;0.1;0.01;0;3.80732;0;0;-1
0;680;-53.7955;78.0456;19.6557;9.60026;3706.27;5.7725;0;0;0.1;0.01;0;2.6401;0;0;-1
0;681;-41.7008;-84.6157;16.8504;9.64536;3758.75;5.79962;0;0;0.1;0.01;0;4.3284;0;0;-1
0;682;-40.6342;-67.4678;17.7361;8.98447;3037.85;5.40223;0;0;0.1;0.01;0;5.51509;0;0;-1
0;683;-40.4646;-47.783;16.7361;9.09298;3149.25;5.46748;0;0;0.1;0.01;0;5.25978;0;0;-1
0;684;-42.5302;-33.0289;18.1928;9.56256;3662.78;5.74983;0;0;0.1;0.01;0;6.35429;0;0;-1
0;685;-42.1566;-13.7556;16.4883;8.5;2572.44;5.11093;0;0;0.1;0.01;0;4.91382;1;0;-1
0;686;-39.9913;2.2855;17.7216;8.8338;2887.56;5.31164;0;0;0.1;0.01;0;5.08377;0;0;-1
0;687;-42.2119;18.6836;18.4611;8.81873;2872.81;5.30257;0;0;0.1;0.01;0;5.4347;0;0;-1
0;688;-41.1648;33.7363;18.28;8.97255;3025.77;5.39506;0;0;0.1;0.01;0;5.19042;0;0;-1
0;689;-39.7067;53.2107;18.5409;8.97931;3032.62;5.39913;0;0;0.1;0.01;0;4.73844;0;0;-1
0;690;-39.5852;71.4829;16.3997;10.2106;4459.05;6.13949;0;0;0.1;0.01;0;5.90356;0;0;-1
0;691;-41.5963;87.745;18.5451;8.98874;3042.18;5.4048;0;0;0.1;0.01;0;2.93047;0;0;-1
0;692;-27.7636;-93.4546;16.829;10.4523;4783.26;6.28482;0;0;0.1;0.01;0;3.97985;0;0;-1
0;693;-27.5127;-72.8529;18.5017;9.83112;3980.13;5.91131;0;0;0.1;0.01;0;6.16582;0;0;-1
0;694;-25.3733;-56.712;16.2728;8.5;2572.44;5.11093;0;0;0.1;0.01;0;4.44928;1;0;-1
0;695;-24.5022;-40.377;17.8395;8.88227;2935.35;5.34078;0;0;0.1;0.01;0;5.48466;0;0;-1
0;696;-28.361;-24.7221;16.3172;9.59361;3698.58;5.7685;0;0;0.1;0.01;0;6.04783;0;0;-1
0;697;-28.3787;-7.18694;16.0144;9.33032;3402.34;5.61019;0;0;0.1;0.01;0;5.29251;0;0;-1
0;698;-26.9602;10.677;16.4871;9.60486;3711.6;5.77526;0;0;0.1;0.01;0;6.09114;0;0;-1
0;699;-27.452;28.0488;17.3619;9.05772;3112.76;5.44628;0;0;0.1;0.01;0;5.12777;0;0;-1
0;700;-25.4605;45.9311;17.6364;9.58543;3689.13;5.76358;0;0;0.1;0.01;0;5.76663;0;0;-1
0;701;-28.157;62.0555;16.4009;9.01678;3070.74;5.42166;0;0;0.1;0.01;0;5.90524;0;0;-1
0;702;-27.4133;80.4114;16.3119;10.1887;4430.42;6.12632;0;0;0.1;0.01;0;5.89124;0;0;-1
0;703;-13.2902;-83.6069;17.6383;9.77088;3907.42;5.87509;0;0;0.1;0.01;0;5.45717;0;0;-1
0;704;-13.7317;-65.6472;17.0272;8.5;2572.44;5.11093;0;0;0.1;0.01;0;4.2082;1;0;-1
0;705;-11.18;-47.5323;16.2692;9.7905;3931;5.88689;0;0;0.1;0.01;0;5.44898;0;0;-1
0;706;-12.3543;-30.7825;19.3453;8.63701;2698.85;5.19331;0;0;0.1;0.01;0;5.76247;0;0;-1
0;707;-11.5524;-16.1869;17.4711;9.71429;3839.92;5.84106;0;0;0.1;0.01;0;6.34335;0;0;-1
0;708;-13.6697;1.66206;17.129;10.0878;4300.09;6.06565;0;0;0.1;0.01;0;7.02381;0;0;-1
0;709;-13.178;20.7925;16.611;10.0841;4295.36;6.06342;0;0;0.1;0.01;0;6.26927;0;0;-1
0;710;-10.9538;37.3191;17.2907;8.97727;3030.55;5.3979;0;0;0.1;0.01;0;5.49423;0;0;-1
0;711;-10.0202;52.3618;18.3011;10.1287;4352.61;6.09024;0;0;0.1;0.01;0;6.64331;0;0;-1
0;712;-11.6699;68.4264;18.3699;8.59754;2662.02;5.16958;0;0;0.1;0.01;0;5.20922;0;0;-1
0;713;-11.051;85.2591;18.6702;8.5;2572.44;5.11093;0;0;0.1;0.01;0;3.73731;1;0;-1
0;714;1.68149;-91.9846;17.438;10.248;4508.23;6.16197;0;0;0.1;0.01;0;3.90841;0;0;-1
0;715;4.58346;-72.2715;15.9826;8.68782;2746.76;5.22386;0;0;0.1;0.01;0;5.1551;0;0;-1
0;716;2.81723;-56.9724;17.3384;8.5;2572.44;5.11093;0;0;0.1;0.01;0;5.5457;1;0;-1
0;717;2.95992;-39.8551;16.671;9.887;4048.39;5.94491;0;0;0.1;0.01;0;6.58692;0;0;-1
0;718;2.38682;-24.4684;16.4624;8.82136;2875.38;5.30416;0;0;0.1;0.01;0;5.63574;0;0;-1
0;719;4.97508;-8.37546;17.1094;8.57217;2638.52;5.15432;0;0;0.1;0.01;0;4.74399;0;0;-1
0;720;4.17499;9.65029;16.3835;9.89258;4055.25;5.94826;0;0;0.1;0.01;0;4.89166;0;0;-1
0;721;2.15899;28.5064;16.6423;9.95865;4137.04;5.98799;0;0;0.1;0.01;0;6.24768;0;0;-1
0;722;2.5354;46.1898;15.6164;8.5982;2662.63;5.16997;0;0;0.1;0.01;0;5.80188;0;0;-1
0;723;2.65977;63.404;15.8895;10.4039;4717.12;6.25571;0;0;0.1;0.01;0;6.71345;0;0;-1
0;724;0.997008;77.9651;15.9352;8.66392;2724.16;5.20949;0;0;0.1;0.01;0;5.68509;0;0;-1
0;725;4.69984;93.0894;17.7725;8.70908;2766.98;5.23664;0;0;0.1;0.01;0;2.89491;0;0;-1
0;726;17.7773;-82.3795;17.1041;10.0453;4245.97;6.04009;0;0;0.1;0.01;0;5.13221;0;0;-1
0;727;15.7992;-64.4085;16.3778;8.5;2572.44;5.11093;0;0;0.1;0.01;0;4.944;1;0;-1
0;728;16.0235;-50.0854;18.3065;9.61978;3728.93;5.78423;0;0;0.1;0.01;0;5.55495;0;0;-1
0;729;18.9303;-33.9858;18.1035;8.5;2572.44;5.11093;0;0;0.1;0.01;0;4.31527;1;0;-1
0;730;18.3562;-17.0123;17.3428;9.30503;3374.75;5.59498;0;0;0.1;0.01;0;5.77472;0;0;-1
0;731;17.4633;2.71634;18.4921;8.54447;2613.03;5.13767;0;0;0.1;0.01;0;4.73988;0;0;-1
0;732;16.577;21.1413;16.2176;9.14026;3198.63;5.49591;0;0;0.1;0.01;0;6.27592;0;0;-1
0;733;16.5179;37.0687;17.4459;8.88866;2941.69;5.34462;0;0;0.1;0.01;0;5.88814;0;0;-1
0;734;19.6629;52.9319;17.6961;8.85858;2911.93;5.32654;0;0;0.1;0.01;0;5.1683;0;0;-1
0;735;16.4142;69.7796;17.3851;8.51644;2587.4;5.12081;0;0;0.1;0.01;0;5.15609;0;0;-1
0;736;17.9146;85.6781;16.4615;9.17315;3233.29;5.51568;0;0;0.1;0.01;0;3.56761;0;0;-1
0;737;33.1724;-92.4848;15.9347;9.05955;3114.64;5.44738;0;0;0.1;0.01;0;1.69007;0;0;-1
0;738;33.7862;-73.7679;16.1001;9.51316;3606.31;5.72013;0;0;0.1;0.01;0;5.47872;0;0;-1
0;739;33.1793;-55.2468;18.0153;9.15668;3215.9;5.50578;0;0;0.1;0.01;0;4.54393;0;0;-1
0;740;33.6471;-39.0251;18.0724;8.5;2572.44;5.11093;0;0;0.1;0.01;0;5.33145;1;0;-1
0;741;31.4403;-24.4859;16.3375;9.37929;3456.2;5.63963;0;0;0.1;0.01;0;6.48205;0;0;-1
0;742;30.7136;-8.06186;18.5985;9.30862;3378.66;5.59714;0;0;0.1;0.01;0;5.49864;0;0;-1
0;743;30.5313;11.5677;17.0178;8.87722;2930.35;5.33774;0;0;0.1;0.01;0;5.13277;0;0;-1
0;744;32.092;26.8764;16.7706;8.78131;2836.39;5.28007;0;0;0.1;0.01;0;5.40228;0;0;-1
0;745;33.2197;45.7695;16.5266;8.5;2572.44;5.11093;0;0;0.1;0.01;0;5.28959;1;0;-1
0;746;30.4882;63.4349;19.479;9.08213;3137.99;5.46095;0;0;0.1;0.01;0;6.817;0;0;-1
0;747;30.6501;77.8152;17.847;9.25776;3323.58;5.56656;0;0;0.1;0.01;0;5.18501;0;0;-1
0;748;45.3112;-81.2484;16.0892;9.99665;4184.58;6.01084;0;0;0.1;0.01;0;4.70853;0;0;-1
0;749;48.9027;-67.6387;17.0084;8.61752;2680.62;5.18159;0;0;0.1;0.01;0;5.08405;0;0;-1
0;750;47.512;-48.1675;18.5954;8.5;2572.44;5.11093;0;0;0.1;0.01;0;4.60496;1;0;-1
0;751;46.7643;-31.8988;16.6142;9.52674;3621.78;5.72829;0;0;0.1;0.01;0;6.82969;0;0;-1
0;752;46.362;-15.3169;17.5047;9.96599;4146.2;5.99241;0;0;0.1;0.01;0;6.40217;0;0;-1
0;753;46.2072;4.39489;19.4772;9.61473;3723.06;5.7812;0;0;0.1;0.01;0;5.43054;0;0;-1
0;754;48.7906;20.471;17.3398;9.77667;3914.37;5.87857;0;0;0.1;0.01;0;6.2286;0;0;-1
0;755;46.8556;34.8796;18.9854;8.5;2572.44;5.11093;0;0;0.1;0.01;0;5.23624;1;0;-1
0;756;45.0845;54.0919;16.5887;10.1386;4365.39;6.09619;0;0;0.1;0.01;0;6.57486;0;0;-1
0;757;46.9782;68.9762;17.7815;8.7934;2848.13;5.28734;0;0;0.1;0.01;0;5.04431;0;0;-1
0;758;45.9396;86.046;19.6723;8.5;2572.44;5.11093;0;0;0.1;0.01;0;1.28336;1;0;-1
0;759;61.2218;-75.4437;17.4884;9.74749;3879.42;5.86102;0;0;0.1;0.01;0;2.82151;0;0;-1
0;760;62.3047;-57.9502;18.1611;8.5;2572.44;5.11093;0;0;0.1;0.01;0;4.94896;1;0;-1
0;761;62.5608;-38.7138;16.6985;10.097;4311.87;6.07118;0;0;0.1;0.01;0;7.49623;0;0;-1
0;762;60.4204;-24.279;16.513;9.90118;4065.83;5.95344;0;0;0.1;0.01;0;7.54608;0;0;-1
0;763;60.378;-7.4031;16.7513;8.93108;2984.01;5.37013;0;0;0.1;0.01;0;4.81075;0;0;-1
0;764;62.4579;10.6048;16.9692;9.45392;3539.36;5.6845;0;0;0.1;0.01;0;5.78027;0;0;-1
0;765;61.6872;28.5339;16.4767;10.2254;4478.47;6.14838;0;0;0.1;0.01;0;7.22295;0;0;-1
0;766;61.8667;45.205;19.0367;8.67367;2733.36;5.21535;0;0;0.1;0.01;0;6.07967;0;0;-1
0;767;62.2916;63.6384;19.0472;10.0225;4217.13;6.02638;0;0;0.1;0.01;0;4.83269;0;0;-1
0;768;75.9028;-50.209;19.5157;8.70096;2759.24;5.23176;0;0;0.1;0.01;0;3.01371;0;0;-1
0;769;76.0461;-33.479;18.3422;10.0886;4301.12;6.06613;0;0;0.1;0.01;0;6.13416;0;0;-1
0;770;77.6208;-16.9541;16.7494;8.5;2572.44;5.11093;0;0;0.1;0.01;0;4.96198;1;0;-1
0;771;74.8824;0.853109;19.4095;8.71841;2775.88;5.24225;0;0;0.1;0.01;0;4.44475;0;0;-1
0;772;76.4907;20.1078;16.1856;9.82373;3971.16;5.90687;0;0;0.1;0.01;0;6.53831;0;0;-1
0;773;74.8196;37.9206;19.0733;10.3722;4674.14;6.23665;0;0;0.1;0.01;0;6.73584;0;0;-1
0;774;76.5205;52.427;18.7598;8.77615;2831.4;5.27697;0;0;0.1;0.01;0;4.58019;0;0;-1
0;775;91.5305;-22.0702;18.6378;9.7875;3927.39;5.88508;0;0;0.1;0.01;0;4.34544;0;0;-1
0;776;92.7485;-7.35972;19.9331;8.5;2572.44;5.11093;0;0;0.1;0.01;0;2.61901;1;0;-1
0;777;91.6976;9.32499;16.2207;9.05672;3111.73;5.44567;0;0;0.1;0.01;0;2.52718;0;0;-1
0;778;89.4639;26.8399;17.3929;9.35384;3428.14;5.62433;0;0;0.1;0.01;0;4.08039;0;0;-1
0;779;-93.5854;2.41152;34.5637;8.55786;2625.33;5.14572;0;0;0.1;0.01;0;2.84391;0;0;-1
0;780;-82.0425;-39.7103;31.6346;9.85962;4014.85;5.92845;0;0;0.1;0.01;0;3.15378;0;0;-1
0;781;-79.6867;-25.0889;32.4555;9.32437;3395.84;5.60661;0;0;0.1;0.01;0;4.25087;0;0;-1
0;782;-79.0006;-6.09201;34.0217;9.22038;3283.49;5.54408;0;0;0.1;0.01;0;5.97745;0;0;-1
0;783;-80.1785;10.046;31.8158;8.73128;2788.19;5.24999;0;0;0.1;0.01;0;4.89482;0;0;-1
0;784;-82.7016;25.8696;30.9228;9.40262;3482.05;5.65366;0;0;0.1;0.01;0;2.74919;0;0;-1
0;785;-79.9023;46.0343;31.3497;8.54151;2610.31;5.13589;0;0;0.1;0.01;0;2.20448;0;0;-1
0;786;-65.956;-66.8888;33.9508;9.46889;3556.2;5.69351;0;0;0.1;0.01;0;3.41996;0;0;-1
0;787;-66.6265;-47.6759;32.2415;9.70994;3834.76;5.83845;0;0;0.1;0.01;0;4.78974;0;0;-1
0;788;-64.3017;-30.7693;34.208;9.95636;4134.19;5.98661;0;0;0.1;0.01;0;6.55641;0;0;-1
0;789;-66.7694;-15.5649;31.0211;8.5;2572.44;5.11093;0;0;0.1;0.01;0;5.95344;1;0;-1
0;790;-65.6097;0.0122708;34.1222;8.9441;2997.08;5.37796;0;0;0.1;0.01;0;5.98615;0;0;-1
0;791;-66.5542;18.1257;33.8946;8.5;2572.44;5.11093;0;0;0.1;0.01;0;4.43059;1;0;-1
0;792;-64.4083;35.1671;31.6645;8.58667;2651.94;5.16304;0;0;0.1;0.01;0;4.16595;0;0;-1
0;793;-66.8402;53.0581;33.2018;9.91933;4088.23;5.96435;0;0;0.1;0.01;0;3.5732;0;0;-1
0;794;-53.188;-73.3246;30.6168;10.1149;4334.84;6.08194;0;0;0.1;0.01;0;4.8523;0;0;-1
0;795;-50.1853;-58.716;30.9861;9.48167;3570.62;5.70119;0;0;0.1;0.01;0;6.02656;0;0;-1
0;796;-49.8365;-38.4035;31.6509;9.72083;3847.68;5.84499;0;0;0.1;0.01;0;6.12769;0;0;-1
0;797;-52.8056;-21.2939;31.1183;8.5;2572.44;5.11093;0;0;0.1;0.01;0;4.91507;1;0;-1
0;798;-52.7053;-7.28752;34.1976;9.66627;3783.25;5.81219;0;0;0.1;0.01;0;4.47801;0;0;-1
0;799;-51.6696;11.8727;31.7826;8.5;2572.44;5.11093;0;0;0.1;0.01;0;4.16092;1;0;-1
0;800;-50.7143;29.4062;32.6084;8.5;2572.44;5.11093;0;0;0.1;0.01;0;5.23921;1;0;-1
0;801;-52.7788;43.3418;33.1294;8.5;2572.44;5.11093;0;0;0.1;0.01;0;5.24138;1;0;-1
0;802;-51.6423;60.0715;33.9741;8.5;2572.44;5.11093;0;0;0.1;0.01;0;4.2375;1;0;-1
0;803;-35.643;-85.3951;34.2807;10.1766;4414.65;6.11904;0;0;0.1;0.01;0;3.63835;0;0;-1
0;804;-38.0022;-66.3777;31.2849;8.5;2572.44;5.11093;0;0;0.1;0.01;0;4.55905;1;0;-1
0;805;-37.9475;-47.2914;33.1287;9.74583;3877.44;5.86003;0;0;0.1;0.01;0;5.9645;0;0;-1
0;806;-34.4751;-33.029;33.0293;10.2533;4515.23;6.16516;0;0;0.1;0.01;0;6.51954;0;0;-1
0;807;-35.1768;-16.2768;32.7194;8.8572;2910.57;5.32571;0;0;0.1;0.01;0;4.12849;0;0;-1
0;808;-35.3388;2.98004;32.2928;8.80953;2863.83;5.29704;0;0;0.1;0.01;0;4.53462;0;0;-1
0;809;-38.3052;17.6741;32.7586;8.96634;3019.49;5.39133;0;0;0.1;0.01;0;4.90126;0;0;-1
0;810;-36.9792;37.9447;31.6622;9.65063;3764.92;5.80278;0;0;0.1;0.01;0;6.08276;0;0;-1
0;811;-36.8465;52.4719;32.4173;8.9865;3039.91;5.40345;0;0;0.1;0.01;0;5.22291;0;0;-1
0;812;-37.9068;69.1966;32.1237;8.5;2572.44;5.11093;0;0;0.1;0.01;0;3.35661;1;0;-1
0;813;-20.9668;-91.0257;34.0225;9.86408;4020.3;5.93113;0;0;0.1;0.01;0;3.76541;0;0;-1
0;814;-22.9275;-74.3001;32.234;8.5;2572.44;5.11093;0;0;0.1;0.01;0;5.11942;1;0;-1
0;815;-22.8311;-57.0521;34.4212;8.61747;2680.57;5.18156;0;0;0.1;0.01;0;4.58626;0;0;-1
0;816;-21.8585;-42.7444;31.8913;8.61331;2676.69;5.17906;0;0;0.1;0.01;0;5.67912;0;0;-1
0;817;-20.4279;-21.6666;31.3809;8.5;2572.44;5.11093;0;0;0.1;0.01;0;3.95921;1;0;-1
0;818;-20.9569;-4.75825;34.0493;9.37895;3455.82;5.63943;0;0;0.1;0.01;0;5.90056;0;0;-1
0;819;-21.7926;11.1925;31.6503;8.93559;2988.53;5.37284;0;0;0.1;0.01;0;5.87657;0;0;-1
0;820;-22.9961;29.365;33.7818;9.49202;3582.32;5.70741;0;0;0.1;0.01;0;5.555;0;0;-1
0;821;-20.7351;44.2979;33.8108;9.19925;3260.96;5.53138;0;0;0.1;0.01;0;6.29465;0;0;-1
0;822;-20.4322;59.7009;30.9804;8.65751;2718.11;5.20564;0;0;0.1;0.01;0;5.12125;0;0;-1
0;823;-21.771;76.715;32.6745;10.0526;4255.24;6.04448;0;0;0.1;0.01;0;4.7386;0;0;-1
0;824;-6.81831;-81.4822;33.0047;10.2345;4490.44;6.15386;0;0;0.1;0.01;0;5.73704;0;0;-1
0;825;-7.57953;-65.8492;32.0396;9.11861;3175.96;5.48289;0;0;0.1;0.01;0;4.85375;0;0;-1
0;826;-8.80774;-46.9408;30.7942;9.1191;3176.47;5.48318;0;0;0.1;0.01;0;5.15165;0;0;-1
0;827;-5.46027;-32.629;31.1676;8.5;2572.44;5.11093;0;0;0.1;0.01;0;4.74364;1;0;-1
0;828;-8.84091;-13.1757;31.587;10.4144;4731.42;6.26203;0;0;0.1;0.01;0;6.5925;0;0;-1
0;829;-7.46575;3.47498;31.9499;9.30981;3379.96;5.59785;0;0;0.1;0.01;0;6.08541;0;0;-1
0;830;-6.85589;21.0002;33.6327;10.0649;4270.88;6.05188;0;0;0.1;0.01;0;5.67519;0;0;-1
0;831;-7.47951;37.7987;34.0828;9.13604;3194.2;5.49337;0;0;0.1;0.01;0;6.14289;0;0;-1
0;832;-5.84995;51.7229;33.6893;8.5;2572.44;5.11093;0;0;0.1;0.01;0;5.49303;1;0;-1
0;833;-7.20141;69.7835;32.3979;8.73803;2794.66;5.25405;0;0;0.1;0.01;0;4.35127;0;0;-1
0;834;-6.78404;88.6489;31.135;8.56897;2635.57;5.1524;0;0;0.1;0.01;0;2.16813;0;0;-1
0;835;8.24915;-89.4395;34.6586;8.757;2812.9;5.26546;0;0;0.1;0.01;0;3.1822;0;0;-1
0;836;7.70487;-74.4734;32.4927;10.4534;4784.77;6.28548;0;0;0.1;0.01;0;7.03365;0;0;-1
0;837;6.34511;-58.9476;31.815;8.79873;2853.31;5.29055;0;0;0.1;0.01;0;5.10463;0;0;-1
0;838;8.48662;-42.9142;33.2008;10.0561;4259.68;6.04659;0;0;0.1;0.01;0;6.75228;0;0;-1
0;839;6.86503;-23.8817;32.7562;8.90408;2957.03;5.35389;0;0;0.1;0.01;0;4.87975;0;0;-1
0;840;7.21127;-6.04585;33.7215;9.87605;4034.95;5.93833;0;0;0.1;0.01;0;6.05164;0;0;-1
0;841;5.64933;8.78997;34.3796;9.10205;3158.68;5.47293;0;0;0.1;0.01;0;4.74209;0;0;-1
0;842;8.33796;27.8155;31.0488;9.25309;3318.55;5.56375;0;0;0.1;0.01;0;5.15875;0;0;-1
0;843;6.79144;42.8927;30.5893;10.1876;4428.99;6.12566;0;0;0.1;0.01;0;6.42009;0;0;-1
0;844;8.63536;61.5744;30.9029;8.68436;2743.48;5.22178;0;0;0.1;0.01;0;4.7558;0;0;-1
0;845;9.11956;78.9376;31.902;9.46328;3549.88;5.69013;0;0;0.1;0.01;0;4.70546;0;0;-1
0;846;23.1419;-82.6648;33.8528;9.93443;4106.93;5.97343;0;0;0.1;0.01;0;4.76666;0;0;-1
0;847;22.6501;-67.9623;33.0086;9.85623;4010.71;5.92641;0;0;0.1;0.01;0;5.40379;0;0;-1
0;848;23.8672;-47.7366;33.3865;8.90151;2954.47;5.35235;0;0;0.1;0.01;0;5.89643;0;0;-1
0;849;21.1359;-32.2904;32.4664;10.1635;4397.63;6.11117;0;0;0.1;0.01;0;7.03962;0;0;-1
0;850;22.1157;-14.0032;32.2175;10.1553;4386.99;6.10623;0;0;0.1;0.01;0;6.79663;0;0;-1
0;851;22.3397;0.480251;30.9389;8.92445;2977.37;5.36614;0;0;0.1;0.01;0;5.12735;0;0;-1
0;852;23.0055;19.3383;30.4882;9.06881;3124.2;5.45294;0;0;0.1;0.01;0;4.82382;0;0;-1
0;853;22.1094;37.5604;33.986;9.3486;3422.38;5.62118;0;0;0.1;0.01;0;5.73784;0;0;-1
0;854;23.7955;51.389;32.5682;9.90615;4071.96;5.95642;0;0;0.1;0.01;0;6.8141;0;0;-1
0;855;22.3245;68.7563;30.9998;8.75237;2808.44;5.26267;0;0;0.1;0.01;0;5.90359;0;0;-1
0;856;20.8573;89.3904;34.226;9.34689;3420.5;5.62015;0;0;0.1;0.01;0;1.60319;0;0;-1
0;857;35.7829;-74.7231;32.7955;8.5;2572.44;5.11093;0;0;0.1;0.01;0;3.42782;1;0;-1
0;858;37.1867;-55.087;32.84;9.55435;3653.36;5.74489;0;0;0.1;0.01;0;5.76314;0;0;-1
0;859;35.57;-38.417;30.8916;8.5;2572.44;5.11093;0;0;0.1;0.01;0;5.30894;1;0;-1
0;860;37.4978;-21.9789;32.1837;8.5;2572.44;5.11093;0;0;0.1;0.01;0;4.75458;1;0;-1
0;861;35.9003;-4.81643;33.2088;9.17157;3231.62;5.51473;0;0;0.1;0.01;0;5.72647;0;0;-1
0;862;38.7413;9.35491;32.4836;8.59517;2659.82;5.16815;0;0;0.1;0.01;0;4.91386;0;0;-1
0;863;38.1024;25.562;33.0021;9.81869;3965.06;5.90384;0;0;0.1;0.01;0;5.59397;0;0;-1
0;864;38.351;43.1645;33.0911;9.76301;3897.98;5.87036;0;0;0.1;0.01;0;6.02014;0;0;-1
0;865;35.3782;61.8637;33.7059;9.76121;3895.83;5.86927;0;0;0.1;0.01;0;6.62636;0;0;-1
0;866;36.8552;77.2507;32.1613;10.0224;4217;6.02632;0;0;0.1;0.01;0;5.23707;0;0;-1
0;867;52.8281;-64.6694;31.9355;9.06145;3116.6;5.44852;0;0;0.1;0.01;0;3.97327;0;0;-1
0;868;53.1643;-49.3399;32.1232;9.43641;3519.73;5.67398;0;0;0.1;0.01;0;5.65539;0;0;-1
0;869;52.0712;-33.3877;32.399;9.52844;3623.71;5.72931;0;0;0.1;0.01;0;6.14012;0;0;-1
0;870;51.5448;-17.32;31.6004;9.93219;4104.15;5.97208;0;0;0.1;0.01;0;6.32098;0;0;-1
0;871;53.2115;0.914423;33.873;10.0205;4214.6;6.02518;0;0;0.1;0.01;0;6.86699;0;0;-1
0;872;52.4654;17.8223;33.3837;8.9672;3020.36;5.39185;0;0;0.1;0.01;0;6.01655;0;0;-1
0;873;53.4753;38.1475;32.2393;8.9671;3020.26;5.39179;0;0;0.1;0.01;0;6.03718;0;0;-1
0;874;53.2661;53.1786;33.3231;9.60563;3712.5;5.77573;0;0;0.1;0.01;0;6.96946;0;0;-1
0;875;51.4266;68.332;32.419;9.14929;3208.12;5.50134;0;0;0.1;0.01;0;4.86824;0;0;-1
0;876;67.2619;-58.0722;32.4256;8.83388;2887.64;5.31168;0;0;0.1;0.01;0;3.29167;0;0;-1
0;877;67.6941;-38.6032;31.5569;9.31078;3381.01;5.59844;0;0;0.1;0.01;0;5.34501;0;0;-1
0;878;66.3894;-21.8157;31.9651;9.12977;3187.63;5.4896;0;0;0.1;0.01;0;5.27228;0;0;-1
0;879;66.9412;-4.77001;32.626;9.85842;4013.38;5.92772;0;0;0.1;0.01;0;5.72449;0;0;-1
0;880;67.2104;10.3572;32.9739;8.94914;3002.15;5.38099;0;0;0.1;0.01;0;6.55088;0;0;-1
0;881;66.2125;28.0131;33.7804;8.61621;2679.4;5.1808;0;0;0.1;0.01;0;5.82112;0;0;-1
0;882;67.3143;45.6455;31.0862;9.11558;3172.79;5.48107;0;0;0.1;0.01;0;6.46709;0;0;-1
0;883;67.0135;59.5015;32.0784;9.87652;4035.53;5.93861;0;0;0.1;0.01;0;4.75526;0;0;-1
0;884;79.9437;-30.2593;33.8264;9.91075;4077.63;5.95919;0;0;0.1;0.01;0;4.39849;0;0;-1
0;885;80.1753;-15.9684;30.7266;8.8039;2858.34;5.29366;0;0;0.1;0.01;0;4.50502;0;0;-1
0;886;79.6573;3.68741;33.5508;10.0827;4293.58;6.06258;0;0;0.1;0.01;0;4.94809;0;0;-1
0;887;80.7164;19.698;34.1948;8.73611;2792.82;5.2529;0;0;0.1;0.01;0;3.84879;0;0;-1
0;888;80.547;33.6363;31.9191;8.98096;3034.29;5.40012;0;0;0.1;0.01;0;4.25655;0;0;-1
0;889;-86.353;-6.44598;47.2361;9.7781;3916.08;5.87943;0;0;0.1;0.01;0;3.24428;0;0;-1
0;890;-85.6606;9.85749;47.7985;10.4049;4718.48;6.25632;0;0;0.1;0.01;0;3.02217;0;0;-1
0;891;-69.0205;-49.983;48.7964;10.4318;4755.17;6.27249;0;0;0.1;0.01;0;2.88031;0;0;-1
0;892;-69.389;-33.7448;47.9884;8.5;2572.44;5.11093;0;0;0.1;0.01;0;4.09406;1;0;-1
0;893;-69.3631;-13.3639;47.6976;9.91875;4087.52;5.964;0;0;0.1;0.01;0;5.72596;0;0;-1
0;894;-71.519;0.840835;46.7776;8.91111;2964.04;5.35812;0;0;0.1;0.01;0;5.62249;0;0;-1
0;895;-68.5666;18.0377;47.0501;8.75571;2811.66;5.26468;0;0;0.1;0.01;0;3.93511;0;0;-1
0;896;-70.5792;36.4579;49.3643;9.25688;3322.63;5.56603;0;0;0.1;0.01;0;1.7248;0;0;-1
0;897;-56.6369;-59.6076;46.1474;8.92538;2978.3;5.3667;0;0;0.1;0.01;0;4.10207;0;0;-1
0;898;-57.059;-39.1343;47.6071;9.30218;3371.65;5.59327;0;0;0.1;0.01;0;5.77764;0;0;-1
0;899;-57.0499;-23.2677;47.2589;8.5;2572.44;5.11093;0;0;0.1;0.01;0;5.45208;1;0;-1
0;900;-56.8245;-6.91109;48.8108;9.56046;3660.37;5.74857;0;0;0.1;0.01;0;5.90483;0;0;-1
0;901;-54.5967;12.7562;45.9886;8.6949;2753.48;5.22812;0;0;0.1;0.01;0;4.41974;0;0;-1
0;902;-57.7032;29.7437;45.982;8.5;2572.44;5.11093;0;0;0.1;0.01;0;4.6599;1;0;-1
0;903;-56.3016;45.9446;47.0295;8.5;2572.44;5.11093;0;0;0.1;0.01;0;4.45928;1;0;-1
0;904;-54.4384;61.3002;46.4159;8.73256;2789.42;5.25076;0;0;0.1;0.01;0;3.49993;0;0;-1
0;905;-40.6527;-64.3889;45.882;8.77308;2828.43;5.27513;0;0;0.1;0.01;0;3.66385;0;0;-1
0;906;-40.4047;-50.5797;48.206;9.14813;3206.9;5.50064;0;0;0.1;0.01;0;5.15913;0;0;-1
0;907;-43.1997;-30.0734;46.0976;10.1709;4407.24;6.11561;0;0;0.1;0.01;0;6.05211;0;0;-1
0;908;-41.5099;-14.2947;49.0817;8.5;2572.44;5.11093;0;0;0.1;0.01;0;4.98833;1;0;-1
0;909;-41.6402;0.77244;49.2655;8.65928;2719.78;5.2067;0;0;0.1;0.01;0;4.60038;0;0;-1
0;910;-42.0958;16.7765;48.2711;10.2808;4551.66;6.1817;0;0;0.1;0.01;0;5.92309;0;0;-1
0;911;-42.3283;35.875;45.2268;8.59133;2656.26;5.16584;0;0;0.1;0.01;0;4.94915;0;0;-1
0;912;-41.2199;53.2406;48.906;10.1348;4360.48;6.09391;0;0;0.1;0.01;0;6.53584;0;0;-1
0;913;-42.4853;69.7227;48.0959;9.85071;4003.97;5.92309;0;0;0.1;0.01;0;4.23874;0;0;-1
0;914;-27.8315;-76.7423;46.7374;9.0812;3137.03;5.46039;0;0;0.1;0.01;0;2.96206;0;0;-1
0;915;-26.1688;-55.506;48.3168;8.59395;2658.69;5.16742;0;0;0.1;0.01;0;5.99551;0;0;-1
0;916;-27.6862;-41.4894;46.528;9.63897;3751.29;5.79577;0;0;0.1;0.01;0;7.57615;0;0;-1
0;917;-28.027;-24.2548;49.4381;8.5;2572.44;5.11093;0;0;0.1;0.01;0;4.80399;1;0;-1
0;918;-25.7028;-8.7968;47.3273;8.5;2572.44;5.11093;0;0;0.1;0.01;0;4.63889;1;0;-1
0;919;-26.6738;12.0271;46.538;9.92574;4096.16;5.9682;0;0;0.1;0.01;0;5.77864;0;0;-1
0;920;-26.9568;29.5841;48.5569;10.2075;4454.99;6.13762;0;0;0.1;0.01;0;7.06284;0;0;-1
0;921;-26.3501;45.1532;48.8379;9.22863;3292.31;5.54904;0;0;0.1;0.01;0;6.1163;0;0;-1
0;922;-25.8934;60.8798;46.5199;10.3198;4603.65;6.20515;0;0;0.1;0.01;0;6.87271;0;0;-1
0;923;-25.5717;79.3382;48.4984;9.1597;3219.08;5.50759;0;0;0.1;0.01;0;3.17611;0;0;-1
0;924;-12.3624;-80.7891;46.0136;8.874;2927.16;5.33581;0;0;0.1;0.01;0;3.07064;0;0;-1
0;925;-11.8887;-64.6875;47.9616;8.62741;2689.86;5.18754;0;0;0.1;0.01;0;4.45634;0;0;-1
0;926;-13.4949;-47.975;46.5692;10.3686;4669.27;6.23449;0;0;0.1;0.01;0;7.52027;0;0;-1
0;927;-12.6935;-33.5682;49.1073;10.005;4195.08;6.01586;0;0;0.1;0.01;0;5.88121;0;0;-1
0;928;-11.4176;-13.8834;48.6907;9.93402;4106.42;5.97318;0;0;0.1;0.01;0;6.77329;0;0;-1
0;929;-11.0343;0.268279;46.1059;9.49154;3581.78;5.70713;0;0;0.1;0.01;0;6.65029;0;0;-1
0;930;-13.1766;19.5138;47.8614;10.0132;4205.4;6.02079;0;0;0.1;0.01;0;6.25809;0;0;-1
0;931;-11.2546;37.0926;49.0524;8.84922;2902.71;5.32091;0;0;0.1;0.01;0;6.45035;0;0;-1
0;932;-12.1988;52.5441;48.7831;9.02879;3083.03;5.42888;0;0;0.1;0.01;0;7.20832;0;0;-1
0;933;-11.7491;69.7932;48.0783;10.1432;4371.33;6.09896;0;0;0.1;0.01;0;5.86747;0;0;-1
0;934;-12.8169;86.6161;47.9912;8.5;2572.44;5.11093;0;0;0.1;0.01;0;1.66661;1;0;-1
0;935;2.06136;-73.1384;45.8776;8.5;2572.44;5.11093;0;0;0.1;0.01;0;4.91133;1;0;-1
0;936;1.61219;-59.4374;46.6207;8.99434;3047.87;5.40817;0;0;0.1;0.01;0;5.6072;0;0;-1
0;937;2.35471;-42.2809;46.9561;9.40872;3488.83;5.65733;0;0;0.1;0.01;0;5.65105;0;0;-1
0;938;1.44539;-22.4109;48.5086;9.3869;3464.62;5.64421;0;0;0.1;0.01;0;5.81992;0;0;-1
0;939;4.30676;-5.38748;49.0464;9.50215;3593.8;5.7135;0;0;0.1;0.01;0;6.81265;0;0;-1
0;940;3.22506;8.86478;49.2351;9.40384;3483.41;5.65439;0;0;0.1;0.01;0;5.80818;0;0;-1
0;941;1.82537;29.6358;47.329;8.5;2572.44;5.11093;0;0;0.1;0.01;0;5.04872;1;0;-1
0;942;1.08694;45.5449;47.6014;8.53776;2606.88;5.13363;0;0;0.1;0.01;0;6.17155;0;0;-1
0;943;1.48608;60.6203;45.6673;9.03964;3094.15;5.4354;0;0;0.1;0.01;0;5.43623;0;0;-1
0;944;4.93143;79.728;48.6606;10.1102;4328.8;6.07912;0;0;0.1;0.01;0;3.00533;0;0;-1
0;945;18.928;-84.4705;48.8943;8.82496;2878.9;5.30632;0;0;0.1;0.01;0;1.95388;0;0;-1
0;946;18.281;-65.9309;46.7112;9.13393;3191.99;5.4921;0;0;0.1;0.01;0;4.69357;0;0;-1
0;947;16.9273;-49.4153;46.2828;8.5;2572.44;5.11093;0;0;0.1;0.01;0;4.61393;1;0;-1
0;948;19.3951;-34.3983;45.9299;10.2763;4545.68;6.17899;0;0;0.1;0.01;0;6.56827;0;0;-1
0;949;16.1481;-14.8644;48.4586;9.22523;3288.67;5.547;0;0;0.1;0.01;0;6.34152;0;0;-1
0;950;18.7793;1.8074;48.5174;8.50641;2578.26;5.11478;0;0;0.1;0.01;0;5.65681;0;0;-1
0;951;17.3914;17.4858;46.7722;9.55479;3653.86;5.74516;0;0;0.1;0.01;0;5.23454;0;0;-1
0;952;16.0203;36.3981;49.0165;8.5;2572.44;5.11093;0;0;0.1;0.01;0;4.95195;1;0;-1
0;953;19.2418;50.8471;45.5663;9.03341;3087.76;5.43166;0;0;0.1;0.01;0;5.11135;0;0;-1
0;954;17.4144;71.0986;46.795;9.52319;3617.73;5.72616;0;0;0.1;0.01;0;4.54221;0;0;-1
0;955;33.2083;-74.2768;48.7902;8.9766;3029.87;5.3975;0;0;0.1;0.01;0;3.24477;0;0;-1
0;956;33.11;-57.1356;47.8285;9.60965;3717.16;5.77814;0;0;0.1;0.01;0;6.04757;0;0;-1
0;957;33.4738;-39.2132;45.8188;9.85133;4004.73;5.92346;0;0;0.1;0.01;0;6.54222;0;0;-1
0;958;30.7982;-22.5163;46.1752;9.98303;4167.5;6.00265;0;0;0.1;0.01;0;6.38917;0;0;-1
0;959;31.9817;-5.04554;47.7704;9.48791;3577.67;5.70494;0;0;0.1;0.01;0;5.83502;0;0;-1
0;960;33.2572;12.0685;47.644;9.44032;3524.1;5.67633;0;0;0.1;0.01;0;5.48176;0;0;-1
0;961;30.6834;25.7863;46.979;9.75134;3884.02;5.86334;0;0;0.1;0.01;0;6.53;0;0;-1
0;962;32.7092;43.2052;48.5141;8.95476;3007.81;5.38437;0;0;0.1;0.01;0;6.11545;0;0;-1
0;963;31.8848;59.3293;48.6114;9.99243;4179.28;6.0083;0;0;0.1;0.01;0;6.931;0;0;-1
0;964;30.9345;76.2526;47.7005;9.44588;3530.33;5.67967;0;0;0.1;0.01;0;4.12589;0;0;-1
0;965;45.9655;-63.7039;46.568;8.50235;2574.57;5.11234;0;0;0.1;0.01;0;3.30928;0;0;-1
0;966;46.1762;-47.4737;47.5681;10.2055;4452.37;6.13642;0;0;0.1;0.01;0;6.42878;0;0;-1
0;967;47.6517;-31.4584;46.2918;8.5;2572.44;5.11093;0;0;0.1;0.01;0;5.04259;1;0;-1
0;968;45.2322;-13.941;49.0331;9.26855;3335.22;5.57304;0;0;0.1;0.01;0;5.88898;0;0;-1
0;969;45.8968;-0.221341;45.374;8.5;2572.44;5.11093;0;0;0.1;0.01;0;5.34621;1;0;-1
0;970;47.7161;20.7842;46.8774;10.0206;4214.73;6.02524;0;0;0.1;0.01;0;7.16586;0;0;-1
0;971;45.3014;36.6191;48.5885;9.44979;3534.72;5.68202;0;0;0.1;0.01;0;6.80003;0;0;-1
0;972;46.4707;54.7719;49.1013;9.69619;3818.49;5.83018;0;0;0.1;0.01;0;5.87994;0;0;-1
0;973;45.6611;72.0048;48.4238;9.86394;4020.13;5.93104;0;0;0.1;0.01;0;3.34221;0;0;-1
0;974;63.7015;-58.7698;46.4766;8.74716;2803.43;5.25954;0;0;0.1;0.01;0;2.38251;0;0;-1
0;975;62.0125;-42.3762;47.6492;9.36522;3440.67;5.63117;0;0;0.1;0.01;0;5.04793;0;0;-1
0;976;59.8945;-24.0718;48.5213;8.5;2572.44;5.11093;0;0;0.1;0.01;0;4.85966;1;0;-1
0;977;63.6084;-8.69989;46.8132;10.1425;4370.42;6.09854;0;0;0.1;0.01;0;6.67294;0;0;-1
0;978;60.6645;8.12942;47.1498;9.86993;4027.46;5.93465;0;0;0.1;0.01;0;6.38271;0;0;-1
0;979;61.5246;26.8107;46.1109;9.90075;4065.3;5.95318;0;0;0.1;0.01;0;6.4249;0;0;-1
0;980;60.1721;43.6485;46.0417;10.1384;4365.13;6.09607;0;0;0.1;0.01;0;6.24368;0;0;-1
0;981;61.1687;61.0043;46.9967;9.12844;3186.24;5.4888;0;0;0.1;0.01;0;3.75911;0;0;-1
0;982;77.2972;-30.3722;48.6478;8.61289;2676.3;5.17881;0;0;0.1;0.01;0;2.62251;0;0;-1
0;983;77.1311;-17.1035;47.7331;8.5;2572.44;5.11093;0;0;0.1;0.01;0;3.1613;1;0;-1
0;984;75.5664;1.83133;46.5511;9.84126;3992.46;5.91741;0;0;0.1;0.01;0;5.04722;0;0;-1
0;985;78.6894;17.3386;48.7997;10.0526;4255.24;6.04448;0;0;0.1;0.01;0;4.18574;0;0;-1
0;986;75.2849;34.693;45.9234;10.2898;4563.62;6.18711;0;0;0.1;0.01;0;4.40588;0;0;-1
0;987;-65.6147;-30.2903;62.2642;8.57744;2643.39;5.15749;0;0;0.1;0.01;0;3.43813;0;0;-1
0;988;-66.5737;-15.4233;63.5524;8.87947;2932.58;5.3391;0;0;0.1;0.01;0;3.54204;0;0;-1
0;989;-66.691;0.5487;61.3345;8.52153;2592.04;5.12387;0;0;0.1;0.01;0;3.47945;0;0;-1
0;990;-66.1529;19.5144;63.9356;9.60852;3715.85;5.77746;0;0;0.1;0.01;0;3.35394;0;0;-1
0;991;-51.8181;-58.48;60.4492;9.06277;3117.97;5.44931;0;0;0.1;0.01;0;2.13794;0;0;-1
0;992;-51.4189;-38.7561;63.6284;10.4312;4754.35;6.27213;0;0;0.1;0.01;0;5.19794;0;0;-1
0;993;-50.7487;-24.4988;63.2984;8.99047;3043.94;5.40584;0;0;0.1;0.01;0;6.41358;0;0;-1
0;994;-52.7063;-8.79459;61.3397;8.75928;2815.1;5.26683;0;0;0.1;0.01;0;4.57566;0;0;-1
0;995;-53.4874;10.3258;61.6441;10.3467;4639.75;6.22132;0;0;0.1;0.01;0;5.60282;0;0;-1
0;996;-53.0225;27.1246;62.1049;8.5119;2583.26;5.11808;0;0;0.1;0.01;0;4.04107;0;0;-1
0;997;-51.7513;46.5245;61.8019;9.49673;3587.66;5.71025;0;0;0.1;0.01;0;3.02871;0;0;-1
0;998;-36.3711;-47.5564;60.5155;9.31429;3384.84;5.60055;0;0;0.1;0.01;0;6.18523;0;0;-1
0;999;-36.9161;-33.1674;64.1693;8.56914;2635.73;5.1525;0;0;0.1;0.01;0;5.89105;0;0;-1
0;1000;-35.4718;-15.6522;62.6731;9.77893;3917.08;5.87993;0;0;0.1;0.01;0;6.62037;0;0;-1
0;1001;-36.1652;1.45714;63.9635;8.73934;2795.92;5.25484;0;0;0.1;0.01;0;4.87578;0;0;-1
0;1002;-35.0684;19.5894;62.223;8.80965;2863.94;5.29711;0;0;0.1;0.01;0;5.88753;0;0;-1
0;1003;-35.227;37.0905;60.6615;9.96828;4149.06;5.99378;0;0;0.1;0.01;0;6.29316;0;0;-1
0;1004;-38.3053;52.2606;63.8431;9.47991;3568.63;5.70013;0;0;0.1;0.01;0;3.94527;0;0;-1
0;1005;-38.3133;67.9558;60.6956;9.61487;3723.22;5.78128;0;0;0.1;0.01;0;3.1851;0;0;-1
0;1006;-21.3184;-73.2331;63.7668;8.5;2572.44;5.11093;0;0;0.1;0.01;0;1.71338;1;0;-1
0;1007;-23.2927;-57.0272;62.2485;10.4;4711.82;6.25337;0;0;0.1;0.01;0;6.18655;0;0;-1
0;1008;-22.2392;-40.8629;61.3941;10.2717;4539.58;6.17622;0;0;0.1;0.01;0;8.0297;0;0;-1
0;1009;-21.3051;-22.7382;63.661;8.53442;2603.82;5.13162;0;0;0.1;0.01;0;6.24237;0;0;-1
0;1010;-21.9759;-5.56828;62.1249;10.3597;4657.26;6.22914;0;0;0.1;0.01;0;6.43697;0;0;-1
0;1011;-22.1194;10.5219;60.8553;8.5;2572.44;5.11093;0;0;0.1;0.01;0;3.6319;1;0;-1
0;1012;-23.7876;26.8087;63.5243;9.01866;3072.66;5.42279;0;0;0.1;0.01;0;4.69342;0;0;-1
0;1013;-22.4075;44.4774;62.8108;9.87176;4029.7;5.93575;0;0;0.1;0.01;0;6.77109;0;0;-1
0;1014;-21.8308;59.7053;60.1755;8.81698;2871.1;5.30152;0;0;0.1;0.01;0;5.43695;0;0;-1
0;1015;-7.87632;-67.6955;60.345;8.52518;2595.37;5.12607;0;0;0.1;0.01;0;3.88887;0;0;-1
0;1016;-7.87043;-47.7028;63.1334;10.2311;4485.96;6.15181;0;0;0.1;0.01;0;6.71406;0;0;-1
0;1017;-5.56086;-29.8884;63.3945;9.05885;3113.92;5.44696;0;0;0.1;0.01;0;6.5748;0;0;-1
0;1018;-6.85063;-15.3313;60.9665;8.54701;2615.36;5.13919;0;0;0.1;0.01;0;6.62492;0;0;-1
0;1019;-8.78227;0.622967;60.7682;8.5;2572.44;5.11093;0;0;0.1;0.01;0;4.71409;1;0;-1
0;1020;-6.95511;20.8326;60.3919;8.92528;2978.2;5.36664;0;0;0.1;0.01;0;4.61573;0;0;-1
0;1021;-8.83158;36.0087;63.5775;9.68264;3802.51;5.82203;0;0;0.1;0.01;0;7.04827;0;0;-1
0;1022;-6.47515;52.1419;61.0314;9.64341;3756.48;5.79844;0;0;0.1;0.01;0;7.58079;0;0;-1
0;1023;-7.43464;67.6691;60.8767;10.3052;4584.14;6.19637;0;0;0.1;0.01;0;4.93587;0;0;-1
0;1024;5.31432;-73.7745;61.9503;8.5;2572.44;5.11093;0;0;0.1;0.01;0;2.23613;1;0;-1
0;1025;6.87372;-57.4078;62.3056;10.176;4413.87;6.11868;0;0;0.1;0.01;0;5.81597;0;0;-1
0;1026;7.74285;-39.3544;61.0337;8.5;2572.44;5.11093;0;0;0.1;0.01;0;4.55346;1;0;-1
0;1027;6.38375;-22.6918;62.3451;9.92312;4092.92;5.96663;0;0;0.1;0.01;0;6.71186;0;0;-1
0;1028;9.17383;-6.37441;62.4724;10.2402;4497.94;6.15728;0;0;0.1;0.01;0;6.85767;0;0;-1
0;1029;8.78262;12.1958;62.2459;8.66534;2725.5;5.21034;0;0;0.1;0.01;0;4.78839;0;0;-1
0;1030;7.91771;26.324;63.4168;8.5;2572.44;5.11093;0;0;0.1;0.01;0;5.49514;1;0;-1
0;1031;7.4224;42.0747;60.0836;10.2988;4575.6;6.19252;0;0;0.1;0.01;0;6.63429;0;0;-1
0;1032;6.63896;63.0853;63.2927;9.3194;3390.41;5.60362;0;0;0.1;0.01;0;4.62234;0;0;-1
0;1033;21.3031;-63.8638;60.9597;8.5;2572.44;5.11093;0;0;0.1;0.01;0;3.70162;1;0;-1
0;1034;23.253;-50.3015;61.9528;8.5;2572.44;5.11093;0;0;0.1;0.01;0;4.43482;1;0;-1
0;1035;20.9378;-32.3623;61.0299;8.5;2572.44;5.11093;0;0;0.1;0.01;0;3.83259;1;0;-1
0;1036;24.213;-12.6685;60.3593;8.5;2572.44;5.11093;0;0;0.1;0.01;0;5.40559;1;0;-1
0;1037;20.6152;2.953;61.7828;8.5;2572.44;5.11093;0;0;0.1;0.01;0;5.06571;1;0;-1
0;1038;23.08;19.7971;63.7334;10.3275;4613.96;6.20978;0;0;0.1;0.01;0;7.34318;0;0;-1
0;1039;21.9279;37.8437;63.1508;8.70203;2760.26;5.2324;0;0;0.1;0.01;0;5.68881;0;0;-1
0;1040;21.5786;53.1575;60.4254;8.5;2572.44;5.11093;0;0;0.1;0.01;0;5.29673;1;0;-1
0;1041;22.1336;69.1071;61.3902;9.0674;3122.75;5.4521;0;0;0.1;0.01;0;3.39259;0;0;-1
0;1042;34.6679;-59.731;63.5361;8.5;2572.44;5.11093;0;0;0.1;0.01;0;2.17452;1;0;-1
0;1043;36.1558;-39.3421;62.5723;9.23923;3303.66;5.55541;0;0;0.1;0.01;0;4.51171;0;0;-1
0;1044;38.1841;-22.8153;61.8951;8.81792;2872.02;5.30209;0;0;0.1;0.01;0;4.89299;0;0;-1
0;1045;35.7935;-5.05989;62.6097;8.95321;3006.25;5.38344;0;0;0.1;0.01;0;4.80199;0;0;-1
0;1046;38.2692;12.287;61.3773;9.45337;3538.74;5.68417;0;0;0.1;0.01;0;5.64763;0;0;-1
0;1047;37.953;26.2068;60.2512;8.5;2572.44;5.11093;0;0;0.1;0.01;0;6.7332;1;0;-1
0;1048;35.5213;43.3602;63.524;9.23679;3301.05;5.55395;0;0;0.1;0.01;0;5.62859;0;0;-1
0;1049;38.6601;60.4732;63.3831;9.72555;3853.28;5.84783;0;0;0.1;0.01;0;3.94751;0;0;-1
0;1050;53.4561;-48.7334;61.7421;9.52246;3616.9;5.72572;0;0;0.1;0.01;0;3.22417;0;0;-1
0;1051;50.3668;-33.3913;60.8877;8.5;2572.44;5.11093;0;0;0.1;0.01;0;4.8747;1;0;-1
0;1052;51.0252;-15.2807;62.1384;9.58171;3684.83;5.76134;0;0;0.1;0.01;0;5.69701;0;0;-1
0;1053;50.0369;0.794654;62.6988;8.5;2572.44;5.11093;0;0;0.1;0.01;0;4.12919;1;0;-1
0;1054;50.5523;20.6975;60.9295;8.5;2572.44;5.11093;0;0;0.1;0.01;0;5.72175;1;0;-1
0;1055;50.874;34.8048;61.8194;9.8158;3961.56;5.9021;0;0;0.1;0.01;0;6.0165;0;0;-1
0;1056;53.6961;53.0081;62.739;10.1404;4367.71;6.09728;0;0;0.1;0.01;0;3.14137;0;0;-1
0;1057;67.0759;-40.8586;60.8958;10.4293;4751.76;6.27099;0;0;0.1;0.01;0;2.85277;0;0;-1
0;1058;64.4573;-21.5179;62.144;8.5;2572.44;5.11093;0;0;0.1;0.01;0;2.95798;1;0;-1
0;1059;64.4419;-5.43963;61.8692;8.5;2572.44;5.11093;0;0;0.1;0.01;0;4.08054;1;0;-1
0;1060;66.7717;9.19823;60.6573;9.7064;3830.57;5.83632;0;0;0.1;0.01;0;3.2873;0;0;-1
0;1061;65.1738;25.0302;60.1671;8.80062;2855.15;5.29169;0;0;0.1;0.01;0;2.81823;0;0;-1
0;1062;-54.4227;-23.7658;75.9832;9.34551;3418.99;5.61932;0;0;0.1;0.01;0;3.60467;0;0;-1
0;1063;-56.5038;-4.70137;78.7085;8.5;2572.44;5.11093;0;0;0.1;0.01;0;1.66355;1;0;-1
0;1064;-54.9443;10.6821;76.2493;9.32397;3395.4;5.60637;0;0;0.1;0.01;0;3.90465;0;0;-1
0;1065;-56.4414;29.7245;75.0162;10.447;4775.99;6.28163;0;0;0.1;0.01;0;3.23491;0;0;-1
0;1066;-40.0305;-48.9674;77.0259;8.5;2572.44;5.11093;0;0;0.1;0.01;0;2.24568;1;0;-1
0;1067;-42.2527;-30.7991;77.7884;8.79456;2849.25;5.28804;0;0;0.1;0.01;0;4.74948;0;0;-1
0;1068;-40.399;-15.9262;75.0938;9.98709;4172.59;6.00509;0;0;0.1;0.01;0;6.54708;0;0;-1
0;1069;-40.4547;2.87048;77.9497;9.51488;3608.27;5.72116;0;0;0.1;0.01;0;5.73127;0;0;-1
0;1070;-41.6331;17.7827;74.65;8.54694;2615.29;5.13915;0;0;0.1;0.01;0;5.54935;0;0;-1
0;1071;-39.3222;33.6806;76.4774;9.87209;4030.1;5.93594;0;0;0.1;0.01;0;4.14344;0;0;-1
0;1072;-24.3942;-55.1609;76.9415;9.73996;3870.44;5.8565;0;0;0.1;0.01;0;3.46878;0;0;-1
0;1073;-26.2729;-40.8486;74.9513;9.02504;3079.19;5.42663;0;0;0.1;0.01;0;5.50552;0;0;-1
0;1074;-27.4682;-23.1568;76.5365;10.0637;4269.35;6.05116;0;0;0.1;0.01;0;7.0133;0;0;-1
0;1075;-27.2509;-4.51852;77.9028;9.34698;3420.6;5.6202;0;0;0.1;0.01;0;6.55017;0;0;-1
0;1076;-24.9819;12.29;77.0406;9.04555;3100.23;5.43896;0;0;0.1;0.01;0;5.77487;0;0;-1
0;1077;-25.7856;26.5324;77.2995;9.31413;3384.66;5.60045;0;0;0.1;0.01;0;5.89685;0;0;-1
0;1078;-25.3407;43.7262;77.7637;9.28589;3353.97;5.58347;0;0;0.1;0.01;0;3.8077;0;0;-1
0;1079;-10.0662;-47.8154;76.4042;8.80812;2862.45;5.29619;0;0;0.1;0.01;0;4.92348;0;0;-1
0;1080;-12.4518;-31.1453;76.4143;10.2266;4480.05;6.14911;0;0;0.1;0.01;0;7.47883;0;0;-1
0;1081;-12.8047;-16.1718;74.6144;9.40462;3484.27;5.65486;0;0;0.1;0.01;0;7.34932;0;0;-1
0;1082;-13.5667;0.329634;78.4996;10.2202;4471.64;6.14526;0;0;0.1;0.01;0;6.59532;0;0;-1
0;1083;-11.4829;20.577;78.3223;8.95194;3004.97;5.38267;0;0;0.1;0.01;0;5.81103;0;0;-1
0;1084;-10.8875;36.5083;76.7761;10.0821;4292.81;6.06222;0;0;0.1;0.01;0;7.2764;0;0;-1
0;1085;-11.9871;51.5984;76.3131;9.93362;4105.93;5.97294;0;0;0.1;0.01;0;4.78295;0;0;-1
0;1086;3.54444;-58.8456;76.6062;10.3992;4710.73;6.25289;0;0;0.1;0.01;0;3.37077;0;0;-1
0;1087;1.38043;-42.2297;78.4778;8.5;2572.44;5.11093;0;0;0.1;0.01;0;4.97721;1;0;-1
0;1088;4.76706;-23.2458;76.3332;10.0445;4244.96;6.03961;0;0;0.1;0.01;0;6.80757;0;0;-1
0;1089;1.30111;-7.59383;78.2452;9.92445;4094.57;5.96743;0;0;0.1;0.01;0;6.26894;0;0;-1
0;1090;3.27071;11.4167;77.6392;8.90179;2954.75;5.35252;0;0;0.1;0.01;0;4.54193;0;0;-1
0;1091;1.50585;27.3588;77.778;9.65841;3774.03;5.80746;0;0;0.1;0.01;0;7.2395;0;0;-1
0;1092;2.53905;42.4935;76.4681;10.3015;4579.2;6.19414;0;0;0.1;0.01;0;6.33674;0;0;-1
0;1093;4.04453;61.3729;76.5707;9.70352;3827.16;5.83459;0;0;0.1;0.01;0;3.29136;0;0;-1
0;1094;16.4739;-49.5996;74.9912;8.82222;2876.22;5.30467;0;0;0.1;0.01;0;3.51618;0;0;-1
0;1095;17.4661;-30.7392;77.8438;9.94785;4123.6;5.9815;0;0;0.1;0.01;0;6.0446;0;0;-1
0;1096;18.4964;-13.1204;74.6081;9.11763;3174.93;5.4823;0;0;0.1;0.01;0;6.1413;0;0;-1
0;1097;16.7232;3.34329;76.2975;8.78297;2838;5.28107;0;0;0.1;0.01;0;5.25397;0;0;-1
0;1098;18.4084;20.1257;76.7529;8.5;2572.44;5.11093;0;0;0.1;0.01;0;5.81251;1;0;-1
0;1099;18.6019;33.9773;76.0099;10.0972;4312.13;6.0713;0;0;0.1;0.01;0;7.3085;0;0;-1
0;1100;18.5672;54.4281;76.1397;9.59276;3697.6;5.76799;0;0;0.1;0.01;0;3.60327;0;0;-1
0;1101;32.5515;-40.1983;76.4277;10.1849;4425.47;6.12403;0;0;0.1;0.01;0;3.81257;0;0;-1
0;1102;31.2468;-22.9458;78.552;10.1291;4353.13;6.09048;0;0;0.1;0.01;0;5.58308;0;0;-1
0;1103;31.1804;-5.98743;77.3433;8.5572;2624.72;5.14532;0;0;0.1;0.01;0;5.20017;0;0;-1
0;1104;32.3761;11.7454;76.1714;9.07028;3125.72;5.45383;0;0;0.1;0.01;0;4.46347;0;0;-1
0;1105;34.5155;28.4113;76.6455;10.3011;4578.67;6.1939;0;0;0.1;0.01;0;5.87604;0;0;-1
0;1106;30.9522;46.4959;78.161;10.3268;4613.03;6.20935;0;0;0.1;0.01;0;4.16976;0;0;-1
0;1107;49.0835;-30.3965;78.669;9.26179;3327.92;5.56898;0;0;0.1;0.01;0;1.69089;0;0;-1
0;1108;45.4502;-13.8826;75.3097;8.5304;2600.14;5.12921;0;0;0.1;0.01;0;4.76132;0;0;-1
0;1109;47.4456;0.402671;77.98;8.55106;2619.08;5.14163;0;0;0.1;0.01;0;3.4542;0;0;-1
0;1110;48.321;20.0365;74.9206;9.58572;3689.46;5.76375;0;0;0.1;0.01;0;3.87017;0;0;-1
0;1111;49.0144;36.2356;77.4625;8.5;2572.44;5.11093;0;0;0.1;0.01;0;2.34136;1;0;-1
0;1112;60.4395;-6.10831;78.4468;8.5;2572.44;5.11093;0;0;0.1;0.01;0;1.59506;1;0;-1
0;1113;-36.2715;-15.7315;89.639;9.8315;3980.59;5.91154;0;0;0.1;0.01;0;4.24622;0;0;-1
0;1114;-36.4143;1.56466;91.2429;8.5;2572.44;5.11093;0;0;0.1;0.01;0;3.9225;1;0;-1
0;1115;-38.4468;16.9504;89.8838;10.0141;4206.53;6.02133;0;0;0.1;0.01;0;3.77125;0;0;-1
0;1116;-21.102;-24.4714;90.049;10.4526;4783.67;6.285;0;0;0.1;0.01;0;4.94895;0;0;-1
0;1117;-23.4164;-6.36079;93.077;10.0382;4236.98;6.03582;0;0;0.1;0.01;0;4.54015;0;0;-1
0;1118;-22.7391;11.6872;89.7662;8.5;2572.44;5.11093;0;0;0.1;0.01;0;4.56433;1;0;-1
0;1119;-21.6267;27.636;93.3752;10.1704;4406.59;6.11531;0;0;0.1;0.01;0;3.63673;0;0;-1
0;1120;-7.47657;-31.474;90.791;9.99572;4183.41;6.01028;0;0;0.1;0.01;0;4.74516;0;0;-1
0;1121;-8.53433;-14.0101;89.4486;9.49792;3589.01;5.71096;0;0;0.1;0.01;0;6.43186;0;0;-1
0;1122;-6.51506;1.18141;92.6569;9.92513;4095.41;5.96784;0;0;0.1;0.01;0;5.31439;0;0;-1
0;1123;-5.80727;19.1309;93.3186;10.3778;4681.71;6.24002;0;0;0.1;0.01;0;5.37725;0;0;-1
0;1124;-7.61168;35.0424;92.3578;8.5;2572.44;5.11093;0;0;0.1;0.01;0;3.70904;1;0;-1
0;1125;5.42153;-38.5671;92.1455;8.64182;2703.36;5.1962;0;0;0.1;0.01;0;2.77299;0;0;-1
0;1126;6.63567;-23.3626;92.1227;9.97299;4154.94;5.99661;0;0;0.1;0.01;0;4.85977;0;0;-1
0;1127;7.32819;-5.03966;91.606;9.76217;3896.98;5.86985;0;0;0.1;0.01;0;4.37039;0;0;-1
0;1128;6.6663;10.7987;91.2141;9.29955;3368.79;5.59168;0;0;0.1;0.01;0;4.12113;0;0;-1
0;1129;6.09719;28.7498;90.0573;9.47028;3557.76;5.69434;0;0;0.1;0.01;0;5.33305;0;0;-1
0;1130;23.7553;-31.9702;89.8647;8.5;2572.44;5.11093;0;0;0.1;0.01;0;2.94921;1;0;-1
0;1131;20.7074;-13.4765;89.3536;8.96289;3016.01;5.38926;0;0;0.1;0.01;0;4.82435;0;0;-1
0;1132;22.7958;0.119144;90.1673;8.56343;2630.46;5.14907;0;0;0.1;0.01;0;3.46814;0;0;-1
0;1133;20.0103;20.8182;90.9608;8.88242;2935.5;5.34087;0;0;0.1;0.01;0;3.25185;0;0;-1
0;1134;20.8884;36.7141;90.3438;8.61361;2676.97;5.17924;0;0;0.1;0.01;0;2.72003;0;0;-1
0;1135;37.3225;-7.80736;89.7281;9.767;3902.76;5.87276;0;0;0.1;0.01;0;3.63766;0;0;-1
0;1136;35.4287;9.72631;91.1661;8.5238;2594.11;5.12524;0;0;0.1;0.01;0;1.96362;0;0;-1
