Time;ID;x;y;z;radius;volume_total;radius_nuclear;contact_ECM;freezer;polarized_fraction;motility;cell_line;Cell_cell;phase;Cycle;NFkB
0;0;-51.3175;-4.61198;-83.4268;8.5;2572.44;5.11093;0;0;0.1;0.01;0;2.64347;1;0;-1
0;1;-37.4355;-33.3449;-84.6854;9.8791;4038.69;5.94016;0;0;0.1;0.01;0;2.67589;0;0;-1
0;2;-37.6602;-13.8278;-86.4813;8.5;2572.44;5.11093;0;0;0.1;0.01;0;2.65246;1;0;-1
0;3;-38.5091;0.466268;-85.5938;8.93259;2985.53;5.37104;0;0;0.1;0.01;0;2.49566;0;0;-1
0;4;-35.4884;20.6067;-84.3371;10.0373;4235.84;6.03528;0;0;0.1;0.01;0;3.05447;0;0;-1
0;5;-21.8002;-40.6277;-87.2601;9.31441;3384.97;5.60062;0;0;0.1;0.01;0;2.80828;0;0;-1
0;6;-20.5444;-22.3983;-85.9336;8.72424;2781.45;5.24576;0;0;0.1;0.01;0;4.23983;0;0;-1
0;7;-21.0316;-8.42104;-84.508;8.68751;2746.47;5.22367;0;0;0.1;0.01;0;4.10815;0;0;-1
0;8;-20.3054;10.7187;-85.9758;8.9461;2999.09;5.37916;0;0;0.1;0.01;0;3.39435;0;0;-1
0;9;-22.2983;28.7625;-84.0062;9.1147;3171.87;5.48054;0;0;0.1;0.01;0;3.81207;0;0;-1
0;10;-8.8442;-49.3338;-83.4145;10.3831;4688.89;6.24321;0;0;0.1;0.01;0;3.60993;0;0;-1
0;11;-7.09921;-30.7521;-87.1658;9.25676;3322.5;5.56596;0;0;0.1;0.01;0;4.7524;0;0;-1
0;12;-6.8085;-16.6177;-86.2526;8.92614;2979.06;5.36716;0;0;0.1;0.01;0;5.07715;0;0;-1
0;13;-6.59244;0.141459;-85.5134;10.1914;4433.94;6.12794;0;0;0.1;0.01;0;5.02089;0;0;-1
0;14;-7.56525;20.0304;-83.7573;10.1998;4444.92;6.13299;0;0;0.1;0.01;0;5.00783;0;0;-1
0;15;-7.67592;38.2923;-83.9322;9.71243;3837.71;5.83994;0;0;0.1;0.01;0;3.32126;0;0;-1
0;16;7.44555;-40.8705;-85.9517;10.0896;4302.4;6.06673;0;0;0.1;0.01;0;4.84747;0;0;-1
0;17;6.40434;-24.2318;-83.4899;10.0954;4309.82;6.07022;0;0;0.1;0.01;0;6.0366;0;0;-1
0;18;8.72485;-6.01812;-85.8377;8.76963;2825.09;5.27305;0;0;0.1;0.01;0;3.89397;0;0;-1
0;19;6.48102;10.9359;-86.7592;8.73724;2793.9;5.25358;0;0;0.1;0.01;0;2.66748;0;0;-1
0;20;7.75498;27.7556;-87.3918;8.84193;2895.54;5.31652;0;0;0.1;0.01;0;3.18467;0;0;-1
0;21;8.87552;45.3817;-83.5791;10.2972;4573.47;6.19156;0;0;0.1;0.01;0;3.80107;0;0;-1
0;22;20.2423;-49.1528;-84.5004;9.44966;3534.57;5.68194;0;0;0.1;0.01;0;3.23419;0;0;-1
0;23;23.3383;-34.034;-86.665;10.0918;4305.21;6.06805;0;0;0.1;0.01;0;5.12374;0;0;-1
0;24;20.6089;-15.7261;-84.9686;8.5;2572.44;5.11093;0;0;0.1;0.01;0;3.28075;1;0;-1
0;25;22.4786;3.45156;-86.8695;8.58914;2654.22;5.16453;0;0;0.1;0.01;0;3.58932;0;0;-1
0;26;23.6308;20.3914;-84.483;8.88816;2941.2;5.34432;0;0;0.1;0.01;0;4.47783;0;0;-1
0;27;23.5477;37.7385;-84.8656;9.8457;3997.87;5.92008;0;0;0.1;0.01;0;3.69336;0;0;-1
0;28;36.3511;-40.1937;-83.6476;9.99562;4183.29;6.01022;0;0;0.1;0.01;0;3.76869;0;0;-1
0;29;35.4647;-25.5477;-86.1255;8.5;2572.44;5.11093;0;0;0.1;0.01;0;3.01552;1;0;-1
0;30;37.2106;-5.59643;-85.2992;10.2046;4451.19;6.13588;0;0;0.1;0.01;0;2.52899;0;0;-1
0;31;36.5602;10.8613;-83.9724;10.2277;4481.49;6.14977;0;0;0.1;0.01;0;3.93867;0;0;-1
0;32;37.5895;26.9783;-83.9286;10.0868;4298.82;6.06505;0;0;0.1;0.01;0;4.35785;0;0;-1
0;33;-70.5266;-14.7665;-69.3751;9.3986;3477.59;5.65124;0;0;0.1;0.01;0;2.28072;0;0;-1
0;34;-57.8136;-39.4466;-71.3436;9.97762;4160.73;5.9994;0;0;0.1;0.01;0;3.10547;0;0;-1
0;35;-56.6667;-25.1898;-72.4939;9.30194;3371.39;5.59312;0;0;0.1;0.01;0;3.99679;0;0;-1
0;36;-54.7618;-8.90166;-70.8578;8.5;2572.44;5.11093;0;0;0.1;0.01;0;4.50239;1;0;-1
0;37;-56.2945;9.85691;-69.7963;10.3383;4628.45;6.21627;0;0;0.1;0.01;0;3.5059;0;0;-1
0;38;-57.7885;28.477;-71.5017;8.5;2572.44;5.11093;0;0;0.1;0.01;0;2.15805;1;0;-1
0;39;-54.6545;46.9041;-68.5811;9.52835;3623.61;5.72926;0;0;0.1;0.01;0;3.23863;0;0;-1
0;40;-41.5498;-51.3125;-72.6756;9.08313;3139.03;5.46155;0;0;0.1;0.01;0;2.11133;0;0;-1
0;41;-41.395;-30.4539;-70.986;9.44447;3528.75;5.67882;0;0;0.1;0.01;0;5.73712;0;0;-1
0;42;-42.2314;-16.6265;-69.667;10.4347;4759.14;6.27423;0;0;0.1;0.01;0;6.85578;0;0;-1
0;43;-39.413;1.73374;-69.0959;8.5;2572.44;5.11093;0;0;0.1;0.01;0;4.22011;1;0;-1
0;44;-42.3743;16.7528;-69.0679;8.5;2572.44;5.11093;0;0;0.1;0.01;0;4.68278;1;0;-1
0;45;-42.4222;34.25;-69.8619;9.48534;3574.76;5.7034;0;0;0.1;0.01;0;5.21316;0;0;-1
0;46;-41.2108;53.4663;-69.4112;8.5;2572.44;5.11093;0;0;0.1;0.01;0;3.80549;1;0;-1
0;47;-26.5791;-57.1987;-70.3596;8.69547;2754.02;5.22846;0;0;0.1;0.01;0;4.02411;0;0;-1
0;48;-28.5569;-42.5898;-68.4933;10.4235;4743.83;6.2675;0;0;0.1;0.01;0;6.38765;0;0;-1
0;49;-26.2501;-24.7422;-70.6786;8.78999;2844.81;5.28529;0;0;0.1;0.01;0;5.81339;0;0;-1
0;50;-24.7258;-8.81579;-71.8639;8.5;2572.44;5.11093;0;0;0.1;0.01;0;4.47405;1;0;-1
0;51;-26.8782;11.1046;-69.6511;9.33999;3412.93;5.616;0;0;0.1;0.01;0;5.3511;0;0;-1
0;52;-26.0046;26.9256;-69.2388;10.0291;4225.46;6.03035;0;0;0.1;0.01;0;6.56928;0;0;-1
0;53;-27.6154;43.7343;-70.6706;9.33376;3406.11;5.61225;0;0;0.1;0.01;0;4.60157;0;0;-1
0;54;-27.1637;62.1937;-69.8092;9.79464;3935.99;5.88937;0;0;0.1;0.01;0;3.73912;0;0;-1
0;55;-13.5702;-63.8525;-69.016;9.87774;4037.02;5.93934;0;0;0.1;0.01;0;4.04075;0;0;-1
0;56;-13.8226;-48.1373;-68.3369;8.5;2572.44;5.11093;0;0;0.1;0.01;0;5.72162;1;0;-1
0;57;-11.3474;-31.1883;-72.6086;8.91585;2968.77;5.36097;0;0;0.1;0.01;0;5.09832;0;0;-1
0;58;-12.6949;-15.0522;-70.9705;9.29638;3365.35;5.58978;0;0;0.1;0.01;0;6.58844;0;0;-1
0;59;-9.9522;1.96318;-71.7782;9.45092;3535.99;5.6827;0;0;0.1;0.01;0;5.80881;0;0;-1
0;60;-11.6481;16.5876;-70.1472;8.82064;2874.68;5.30372;0;0;0.1;0.01;0;5.34626;0;0;-1
0;61;-11.8845;36.6301;-70.9306;9.09843;3154.92;5.47075;0;0;0.1;0.01;0;4.65033;0;0;-1
0;62;-10.75;55.0836;-70.3576;9.75011;3882.55;5.8626;0;0;0.1;0.01;0;3.31418;0;0;-1
0;63;2.17734;-56.2433;-69.0668;9.01971;3073.73;5.42342;0;0;0.1;0.01;0;4.73785;0;0;-1
0;64;3.94412;-40.1501;-72.0475;8.76763;2823.16;5.27185;0;0;0.1;0.01;0;5.19876;0;0;-1
0;65;2.71714;-22.8995;-68.5017;10.2393;4496.76;6.15674;0;0;0.1;0.01;0;7.0703;0;0;-1
0;66;4.34144;-7.97811;-72.0181;9.90275;4067.77;5.95438;0;0;0.1;0.01;0;6.59506;0;0;-1
0;67;2.35404;10.1676;-69.2193;8.5;2572.44;5.11093;0;0;0.1;0.01;0;4.96713;1;0;-1
0;68;4.40048;26.7897;-69.6971;8.5;2572.44;5.11093;0;0;0.1;0.01;0;4.49139;1;0;-1
0;69;4.43608;45.7971;-70.5434;9.40266;3482.1;5.65368;0;0;0.1;0.01;0;6.07201;0;0;-1
0;70;3.50832;63.7166;-70.1504;9.87208;4030.09;5.93594;0;0;0.1;0.01;0;3.4534;0;0;-1
0;71;16.3312;-66.2686;-69.8996;9.33398;3406.35;5.61239;0;0;0.1;0.01;0;2.89151;0;0;-1
0;72;15.9684;-47.1695;-70.9255;8.71329;2770.99;5.23917;0;0;0.1;0.01;0;4.75248;0;0;-1
0;73;19.2559;-30.2058;-70.876;10.2304;4485.04;6.15139;0;0;0.1;0.01;0;6.89123;0;0;-1
0;74;16.4045;-14.0936;-69.2295;8.5;2572.44;5.11093;0;0;0.1;0.01;0;6.69886;1;0;-1
0;75;16.9958;1.22048;-71.3275;9.24351;3308.26;5.55799;0;0;0.1;0.01;0;5.4405;0;0;-1
0;76;16.0024;18.2104;-69.205;8.72477;2781.96;5.24608;0;0;0.1;0.01;0;4.9883;0;0;-1
0;77;17.3093;35.4405;-70.6385;9.03495;3089.34;5.43258;0;0;0.1;0.01;0;5.48894;0;0;-1
0;78;19.4557;55.0744;-70.2795;10.194;4437.34;6.1295;0;0;0.1;0.01;0;4.06621;0;0;-1
0;79;31.082;-57.7977;-69.4702;8.5;2572.44;5.11093;0;0;0.1;0.01;0;3.3591;1;0;-1
0;80;31.7663;-38.5291;-68.4305;9.87873;4038.24;5.93994;0;0;0.1;0.01;0;6.27377;0;0;-1
0;81;32.0149;-21.8272;-69.6445;8.5;2572.44;5.11093;0;0;0.1;0.01;0;4.93326;1;0;-1
0;82;33.3317;-6.34181;-68.8054;9.53103;3626.67;5.73087;0;0;0.1;0.01;0;5.57053;0;0;-1
0;83;30.573;12.441;-71.3036;9.73152;3860.39;5.85142;0;0;0.1;0.01;0;6.45158;0;0;-1
0;84;33.6247;28.605;-68.5241;10.0382;4236.98;6.03582;0;0;0.1;0.01;0;6.88762;0;0;-1
0;85;34.0099;43.7458;-71.9694;8.5;2572.44;5.11093;0;0;0.1;0.01;0;4.23429;1;0;-1
0;86;46.3673;-51.2927;-68.9037;9.61922;3728.28;5.7839;0;0;0.1;0.01;0;2.75902;0;0;-1
0;87;45.9832;-30.4831;-71.9444;9.01313;3067.01;5.41946;0;0;0.1;0.01;0;4.33292;0;0;-1
0;88;47.5562;-13.4227;-71.9982;9.9526;4129.51;5.98435;0;0;0.1;0.01;0;4.86524;0;0;-1
0;89;45.3311;1.65154;-69.0597;8.5;2572.44;5.11093;0;0;0.1;0.01;0;5.76135;1;0;-1
0;90;47.3075;17.1302;-68.9534;10.3912;4699.87;6.24808;0;0;0.1;0.01;0;6.38419;0;0;-1
0;91;48.9731;36.8816;-71.9484;10.2103;4458.66;6.13931;0;0;0.1;0.01;0;3.53508;0;0;-1
0;92;46.7007;54.1104;-69.0037;8.5;2572.44;5.11093;0;0;0.1;0.01;0;2.53711;1;0;-1
0;93;60.0276;-25.6701;-72.0452;10.0688;4275.84;6.05422;0;0;0.1;0.01;0;2.7534;0;0;-1
0;94;62.5674;-5.61116;-71.9156;8.73835;2794.97;5.25424;0;0;0.1;0.01;0;2.3353;0;0;-1
0;95;61.3295;9.87569;-68.8405;9.81409;3959.49;5.90107;0;0;0.1;0.01;0;3.63432;0;0;-1
0;96;-80.3912;-8.31023;-55.4093;9.69228;3813.88;5.82783;0;0;0.1;0.01;0;2.96255;0;0;-1
0;97;-80.1258;12.4618;-54.3341;8.7296;2786.58;5.24898;0;0;0.1;0.01;0;2.61291;0;0;-1
0;98;-65.7601;-48.4223;-54.2722;10.1245;4347.2;6.08771;0;0;0.1;0.01;0;4.6791;0;0;-1
0;99;-67.7008;-33.8788;-55.404;8.95215;3005.18;5.3828;0;0;0.1;0.01;0;3.30585;0;0;-1
0;100;-65.5521;-12.6485;-56.3786;8.50736;2579.13;5.11535;0;0;0.1;0.01;0;4.00114;0;0;-1
0;101;-64.5983;1.73591;-53.9664;9.72048;3847.26;5.84478;0;0;0.1;0.01;0;5.33464;0;0;-1
0;102;-68.0132;19.6467;-57.7823;8.68328;2742.46;5.22113;0;0;0.1;0.01;0;3.53473;0;0;-1
0;103;-66.4431;35.4374;-55.548;8.5;2572.44;5.11093;0;0;0.1;0.01;0;3.49209;1;0;-1
0;104;-52.2517;-59.3486;-54.8733;9.7421;3872.99;5.85778;0;0;0.1;0.01;0;4.05862;0;0;-1
0;105;-52.914;-42.3707;-57.5582;8.54632;2614.73;5.13878;0;0;0.1;0.01;0;4.59167;0;0;-1
0;106;-51.325;-24.6952;-57.8026;8.5;2572.44;5.11093;0;0;0.1;0.01;0;4.56806;1;0;-1
0;107;-49.8626;-4.79612;-57.1185;9.83619;3986.29;5.91436;0;0;0.1;0.01;0;6.42116;0;0;-1
0;108;-51.7493;12.0407;-54.3888;9.7551;3888.52;5.8656;0;0;0.1;0.01;0;7.05994;0;0;-1
0;109;-51.0316;27.8555;-57.8141;10.3779;4681.85;6.24008;0;0;0.1;0.01;0;6.9282;0;0;-1
0;110;-52.1409;44.8043;-54.0075;9.75705;3890.85;5.86677;0;0;0.1;0.01;0;6.19866;0;0;-1
0;111;-50.5755;59.7313;-54.4334;10.0947;4308.92;6.0698;0;0;0.1;0.01;0;5.15082;0;0;-1
0;112;-38.6595;-66.5838;-56.3478;9.78686;3926.62;5.8847;0;0;0.1;0.01;0;4.10204;0;0;-1
0;113;-38.3704;-51.0475;-54.5692;9.22818;3291.83;5.54877;0;0;0.1;0.01;0;5.19147;0;0;-1
0;114;-36.5513;-31.2271;-56.2459;9.62245;3732.03;5.78584;0;0;0.1;0.01;0;6.1821;0;0;-1
0;115;-36.5284;-14.8545;-55.7946;10.2702;4537.59;6.17532;0;0;0.1;0.01;0;6.816;0;0;-1
0;116;-37.751;2.44054;-54.3778;8.98033;3033.65;5.39974;0;0;0.1;0.01;0;5.523;0;0;-1
0;117;-36.0772;20.9947;-57.0201;10.2728;4541.04;6.17689;0;0;0.1;0.01;0;7.54105;0;0;-1
0;118;-35.2044;36.6501;-55.0708;8.75833;2814.18;5.26626;0;0;0.1;0.01;0;6.65528;0;0;-1
0;119;-36.9994;51.279;-56.5101;10.0445;4244.96;6.03961;0;0;0.1;0.01;0;6.94595;0;0;-1
0;120;-35.9273;70.3156;-57.9328;10.4064;4720.52;6.25722;0;0;0.1;0.01;0;4.27222;0;0;-1
0;121;-23.9335;-76.0223;-57.3284;9.56038;3660.28;5.74852;0;0;0.1;0.01;0;3.14354;0;0;-1
0;122;-21.8308;-56.2151;-56.4048;9.42137;3502.92;5.66493;0;0;0.1;0.01;0;6.51192;0;0;-1
0;123;-21.0902;-40.4643;-54.847;10.0066;4197.09;6.01682;0;0;0.1;0.01;0;6.98331;0;0;-1
0;124;-23.6238;-22.5393;-56.7395;9.91108;4078.04;5.95939;0;0;0.1;0.01;0;6.87667;0;0;-1
0;125;-21.5849;-7.15245;-56.3381;8.98657;3039.98;5.40349;0;0;0.1;0.01;0;5.6304;0;0;-1
0;126;-22.4069;8.99923;-55.9858;9.44496;3529.3;5.67912;0;0;0.1;0.01;0;4.80194;0;0;-1
0;127;-21.3994;25.5976;-55.5826;8.61865;2681.68;5.18227;0;0;0.1;0.01;0;5.26579;0;0;-1
0;128;-21.7839;42.3079;-56.7048;8.5;2572.44;5.11093;0;0;0.1;0.01;0;5.12275;1;0;-1
0;129;-22.1138;63.2049;-54.4608;10.3642;4663.33;6.23184;0;0;0.1;0.01;0;7.13644;0;0;-1
0;130;-22.0225;77.9771;-57.016;9.14647;3205.16;5.49964;0;0;0.1;0.01;0;3.52634;0;0;-1
0;131;-9.28322;-80.7876;-56.0056;8.5;2572.44;5.11093;0;0;0.1;0.01;0;2.46991;1;0;-1
0;132;-5.76834;-65.6694;-55.7484;9.0412;3095.76;5.43634;0;0;0.1;0.01;0;4.74614;0;0;-1
0;133;-6.23506;-47.1159;-55.1183;9.62786;3738.33;5.78909;0;0;0.1;0.01;0;5.8811;0;0;-1
0;134;-8.7729;-29.9218;-54.616;9.80216;3945.06;5.8939;0;0;0.1;0.01;0;5.57518;0;0;-1
0;135;-8.9461;-14.1368;-55.4267;8.61231;2675.76;5.17846;0;0;0.1;0.01;0;5.83976;0;0;-1
0;136;-7.06525;0.369481;-56.717;8.5;2572.44;5.11093;0;0;0.1;0.01;0;5.33916;1;0;-1
0;137;-5.92386;20.9923;-55.1498;10.3787;4682.93;6.24056;0;0;0.1;0.01;0;6.33327;0;0;-1
0;138;-8.23816;36.9523;-55.4939;10.3709;4672.38;6.23587;0;0;0.1;0.01;0;6.41056;0;0;-1
0;139;-5.82941;54.9374;-55.1082;10.4463;4775.03;6.28121;0;0;0.1;0.01;0;6.18366;0;0;-1
0;140;-8.72088;70.3267;-55.1319;8.9171;2970.02;5.36172;0;0;0.1;0.01;0;3.3019;0;0;-1
0;141;8.98621;-74.3228;-56.9003;8.95921;3012.3;5.38704;0;0;0.1;0.01;0;3.46872;0;0;-1
0;142;6.86361;-58.0824;-56.2123;9.9375;4110.74;5.97527;0;0;0.1;0.01;0;6.12575;0;0;-1
0;143;7.34598;-41.7041;-54.93;8.5;2572.44;5.11093;0;0;0.1;0.01;0;4.38046;1;0;-1
0;144;9.40156;-22.7169;-56.6046;9.348;3421.72;5.62082;0;0;0.1;0.01;0;6.49512;0;0;-1
0;145;6.03347;-8.01556;-56.856;9.37777;3454.52;5.63872;0;0;0.1;0.01;0;6.47235;0;0;-1
0;146;5.60863;9.71806;-55.2399;8.95394;3006.98;5.38387;0;0;0.1;0.01;0;4.27949;0;0;-1
0;147;8.44434;27.7484;-53.9544;10.1128;4332.14;6.08068;0;0;0.1;0.01;0;6.67541;0;0;-1
0;148;8.5365;44.9752;-55.9749;10.2821;4553.38;6.18248;0;0;0.1;0.01;0;7.63919;0;0;-1
0;149;8.84223;59.8403;-57.7134;8.76315;2818.83;5.26915;0;0;0.1;0.01;0;5.80989;0;0;-1
0;150;8.57141;79.8424;-54.3436;9.33081;3402.88;5.61048;0;0;0.1;0.01;0;2.80658;0;0;-1
0;151;22.2801;-64.2622;-56.6555;9.79249;3933.4;5.88808;0;0;0.1;0.01;0;4.96833;0;0;-1
0;152;24.1766;-49.9843;-53.7194;8.97699;3030.27;5.39773;0;0;0.1;0.01;0;5.40036;0;0;-1
0;153;20.2925;-32.6144;-55.2885;9.10775;3164.62;5.47636;0;0;0.1;0.01;0;5.1543;0;0;-1
0;154;20.5206;-12.7146;-57.3747;9.31056;3380.77;5.5983;0;0;0.1;0.01;0;6.01114;0;0;-1
0;155;23.627;1.41988;-56.4431;9.29185;3360.43;5.58705;0;0;0.1;0.01;0;5.67986;0;0;-1
0;156;23.7527;20.6586;-55.7408;10.1452;4373.92;6.10016;0;0;0.1;0.01;0;6.42605;0;0;-1
0;157;22.6848;38.2411;-56.2076;10.0929;4306.62;6.06871;0;0;0.1;0.01;0;7.04009;0;0;-1
0;158;22.9286;54.3771;-53.9773;10.4336;4757.64;6.27357;0;0;0.1;0.01;0;7.09856;0;0;-1
0;159;22.0555;70.5657;-57.6905;9.08793;3144.01;5.46444;0;0;0.1;0.01;0;2.47072;0;0;-1
0;160;38.571;-56.0284;-56.4248;9.06067;3115.8;5.44805;0;0;0.1;0.01;0;4.55386;0;0;-1
0;161;34.9354;-38.3598;-54.7226;8.60039;2664.67;5.17129;0;0;0.1;0.01;0;5.32448;0;0;-1
0;162;38.525;-25.0987;-56.4543;9.04343;3098.05;5.43768;0;0;0.1;0.01;0;5.60525;0;0;-1
0;163;37.2073;-5.69367;-54.8312;8.57831;2644.2;5.15801;0;0;0.1;0.01;0;5.9665;0;0;-1
0;164;38.458;8.33355;-55.4107;9.23354;3297.56;5.55199;0;0;0.1;0.01;0;6.9648;0;0;-1
0;165;38.8677;25.4352;-54.6053;9.85015;4003.29;5.92275;0;0;0.1;0.01;0;6.32733;0;0;-1
0;166;36.7828;46.1474;-56.6506;9.17439;3234.6;5.51643;0;0;0.1;0.01;0;5.85649;0;0;-1
0;167;36.3656;60.7315;-54.1184;8.5;2572.44;5.11093;0;0;0.1;0.01;0;4.54129;1;0;-1
0;168;52.8859;-50.9559;-56.055;8.97539;3028.65;5.39677;0;0;0.1;0.01;0;3.28729;0;0;-1
0;169;52.0665;-31.092;-54.1368;9.95776;4135.93;5.98746;0;0;0.1;0.01;0;5.73099;0;0;-1
0;170;52.909;-15.0639;-54.3822;8.5;2572.44;5.11093;0;0;0.1;0.01;0;5.2291;1;0;-1
0;171;52.2504;0.0401821;-54.3883;9.99184;4178.54;6.00795;0;0;0.1;0.01;0;7.51616;0;0;-1
0;172;51.1895;18.0863;-56.0439;9.0008;3054.44;5.41205;0;0;0.1;0.01;0;6.79058;0;0;-1
0;173;52.9405;34.0759;-55.767;9.24176;3306.38;5.55694;0;0;0.1;0.01;0;5.31167;0;0;-1
0;174;52.6952;55.2607;-56.5058;10.1122;4331.37;6.08032;0;0;0.1;0.01;0;4.26871;0;0;-1
0;175;64.6174;-40.8699;-56.6747;9.03274;3087.07;5.43126;0;0;0.1;0.01;0;2.99557;0;0;-1
0;176;67.2826;-25.0832;-56.1075;9.38578;3463.38;5.64353;0;0;0.1;0.01;0;4.4219;0;0;-1
0;177;67.7707;-4.49966;-55.1291;8.5;2572.44;5.11093;0;0;0.1;0.01;0;5.13967;1;0;-1
0;178;65.8322;11.9966;-53.8106;9.54477;3642.38;5.73913;0;0;0.1;0.01;0;5.87397;0;0;-1
0;179;66.0122;26.6428;-55.2776;8.5;2572.44;5.11093;0;0;0.1;0.01;0;3.88888;1;0;-1
0;180;64.7688;46.0637;-54.3203;9.81335;3958.59;5.90062;0;0;0.1;0.01;0;3.39646;0;0;-1
0;181;79.7174;-16.8506;-56.7543;10.1836;4423.77;6.12325;0;0;0.1;0.01;0;2.82728;0;0;-1
0;182;82.2198;1.12167;-54.4681;8.92226;2975.18;5.36483;0;0;0.1;0.01;0;2.82689;0;0;-1
0;183;-87.5148;-21.6615;-40.6269;9.37018;3446.14;5.63415;0;0;0.1;0.01;0;3.14543;0;0;-1
0;184;-84.1194;-8.17336;-40.123;10.0307;4227.49;6.03131;0;0;0.1;0.01;0;5.2202;0;0;-1
0;185;-86.3082;12.3513;-39.6261;9.63572;3747.5;5.79382;0;0;0.1;0.01;0;4.44084;0;0;-1
0;186;-86.6579;29.3371;-39.2289;9.84885;4001.71;5.92197;0;0;0.1;0.01;0;3.00474;0;0;-1
0;187;-70.1805;-48.0371;-39.6378;8.5;2572.44;5.11093;0;0;0.1;0.01;0;4.05755;1;0;-1
0;188;-72.1195;-33.9443;-41.5595;10.2288;4482.94;6.15043;0;0;0.1;0.01;0;5.02772;0;0;-1
0;189;-71.5922;-14.5653;-41.6298;8.5;2572.44;5.11093;0;0;0.1;0.01;0;5.38783;1;0;-1
0;190;-72.6819;3.6142;-40.9309;10.2704;4537.86;6.17544;0;0;0.1;0.01;0;7.38653;0;0;-1
0;191;-70.5096;19.0717;-42.0644;9.73679;3866.66;5.85459;0;0;0.1;0.01;0;6.24211;0;0;-1
0;192;-69.9868;37.0764;-42.9156;9.92192;4091.44;5.96591;0;0;0.1;0.01;0;5.68406;0;0;-1
0;193;-72.6574;51.3921;-41.1011;9.59208;3696.81;5.76758;0;0;0.1;0.01;0;3.09362;0;0;-1
0;194;-56.9529;-59.2043;-39.9295;10.3288;4615.71;6.21056;0;0;0.1;0.01;0;5.24948;0;0;-1
0;195;-56.7266;-39.4577;-41.8718;9.50868;3601.22;5.71743;0;0;0.1;0.01;0;6.64212;0;0;-1
0;196;-54.1677;-24.642;-40.9032;9.31218;3382.54;5.59928;0;0;0.1;0.01;0;5.42293;0;0;-1
0;197;-57.4624;-7.32954;-42.0172;10.0834;4294.47;6.063;0;0;0.1;0.01;0;6.99134;0;0;-1
0;198;-55.0637;9.53873;-39.849;10.2811;4552.05;6.18188;0;0;0.1;0.01;0;6.71384;0;0;-1
0;199;-55.5418;25.8727;-41.5481;9.89022;4052.35;5.94685;0;0;0.1;0.01;0;6.11454;0;0;-1
0;200;-56.9721;42.6508;-40.1074;9.6706;3788.34;5.81479;0;0;0.1;0.01;0;6.52669;0;0;-1
0;201;-54.2527;60.4467;-39.5908;9.62047;3729.73;5.78465;0;0;0.1;0.01;0;5.24205;0;0;-1
0;202;-40.5188;-80.624;-40.9844;8.5;2572.44;5.11093;0;0;0.1;0.01;0;2.97118;1;0;-1
0;203;-41.679;-65.8979;-39.2304;9.46189;3548.32;5.6893;0;0;0.1;0.01;0;6.38252;0;0;-1
0;204;-43.0546;-47.522;-41.7129;8.5;2572.44;5.11093;0;0;0.1;0.01;0;4.90197;1;0;-1
0;205;-42.5716;-31.6908;-42.2036;8.64528;2706.61;5.19828;0;0;0.1;0.01;0;5.09525;0;0;-1
0;206;-40.2469;-13.4518;-40.6522;9.60474;3711.47;5.77519;0;0;0.1;0.01;0;6.10387;0;0;-1
0;207;-42.0116;1.95192;-39.9932;9.25091;3316.21;5.56244;0;0;0.1;0.01;0;6.47445;0;0;-1
0;208;-41.7809;19.6606;-42.4201;8.59492;2659.59;5.168;0;0;0.1;0.01;0;5.91351;0;0;-1
0;209;-41.4554;34.4606;-41.4142;8.78789;2842.77;5.28403;0;0;0.1;0.01;0;5.64131;0;0;-1
0;210;-40.2699;53.6158;-41.2193;9.53739;3633.94;5.73469;0;0;0.1;0.01;0;7.07349;0;0;-1
0;211;-40.8062;68.4799;-42.139;10.3601;4657.8;6.22938;0;0;0.1;0.01;0;6.08109;0;0;-1
0;212;-27.6601;-72.9655;-42.8717;9.39388;3472.35;5.6484;0;0;0.1;0.01;0;6.10908;0;0;-1
0;213;-28.1448;-57.7291;-40.4588;10.4418;4768.86;6.2785;0;0;0.1;0.01;0;7.09547;0;0;-1
0;214;-25.2976;-38.5056;-42.3709;9.23225;3296.18;5.55122;0;0;0.1;0.01;0;5.32919;0;0;-1
0;215;-25.0119;-22.3784;-39.8158;9.9908;4177.24;6.00732;0;0;0.1;0.01;0;6.39093;0;0;-1
0;216;-24.7431;-5.18067;-40.6537;8.87426;2927.42;5.33596;0;0;0.1;0.01;0;5.61349;0;0;-1
0;217;-25.449;9.7596;-41.0429;8.5;2572.44;5.11093;0;0;0.1;0.01;0;4.04095;1;0;-1
0;218;-28.1751;27.0147;-42.0152;9.3773;3454;5.63843;0;0;0.1;0.01;0;5.48869;0;0;-1
0;219;-27.219;44.122;-42.1008;9.59228;3697.04;5.7677;0;0;0.1;0.01;0;6.10512;0;0;-1
0;220;-27.5563;60.5355;-40.7634;9.41372;3494.4;5.66033;0;0;0.1;0.01;0;7.06603;0;0;-1
0;221;-25.0161;77.1731;-42.081;9.57316;3674.98;5.7562;0;0;0.1;0.01;0;5.24462;0;0;-1
0;222;-12.9864;-83.1439;-42.1675;8.61093;2674.48;5.17763;0;0;0.1;0.01;0;4.03694;0;0;-1
0;223;-12.9502;-67.6063;-39.7448;10.0617;4266.8;6.04995;0;0;0.1;0.01;0;6.69584;0;0;-1
0;224;-12.3972;-49.3807;-41.8354;9.18212;3242.78;5.52108;0;0;0.1;0.01;0;5.31786;0;0;-1
0;225;-9.78533;-33.3267;-39.8341;9.50911;3601.71;5.71769;0;0;0.1;0.01;0;6.11603;0;0;-1
0;226;-13.0717;-15.5133;-40.763;8.69144;2750.2;5.22604;0;0;0.1;0.01;0;6.37356;0;0;-1
0;227;-11.0649;0.259637;-41.4511;8.66025;2720.7;5.20728;0;0;0.1;0.01;0;5.45401;0;0;-1
0;228;-12.5345;20.0317;-39.3442;9.95302;4130.03;5.98461;0;0;0.1;0.01;0;6.16139;0;0;-1
0;229;-9.96044;34.311;-39.7651;8.5;2572.44;5.11093;0;0;0.1;0.01;0;6.08821;1;0;-1
0;230;-11.562;52.9632;-39.3531;10.1789;4417.65;6.12042;0;0;0.1;0.01;0;6.47201;0;0;-1
0;231;-11.0997;70.7606;-40.0389;9.43087;3513.53;5.67065;0;0;0.1;0.01;0;5.57621;0;0;-1
0;232;-9.78875;87.1003;-39.9573;8.5;2572.44;5.11093;0;0;0.1;0.01;0;2.38932;1;0;-1
0;233;2.81857;-89.5416;-42.0528;9.11671;3173.97;5.48175;0;0;0.1;0.01;0;2.88215;0;0;-1
0;234;4.68172;-74.9288;-41.1645;8.55271;2620.59;5.14262;0;0;0.1;0.01;0;5.17697;0;0;-1
0;235;2.01616;-59.7593;-39.3775;9.47364;3561.55;5.69636;0;0;0.1;0.01;0;5.41863;0;0;-1
0;236;3.63296;-40.7654;-39.8036;8.5;2572.44;5.11093;0;0;0.1;0.01;0;4.84944;1;0;-1
0;237;4.67702;-25.282;-39.5138;9.5216;3615.92;5.7252;0;0;0.1;0.01;0;6.13684;0;0;-1
0;238;1.23549;-8.07872;-42.4271;10.2613;4525.8;6.16997;0;0;0.1;0.01;0;6.26717;0;0;-1
0;239;3.21592;10.4463;-41.0079;8.61838;2681.42;5.18211;0;0;0.1;0.01;0;4.37019;0;0;-1
0;240;4.07401;27.1891;-39.4755;8.90471;2957.66;5.35427;0;0;0.1;0.01;0;6.72739;0;0;-1
0;241;1.22617;43.0322;-40.2754;10.0973;4312.25;6.07136;0;0;0.1;0.01;0;7.97719;0;0;-1
0;242;1.52125;60.6182;-40.9749;8.5;2572.44;5.11093;0;0;0.1;0.01;0;5.36282;1;0;-1
0;243;3.9538;76.382;-41.0704;9.14274;3201.24;5.4974;0;0;0.1;0.01;0;5.26468;0;0;-1
0;244;17.6725;-82.3271;-42.096;8.5;2572.44;5.11093;0;0;0.1;0.01;0;3.29348;1;0;-1
0;245;18.2154;-65.4524;-39.2887;10.2625;4527.39;6.17069;0;0;0.1;0.01;0;5.88541;0;0;-1
0;246;17.9224;-46.4609;-40.7996;8.89095;2943.97;5.346;0;0;0.1;0.01;0;5.26857;0;0;-1
0;247;17.8374;-31.7617;-41.1629;8.5;2572.44;5.11093;0;0;0.1;0.01;0;5.83853;1;0;-1
0;248;19.0985;-15.4931;-41.7744;9.48375;3572.97;5.70244;0;0;0.1;0.01;0;5.92303;0;0;-1
0;249;19.7522;1.94212;-42.1586;9.10927;3166.21;5.47727;0;0;0.1;0.01;0;4.69221;0;0;-1
0;250;17.6641;17.7332;-40.513;9.27102;3337.88;5.57453;0;0;0.1;0.01;0;5.599;0;0;-1
0;251;19.0255;36.7149;-42.8407;9.9124;4079.67;5.96018;0;0;0.1;0.01;0;7.63315;0;0;-1
0;252;16.7935;52.0123;-39.6906;10.0976;4312.64;6.07154;0;0;0.1;0.01;0;7.44161;0;0;-1
0;253;18.7582;68.4687;-41.1967;10.3155;4597.9;6.20256;0;0;0.1;0.01;0;5.94155;0;0;-1
0;254;16.4131;87.4199;-41.1299;10.0767;4285.92;6.05897;0;0;0.1;0.01;0;3.14459;0;0;-1
0;255;32.9531;-75.6291;-42.5079;8.64912;2710.22;5.20059;0;0;0.1;0.01;0;2.25099;0;0;-1
0;256;30.5639;-56.4933;-40.5213;9.0958;3152.18;5.46917;0;0;0.1;0.01;0;6.27978;0;0;-1
0;257;33.7154;-41.1812;-40.4658;10.005;4195.08;6.01586;0;0;0.1;0.01;0;7.65347;0;0;-1
0;258;32.7753;-25.2917;-41.5707;10.1242;4346.81;6.08753;0;0;0.1;0.01;0;7.40613;0;0;-1
0;259;33.7379;-8.05097;-42.0276;8.5;2572.44;5.11093;0;0;0.1;0.01;0;4.72525;1;0;-1
0;260;33.8429;10.0438;-42.2988;8.5;2572.44;5.11093;0;0;0.1;0.01;0;5.10377;1;0;-1
0;261;33.8508;29.5226;-39.8756;8.93213;2985.06;5.37076;0;0;0.1;0.01;0;6.03352;0;0;-1
0;262;32.9464;46.155;-39.4209;10.038;4236.72;6.0357;0;0;0.1;0.01;0;7.7673;0;0;-1
0;263;33.9189;60.0849;-39.7056;9.38769;3465.49;5.64468;0;0;0.1;0.01;0;6.20727;0;0;-1
0;264;33.5516;79.8376;-40.4294;8.95437;3007.42;5.38413;0;0;0.1;0.01;0;2.74414;0;0;-1
0;265;47.826;-65.2707;-41.605;8.94443;2997.41;5.37816;0;0;0.1;0.01;0;2.46683;0;0;-1
0;266;47.14;-47.7065;-39.9468;9.52788;3623.08;5.72898;0;0;0.1;0.01;0;5.80393;0;0;-1
0;267;47.7652;-30.2382;-39.223;10.3176;4600.71;6.20382;0;0;0.1;0.01;0;7.65946;0;0;-1
0;268;46.788;-14.9381;-42.5856;10.067;4273.55;6.05314;0;0;0.1;0.01;0;7.77872;0;0;-1
0;269;46.0825;2.87768;-42.1865;8.5;2572.44;5.11093;0;0;0.1;0.01;0;6.20019;1;0;-1
0;270;47.7591;16.8697;-43.0416;10.1627;4396.59;6.11068;0;0;0.1;0.01;0;7.43861;0;0;-1
0;271;46.8467;37.9649;-41.1029;9.52653;3621.54;5.72816;0;0;0.1;0.01;0;6.19287;0;0;-1
0;272;46.7052;52.1398;-42.8729;9.67637;3795.12;5.81826;0;0;0.1;0.01;0;6.60637;0;0;-1
0;273;46.8313;69.2615;-39.8966;9.92643;4097.02;5.96862;0;0;0.1;0.01;0;4.49661;0;0;-1
0;274;60.3743;-55.3634;-39.3235;9.8308;3979.74;5.91112;0;0;0.1;0.01;0;4.74675;0;0;-1
0;275;63.9891;-41.69;-39.825;8.94562;2998.61;5.37887;0;0;0.1;0.01;0;4.28184;0;0;-1
0;276;61.2123;-23.3557;-39.832;8.55006;2618.16;5.14103;0;0;0.1;0.01;0;5.54314;0;0;-1
0;277;63.4124;-7.79425;-42.3308;9.67674;3795.56;5.81848;0;0;0.1;0.01;0;6.80285;0;0;-1
0;278;63.5984;8.22911;-39.47;10.0114;4203.13;6.01971;0;0;0.1;0.01;0;6.55991;0;0;-1
0;279;63.0234;26.1903;-42.2743;10.0357;4233.81;6.03432;0;0;0.1;0.01;0;6.0749;0;0;-1
0;280;61.5503;42.1341;-41.1998;8.88075;2933.85;5.33987;0;0;0.1;0.01;0;5.08289;0;0;-1
0;281;61.9971;60.424;-42.4631;9.23144;3295.32;5.55073;0;0;0.1;0.01;0;3.67779;0;0;-1
0;282;74.9417;-32.4961;-43.166;9.0112;3065.04;5.4183;0;0;0.1;0.01;0;3.21858;0;0;-1
0;283;77.74;-15.0016;-41.1229;8.62851;2690.89;5.1882;0;0;0.1;0.01;0;4.46638;0;0;-1
0;284;76.3282;-0.0861853;-41.4702;10.2851;4557.37;6.18428;0;0;0.1;0.01;0;6.87673;0;0;-1
0;285;78.739;19.7229;-42.8177;8.99017;3043.63;5.40566;0;0;0.1;0.01;0;3.33155;0;0;-1
0;286;76.5359;34.3381;-41.9426;9.23964;3304.1;5.55566;0;0;0.1;0.01;0;3.54122;0;0;-1
0;287;90.5168;-4.55772;-40.5321;8.7003;2758.62;5.23136;0;0;0.1;0.01;0;2.23125;0;0;-1
0;288;-95.1301;-13.5104;-24.7027;8.77145;2826.85;5.27415;0;0;0.1;0.01;0;3.17553;0;0;-1
0;289;-95.6348;1.24981;-26.0985;9.92316;4092.97;5.96665;0;0;0.1;0.01;0;3.87385;0;0;-1
0;290;-80.868;-41.5001;-24.6608;9.90428;4069.65;5.9553;0;0;0.1;0.01;0;2.88808;0;0;-1
0;291;-81.7954;-23.4421;-27.3446;9.5595;3659.27;5.74799;0;0;0.1;0.01;0;3.86554;0;0;-1
0;292;-78.9074;-4.65436;-26.4863;10.0423;4242.17;6.03829;0;0;0.1;0.01;0;5.59197;0;0;-1
0;293;-82.5726;10.9712;-26.4499;10.1274;4350.93;6.08946;0;0;0.1;0.01;0;6.2862;0;0;-1
0;294;-82.4149;27.6809;-25.1464;10.0349;4232.8;6.03384;0;0;0.1;0.01;0;5.02848;0;0;-1
0;295;-80.4024;44.5613;-28.1136;9.88358;4044.19;5.94285;0;0;0.1;0.01;0;3.28377;0;0;-1
0;296;-64.0822;-67.8782;-25.9984;8.5;2572.44;5.11093;0;0;0.1;0.01;0;2.51802;1;0;-1
0;297;-64.3803;-48.9945;-26.1273;8.77835;2833.53;5.27829;0;0;0.1;0.01;0;4.35869;0;0;-1
0;298;-64.5286;-31.2653;-25.4651;9.74862;3880.77;5.8617;0;0;0.1;0.01;0;5.4689;0;0;-1
0;299;-64.486;-12.8926;-26.9895;9.28066;3348.31;5.58033;0;0;0.1;0.01;0;5.55871;0;0;-1
0;300;-66.0789;4.44243;-26.0266;8.5;2572.44;5.11093;0;0;0.1;0.01;0;5.94053;1;0;-1
0;301;-65.4702;20.2195;-26.9298;8.59094;2655.89;5.16561;0;0;0.1;0.01;0;5.71399;0;0;-1
0;302;-64.6848;35.2181;-27.1742;10.0497;4251.56;6.04274;0;0;0.1;0.01;0;6.31054;0;0;-1
0;303;-64.5494;50.9152;-26.2238;9.27992;3347.51;5.57988;0;0;0.1;0.01;0;5.75021;0;0;-1
0;304;-66.6798;68.6659;-26.7122;9.4554;3541.02;5.68539;0;0;0.1;0.01;0;2.15145;0;0;-1
0;305;-49.7102;-72.501;-27.7883;8.99661;3050.18;5.40953;0;0;0.1;0.01;0;5.22905;0;0;-1
0;306;-49.6166;-58.1764;-26.2858;9.25063;3315.91;5.56227;0;0;0.1;0.01;0;6.29473;0;0;-1
0;307;-51.54;-39.7145;-26.3467;9.3425;3415.69;5.61751;0;0;0.1;0.01;0;6.00882;0;0;-1
0;308;-52.4105;-23.1165;-27.5479;9.77632;3913.95;5.87836;0;0;0.1;0.01;0;6.5549;0;0;-1
0;309;-50.4839;-7.03148;-27.8125;9.73264;3861.72;5.8521;0;0;0.1;0.01;0;6.61056;0;0;-1
0;310;-53.0206;8.65146;-26.3232;8.9409;2993.87;5.37603;0;0;0.1;0.01;0;5.48802;0;0;-1
0;311;-51.114;26.7853;-24.4652;9.14375;3202.3;5.498;0;0;0.1;0.01;0;5.57803;0;0;-1
0;312;-49.9906;45.5118;-24.8709;9.78011;3918.5;5.88064;0;0;0.1;0.01;0;7.33753;0;0;-1
0;313;-50.6688;62.4885;-25.5808;8.75947;2815.28;5.26694;0;0;0.1;0.01;0;6.08587;0;0;-1
0;314;-51.7951;78.4791;-28.2589;8.72318;2780.44;5.24512;0;0;0.1;0.01;0;2.65279;0;0;-1
0;315;-36.4325;-82.1764;-26.5191;10.3133;4594.96;6.20124;0;0;0.1;0.01;0;6.19557;0;0;-1
0;316;-34.9867;-67.306;-26.8059;8.88636;2939.41;5.34324;0;0;0.1;0.01;0;6.99142;0;0;-1
0;317;-38.3677;-47.1073;-27.1484;10.1598;4392.83;6.10894;0;0;0.1;0.01;0;5.71274;0;0;-1
0;318;-36.0579;-30.0841;-26.0781;9.32899;3400.89;5.60939;0;0;0.1;0.01;0;6.11549;0;0;-1
0;319;-34.6357;-13.7612;-26.7994;8.77558;2830.85;5.27663;0;0;0.1;0.01;0;5.01446;0;0;-1
0;320;-36.5876;4.31506;-27.4457;8.5;2572.44;5.11093;0;0;0.1;0.01;0;4.19161;1;0;-1
0;321;-38.3589;18.5464;-27.4754;9.50184;3593.45;5.71332;0;0;0.1;0.01;0;5.45174;0;0;-1
0;322;-38.2429;34.5872;-25.1743;8.5;2572.44;5.11093;0;0;0.1;0.01;0;5.50097;1;0;-1
0;323;-37.648;52.2756;-27.8679;9.223;3286.29;5.54566;0;0;0.1;0.01;0;6.07394;0;0;-1
0;324;-38.2131;67.7247;-25.762;8.5;2572.44;5.11093;0;0;0.1;0.01;0;4.48528;1;0;-1
0;325;-35.5415;85.8448;-24.9498;10.2803;4550.99;6.1814;0;0;0.1;0.01;0;3.74641;0;0;-1
0;326;-21.7851;-90.7771;-25.2871;10.3383;4628.45;6.21627;0;0;0.1;0.01;0;3.9872;0;0;-1
0;327;-20.5826;-73.0886;-27.0249;10.1729;4409.84;6.11682;0;0;0.1;0.01;0;8.27849;0;0;-1
0;328;-20.3487;-59.162;-26.3079;9.74517;3876.65;5.85963;0;0;0.1;0.01;0;7.26885;0;0;-1
0;329;-22.0187;-40.587;-26.6545;8.61701;2680.15;5.18128;0;0;0.1;0.01;0;4.98749;0;0;-1
0;330;-21.3606;-21.1054;-24.9759;10.094;4308.03;6.06938;0;0;0.1;0.01;0;6.84212;0;0;-1
0;331;-19.7225;-5.48266;-28.0816;8.5;2572.44;5.11093;0;0;0.1;0.01;0;4.64786;1;0;-1
0;332;-21.3067;11.8061;-25.7739;8.5;2572.44;5.11093;0;0;0.1;0.01;0;4.00107;1;0;-1
0;333;-22.7767;28.7615;-27.7844;8.64731;2708.52;5.1995;0;0;0.1;0.01;0;5.10119;0;0;-1
0;334;-21.2657;44.7687;-27.8812;9.74786;3879.86;5.86125;0;0;0.1;0.01;0;5.84235;0;0;-1
0;335;-21.6914;62.1743;-26.6112;9.66986;3787.47;5.81435;0;0;0.1;0.01;0;6.33782;0;0;-1
0;336;-22.8375;78.7612;-27.9095;9.43208;3514.88;5.67137;0;0;0.1;0.01;0;5.63061;0;0;-1
0;337;-5.94117;-81.2668;-28.6483;9.37792;3454.68;5.63881;0;0;0.1;0.01;0;6.09271;0;0;-1
0;338;-7.90892;-66.6031;-26.3307;9.47884;3567.42;5.69949;0;0;0.1;0.01;0;6.68848;0;0;-1
0;339;-8.5642;-48.593;-24.3774;9.13807;3196.33;5.49459;0;0;0.1;0.01;0;5.18514;0;0;-1
0;340;-8.20505;-29.6908;-25.5468;8.77274;2828.1;5.27492;0;0;0.1;0.01;0;5.56519;0;0;-1
0;341;-6.01282;-13.3242;-27.8113;9.41095;3491.31;5.65867;0;0;0.1;0.01;0;6.59739;0;0;-1
0;342;-5.49413;1.9281;-27.6483;8.53399;2603.42;5.13136;0;0;0.1;0.01;0;5.71091;0;0;-1
0;343;-6.60986;21.1289;-25.6331;9.60397;3710.57;5.77473;0;0;0.1;0.01;0;6.69965;0;0;-1
0;344;-7.09519;35.4104;-27.1002;9.34522;3418.67;5.61915;0;0;0.1;0.01;0;7.48441;0;0;-1
0;345;-7.92785;51.5139;-26.0284;8.65073;2711.73;5.20156;0;0;0.1;0.01;0;5.61331;0;0;-1
0;346;-9.34272;72.1631;-24.4857;8.6207;2683.59;5.1835;0;0;0.1;0.01;0;5.03892;0;0;-1
0;347;-9.10172;88.2372;-25.667;8.64271;2704.2;5.19674;0;0;0.1;0.01;0;3.97126;0;0;-1
0;348;9.34713;-90.476;-25.4121;10.3115;4592.55;6.20016;0;0;0.1;0.01;0;4.27717;0;0;-1
0;349;6.59719;-75.7937;-25.3133;9.7822;3921.01;5.88189;0;0;0.1;0.01;0;6.67393;0;0;-1
0;350;9.44445;-58.6599;-25.7728;9.33001;3402;5.61;0;0;0.1;0.01;0;5.80965;0;0;-1
0;351;5.73049;-40.0324;-25.3972;9.62018;3729.39;5.78447;0;0;0.1;0.01;0;6.09832;0;0;-1
0;352;8.26359;-25.5218;-26.5963;8.72878;2785.8;5.24849;0;0;0.1;0.01;0;5.85892;0;0;-1
0;353;9.02231;-8.76404;-27.6947;10.2426;4501.11;6.15873;0;0;0.1;0.01;0;6.79746;0;0;-1
0;354;5.5156;9.93472;-25.513;9.14542;3204.05;5.49901;0;0;0.1;0.01;0;4.58379;0;0;-1
0;355;9.43773;29.328;-27.6627;10.081;4291.4;6.06156;0;0;0.1;0.01;0;6.86089;0;0;-1
0;356;6.25207;44.0467;-25.2395;10.3766;4680.09;6.2393;0;0;0.1;0.01;0;7.2006;0;0;-1
0;357;6.86876;63.4089;-24.6213;10.1832;4423.25;6.12301;0;0;0.1;0.01;0;6.8082;0;0;-1
0;358;5.89614;78.2844;-28.0028;9.05381;3108.73;5.44392;0;0;0.1;0.01;0;5.55868;0;0;-1
0;359;8.24488;95.6169;-26.8396;10.0208;4214.98;6.02536;0;0;0.1;0.01;0;2.99709;0;0;-1
0;360;22.5774;-82.3691;-25.2133;9.14669;3205.39;5.49977;0;0;0.1;0.01;0;4.65802;0;0;-1
0;361;23.7009;-65.8964;-25.4764;9.51617;3609.73;5.72193;0;0;0.1;0.01;0;5.43841;0;0;-1
0;362;23.2748;-47.2935;-27.433;10.114;4333.69;6.0814;0;0;0.1;0.01;0;6.26076;0;0;-1
0;363;22.79;-31.7628;-26.0505;9.7203;3847.05;5.84468;0;0;0.1;0.01;0;6.89782;0;0;-1
0;364;22.1288;-16.09;-25.5877;10.0142;4206.66;6.02139;0;0;0.1;0.01;0;6.72981;0;0;-1
0;365;22.3169;1.01299;-26.8028;9.03568;3090.09;5.43302;0;0;0.1;0.01;0;5.17141;0;0;-1
0;366;23.3909;18.1874;-28.0129;9.62583;3735.97;5.78787;0;0;0.1;0.01;0;6.25454;0;0;-1
0;367;23.251;34.9363;-27.5213;9.48752;3577.23;5.70471;0;0;0.1;0.01;0;7.41967;0;0;-1
0;368;20.5929;51.1111;-24.5181;9.78732;3927.17;5.88497;0;0;0.1;0.01;0;6.26111;0;0;-1
0;369;20.2919;69.1505;-26.9533;9.41126;3491.66;5.65885;0;0;0.1;0.01;0;5.36236;0;0;-1
0;370;23.3573;84.5721;-24.8006;9.48309;3572.22;5.70204;0;0;0.1;0.01;0;4.90031;0;0;-1
0;371;38.0644;-75.9933;-27.1013;9.08221;3138.07;5.461;0;0;0.1;0.01;0;3.94052;0;0;-1
0;372;35.2268;-56.92;-27.0355;8.68961;2748.46;5.22494;0;0;0.1;0.01;0;5.60731;0;0;-1
0;373;37.53;-39.9436;-26.8241;9.92192;4091.44;5.96591;0;0;0.1;0.01;0;7.96789;0;0;-1
0;374;37.6935;-23.1699;-27.6903;9.98008;4163.81;6.00088;0;0;0.1;0.01;0;7.59051;0;0;-1
0;375;37.4553;-7.2116;-24.8378;9.68117;3800.77;5.82115;0;0;0.1;0.01;0;6.57058;0;0;-1
0;376;35.1295;8.91553;-26.788;8.8148;2868.97;5.30021;0;0;0.1;0.01;0;5.30755;0;0;-1
0;377;37.2297;25.3891;-24.7118;9.96675;4147.15;5.99286;0;0;0.1;0.01;0;6.87931;0;0;-1
0;378;37.0144;42.1403;-27.1001;9.84583;3998.03;5.92015;0;0;0.1;0.01;0;6.5799;0;0;-1
0;379;38.4513;63.6786;-24.9026;8.5;2572.44;5.11093;0;0;0.1;0.01;0;4.58618;1;0;-1
0;380;36.7486;78.8117;-24.875;8.5;2572.44;5.11093;0;0;0.1;0.01;0;4.35214;1;0;-1
0;381;50.4404;-66.6509;-24.7855;10.2137;4463.11;6.14135;0;0;0.1;0.01;0;5.56935;0;0;-1
0;382;49.964;-50.7704;-25.2881;10.1728;4409.71;6.11676;0;0;0.1;0.01;0;6.8526;0;0;-1
0;383;50.0747;-33.418;-25.0325;8.55599;2623.61;5.14459;0;0;0.1;0.01;0;5.20337;0;0;-1
0;384;52.7133;-15.562;-26.8582;9.21838;3281.35;5.54288;0;0;0.1;0.01;0;6.25925;0;0;-1
0;385;51.8214;1.73412;-28.3331;10.0155;4208.3;6.02217;0;0;0.1;0.01;0;7.16839;0;0;-1
0;386;50.1083;17.7949;-28.5147;9.04577;3100.45;5.43909;0;0;0.1;0.01;0;6.16719;0;0;-1
0;387;50.3062;34.8907;-25.0705;9.38364;3461.01;5.64225;0;0;0.1;0.01;0;5.57656;0;0;-1
0;388;52.9796;54.7663;-24.6996;8.65695;2717.59;5.2053;0;0;0.1;0.01;0;4.39751;0;0;-1
0;389;52.2009;72.6206;-26.9404;9.78828;3928.33;5.88555;0;0;0.1;0.01;0;4.37842;0;0;-1
0;390;66.3625;-59.2054;-27.6358;8.99162;3045.11;5.40653;0;0;0.1;0.01;0;4.13129;0;0;-1
0;391;66.6355;-42.2252;-25.0388;8.84857;2902.07;5.32052;0;0;0.1;0.01;0;5.48497;0;0;-1
0;392;67.4834;-23.2453;-24.8719;10.3678;4668.19;6.23401;0;0;0.1;0.01;0;6.53816;0;0;-1
0;393;65.5589;-5.60182;-26.9241;8.9529;3005.94;5.38325;0;0;0.1;0.01;0;6.84001;0;0;-1
0;394;66.5847;9.45266;-25.0941;9.2484;3313.51;5.56093;0;0;0.1;0.01;0;5.82303;0;0;-1
0;395;64.8734;25.4089;-25.6023;9.8348;3984.6;5.91352;0;0;0.1;0.01;0;4.80897;0;0;-1
0;396;66.3798;46.509;-25.9023;10.0347;4232.55;6.03372;0;0;0.1;0.01;0;5.81779;0;0;-1
0;397;65.0712;62.2775;-27.5157;10.0508;4252.95;6.0434;0;0;0.1;0.01;0;4.96937;0;0;-1
0;398;79.4159;-51.2642;-25.8186;10.1042;4321.1;6.07551;0;0;0.1;0.01;0;2.17888;0;0;-1
0;399;81.8802;-34.2044;-24.8293;10.2512;4512.45;6.1639;0;0;0.1;0.01;0;3.41445;0;0;-1
0;400;80.7488;-16.8122;-25.3536;8.88357;2936.64;5.34156;0;0;0.1;0.01;0;4.46813;0;0;-1
0;401;79.799;-0.229851;-26.2406;9.30496;3374.68;5.59494;0;0;0.1;0.01;0;4.87271;0;0;-1
0;402;83.2168;17.7942;-25.2708;9.79833;3940.44;5.89159;0;0;0.1;0.01;0;4.1458;0;0;-1
0;403;79.0957;33.769;-27.9896;8.5;2572.44;5.11093;0;0;0.1;0.01;0;3.36603;1;0;-1
0;404;79.3724;54.6226;-26.5436;10.3516;4646.34;6.22427;0;0;0.1;0.01;0;2.70828;0;0;-1
0;405;-98.4428;0.960583;-11.8058;10.2755;4544.62;6.17851;0;0;0.1;0.01;0;3.70364;0;0;-1
0;406;-84.286;-42.0851;-11.2498;9.08598;3141.98;5.46327;0;0;0.1;0.01;0;3.46776;0;0;-1
0;407;-84.3751;-23.5366;-10.3074;10.4098;4725.15;6.25926;0;0;0.1;0.01;0;5.7045;0;0;-1
0;408;-85.2189;-7.13862;-12.4847;8.91246;2965.39;5.35893;0;0;0.1;0.01;0;5.26793;0;0;-1
0;409;-83.3458;11.6469;-11.9288;10.149;4378.83;6.10245;0;0;0.1;0.01;0;5.92264;0;0;-1
0;410;-84.8125;29.138;-12.4374;8.5;2572.44;5.11093;0;0;0.1;0.01;0;4.12896;1;0;-1
0;411;-84.0325;42.495;-11.3131;9.39125;3469.44;5.64682;0;0;0.1;0.01;0;4.12631;0;0;-1
0;412;-70.8143;-68.4408;-10.0646;8.78734;2842.24;5.2837;0;0;0.1;0.01;0;2.13512;0;0;-1
0;413;-69.2301;-49.2687;-11.9984;9.51949;3613.51;5.72393;0;0;0.1;0.01;0;4.76689;0;0;-1
0;414;-69.894;-32.559;-10.1407;9.37135;3447.43;5.63486;0;0;0.1;0.01;0;6.79619;0;0;-1
0;415;-72.162;-15.7399;-11.6958;9.40543;3485.17;5.65535;0;0;0.1;0.01;0;6.58627;0;0;-1
0;416;-70.7966;3.17384;-10.3077;8.76929;2824.76;5.27285;0;0;0.1;0.01;0;6.07213;0;0;-1
0;417;-68.3528;17.3748;-12.9561;8.58719;2652.42;5.16335;0;0;0.1;0.01;0;4.93375;0;0;-1
0;418;-69.4929;36.4704;-11.9833;9.59908;3704.91;5.77179;0;0;0.1;0.01;0;6.33957;0;0;-1
0;419;-71.9178;53.787;-13.0204;8.9755;3028.76;5.39684;0;0;0.1;0.01;0;4.41642;0;0;-1
0;420;-54.2899;-75.1291;-9.72109;8.85847;2911.82;5.32647;0;0;0.1;0.01;0;3.81552;0;0;-1
0;421;-56.6172;-58.2386;-12.349;9.39962;3478.72;5.65186;0;0;0.1;0.01;0;5.38545;0;0;-1
0;422;-57.3293;-39.2013;-10.3176;8.57706;2643.04;5.15726;0;0;0.1;0.01;0;5.5645;0;0;-1
0;423;-57.312;-23.9559;-11.8585;8.5;2572.44;5.11093;0;0;0.1;0.01;0;5.49135;1;0;-1
0;424;-55.2359;-7.21812;-11.8076;9.00601;3059.75;5.41518;0;0;0.1;0.01;0;5.50058;0;0;-1
0;425;-54.3078;8.60164;-12.5454;10.0595;4264.01;6.04863;0;0;0.1;0.01;0;5.98817;0;0;-1
0;426;-57.3409;29.7672;-12.819;8.5;2572.44;5.11093;0;0;0.1;0.01;0;5.63856;1;0;-1
0;427;-55.112;44.7204;-11.8277;9.28257;3350.37;5.58147;0;0;0.1;0.01;0;6.85548;0;0;-1
0;428;-57.9549;60.0329;-10.684;9.74725;3879.14;5.86088;0;0;0.1;0.01;0;5.45004;0;0;-1
0;429;-42.7879;-83.6419;-13.2567;10.0889;4301.5;6.06631;0;0;0.1;0.01;0;4.25708;0;0;-1
0;430;-39.3584;-64.6263;-11.5687;9.79525;3936.73;5.88974;0;0;0.1;0.01;0;5.6105;0;0;-1
0;431;-41.048;-49.3539;-10.6933;8.52157;2592.07;5.1239;0;0;0.1;0.01;0;5.07737;0;0;-1
0;432;-41.2212;-32.603;-12.3583;9.80366;3946.87;5.8948;0;0;0.1;0.01;0;6.13784;0;0;-1
0;433;-42.0827;-14.3472;-13.5193;10.014;4206.41;6.02127;0;0;0.1;0.01;0;6.08279;0;0;-1
0;434;-40.9217;3.07367;-10.7842;9.48602;3575.53;5.70381;0;0;0.1;0.01;0;5.76899;0;0;-1
0;435;-39.4026;20.0905;-11.2035;10.0097;4200.99;6.01869;0;0;0.1;0.01;0;6.27823;0;0;-1
0;436;-42.1284;36.9042;-13.1721;9.33057;3402.62;5.61034;0;0;0.1;0.01;0;7.19973;0;0;-1
0;437;-42.6519;52.2165;-12.6262;8.5;2572.44;5.11093;0;0;0.1;0.01;0;5.052;1;0;-1
0;438;-43.0046;70.6856;-12.5551;8.74544;2801.78;5.25851;0;0;0.1;0.01;0;4.72266;0;0;-1
0;439;-43.2523;85.1307;-13.3342;8.5;2572.44;5.11093;0;0;0.1;0.01;0;3.42617;1;0;-1
0;440;-27.9034;-93.1844;-13.0839;9.62079;3730.1;5.78484;0;0;0.1;0.01;0;4.31724;0;0;-1
0;441;-28.1473;-76.8692;-13.0076;10.1441;4372.49;6.0995;0;0;0.1;0.01;0;7.05514;0;0;-1
0;442;-24.6953;-56.574;-12.2888;10.3899;4698.1;6.2473;0;0;0.1;0.01;0;7.30862;0;0;-1
0;443;-27.3648;-41.7537;-10.1877;10.4383;4764.07;6.2764;0;0;0.1;0.01;0;7.63316;0;0;-1
0;444;-26.6315;-22.2838;-11.8659;10.2193;4470.46;6.14472;0;0;0.1;0.01;0;6.64761;0;0;-1
0;445;-24.9533;-7.30926;-10.314;8.54228;2611.02;5.13635;0;0;0.1;0.01;0;4.69596;0;0;-1
0;446;-25.1418;9.1464;-10.2548;9.43114;3513.83;5.67081;0;0;0.1;0.01;0;5.17411;0;0;-1
0;447;-27.4333;28.4667;-10.5829;10.2555;4518.13;6.16648;0;0;0.1;0.01;0;6.15209;0;0;-1
0;448;-28.3072;42.9595;-10.7765;9.06343;3118.65;5.44971;0;0;0.1;0.01;0;5.62809;0;0;-1
0;449;-24.4486;59.0676;-12.8461;8.80537;2859.77;5.29454;0;0;0.1;0.01;0;4.53588;0;0;-1
0;450;-24.774;77.7036;-12.2432;9.85517;4009.41;5.92577;0;0;0.1;0.01;0;6.45238;0;0;-1
0;451;-24.8594;94.6711;-14.0147;10.1999;4445.05;6.13305;0;0;0.1;0.01;0;3.54491;0;0;-1
0;452;-13.5506;-83.3045;-11.0882;8.5;2572.44;5.11093;0;0;0.1;0.01;0;4.45328;1;0;-1
0;453;-12.7728;-65.4523;-13.2559;8.5;2572.44;5.11093;0;0;0.1;0.01;0;5.52755;1;0;-1
0;454;-12.6963;-48.4387;-9.71103;9.49539;3586.14;5.70944;0;0;0.1;0.01;0;6.60849;0;0;-1
0;455;-11.4475;-32.3664;-11.7603;10.4018;4714.27;6.25445;0;0;0.1;0.01;0;7.25686;0;0;-1
0;456;-10.3911;-14.2705;-10.7225;8.5;2572.44;5.11093;0;0;0.1;0.01;0;6.05838;1;0;-1
0;457;-10.7165;0.963185;-11.604;10.2021;4447.92;6.13437;0;0;0.1;0.01;0;7.16063;0;0;-1
0;458;-10.7345;16.9706;-11.6207;9.08701;3143.05;5.46389;0;0;0.1;0.01;0;5.76841;0;0;-1
0;459;-11.5957;34.2434;-12.5413;8.56015;2627.44;5.14709;0;0;0.1;0.01;0;4.62003;0;0;-1
0;460;-10.356;50.9671;-10.6085;8.54843;2616.66;5.14005;0;0;0.1;0.01;0;5.2206;0;0;-1
0;461;-10.5258;67.4169;-11.6356;9.0735;3129.05;5.45576;0;0;0.1;0.01;0;5.90982;0;0;-1
0;462;-11.6969;87.2557;-12.4299;8.5;2572.44;5.11093;0;0;0.1;0.01;0;4.79543;1;0;-1
0;463;4.39646;-91.55;-10.5872;8.69412;2752.74;5.22765;0;0;0.1;0.01;0;3.76662;0;0;-1
0;464;1.54341;-75.9953;-12.1259;8.5;2572.44;5.11093;0;0;0.1;0.01;0;5.49025;1;0;-1
0;465;1.34351;-59.4755;-12.8587;8.86284;2916.13;5.3291;0;0;0.1;0.01;0;6.06231;0;0;-1
0;466;1.67991;-41.2622;-12.6214;9.63019;3741.05;5.79049;0;0;0.1;0.01;0;6.53674;0;0;-1
0;467;1.26554;-21.5687;-10.465;9.21799;3280.93;5.54264;0;0;0.1;0.01;0;6.60806;0;0;-1
0;468;1.59452;-7.44776;-12.1265;8.63646;2698.34;5.19298;0;0;0.1;0.01;0;6.12665;0;0;-1
0;469;3.27856;8.17288;-12.2777;10.1133;4332.79;6.08098;0;0;0.1;0.01;0;6.21215;0;0;-1
0;470;3.19082;25.1301;-13.555;9.05314;3108.04;5.44352;0;0;0.1;0.01;0;4.72204;0;0;-1
0;471;1.98531;43.7641;-10.4937;9.3009;3370.26;5.5925;0;0;0.1;0.01;0;5.57729;0;0;-1
0;472;2.33491;59.5211;-10.7496;9.45512;3540.71;5.68523;0;0;0.1;0.01;0;6.58735;0;0;-1
0;473;2.70556;76.7461;-10.3937;8.91847;2971.39;5.36255;0;0;0.1;0.01;0;6.03355;0;0;-1
0;474;3.09407;94.04;-11.4642;10.2647;4530.3;6.17202;0;0;0.1;0.01;0;4.46;0;0;-1
0;475;18.8196;-85.1766;-10.5396;9.35595;3430.46;5.6256;0;0;0.1;0.01;0;5.80138;0;0;-1
0;476;16.0707;-68.1911;-10.5149;9.47166;3559.32;5.69517;0;0;0.1;0.01;0;6.35281;0;0;-1
0;477;15.9663;-51.4684;-9.87665;9.86583;4022.44;5.93218;0;0;0.1;0.01;0;5.77842;0;0;-1
0;478;15.5236;-33.3904;-10.521;9.65096;3765.3;5.80298;0;0;0.1;0.01;0;5.74257;0;0;-1
0;479;16.0378;-16.2969;-11.4691;8.57311;2639.39;5.15489;0;0;0.1;0.01;0;5.90821;0;0;-1
0;480;16.4168;1.11827;-11.4611;9.38448;3461.94;5.64275;0;0;0.1;0.01;0;5.57976;0;0;-1
0;481;19.4879;20.9011;-10.8778;9.88972;4051.73;5.94655;0;0;0.1;0.01;0;6.04954;0;0;-1
0;482;19.6266;38.1916;-13.1696;8.5;2572.44;5.11093;0;0;0.1;0.01;0;5.08424;1;0;-1
0;483;18.1849;54.5344;-11.4742;8.5;2572.44;5.11093;0;0;0.1;0.01;0;4.93062;1;0;-1
0;484;17.3053;71.4358;-10.3212;10.3965;4707.06;6.25126;0;0;0.1;0.01;0;7.1112;0;0;-1
0;485;15.6958;84.97;-12.5758;8.5;2572.44;5.11093;0;0;0.1;0.01;0;5.45218;1;0;-1
0;486;31.9472;-93.7216;-12.0406;8.83098;2884.8;5.30994;0;0;0.1;0.01;0;1.85798;0;0;-1
0;487;33.3586;-76.6489;-12.3233;9.41174;3492.19;5.65914;0;0;0.1;0.01;0;5.65272;0;0;-1
0;488;32.8884;-55.3893;-10.3537;9.45135;3536.47;5.68296;0;0;0.1;0.01;0;4.9931;0;0;-1
0;489;34.1668;-38.8923;-10.123;9.62386;3733.67;5.78669;0;0;0.1;0.01;0;6.14457;0;0;-1
0;490;31.2316;-21.358;-12.279;9.89423;4057.28;5.94926;0;0;0.1;0.01;0;7.10784;0;0;-1
0;491;33.1372;-6.33848;-10.7754;8.88235;2935.43;5.34083;0;0;0.1;0.01;0;5.56343;0;0;-1
0;492;33.5004;11.7941;-12.9127;10.3784;4682.52;6.24038;0;0;0.1;0.01;0;7.01872;0;0;-1
0;493;31.4718;29.0542;-10.835;9.24443;3309.25;5.55854;0;0;0.1;0.01;0;6.82118;0;0;-1
0;494;33.5358;46.2649;-13.2498;9.56238;3662.58;5.74972;0;0;0.1;0.01;0;5.98825;0;0;-1
0;495;32.7914;63.4889;-10.3655;8.6173;2680.42;5.18146;0;0;0.1;0.01;0;5.98503;0;0;-1
0;496;32.2655;79.3824;-10.1273;10.0567;4260.45;6.04695;0;0;0.1;0.01;0;6.38671;0;0;-1
0;497;45.9707;-82.9353;-10.7926;8.5;2572.44;5.11093;0;0;0.1;0.01;0;4.15553;1;0;-1
0;498;48.1305;-67.8877;-11.4513;9.53328;3629.24;5.73222;0;0;0.1;0.01;0;6.01255;0;0;-1
0;499;47.7011;-47.7296;-11.9666;9.34097;3414.01;5.61659;0;0;0.1;0.01;0;6.11581;0;0;-1
0;500;48.6143;-31.711;-12.5209;9.05733;3112.36;5.44604;0;0;0.1;0.01;0;5.54105;0;0;-1
0;501;45.5587;-14.7391;-10.9516;9.15165;3210.6;5.50275;0;0;0.1;0.01;0;6.26668;0;0;-1
0;502;46.5939;0.435266;-11.0264;10.1585;4391.14;6.10816;0;0;0.1;0.01;0;7.44622;0;0;-1
0;503;47.7367;18.117;-13.4335;10.1742;4411.53;6.1176;0;0;0.1;0.01;0;7.74631;0;0;-1
0;504;47.8987;34.6504;-10.5416;9.51622;3609.79;5.72196;0;0;0.1;0.01;0;6.42762;0;0;-1
0;505;45.9459;55.1929;-12.497;8.5;2572.44;5.11093;0;0;0.1;0.01;0;5.01911;1;0;-1
0;506;46.2862;68.4968;-10.0124;9.24156;3306.16;5.55682;0;0;0.1;0.01;0;6.17027;0;0;-1
0;507;47.6967;85.6451;-13.0953;8.6403;2701.94;5.19529;0;0;0.1;0.01;0;2.33859;0;0;-1
0;508;61.0963;-74.2496;-11.2911;10.3036;4582.01;6.19541;0;0;0.1;0.01;0;3.19779;0;0;-1
0;509;60.3061;-56.0667;-13.3011;9.61516;3723.56;5.78146;0;0;0.1;0.01;0;6.39307;0;0;-1
0;510;61.4407;-42.1463;-11.6183;9.39919;3478.24;5.6516;0;0;0.1;0.01;0;6.4132;0;0;-1
0;511;62.5784;-25.7835;-11.8664;9.28468;3352.66;5.58274;0;0;0.1;0.01;0;5.84206;0;0;-1
0;512;62.7437;-7.65113;-11.5024;9.83406;3983.7;5.91308;0;0;0.1;0.01;0;6.46797;0;0;-1
0;513;60.7352;9.37241;-12.8089;10.2245;4477.29;6.14784;0;0;0.1;0.01;0;6.65898;0;0;-1
0;514;61.9728;28.7566;-10.2194;9.92591;4096.37;5.96831;0;0;0.1;0.01;0;6.30878;0;0;-1
0;515;62.674;45.9882;-11.1305;9.50542;3597.51;5.71547;0;0;0.1;0.01;0;5.70339;0;0;-1
0;516;63.2341;63.5891;-10.7999;10.0981;4313.28;6.07184;0;0;0.1;0.01;0;5.33276;0;0;-1
0;517;61.0452;77.925;-13.7903;8.90529;2958.24;5.35462;0;0;0.1;0.01;0;2.77217;0;0;-1
0;518;77.6034;-47.528;-10.8039;8.5;2572.44;5.11093;0;0;0.1;0.01;0;3.89253;1;0;-1
0;519;77.3325;-30.0361;-11.2383;8.60685;2670.68;5.17517;0;0;0.1;0.01;0;5.62938;0;0;-1
0;520;75.2993;-14.4397;-10.853;10.4528;4783.95;6.28512;0;0;0.1;0.01;0;7.80062;0;0;-1
0;521;74.9423;1.12007;-10.9958;8.5;2572.44;5.11093;0;0;0.1;0.01;0;6.16613;1;0;-1
0;522;76.6091;18.0105;-13.3394;8.69993;2758.26;5.23114;0;0;0.1;0.01;0;5.75036;0;0;-1
0;523;75.0679;34.8484;-12.7118;8.5;2572.44;5.11093;0;0;0.1;0.01;0;5.25447;1;0;-1
0;524;75.3407;51.4809;-10.2366;9.24246;3307.13;5.55736;0;0;0.1;0.01;0;5.72043;0;0;-1
0;525;89.5846;-22.1749;-11.9588;8.5;2572.44;5.11093;0;0;0.1;0.01;0;3.78974;1;0;-1
0;526;90.0677;-4.25151;-10.148;9.67018;3787.85;5.81454;0;0;0.1;0.01;0;4.12097;0;0;-1
0;527;89.5569;12.0101;-11.0247;8.94815;3001.15;5.38039;0;0;0.1;0.01;0;4.80375;0;0;-1
0;528;89.4268;27.0287;-11.1987;8.57982;2645.59;5.15892;0;0;0.1;0.01;0;4.51719;0;0;-1
0;529;89.2372;43.5625;-9.84104;10.0381;4236.85;6.03576;0;0;0.1;0.01;0;3.29431;0;0;-1
0;530;-93.9344;-16.5788;2.39689;9.45997;3546.16;5.68814;0;0;0.1;0.01;0;3.17152;0;0;-1
0;531;-95.6885;2.72669;3.43165;9.65336;3768.11;5.80443;0;0;0.1;0.01;0;3.78278;0;0;-1
0;532;-95.9054;18.6865;2.16094;10.2032;4449.36;6.13504;0;0;0.1;0.01;0;3.23964;0;0;-1
0;533;-79.6792;-55.9201;3.03961;8.5;2572.44;5.11093;0;0;0.1;0.01;0;2.63974;1;0;-1
0;534;-82.6274;-41.5222;4.68002;9.80047;3943.02;5.89288;0;0;0.1;0.01;0;4.17453;0;0;-1
0;535;-80.5974;-23.2249;2.97085;9.80139;3944.13;5.89343;0;0;0.1;0.01;0;6.45376;0;0;-1
0;536;-79.8675;-6.1378;3.7216;9.46528;3552.13;5.69134;0;0;0.1;0.01;0;5.92474;0;0;-1
0;537;-81.7946;10.3557;2.71491;8.90491;2957.86;5.35439;0;0;0.1;0.01;0;4.70887;0;0;-1
0;538;-80.5967;25.4906;1.20635;8.5;2572.44;5.11093;0;0;0.1;0.01;0;3.69674;1;0;-1
0;539;-82.6813;44.0741;2.76934;10.2457;4505.19;6.16059;0;0;0.1;0.01;0;4.42272;0;0;-1
0;540;-78.9046;61.1295;3.37411;9.4202;3501.62;5.66423;0;0;0.1;0.01;0;2.56027;0;0;-1
0;541;-63.8852;-65.5104;1.67783;8.86781;2921.04;5.33209;0;0;0.1;0.01;0;4.00856;0;0;-1
0;542;-64.2794;-47.2869;4.40083;10.2617;4526.33;6.17021;0;0;0.1;0.01;0;6.23363;0;0;-1
0;543;-68.3939;-33.051;3.55347;8.92266;2975.58;5.36507;0;0;0.1;0.01;0;5.75743;0;0;-1
0;544;-67.7962;-14.8215;1.72118;10.4365;4761.6;6.27532;0;0;0.1;0.01;0;6.92604;0;0;-1
0;545;-67.1938;0.400755;3.73478;10.3306;4618.12;6.21164;0;0;0.1;0.01;0;6.93424;0;0;-1
0;546;-64.7297;17.1275;3.36821;10.4477;4776.95;6.28205;0;0;0.1;0.01;0;6.01934;0;0;-1
0;547;-65.1802;36.5243;3.09484;10.4249;4745.74;6.26834;0;0;0.1;0.01;0;6.60327;0;0;-1
0;548;-65.5675;52.0326;3.22522;9.47993;3568.65;5.70014;0;0;0.1;0.01;0;5.47996;0;0;-1
0;549;-64.9475;70.4082;3.16223;8.5;2572.44;5.11093;0;0;0.1;0.01;0;2.34924;1;0;-1
0;550;-49.9101;-75.3326;3.24175;8.5823;2647.89;5.16041;0;0;0.1;0.01;0;5.00687;0;0;-1
0;551;-50.3466;-59.3874;4.20982;8.71413;2771.79;5.23968;0;0;0.1;0.01;0;5.5059;0;0;-1
0;552;-50.9563;-42.33;3.33842;8.72965;2786.63;5.24901;0;0;0.1;0.01;0;5.46123;0;0;-1
0;553;-52.1148;-24.476;3.65849;8.58632;2651.61;5.16283;0;0;0.1;0.01;0;4.18546;0;0;-1
0;554;-49.6375;-5.37389;2.15264;8.5;2572.44;5.11093;0;0;0.1;0.01;0;4.355;1;0;-1
0;555;-52.3031;10.0581;3.75582;8.5;2572.44;5.11093;0;0;0.1;0.01;0;4.98826;1;0;-1
0;556;-52.7533;25.8377;2.70034;8.5;2572.44;5.11093;0;0;0.1;0.01;0;5.48494;1;0;-1
0;557;-50.2685;42.9862;5.11437;9.8444;3996.28;5.91929;0;0;0.1;0.01;0;5.97212;0;0;-1
0;558;-50.7545;63.4594;1.83299;9.04923;3104.01;5.44117;0;0;0.1;0.01;0;5.21397;0;0;-1
0;559;-51.4555;78.1179;1.28931;9.76208;3896.87;5.8698;0;0;0.1;0.01;0;4.43751;0;0;-1
0;560;-34.9778;-84.0154;3.44327;9.36644;3442.01;5.6319;0;0;0.1;0.01;0;5.15407;0;0;-1
0;561;-38.5015;-67.3845;3.24585;9.15764;3216.91;5.50636;0;0;0.1;0.01;0;5.35431;0;0;-1
0;562;-36.7018;-50.3902;4.12296;8.5;2572.44;5.11093;0;0;0.1;0.01;0;5.17166;1;0;-1
0;563;-35.8307;-32.6242;2.67893;9.95707;4135.07;5.98704;0;0;0.1;0.01;0;6.05425;0;0;-1
0;564;-38.0806;-14.089;3.1552;8.97516;3028.41;5.39663;0;0;0.1;0.01;0;4.98339;0;0;-1
0;565;-36.6345;3.18189;4.03815;8.90095;2953.91;5.35201;0;0;0.1;0.01;0;5.85654;0;0;-1
0;566;-38.1394;19.9731;2.91991;10.1518;4382.46;6.10413;0;0;0.1;0.01;0;6.86706;0;0;-1
0;567;-38.1926;36.3085;1.02512;8.89588;2948.87;5.34896;0;0;0.1;0.01;0;5.9324;0;0;-1
0;568;-35.4185;50.844;2.86519;9.82839;3976.82;5.90967;0;0;0.1;0.01;0;5.01486;0;0;-1
0;569;-35.7474;71.7416;1.33852;10.4423;4769.55;6.2788;0;0;0.1;0.01;0;6.28729;0;0;-1
0;570;-35.3304;87.8922;3.29262;9.58234;3685.56;5.76172;0;0;0.1;0.01;0;5.14436;0;0;-1
0;571;-20.7824;-93.6573;1.59935;9.51832;3612.18;5.72323;0;0;0.1;0.01;0;4.31159;0;0;-1
0;572;-20.5618;-76.6033;4.5972;8.53528;2604.61;5.13214;0;0;0.1;0.01;0;5.26389;0;0;-1
0;573;-23.6224;-57.641;1.53673;9.2155;3278.27;5.54115;0;0;0.1;0.01;0;6.00431;0;0;-1
0;574;-23.2234;-40.3602;2.14149;9.25268;3318.11;5.5635;0;0;0.1;0.01;0;6.41802;0;0;-1
0;575;-21.1679;-23.0805;3.57263;8.5;2572.44;5.11093;0;0;0.1;0.01;0;5.39735;1;0;-1
0;576;-20.5807;-5.19255;3.34599;8.55675;2624.31;5.14505;0;0;0.1;0.01;0;6.15994;0;0;-1
0;577;-20.1911;9.99429;4.0724;10.1133;4332.79;6.08098;0;0;0.1;0.01;0;6.8992;0;0;-1
0;578;-23.9402;27.524;1.88981;8.5874;2652.61;5.16348;0;0;0.1;0.01;0;3.99314;0;0;-1
0;579;-19.933;46.9963;1.82885;9.19996;3261.72;5.5318;0;0;0.1;0.01;0;4.54739;0;0;-1
0;580;-22.0297;63.3231;2.16362;9.89483;4058.01;5.94962;0;0;0.1;0.01;0;6.65759;0;0;-1
0;581;-22.1875;77.5578;1.90775;9.60554;3712.39;5.77567;0;0;0.1;0.01;0;6.1988;0;0;-1
0;582;-23.3647;96.2355;1.35546;9.90756;4073.7;5.95727;0;0;0.1;0.01;0;3.42103;0;0;-1
0;583;-7.07124;-98.951;0.929225;10.0776;4287.06;6.05951;0;0;0.1;0.01;0;2.97434;0;0;-1
0;584;-5.64326;-81.0566;3.71216;8.73414;2790.93;5.25171;0;0;0.1;0.01;0;5.62677;0;0;-1
0;585;-9.0824;-66.6466;2.76948;10.3839;4689.97;6.24369;0;0;0.1;0.01;0;5.75139;0;0;-1
0;586;-7.63435;-49.2568;2.31102;8.64791;2709.08;5.19986;0;0;0.1;0.01;0;5.09459;0;0;-1
0;587;-7.46789;-29.9747;2.51358;9.4445;3528.79;5.67884;0;0;0.1;0.01;0;6.35173;0;0;-1
0;588;-8.77797;-14.1917;3.11985;9.71029;3835.18;5.83866;0;0;0.1;0.01;0;6.88004;0;0;-1
0;589;-7.88506;1.80605;3.77029;8.5;2572.44;5.11093;0;0;0.1;0.01;0;5.8999;1;0;-1
0;590;-6.29645;17.3555;1.3404;8.51996;2590.61;5.12293;0;0;0.1;0.01;0;5.93106;0;0;-1
0;591;-6.16681;34.6563;3.69793;9.22465;3288.05;5.54665;0;0;0.1;0.01;0;5.50694;0;0;-1
0;592;-5.76476;51.8007;3.54432;8.5;2572.44;5.11093;0;0;0.1;0.01;0;5.86892;1;0;-1
0;593;-7.56727;71.785;2.33028;10.3283;4615.04;6.21026;0;0;0.1;0.01;0;6.85547;0;0;-1
0;594;-9.20814;88.3778;3.68316;9.77079;3907.31;5.87503;0;0;0.1;0.01;0;4.97657;0;0;-1
0;595;8.04305;-92.1742;3.09671;8.71605;2773.63;5.24083;0;0;0.1;0.01;0;4.70644;0;0;-1
0;596;8.63333;-76.0919;1.82946;9.61678;3725.44;5.78243;0;0;0.1;0.01;0;7.03971;0;0;-1
0;597;5.95451;-58.9221;1.6884;10.096;4310.59;6.07058;0;0;0.1;0.01;0;6.91985;0;0;-1
0;598;7.03508;-42.736;3.58978;9.83689;3987.15;5.91478;0;0;0.1;0.01;0;6.72589;0;0;-1
0;599;7.54706;-24.9373;1.84682;9.5353;3631.55;5.73344;0;0;0.1;0.01;0;6.50616;0;0;-1
0;600;9.35732;-8.46363;4.44161;10.1237;4346.17;6.08723;0;0;0.1;0.01;0;5.93012;0;0;-1
0;601;5.73483;10.4486;2.77577;8.89902;2951.99;5.35085;0;0;0.1;0.01;0;4.96024;0;0;-1
0;602;7.62864;25.4189;2.11784;9.91149;4078.55;5.95964;0;0;0.1;0.01;0;6.08841;0;0;-1
0;603;8.38311;44.058;2.35016;8.5;2572.44;5.11093;0;0;0.1;0.01;0;5.04464;1;0;-1
0;604;6.91124;60.3885;1.62788;8.5;2572.44;5.11093;0;0;0.1;0.01;0;5.65684;1;0;-1
0;605;8.80197;76.5039;2.68034;8.62821;2690.61;5.18802;0;0;0.1;0.01;0;5.7979;0;0;-1
0;606;5.61144;97.9054;1.52203;9.70502;3828.93;5.83549;0;0;0.1;0.01;0;2.82613;0;0;-1
0;607;20.4561;-85.2902;2.17851;8.5;2572.44;5.11093;0;0;0.1;0.01;0;4.15232;1;0;-1
0;608;23.7065;-66.3246;2.73973;10.1485;4378.19;6.10215;0;0;0.1;0.01;0;5.92277;0;0;-1
0;609;22.3818;-47.3566;4.37993;8.61569;2678.91;5.18049;0;0;0.1;0.01;0;4.58341;0;0;-1
0;610;21.7412;-31.088;1.47858;8.5;2572.44;5.11093;0;0;0.1;0.01;0;5.78951;1;0;-1
0;611;21.4343;-14.7063;1.49521;8.5;2572.44;5.11093;0;0;0.1;0.01;0;5.46947;1;0;-1
0;612;23.2041;4.3379;1.19747;9.49255;3582.92;5.70773;0;0;0.1;0.01;0;5.44814;0;0;-1
0;613;23.3868;20.8332;4.67122;9.56391;3664.33;5.75064;0;0;0.1;0.01;0;6.83817;0;0;-1
0;614;21.9802;37.2959;4.96224;8.5;2572.44;5.11093;0;0;0.1;0.01;0;5.66002;1;0;-1
0;615;22.7745;51.4235;3.72386;9.88732;4048.78;5.9451;0;0;0.1;0.01;0;6.64399;0;0;-1
0;616;21.1329;67.7552;1.65787;9.16445;3224.09;5.51045;0;0;0.1;0.01;0;5.95764;0;0;-1
0;617;21.4048;89.4962;1.13606;10.1186;4339.6;6.08417;0;0;0.1;0.01;0;4.04244;0;0;-1
0;618;38.0415;-75.9263;1.66189;9.44408;3528.32;5.67859;0;0;0.1;0.01;0;6.03302;0;0;-1
0;619;38.5552;-59.5993;4.02407;8.64248;2703.98;5.1966;0;0;0.1;0.01;0;5.22676;0;0;-1
0;620;34.9056;-40.146;3.41154;8.9796;3032.91;5.3993;0;0;0.1;0.01;0;5.45052;0;0;-1
0;621;35.0457;-25.7222;1.20103;9.54414;3641.66;5.73875;0;0;0.1;0.01;0;6.10738;0;0;-1
0;622;38.019;-8.85423;4.48042;9.35846;3433.22;5.62711;0;0;0.1;0.01;0;6.01356;0;0;-1
0;623;37.2347;9.08474;1.45505;9.51894;3612.89;5.7236;0;0;0.1;0.01;0;5.74657;0;0;-1
0;624;36.6639;27.2509;2.87047;9.98295;4167.4;6.0026;0;0;0.1;0.01;0;6.51295;0;0;-1
0;625;35.928;44.5363;1.2165;10.3932;4702.58;6.24928;0;0;0.1;0.01;0;6.87845;0;0;-1
0;626;36.0999;62.7048;3.82669;10.293;4567.88;6.18903;0;0;0.1;0.01;0;7.8239;0;0;-1
0;627;37.6643;80.0019;2.52674;10.395;4705.03;6.25036;0;0;0.1;0.01;0;5.13883;0;0;-1
0;628;50.8389;-83.5291;2.9;8.5;2572.44;5.11093;0;0;0.1;0.01;0;2.98935;1;0;-1
0;629;52.18;-64.6123;4.04558;9.83279;3982.16;5.91231;0;0;0.1;0.01;0;5.58545;0;0;-1
0;630;50.3209;-48.4712;3.26078;10.1367;4362.93;6.09505;0;0;0.1;0.01;0;6.36273;0;0;-1
0;631;53.3991;-33.6523;4.7923;8.5;2572.44;5.11093;0;0;0.1;0.01;0;5.8121;1;0;-1
0;632;51.3836;-15.8275;2.99253;8.60239;2666.53;5.17249;0;0;0.1;0.01;0;5.11802;0;0;-1
0;633;52.161;1.13957;2.46287;8.51441;2585.55;5.11959;0;0;0.1;0.01;0;5.4348;0;0;-1
0;634;52.3784;17.0461;1.66526;9.47502;3563.11;5.69719;0;0;0.1;0.01;0;7.31212;0;0;-1
0;635;50.1845;34.3857;2.73517;9.80689;3950.78;5.89674;0;0;0.1;0.01;0;6.23184;0;0;-1
0;636;51.3786;54.6314;4.70044;8.5;2572.44;5.11093;0;0;0.1;0.01;0;5.01681;1;0;-1
0;637;50.0086;67.7086;3.26037;9.09874;3155.24;5.47094;0;0;0.1;0.01;0;4.69946;0;0;-1
0;638;68.0567;-56.0608;4.6878;9.91865;4087.39;5.96394;0;0;0.1;0.01;0;4.38702;0;0;-1
0;639;67.5929;-39.0435;2.39962;9.67029;3787.97;5.81461;0;0;0.1;0.01;0;7.09012;0;0;-1
0;640;64.7313;-24.1617;3.90189;8.59961;2663.94;5.17082;0;0;0.1;0.01;0;5.67766;0;0;-1
0;641;67.8222;-6.65889;4.4284;8.5;2572.44;5.11093;0;0;0.1;0.01;0;4.86787;1;0;-1
0;642;65.6276;12.2026;3.83465;10.2544;4516.68;6.16582;0;0;0.1;0.01;0;6.72113;0;0;-1
0;643;65.4868;25.9319;3.93554;8.5;2572.44;5.11093;0;0;0.1;0.01;0;6.09753;1;0;-1
0;644;66.9177;44.3145;4.35977;9.40417;3483.77;5.65459;0;0;0.1;0.01;0;5.69765;0;0;-1
0;645;67.4212;60.1775;4.32443;9.78995;3930.34;5.88655;0;0;0.1;0.01;0;4.46678;0;0;-1
0;646;82.3319;-47.3944;5.10571;9.16647;3226.23;5.51167;0;0;0.1;0.01;0;3.67495;0;0;-1
0;647;82.1688;-33.1108;3.18274;10.4059;4719.84;6.25692;0;0;0.1;0.01;0;5.82366;0;0;-1
0;648;81.3952;-15.7967;3.84268;9.58771;3691.76;5.76495;0;0;0.1;0.01;0;6.48973;0;0;-1
0;649;79.7747;0.0561419;1.87546;9.17655;3236.88;5.51773;0;0;0.1;0.01;0;5.72858;0;0;-1
0;650;80.9764;18.2586;2.44114;9.17519;3235.44;5.51691;0;0;0.1;0.01;0;6.64395;0;0;-1
0;651;82.5346;36.1031;4.08847;10.3563;4652.67;6.22709;0;0;0.1;0.01;0;5.55399;0;0;-1
0;652;82.8035;55.2988;4.89634;9.98006;4163.78;6.00087;0;0;0.1;0.01;0;2.84909;0;0;-1
0;653;95.8378;-23.3872;2.10162;10.372;4673.86;6.23653;0;0;0.1;0.01;0;3.62862;0;0;-1
0;654;96.3586;-7.56507;4.22483;9.30892;3378.99;5.59732;0;0;0.1;0.01;0;3.40693;0;0;-1
0;655;94.5244;12.115;1.93041;9.59168;3696.35;5.76734;0;0;0.1;0.01;0;4.21368;0;0;-1
0;656;94.3126;26.6311;4.4772;10.0281;4224.2;6.02975;0;0;0.1;0.01;0;4.46524;0;0;-1
0;657;-86.8386;-40.7532;19.2002;10.0139;4206.28;6.02121;0;0;0.1;0.01;0;3.22159;0;0;-1
0;658;-85.0783;-21.1774;18.5541;9.39531;3473.94;5.64926;0;0;0.1;0.01;0;3.28351;0;0;-1
0;659;-84.8784;-4.98796;19.2686;9.9256;4095.99;5.96812;0;0;0.1;0.01;0;4.60328;0;0;-1
0;660;-86.6494;10.481;17.1919;9.41782;3498.97;5.6628;0;0;0.1;0.01;0;4.71573;0;0;-1
0;661;-85.726;27.1064;18.3039;8.5;2572.44;5.11093;0;0;0.1;0.01;0;3.21777;1;0;-1
0;662;-84.2552;45.3241;18.9244;8.68184;2741.09;5.22026;0;0;0.1;0.01;0;2.72904;0;0;-1
0;663;-72.108;-63.6413;19.8401;9.46219;3548.65;5.68948;0;0;0.1;0.01;0;3.35762;0;0;-1
0;664;-70.8109;-48.5656;16.6669;9.04696;3101.68;5.43981;0;0;0.1;0.01;0;6.11223;0;0;-1
0;665;-68.9853;-33.8719;19.1872;8.5;2572.44;5.11093;0;0;0.1;0.01;0;5.46723;1;0;-1
0;666;-71.959;-13.1892;19.0197;9.90376;4069.01;5.95499;0;0;0.1;0.01;0;7.2345;0;0;-1
0;667;-69.3878;2.17146;19.707;9.7357;3865.36;5.85394;0;0;0.1;0.01;0;6.9321;0;0;-1
0;668;-70.252;18.6395;19.3004;9.64972;3763.85;5.80224;0;0;0.1;0.01;0;5.80149;0;0;-1
0;669;-70.2919;34.2567;16.7435;8.77909;2834.24;5.27874;0;0;0.1;0.01;0;4.32353;0;0;-1
0;670;-70.2563;52.8864;16.2596;8.5;2572.44;5.11093;0;0;0.1;0.01;0;3.91658;1;0;-1
0;671;-58.022;-74.9468;17.1214;10.065;4271;6.05194;0;0;0.1;0.01;0;4.51602;0;0;-1
0;672;-57.5008;-58.6531;18.7043;9.47117;3558.77;5.69488;0;0;0.1;0.01;0;6.43948;0;0;-1
0;673;-56.2024;-39.5379;17.4622;10.2399;4497.55;6.1571;0;0;0.1;0.01;0;7.40293;0;0;-1
0;674;-57.0835;-23.2705;16.9151;8.9323;2985.23;5.37086;0;0;0.1;0.01;0;5.73405;0;0;-1
0;675;-55.1859;-6.46294;16.05;9.97374;4155.88;5.99707;0;0;0.1;0.01;0;6.24524;0;0;-1
0;676;-57.1271;8.61344;17.4056;8.70387;2762.01;5.23351;0;0;0.1;0.01;0;5.38512;0;0;-1
0;677;-55.3822;26.7736;16.7972;9.65507;3770.12;5.80545;0;0;0.1;0.01;0;5.70913;0;0;-1
0;678;-54.9764;46.8978;18.9456;8.5;2572.44;5.11093;0;0;0.1;0.01;0;4.35336;1;0;-1
0;679;-53.9852;61.9309;18.2824;8.67427;2733.93;5.21571;0;0;0.1;0.01;0;3.8069;0;0;-1
0;680;-53.7973;78.0488;19.6581;9.60026;3706.27;5.7725;0;0;0.1;0.01;0;2.63806;0;0;-1
0;681;-41.6986;-84.6165;16.8491;9.64536;3758.75;5.79962;0;0;0.1;0.01;0;4.329;0;0;-1
0;682;-40.6323;-67.469;17.7334;8.98447;3037.85;5.40223;0;0;0.1;0.01;0;5.51482;0;0;-1
0;683;-40.4695;-47.7798;16.7425;9.09298;3149.25;5.46748;0;0;0.1;0.01;0;5.26134;0;0;-1
0;684;-42.5286;-33.0298;18.1995;9.56256;3662.78;5.74983;0;0;0.1;0.01;0;6.35627;0;0;-1
0;685;-42.1572;-13.7587;16.4902;8.5;2572.44;5.11093;0;0;0.1;0.01;0;4.91716;1;0;-1
0;686;-39.9891;2.28067;17.7243;8.8338;2887.56;5.31164;0;0;0.1;0.01;0;5.08435;0;0;-1
0;687;-42.2105;18.6793;18.4621;8.81873;2872.81;5.30257;0;0;0.1;0.01;0;5.43417;0;0;-1
0;688;-41.1645;33.7381;18.2771;8.97255;3025.77;5.39506;0;0;0.1;0.01;0;5.19093;0;0;-1
0;689;-39.7068;53.2108;18.5433;8.97931;3032.62;5.39913;0;0;0.1;0.01;0;4.74006;0;0;-1
0;690;-39.5864;71.4838;16.3977;10.2106;4459.05;6.13949;0;0;0.1;0.01;0;5.90379;0;0;-1
0;691;-41.5968;87.7431;18.5429;8.98874;3042.18;5.4048;0;0;0.1;0.01;0;2.9318;0;0;-1
0;692;-27.7639;-93.455;16.8267;10.4523;4783.26;6.28482;0;0;0.1;0.01;0;3.9793;0;0;-1
0;693;-27.5082;-72.8527;18.5005;9.83112;3980.13;5.91131;0;0;0.1;0.01;0;6.16586;0;0;-1
0;694;-25.3726;-56.7114;16.2795;8.5;2572.44;5.11093;0;0;0.1;0.01;0;4.44963;1;0;-1
0;695;-24.5056;-40.3788;17.8379;8.88227;2935.35;5.34078;0;0;0.1;0.01;0;5.48642;0;0;-1
0;696;-28.3624;-24.7223;16.3224;9.59361;3698.58;5.7685;0;0;0.1;0.01;0;6.04899;0;0;-1
0;697;-28.3796;-7.18733;16.0167;9.33032;3402.34;5.61019;0;0;0.1;0.01;0;5.29305;0;0;-1
0;698;-26.9597;10.677;16.4925;9.60486;3711.6;5.77526;0;0;0.1;0.01;0;6.09303;0;0;-1
0;699;-27.4529;28.0483;17.3679;9.05772;3112.76;5.44628;0;0;0.1;0.01;0;5.12908;0;0;-1
0;700;-25.4627;45.9306;17.6322;9.58543;3689.13;5.76358;0;0;0.1;0.01;0;5.76716;0;0;-1
0;701;-28.157;62.0578;16.4067;9.01678;3070.74;5.42166;0;0;0.1;0.01;0;5.90463;0;0;-1
0;702;-27.4139;80.4138;16.315;10.1887;4430.42;6.12632;0;0;0.1;0.01;0;5.88925;0;0;-1
0;703;-13.2919;-83.6087;17.6378;9.77088;3907.42;5.87509;0;0;0.1;0.01;0;5.45666;0;0;-1
0;704;-13.7335;-65.647;17.0284;8.5;2572.44;5.11093;0;0;0.1;0.01;0;4.20901;1;0;-1
0;705;-11.182;-47.5332;16.2706;9.7905;3931;5.88689;0;0;0.1;0.01;0;5.44818;0;0;-1
0;706;-12.3538;-30.783;19.3396;8.63701;2698.85;5.19331;0;0;0.1;0.01;0;5.76195;0;0;-1
0;707;-11.55;-16.1904;17.4762;9.71429;3839.92;5.84106;0;0;0.1;0.01;0;6.34266;0;0;-1
0;708;-13.6714;1.66342;17.1295;10.0878;4300.09;6.06565;0;0;0.1;0.01;0;7.02348;0;0;-1
0;709;-13.1805;20.7912;16.6132;10.0841;4295.36;6.06342;0;0;0.1;0.01;0;6.26885;0;0;-1
0;710;-10.9573;37.3193;17.2929;8.97727;3030.55;5.3979;0;0;0.1;0.01;0;5.49398;0;0;-1
0;711;-10.0197;52.3614;18.2991;10.1287;4352.61;6.09024;0;0;0.1;0.01;0;6.64248;0;0;-1
0;712;-11.6675;68.4219;18.367;8.59754;2662.02;5.16958;0;0;0.1;0.01;0;5.2073;0;0;-1
0;713;-11.0484;85.2619;18.6718;8.5;2572.44;5.11093;0;0;0.1;0.01;0;3.73765;1;0;-1
0;714;1.68348;-91.9836;17.4372;10.248;4508.23;6.16197;0;0;0.1;0.01;0;3.90831;0;0;-1
0;715;4.58502;-72.2691;15.9798;8.68782;2746.76;5.22386;0;0;0.1;0.01;0;5.15303;0;0;-1
0;716;2.81819;-56.9731;17.3356;8.5;2572.44;5.11093;0;0;0.1;0.01;0;5.54422;1;0;-1
0;717;2.9624;-39.8538;16.676;9.887;4048.39;5.94491;0;0;0.1;0.01;0;6.5849;0;0;-1
0;718;2.38154;-24.4686;16.4632;8.82136;2875.38;5.30416;0;0;0.1;0.01;0;5.63602;0;0;-1
0;719;4.97516;-8.37404;17.1159;8.57217;2638.52;5.15432;0;0;0.1;0.01;0;4.74432;0;0;-1
0;720;4.1731;9.65042;16.3866;9.89258;4055.25;5.94826;0;0;0.1;0.01;0;4.89042;0;0;-1
0;721;2.16056;28.5088;16.6395;9.95865;4137.04;5.98799;0;0;0.1;0.01;0;6.24774;0;0;-1
0;722;2.53713;46.1894;15.6197;8.5982;2662.63;5.16997;0;0;0.1;0.01;0;5.80226;0;0;-1
0;723;2.66144;63.4033;15.8916;10.4039;4717.12;6.25571;0;0;0.1;0.01;0;6.71422;0;0;-1
0;724;0.991929;77.9619;15.9394;8.66392;2724.16;5.20949;0;0;0.1;0.01;0;5.68569;0;0;-1
0;725;4.69705;93.0895;17.7712;8.70908;2766.98;5.23664;0;0;0.1;0.01;0;2.89468;0;0;-1
0;726;17.7766;-82.3784;17.1032;10.0453;4245.97;6.04009;0;0;0.1;0.01;0;5.13128;0;0;-1
0;727;15.7993;-64.4088;16.3791;8.5;2572.44;5.11093;0;0;0.1;0.01;0;4.94378;1;0;-1
0;728;16.0224;-50.0849;18.3075;9.61978;3728.93;5.78423;0;0;0.1;0.01;0;5.55407;0;0;-1
0;729;18.9331;-33.9824;18.1028;8.5;2572.44;5.11093;0;0;0.1;0.01;0;4.31446;1;0;-1
0;730;18.3525;-17.0117;17.3446;9.30503;3374.75;5.59498;0;0;0.1;0.01;0;5.77485;0;0;-1
0;731;17.463;2.71754;18.4909;8.54447;2613.03;5.13767;0;0;0.1;0.01;0;4.7399;0;0;-1
0;732;16.5782;21.1396;16.2198;9.14026;3198.63;5.49591;0;0;0.1;0.01;0;6.27595;0;0;-1
0;733;16.5162;37.0717;17.4415;8.88866;2941.69;5.34462;0;0;0.1;0.01;0;5.88868;0;0;-1
0;734;19.6616;52.9312;17.6928;8.85858;2911.93;5.32654;0;0;0.1;0.01;0;5.16812;0;0;-1
0;735;16.4131;69.7746;17.387;8.51644;2587.4;5.12081;0;0;0.1;0.01;0;5.1566;0;0;-1
0;736;17.9143;85.6737;16.4587;9.17315;3233.29;5.51568;0;0;0.1;0.01;0;3.56795;0;0;-1
0;737;33.1763;-92.4905;15.9379;9.05955;3114.64;5.44738;0;0;0.1;0.01;0;1.68789;0;0;-1
0;738;33.7887;-73.7658;16.1;9.51316;3606.31;5.72013;0;0;0.1;0.01;0;5.47782;0;0;-1
0;739;33.1747;-55.2443;18.0171;9.15668;3215.9;5.50578;0;0;0.1;0.01;0;4.54344;0;0;-1
0;740;33.6505;-39.0272;18.0717;8.5;2572.44;5.11093;0;0;0.1;0.01;0;5.32997;1;0;-1
0;741;31.4372;-24.4864;16.3358;9.37929;3456.2;5.63963;0;0;0.1;0.01;0;6.48211;0;0;-1
0;742;30.7119;-8.06;18.5991;9.30862;3378.66;5.59714;0;0;0.1;0.01;0;5.49824;0;0;-1
0;743;30.532;11.5684;17.0187;8.87722;2930.35;5.33774;0;0;0.1;0.01;0;5.13249;0;0;-1
0;744;32.0953;26.8753;16.7656;8.78131;2836.39;5.28007;0;0;0.1;0.01;0;5.4013;0;0;-1
0;745;33.2177;45.7676;16.524;8.5;2572.44;5.11093;0;0;0.1;0.01;0;5.28925;1;0;-1
0;746;30.4889;63.4348;19.4776;9.08213;3137.99;5.46095;0;0;0.1;0.01;0;6.81626;0;0;-1
0;747;30.6488;77.8115;17.8464;9.25776;3323.58;5.56656;0;0;0.1;0.01;0;5.18486;0;0;-1
0;748;45.3083;-81.2459;16.0909;9.99665;4184.58;6.01084;0;0;0.1;0.01;0;4.70978;0;0;-1
0;749;48.9003;-67.6403;17.0087;8.61752;2680.62;5.18159;0;0;0.1;0.01;0;5.08453;0;0;-1
0;750;47.5111;-48.1675;18.5927;8.5;2572.44;5.11093;0;0;0.1;0.01;0;4.60425;1;0;-1
0;751;46.7625;-31.8983;16.614;9.52674;3621.78;5.72829;0;0;0.1;0.01;0;6.82922;0;0;-1
0;752;46.3619;-15.3144;17.5036;9.96599;4146.2;5.99241;0;0;0.1;0.01;0;6.40073;0;0;-1
0;753;46.207;4.39325;19.484;9.61473;3723.06;5.7812;0;0;0.1;0.01;0;5.42955;0;0;-1
0;754;48.79;20.4678;17.3385;9.77667;3914.37;5.87857;0;0;0.1;0.01;0;6.22797;0;0;-1
0;755;46.8621;34.8813;18.9841;8.5;2572.44;5.11093;0;0;0.1;0.01;0;5.23571;1;0;-1
0;756;45.0818;54.0902;16.5903;10.1386;4365.39;6.09619;0;0;0.1;0.01;0;6.5746;0;0;-1
0;757;46.9808;68.9775;17.7805;8.7934;2848.13;5.28734;0;0;0.1;0.01;0;5.04326;0;0;-1
0;758;45.9431;86.0457;19.6701;8.5;2572.44;5.11093;0;0;0.1;0.01;0;1.28293;1;0;-1
0;759;61.2219;-75.4444;17.486;9.74749;3879.42;5.86102;0;0;0.1;0.01;0;2.82156;0;0;-1
0;760;62.3045;-57.9518;18.1619;8.5;2572.44;5.11093;0;0;0.1;0.01;0;4.9482;1;0;-1
0;761;62.5628;-38.7123;16.7009;10.097;4311.87;6.07118;0;0;0.1;0.01;0;7.49614;0;0;-1
0;762;60.4216;-24.2787;16.511;9.90118;4065.83;5.95344;0;0;0.1;0.01;0;7.54506;0;0;-1
0;763;60.3777;-7.40158;16.7512;8.93108;2984.01;5.37013;0;0;0.1;0.01;0;4.81142;0;0;-1
0;764;62.4615;10.6041;16.9691;9.45392;3539.36;5.6845;0;0;0.1;0.01;0;5.77948;0;0;-1
0;765;61.6888;28.5336;16.4779;10.2254;4478.47;6.14838;0;0;0.1;0.01;0;7.22249;0;0;-1
0;766;61.8675;45.2069;19.039;8.67367;2733.36;5.21535;0;0;0.1;0.01;0;6.0808;0;0;-1
0;767;62.2921;63.6367;19.0456;10.0225;4217.13;6.02638;0;0;0.1;0.01;0;4.83385;0;0;-1
0;768;75.9052;-50.2089;19.5128;8.70096;2759.24;5.23176;0;0;0.1;0.01;0;3.01322;0;0;-1
0;769;76.0478;-33.4795;18.3417;10.0886;4301.12;6.06613;0;0;0.1;0.01;0;6.13209;0;0;-1
0;770;77.6204;-16.953;16.7441;8.5;2572.44;5.11093;0;0;0.1;0.01;0;4.96127;1;0;-1
0;771;74.8824;0.853083;19.4066;8.71841;2775.88;5.24225;0;0;0.1;0.01;0;4.44574;0;0;-1
0;772;76.49;20.1071;16.1874;9.82373;3971.16;5.90687;0;0;0.1;0.01;0;6.5377;0;0;-1
0;773;74.822;37.9207;19.0723;10.3722;4674.14;6.23665;0;0;0.1;0.01;0;6.73492;0;0;-1
0;774;76.5207;52.4268;18.7536;8.77615;2831.4;5.27697;0;0;0.1;0.01;0;4.58294;0;0;-1
0;775;91.5277;-22.0661;18.6376;9.7875;3927.39;5.88508;0;0;0.1;0.01;0;4.3456;0;0;-1
0;776;92.7478;-7.3574;19.9364;8.5;2572.44;5.11093;0;0;0.1;0.01;0;2.62002;1;0;-1
0;777;91.6989;9.32485;16.2188;9.05672;3111.73;5.44567;0;0;0.1;0.01;0;2.52631;0;0;-1
0;778;89.4679;26.8429;17.3894;9.35384;3428.14;5.62433;0;0;0.1;0.01;0;4.07797;0;0;-1
0;779;-93.5836;2.41012;34.5647;8.55786;2625.33;5.14572;0;0;0.1;0.01;0;2.84504;0;0;-1
0;780;-82.0401;-39.7114;31.634;9.85962;4014.85;5.92845;0;0;0.1;0.01;0;3.15416;0;0;-1
0;781;-79.6882;-25.0849;32.4516;9.32437;3395.84;5.60661;0;0;0.1;0.01;0;4.2519;0;0;-1
0;782;-78.9999;-6.09069;34.0242;9.22038;3283.49;5.54408;0;0;0.1;0.01;0;5.97786;0;0;-1
0;783;-80.1766;10.0446;31.8119;8.73128;2788.19;5.24999;0;0;0.1;0.01;0;4.8959;0;0;-1
0;784;-82.7013;25.869;30.922;9.40262;3482.05;5.65366;0;0;0.1;0.01;0;2.74819;0;0;-1
0;785;-79.9024;46.0379;31.3455;8.54151;2610.31;5.13589;0;0;0.1;0.01;0;2.20403;0;0;-1
0;786;-65.9591;-66.8906;33.9517;9.46889;3556.2;5.69351;0;0;0.1;0.01;0;3.41871;0;0;-1
0;787;-66.6275;-47.6768;32.2359;9.70994;3834.76;5.83845;0;0;0.1;0.01;0;4.79161;0;0;-1
0;788;-64.3048;-30.7697;34.2031;9.95636;4134.19;5.98661;0;0;0.1;0.01;0;6.55756;0;0;-1
0;789;-66.7731;-15.5681;31.0195;8.5;2572.44;5.11093;0;0;0.1;0.01;0;5.95273;1;0;-1
0;790;-65.6076;0.0140797;34.1251;8.9441;2997.08;5.37796;0;0;0.1;0.01;0;5.98616;0;0;-1
0;791;-66.554;18.1286;33.8907;8.5;2572.44;5.11093;0;0;0.1;0.01;0;4.42999;1;0;-1
0;792;-64.4115;35.1686;31.659;8.58667;2651.94;5.16304;0;0;0.1;0.01;0;4.16519;0;0;-1
0;793;-66.8411;53.0613;33.2012;9.91933;4088.23;5.96435;0;0;0.1;0.01;0;3.57294;0;0;-1
0;794;-53.1863;-73.327;30.6173;10.1149;4334.84;6.08194;0;0;0.1;0.01;0;4.8518;0;0;-1
0;795;-50.1829;-58.7168;30.9863;9.48167;3570.62;5.70119;0;0;0.1;0.01;0;6.02701;0;0;-1
0;796;-49.838;-38.4022;31.6502;9.72083;3847.68;5.84499;0;0;0.1;0.01;0;6.12946;0;0;-1
0;797;-52.8042;-21.2946;31.1158;8.5;2572.44;5.11093;0;0;0.1;0.01;0;4.91743;1;0;-1
0;798;-52.7058;-7.29103;34.1914;9.66627;3783.25;5.81219;0;0;0.1;0.01;0;4.47858;0;0;-1
0;799;-51.6685;11.8727;31.7817;8.5;2572.44;5.11093;0;0;0.1;0.01;0;4.1617;1;0;-1
0;800;-50.7153;29.404;32.6075;8.5;2572.44;5.11093;0;0;0.1;0.01;0;5.23804;1;0;-1
0;801;-52.777;43.3407;33.1271;8.5;2572.44;5.11093;0;0;0.1;0.01;0;5.24016;1;0;-1
0;802;-51.6415;60.0694;33.9671;8.5;2572.44;5.11093;0;0;0.1;0.01;0;4.23845;1;0;-1
0;803;-35.6426;-85.393;34.2788;10.1766;4414.65;6.11904;0;0;0.1;0.01;0;3.63815;0;0;-1
0;804;-38.0017;-66.3749;31.2875;8.5;2572.44;5.11093;0;0;0.1;0.01;0;4.55911;1;0;-1
0;805;-37.945;-47.2926;33.1269;9.74583;3877.44;5.86003;0;0;0.1;0.01;0;5.96582;0;0;-1
0;806;-34.4746;-33.0287;33.0289;10.2533;4515.23;6.16516;0;0;0.1;0.01;0;6.52152;0;0;-1
0;807;-35.1766;-16.2784;32.7149;8.8572;2910.57;5.32571;0;0;0.1;0.01;0;4.13069;0;0;-1
0;808;-35.3378;2.98311;32.2919;8.80953;2863.83;5.29704;0;0;0.1;0.01;0;4.53477;0;0;-1
0;809;-38.3048;17.6747;32.7573;8.96634;3019.49;5.39133;0;0;0.1;0.01;0;4.9028;0;0;-1
0;810;-36.9782;37.9432;31.6565;9.65063;3764.92;5.80278;0;0;0.1;0.01;0;6.08396;0;0;-1
0;811;-36.843;52.471;32.4152;8.9865;3039.91;5.40345;0;0;0.1;0.01;0;5.22444;0;0;-1
0;812;-37.907;69.1901;32.1241;8.5;2572.44;5.11093;0;0;0.1;0.01;0;3.35743;1;0;-1
0;813;-20.9672;-91.0256;34.0226;9.86408;4020.3;5.93113;0;0;0.1;0.01;0;3.76545;0;0;-1
0;814;-22.9261;-74.3015;32.2341;8.5;2572.44;5.11093;0;0;0.1;0.01;0;5.12061;1;0;-1
0;815;-22.831;-57.0547;34.4218;8.61747;2680.57;5.18156;0;0;0.1;0.01;0;4.58717;0;0;-1
0;816;-21.8598;-42.7446;31.8862;8.61331;2676.69;5.17906;0;0;0.1;0.01;0;5.6785;0;0;-1
0;817;-20.4319;-21.66;31.383;8.5;2572.44;5.11093;0;0;0.1;0.01;0;3.95877;1;0;-1
0;818;-20.9555;-4.75366;34.0499;9.37895;3455.82;5.63943;0;0;0.1;0.01;0;5.90122;0;0;-1
0;819;-21.7922;11.1925;31.6452;8.93559;2988.53;5.37284;0;0;0.1;0.01;0;5.87864;0;0;-1
0;820;-22.9975;29.3688;33.7828;9.49202;3582.32;5.70741;0;0;0.1;0.01;0;5.55602;0;0;-1
0;821;-20.7379;44.2958;33.8128;9.19925;3260.96;5.53138;0;0;0.1;0.01;0;6.29377;0;0;-1
0;822;-20.4342;59.7004;30.9804;8.65751;2718.11;5.20564;0;0;0.1;0.01;0;5.12054;0;0;-1
0;823;-21.7731;76.7166;32.6754;10.0526;4255.24;6.04448;0;0;0.1;0.01;0;4.73678;0;0;-1
0;824;-6.8173;-81.4806;33.0062;10.2345;4490.44;6.15386;0;0;0.1;0.01;0;5.73593;0;0;-1
0;825;-7.58081;-65.8491;32.0408;9.11861;3175.96;5.48289;0;0;0.1;0.01;0;4.85377;0;0;-1
0;826;-8.8093;-46.9437;30.7944;9.1191;3176.47;5.48318;0;0;0.1;0.01;0;5.15047;0;0;-1
0;827;-5.4599;-32.6273;31.1677;8.5;2572.44;5.11093;0;0;0.1;0.01;0;4.74288;1;0;-1
0;828;-8.84095;-13.177;31.5872;10.4144;4731.42;6.26203;0;0;0.1;0.01;0;6.5926;0;0;-1
0;829;-7.46854;3.47941;31.953;9.30981;3379.96;5.59785;0;0;0.1;0.01;0;6.08611;0;0;-1
0;830;-6.85352;21;33.6371;10.0649;4270.88;6.05188;0;0;0.1;0.01;0;5.67621;0;0;-1
0;831;-7.48015;37.7957;34.0851;9.13604;3194.2;5.49337;0;0;0.1;0.01;0;6.14246;0;0;-1
0;832;-5.85198;51.7219;33.691;8.5;2572.44;5.11093;0;0;0.1;0.01;0;5.49173;1;0;-1
0;833;-7.20191;69.7828;32.4003;8.73803;2794.66;5.25405;0;0;0.1;0.01;0;4.35033;0;0;-1
0;834;-6.78374;88.6499;31.1328;8.56897;2635.57;5.1524;0;0;0.1;0.01;0;2.16818;0;0;-1
0;835;8.24739;-89.4396;34.6602;8.757;2812.9;5.26546;0;0;0.1;0.01;0;3.18267;0;0;-1
0;836;7.70457;-74.4748;32.4977;10.4534;4784.77;6.28548;0;0;0.1;0.01;0;7.0335;0;0;-1
0;837;6.34279;-58.9454;31.8229;8.79873;2853.31;5.29055;0;0;0.1;0.01;0;5.10402;0;0;-1
0;838;8.48818;-42.9139;33.2005;10.0561;4259.68;6.04659;0;0;0.1;0.01;0;6.752;0;0;-1
0;839;6.86454;-23.8829;32.7587;8.90408;2957.03;5.35389;0;0;0.1;0.01;0;4.88086;0;0;-1
0;840;7.2113;-6.04701;33.7213;9.87605;4034.95;5.93833;0;0;0.1;0.01;0;6.05218;0;0;-1
0;841;5.64999;8.79036;34.3844;9.10205;3158.68;5.47293;0;0;0.1;0.01;0;4.7423;0;0;-1
0;842;8.33694;27.8166;31.0442;9.25309;3318.55;5.56375;0;0;0.1;0.01;0;5.15858;0;0;-1
0;843;6.79307;42.8913;30.5873;10.1876;4428.99;6.12566;0;0;0.1;0.01;0;6.42025;0;0;-1
0;844;8.63591;61.5758;30.903;8.68436;2743.48;5.22178;0;0;0.1;0.01;0;4.75637;0;0;-1
0;845;9.12056;78.9338;31.8985;9.46328;3549.88;5.69013;0;0;0.1;0.01;0;4.70664;0;0;-1
0;846;23.1437;-82.6655;33.8581;9.93443;4106.93;5.97343;0;0;0.1;0.01;0;4.76584;0;0;-1
0;847;22.648;-67.9643;33.0076;9.85623;4010.71;5.92641;0;0;0.1;0.01;0;5.40237;0;0;-1
0;848;23.8694;-47.7339;33.3877;8.90151;2954.47;5.35235;0;0;0.1;0.01;0;5.89618;0;0;-1
0;849;21.1393;-32.29;32.4689;10.1635;4397.63;6.11117;0;0;0.1;0.01;0;7.03998;0;0;-1
0;850;22.1155;-14.0041;32.2167;10.1553;4386.99;6.10623;0;0;0.1;0.01;0;6.79698;0;0;-1
0;851;22.34;0.480319;30.9355;8.92445;2977.37;5.36614;0;0;0.1;0.01;0;5.12872;0;0;-1
0;852;23.0061;19.3369;30.4829;9.06881;3124.2;5.45294;0;0;0.1;0.01;0;4.82249;0;0;-1
0;853;22.1119;37.5576;33.9861;9.3486;3422.38;5.62118;0;0;0.1;0.01;0;5.73748;0;0;-1
0;854;23.7944;51.3903;32.5736;9.90615;4071.96;5.95642;0;0;0.1;0.01;0;6.81258;0;0;-1
0;855;22.3265;68.7585;31.0026;8.75237;2808.44;5.26267;0;0;0.1;0.01;0;5.90324;0;0;-1
0;856;20.8571;89.3897;34.2242;9.34689;3420.5;5.62015;0;0;0.1;0.01;0;1.60295;0;0;-1
0;857;35.7864;-74.723;32.7948;8.5;2572.44;5.11093;0;0;0.1;0.01;0;3.42594;1;0;-1
0;858;37.189;-55.0823;32.8363;9.55435;3653.36;5.74489;0;0;0.1;0.01;0;5.76215;0;0;-1
0;859;35.5777;-38.4139;30.8935;8.5;2572.44;5.11093;0;0;0.1;0.01;0;5.31055;1;0;-1
0;860;37.4986;-21.9791;32.1867;8.5;2572.44;5.11093;0;0;0.1;0.01;0;4.75529;1;0;-1
0;861;35.8947;-4.81007;33.2102;9.17157;3231.62;5.51473;0;0;0.1;0.01;0;5.72607;0;0;-1
0;862;38.7392;9.35219;32.4887;8.59517;2659.82;5.16815;0;0;0.1;0.01;0;4.91505;0;0;-1
0;863;38.1031;25.5613;32.9986;9.81869;3965.06;5.90384;0;0;0.1;0.01;0;5.59371;0;0;-1
0;864;38.3506;43.165;33.0913;9.76301;3897.98;5.87036;0;0;0.1;0.01;0;6.02064;0;0;-1
0;865;35.3771;61.8623;33.7048;9.76121;3895.83;5.86927;0;0;0.1;0.01;0;6.6265;0;0;-1
0;866;36.8566;77.2496;32.1626;10.0224;4217;6.02632;0;0;0.1;0.01;0;5.23766;0;0;-1
0;867;52.827;-64.6664;31.9344;9.06145;3116.6;5.44852;0;0;0.1;0.01;0;3.97325;0;0;-1
0;868;53.1677;-49.3377;32.126;9.43641;3519.73;5.67398;0;0;0.1;0.01;0;5.65738;0;0;-1
0;869;52.0672;-33.3874;32.4014;9.52844;3623.71;5.72931;0;0;0.1;0.01;0;6.13987;0;0;-1
0;870;51.5476;-17.3165;31.6007;9.93219;4104.15;5.97208;0;0;0.1;0.01;0;6.32001;0;0;-1
0;871;53.2131;0.915632;33.8713;10.0205;4214.6;6.02518;0;0;0.1;0.01;0;6.86713;0;0;-1
0;872;52.4623;17.8206;33.3877;8.9672;3020.36;5.39185;0;0;0.1;0.01;0;6.01641;0;0;-1
0;873;53.4722;38.148;32.2369;8.9671;3020.26;5.39179;0;0;0.1;0.01;0;6.037;0;0;-1
0;874;53.2648;53.1792;33.324;9.60563;3712.5;5.77573;0;0;0.1;0.01;0;6.96881;0;0;-1
0;875;51.424;68.3304;32.4204;9.14929;3208.12;5.50134;0;0;0.1;0.01;0;4.8696;0;0;-1
0;876;67.2595;-58.0697;32.4306;8.83388;2887.64;5.31168;0;0;0.1;0.01;0;3.29217;0;0;-1
0;877;67.6935;-38.6012;31.5544;9.31078;3381.01;5.59844;0;0;0.1;0.01;0;5.34525;0;0;-1
0;878;66.3881;-21.8145;31.9681;9.12977;3187.63;5.4896;0;0;0.1;0.01;0;5.27063;0;0;-1
0;879;66.9402;-4.76886;32.6239;9.85842;4013.38;5.92772;0;0;0.1;0.01;0;5.72559;0;0;-1
0;880;67.2112;10.3593;32.975;8.94914;3002.15;5.38099;0;0;0.1;0.01;0;6.55247;0;0;-1
0;881;66.2105;28.012;33.7851;8.61621;2679.4;5.1808;0;0;0.1;0.01;0;5.82117;0;0;-1
0;882;67.3156;45.6468;31.0832;9.11558;3172.79;5.48107;0;0;0.1;0.01;0;6.46603;0;0;-1
0;883;67.0136;59.5033;32.0775;9.87652;4035.53;5.93861;0;0;0.1;0.01;0;4.75429;0;0;-1
0;884;79.9453;-30.2564;33.8297;9.91075;4077.63;5.95919;0;0;0.1;0.01;0;4.39794;0;0;-1
0;885;80.1777;-15.9648;30.7273;8.8039;2858.34;5.29366;0;0;0.1;0.01;0;4.5053;0;0;-1
0;886;79.6557;3.68644;33.5497;10.0827;4293.58;6.06258;0;0;0.1;0.01;0;4.94906;0;0;-1
0;887;80.7145;19.6997;34.191;8.73611;2792.82;5.2529;0;0;0.1;0.01;0;3.84891;0;0;-1
0;888;80.5428;33.6353;31.9249;8.98096;3034.29;5.40012;0;0;0.1;0.01;0;4.25693;0;0;-1
0;889;-86.3541;-6.44354;47.2388;9.7781;3916.08;5.87943;0;0;0.1;0.01;0;3.24457;0;0;-1
0;890;-85.6586;9.85599;47.7961;10.4049;4718.48;6.25632;0;0;0.1;0.01;0;3.02336;0;0;-1
0;891;-69.0177;-49.9829;48.7945;10.4318;4755.17;6.27249;0;0;0.1;0.01;0;2.88064;0;0;-1
0;892;-69.3919;-33.7464;47.982;8.5;2572.44;5.11093;0;0;0.1;0.01;0;4.09336;1;0;-1
0;893;-69.3643;-13.3659;47.6966;9.91875;4087.52;5.964;0;0;0.1;0.01;0;5.72506;0;0;-1
0;894;-71.5176;0.83935;46.7772;8.91111;2964.04;5.35812;0;0;0.1;0.01;0;5.62291;0;0;-1
0;895;-68.5702;18.0404;47.0511;8.75571;2811.66;5.26468;0;0;0.1;0.01;0;3.9339;0;0;-1
0;896;-70.5804;36.4619;49.3677;9.25688;3322.63;5.56603;0;0;0.1;0.01;0;1.72399;0;0;-1
0;897;-56.6359;-59.6025;46.1468;8.92538;2978.3;5.3667;0;0;0.1;0.01;0;4.10241;0;0;-1
0;898;-57.0579;-39.133;47.6048;9.30218;3371.65;5.59327;0;0;0.1;0.01;0;5.77732;0;0;-1
0;899;-57.0493;-23.265;47.2567;8.5;2572.44;5.11093;0;0;0.1;0.01;0;5.45109;1;0;-1
0;900;-56.8214;-6.91247;48.8052;9.56046;3660.37;5.74857;0;0;0.1;0.01;0;5.90512;0;0;-1
0;901;-54.5971;12.7554;45.9836;8.6949;2753.48;5.22812;0;0;0.1;0.01;0;4.41992;0;0;-1
0;902;-57.6999;29.7429;45.9871;8.5;2572.44;5.11093;0;0;0.1;0.01;0;4.65736;1;0;-1
0;903;-56.303;45.9433;47.0329;8.5;2572.44;5.11093;0;0;0.1;0.01;0;4.45873;1;0;-1
0;904;-54.4403;61.2991;46.4099;8.73256;2789.42;5.25076;0;0;0.1;0.01;0;3.5;0;0;-1
0;905;-40.6512;-64.3849;45.8804;8.77308;2828.43;5.27513;0;0;0.1;0.01;0;3.66341;0;0;-1
0;906;-40.4089;-50.5752;48.2075;9.14813;3206.9;5.50064;0;0;0.1;0.01;0;5.15868;0;0;-1
0;907;-43.1986;-30.0712;46.0914;10.1709;4407.24;6.11561;0;0;0.1;0.01;0;6.05284;0;0;-1
0;908;-41.5064;-14.2954;49.0769;8.5;2572.44;5.11093;0;0;0.1;0.01;0;4.98919;1;0;-1
0;909;-41.6438;0.770152;49.266;8.65928;2719.78;5.2067;0;0;0.1;0.01;0;4.60103;0;0;-1
0;910;-42.0987;16.7744;48.2696;10.2808;4551.66;6.1817;0;0;0.1;0.01;0;5.92299;0;0;-1
0;911;-42.3262;35.8782;45.2258;8.59133;2656.26;5.16584;0;0;0.1;0.01;0;4.94943;0;0;-1
0;912;-41.2192;53.2386;48.9025;10.1348;4360.48;6.09391;0;0;0.1;0.01;0;6.53467;0;0;-1
0;913;-42.4876;69.7185;48.0982;9.85071;4003.97;5.92309;0;0;0.1;0.01;0;4.2376;0;0;-1
0;914;-27.8285;-76.7418;46.7362;9.0812;3137.03;5.46039;0;0;0.1;0.01;0;2.96286;0;0;-1
0;915;-26.1686;-55.5096;48.3125;8.59395;2658.69;5.16742;0;0;0.1;0.01;0;5.99378;0;0;-1
0;916;-27.6837;-41.4898;46.5304;9.63897;3751.29;5.79577;0;0;0.1;0.01;0;7.57522;0;0;-1
0;917;-28.0326;-24.2545;49.4406;8.5;2572.44;5.11093;0;0;0.1;0.01;0;4.80436;1;0;-1
0;918;-25.7067;-8.79164;47.3254;8.5;2572.44;5.11093;0;0;0.1;0.01;0;4.63762;1;0;-1
0;919;-26.6743;12.0316;46.5374;9.92574;4096.16;5.9682;0;0;0.1;0.01;0;5.77971;0;0;-1
0;920;-26.9577;29.5814;48.5544;10.2075;4454.99;6.13762;0;0;0.1;0.01;0;7.06282;0;0;-1
0;921;-26.3523;45.1541;48.8415;9.22863;3292.31;5.54904;0;0;0.1;0.01;0;6.11611;0;0;-1
0;922;-25.8917;60.8803;46.5185;10.3198;4603.65;6.20515;0;0;0.1;0.01;0;6.87219;0;0;-1
0;923;-25.568;79.3359;48.5028;9.1597;3219.08;5.50759;0;0;0.1;0.01;0;3.17632;0;0;-1
0;924;-12.3627;-80.7914;46.0134;8.874;2927.16;5.33581;0;0;0.1;0.01;0;3.07062;0;0;-1
0;925;-11.8871;-64.6869;47.96;8.62741;2689.86;5.18754;0;0;0.1;0.01;0;4.45718;0;0;-1
0;926;-13.491;-47.9731;46.5714;10.3686;4669.27;6.23449;0;0;0.1;0.01;0;7.52004;0;0;-1
0;927;-12.6933;-33.5662;49.1091;10.005;4195.08;6.01586;0;0;0.1;0.01;0;5.88105;0;0;-1
0;928;-11.4163;-13.8814;48.6923;9.93402;4106.42;5.97318;0;0;0.1;0.01;0;6.7721;0;0;-1
0;929;-11.0345;0.269992;46.1074;9.49154;3581.78;5.70713;0;0;0.1;0.01;0;6.65117;0;0;-1
0;930;-13.1747;19.5106;47.8615;10.0132;4205.4;6.02079;0;0;0.1;0.01;0;6.2588;0;0;-1
0;931;-11.2555;37.0956;49.0573;8.84922;2902.71;5.32091;0;0;0.1;0.01;0;6.45062;0;0;-1
0;932;-12.1991;52.5457;48.7864;9.02879;3083.03;5.42888;0;0;0.1;0.01;0;7.20784;0;0;-1
0;933;-11.7498;69.7932;48.0797;10.1432;4371.33;6.09896;0;0;0.1;0.01;0;5.8679;0;0;-1
0;934;-12.8167;86.6146;47.9933;8.5;2572.44;5.11093;0;0;0.1;0.01;0;1.66617;1;0;-1
0;935;2.06553;-73.136;45.8834;8.5;2572.44;5.11093;0;0;0.1;0.01;0;4.91204;1;0;-1
0;936;1.61208;-59.4349;46.6214;8.99434;3047.87;5.40817;0;0;0.1;0.01;0;5.60899;0;0;-1
0;937;2.35215;-42.2778;46.9565;9.40872;3488.83;5.65733;0;0;0.1;0.01;0;5.65124;0;0;-1
0;938;1.44735;-22.4083;48.505;9.3869;3464.62;5.64421;0;0;0.1;0.01;0;5.82132;0;0;-1
0;939;4.30661;-5.38849;49.0449;9.50215;3593.8;5.7135;0;0;0.1;0.01;0;6.8123;0;0;-1
0;940;3.22267;8.8674;49.2381;9.40384;3483.41;5.65439;0;0;0.1;0.01;0;5.80854;0;0;-1
0;941;1.82413;29.6355;47.3248;8.5;2572.44;5.11093;0;0;0.1;0.01;0;5.04966;1;0;-1
0;942;1.08385;45.5438;47.6004;8.53776;2606.88;5.13363;0;0;0.1;0.01;0;6.17124;0;0;-1
0;943;1.4898;60.6188;45.6693;9.03964;3094.15;5.4354;0;0;0.1;0.01;0;5.43619;0;0;-1
0;944;4.92981;79.7294;48.6593;10.1102;4328.8;6.07912;0;0;0.1;0.01;0;3.0057;0;0;-1
0;945;18.926;-84.4762;48.8909;8.82496;2878.9;5.30632;0;0;0.1;0.01;0;1.95541;0;0;-1
0;946;18.2808;-65.9321;46.7094;9.13393;3191.99;5.4921;0;0;0.1;0.01;0;4.69485;0;0;-1
0;947;16.9271;-49.4122;46.2837;8.5;2572.44;5.11093;0;0;0.1;0.01;0;4.61407;1;0;-1
0;948;19.3956;-34.402;45.9307;10.2763;4545.68;6.17899;0;0;0.1;0.01;0;6.56757;0;0;-1
0;949;16.1452;-14.8598;48.455;9.22523;3288.67;5.547;0;0;0.1;0.01;0;6.34223;0;0;-1
0;950;18.7796;1.81017;48.5171;8.50641;2578.26;5.11478;0;0;0.1;0.01;0;5.65655;0;0;-1
0;951;17.3935;17.4858;46.7758;9.55479;3653.86;5.74516;0;0;0.1;0.01;0;5.23441;0;0;-1
0;952;16.0214;36.3978;49.0113;8.5;2572.44;5.11093;0;0;0.1;0.01;0;4.95163;1;0;-1
0;953;19.2433;50.8453;45.5641;9.03341;3087.76;5.43166;0;0;0.1;0.01;0;5.11219;0;0;-1
0;954;17.4167;71.0974;46.7967;9.52319;3617.73;5.72616;0;0;0.1;0.01;0;4.54257;0;0;-1
0;955;33.209;-74.2763;48.7939;8.9766;3029.87;5.3975;0;0;0.1;0.01;0;3.24294;0;0;-1
0;956;33.1129;-57.1361;47.8264;9.60965;3717.16;5.77814;0;0;0.1;0.01;0;6.0464;0;0;-1
0;957;33.4734;-39.2152;45.8176;9.85133;4004.73;5.92346;0;0;0.1;0.01;0;6.54247;0;0;-1
0;958;30.7945;-22.5151;46.1747;9.98303;4167.5;6.00265;0;0;0.1;0.01;0;6.38893;0;0;-1
0;959;31.9824;-5.04276;47.7721;9.48791;3577.67;5.70494;0;0;0.1;0.01;0;5.83424;0;0;-1
0;960;33.257;12.0634;47.643;9.44032;3524.1;5.67633;0;0;0.1;0.01;0;5.47958;0;0;-1
0;961;30.6872;25.7849;46.9786;9.75134;3884.02;5.86334;0;0;0.1;0.01;0;6.52794;0;0;-1
0;962;32.7095;43.2059;48.5129;8.95476;3007.81;5.38437;0;0;0.1;0.01;0;6.1159;0;0;-1
0;963;31.8882;59.328;48.612;9.99243;4179.28;6.0083;0;0;0.1;0.01;0;6.93136;0;0;-1
0;964;30.9358;76.2495;47.698;9.44588;3530.33;5.67967;0;0;0.1;0.01;0;4.1264;0;0;-1
0;965;45.9698;-63.7033;46.5697;8.50235;2574.57;5.11234;0;0;0.1;0.01;0;3.3083;0;0;-1
0;966;46.1769;-47.4747;47.5654;10.2055;4452.37;6.13642;0;0;0.1;0.01;0;6.42967;0;0;-1
0;967;47.6488;-31.4626;46.2904;8.5;2572.44;5.11093;0;0;0.1;0.01;0;5.04347;1;0;-1
0;968;45.2296;-13.9404;49.029;9.26855;3335.22;5.57304;0;0;0.1;0.01;0;5.8896;0;0;-1
0;969;45.8966;-0.222353;45.3758;8.5;2572.44;5.11093;0;0;0.1;0.01;0;5.34627;1;0;-1
0;970;47.7162;20.7856;46.8775;10.0206;4214.73;6.02524;0;0;0.1;0.01;0;7.16672;0;0;-1
0;971;45.3027;36.6211;48.5848;9.44979;3534.72;5.68202;0;0;0.1;0.01;0;6.79963;0;0;-1
0;972;46.4725;54.7688;49.105;9.69619;3818.49;5.83018;0;0;0.1;0.01;0;5.88099;0;0;-1
0;973;45.6624;72.0064;48.421;9.86394;4020.13;5.93104;0;0;0.1;0.01;0;3.34349;0;0;-1
0;974;63.7017;-58.767;46.4822;8.74716;2803.43;5.25954;0;0;0.1;0.01;0;2.38353;0;0;-1
0;975;62.0131;-42.3747;47.6461;9.36522;3440.67;5.63117;0;0;0.1;0.01;0;5.04844;0;0;-1
0;976;59.8917;-24.0723;48.5273;8.5;2572.44;5.11093;0;0;0.1;0.01;0;4.86098;1;0;-1
0;977;63.6088;-8.70084;46.8154;10.1425;4370.42;6.09854;0;0;0.1;0.01;0;6.67401;0;0;-1
0;978;60.6643;8.13444;47.1513;9.86993;4027.46;5.93465;0;0;0.1;0.01;0;6.38246;0;0;-1
0;979;61.5262;26.8095;46.1102;9.90075;4065.3;5.95318;0;0;0.1;0.01;0;6.42562;0;0;-1
0;980;60.1737;43.6472;46.04;10.1384;4365.13;6.09607;0;0;0.1;0.01;0;6.24304;0;0;-1
0;981;61.1665;61.0037;46.9913;9.12844;3186.24;5.4888;0;0;0.1;0.01;0;3.76058;0;0;-1
0;982;77.2945;-30.3714;48.6453;8.61289;2676.3;5.17881;0;0;0.1;0.01;0;2.62309;0;0;-1
0;983;77.1305;-17.0992;47.728;8.5;2572.44;5.11093;0;0;0.1;0.01;0;3.16318;1;0;-1
0;984;75.5657;1.83181;46.5467;9.84126;3992.46;5.91741;0;0;0.1;0.01;0;5.0481;0;0;-1
0;985;78.6892;17.3387;48.7997;10.0526;4255.24;6.04448;0;0;0.1;0.01;0;4.1854;0;0;-1
0;986;75.2825;34.6932;45.9237;10.2898;4563.62;6.18711;0;0;0.1;0.01;0;4.4069;0;0;-1
0;987;-65.6175;-30.2884;62.2635;8.57744;2643.39;5.15749;0;0;0.1;0.01;0;3.43539;0;0;-1
0;988;-66.5748;-15.4201;63.549;8.87947;2932.58;5.3391;0;0;0.1;0.01;0;3.54024;0;0;-1
0;989;-66.692;0.549783;61.3347;8.52153;2592.04;5.12387;0;0;0.1;0.01;0;3.47919;0;0;-1
0;990;-66.1497;19.5131;63.9355;9.60852;3715.85;5.77746;0;0;0.1;0.01;0;3.35555;0;0;-1
0;991;-51.8186;-58.4783;60.4514;9.06277;3117.97;5.44931;0;0;0.1;0.01;0;2.13719;0;0;-1
0;992;-51.4169;-38.7554;63.6249;10.4312;4754.35;6.27213;0;0;0.1;0.01;0;5.19789;0;0;-1
0;993;-50.7477;-24.4997;63.2977;8.99047;3043.94;5.40584;0;0;0.1;0.01;0;6.41187;0;0;-1
0;994;-52.7019;-8.79203;61.3357;8.75928;2815.1;5.26683;0;0;0.1;0.01;0;4.57466;0;0;-1
0;995;-53.4855;10.3286;61.6466;10.3467;4639.75;6.22132;0;0;0.1;0.01;0;5.6047;0;0;-1
0;996;-53.0247;27.1251;62.1087;8.5119;2583.26;5.11808;0;0;0.1;0.01;0;4.04266;0;0;-1
0;997;-51.7537;46.5235;61.8011;9.49673;3587.66;5.71025;0;0;0.1;0.01;0;3.02827;0;0;-1
0;998;-36.3726;-47.5543;60.5179;9.31429;3384.84;5.60055;0;0;0.1;0.01;0;6.18405;0;0;-1
0;999;-36.9167;-33.1633;64.1638;8.56914;2635.73;5.1525;0;0;0.1;0.01;0;5.89311;0;0;-1
0;1000;-35.4719;-15.6534;62.673;9.77893;3917.08;5.87993;0;0;0.1;0.01;0;6.62063;0;0;-1
0;1001;-36.1681;1.45747;63.9623;8.73934;2795.92;5.25484;0;0;0.1;0.01;0;4.87656;0;0;-1
0;1002;-35.0706;19.5854;62.2235;8.80965;2863.94;5.29711;0;0;0.1;0.01;0;5.88758;0;0;-1
0;1003;-35.2283;37.0922;60.6591;9.96828;4149.06;5.99378;0;0;0.1;0.01;0;6.29261;0;0;-1
0;1004;-38.3044;52.2612;63.8451;9.47991;3568.63;5.70013;0;0;0.1;0.01;0;3.9444;0;0;-1
0;1005;-38.3134;67.9582;60.6975;9.61487;3723.22;5.78128;0;0;0.1;0.01;0;3.18403;0;0;-1
0;1006;-21.321;-73.2329;63.7628;8.5;2572.44;5.11093;0;0;0.1;0.01;0;1.71336;1;0;-1
0;1007;-23.2922;-57.0289;62.2441;10.4;4711.82;6.25337;0;0;0.1;0.01;0;6.18566;0;0;-1
0;1008;-22.2421;-40.8609;61.394;10.2717;4539.58;6.17622;0;0;0.1;0.01;0;8.02986;0;0;-1
0;1009;-21.3013;-22.7369;63.6628;8.53442;2603.82;5.13162;0;0;0.1;0.01;0;6.2448;0;0;-1
0;1010;-21.9765;-5.56828;62.1235;10.3597;4657.26;6.22914;0;0;0.1;0.01;0;6.43779;0;0;-1
0;1011;-22.121;10.5194;60.8512;8.5;2572.44;5.11093;0;0;0.1;0.01;0;3.63227;1;0;-1
0;1012;-23.7892;26.8063;63.5257;9.01866;3072.66;5.42279;0;0;0.1;0.01;0;4.69318;0;0;-1
0;1013;-22.4075;44.4753;62.8108;9.87176;4029.7;5.93575;0;0;0.1;0.01;0;6.77194;0;0;-1
0;1014;-21.8323;59.7032;60.1765;8.81698;2871.1;5.30152;0;0;0.1;0.01;0;5.43814;0;0;-1
0;1015;-7.87716;-67.6925;60.3447;8.52518;2595.37;5.12607;0;0;0.1;0.01;0;3.8887;0;0;-1
0;1016;-7.87189;-47.7054;63.1341;10.2311;4485.96;6.15181;0;0;0.1;0.01;0;6.71404;0;0;-1
0;1017;-5.56423;-29.8901;63.3936;9.05885;3113.92;5.44696;0;0;0.1;0.01;0;6.57656;0;0;-1
0;1018;-6.85218;-15.3337;60.9712;8.54701;2615.36;5.13919;0;0;0.1;0.01;0;6.62657;0;0;-1
0;1019;-8.78717;0.617026;60.7743;8.5;2572.44;5.11093;0;0;0.1;0.01;0;4.71354;1;0;-1
0;1020;-6.95575;20.833;60.3884;8.92528;2978.2;5.36664;0;0;0.1;0.01;0;4.6163;0;0;-1
0;1021;-8.83276;36.0118;63.5784;9.68264;3802.51;5.82203;0;0;0.1;0.01;0;7.04823;0;0;-1
0;1022;-6.4765;52.1445;61.0349;9.64341;3756.48;5.79844;0;0;0.1;0.01;0;7.58073;0;0;-1
0;1023;-7.43214;67.6699;60.877;10.3052;4584.14;6.19637;0;0;0.1;0.01;0;4.93569;0;0;-1
0;1024;5.3187;-73.7698;61.9526;8.5;2572.44;5.11093;0;0;0.1;0.01;0;2.23767;1;0;-1
0;1025;6.87541;-57.4057;62.3017;10.176;4413.87;6.11868;0;0;0.1;0.01;0;5.81538;0;0;-1
0;1026;7.74234;-39.3501;61.0375;8.5;2572.44;5.11093;0;0;0.1;0.01;0;4.55323;1;0;-1
0;1027;6.38249;-22.6914;62.3457;9.92312;4092.92;5.96663;0;0;0.1;0.01;0;6.71108;0;0;-1
0;1028;9.17518;-6.37335;62.4707;10.2402;4497.94;6.15728;0;0;0.1;0.01;0;6.85686;0;0;-1
0;1029;8.77967;12.197;62.2467;8.66534;2725.5;5.21034;0;0;0.1;0.01;0;4.78741;0;0;-1
0;1030;7.91725;26.3246;63.4132;8.5;2572.44;5.11093;0;0;0.1;0.01;0;5.49411;1;0;-1
0;1031;7.42302;42.0728;60.0808;10.2988;4575.6;6.19252;0;0;0.1;0.01;0;6.63315;0;0;-1
0;1032;6.64315;63.0882;63.2905;9.3194;3390.41;5.60362;0;0;0.1;0.01;0;4.62309;0;0;-1
0;1033;21.3056;-63.8655;60.9586;8.5;2572.44;5.11093;0;0;0.1;0.01;0;3.70088;1;0;-1
0;1034;23.257;-50.2938;61.9497;8.5;2572.44;5.11093;0;0;0.1;0.01;0;4.43346;1;0;-1
0;1035;20.9377;-32.363;61.0357;8.5;2572.44;5.11093;0;0;0.1;0.01;0;3.8322;1;0;-1
0;1036;24.2149;-12.6696;60.3655;8.5;2572.44;5.11093;0;0;0.1;0.01;0;5.40542;1;0;-1
0;1037;20.6096;2.95085;61.7846;8.5;2572.44;5.11093;0;0;0.1;0.01;0;5.06392;1;0;-1
0;1038;23.0804;19.7986;63.7362;10.3275;4613.96;6.20978;0;0;0.1;0.01;0;7.34194;0;0;-1
0;1039;21.9262;37.8419;63.1527;8.70203;2760.26;5.2324;0;0;0.1;0.01;0;5.68673;0;0;-1
0;1040;21.5764;53.1585;60.4244;8.5;2572.44;5.11093;0;0;0.1;0.01;0;5.29551;1;0;-1
0;1041;22.1349;69.1077;61.3888;9.0674;3122.75;5.4521;0;0;0.1;0.01;0;3.39186;0;0;-1
0;1042;34.6701;-59.7297;63.5335;8.5;2572.44;5.11093;0;0;0.1;0.01;0;2.17458;1;0;-1
0;1043;36.1555;-39.3403;62.5722;9.23923;3303.66;5.55541;0;0;0.1;0.01;0;4.51121;0;0;-1
0;1044;38.1864;-22.8125;61.8976;8.81792;2872.02;5.30209;0;0;0.1;0.01;0;4.89391;0;0;-1
0;1045;35.796;-5.06036;62.6085;8.95321;3006.25;5.38344;0;0;0.1;0.01;0;4.80335;0;0;-1
0;1046;38.2684;12.2872;61.3838;9.45337;3538.74;5.68417;0;0;0.1;0.01;0;5.64783;0;0;-1
0;1047;37.9528;26.2071;60.2533;8.5;2572.44;5.11093;0;0;0.1;0.01;0;6.73209;1;0;-1
0;1048;35.5231;43.3632;63.5203;9.23679;3301.05;5.55395;0;0;0.1;0.01;0;5.62846;0;0;-1
0;1049;38.6617;60.4726;63.3794;9.72555;3853.28;5.84783;0;0;0.1;0.01;0;3.9482;0;0;-1
0;1050;53.4559;-48.7335;61.7448;9.52246;3616.9;5.72572;0;0;0.1;0.01;0;3.22335;0;0;-1
0;1051;50.3678;-33.39;60.8823;8.5;2572.44;5.11093;0;0;0.1;0.01;0;4.87601;1;0;-1
0;1052;51.028;-15.279;62.1403;9.58171;3684.83;5.76134;0;0;0.1;0.01;0;5.69865;0;0;-1
0;1053;50.0369;0.793716;62.698;8.5;2572.44;5.11093;0;0;0.1;0.01;0;4.12939;1;0;-1
0;1054;50.5491;20.6938;60.9289;8.5;2572.44;5.11093;0;0;0.1;0.01;0;5.72192;1;0;-1
0;1055;50.8711;34.8036;61.8172;9.8158;3961.56;5.9021;0;0;0.1;0.01;0;6.01641;0;0;-1
0;1056;53.6975;53.0069;62.7418;10.1404;4367.71;6.09728;0;0;0.1;0.01;0;3.14125;0;0;-1
0;1057;67.076;-40.8574;60.8967;10.4293;4751.76;6.27099;0;0;0.1;0.01;0;2.85288;0;0;-1
0;1058;64.4554;-21.5179;62.1434;8.5;2572.44;5.11093;0;0;0.1;0.01;0;2.95889;1;0;-1
0;1059;64.4421;-5.43903;61.8683;8.5;2572.44;5.11093;0;0;0.1;0.01;0;4.08212;1;0;-1
0;1060;66.7701;9.19515;60.6578;9.7064;3830.57;5.83632;0;0;0.1;0.01;0;3.28647;0;0;-1
0;1061;65.1726;25.031;60.1612;8.80062;2855.15;5.29169;0;0;0.1;0.01;0;2.81961;0;0;-1
0;1062;-54.4217;-23.7687;75.9841;9.34551;3418.99;5.61932;0;0;0.1;0.01;0;3.60309;0;0;-1
0;1063;-56.5093;-4.70235;78.7078;8.5;2572.44;5.11093;0;0;0.1;0.01;0;1.66246;1;0;-1
0;1064;-54.9444;10.6805;76.2432;9.32397;3395.4;5.60637;0;0;0.1;0.01;0;3.90511;0;0;-1
0;1065;-56.4411;29.7252;75.0181;10.447;4775.99;6.28163;0;0;0.1;0.01;0;3.2351;0;0;-1
0;1066;-40.0269;-48.9649;77.0325;8.5;2572.44;5.11093;0;0;0.1;0.01;0;2.24484;1;0;-1
0;1067;-42.2504;-30.7979;77.7929;8.79456;2849.25;5.28804;0;0;0.1;0.01;0;4.74998;0;0;-1
0;1068;-40.3994;-15.9262;75.098;9.98709;4172.59;6.00509;0;0;0.1;0.01;0;6.5472;0;0;-1
0;1069;-40.4526;2.86857;77.9478;9.51488;3608.27;5.72116;0;0;0.1;0.01;0;5.7301;0;0;-1
0;1070;-41.6355;17.7814;74.6456;8.54694;2615.29;5.13915;0;0;0.1;0.01;0;5.55039;0;0;-1
0;1071;-39.3214;33.6809;76.4765;9.87209;4030.1;5.93594;0;0;0.1;0.01;0;4.14343;0;0;-1
0;1072;-24.3917;-55.1609;76.9395;9.73996;3870.44;5.8565;0;0;0.1;0.01;0;3.46837;0;0;-1
0;1073;-26.2737;-40.845;74.9505;9.02504;3079.19;5.42663;0;0;0.1;0.01;0;5.50589;0;0;-1
0;1074;-27.4684;-23.1578;76.5335;10.0637;4269.35;6.05116;0;0;0.1;0.01;0;7.0145;0;0;-1
0;1075;-27.2486;-4.52208;77.9003;9.34698;3420.6;5.6202;0;0;0.1;0.01;0;6.54837;0;0;-1
0;1076;-24.981;12.2911;77.0427;9.04555;3100.23;5.43896;0;0;0.1;0.01;0;5.7739;0;0;-1
0;1077;-25.7889;26.5311;77.3025;9.31413;3384.66;5.60045;0;0;0.1;0.01;0;5.89715;0;0;-1
0;1078;-25.3408;43.7269;77.765;9.28589;3353.97;5.58347;0;0;0.1;0.01;0;3.80742;0;0;-1
0;1079;-10.0636;-47.8143;76.4044;8.80812;2862.45;5.29619;0;0;0.1;0.01;0;4.92259;0;0;-1
0;1080;-12.4525;-31.1449;76.4157;10.2266;4480.05;6.14911;0;0;0.1;0.01;0;7.47966;0;0;-1
0;1081;-12.8026;-16.175;74.6116;9.40462;3484.27;5.65486;0;0;0.1;0.01;0;7.35193;0;0;-1
0;1082;-13.5673;0.326478;78.4949;10.2202;4471.64;6.14526;0;0;0.1;0.01;0;6.59445;0;0;-1
0;1083;-11.4801;20.5754;78.319;8.95194;3004.97;5.38267;0;0;0.1;0.01;0;5.81022;0;0;-1
0;1084;-10.8835;36.5092;76.7796;10.0821;4292.81;6.06222;0;0;0.1;0.01;0;7.27535;0;0;-1
0;1085;-11.9894;51.5961;76.3091;9.93362;4105.93;5.97294;0;0;0.1;0.01;0;4.78413;0;0;-1
0;1086;3.54449;-58.845;76.6063;10.3992;4710.73;6.25289;0;0;0.1;0.01;0;3.37092;0;0;-1
0;1087;1.37913;-42.2289;78.4776;8.5;2572.44;5.11093;0;0;0.1;0.01;0;4.97785;1;0;-1
0;1088;4.76845;-23.242;76.3315;10.0445;4244.96;6.03961;0;0;0.1;0.01;0;6.80793;0;0;-1
0;1089;1.29808;-7.59318;78.244;9.92445;4094.57;5.96743;0;0;0.1;0.01;0;6.26958;0;0;-1
0;1090;3.27148;11.4182;77.6355;8.90179;2954.75;5.35252;0;0;0.1;0.01;0;4.54047;0;0;-1
0;1091;1.50692;27.3585;77.7778;9.65841;3774.03;5.80746;0;0;0.1;0.01;0;7.23901;0;0;-1
0;1092;2.5422;42.4935;76.4673;10.3015;4579.2;6.19414;0;0;0.1;0.01;0;6.33632;0;0;-1
0;1093;4.04696;61.3697;76.5692;9.70352;3827.16;5.83459;0;0;0.1;0.01;0;3.29191;0;0;-1
0;1094;16.4728;-49.5948;74.9938;8.82222;2876.22;5.30467;0;0;0.1;0.01;0;3.51491;0;0;-1
0;1095;17.4666;-30.74;77.8433;9.94785;4123.6;5.9815;0;0;0.1;0.01;0;6.04491;0;0;-1
0;1096;18.4984;-13.1212;74.609;9.11763;3174.93;5.4823;0;0;0.1;0.01;0;6.14145;0;0;-1
0;1097;16.7239;3.34169;76.3088;8.78297;2838;5.28107;0;0;0.1;0.01;0;5.25219;0;0;-1
0;1098;18.4122;20.1253;76.7571;8.5;2572.44;5.11093;0;0;0.1;0.01;0;5.8119;1;0;-1
0;1099;18.6043;33.9803;76.0121;10.0972;4312.13;6.0713;0;0;0.1;0.01;0;7.30712;0;0;-1
0;1100;18.5657;54.4305;76.1394;9.59276;3697.6;5.76799;0;0;0.1;0.01;0;3.60344;0;0;-1
0;1101;32.5511;-40.1982;76.4291;10.1849;4425.47;6.12403;0;0;0.1;0.01;0;3.81318;0;0;-1
0;1102;31.2496;-22.944;78.5539;10.1291;4353.13;6.09048;0;0;0.1;0.01;0;5.58358;0;0;-1
0;1103;31.1788;-5.98758;77.3397;8.5572;2624.72;5.14532;0;0;0.1;0.01;0;5.20157;0;0;-1
0;1104;32.3714;11.745;76.1724;9.07028;3125.72;5.45383;0;0;0.1;0.01;0;4.4643;0;0;-1
0;1105;34.5149;28.4081;76.6499;10.3011;4578.67;6.1939;0;0;0.1;0.01;0;5.87519;0;0;-1
0;1106;30.9538;46.4982;78.1592;10.3268;4613.03;6.20935;0;0;0.1;0.01;0;4.16962;0;0;-1
0;1107;49.0833;-30.3944;78.6659;9.26179;3327.92;5.56898;0;0;0.1;0.01;0;1.69067;0;0;-1
0;1108;45.4484;-13.8827;75.3106;8.5304;2600.14;5.12921;0;0;0.1;0.01;0;4.76381;0;0;-1
0;1109;47.4441;0.39488;77.9782;8.55106;2619.08;5.14163;0;0;0.1;0.01;0;3.45369;0;0;-1
0;1110;48.3211;20.0342;74.9207;9.58572;3689.46;5.76375;0;0;0.1;0.01;0;3.86876;0;0;-1
0;1111;49.0117;36.2378;77.4627;8.5;2572.44;5.11093;0;0;0.1;0.01;0;2.34169;1;0;-1
0;1112;60.438;-6.10713;78.4432;8.5;2572.44;5.11093;0;0;0.1;0.01;0;1.5957;1;0;-1
0;1113;-36.2721;-15.7307;89.6361;9.8315;3980.59;5.91154;0;0;0.1;0.01;0;4.24694;0;0;-1
0;1114;-36.4149;1.56571;91.2438;8.5;2572.44;5.11093;0;0;0.1;0.01;0;3.92048;1;0;-1
0;1115;-38.4459;16.9514;89.8881;10.0141;4206.53;6.02133;0;0;0.1;0.01;0;3.77056;0;0;-1
0;1116;-21.1036;-24.4712;90.0488;10.4526;4783.67;6.285;0;0;0.1;0.01;0;4.9487;0;0;-1
0;1117;-23.4136;-6.36291;93.0782;10.0382;4236.98;6.03582;0;0;0.1;0.01;0;4.53911;0;0;-1
0;1118;-22.7383;11.6921;89.7666;8.5;2572.44;5.11093;0;0;0.1;0.01;0;4.56352;1;0;-1
0;1119;-21.6299;27.6372;93.3733;10.1704;4406.59;6.11531;0;0;0.1;0.01;0;3.6387;0;0;-1
0;1120;-7.4777;-31.4725;90.7931;9.99572;4183.41;6.01028;0;0;0.1;0.01;0;4.74575;0;0;-1
0;1121;-8.53469;-14.0085;89.4435;9.49792;3589.01;5.71096;0;0;0.1;0.01;0;6.43348;0;0;-1
0;1122;-6.51289;1.18225;92.662;9.92513;4095.41;5.96784;0;0;0.1;0.01;0;5.31209;0;0;-1
0;1123;-5.80948;19.1292;93.3175;10.3778;4681.71;6.24002;0;0;0.1;0.01;0;5.37792;0;0;-1
0;1124;-7.61243;35.0363;92.3591;8.5;2572.44;5.11093;0;0;0.1;0.01;0;3.70934;1;0;-1
0;1125;5.41779;-38.5683;92.1462;8.64182;2703.36;5.1962;0;0;0.1;0.01;0;2.77307;0;0;-1
0;1126;6.63164;-23.3665;92.1209;9.97299;4154.94;5.99661;0;0;0.1;0.01;0;4.85979;0;0;-1
0;1127;7.32695;-5.04204;91.605;9.76217;3896.98;5.86985;0;0;0.1;0.01;0;4.37161;0;0;-1
0;1128;6.6654;10.8065;91.2135;9.29955;3368.79;5.59168;0;0;0.1;0.01;0;4.12343;0;0;-1
0;1129;6.09727;28.7494;90.0576;9.47028;3557.76;5.69434;0;0;0.1;0.01;0;5.33403;0;0;-1
0;1130;23.7551;-31.9711;89.8676;8.5;2572.44;5.11093;0;0;0.1;0.01;0;2.94787;1;0;-1
0;1131;20.7068;-13.4772;89.3567;8.96289;3016.01;5.38926;0;0;0.1;0.01;0;4.82348;0;0;-1
0;1132;22.7984;0.120247;90.1652;8.56343;2630.46;5.14907;0;0;0.1;0.01;0;3.46965;0;0;-1
0;1133;20.0052;20.8177;90.9638;8.88242;2935.5;5.34087;0;0;0.1;0.01;0;3.25321;0;0;-1
0;1134;20.8921;36.7155;90.3463;8.61361;2676.97;5.17924;0;0;0.1;0.01;0;2.71867;0;0;-1
0;1135;37.323;-7.80951;89.7327;9.767;3902.76;5.87276;0;0;0.1;0.01;0;3.63692;0;0;-1
0;1136;35.4273;9.72877;91.1684;8.5238;2594.11;5.12524;0;0;0.1;0.01;0;1.96183;0;0;-1
