Time;ID;x;y;z;radius;volume_total;radius_nuclear;contact_ECM;freezer;polarized_fraction;motility;cell_line;Cell_cell;phase;Cycle;NFkB
0;0;-51.3175;-4.6165;-83.4226;8.5;2572.44;5.11093;0;0;0.1;0.01;0;2.64509;1;0;-1
0;1;-37.4347;-33.3423;-84.6849;9.8791;4038.69;5.94016;0;0;0.1;0.01;0;2.67471;0;0;-1
0;2;-37.6577;-13.8246;-86.4846;8.5;2572.44;5.11093;0;0;0.1;0.01;0;2.6534;1;0;-1
0;3;-38.5107;0.468325;-85.5942;8.93259;2985.53;5.37104;0;0;0.1;0.01;0;2.49594;0;0;-1
0;4;-35.4896;20.6082;-84.3339;10.0373;4235.84;6.03528;0;0;0.1;0.01;0;3.05437;0;0;-1
0;5;-21.8014;-40.6296;-87.2612;9.31441;3384.97;5.60062;0;0;0.1;0.01;0;2.80801;0;0;-1
0;6;-20.5489;-22.4012;-85.9352;8.72424;2781.45;5.24576;0;0;0.1;0.01;0;4.23867;0;0;-1
0;7;-21.0314;-8.42167;-84.5143;8.68751;2746.47;5.22367;0;0;0.1;0.01;0;4.10644;0;0;-1
0;8;-20.3058;10.7154;-85.9741;8.9461;2999.09;5.37916;0;0;0.1;0.01;0;3.39358;0;0;-1
0;9;-22.298;28.7611;-84.0058;9.1147;3171.87;5.48054;0;0;0.1;0.01;0;3.81175;0;0;-1
0;10;-8.84476;-49.3349;-83.4164;10.3831;4688.89;6.24321;0;0;0.1;0.01;0;3.61063;0;0;-1
0;11;-7.09837;-30.7549;-87.1625;9.25676;3322.5;5.56596;0;0;0.1;0.01;0;4.75233;0;0;-1
0;12;-6.80797;-16.616;-86.2521;8.92614;2979.06;5.36716;0;0;0.1;0.01;0;5.07608;0;0;-1
0;13;-6.58936;0.141477;-85.5142;10.1914;4433.94;6.12794;0;0;0.1;0.01;0;5.0202;0;0;-1
0;14;-7.56709;20.0306;-83.7559;10.1998;4444.92;6.13299;0;0;0.1;0.01;0;5.00696;0;0;-1
0;15;-7.67697;38.2921;-83.9343;9.71243;3837.71;5.83994;0;0;0.1;0.01;0;3.32075;0;0;-1
0;16;7.44482;-40.8702;-85.9512;10.0896;4302.4;6.06673;0;0;0.1;0.01;0;4.84714;0;0;-1
0;17;6.40201;-24.2348;-83.4898;10.0954;4309.82;6.07022;0;0;0.1;0.01;0;6.0362;0;0;-1
0;18;8.72807;-6.0199;-85.838;8.76963;2825.09;5.27305;0;0;0.1;0.01;0;3.89382;0;0;-1
0;19;6.48076;10.9343;-86.7606;8.73724;2793.9;5.25358;0;0;0.1;0.01;0;2.66745;0;0;-1
0;20;7.75439;27.7545;-87.3851;8.84193;2895.54;5.31652;0;0;0.1;0.01;0;3.18457;0;0;-1
0;21;8.87853;45.3826;-83.5792;10.2972;4573.47;6.19156;0;0;0.1;0.01;0;3.80185;0;0;-1
0;22;20.2448;-49.1578;-84.496;9.44966;3534.57;5.68194;0;0;0.1;0.01;0;3.2342;0;0;-1
0;23;23.3396;-34.0357;-86.6635;10.0918;4305.21;6.06805;0;0;0.1;0.01;0;5.1242;0;0;-1
0;24;20.6095;-15.7259;-84.9705;8.5;2572.44;5.11093;0;0;0.1;0.01;0;3.28121;1;0;-1
0;25;22.4766;3.45252;-86.8639;8.58914;2654.22;5.16453;0;0;0.1;0.01;0;3.59287;0;0;-1
0;26;23.6346;20.3906;-84.4872;8.88816;2941.2;5.34432;0;0;0.1;0.01;0;4.47606;0;0;-1
0;27;23.5491;37.7417;-84.8635;9.8457;3997.87;5.92008;0;0;0.1;0.01;0;3.69263;0;0;-1
0;28;36.3541;-40.1938;-83.6499;9.99562;4183.29;6.01022;0;0;0.1;0.01;0;3.76908;0;0;-1
0;29;35.4665;-25.5449;-86.1254;8.5;2572.44;5.11093;0;0;0.1;0.01;0;3.01566;1;0;-1
0;30;37.2087;-5.59659;-85.3013;10.2046;4451.19;6.13588;0;0;0.1;0.01;0;2.52915;0;0;-1
0;31;36.5617;10.8603;-83.9723;10.2277;4481.49;6.14977;0;0;0.1;0.01;0;3.93842;0;0;-1
0;32;37.5892;26.9795;-83.9286;10.0868;4298.82;6.06505;0;0;0.1;0.01;0;4.35711;0;0;-1
0;33;-70.5272;-14.7641;-69.3752;9.3986;3477.59;5.65124;0;0;0.1;0.01;0;2.28007;0;0;-1
0;34;-57.8126;-39.4497;-71.3409;9.97762;4160.73;5.9994;0;0;0.1;0.01;0;3.10552;0;0;-1
0;35;-56.663;-25.1887;-72.4896;9.30194;3371.39;5.59312;0;0;0.1;0.01;0;3.99695;0;0;-1
0;36;-54.7623;-8.89569;-70.8539;8.5;2572.44;5.11093;0;0;0.1;0.01;0;4.50433;1;0;-1
0;37;-56.2944;9.85647;-69.7897;10.3383;4628.45;6.21627;0;0;0.1;0.01;0;3.50753;0;0;-1
0;38;-57.7875;28.4761;-71.504;8.5;2572.44;5.11093;0;0;0.1;0.01;0;2.15676;1;0;-1
0;39;-54.6543;46.9028;-68.5778;9.52835;3623.61;5.72926;0;0;0.1;0.01;0;3.24192;0;0;-1
0;40;-41.5503;-51.3159;-72.6786;9.08313;3139.03;5.46155;0;0;0.1;0.01;0;2.11068;0;0;-1
0;41;-41.3959;-30.4524;-70.9815;9.44447;3528.75;5.67882;0;0;0.1;0.01;0;5.73776;0;0;-1
0;42;-42.2313;-16.6252;-69.6671;10.4347;4759.14;6.27423;0;0;0.1;0.01;0;6.85804;0;0;-1
0;43;-39.417;1.73103;-69.0955;8.5;2572.44;5.11093;0;0;0.1;0.01;0;4.22181;1;0;-1
0;44;-42.3631;16.762;-69.063;8.5;2572.44;5.11093;0;0;0.1;0.01;0;5.51298;1;0;-1
0;45;-42.4217;34.2535;-69.8621;9.48534;3574.76;5.7034;0;0;0.1;0.01;0;5.21339;0;0;-1
0;46;-41.211;53.4682;-69.4133;8.5;2572.44;5.11093;0;0;0.1;0.01;0;3.80474;1;0;-1
0;47;-26.5808;-57.1968;-70.3647;8.69547;2754.02;5.22846;0;0;0.1;0.01;0;4.02302;0;0;-1
0;48;-28.5597;-42.5899;-68.4927;10.4235;4743.83;6.2675;0;0;0.1;0.01;0;6.38691;0;0;-1
0;49;-26.2503;-24.7411;-70.6756;8.78999;2844.81;5.28529;0;0;0.1;0.01;0;5.81404;0;0;-1
0;50;-24.7268;-8.81331;-71.8666;8.5;2572.44;5.11093;0;0;0.1;0.01;0;4.47428;1;0;-1
0;51;-26.8815;11.1069;-69.6475;9.33999;3412.93;5.616;0;0;0.1;0.01;0;5.35105;0;0;-1
0;52;-26.0043;26.9276;-69.2369;10.0291;4225.46;6.03035;0;0;0.1;0.01;0;6.56957;0;0;-1
0;53;-27.6135;43.7364;-70.6704;9.33376;3406.11;5.61225;0;0;0.1;0.01;0;4.60075;0;0;-1
0;54;-27.1651;62.1959;-69.8053;9.79464;3935.99;5.88937;0;0;0.1;0.01;0;3.73981;0;0;-1
0;55;-13.5688;-63.8519;-69.0146;9.87774;4037.02;5.93934;0;0;0.1;0.01;0;4.04183;0;0;-1
0;56;-13.8205;-48.1369;-68.3432;8.5;2572.44;5.11093;0;0;0.1;0.01;0;5.72132;1;0;-1
0;57;-11.3431;-31.1872;-72.613;8.91585;2968.77;5.36097;0;0;0.1;0.01;0;5.09774;0;0;-1
0;58;-12.6989;-15.0533;-70.9665;9.29638;3365.35;5.58978;0;0;0.1;0.01;0;6.58785;0;0;-1
0;59;-9.94834;1.9623;-71.7796;9.45092;3535.99;5.6827;0;0;0.1;0.01;0;5.80803;0;0;-1
0;60;-11.6515;16.5854;-70.1458;8.82064;2874.68;5.30372;0;0;0.1;0.01;0;5.34593;0;0;-1
0;61;-11.8808;36.6316;-70.9287;9.09843;3154.92;5.47075;0;0;0.1;0.01;0;4.65057;0;0;-1
0;62;-10.7511;55.0818;-70.3595;9.75011;3882.55;5.8626;0;0;0.1;0.01;0;3.31363;0;0;-1
0;63;2.17758;-56.2434;-69.0691;9.01971;3073.73;5.42342;0;0;0.1;0.01;0;4.73794;0;0;-1
0;64;3.94332;-40.1499;-72.0483;8.76763;2823.16;5.27185;0;0;0.1;0.01;0;5.19958;0;0;-1
0;65;2.71865;-22.8981;-68.5043;10.2393;4496.76;6.15674;0;0;0.1;0.01;0;7.06969;0;0;-1
0;66;4.34254;-7.97806;-72.0153;9.90275;4067.77;5.95438;0;0;0.1;0.01;0;6.59504;0;0;-1
0;67;2.34956;10.1656;-69.213;8.5;2572.44;5.11093;0;0;0.1;0.01;0;4.96781;1;0;-1
0;68;4.40277;26.7923;-69.6963;8.5;2572.44;5.11093;0;0;0.1;0.01;0;4.49222;1;0;-1
0;69;4.43608;45.7957;-70.5453;9.40266;3482.1;5.65368;0;0;0.1;0.01;0;6.07206;0;0;-1
0;70;3.50638;63.7166;-70.149;9.87208;4030.09;5.93594;0;0;0.1;0.01;0;3.45354;0;0;-1
0;71;16.3324;-66.2693;-69.8965;9.33398;3406.35;5.61239;0;0;0.1;0.01;0;2.89208;0;0;-1
0;72;15.9661;-47.167;-70.927;8.71329;2770.99;5.23917;0;0;0.1;0.01;0;4.75398;0;0;-1
0;73;19.2575;-30.2054;-70.8772;10.2304;4485.04;6.15139;0;0;0.1;0.01;0;6.89018;0;0;-1
0;74;16.4076;-14.092;-69.2262;8.5;2572.44;5.11093;0;0;0.1;0.01;0;6.69826;1;0;-1
0;75;16.9998;1.22299;-71.33;9.24351;3308.26;5.55799;0;0;0.1;0.01;0;5.44125;0;0;-1
0;76;16.0027;18.206;-69.2095;8.72477;2781.96;5.24608;0;0;0.1;0.01;0;4.98767;0;0;-1
0;77;17.3094;35.4429;-70.6352;9.03495;3089.34;5.43258;0;0;0.1;0.01;0;5.4896;0;0;-1
0;78;19.4547;55.0769;-70.28;10.194;4437.34;6.1295;0;0;0.1;0.01;0;4.06691;0;0;-1
0;79;31.0822;-57.794;-69.4696;8.5;2572.44;5.11093;0;0;0.1;0.01;0;3.36014;1;0;-1
0;80;31.7649;-38.5284;-68.4317;9.87873;4038.24;5.93994;0;0;0.1;0.01;0;6.27406;0;0;-1
0;81;32.0157;-21.8267;-69.6484;8.5;2572.44;5.11093;0;0;0.1;0.01;0;4.93219;1;0;-1
0;82;33.3328;-6.33882;-68.8067;9.53103;3626.67;5.73087;0;0;0.1;0.01;0;5.57085;0;0;-1
0;83;30.5722;12.4402;-71.3018;9.73152;3860.39;5.85142;0;0;0.1;0.01;0;6.45282;0;0;-1
0;84;33.6214;28.6078;-68.5233;10.0382;4236.98;6.03582;0;0;0.1;0.01;0;6.88805;0;0;-1
0;85;34.0072;43.7493;-71.9675;8.5;2572.44;5.11093;0;0;0.1;0.01;0;4.23524;1;0;-1
0;86;46.3687;-51.2916;-68.9088;9.61922;3728.28;5.7839;0;0;0.1;0.01;0;2.7589;0;0;-1
0;87;45.9828;-30.484;-71.9454;9.01313;3067.01;5.41946;0;0;0.1;0.01;0;4.33274;0;0;-1
0;88;47.5535;-13.4225;-71.9977;9.9526;4129.51;5.98435;0;0;0.1;0.01;0;4.8656;0;0;-1
0;89;45.3321;1.65127;-69.0606;8.5;2572.44;5.11093;0;0;0.1;0.01;0;5.76259;1;0;-1
0;90;47.3081;17.1273;-68.9515;10.3912;4699.87;6.24808;0;0;0.1;0.01;0;6.38378;0;0;-1
0;91;48.9693;36.8802;-71.9473;10.2103;4458.66;6.13931;0;0;0.1;0.01;0;3.53682;0;0;-1
0;92;46.7014;54.1086;-68.9979;8.5;2572.44;5.11093;0;0;0.1;0.01;0;2.53904;1;0;-1
0;93;60.026;-25.6682;-72.0472;10.0688;4275.84;6.05422;0;0;0.1;0.01;0;2.7522;0;0;-1
0;94;62.5641;-5.6066;-71.9209;8.73835;2794.97;5.25424;0;0;0.1;0.01;0;2.33485;0;0;-1
0;95;61.3304;9.87486;-68.8417;9.81409;3959.49;5.90107;0;0;0.1;0.01;0;3.63319;0;0;-1
0;96;-80.3936;-8.31377;-55.4071;9.69228;3813.88;5.82783;0;0;0.1;0.01;0;2.96301;0;0;-1
0;97;-80.1257;12.4598;-54.3333;8.7296;2786.58;5.24898;0;0;0.1;0.01;0;2.61353;0;0;-1
0;98;-65.7607;-48.4198;-54.2741;10.1245;4347.2;6.08771;0;0;0.1;0.01;0;4.68086;0;0;-1
0;99;-67.7023;-33.8757;-55.4108;8.95215;3005.18;5.3828;0;0;0.1;0.01;0;3.30488;0;0;-1
0;100;-65.5549;-12.6508;-56.3813;8.50736;2579.13;5.11535;0;0;0.1;0.01;0;4.00055;0;0;-1
0;101;-64.5976;1.7353;-53.9684;9.72048;3847.26;5.84478;0;0;0.1;0.01;0;5.33411;0;0;-1
0;102;-68.0119;19.645;-57.7801;8.68328;2742.46;5.22113;0;0;0.1;0.01;0;3.53352;0;0;-1
0;103;-66.4444;35.4444;-55.5529;8.5;2572.44;5.11093;0;0;0.1;0.01;0;3.49078;1;0;-1
0;104;-52.2482;-59.3442;-54.8753;9.7421;3872.99;5.85778;0;0;0.1;0.01;0;4.06104;0;0;-1
0;105;-52.9177;-42.3686;-57.5529;8.54632;2614.73;5.13878;0;0;0.1;0.01;0;4.59263;0;0;-1
0;106;-51.3198;-24.6925;-57.8062;8.5;2572.44;5.11093;0;0;0.1;0.01;0;4.57044;1;0;-1
0;107;-49.8611;-4.79508;-57.1204;9.83619;3986.29;5.91436;0;0;0.1;0.01;0;6.42178;0;0;-1
0;108;-51.746;12.0415;-54.3842;9.7551;3888.52;5.8656;0;0;0.1;0.01;0;7.06158;0;0;-1
0;109;-51.0331;27.8576;-57.8085;10.3779;4681.85;6.24008;0;0;0.1;0.01;0;6.92924;0;0;-1
0;110;-52.1436;44.8059;-54.0133;9.75705;3890.85;5.86677;0;0;0.1;0.01;0;6.19969;0;0;-1
0;111;-50.5753;59.7312;-54.4358;10.0947;4308.92;6.0698;0;0;0.1;0.01;0;5.1526;0;0;-1
0;112;-38.6617;-66.583;-56.3477;9.78686;3926.62;5.8847;0;0;0.1;0.01;0;4.10183;0;0;-1
0;113;-38.373;-51.0456;-54.5665;9.22818;3291.83;5.54877;0;0;0.1;0.01;0;5.19142;0;0;-1
0;114;-36.5541;-31.2272;-56.2469;9.62245;3732.03;5.78584;0;0;0.1;0.01;0;6.18255;0;0;-1
0;115;-36.5236;-14.853;-55.7931;10.2702;4537.59;6.17532;0;0;0.1;0.01;0;6.81857;0;0;-1
0;116;-37.7524;2.438;-54.3752;8.98033;3033.65;5.39974;0;0;0.1;0.01;0;5.5241;0;0;-1
0;117;-36.0804;20.9947;-57.0187;10.2728;4541.04;6.17689;0;0;0.1;0.01;0;7.54123;0;0;-1
0;118;-35.208;36.6529;-55.0654;8.75833;2814.18;5.26626;0;0;0.1;0.01;0;6.65412;0;0;-1
0;119;-36.9995;51.2795;-56.5087;10.0445;4244.96;6.03961;0;0;0.1;0.01;0;6.94664;0;0;-1
0;120;-35.9285;70.3144;-57.9292;10.4064;4720.52;6.25722;0;0;0.1;0.01;0;4.27381;0;0;-1
0;121;-23.9295;-76.023;-57.3305;9.56038;3660.28;5.74852;0;0;0.1;0.01;0;3.14421;0;0;-1
0;122;-21.8308;-56.2114;-56.4072;9.42137;3502.92;5.66493;0;0;0.1;0.01;0;6.51047;0;0;-1
0;123;-21.0907;-40.4612;-54.8479;10.0066;4197.09;6.01682;0;0;0.1;0.01;0;6.98257;0;0;-1
0;124;-23.6241;-22.5399;-56.744;9.91108;4078.04;5.95939;0;0;0.1;0.01;0;6.87758;0;0;-1
0;125;-21.5841;-7.15353;-56.3428;8.98657;3039.98;5.40349;0;0;0.1;0.01;0;5.63056;0;0;-1
0;126;-22.4084;8.99961;-55.9852;9.44496;3529.3;5.67912;0;0;0.1;0.01;0;4.80074;0;0;-1
0;127;-21.4018;25.5963;-55.5895;8.61865;2681.68;5.18227;0;0;0.1;0.01;0;5.26572;0;0;-1
0;128;-21.7844;42.3053;-56.7047;8.5;2572.44;5.11093;0;0;0.1;0.01;0;5.12213;1;0;-1
0;129;-22.1148;63.2062;-54.4606;10.3642;4663.33;6.23184;0;0;0.1;0.01;0;7.13803;0;0;-1
0;130;-22.0282;77.9766;-57.0155;9.14647;3205.16;5.49964;0;0;0.1;0.01;0;3.52705;0;0;-1
0;131;-9.28499;-80.7835;-56.0112;8.5;2572.44;5.11093;0;0;0.1;0.01;0;2.46859;1;0;-1
0;132;-5.76944;-65.6669;-55.7479;9.0412;3095.76;5.43634;0;0;0.1;0.01;0;4.74526;0;0;-1
0;133;-6.2336;-47.1126;-55.1184;9.62786;3738.33;5.78909;0;0;0.1;0.01;0;5.88165;0;0;-1
0;134;-8.77347;-29.9228;-54.6142;9.80216;3945.06;5.8939;0;0;0.1;0.01;0;5.57472;0;0;-1
0;135;-8.94957;-14.1407;-55.4202;8.61231;2675.76;5.17846;0;0;0.1;0.01;0;5.83924;0;0;-1
0;136;-7.06437;0.372386;-56.719;8.5;2572.44;5.11093;0;0;0.1;0.01;0;5.33957;1;0;-1
0;137;-5.92335;20.9911;-55.1485;10.3787;4682.93;6.24056;0;0;0.1;0.01;0;6.33329;0;0;-1
0;138;-8.23778;36.9511;-55.4927;10.3709;4672.38;6.23587;0;0;0.1;0.01;0;6.41074;0;0;-1
0;139;-5.82905;54.9386;-55.1072;10.4463;4775.03;6.28121;0;0;0.1;0.01;0;6.18328;0;0;-1
0;140;-8.72245;70.3278;-55.1334;8.9171;2970.02;5.36172;0;0;0.1;0.01;0;3.30116;0;0;-1
0;141;8.98742;-74.3254;-56.906;8.95921;3012.3;5.38704;0;0;0.1;0.01;0;3.46587;0;0;-1
0;142;6.86085;-58.0815;-56.2137;9.9375;4110.74;5.97527;0;0;0.1;0.01;0;6.12515;0;0;-1
0;143;7.34464;-41.7088;-54.9309;8.5;2572.44;5.11093;0;0;0.1;0.01;0;4.38083;1;0;-1
0;144;9.40183;-22.7159;-56.6054;9.348;3421.72;5.62082;0;0;0.1;0.01;0;6.49443;0;0;-1
0;145;6.03202;-8.01655;-56.8628;9.37777;3454.52;5.63872;0;0;0.1;0.01;0;6.47234;0;0;-1
0;146;5.60933;9.72459;-55.2407;8.95394;3006.98;5.38387;0;0;0.1;0.01;0;4.27942;0;0;-1
0;147;8.44451;27.7506;-53.955;10.1128;4332.14;6.08068;0;0;0.1;0.01;0;6.67632;0;0;-1
0;148;8.53438;44.9755;-55.9738;10.2821;4553.38;6.18248;0;0;0.1;0.01;0;7.63888;0;0;-1
0;149;8.84334;59.8449;-57.7158;8.76315;2818.83;5.26915;0;0;0.1;0.01;0;5.80937;0;0;-1
0;150;8.56884;79.8432;-54.3421;9.33081;3402.88;5.61048;0;0;0.1;0.01;0;2.80783;0;0;-1
0;151;22.2801;-64.2619;-56.6554;9.79249;3933.4;5.88808;0;0;0.1;0.01;0;4.96869;0;0;-1
0;152;24.1785;-49.986;-53.7204;8.97699;3030.27;5.39773;0;0;0.1;0.01;0;5.39983;0;0;-1
0;153;20.2903;-32.6136;-55.2853;9.10775;3164.62;5.47636;0;0;0.1;0.01;0;5.15341;0;0;-1
0;154;20.5188;-12.7125;-57.3675;9.31056;3380.77;5.5983;0;0;0.1;0.01;0;6.00878;0;0;-1
0;155;23.6303;1.41974;-56.4422;9.29185;3360.43;5.58705;0;0;0.1;0.01;0;5.68079;0;0;-1
0;156;23.7534;20.6588;-55.7429;10.1452;4373.92;6.10016;0;0;0.1;0.01;0;6.42633;0;0;-1
0;157;22.688;38.2414;-56.2078;10.0929;4306.62;6.06871;0;0;0.1;0.01;0;7.04261;0;0;-1
0;158;22.9272;54.3758;-53.9795;10.4336;4757.64;6.27357;0;0;0.1;0.01;0;7.09908;0;0;-1
0;159;22.0536;70.5656;-57.689;9.08793;3144.01;5.46444;0;0;0.1;0.01;0;2.47109;0;0;-1
0;160;38.5703;-56.029;-56.4273;9.06067;3115.8;5.44805;0;0;0.1;0.01;0;4.55295;0;0;-1
0;161;34.9342;-38.3563;-54.7223;8.60039;2664.67;5.17129;0;0;0.1;0.01;0;5.32356;0;0;-1
0;162;38.5262;-25.0973;-56.4524;9.04343;3098.05;5.43768;0;0;0.1;0.01;0;5.60518;0;0;-1
0;163;37.2059;-5.69234;-54.8362;8.57831;2644.2;5.15801;0;0;0.1;0.01;0;5.96657;0;0;-1
0;164;38.4615;8.33178;-55.4105;9.23354;3297.56;5.55199;0;0;0.1;0.01;0;6.96488;0;0;-1
0;165;38.8668;25.4365;-54.6066;9.85015;4003.29;5.92275;0;0;0.1;0.01;0;6.32616;0;0;-1
0;166;36.7823;46.1495;-56.6517;9.17439;3234.6;5.51643;0;0;0.1;0.01;0;5.85789;0;0;-1
0;167;36.3639;60.7307;-54.1148;8.5;2572.44;5.11093;0;0;0.1;0.01;0;4.54203;1;0;-1
0;168;52.8855;-50.9589;-56.0612;8.97539;3028.65;5.39677;0;0;0.1;0.01;0;3.28709;0;0;-1
0;169;52.0663;-31.0872;-54.1357;9.95776;4135.93;5.98746;0;0;0.1;0.01;0;5.73221;0;0;-1
0;170;52.9114;-15.0651;-54.3836;8.5;2572.44;5.11093;0;0;0.1;0.01;0;5.22942;1;0;-1
0;171;52.248;0.0417017;-54.3851;9.99184;4178.54;6.00795;0;0;0.1;0.01;0;7.51453;0;0;-1
0;172;51.1932;18.0877;-56.041;9.0008;3054.44;5.41205;0;0;0.1;0.01;0;6.79132;0;0;-1
0;173;52.9408;34.0783;-55.768;9.24176;3306.38;5.55694;0;0;0.1;0.01;0;5.31087;0;0;-1
0;174;52.6962;55.2574;-56.5048;10.1122;4331.37;6.08032;0;0;0.1;0.01;0;4.26918;0;0;-1
0;175;64.6166;-40.8714;-56.6727;9.03274;3087.07;5.43126;0;0;0.1;0.01;0;2.9952;0;0;-1
0;176;67.2839;-25.0854;-56.1061;9.38578;3463.38;5.64353;0;0;0.1;0.01;0;4.42269;0;0;-1
0;177;67.7717;-4.50126;-55.1301;8.5;2572.44;5.11093;0;0;0.1;0.01;0;5.13772;1;0;-1
0;178;65.8299;11.9961;-53.8081;9.54477;3642.38;5.73913;0;0;0.1;0.01;0;5.87286;0;0;-1
0;179;66.0107;26.6438;-55.2809;8.5;2572.44;5.11093;0;0;0.1;0.01;0;3.88913;1;0;-1
0;180;64.7681;46.0633;-54.3185;9.81335;3958.59;5.90062;0;0;0.1;0.01;0;3.39745;0;0;-1
0;181;79.7187;-16.8495;-56.7529;10.1836;4423.77;6.12325;0;0;0.1;0.01;0;2.82853;0;0;-1
0;182;82.2241;1.12076;-54.4692;8.92226;2975.18;5.36483;0;0;0.1;0.01;0;2.82639;0;0;-1
0;183;-87.5126;-21.6628;-40.6301;9.37018;3446.14;5.63415;0;0;0.1;0.01;0;3.14574;0;0;-1
0;184;-84.1178;-8.17293;-40.1266;10.0307;4227.49;6.03131;0;0;0.1;0.01;0;5.21886;0;0;-1
0;185;-86.3103;12.352;-39.6277;9.63572;3747.5;5.79382;0;0;0.1;0.01;0;4.44037;0;0;-1
0;186;-86.6572;29.3369;-39.2276;9.84885;4001.71;5.92197;0;0;0.1;0.01;0;3.00499;0;0;-1
0;187;-70.1808;-48.0402;-39.6406;8.5;2572.44;5.11093;0;0;0.1;0.01;0;4.05701;1;0;-1
0;188;-72.1205;-33.9453;-41.5661;10.2288;4482.94;6.15043;0;0;0.1;0.01;0;5.02654;0;0;-1
0;189;-71.5937;-14.5715;-41.6314;8.5;2572.44;5.11093;0;0;0.1;0.01;0;5.38599;1;0;-1
0;190;-72.6811;3.61493;-40.9291;10.2704;4537.86;6.17544;0;0;0.1;0.01;0;7.38539;0;0;-1
0;191;-70.5094;19.0707;-42.0651;9.73679;3866.66;5.85459;0;0;0.1;0.01;0;6.24117;0;0;-1
0;192;-69.9863;37.0791;-42.9184;9.92192;4091.44;5.96591;0;0;0.1;0.01;0;5.68234;0;0;-1
0;193;-72.6597;51.39;-41.106;9.59208;3696.81;5.76758;0;0;0.1;0.01;0;3.09275;0;0;-1
0;194;-56.9513;-59.2031;-39.9326;10.3288;4615.71;6.21056;0;0;0.1;0.01;0;5.25057;0;0;-1
0;195;-56.7267;-39.458;-41.8758;9.50868;3601.22;5.71743;0;0;0.1;0.01;0;6.64194;0;0;-1
0;196;-54.1631;-24.6435;-40.9087;9.31218;3382.54;5.59928;0;0;0.1;0.01;0;5.42106;0;0;-1
0;197;-57.4633;-7.32787;-42.0168;10.0834;4294.47;6.063;0;0;0.1;0.01;0;6.98979;0;0;-1
0;198;-55.0635;9.53879;-39.8527;10.2811;4552.05;6.18188;0;0;0.1;0.01;0;6.71411;0;0;-1
0;199;-55.5399;25.8714;-41.5463;9.89022;4052.35;5.94685;0;0;0.1;0.01;0;6.11395;0;0;-1
0;200;-56.9709;42.6519;-40.109;9.6706;3788.34;5.81479;0;0;0.1;0.01;0;6.5268;0;0;-1
0;201;-54.2572;60.4471;-39.5917;9.62047;3729.73;5.78465;0;0;0.1;0.01;0;5.24019;0;0;-1
0;202;-40.5214;-80.6229;-40.9837;8.5;2572.44;5.11093;0;0;0.1;0.01;0;2.97206;1;0;-1
0;203;-41.6796;-65.8987;-39.2323;9.46189;3548.32;5.6893;0;0;0.1;0.01;0;6.3831;0;0;-1
0;204;-43.0534;-47.5213;-41.7171;8.5;2572.44;5.11093;0;0;0.1;0.01;0;4.90244;1;0;-1
0;205;-42.573;-31.6896;-42.2061;8.64528;2706.61;5.19828;0;0;0.1;0.01;0;5.09458;0;0;-1
0;206;-40.2474;-13.4526;-40.6521;9.60474;3711.47;5.77519;0;0;0.1;0.01;0;6.10411;0;0;-1
0;207;-42.013;1.9486;-39.9939;9.25091;3316.21;5.56244;0;0;0.1;0.01;0;6.47391;0;0;-1
0;208;-41.7827;19.6625;-42.4169;8.59492;2659.59;5.168;0;0;0.1;0.01;0;5.9137;0;0;-1
0;209;-41.4549;34.457;-41.4085;8.78789;2842.77;5.28403;0;0;0.1;0.01;0;5.64316;0;0;-1
0;210;-40.269;53.6174;-41.2243;9.53739;3633.94;5.73469;0;0;0.1;0.01;0;7.07213;0;0;-1
0;211;-40.8062;68.481;-42.1356;10.3601;4657.8;6.22938;0;0;0.1;0.01;0;6.08132;0;0;-1
0;212;-27.6603;-72.9673;-42.8767;9.39388;3472.35;5.6484;0;0;0.1;0.01;0;6.10679;0;0;-1
0;213;-28.1437;-57.7308;-40.4623;10.4418;4768.86;6.2785;0;0;0.1;0.01;0;7.09505;0;0;-1
0;214;-25.2978;-38.5057;-42.3662;9.23225;3296.18;5.55122;0;0;0.1;0.01;0;5.32756;0;0;-1
0;215;-25.0122;-22.3764;-39.8208;9.9908;4177.24;6.00732;0;0;0.1;0.01;0;6.39027;0;0;-1
0;216;-24.7458;-5.17961;-40.6566;8.87426;2927.42;5.33596;0;0;0.1;0.01;0;5.61447;0;0;-1
0;217;-25.4478;9.7558;-41.0453;8.5;2572.44;5.11093;0;0;0.1;0.01;0;4.04031;1;0;-1
0;218;-28.1748;27.0135;-42.0133;9.3773;3454;5.63843;0;0;0.1;0.01;0;5.48862;0;0;-1
0;219;-27.2173;44.1214;-42.0995;9.59228;3697.04;5.7677;0;0;0.1;0.01;0;6.10527;0;0;-1
0;220;-27.5563;60.5356;-40.7658;9.41372;3494.4;5.66033;0;0;0.1;0.01;0;7.06782;0;0;-1
0;221;-25.0159;77.1693;-42.0768;9.57316;3674.98;5.7562;0;0;0.1;0.01;0;5.24684;0;0;-1
0;222;-12.9876;-83.147;-42.1674;8.61093;2674.48;5.17763;0;0;0.1;0.01;0;4.03559;0;0;-1
0;223;-12.9487;-67.6054;-39.7415;10.0617;4266.8;6.04995;0;0;0.1;0.01;0;6.69545;0;0;-1
0;224;-12.3971;-49.3775;-41.8359;9.18212;3242.78;5.52108;0;0;0.1;0.01;0;5.31955;0;0;-1
0;225;-9.7866;-33.3298;-39.8345;9.50911;3601.71;5.71769;0;0;0.1;0.01;0;6.11695;0;0;-1
0;226;-13.0693;-15.5109;-40.7569;8.69144;2750.2;5.22604;0;0;0.1;0.01;0;6.37325;0;0;-1
0;227;-11.0634;0.25565;-41.4516;8.66025;2720.7;5.20728;0;0;0.1;0.01;0;5.45371;0;0;-1
0;228;-12.54;20.0312;-39.3381;9.95302;4130.03;5.98461;0;0;0.1;0.01;0;6.15963;0;0;-1
0;229;-9.95876;34.3154;-39.7642;8.5;2572.44;5.11093;0;0;0.1;0.01;0;6.0883;1;0;-1
0;230;-11.5633;52.9632;-39.3547;10.1789;4417.65;6.12042;0;0;0.1;0.01;0;6.4717;0;0;-1
0;231;-11.0978;70.7572;-40.04;9.43087;3513.53;5.67065;0;0;0.1;0.01;0;5.57652;0;0;-1
0;232;-9.78677;87.0982;-39.962;8.5;2572.44;5.11093;0;0;0.1;0.01;0;2.38872;1;0;-1
0;233;2.81887;-89.5422;-42.0524;9.11671;3173.97;5.48175;0;0;0.1;0.01;0;2.88113;0;0;-1
0;234;4.67925;-74.9296;-41.1604;8.55271;2620.59;5.14262;0;0;0.1;0.01;0;5.17716;0;0;-1
0;235;2.01057;-59.7583;-39.3791;9.47364;3561.55;5.69636;0;0;0.1;0.01;0;5.41896;0;0;-1
0;236;3.62708;-40.7635;-39.8028;8.5;2572.44;5.11093;0;0;0.1;0.01;0;4.85064;1;0;-1
0;237;4.67543;-25.2775;-39.5118;9.5216;3615.92;5.7252;0;0;0.1;0.01;0;6.13808;0;0;-1
0;238;1.23321;-8.07934;-42.428;10.2613;4525.8;6.16997;0;0;0.1;0.01;0;6.26682;0;0;-1
0;239;3.21994;10.4463;-41.0132;8.61838;2681.42;5.18211;0;0;0.1;0.01;0;4.36879;0;0;-1
0;240;4.07468;27.1876;-39.4763;8.90471;2957.66;5.35427;0;0;0.1;0.01;0;6.72764;0;0;-1
0;241;1.22786;43.0306;-40.2755;10.0973;4312.25;6.07136;0;0;0.1;0.01;0;7.97824;0;0;-1
0;242;1.52027;60.6217;-40.9753;8.5;2572.44;5.11093;0;0;0.1;0.01;0;5.36193;1;0;-1
0;243;3.95904;76.3828;-41.0728;9.14274;3201.24;5.4974;0;0;0.1;0.01;0;5.26507;0;0;-1
0;244;17.6752;-82.3292;-42.095;8.5;2572.44;5.11093;0;0;0.1;0.01;0;3.29212;1;0;-1
0;245;18.2136;-65.4534;-39.2881;10.2625;4527.39;6.17069;0;0;0.1;0.01;0;5.88438;0;0;-1
0;246;17.919;-46.4562;-40.8036;8.89095;2943.97;5.346;0;0;0.1;0.01;0;5.26662;0;0;-1
0;247;17.8346;-31.7605;-41.1585;8.5;2572.44;5.11093;0;0;0.1;0.01;0;5.83776;1;0;-1
0;248;19.0965;-15.497;-41.772;9.48375;3572.97;5.70244;0;0;0.1;0.01;0;5.92395;0;0;-1
0;249;19.7499;1.9405;-42.1549;9.10927;3166.21;5.47727;0;0;0.1;0.01;0;4.69461;0;0;-1
0;250;17.6654;17.7341;-40.5185;9.27102;3337.88;5.57453;0;0;0.1;0.01;0;5.59864;0;0;-1
0;251;19.0267;36.7152;-42.8401;9.9124;4079.67;5.96018;0;0;0.1;0.01;0;7.63487;0;0;-1
0;252;16.7951;52.0131;-39.6921;10.0976;4312.64;6.07154;0;0;0.1;0.01;0;7.44208;0;0;-1
0;253;18.7601;68.4688;-41.1947;10.3155;4597.9;6.20256;0;0;0.1;0.01;0;5.94233;0;0;-1
0;254;16.413;87.4209;-41.1296;10.0767;4285.92;6.05897;0;0;0.1;0.01;0;3.14662;0;0;-1
0;255;32.9527;-75.6297;-42.5049;8.64912;2710.22;5.20059;0;0;0.1;0.01;0;2.25261;0;0;-1
0;256;30.5627;-56.4949;-40.5264;9.0958;3152.18;5.46917;0;0;0.1;0.01;0;6.27883;0;0;-1
0;257;33.7166;-41.1801;-40.4659;10.005;4195.08;6.01586;0;0;0.1;0.01;0;7.65165;0;0;-1
0;258;32.7769;-25.2891;-41.5691;10.1242;4346.81;6.08753;0;0;0.1;0.01;0;7.40543;0;0;-1
0;259;33.7369;-8.04525;-42.0312;8.5;2572.44;5.11093;0;0;0.1;0.01;0;4.72456;1;0;-1
0;260;33.8423;10.0295;-42.2942;8.5;2572.44;5.11093;0;0;0.1;0.01;0;5.10003;1;0;-1
0;261;33.8456;29.5187;-39.8798;8.93213;2985.06;5.37076;0;0;0.1;0.01;0;6.03311;0;0;-1
0;262;32.9437;46.1546;-39.4221;10.038;4236.72;6.0357;0;0;0.1;0.01;0;7.76911;0;0;-1
0;263;33.9171;60.0857;-39.706;9.38769;3465.49;5.64468;0;0;0.1;0.01;0;6.20714;0;0;-1
0;264;33.5539;79.8427;-40.4251;8.95437;3007.42;5.38413;0;0;0.1;0.01;0;2.74466;0;0;-1
0;265;47.8216;-65.2744;-41.6102;8.94443;2997.41;5.37816;0;0;0.1;0.01;0;2.4665;0;0;-1
0;266;47.1409;-47.7073;-39.9503;9.52788;3623.08;5.72898;0;0;0.1;0.01;0;5.80223;0;0;-1
0;267;47.7655;-30.2388;-39.2228;10.3176;4600.71;6.20382;0;0;0.1;0.01;0;7.65898;0;0;-1
0;268;46.7904;-14.9374;-42.586;10.067;4273.55;6.05314;0;0;0.1;0.01;0;7.77837;0;0;-1
0;269;46.083;2.87784;-42.1788;8.5;2572.44;5.11093;0;0;0.1;0.01;0;6.20102;1;0;-1
0;270;47.7579;16.8701;-43.0428;10.1627;4396.59;6.11068;0;0;0.1;0.01;0;7.43745;0;0;-1
0;271;46.8472;37.9679;-41.1006;9.52653;3621.54;5.72816;0;0;0.1;0.01;0;6.191;0;0;-1
0;272;46.7023;52.1405;-42.8716;9.67637;3795.12;5.81826;0;0;0.1;0.01;0;6.60515;0;0;-1
0;273;46.8356;69.264;-39.8992;9.92643;4097.02;5.96862;0;0;0.1;0.01;0;4.49442;0;0;-1
0;274;60.3761;-55.3644;-39.3291;9.8308;3979.74;5.91112;0;0;0.1;0.01;0;4.74424;0;0;-1
0;275;63.9946;-41.6898;-39.8244;8.94562;2998.61;5.37887;0;0;0.1;0.01;0;4.27998;0;0;-1
0;276;61.2094;-23.354;-39.8334;8.55006;2618.16;5.14103;0;0;0.1;0.01;0;5.54344;0;0;-1
0;277;63.4189;-7.79471;-42.3304;9.67674;3795.56;5.81848;0;0;0.1;0.01;0;6.80285;0;0;-1
0;278;63.6013;8.22757;-39.466;10.0114;4203.13;6.01971;0;0;0.1;0.01;0;6.56008;0;0;-1
0;279;63.0205;26.1894;-42.2759;10.0357;4233.81;6.03432;0;0;0.1;0.01;0;6.07445;0;0;-1
0;280;61.5512;42.1343;-41.1992;8.88075;2933.85;5.33987;0;0;0.1;0.01;0;5.08262;0;0;-1
0;281;61.9974;60.4247;-42.4643;9.23144;3295.32;5.55073;0;0;0.1;0.01;0;3.6767;0;0;-1
0;282;74.9451;-32.4956;-43.171;9.0112;3065.04;5.4183;0;0;0.1;0.01;0;3.21817;0;0;-1
0;283;77.7416;-15.0028;-41.1224;8.62851;2690.89;5.1882;0;0;0.1;0.01;0;4.46819;0;0;-1
0;284;76.3311;-0.0854946;-41.4653;10.2851;4557.37;6.18428;0;0;0.1;0.01;0;6.87646;0;0;-1
0;285;78.7432;19.7269;-42.8202;8.99017;3043.63;5.40566;0;0;0.1;0.01;0;3.33046;0;0;-1
0;286;76.536;34.338;-41.943;9.23964;3304.1;5.55566;0;0;0.1;0.01;0;3.54067;0;0;-1
0;287;90.5167;-4.55753;-40.5346;8.7003;2758.62;5.23136;0;0;0.1;0.01;0;2.23254;0;0;-1
0;288;-95.1309;-13.5079;-24.7023;8.77145;2826.85;5.27415;0;0;0.1;0.01;0;3.17472;0;0;-1
0;289;-95.6343;1.24745;-26.0994;9.92316;4092.97;5.96665;0;0;0.1;0.01;0;3.87466;0;0;-1
0;290;-80.8704;-41.5017;-24.6556;9.90428;4069.65;5.9553;0;0;0.1;0.01;0;2.88704;0;0;-1
0;291;-81.7951;-23.4399;-27.3391;9.5595;3659.27;5.74799;0;0;0.1;0.01;0;3.86363;0;0;-1
0;292;-78.9103;-4.65339;-26.4871;10.0423;4242.17;6.03829;0;0;0.1;0.01;0;5.59007;0;0;-1
0;293;-82.5747;10.971;-26.4524;10.1274;4350.93;6.08946;0;0;0.1;0.01;0;6.28554;0;0;-1
0;294;-82.4172;27.6798;-25.1451;10.0349;4232.8;6.03384;0;0;0.1;0.01;0;5.02756;0;0;-1
0;295;-80.4025;44.56;-28.112;9.88358;4044.19;5.94285;0;0;0.1;0.01;0;3.28435;0;0;-1
0;296;-64.0836;-67.8743;-26.0028;8.5;2572.44;5.11093;0;0;0.1;0.01;0;2.51596;1;0;-1
0;297;-64.3797;-48.9952;-26.1316;8.77835;2833.53;5.27829;0;0;0.1;0.01;0;4.35859;0;0;-1
0;298;-64.5306;-31.2638;-25.4627;9.74862;3880.77;5.8617;0;0;0.1;0.01;0;5.46745;0;0;-1
0;299;-64.487;-12.8909;-26.992;9.28066;3348.31;5.58033;0;0;0.1;0.01;0;5.55742;0;0;-1
0;300;-66.077;4.44618;-26.0254;8.5;2572.44;5.11093;0;0;0.1;0.01;0;5.93911;1;0;-1
0;301;-65.4688;20.2194;-26.9333;8.59094;2655.89;5.16561;0;0;0.1;0.01;0;5.71419;0;0;-1
0;302;-64.6861;35.2171;-27.1717;10.0497;4251.56;6.04274;0;0;0.1;0.01;0;6.3103;0;0;-1
0;303;-64.5476;50.9154;-26.2254;9.27992;3347.51;5.57988;0;0;0.1;0.01;0;5.75028;0;0;-1
0;304;-66.6746;68.6686;-26.7125;9.4554;3541.02;5.68539;0;0;0.1;0.01;0;2.15207;0;0;-1
0;305;-49.7084;-72.5004;-27.7924;8.99661;3050.18;5.40953;0;0;0.1;0.01;0;5.22944;0;0;-1
0;306;-49.6154;-58.176;-26.2891;9.25063;3315.91;5.56227;0;0;0.1;0.01;0;6.29388;0;0;-1
0;307;-51.5415;-39.7131;-26.3469;9.3425;3415.69;5.61751;0;0;0.1;0.01;0;6.00813;0;0;-1
0;308;-52.4124;-23.1166;-27.5502;9.77632;3913.95;5.87836;0;0;0.1;0.01;0;6.5551;0;0;-1
0;309;-50.4819;-7.03591;-27.8086;9.73264;3861.72;5.8521;0;0;0.1;0.01;0;6.60901;0;0;-1
0;310;-53.0192;8.6552;-26.3261;8.9409;2993.87;5.37603;0;0;0.1;0.01;0;5.48782;0;0;-1
0;311;-51.1154;26.7903;-24.47;9.14375;3202.3;5.498;0;0;0.1;0.01;0;5.5798;0;0;-1
0;312;-49.9868;45.513;-24.8736;9.78011;3918.5;5.88064;0;0;0.1;0.01;0;7.33779;0;0;-1
0;313;-50.6695;62.4882;-25.5763;8.75947;2815.28;5.26694;0;0;0.1;0.01;0;6.08593;0;0;-1
0;314;-51.7956;78.481;-28.2578;8.72318;2780.44;5.24512;0;0;0.1;0.01;0;2.65308;0;0;-1
0;315;-36.4341;-82.1744;-26.5187;10.3133;4594.96;6.20124;0;0;0.1;0.01;0;6.19603;0;0;-1
0;316;-34.9829;-67.3056;-26.8044;8.88636;2939.41;5.34324;0;0;0.1;0.01;0;6.99137;0;0;-1
0;317;-38.368;-47.1071;-27.1475;10.1598;4392.83;6.10894;0;0;0.1;0.01;0;5.71263;0;0;-1
0;318;-36.0588;-30.0837;-26.0724;9.32899;3400.89;5.60939;0;0;0.1;0.01;0;6.11587;0;0;-1
0;319;-34.635;-13.7588;-26.7982;8.77558;2830.85;5.27663;0;0;0.1;0.01;0;5.01493;0;0;-1
0;320;-36.5833;4.3152;-27.4477;8.5;2572.44;5.11093;0;0;0.1;0.01;0;4.19275;1;0;-1
0;321;-38.3603;18.5479;-27.4755;9.50184;3593.45;5.71332;0;0;0.1;0.01;0;5.45293;0;0;-1
0;322;-38.2429;34.5864;-25.1746;8.5;2572.44;5.11093;0;0;0.1;0.01;0;5.50235;1;0;-1
0;323;-37.6478;52.2743;-27.8711;9.223;3286.29;5.54566;0;0;0.1;0.01;0;6.07238;0;0;-1
0;324;-38.2108;67.7259;-25.7661;8.5;2572.44;5.11093;0;0;0.1;0.01;0;4.48635;1;0;-1
0;325;-35.5391;85.8454;-24.9524;10.2803;4550.99;6.1814;0;0;0.1;0.01;0;3.7467;0;0;-1
0;326;-21.788;-90.7772;-25.2896;10.3383;4628.45;6.21627;0;0;0.1;0.01;0;3.98687;0;0;-1
0;327;-20.5833;-73.09;-27.0242;10.1729;4409.84;6.11682;0;0;0.1;0.01;0;8.27751;0;0;-1
0;328;-20.3481;-59.1625;-26.3111;9.74517;3876.65;5.85963;0;0;0.1;0.01;0;7.26779;0;0;-1
0;329;-22.0217;-40.5876;-26.6577;8.61701;2680.15;5.18128;0;0;0.1;0.01;0;4.98733;0;0;-1
0;330;-21.364;-21.1057;-24.9776;10.094;4308.03;6.06938;0;0;0.1;0.01;0;6.8417;0;0;-1
0;331;-19.7197;-5.48387;-28.0793;8.5;2572.44;5.11093;0;0;0.1;0.01;0;4.64857;1;0;-1
0;332;-21.3076;11.8064;-25.7734;8.5;2572.44;5.11093;0;0;0.1;0.01;0;4.00249;1;0;-1
0;333;-22.7716;28.7621;-27.783;8.64731;2708.52;5.1995;0;0;0.1;0.01;0;5.10204;0;0;-1
0;334;-21.2681;44.768;-27.8783;9.74786;3879.86;5.86125;0;0;0.1;0.01;0;5.84199;0;0;-1
0;335;-21.6934;62.1733;-26.6111;9.66986;3787.47;5.81435;0;0;0.1;0.01;0;6.33951;0;0;-1
0;336;-22.839;78.7564;-27.9124;9.43208;3514.88;5.67137;0;0;0.1;0.01;0;5.63226;0;0;-1
0;337;-5.9419;-81.266;-28.6494;9.37792;3454.68;5.63881;0;0;0.1;0.01;0;6.0935;0;0;-1
0;338;-7.90839;-66.6029;-26.3314;9.47884;3567.42;5.69949;0;0;0.1;0.01;0;6.68977;0;0;-1
0;339;-8.5637;-48.5916;-24.3802;9.13807;3196.33;5.49459;0;0;0.1;0.01;0;5.18464;0;0;-1
0;340;-8.20314;-29.6902;-25.5449;8.77274;2828.1;5.27492;0;0;0.1;0.01;0;5.56648;0;0;-1
0;341;-6.01143;-13.3263;-27.8132;9.41095;3491.31;5.65867;0;0;0.1;0.01;0;6.59861;0;0;-1
0;342;-5.49408;1.92939;-27.6505;8.53399;2603.42;5.13136;0;0;0.1;0.01;0;5.70961;0;0;-1
0;343;-6.60962;21.1282;-25.6292;9.60397;3710.57;5.77473;0;0;0.1;0.01;0;6.69976;0;0;-1
0;344;-7.09147;35.4078;-27.102;9.34522;3418.67;5.61915;0;0;0.1;0.01;0;7.48505;0;0;-1
0;345;-7.93091;51.5158;-26.0317;8.65073;2711.73;5.20156;0;0;0.1;0.01;0;5.61037;0;0;-1
0;346;-9.34695;72.1637;-24.4895;8.6207;2683.59;5.1835;0;0;0.1;0.01;0;5.03793;0;0;-1
0;347;-9.10071;88.2403;-25.6702;8.64271;2704.2;5.19674;0;0;0.1;0.01;0;3.97116;0;0;-1
0;348;9.34721;-90.4749;-25.4128;10.3115;4592.55;6.20016;0;0;0.1;0.01;0;4.27756;0;0;-1
0;349;6.59582;-75.7922;-25.3149;9.7822;3921.01;5.88189;0;0;0.1;0.01;0;6.67462;0;0;-1
0;350;9.44441;-58.6634;-25.767;9.33001;3402;5.61;0;0;0.1;0.01;0;5.80796;0;0;-1
0;351;5.72749;-40.0328;-25.3959;9.62018;3729.39;5.78447;0;0;0.1;0.01;0;6.09776;0;0;-1
0;352;8.26194;-25.5213;-26.5934;8.72878;2785.8;5.24849;0;0;0.1;0.01;0;5.86148;0;0;-1
0;353;9.02341;-8.76579;-27.6928;10.2426;4501.11;6.15873;0;0;0.1;0.01;0;6.79934;0;0;-1
0;354;5.51733;9.93637;-25.5096;9.14542;3204.05;5.49901;0;0;0.1;0.01;0;4.5836;0;0;-1
0;355;9.43536;29.3287;-27.6657;10.081;4291.4;6.06156;0;0;0.1;0.01;0;6.8609;0;0;-1
0;356;6.25263;44.0469;-25.2416;10.3766;4680.09;6.2393;0;0;0.1;0.01;0;7.19977;0;0;-1
0;357;6.87088;63.4102;-24.6195;10.1832;4423.25;6.12301;0;0;0.1;0.01;0;6.80662;0;0;-1
0;358;5.89903;78.2887;-28.0046;9.05381;3108.73;5.44392;0;0;0.1;0.01;0;5.55856;0;0;-1
0;359;8.24335;95.6208;-26.8445;10.0208;4214.98;6.02536;0;0;0.1;0.01;0;2.99644;0;0;-1
0;360;22.5742;-82.3682;-25.2186;9.14669;3205.39;5.49977;0;0;0.1;0.01;0;4.65841;0;0;-1
0;361;23.7037;-65.8992;-25.4759;9.51617;3609.73;5.72193;0;0;0.1;0.01;0;5.4381;0;0;-1
0;362;23.2772;-47.293;-27.4328;10.114;4333.69;6.0814;0;0;0.1;0.01;0;6.25854;0;0;-1
0;363;22.7913;-31.7598;-26.0478;9.7203;3847.05;5.84468;0;0;0.1;0.01;0;6.8977;0;0;-1
0;364;22.1269;-16.0919;-25.5869;10.0142;4206.66;6.02139;0;0;0.1;0.01;0;6.73013;0;0;-1
0;365;22.3146;1.0143;-26.8035;9.03568;3090.09;5.43302;0;0;0.1;0.01;0;5.17259;0;0;-1
0;366;23.3892;18.1863;-28.0125;9.62583;3735.97;5.78787;0;0;0.1;0.01;0;6.25442;0;0;-1
0;367;23.2503;34.9377;-27.5233;9.48752;3577.23;5.70471;0;0;0.1;0.01;0;7.41931;0;0;-1
0;368;20.5959;51.1128;-24.5165;9.78732;3927.17;5.88497;0;0;0.1;0.01;0;6.26084;0;0;-1
0;369;20.2892;69.1538;-26.9529;9.41126;3491.66;5.65885;0;0;0.1;0.01;0;5.36223;0;0;-1
0;370;23.3563;84.575;-24.806;9.48309;3572.22;5.70204;0;0;0.1;0.01;0;4.90129;0;0;-1
0;371;38.0645;-75.9932;-27.1021;9.08221;3138.07;5.461;0;0;0.1;0.01;0;3.9403;0;0;-1
0;372;35.2254;-56.9194;-27.0391;8.68961;2748.46;5.22494;0;0;0.1;0.01;0;5.60687;0;0;-1
0;373;37.5331;-39.9427;-26.8245;9.92192;4091.44;5.96591;0;0;0.1;0.01;0;7.9667;0;0;-1
0;374;37.6924;-23.1651;-27.6903;9.98008;4163.81;6.00088;0;0;0.1;0.01;0;7.59064;0;0;-1
0;375;37.4561;-7.20937;-24.8415;9.68117;3800.77;5.82115;0;0;0.1;0.01;0;6.57101;0;0;-1
0;376;35.1253;8.91422;-26.7869;8.8148;2868.97;5.30021;0;0;0.1;0.01;0;5.30835;0;0;-1
0;377;37.2297;25.3869;-24.7137;9.96675;4147.15;5.99286;0;0;0.1;0.01;0;6.87852;0;0;-1
0;378;37.0137;42.1385;-27.1012;9.84583;3998.03;5.92015;0;0;0.1;0.01;0;6.57842;0;0;-1
0;379;38.4521;63.6784;-24.9003;8.5;2572.44;5.11093;0;0;0.1;0.01;0;4.58492;1;0;-1
0;380;36.7456;78.8103;-24.8758;8.5;2572.44;5.11093;0;0;0.1;0.01;0;4.35196;1;0;-1
0;381;50.442;-66.6489;-24.7862;10.2137;4463.11;6.14135;0;0;0.1;0.01;0;5.56915;0;0;-1
0;382;49.9668;-50.7733;-25.2894;10.1728;4409.71;6.11676;0;0;0.1;0.01;0;6.85203;0;0;-1
0;383;50.0734;-33.4152;-25.0288;8.55599;2623.61;5.14459;0;0;0.1;0.01;0;5.20306;0;0;-1
0;384;52.7145;-15.5624;-26.8542;9.21838;3281.35;5.54288;0;0;0.1;0.01;0;6.25939;0;0;-1
0;385;51.8209;1.73333;-28.3335;10.0155;4208.3;6.02217;0;0;0.1;0.01;0;7.17067;0;0;-1
0;386;50.1086;17.7934;-28.5144;9.04577;3100.45;5.43909;0;0;0.1;0.01;0;6.16842;0;0;-1
0;387;50.3087;34.8929;-25.0715;9.38364;3461.01;5.64225;0;0;0.1;0.01;0;5.57666;0;0;-1
0;388;52.9812;54.7695;-24.694;8.65695;2717.59;5.2053;0;0;0.1;0.01;0;4.39737;0;0;-1
0;389;52.2039;72.6216;-26.9379;9.78828;3928.33;5.88555;0;0;0.1;0.01;0;4.37823;0;0;-1
0;390;66.3626;-59.2015;-27.6348;8.99162;3045.11;5.40653;0;0;0.1;0.01;0;4.13228;0;0;-1
0;391;66.6356;-42.2255;-25.0358;8.84857;2902.07;5.32052;0;0;0.1;0.01;0;5.48477;0;0;-1
0;392;67.4865;-23.242;-24.8721;10.3678;4668.19;6.23401;0;0;0.1;0.01;0;6.53846;0;0;-1
0;393;65.5555;-5.59868;-26.9257;8.9529;3005.94;5.38325;0;0;0.1;0.01;0;6.84151;0;0;-1
0;394;66.5814;9.45582;-25.0957;9.2484;3313.51;5.56093;0;0;0.1;0.01;0;5.8233;0;0;-1
0;395;64.8749;25.4072;-25.5997;9.8348;3984.6;5.91352;0;0;0.1;0.01;0;4.80918;0;0;-1
0;396;66.3806;46.5063;-25.9021;10.0347;4232.55;6.03372;0;0;0.1;0.01;0;5.81649;0;0;-1
0;397;65.0719;62.2792;-27.5207;10.0508;4252.95;6.0434;0;0;0.1;0.01;0;4.96847;0;0;-1
0;398;79.417;-51.2635;-25.8184;10.1042;4321.1;6.07551;0;0;0.1;0.01;0;2.17891;0;0;-1
0;399;81.8823;-34.2031;-24.8282;10.2512;4512.45;6.1639;0;0;0.1;0.01;0;3.41507;0;0;-1
0;400;80.7467;-16.8098;-25.3537;8.88357;2936.64;5.34156;0;0;0.1;0.01;0;4.46956;0;0;-1
0;401;79.8003;-0.232234;-26.2399;9.30496;3374.68;5.59494;0;0;0.1;0.01;0;4.87206;0;0;-1
0;402;83.2155;17.7936;-25.2706;9.79833;3940.44;5.89159;0;0;0.1;0.01;0;4.1462;0;0;-1
0;403;79.0977;33.7672;-27.9964;8.5;2572.44;5.11093;0;0;0.1;0.01;0;3.36558;1;0;-1
0;404;79.3737;54.6224;-26.5445;10.3516;4646.34;6.22427;0;0;0.1;0.01;0;2.70758;0;0;-1
0;405;-98.443;0.960835;-11.8081;10.2755;4544.62;6.17851;0;0;0.1;0.01;0;3.70423;0;0;-1
0;406;-84.2793;-42.0865;-11.2475;9.08598;3141.98;5.46327;0;0;0.1;0.01;0;3.46982;0;0;-1
0;407;-84.374;-23.5387;-10.3043;10.4098;4725.15;6.25926;0;0;0.1;0.01;0;5.70503;0;0;-1
0;408;-85.2153;-7.13884;-12.4875;8.91246;2965.39;5.35893;0;0;0.1;0.01;0;5.26791;0;0;-1
0;409;-83.3485;11.6487;-11.931;10.149;4378.83;6.10245;0;0;0.1;0.01;0;5.92319;0;0;-1
0;410;-84.8132;29.14;-12.4301;8.5;2572.44;5.11093;0;0;0.1;0.01;0;4.13016;1;0;-1
0;411;-84.03;42.4957;-11.312;9.39125;3469.44;5.64682;0;0;0.1;0.01;0;4.1273;0;0;-1
0;412;-70.8131;-68.4382;-10.0695;8.78734;2842.24;5.2837;0;0;0.1;0.01;0;2.13472;0;0;-1
0;413;-69.2286;-49.2657;-11.9967;9.51949;3613.51;5.72393;0;0;0.1;0.01;0;4.7683;0;0;-1
0;414;-69.8913;-32.5586;-10.1408;9.37135;3447.43;5.63486;0;0;0.1;0.01;0;6.79686;0;0;-1
0;415;-72.1605;-15.7398;-11.6935;9.40543;3485.17;5.65535;0;0;0.1;0.01;0;6.5863;0;0;-1
0;416;-70.7986;3.17422;-10.309;8.76929;2824.76;5.27285;0;0;0.1;0.01;0;6.07113;0;0;-1
0;417;-68.3537;17.3761;-12.9512;8.58719;2652.42;5.16335;0;0;0.1;0.01;0;4.93327;0;0;-1
0;418;-69.4928;36.4701;-11.9871;9.59908;3704.91;5.77179;0;0;0.1;0.01;0;6.34092;0;0;-1
0;419;-71.9211;53.7866;-13.0234;8.9755;3028.76;5.39684;0;0;0.1;0.01;0;4.41644;0;0;-1
0;420;-54.2894;-75.1309;-9.72081;8.85847;2911.82;5.32647;0;0;0.1;0.01;0;3.81351;0;0;-1
0;421;-56.6182;-58.2359;-12.3468;9.39962;3478.72;5.65186;0;0;0.1;0.01;0;5.38479;0;0;-1
0;422;-57.3292;-39.2042;-10.32;8.57706;2643.04;5.15726;0;0;0.1;0.01;0;5.5645;0;0;-1
0;423;-57.3114;-23.9572;-11.8627;8.5;2572.44;5.11093;0;0;0.1;0.01;0;5.49147;1;0;-1
0;424;-55.2359;-7.22049;-11.8076;9.00601;3059.75;5.41518;0;0;0.1;0.01;0;5.50025;0;0;-1
0;425;-54.3064;8.60082;-12.5432;10.0595;4264.01;6.04863;0;0;0.1;0.01;0;5.988;0;0;-1
0;426;-57.3425;29.7694;-12.8212;8.5;2572.44;5.11093;0;0;0.1;0.01;0;5.63777;1;0;-1
0;427;-55.1155;44.7232;-11.8278;9.28257;3350.37;5.58147;0;0;0.1;0.01;0;6.85761;0;0;-1
0;428;-57.9476;60.0338;-10.6887;9.74725;3879.14;5.86088;0;0;0.1;0.01;0;5.45087;0;0;-1
0;429;-42.7876;-83.6411;-13.2555;10.0889;4301.5;6.06631;0;0;0.1;0.01;0;4.25831;0;0;-1
0;430;-39.3535;-64.6242;-11.5716;9.79525;3936.73;5.88974;0;0;0.1;0.01;0;5.60988;0;0;-1
0;431;-41.0514;-49.3561;-10.6922;8.52157;2592.07;5.1239;0;0;0.1;0.01;0;5.07802;0;0;-1
0;432;-41.22;-32.6057;-12.3636;9.80366;3946.87;5.8948;0;0;0.1;0.01;0;6.13789;0;0;-1
0;433;-42.0817;-14.3465;-13.5199;10.014;4206.41;6.02127;0;0;0.1;0.01;0;6.08448;0;0;-1
0;434;-40.923;3.0736;-10.7856;9.48602;3575.53;5.70381;0;0;0.1;0.01;0;5.76925;0;0;-1
0;435;-39.4011;20.0873;-11.2079;10.0097;4200.99;6.01869;0;0;0.1;0.01;0;6.27725;0;0;-1
0;436;-42.1288;36.9036;-13.1704;9.33057;3402.62;5.61034;0;0;0.1;0.01;0;7.19885;0;0;-1
0;437;-42.6575;52.2145;-12.6251;8.5;2572.44;5.11093;0;0;0.1;0.01;0;5.0531;1;0;-1
0;438;-43.0055;70.685;-12.5565;8.74544;2801.78;5.25851;0;0;0.1;0.01;0;4.72264;0;0;-1
0;439;-43.253;85.1269;-13.3359;8.5;2572.44;5.11093;0;0;0.1;0.01;0;3.42604;1;0;-1
0;440;-27.903;-93.1798;-13.0853;9.62079;3730.1;5.78484;0;0;0.1;0.01;0;4.31794;0;0;-1
0;441;-28.1484;-76.8703;-13.006;10.1441;4372.49;6.0995;0;0;0.1;0.01;0;7.05589;0;0;-1
0;442;-24.6949;-56.5742;-12.2842;10.3899;4698.1;6.2473;0;0;0.1;0.01;0;7.30749;0;0;-1
0;443;-27.364;-41.755;-10.1894;10.4383;4764.07;6.2764;0;0;0.1;0.01;0;7.63248;0;0;-1
0;444;-26.6314;-22.285;-11.8637;10.2193;4470.46;6.14472;0;0;0.1;0.01;0;6.64912;0;0;-1
0;445;-24.9525;-7.30801;-10.3159;8.54228;2611.02;5.13635;0;0;0.1;0.01;0;4.69787;0;0;-1
0;446;-25.1421;9.14976;-10.2566;9.43114;3513.83;5.67081;0;0;0.1;0.01;0;5.17434;0;0;-1
0;447;-27.4318;28.4641;-10.5828;10.2555;4518.13;6.16648;0;0;0.1;0.01;0;6.15084;0;0;-1
0;448;-28.309;42.9579;-10.7766;9.06343;3118.65;5.44971;0;0;0.1;0.01;0;5.62696;0;0;-1
0;449;-24.4458;59.0677;-12.8443;8.80537;2859.77;5.29454;0;0;0.1;0.01;0;4.53446;0;0;-1
0;450;-24.7754;77.7024;-12.2464;9.85517;4009.41;5.92577;0;0;0.1;0.01;0;6.45161;0;0;-1
0;451;-24.8562;94.6723;-14.0155;10.1999;4445.05;6.13305;0;0;0.1;0.01;0;3.54444;0;0;-1
0;452;-13.5504;-83.3044;-11.0859;8.5;2572.44;5.11093;0;0;0.1;0.01;0;4.45327;1;0;-1
0;453;-12.7728;-65.4501;-13.2571;8.5;2572.44;5.11093;0;0;0.1;0.01;0;5.52564;1;0;-1
0;454;-12.6954;-48.4371;-9.70969;9.49539;3586.14;5.70944;0;0;0.1;0.01;0;6.60656;0;0;-1
0;455;-11.4453;-32.3638;-11.7635;10.4018;4714.27;6.25445;0;0;0.1;0.01;0;7.25689;0;0;-1
0;456;-10.3968;-14.2728;-10.7208;8.5;2572.44;5.11093;0;0;0.1;0.01;0;6.06064;1;0;-1
0;457;-10.7163;0.963302;-11.6035;10.2021;4447.92;6.13437;0;0;0.1;0.01;0;7.16014;0;0;-1
0;458;-10.7303;16.9695;-11.6272;9.08701;3143.05;5.46389;0;0;0.1;0.01;0;5.76878;0;0;-1
0;459;-11.5917;34.2473;-12.5374;8.56015;2627.44;5.14709;0;0;0.1;0.01;0;4.61968;0;0;-1
0;460;-10.356;50.968;-10.6103;8.54843;2616.66;5.14005;0;0;0.1;0.01;0;5.22102;0;0;-1
0;461;-10.5273;67.4151;-11.6303;9.0735;3129.05;5.45576;0;0;0.1;0.01;0;5.91018;0;0;-1
0;462;-11.6974;87.2579;-12.436;8.5;2572.44;5.11093;0;0;0.1;0.01;0;4.79347;1;0;-1
0;463;4.39286;-91.5528;-10.5905;8.69412;2752.74;5.22765;0;0;0.1;0.01;0;3.76475;0;0;-1
0;464;1.54577;-75.9935;-12.1287;8.5;2572.44;5.11093;0;0;0.1;0.01;0;5.49087;1;0;-1
0;465;1.34541;-59.4783;-12.8532;8.86284;2916.13;5.3291;0;0;0.1;0.01;0;6.06263;0;0;-1
0;466;1.68132;-41.2613;-12.6201;9.63019;3741.05;5.79049;0;0;0.1;0.01;0;6.53657;0;0;-1
0;467;1.26737;-21.5667;-10.4691;9.21799;3280.93;5.54264;0;0;0.1;0.01;0;6.60888;0;0;-1
0;468;1.59327;-7.44585;-12.1267;8.63646;2698.34;5.19298;0;0;0.1;0.01;0;6.12683;0;0;-1
0;469;3.2793;8.17221;-12.2756;10.1133;4332.79;6.08098;0;0;0.1;0.01;0;6.21232;0;0;-1
0;470;3.18787;25.134;-13.5579;9.05314;3108.04;5.44352;0;0;0.1;0.01;0;4.72368;0;0;-1
0;471;1.9868;43.7631;-10.4943;9.3009;3370.26;5.5925;0;0;0.1;0.01;0;5.57758;0;0;-1
0;472;2.33391;59.523;-10.7478;9.45512;3540.71;5.68523;0;0;0.1;0.01;0;6.58741;0;0;-1
0;473;2.70584;76.7468;-10.3968;8.91847;2971.39;5.36255;0;0;0.1;0.01;0;6.0315;0;0;-1
0;474;3.09802;94.0433;-11.4659;10.2647;4530.3;6.17202;0;0;0.1;0.01;0;4.4593;0;0;-1
0;475;18.8201;-85.1763;-10.5396;9.35595;3430.46;5.6256;0;0;0.1;0.01;0;5.79979;0;0;-1
0;476;16.0665;-68.1898;-10.5133;9.47166;3559.32;5.69517;0;0;0.1;0.01;0;6.35346;0;0;-1
0;477;15.9652;-51.4687;-9.87193;9.86583;4022.44;5.93218;0;0;0.1;0.01;0;5.77799;0;0;-1
0;478;15.5256;-33.3893;-10.5231;9.65096;3765.3;5.80298;0;0;0.1;0.01;0;5.74303;0;0;-1
0;479;16.0365;-16.2981;-11.469;8.57311;2639.39;5.15489;0;0;0.1;0.01;0;5.90888;0;0;-1
0;480;16.4167;1.11917;-11.4616;9.38448;3461.94;5.64275;0;0;0.1;0.01;0;5.57954;0;0;-1
0;481;19.4887;20.9029;-10.8778;9.88972;4051.73;5.94655;0;0;0.1;0.01;0;6.0481;0;0;-1
0;482;19.6234;38.1894;-13.1656;8.5;2572.44;5.11093;0;0;0.1;0.01;0;5.08468;1;0;-1
0;483;18.1854;54.53;-11.4709;8.5;2572.44;5.11093;0;0;0.1;0.01;0;4.92975;1;0;-1
0;484;17.3068;71.4341;-10.3229;10.3965;4707.06;6.25126;0;0;0.1;0.01;0;7.11014;0;0;-1
0;485;15.6961;84.9733;-12.5768;8.5;2572.44;5.11093;0;0;0.1;0.01;0;5.45112;1;0;-1
0;486;31.9473;-93.7259;-12.0429;8.83098;2884.8;5.30994;0;0;0.1;0.01;0;1.85665;0;0;-1
0;487;33.359;-76.649;-12.3246;9.41174;3492.19;5.65914;0;0;0.1;0.01;0;5.65221;0;0;-1
0;488;32.8902;-55.3901;-10.3537;9.45135;3536.47;5.68296;0;0;0.1;0.01;0;4.99246;0;0;-1
0;489;34.1692;-38.8921;-10.1242;9.62386;3733.67;5.78669;0;0;0.1;0.01;0;6.14488;0;0;-1
0;490;31.2322;-21.3571;-12.2806;9.89423;4057.28;5.94926;0;0;0.1;0.01;0;7.10812;0;0;-1
0;491;33.1368;-6.33783;-10.7776;8.88235;2935.43;5.34083;0;0;0.1;0.01;0;5.56187;0;0;-1
0;492;33.5007;11.7959;-12.9112;10.3784;4682.52;6.24038;0;0;0.1;0.01;0;7.01871;0;0;-1
0;493;31.4739;29.049;-10.8355;9.24443;3309.25;5.55854;0;0;0.1;0.01;0;6.82088;0;0;-1
0;494;33.5342;46.2612;-13.2485;9.56238;3662.58;5.74972;0;0;0.1;0.01;0;5.98824;0;0;-1
0;495;32.7938;63.4896;-10.3685;8.6173;2680.42;5.18146;0;0;0.1;0.01;0;5.98451;0;0;-1
0;496;32.2659;79.3775;-10.1293;10.0567;4260.45;6.04695;0;0;0.1;0.01;0;6.38756;0;0;-1
0;497;45.9683;-82.9328;-10.7942;8.5;2572.44;5.11093;0;0;0.1;0.01;0;4.15656;1;0;-1
0;498;48.1291;-67.8869;-11.4514;9.53328;3629.24;5.73222;0;0;0.1;0.01;0;6.01277;0;0;-1
0;499;47.698;-47.7288;-11.9649;9.34097;3414.01;5.61659;0;0;0.1;0.01;0;6.11591;0;0;-1
0;500;48.6178;-31.7074;-12.5258;9.05733;3112.36;5.44604;0;0;0.1;0.01;0;5.5416;0;0;-1
0;501;45.5553;-14.7386;-10.953;9.15165;3210.6;5.50275;0;0;0.1;0.01;0;6.26765;0;0;-1
0;502;46.5956;0.434979;-11.0274;10.1585;4391.14;6.10816;0;0;0.1;0.01;0;7.44591;0;0;-1
0;503;47.737;18.1154;-13.4362;10.1742;4411.53;6.1176;0;0;0.1;0.01;0;7.74614;0;0;-1
0;504;47.8991;34.6499;-10.5427;9.51622;3609.79;5.72196;0;0;0.1;0.01;0;6.42746;0;0;-1
0;505;45.9448;55.1964;-12.5002;8.5;2572.44;5.11093;0;0;0.1;0.01;0;5.01947;1;0;-1
0;506;46.2884;68.4971;-10.0128;9.24156;3306.16;5.55682;0;0;0.1;0.01;0;6.1713;0;0;-1
0;507;47.6957;85.64;-13.0953;8.6403;2701.94;5.19529;0;0;0.1;0.01;0;2.3387;0;0;-1
0;508;61.0942;-74.2494;-11.2922;10.3036;4582.01;6.19541;0;0;0.1;0.01;0;3.19829;0;0;-1
0;509;60.3075;-56.0638;-13.303;9.61516;3723.56;5.78146;0;0;0.1;0.01;0;6.39394;0;0;-1
0;510;61.4416;-42.1486;-11.618;9.39919;3478.24;5.6516;0;0;0.1;0.01;0;6.41324;0;0;-1
0;511;62.5774;-25.7822;-11.864;9.28468;3352.66;5.58274;0;0;0.1;0.01;0;5.8431;0;0;-1
0;512;62.7409;-7.64872;-11.5042;9.83406;3983.7;5.91308;0;0;0.1;0.01;0;6.46963;0;0;-1
0;513;60.7327;9.37299;-12.8124;10.2245;4477.29;6.14784;0;0;0.1;0.01;0;6.65953;0;0;-1
0;514;61.97;28.7523;-10.2212;9.92591;4096.37;5.96831;0;0;0.1;0.01;0;6.30831;0;0;-1
0;515;62.6722;45.9907;-11.1302;9.50542;3597.51;5.71547;0;0;0.1;0.01;0;5.70365;0;0;-1
0;516;63.2362;63.5898;-10.8022;10.0981;4313.28;6.07184;0;0;0.1;0.01;0;5.33467;0;0;-1
0;517;61.049;77.9256;-13.7866;8.90529;2958.24;5.35462;0;0;0.1;0.01;0;2.77171;0;0;-1
0;518;77.6037;-47.5321;-10.8106;8.5;2572.44;5.11093;0;0;0.1;0.01;0;3.89146;1;0;-1
0;519;77.332;-30.0319;-11.2453;8.60685;2670.68;5.17517;0;0;0.1;0.01;0;5.62788;0;0;-1
0;520;75.2991;-14.4399;-10.8532;10.4528;4783.95;6.28512;0;0;0.1;0.01;0;7.80045;0;0;-1
0;521;74.9392;1.11906;-10.9944;8.5;2572.44;5.11093;0;0;0.1;0.01;0;6.16596;1;0;-1
0;522;76.6066;18.0092;-13.3357;8.69993;2758.26;5.23114;0;0;0.1;0.01;0;5.75021;0;0;-1
0;523;75.066;34.8489;-12.7102;8.5;2572.44;5.11093;0;0;0.1;0.01;0;5.25216;1;0;-1
0;524;75.3438;51.4838;-10.2289;9.24246;3307.13;5.55736;0;0;0.1;0.01;0;5.71936;0;0;-1
0;525;89.5852;-22.1732;-11.9582;8.5;2572.44;5.11093;0;0;0.1;0.01;0;3.7896;1;0;-1
0;526;90.0701;-4.24987;-10.1435;9.67018;3787.85;5.81454;0;0;0.1;0.01;0;4.12005;0;0;-1
0;527;89.5559;12.0111;-11.0224;8.94815;3001.15;5.38039;0;0;0.1;0.01;0;4.80348;0;0;-1
0;528;89.4273;27.0281;-11.2006;8.57982;2645.59;5.15892;0;0;0.1;0.01;0;4.51419;0;0;-1
0;529;89.2376;43.5663;-9.84333;10.0381;4236.85;6.03576;0;0;0.1;0.01;0;3.29357;0;0;-1
0;530;-93.9395;-16.5779;2.39675;9.45997;3546.16;5.68814;0;0;0.1;0.01;0;3.16968;0;0;-1
0;531;-95.6858;2.72727;3.43228;9.65336;3768.11;5.80443;0;0;0.1;0.01;0;3.78334;0;0;-1
0;532;-95.9068;18.6861;2.16276;10.2032;4449.36;6.13504;0;0;0.1;0.01;0;3.2401;0;0;-1
0;533;-79.6766;-55.9205;3.03767;8.5;2572.44;5.11093;0;0;0.1;0.01;0;2.63916;1;0;-1
0;534;-82.6263;-41.5223;4.68163;9.80047;3943.02;5.89288;0;0;0.1;0.01;0;4.17625;0;0;-1
0;535;-80.6001;-23.2275;2.97294;9.80139;3944.13;5.89343;0;0;0.1;0.01;0;6.45364;0;0;-1
0;536;-79.8677;-6.13747;3.72601;9.46528;3552.13;5.69134;0;0;0.1;0.01;0;5.92452;0;0;-1
0;537;-81.793;10.3544;2.71334;8.90491;2957.86;5.35439;0;0;0.1;0.01;0;4.70886;0;0;-1
0;538;-80.6002;25.4896;1.20528;8.5;2572.44;5.11093;0;0;0.1;0.01;0;3.69555;1;0;-1
0;539;-82.6797;44.0744;2.7675;10.2457;4505.19;6.16059;0;0;0.1;0.01;0;4.42297;0;0;-1
0;540;-78.9039;61.128;3.3755;9.4202;3501.62;5.66423;0;0;0.1;0.01;0;2.55998;0;0;-1
0;541;-63.8849;-65.5094;1.68126;8.86781;2921.04;5.33209;0;0;0.1;0.01;0;4.00758;0;0;-1
0;542;-64.281;-47.2876;4.40101;10.2617;4526.33;6.17021;0;0;0.1;0.01;0;6.23294;0;0;-1
0;543;-68.3973;-33.0505;3.55363;8.92266;2975.58;5.36507;0;0;0.1;0.01;0;5.75708;0;0;-1
0;544;-67.7971;-14.8225;1.72157;10.4365;4761.6;6.27532;0;0;0.1;0.01;0;6.92621;0;0;-1
0;545;-67.1951;0.397899;3.73776;10.3306;4618.12;6.21164;0;0;0.1;0.01;0;6.93347;0;0;-1
0;546;-64.732;17.127;3.36668;10.4477;4776.95;6.28205;0;0;0.1;0.01;0;6.01955;0;0;-1
0;547;-65.1782;36.525;3.09588;10.4249;4745.74;6.26834;0;0;0.1;0.01;0;6.60358;0;0;-1
0;548;-65.5665;52.0289;3.2234;9.47993;3568.65;5.70014;0;0;0.1;0.01;0;5.48075;0;0;-1
0;549;-64.947;70.4101;3.1651;8.5;2572.44;5.11093;0;0;0.1;0.01;0;2.34967;1;0;-1
0;550;-49.9069;-75.3373;3.24206;8.5823;2647.89;5.16041;0;0;0.1;0.01;0;5.00503;0;0;-1
0;551;-50.3423;-59.3882;4.21103;8.71413;2771.79;5.23968;0;0;0.1;0.01;0;5.50631;0;0;-1
0;552;-50.9573;-42.3317;3.33658;8.72965;2786.63;5.24901;0;0;0.1;0.01;0;5.46054;0;0;-1
0;553;-52.1139;-24.4739;3.65794;8.58632;2651.61;5.16283;0;0;0.1;0.01;0;4.18496;0;0;-1
0;554;-49.6422;-5.37733;2.15033;8.5;2572.44;5.11093;0;0;0.1;0.01;0;4.35302;1;0;-1
0;555;-52.3032;10.062;3.75035;8.5;2572.44;5.11093;0;0;0.1;0.01;0;4.98706;1;0;-1
0;556;-52.7554;25.8349;2.7;8.5;2572.44;5.11093;0;0;0.1;0.01;0;5.48439;1;0;-1
0;557;-50.2717;42.9876;5.11141;9.8444;3996.28;5.91929;0;0;0.1;0.01;0;5.97427;0;0;-1
0;558;-50.7554;63.4579;1.83761;9.04923;3104.01;5.44117;0;0;0.1;0.01;0;5.21353;0;0;-1
0;559;-51.4549;78.1189;1.28987;9.76208;3896.87;5.8698;0;0;0.1;0.01;0;4.4378;0;0;-1
0;560;-34.9775;-84.014;3.44342;9.36644;3442.01;5.6319;0;0;0.1;0.01;0;5.15533;0;0;-1
0;561;-38.4985;-67.3834;3.24611;9.15764;3216.91;5.50636;0;0;0.1;0.01;0;5.35464;0;0;-1
0;562;-36.7052;-50.3906;4.12072;8.5;2572.44;5.11093;0;0;0.1;0.01;0;5.17342;1;0;-1
0;563;-35.8337;-32.6221;2.67833;9.95707;4135.07;5.98704;0;0;0.1;0.01;0;6.05239;0;0;-1
0;564;-38.0789;-14.0883;3.14977;8.97516;3028.41;5.39663;0;0;0.1;0.01;0;4.98399;0;0;-1
0;565;-36.6369;3.18214;4.03837;8.90095;2953.91;5.35201;0;0;0.1;0.01;0;5.85421;0;0;-1
0;566;-38.1393;19.9746;2.91832;10.1518;4382.46;6.10413;0;0;0.1;0.01;0;6.866;0;0;-1
0;567;-38.1977;36.307;1.02738;8.89588;2948.87;5.34896;0;0;0.1;0.01;0;5.93077;0;0;-1
0;568;-35.4182;50.8411;2.86364;9.82839;3976.82;5.90967;0;0;0.1;0.01;0;5.01452;0;0;-1
0;569;-35.7484;71.7413;1.34197;10.4423;4769.55;6.2788;0;0;0.1;0.01;0;6.28607;0;0;-1
0;570;-35.3295;87.8919;3.29214;9.58234;3685.56;5.76172;0;0;0.1;0.01;0;5.14405;0;0;-1
0;571;-20.7821;-93.6563;1.60204;9.51832;3612.18;5.72323;0;0;0.1;0.01;0;4.3117;0;0;-1
0;572;-20.566;-76.6052;4.59788;8.53528;2604.61;5.13214;0;0;0.1;0.01;0;5.2649;0;0;-1
0;573;-23.621;-57.6378;1.54071;9.2155;3278.27;5.54115;0;0;0.1;0.01;0;6.00515;0;0;-1
0;574;-23.2254;-40.3603;2.14516;9.25268;3318.11;5.5635;0;0;0.1;0.01;0;6.41675;0;0;-1
0;575;-21.1659;-23.0783;3.57309;8.5;2572.44;5.11093;0;0;0.1;0.01;0;5.40029;1;0;-1
0;576;-20.5826;-5.19516;3.34194;8.55675;2624.31;5.14505;0;0;0.1;0.01;0;6.16098;0;0;-1
0;577;-20.1925;9.99328;4.07282;10.1133;4332.79;6.08098;0;0;0.1;0.01;0;6.89886;0;0;-1
0;578;-23.9401;27.5259;1.88602;8.5874;2652.61;5.16348;0;0;0.1;0.01;0;3.99312;0;0;-1
0;579;-19.9332;46.9949;1.83183;9.19996;3261.72;5.5318;0;0;0.1;0.01;0;4.54632;0;0;-1
0;580;-22.03;63.3238;2.16483;9.89483;4058.01;5.94962;0;0;0.1;0.01;0;6.65783;0;0;-1
0;581;-22.1847;77.5564;1.90528;9.60554;3712.39;5.77567;0;0;0.1;0.01;0;6.19778;0;0;-1
0;582;-23.3666;96.2342;1.35777;9.90756;4073.7;5.95727;0;0;0.1;0.01;0;3.42014;0;0;-1
0;583;-7.07088;-98.9496;0.93112;10.0776;4287.06;6.05951;0;0;0.1;0.01;0;2.97367;0;0;-1
0;584;-5.64832;-81.0529;3.71297;8.73414;2790.93;5.25171;0;0;0.1;0.01;0;5.62543;0;0;-1
0;585;-9.08222;-66.6499;2.76914;10.3839;4689.97;6.24369;0;0;0.1;0.01;0;5.75273;0;0;-1
0;586;-7.63316;-49.2515;2.31385;8.64791;2709.08;5.19986;0;0;0.1;0.01;0;5.09671;0;0;-1
0;587;-7.46699;-29.9787;2.51776;9.4445;3528.79;5.67884;0;0;0.1;0.01;0;6.35283;0;0;-1
0;588;-8.78345;-14.1952;3.11775;9.71029;3835.18;5.83866;0;0;0.1;0.01;0;6.88027;0;0;-1
0;589;-7.88847;1.80433;3.77531;8.5;2572.44;5.11093;0;0;0.1;0.01;0;5.89976;1;0;-1
0;590;-6.29611;17.3587;1.34152;8.51996;2590.61;5.12293;0;0;0.1;0.01;0;5.93127;0;0;-1
0;591;-6.16651;34.6557;3.69891;9.22465;3288.05;5.54665;0;0;0.1;0.01;0;5.50843;0;0;-1
0;592;-5.76254;51.8054;3.54077;8.5;2572.44;5.11093;0;0;0.1;0.01;0;5.86818;1;0;-1
0;593;-7.56737;71.7843;2.33205;10.3283;4615.04;6.21026;0;0;0.1;0.01;0;6.85495;0;0;-1
0;594;-9.20549;88.3823;3.67989;9.77079;3907.31;5.87503;0;0;0.1;0.01;0;4.97446;0;0;-1
0;595;8.04147;-92.17;3.09703;8.71605;2773.63;5.24083;0;0;0.1;0.01;0;4.70657;0;0;-1
0;596;8.63493;-76.0903;1.8304;9.61678;3725.44;5.78243;0;0;0.1;0.01;0;7.03968;0;0;-1
0;597;5.953;-58.9229;1.68691;10.096;4310.59;6.07058;0;0;0.1;0.01;0;6.92009;0;0;-1
0;598;7.03529;-42.7397;3.59097;9.83689;3987.15;5.91478;0;0;0.1;0.01;0;6.72742;0;0;-1
0;599;7.54663;-24.9382;1.84739;9.5353;3631.55;5.73344;0;0;0.1;0.01;0;6.50595;0;0;-1
0;600;9.35662;-8.4631;4.44246;10.1237;4346.17;6.08723;0;0;0.1;0.01;0;5.92979;0;0;-1
0;601;5.73468;10.4493;2.77277;8.89902;2951.99;5.35085;0;0;0.1;0.01;0;4.95961;0;0;-1
0;602;7.62685;25.42;2.11743;9.91149;4078.55;5.95964;0;0;0.1;0.01;0;6.08853;0;0;-1
0;603;8.38265;44.056;2.34725;8.5;2572.44;5.11093;0;0;0.1;0.01;0;5.04536;1;0;-1
0;604;6.91148;60.3918;1.62638;8.5;2572.44;5.11093;0;0;0.1;0.01;0;5.6565;1;0;-1
0;605;8.80139;76.5023;2.6826;8.62821;2690.61;5.18802;0;0;0.1;0.01;0;5.79785;0;0;-1
0;606;5.61204;97.9025;1.519;9.70502;3828.93;5.83549;0;0;0.1;0.01;0;2.82697;0;0;-1
0;607;20.4534;-85.2873;2.17702;8.5;2572.44;5.11093;0;0;0.1;0.01;0;4.15261;1;0;-1
0;608;23.7063;-66.3248;2.73962;10.1485;4378.19;6.10215;0;0;0.1;0.01;0;5.92322;0;0;-1
0;609;22.3832;-47.3549;4.38078;8.61569;2678.91;5.18049;0;0;0.1;0.01;0;4.58323;0;0;-1
0;610;21.7432;-31.0897;1.47463;8.5;2572.44;5.11093;0;0;0.1;0.01;0;5.79024;1;0;-1
0;611;21.4303;-14.7084;1.49613;8.5;2572.44;5.11093;0;0;0.1;0.01;0;5.46782;1;0;-1
0;612;23.2035;4.33494;1.19893;9.49255;3582.92;5.70773;0;0;0.1;0.01;0;5.4473;0;0;-1
0;613;23.388;20.8312;4.67209;9.56391;3664.33;5.75064;0;0;0.1;0.01;0;6.83796;0;0;-1
0;614;21.986;37.2926;4.96216;8.5;2572.44;5.11093;0;0;0.1;0.01;0;5.66046;1;0;-1
0;615;22.7753;51.4219;3.72778;9.88732;4048.78;5.9451;0;0;0.1;0.01;0;6.64242;0;0;-1
0;616;21.1356;67.7549;1.65785;9.16445;3224.09;5.51045;0;0;0.1;0.01;0;5.95777;0;0;-1
0;617;21.4044;89.4968;1.1368;10.1186;4339.6;6.08417;0;0;0.1;0.01;0;4.04305;0;0;-1
0;618;38.0397;-75.9274;1.66073;9.44408;3528.32;5.67859;0;0;0.1;0.01;0;6.03214;0;0;-1
0;619;38.555;-59.6004;4.02648;8.64248;2703.98;5.1966;0;0;0.1;0.01;0;5.22701;0;0;-1
0;620;34.9046;-40.1465;3.41218;8.9796;3032.91;5.3993;0;0;0.1;0.01;0;5.45123;0;0;-1
0;621;35.0433;-25.7246;1.19924;9.54414;3641.66;5.73875;0;0;0.1;0.01;0;6.1056;0;0;-1
0;622;38.019;-8.85074;4.48362;9.35846;3433.22;5.62711;0;0;0.1;0.01;0;6.01225;0;0;-1
0;623;37.235;9.08524;1.45316;9.51894;3612.89;5.7236;0;0;0.1;0.01;0;5.74663;0;0;-1
0;624;36.6629;27.2538;2.87556;9.98295;4167.4;6.0026;0;0;0.1;0.01;0;6.51269;0;0;-1
0;625;35.9287;44.5362;1.21243;10.3932;4702.58;6.24928;0;0;0.1;0.01;0;6.87926;0;0;-1
0;626;36.1029;62.7064;3.82747;10.293;4567.88;6.18903;0;0;0.1;0.01;0;7.82439;0;0;-1
0;627;37.6628;80.0003;2.52677;10.395;4705.03;6.25036;0;0;0.1;0.01;0;5.14009;0;0;-1
0;628;50.8408;-83.5294;2.89241;8.5;2572.44;5.11093;0;0;0.1;0.01;0;2.98881;1;0;-1
0;629;52.1832;-64.6086;4.04581;9.83279;3982.16;5.91231;0;0;0.1;0.01;0;5.58513;0;0;-1
0;630;50.3196;-48.4688;3.26277;10.1367;4362.93;6.09505;0;0;0.1;0.01;0;6.36302;0;0;-1
0;631;53.4011;-33.6511;4.78943;8.5;2572.44;5.11093;0;0;0.1;0.01;0;5.81242;1;0;-1
0;632;51.3835;-15.8281;2.99578;8.60239;2666.53;5.17249;0;0;0.1;0.01;0;5.11721;0;0;-1
0;633;52.16;1.13753;2.46469;8.51441;2585.55;5.11959;0;0;0.1;0.01;0;5.43548;0;0;-1
0;634;52.3757;17.0478;1.66371;9.47502;3563.11;5.69719;0;0;0.1;0.01;0;7.31086;0;0;-1
0;635;50.1835;34.3923;2.73867;9.80689;3950.78;5.89674;0;0;0.1;0.01;0;6.23148;0;0;-1
0;636;51.3761;54.6287;4.70363;8.5;2572.44;5.11093;0;0;0.1;0.01;0;5.01775;1;0;-1
0;637;50.0052;67.7079;3.2611;9.09874;3155.24;5.47094;0;0;0.1;0.01;0;4.70048;0;0;-1
0;638;68.0561;-56.0609;4.68856;9.91865;4087.39;5.96394;0;0;0.1;0.01;0;4.3873;0;0;-1
0;639;67.5928;-39.0444;2.40263;9.67029;3787.97;5.81461;0;0;0.1;0.01;0;7.08843;0;0;-1
0;640;64.7308;-24.1611;3.90064;8.59961;2663.94;5.17082;0;0;0.1;0.01;0;5.67679;0;0;-1
0;641;67.8244;-6.65723;4.42471;8.5;2572.44;5.11093;0;0;0.1;0.01;0;4.86801;1;0;-1
0;642;65.6264;12.2014;3.83517;10.2544;4516.68;6.16582;0;0;0.1;0.01;0;6.72093;0;0;-1
0;643;65.4884;25.9317;3.94357;8.5;2572.44;5.11093;0;0;0.1;0.01;0;6.0982;1;0;-1
0;644;66.9152;44.3115;4.36448;9.40417;3483.77;5.65459;0;0;0.1;0.01;0;5.69831;0;0;-1
0;645;67.4223;60.178;4.32;9.78995;3930.34;5.88655;0;0;0.1;0.01;0;4.4666;0;0;-1
0;646;82.3321;-47.3906;5.10411;9.16647;3226.23;5.51167;0;0;0.1;0.01;0;3.67493;0;0;-1
0;647;82.1692;-33.111;3.1858;10.4059;4719.84;6.25692;0;0;0.1;0.01;0;5.82235;0;0;-1
0;648;81.396;-15.7981;3.84082;9.58771;3691.76;5.76495;0;0;0.1;0.01;0;6.48916;0;0;-1
0;649;79.7753;0.0591891;1.8752;9.17655;3236.88;5.51773;0;0;0.1;0.01;0;5.72859;0;0;-1
0;650;80.9745;18.2563;2.44538;9.17519;3235.44;5.51691;0;0;0.1;0.01;0;6.64466;0;0;-1
0;651;82.5346;36.1057;4.09528;10.3563;4652.67;6.22709;0;0;0.1;0.01;0;5.55339;0;0;-1
0;652;82.8015;55.298;4.89834;9.98006;4163.78;6.00087;0;0;0.1;0.01;0;2.84985;0;0;-1
0;653;95.8385;-23.3873;2.10283;10.372;4673.86;6.23653;0;0;0.1;0.01;0;3.62825;0;0;-1
0;654;96.3571;-7.56316;4.21915;9.30892;3378.99;5.59732;0;0;0.1;0.01;0;3.40687;0;0;-1
0;655;94.5256;12.1163;1.93644;9.59168;3696.35;5.76734;0;0;0.1;0.01;0;4.21413;0;0;-1
0;656;94.3095;26.6322;4.4764;10.0281;4224.2;6.02975;0;0;0.1;0.01;0;4.46568;0;0;-1
0;657;-86.8366;-40.7515;19.1997;10.0139;4206.28;6.02121;0;0;0.1;0.01;0;3.22249;0;0;-1
0;658;-85.0793;-21.1747;18.5592;9.39531;3473.94;5.64926;0;0;0.1;0.01;0;3.28335;0;0;-1
0;659;-84.8786;-4.98834;19.2736;9.9256;4095.99;5.96812;0;0;0.1;0.01;0;4.60254;0;0;-1
0;660;-86.6477;10.4803;17.1896;9.41782;3498.97;5.6628;0;0;0.1;0.01;0;4.71409;0;0;-1
0;661;-85.7272;27.1048;18.3067;8.5;2572.44;5.11093;0;0;0.1;0.01;0;3.21622;1;0;-1
0;662;-84.2585;45.3318;18.927;8.68184;2741.09;5.22026;0;0;0.1;0.01;0;2.72636;0;0;-1
0;663;-72.1078;-63.6409;19.8416;9.46219;3548.65;5.68948;0;0;0.1;0.01;0;3.35663;0;0;-1
0;664;-70.8112;-48.5595;16.674;9.04696;3101.68;5.43981;0;0;0.1;0.01;0;6.11292;0;0;-1
0;665;-68.9855;-33.8703;19.1926;8.5;2572.44;5.11093;0;0;0.1;0.01;0;5.46874;1;0;-1
0;666;-71.9587;-13.1864;19.0172;9.90376;4069.01;5.95499;0;0;0.1;0.01;0;7.23538;0;0;-1
0;667;-69.3899;2.17277;19.7065;9.7357;3865.36;5.85394;0;0;0.1;0.01;0;6.93219;0;0;-1
0;668;-70.2473;18.6414;19.3033;9.64972;3763.85;5.80224;0;0;0.1;0.01;0;5.80035;0;0;-1
0;669;-70.292;34.2549;16.7411;8.77909;2834.24;5.27874;0;0;0.1;0.01;0;4.32185;0;0;-1
0;670;-70.2536;52.8824;16.2612;8.5;2572.44;5.11093;0;0;0.1;0.01;0;3.91607;1;0;-1
0;671;-58.0236;-74.9467;17.1218;10.065;4271;6.05194;0;0;0.1;0.01;0;4.51483;0;0;-1
0;672;-57.5025;-58.6503;18.7058;9.47117;3558.77;5.69488;0;0;0.1;0.01;0;6.43838;0;0;-1
0;673;-56.2023;-39.5364;17.4599;10.2399;4497.55;6.1571;0;0;0.1;0.01;0;7.40245;0;0;-1
0;674;-57.0839;-23.2702;16.9182;8.9323;2985.23;5.37086;0;0;0.1;0.01;0;5.73386;0;0;-1
0;675;-55.1845;-6.46398;16.0501;9.97374;4155.88;5.99707;0;0;0.1;0.01;0;6.24467;0;0;-1
0;676;-57.1265;8.61691;17.4114;8.70387;2762.01;5.23351;0;0;0.1;0.01;0;5.38475;0;0;-1
0;677;-55.3823;26.7729;16.794;9.65507;3770.12;5.80545;0;0;0.1;0.01;0;5.70969;0;0;-1
0;678;-54.9697;46.9012;18.9466;8.5;2572.44;5.11093;0;0;0.1;0.01;0;4.35203;1;0;-1
0;679;-53.9884;61.9354;18.285;8.67427;2733.93;5.21571;0;0;0.1;0.01;0;3.8074;0;0;-1
0;680;-53.7951;78.047;19.6542;9.60026;3706.27;5.7725;0;0;0.1;0.01;0;2.64027;0;0;-1
0;681;-41.6977;-84.6152;16.8485;9.64536;3758.75;5.79962;0;0;0.1;0.01;0;4.32853;0;0;-1
0;682;-40.6294;-67.4695;17.738;8.98447;3037.85;5.40223;0;0;0.1;0.01;0;5.51272;0;0;-1
0;683;-40.4657;-47.7831;16.7412;9.09298;3149.25;5.46748;0;0;0.1;0.01;0;5.25935;0;0;-1
0;684;-42.5297;-33.0298;18.1942;9.56256;3662.78;5.74983;0;0;0.1;0.01;0;6.35508;0;0;-1
0;685;-42.1539;-13.7608;16.4905;8.5;2572.44;5.11093;0;0;0.1;0.01;0;4.9157;1;0;-1
0;686;-39.9901;2.28063;17.7303;8.8338;2887.56;5.31164;0;0;0.1;0.01;0;5.08235;0;0;-1
0;687;-42.2111;18.6866;18.4673;8.81873;2872.81;5.30257;0;0;0.1;0.01;0;5.43424;0;0;-1
0;688;-41.1642;33.737;18.2729;8.97255;3025.77;5.39506;0;0;0.1;0.01;0;5.19154;0;0;-1
0;689;-39.7102;53.2113;18.5438;8.97931;3032.62;5.39913;0;0;0.1;0.01;0;4.73945;0;0;-1
0;690;-39.5855;71.4851;16.398;10.2106;4459.05;6.13949;0;0;0.1;0.01;0;5.90388;0;0;-1
0;691;-41.5958;87.745;18.5399;8.98874;3042.18;5.4048;0;0;0.1;0.01;0;2.93153;0;0;-1
0;692;-27.7623;-93.4555;16.8285;10.4523;4783.26;6.28482;0;0;0.1;0.01;0;3.97883;0;0;-1
0;693;-27.5087;-72.8543;18.5028;9.83112;3980.13;5.91131;0;0;0.1;0.01;0;6.16618;0;0;-1
0;694;-25.3705;-56.7087;16.2801;8.5;2572.44;5.11093;0;0;0.1;0.01;0;4.44971;1;0;-1
0;695;-24.5011;-40.3781;17.8446;8.88227;2935.35;5.34078;0;0;0.1;0.01;0;5.48595;0;0;-1
0;696;-28.3589;-24.7221;16.3163;9.59361;3698.58;5.7685;0;0;0.1;0.01;0;6.04896;0;0;-1
0;697;-28.3796;-7.18677;16.0146;9.33032;3402.34;5.61019;0;0;0.1;0.01;0;5.29248;0;0;-1
0;698;-26.9592;10.6785;16.491;9.60486;3711.6;5.77526;0;0;0.1;0.01;0;6.09176;0;0;-1
0;699;-27.4538;28.0474;17.3693;9.05772;3112.76;5.44628;0;0;0.1;0.01;0;5.12778;0;0;-1
0;700;-25.458;45.9298;17.6359;9.58543;3689.13;5.76358;0;0;0.1;0.01;0;5.76726;0;0;-1
0;701;-28.1555;62.0557;16.4031;9.01678;3070.74;5.42166;0;0;0.1;0.01;0;5.904;0;0;-1
0;702;-27.4136;80.4151;16.3134;10.1887;4430.42;6.12632;0;0;0.1;0.01;0;5.89013;0;0;-1
0;703;-13.2911;-83.6108;17.639;9.77088;3907.42;5.87509;0;0;0.1;0.01;0;5.45591;0;0;-1
0;704;-13.7343;-65.6467;17.0245;8.5;2572.44;5.11093;0;0;0.1;0.01;0;4.20847;1;0;-1
0;705;-11.1804;-47.5334;16.2706;9.7905;3931;5.88689;0;0;0.1;0.01;0;5.44875;0;0;-1
0;706;-12.3535;-30.7814;19.3433;8.63701;2698.85;5.19331;0;0;0.1;0.01;0;5.76273;0;0;-1
0;707;-11.549;-16.1887;17.4745;9.71429;3839.92;5.84106;0;0;0.1;0.01;0;6.34308;0;0;-1
0;708;-13.6703;1.66584;17.1269;10.0878;4300.09;6.06565;0;0;0.1;0.01;0;7.02336;0;0;-1
0;709;-13.1777;20.7899;16.6089;10.0841;4295.36;6.06342;0;0;0.1;0.01;0;6.26894;0;0;-1
0;710;-10.9557;37.3201;17.295;8.97727;3030.55;5.3979;0;0;0.1;0.01;0;5.49459;0;0;-1
0;711;-10.0219;52.3594;18.3009;10.1287;4352.61;6.09024;0;0;0.1;0.01;0;6.64381;0;0;-1
0;712;-11.6717;68.4254;18.3663;8.59754;2662.02;5.16958;0;0;0.1;0.01;0;5.20918;0;0;-1
0;713;-11.0515;85.2589;18.6743;8.5;2572.44;5.11093;0;0;0.1;0.01;0;3.73865;1;0;-1
0;714;1.68558;-91.9849;17.4365;10.248;4508.23;6.16197;0;0;0.1;0.01;0;3.90832;0;0;-1
0;715;4.58504;-72.2723;15.9834;8.68782;2746.76;5.22386;0;0;0.1;0.01;0;5.15308;0;0;-1
0;716;2.81702;-56.971;17.3299;8.5;2572.44;5.11093;0;0;0.1;0.01;0;5.54523;1;0;-1
0;717;2.9647;-39.8546;16.6741;9.887;4048.39;5.94491;0;0;0.1;0.01;0;6.58586;0;0;-1
0;718;2.38636;-24.4679;16.4644;8.82136;2875.38;5.30416;0;0;0.1;0.01;0;5.63604;0;0;-1
0;719;4.97435;-8.36963;17.1133;8.57217;2638.52;5.15432;0;0;0.1;0.01;0;4.74344;0;0;-1
0;720;4.1722;9.64991;16.3847;9.89258;4055.25;5.94826;0;0;0.1;0.01;0;4.89138;0;0;-1
0;721;2.16203;28.5073;16.6429;9.95865;4137.04;5.98799;0;0;0.1;0.01;0;6.24838;0;0;-1
0;722;2.53118;46.1856;15.618;8.5982;2662.63;5.16997;0;0;0.1;0.01;0;5.80148;0;0;-1
0;723;2.65949;63.4036;15.8913;10.4039;4717.12;6.25571;0;0;0.1;0.01;0;6.71248;0;0;-1
0;724;0.991742;77.9637;15.9369;8.66392;2724.16;5.20949;0;0;0.1;0.01;0;5.68565;0;0;-1
0;725;4.6965;93.0877;17.7714;8.70908;2766.98;5.23664;0;0;0.1;0.01;0;2.8954;0;0;-1
0;726;17.7746;-82.3819;17.1027;10.0453;4245.97;6.04009;0;0;0.1;0.01;0;5.13138;0;0;-1
0;727;15.7994;-64.4105;16.3768;8.5;2572.44;5.11093;0;0;0.1;0.01;0;4.94311;1;0;-1
0;728;16.0228;-50.0864;18.3108;9.61978;3728.93;5.78423;0;0;0.1;0.01;0;5.55334;0;0;-1
0;729;18.931;-33.9812;18.1013;8.5;2572.44;5.11093;0;0;0.1;0.01;0;4.31416;1;0;-1
0;730;18.3563;-17.0104;17.3419;9.30503;3374.75;5.59498;0;0;0.1;0.01;0;5.77506;0;0;-1
0;731;17.4646;2.71643;18.489;8.54447;2613.03;5.13767;0;0;0.1;0.01;0;4.73948;0;0;-1
0;732;16.578;21.1424;16.2211;9.14026;3198.63;5.49591;0;0;0.1;0.01;0;6.27712;0;0;-1
0;733;16.5136;37.0704;17.4411;8.88866;2941.69;5.34462;0;0;0.1;0.01;0;5.88994;0;0;-1
0;734;19.6682;52.9286;17.6998;8.85858;2911.93;5.32654;0;0;0.1;0.01;0;5.16846;0;0;-1
0;735;16.4141;69.7777;17.3886;8.51644;2587.4;5.12081;0;0;0.1;0.01;0;5.15553;0;0;-1
0;736;17.9155;85.6755;16.455;9.17315;3233.29;5.51568;0;0;0.1;0.01;0;3.5669;0;0;-1
0;737;33.1765;-92.4865;15.9383;9.05955;3114.64;5.44738;0;0;0.1;0.01;0;1.68914;0;0;-1
0;738;33.7888;-73.7687;16.1009;9.51316;3606.31;5.72013;0;0;0.1;0.01;0;5.47771;0;0;-1
0;739;33.176;-55.2465;18.0123;9.15668;3215.9;5.50578;0;0;0.1;0.01;0;4.54326;0;0;-1
0;740;33.6526;-39.0243;18.0743;8.5;2572.44;5.11093;0;0;0.1;0.01;0;5.32917;1;0;-1
0;741;31.4393;-24.4844;16.3346;9.37929;3456.2;5.63963;0;0;0.1;0.01;0;6.48181;0;0;-1
0;742;30.7128;-8.06126;18.5942;9.30862;3378.66;5.59714;0;0;0.1;0.01;0;5.49799;0;0;-1
0;743;30.5302;11.5669;17.0197;8.87722;2930.35;5.33774;0;0;0.1;0.01;0;5.13322;0;0;-1
0;744;32.0941;26.8746;16.7702;8.78131;2836.39;5.28007;0;0;0.1;0.01;0;5.40345;0;0;-1
0;745;33.2165;45.7674;16.5281;8.5;2572.44;5.11093;0;0;0.1;0.01;0;5.28932;1;0;-1
0;746;30.4886;63.435;19.4771;9.08213;3137.99;5.46095;0;0;0.1;0.01;0;6.8173;0;0;-1
0;747;30.6498;77.8128;17.8452;9.25776;3323.58;5.56656;0;0;0.1;0.01;0;5.18508;0;0;-1
0;748;45.3096;-81.2464;16.0874;9.99665;4184.58;6.01084;0;0;0.1;0.01;0;4.70928;0;0;-1
0;749;48.9016;-67.6406;17.0067;8.61752;2680.62;5.18159;0;0;0.1;0.01;0;5.08386;0;0;-1
0;750;47.5116;-48.1724;18.5957;8.5;2572.44;5.11093;0;0;0.1;0.01;0;4.60323;1;0;-1
0;751;46.763;-31.8978;16.6112;9.52674;3621.78;5.72829;0;0;0.1;0.01;0;6.82904;0;0;-1
0;752;46.3604;-15.3143;17.5065;9.96599;4146.2;5.99241;0;0;0.1;0.01;0;6.40184;0;0;-1
0;753;46.2051;4.39371;19.4783;9.61473;3723.06;5.7812;0;0;0.1;0.01;0;5.43121;0;0;-1
0;754;48.7901;20.4695;17.3404;9.77667;3914.37;5.87857;0;0;0.1;0.01;0;6.22853;0;0;-1
0;755;46.8625;34.8765;18.9835;8.5;2572.44;5.11093;0;0;0.1;0.01;0;5.23603;1;0;-1
0;756;45.0845;54.0894;16.5871;10.1386;4365.39;6.09619;0;0;0.1;0.01;0;6.57468;0;0;-1
0;757;46.9791;68.9811;17.782;8.7934;2848.13;5.28734;0;0;0.1;0.01;0;5.04431;0;0;-1
0;758;45.9395;86.049;19.6655;8.5;2572.44;5.11093;0;0;0.1;0.01;0;1.28253;1;0;-1
0;759;61.2212;-75.4415;17.4889;9.74749;3879.42;5.86102;0;0;0.1;0.01;0;2.82167;0;0;-1
0;760;62.3073;-57.9542;18.1643;8.5;2572.44;5.11093;0;0;0.1;0.01;0;4.94822;1;0;-1
0;761;62.5611;-38.7121;16.7039;10.097;4311.87;6.07118;0;0;0.1;0.01;0;7.4963;0;0;-1
0;762;60.4201;-24.2763;16.511;9.90118;4065.83;5.95344;0;0;0.1;0.01;0;7.54599;0;0;-1
0;763;60.3774;-7.40195;16.7534;8.93108;2984.01;5.37013;0;0;0.1;0.01;0;4.81163;0;0;-1
0;764;62.4563;10.6032;16.9689;9.45392;3539.36;5.6845;0;0;0.1;0.01;0;5.7799;0;0;-1
0;765;61.689;28.5311;16.4787;10.2254;4478.47;6.14838;0;0;0.1;0.01;0;7.22214;0;0;-1
0;766;61.8698;45.2105;19.0336;8.67367;2733.36;5.21535;0;0;0.1;0.01;0;6.08055;0;0;-1
0;767;62.2878;63.6344;19.0454;10.0225;4217.13;6.02638;0;0;0.1;0.01;0;4.83445;0;0;-1
0;768;75.9051;-50.2058;19.51;8.70096;2759.24;5.23176;0;0;0.1;0.01;0;3.01351;0;0;-1
0;769;76.0486;-33.4789;18.3453;10.0886;4301.12;6.06613;0;0;0.1;0.01;0;6.13383;0;0;-1
0;770;77.6165;-16.9535;16.7454;8.5;2572.44;5.11093;0;0;0.1;0.01;0;4.96194;1;0;-1
0;771;74.881;0.854893;19.4141;8.71841;2775.88;5.24225;0;0;0.1;0.01;0;4.4442;0;0;-1
0;772;76.4915;20.1057;16.1833;9.82373;3971.16;5.90687;0;0;0.1;0.01;0;6.53767;0;0;-1
0;773;74.8213;37.9207;19.0715;10.3722;4674.14;6.23665;0;0;0.1;0.01;0;6.73549;0;0;-1
0;774;76.5227;52.4258;18.7554;8.77615;2831.4;5.27697;0;0;0.1;0.01;0;4.58141;0;0;-1
0;775;91.5283;-22.0692;18.6372;9.7875;3927.39;5.88508;0;0;0.1;0.01;0;4.3449;0;0;-1
0;776;92.7491;-7.35984;19.9311;8.5;2572.44;5.11093;0;0;0.1;0.01;0;2.61871;1;0;-1
0;777;91.6963;9.32588;16.2187;9.05672;3111.73;5.44567;0;0;0.1;0.01;0;2.52772;0;0;-1
0;778;89.4668;26.8375;17.3916;9.35384;3428.14;5.62433;0;0;0.1;0.01;0;4.07983;0;0;-1
0;779;-93.5885;2.41044;34.5713;8.55786;2625.33;5.14572;0;0;0.1;0.01;0;2.84439;0;0;-1
0;780;-82.0379;-39.71;31.6335;9.85962;4014.85;5.92845;0;0;0.1;0.01;0;3.15599;0;0;-1
0;781;-79.6853;-25.0851;32.4549;9.32437;3395.84;5.60661;0;0;0.1;0.01;0;4.25245;0;0;-1
0;782;-79.0012;-6.09014;34.0268;9.22038;3283.49;5.54408;0;0;0.1;0.01;0;5.97688;0;0;-1
0;783;-80.181;10.0438;31.818;8.73128;2788.19;5.24999;0;0;0.1;0.01;0;4.8932;0;0;-1
0;784;-82.7024;25.8758;30.925;9.40262;3482.05;5.65366;0;0;0.1;0.01;0;2.74746;0;0;-1
0;785;-79.9052;46.0337;31.3518;8.54151;2610.31;5.13589;0;0;0.1;0.01;0;2.20295;0;0;-1
0;786;-65.9612;-66.8896;33.9548;9.46889;3556.2;5.69351;0;0;0.1;0.01;0;3.41809;0;0;-1
0;787;-66.623;-47.6759;32.2371;9.70994;3834.76;5.83845;0;0;0.1;0.01;0;4.79309;0;0;-1
0;788;-64.3026;-30.7717;34.2055;9.95636;4134.19;5.98661;0;0;0.1;0.01;0;6.55834;0;0;-1
0;789;-66.7709;-15.5633;31.0184;8.5;2572.44;5.11093;0;0;0.1;0.01;0;5.95213;1;0;-1
0;790;-65.6078;0.0180427;34.1202;8.9441;2997.08;5.37796;0;0;0.1;0.01;0;5.98473;0;0;-1
0;791;-66.5542;18.1289;33.8935;8.5;2572.44;5.11093;0;0;0.1;0.01;0;4.43067;1;0;-1
0;792;-64.4057;35.1671;31.6636;8.58667;2651.94;5.16304;0;0;0.1;0.01;0;4.16573;0;0;-1
0;793;-66.8415;53.0616;33.202;9.91933;4088.23;5.96435;0;0;0.1;0.01;0;3.57196;0;0;-1
0;794;-53.1863;-73.3249;30.6202;10.1149;4334.84;6.08194;0;0;0.1;0.01;0;4.85136;0;0;-1
0;795;-50.1871;-58.716;30.9889;9.48167;3570.62;5.70119;0;0;0.1;0.01;0;6.02645;0;0;-1
0;796;-49.8382;-38.4024;31.6544;9.72083;3847.68;5.84499;0;0;0.1;0.01;0;6.12863;0;0;-1
0;797;-52.8024;-21.2974;31.1163;8.5;2572.44;5.11093;0;0;0.1;0.01;0;4.91749;1;0;-1
0;798;-52.7042;-7.29511;34.1964;9.66627;3783.25;5.81219;0;0;0.1;0.01;0;4.47879;0;0;-1
0;799;-51.6702;11.8722;31.7824;8.5;2572.44;5.11093;0;0;0.1;0.01;0;4.16172;1;0;-1
0;800;-50.7114;29.4026;32.6057;8.5;2572.44;5.11093;0;0;0.1;0.01;0;5.23851;1;0;-1
0;801;-52.7757;43.3431;33.127;8.5;2572.44;5.11093;0;0;0.1;0.01;0;5.24166;1;0;-1
0;802;-51.6417;60.0638;33.9759;8.5;2572.44;5.11093;0;0;0.1;0.01;0;4.24008;1;0;-1
0;803;-35.6443;-85.3977;34.2808;10.1766;4414.65;6.11904;0;0;0.1;0.01;0;3.63726;0;0;-1
0;804;-38.0019;-66.3757;31.2863;8.5;2572.44;5.11093;0;0;0.1;0.01;0;4.55978;1;0;-1
0;805;-37.9461;-47.2926;33.1283;9.74583;3877.44;5.86003;0;0;0.1;0.01;0;5.96605;0;0;-1
0;806;-34.4746;-33.0303;33.0269;10.2533;4515.23;6.16516;0;0;0.1;0.01;0;6.52064;0;0;-1
0;807;-35.173;-16.2779;32.7141;8.8572;2910.57;5.32571;0;0;0.1;0.01;0;4.13011;0;0;-1
0;808;-35.3363;2.9794;32.2962;8.80953;2863.83;5.29704;0;0;0.1;0.01;0;4.53423;0;0;-1
0;809;-38.305;17.6709;32.7599;8.96634;3019.49;5.39133;0;0;0.1;0.01;0;4.90114;0;0;-1
0;810;-36.979;37.9434;31.6612;9.65063;3764.92;5.80278;0;0;0.1;0.01;0;6.08426;0;0;-1
0;811;-36.8455;52.4708;32.4167;8.9865;3039.91;5.40345;0;0;0.1;0.01;0;5.22574;0;0;-1
0;812;-37.9024;69.1938;32.1229;8.5;2572.44;5.11093;0;0;0.1;0.01;0;3.35771;1;0;-1
0;813;-20.9677;-91.0254;34.0247;9.86408;4020.3;5.93113;0;0;0.1;0.01;0;3.76511;0;0;-1
0;814;-22.9266;-74.3033;32.2309;8.5;2572.44;5.11093;0;0;0.1;0.01;0;5.11881;1;0;-1
0;815;-22.8385;-57.0525;34.4205;8.61747;2680.57;5.18156;0;0;0.1;0.01;0;4.5849;0;0;-1
0;816;-21.8591;-42.7413;31.895;8.61331;2676.69;5.17906;0;0;0.1;0.01;0;5.6795;0;0;-1
0;817;-20.431;-21.6643;31.3793;8.5;2572.44;5.11093;0;0;0.1;0.01;0;3.95913;1;0;-1
0;818;-20.9569;-4.75499;34.0479;9.37895;3455.82;5.63943;0;0;0.1;0.01;0;5.90092;0;0;-1
0;819;-21.7896;11.1931;31.645;8.93559;2988.53;5.37284;0;0;0.1;0.01;0;5.87672;0;0;-1
0;820;-22.9979;29.3692;33.783;9.49202;3582.32;5.70741;0;0;0.1;0.01;0;5.55446;0;0;-1
0;821;-20.7399;44.2997;33.8105;9.19925;3260.96;5.53138;0;0;0.1;0.01;0;6.29476;0;0;-1
0;822;-20.4336;59.6995;30.9814;8.65751;2718.11;5.20564;0;0;0.1;0.01;0;5.12191;0;0;-1
0;823;-21.7688;76.7147;32.6711;10.0526;4255.24;6.04448;0;0;0.1;0.01;0;4.73959;0;0;-1
0;824;-6.81812;-81.4823;33.0081;10.2345;4490.44;6.15386;0;0;0.1;0.01;0;5.73661;0;0;-1
0;825;-7.5794;-65.8504;32.0405;9.11861;3175.96;5.48289;0;0;0.1;0.01;0;4.8518;0;0;-1
0;826;-8.80684;-46.941;30.7991;9.1191;3176.47;5.48318;0;0;0.1;0.01;0;5.15053;0;0;-1
0;827;-5.45946;-32.6288;31.1703;8.5;2572.44;5.11093;0;0;0.1;0.01;0;4.74338;1;0;-1
0;828;-8.84359;-13.1785;31.5882;10.4144;4731.42;6.26203;0;0;0.1;0.01;0;6.59191;0;0;-1
0;829;-7.46443;3.4773;31.9547;9.30981;3379.96;5.59785;0;0;0.1;0.01;0;6.08616;0;0;-1
0;830;-6.85379;21.0021;33.6346;10.0649;4270.88;6.05188;0;0;0.1;0.01;0;5.67523;0;0;-1
0;831;-7.48233;37.7961;34.0847;9.13604;3194.2;5.49337;0;0;0.1;0.01;0;6.14236;0;0;-1
0;832;-5.84893;51.7237;33.6903;8.5;2572.44;5.11093;0;0;0.1;0.01;0;5.49176;1;0;-1
0;833;-7.20219;69.7835;32.3998;8.73803;2794.66;5.25405;0;0;0.1;0.01;0;4.35023;0;0;-1
0;834;-6.78112;88.6467;31.1305;8.56897;2635.57;5.1524;0;0;0.1;0.01;0;2.17055;0;0;-1
0;835;8.24577;-89.44;34.6616;8.757;2812.9;5.26546;0;0;0.1;0.01;0;3.18157;0;0;-1
0;836;7.70569;-74.4726;32.4961;10.4534;4784.77;6.28548;0;0;0.1;0.01;0;7.03345;0;0;-1
0;837;6.33996;-58.9462;31.8178;8.79873;2853.31;5.29055;0;0;0.1;0.01;0;5.10282;0;0;-1
0;838;8.48868;-42.9166;33.2038;10.0561;4259.68;6.04659;0;0;0.1;0.01;0;6.75201;0;0;-1
0;839;6.86456;-23.8826;32.7522;8.90408;2957.03;5.35389;0;0;0.1;0.01;0;4.87988;0;0;-1
0;840;7.21211;-6.04747;33.7211;9.87605;4034.95;5.93833;0;0;0.1;0.01;0;6.05203;0;0;-1
0;841;5.64881;8.79187;34.3822;9.10205;3158.68;5.47293;0;0;0.1;0.01;0;4.74245;0;0;-1
0;842;8.34206;27.8166;31.0448;9.25309;3318.55;5.56375;0;0;0.1;0.01;0;5.15916;0;0;-1
0;843;6.79069;42.8923;30.5893;10.1876;4428.99;6.12566;0;0;0.1;0.01;0;6.42148;0;0;-1
0;844;8.63592;61.5715;30.9007;8.68436;2743.48;5.22178;0;0;0.1;0.01;0;4.75668;0;0;-1
0;845;9.11912;78.936;31.9037;9.46328;3549.88;5.69013;0;0;0.1;0.01;0;4.70477;0;0;-1
0;846;23.1414;-82.6632;33.8593;9.93443;4106.93;5.97343;0;0;0.1;0.01;0;4.76689;0;0;-1
0;847;22.6502;-67.9671;33.0058;9.85623;4010.71;5.92641;0;0;0.1;0.01;0;5.40295;0;0;-1
0;848;23.8701;-47.7352;33.3868;8.90151;2954.47;5.35235;0;0;0.1;0.01;0;5.89625;0;0;-1
0;849;21.1371;-32.2885;32.4682;10.1635;4397.63;6.11117;0;0;0.1;0.01;0;7.03884;0;0;-1
0;850;22.1174;-14.0056;32.2182;10.1553;4386.99;6.10623;0;0;0.1;0.01;0;6.79639;0;0;-1
0;851;22.3356;0.481789;30.9415;8.92445;2977.37;5.36614;0;0;0.1;0.01;0;5.12752;0;0;-1
0;852;23.0075;19.3364;30.4842;9.06881;3124.2;5.45294;0;0;0.1;0.01;0;4.82463;0;0;-1
0;853;22.1081;37.5586;33.9901;9.3486;3422.38;5.62118;0;0;0.1;0.01;0;5.73736;0;0;-1
0;854;23.7961;51.3885;32.5691;9.90615;4071.96;5.95642;0;0;0.1;0.01;0;6.81468;0;0;-1
0;855;22.3252;68.757;31.0008;8.75237;2808.44;5.26267;0;0;0.1;0.01;0;5.90411;0;0;-1
0;856;20.8545;89.3925;34.2233;9.34689;3420.5;5.62015;0;0;0.1;0.01;0;1.60157;0;0;-1
0;857;35.7843;-74.7243;32.7964;8.5;2572.44;5.11093;0;0;0.1;0.01;0;3.42676;1;0;-1
0;858;37.1887;-55.0863;32.842;9.55435;3653.36;5.74489;0;0;0.1;0.01;0;5.76155;0;0;-1
0;859;35.5751;-38.4168;30.8914;8.5;2572.44;5.11093;0;0;0.1;0.01;0;5.30856;1;0;-1
0;860;37.5;-21.9835;32.1838;8.5;2572.44;5.11093;0;0;0.1;0.01;0;4.75536;1;0;-1
0;861;35.8991;-4.81081;33.206;9.17157;3231.62;5.51473;0;0;0.1;0.01;0;5.72609;0;0;-1
0;862;38.739;9.35244;32.4842;8.59517;2659.82;5.16815;0;0;0.1;0.01;0;4.91413;0;0;-1
0;863;38.1057;25.5626;32.9993;9.81869;3965.06;5.90384;0;0;0.1;0.01;0;5.59368;0;0;-1
0;864;38.3511;43.1668;33.0923;9.76301;3897.98;5.87036;0;0;0.1;0.01;0;6.02026;0;0;-1
0;865;35.379;61.8644;33.7042;9.76121;3895.83;5.86927;0;0;0.1;0.01;0;6.62614;0;0;-1
0;866;36.8577;77.2501;32.1602;10.0224;4217;6.02632;0;0;0.1;0.01;0;5.23645;0;0;-1
0;867;52.8313;-64.6656;31.9357;9.06145;3116.6;5.44852;0;0;0.1;0.01;0;3.97349;0;0;-1
0;868;53.1676;-49.3376;32.1254;9.43641;3519.73;5.67398;0;0;0.1;0.01;0;5.65666;0;0;-1
0;869;52.0712;-33.3866;32.4039;9.52844;3623.71;5.72931;0;0;0.1;0.01;0;6.14031;0;0;-1
0;870;51.5472;-17.3175;31.5961;9.93219;4104.15;5.97208;0;0;0.1;0.01;0;6.32025;0;0;-1
0;871;53.2124;0.916615;33.8732;10.0205;4214.6;6.02518;0;0;0.1;0.01;0;6.86762;0;0;-1
0;872;52.4603;17.8206;33.39;8.9672;3020.36;5.39185;0;0;0.1;0.01;0;6.01537;0;0;-1
0;873;53.4723;38.1473;32.2361;8.9671;3020.26;5.39179;0;0;0.1;0.01;0;6.03595;0;0;-1
0;874;53.2659;53.1797;33.324;9.60563;3712.5;5.77573;0;0;0.1;0.01;0;6.96897;0;0;-1
0;875;51.425;68.3296;32.4164;9.14929;3208.12;5.50134;0;0;0.1;0.01;0;4.86866;0;0;-1
0;876;67.2599;-58.0692;32.4297;8.83388;2887.64;5.31168;0;0;0.1;0.01;0;3.2923;0;0;-1
0;877;67.6932;-38.601;31.5507;9.31078;3381.01;5.59844;0;0;0.1;0.01;0;5.34707;0;0;-1
0;878;66.3883;-21.8174;31.9638;9.12977;3187.63;5.4896;0;0;0.1;0.01;0;5.27256;0;0;-1
0;879;66.9413;-4.77073;32.6266;9.85842;4013.38;5.92772;0;0;0.1;0.01;0;5.72572;0;0;-1
0;880;67.2103;10.3558;32.9738;8.94914;3002.15;5.38099;0;0;0.1;0.01;0;6.55135;0;0;-1
0;881;66.2086;28.012;33.7908;8.61621;2679.4;5.1808;0;0;0.1;0.01;0;5.82073;0;0;-1
0;882;67.3127;45.6451;31.0871;9.11558;3172.79;5.48107;0;0;0.1;0.01;0;6.46687;0;0;-1
0;883;67.015;59.5006;32.0766;9.87652;4035.53;5.93861;0;0;0.1;0.01;0;4.75443;0;0;-1
0;884;79.9431;-30.2578;33.831;9.91075;4077.63;5.95919;0;0;0.1;0.01;0;4.39811;0;0;-1
0;885;80.1766;-15.9648;30.721;8.8039;2858.34;5.29366;0;0;0.1;0.01;0;4.50553;0;0;-1
0;886;79.659;3.68695;33.5512;10.0827;4293.58;6.06258;0;0;0.1;0.01;0;4.94768;0;0;-1
0;887;80.7171;19.7037;34.1934;8.73611;2792.82;5.2529;0;0;0.1;0.01;0;3.84858;0;0;-1
0;888;80.5446;33.6399;31.9228;8.98096;3034.29;5.40012;0;0;0.1;0.01;0;4.25606;0;0;-1
0;889;-86.3538;-6.44602;47.2363;9.7781;3916.08;5.87943;0;0;0.1;0.01;0;3.2453;0;0;-1
0;890;-85.6627;9.85296;47.7993;10.4049;4718.48;6.25632;0;0;0.1;0.01;0;3.02325;0;0;-1
0;891;-69.0206;-49.9809;48.7944;10.4318;4755.17;6.27249;0;0;0.1;0.01;0;2.88077;0;0;-1
0;892;-69.3923;-33.7472;47.9812;8.5;2572.44;5.11093;0;0;0.1;0.01;0;4.09493;1;0;-1
0;893;-69.3637;-13.3661;47.6956;9.91875;4087.52;5.964;0;0;0.1;0.01;0;5.72689;0;0;-1
0;894;-71.5151;0.835519;46.7835;8.91111;2964.04;5.35812;0;0;0.1;0.01;0;5.62164;0;0;-1
0;895;-68.5679;18.0383;47.0499;8.75571;2811.66;5.26468;0;0;0.1;0.01;0;3.93403;0;0;-1
0;896;-70.5799;36.4598;49.3647;9.25688;3322.63;5.56603;0;0;0.1;0.01;0;1.72443;0;0;-1
0;897;-56.638;-59.6051;46.1501;8.92538;2978.3;5.3667;0;0;0.1;0.01;0;4.10197;0;0;-1
0;898;-57.0546;-39.1327;47.6038;9.30218;3371.65;5.59327;0;0;0.1;0.01;0;5.77771;0;0;-1
0;899;-57.053;-23.2649;47.2559;8.5;2572.44;5.11093;0;0;0.1;0.01;0;5.45118;1;0;-1
0;900;-56.8231;-6.91425;48.8107;9.56046;3660.37;5.74857;0;0;0.1;0.01;0;5.9059;0;0;-1
0;901;-54.5983;12.7592;45.9897;8.6949;2753.48;5.22812;0;0;0.1;0.01;0;4.41976;0;0;-1
0;902;-57.7045;29.7412;45.9842;8.5;2572.44;5.11093;0;0;0.1;0.01;0;4.65922;1;0;-1
0;903;-56.3015;45.9415;47.0312;8.5;2572.44;5.11093;0;0;0.1;0.01;0;4.4595;1;0;-1
0;904;-54.4431;61.3009;46.4107;8.73256;2789.42;5.25076;0;0;0.1;0.01;0;3.49896;0;0;-1
0;905;-40.6497;-64.3866;45.8774;8.77308;2828.43;5.27513;0;0;0.1;0.01;0;3.66509;0;0;-1
0;906;-40.4046;-50.5769;48.2089;9.14813;3206.9;5.50064;0;0;0.1;0.01;0;5.15886;0;0;-1
0;907;-43.1988;-30.0705;46.0934;10.1709;4407.24;6.11561;0;0;0.1;0.01;0;6.05213;0;0;-1
0;908;-41.506;-14.2949;49.0812;8.5;2572.44;5.11093;0;0;0.1;0.01;0;4.98838;1;0;-1
0;909;-41.6428;0.772435;49.2631;8.65928;2719.78;5.2067;0;0;0.1;0.01;0;4.59974;0;0;-1
0;910;-42.0965;16.7778;48.2717;10.2808;4551.66;6.1817;0;0;0.1;0.01;0;5.92242;0;0;-1
0;911;-42.3278;35.877;45.2265;8.59133;2656.26;5.16584;0;0;0.1;0.01;0;4.94957;0;0;-1
0;912;-41.2173;53.2392;48.9028;10.1348;4360.48;6.09391;0;0;0.1;0.01;0;6.53575;0;0;-1
0;913;-42.4851;69.7211;48.0977;9.85071;4003.97;5.92309;0;0;0.1;0.01;0;4.2373;0;0;-1
0;914;-27.8277;-76.7414;46.7393;9.0812;3137.03;5.46039;0;0;0.1;0.01;0;2.96229;0;0;-1
0;915;-26.1692;-55.5066;48.3176;8.59395;2658.69;5.16742;0;0;0.1;0.01;0;5.9954;0;0;-1
0;916;-27.6844;-41.4906;46.5307;9.63897;3751.29;5.79577;0;0;0.1;0.01;0;7.57656;0;0;-1
0;917;-28.0325;-24.2554;49.4413;8.5;2572.44;5.11093;0;0;0.1;0.01;0;4.80342;1;0;-1
0;918;-25.7026;-8.7943;47.326;8.5;2572.44;5.11093;0;0;0.1;0.01;0;4.63696;1;0;-1
0;919;-26.6725;12.0285;46.5425;9.92574;4096.16;5.9682;0;0;0.1;0.01;0;5.77769;0;0;-1
0;920;-26.9582;29.584;48.5571;10.2075;4454.99;6.13762;0;0;0.1;0.01;0;7.0628;0;0;-1
0;921;-26.354;45.1534;48.8388;9.22863;3292.31;5.54904;0;0;0.1;0.01;0;6.11806;0;0;-1
0;922;-25.8927;60.8809;46.519;10.3198;4603.65;6.20515;0;0;0.1;0.01;0;6.87322;0;0;-1
0;923;-25.5727;79.3391;48.4997;9.1597;3219.08;5.50759;0;0;0.1;0.01;0;3.1755;0;0;-1
0;924;-12.3609;-80.79;46.0182;8.874;2927.16;5.33581;0;0;0.1;0.01;0;3.07031;0;0;-1
0;925;-11.8851;-64.6865;47.9625;8.62741;2689.86;5.18754;0;0;0.1;0.01;0;4.45685;0;0;-1
0;926;-13.4921;-47.9742;46.5729;10.3686;4669.27;6.23449;0;0;0.1;0.01;0;7.52089;0;0;-1
0;927;-12.6922;-33.5704;49.1075;10.005;4195.08;6.01586;0;0;0.1;0.01;0;5.8817;0;0;-1
0;928;-11.4122;-13.8826;48.6913;9.93402;4106.42;5.97318;0;0;0.1;0.01;0;6.77092;0;0;-1
0;929;-11.0353;0.270516;46.1071;9.49154;3581.78;5.70713;0;0;0.1;0.01;0;6.65077;0;0;-1
0;930;-13.1746;19.5122;47.8643;10.0132;4205.4;6.02079;0;0;0.1;0.01;0;6.25898;0;0;-1
0;931;-11.2553;37.0954;49.0564;8.84922;2902.71;5.32091;0;0;0.1;0.01;0;6.45131;0;0;-1
0;932;-12.1998;52.5429;48.7861;9.02879;3083.03;5.42888;0;0;0.1;0.01;0;7.20868;0;0;-1
0;933;-11.7514;69.7925;48.0776;10.1432;4371.33;6.09896;0;0;0.1;0.01;0;5.86767;0;0;-1
0;934;-12.8191;86.6165;47.9925;8.5;2572.44;5.11093;0;0;0.1;0.01;0;1.66564;1;0;-1
0;935;2.05709;-73.1416;45.8832;8.5;2572.44;5.11093;0;0;0.1;0.01;0;4.91197;1;0;-1
0;936;1.61533;-59.4352;46.6239;8.99434;3047.87;5.40817;0;0;0.1;0.01;0;5.60862;0;0;-1
0;937;2.35556;-42.278;46.9572;9.40872;3488.83;5.65733;0;0;0.1;0.01;0;5.65205;0;0;-1
0;938;1.44618;-22.4073;48.5066;9.3869;3464.62;5.64421;0;0;0.1;0.01;0;5.8212;0;0;-1
0;939;4.30951;-5.38856;49.0443;9.50215;3593.8;5.7135;0;0;0.1;0.01;0;6.81238;0;0;-1
0;940;3.22124;8.86577;49.2363;9.40384;3483.41;5.65439;0;0;0.1;0.01;0;5.80989;0;0;-1
0;941;1.82292;29.6396;47.3284;8.5;2572.44;5.11093;0;0;0.1;0.01;0;5.05183;1;0;-1
0;942;1.08573;45.5395;47.5995;8.53776;2606.88;5.13363;0;0;0.1;0.01;0;6.17196;0;0;-1
0;943;1.48576;60.6219;45.6734;9.03964;3094.15;5.4354;0;0;0.1;0.01;0;5.43693;0;0;-1
0;944;4.93329;79.7288;48.6603;10.1102;4328.8;6.07912;0;0;0.1;0.01;0;3.00541;0;0;-1
0;945;18.9281;-84.4739;48.8909;8.82496;2878.9;5.30632;0;0;0.1;0.01;0;1.95516;0;0;-1
0;946;18.2823;-65.9342;46.7083;9.13393;3191.99;5.4921;0;0;0.1;0.01;0;4.69468;0;0;-1
0;947;16.93;-49.4164;46.283;8.5;2572.44;5.11093;0;0;0.1;0.01;0;4.61319;1;0;-1
0;948;19.3962;-34.3991;45.933;10.2763;4545.68;6.17899;0;0;0.1;0.01;0;6.56719;0;0;-1
0;949;16.1462;-14.8596;48.4571;9.22523;3288.67;5.547;0;0;0.1;0.01;0;6.34213;0;0;-1
0;950;18.778;1.80616;48.5196;8.50641;2578.26;5.11478;0;0;0.1;0.01;0;5.65819;0;0;-1
0;951;17.39;17.4874;46.7726;9.55479;3653.86;5.74516;0;0;0.1;0.01;0;5.23436;0;0;-1
0;952;16.0206;36.3963;49.0123;8.5;2572.44;5.11093;0;0;0.1;0.01;0;4.95331;1;0;-1
0;953;19.242;50.8477;45.5615;9.03341;3087.76;5.43166;0;0;0.1;0.01;0;5.11177;0;0;-1
0;954;17.4142;71.0991;46.7946;9.52319;3617.73;5.72616;0;0;0.1;0.01;0;4.54299;0;0;-1
0;955;33.2081;-74.2747;48.7905;8.9766;3029.87;5.3975;0;0;0.1;0.01;0;3.24525;0;0;-1
0;956;33.1116;-57.1351;47.8298;9.60965;3717.16;5.77814;0;0;0.1;0.01;0;6.04775;0;0;-1
0;957;33.4753;-39.2137;45.8238;9.85133;4004.73;5.92346;0;0;0.1;0.01;0;6.54205;0;0;-1
0;958;30.7974;-22.513;46.1725;9.98303;4167.5;6.00265;0;0;0.1;0.01;0;6.38849;0;0;-1
0;959;31.9839;-5.04158;47.7714;9.48791;3577.67;5.70494;0;0;0.1;0.01;0;5.83295;0;0;-1
0;960;33.2566;12.0673;47.6387;9.44032;3524.1;5.67633;0;0;0.1;0.01;0;5.47797;0;0;-1
0;961;30.6858;25.7852;46.9799;9.75134;3884.02;5.86334;0;0;0.1;0.01;0;6.52804;0;0;-1
0;962;32.7075;43.205;48.515;8.95476;3007.81;5.38437;0;0;0.1;0.01;0;6.11704;0;0;-1
0;963;31.8858;59.3297;48.6105;9.99243;4179.28;6.0083;0;0;0.1;0.01;0;6.93122;0;0;-1
0;964;30.9314;76.2508;47.6982;9.44588;3530.33;5.67967;0;0;0.1;0.01;0;4.12562;0;0;-1
0;965;45.9663;-63.7049;46.5665;8.50235;2574.57;5.11234;0;0;0.1;0.01;0;3.31004;0;0;-1
0;966;46.1756;-47.4745;47.572;10.2055;4452.37;6.13642;0;0;0.1;0.01;0;6.42904;0;0;-1
0;967;47.6499;-31.4613;46.2939;8.5;2572.44;5.11093;0;0;0.1;0.01;0;5.04373;1;0;-1
0;968;45.2323;-13.9418;49.029;9.26855;3335.22;5.57304;0;0;0.1;0.01;0;5.88897;0;0;-1
0;969;45.9018;-0.223947;45.3773;8.5;2572.44;5.11093;0;0;0.1;0.01;0;5.34597;1;0;-1
0;970;47.7151;20.7873;46.8835;10.0206;4214.73;6.02524;0;0;0.1;0.01;0;7.1669;0;0;-1
0;971;45.3009;36.6199;48.5896;9.44979;3534.72;5.68202;0;0;0.1;0.01;0;6.80145;0;0;-1
0;972;46.4698;54.7684;49.1024;9.69619;3818.49;5.83018;0;0;0.1;0.01;0;5.88065;0;0;-1
0;973;45.6641;72.0075;48.4191;9.86394;4020.13;5.93104;0;0;0.1;0.01;0;3.34185;0;0;-1
0;974;63.7057;-58.7668;46.482;8.74716;2803.43;5.25954;0;0;0.1;0.01;0;2.38227;0;0;-1
0;975;62.0117;-42.3751;47.6458;9.36522;3440.67;5.63117;0;0;0.1;0.01;0;5.0492;0;0;-1
0;976;59.8903;-24.0721;48.5205;8.5;2572.44;5.11093;0;0;0.1;0.01;0;4.86083;1;0;-1
0;977;63.6066;-8.69786;46.8186;10.1425;4370.42;6.09854;0;0;0.1;0.01;0;6.67397;0;0;-1
0;978;60.6631;8.1328;47.1497;9.86993;4027.46;5.93465;0;0;0.1;0.01;0;6.38308;0;0;-1
0;979;61.5205;26.8076;46.1118;9.90075;4065.3;5.95318;0;0;0.1;0.01;0;6.42684;0;0;-1
0;980;60.1715;43.6485;46.0401;10.1384;4365.13;6.09607;0;0;0.1;0.01;0;6.24421;0;0;-1
0;981;61.1685;61.0047;46.9954;9.12844;3186.24;5.4888;0;0;0.1;0.01;0;3.75889;0;0;-1
0;982;77.2941;-30.3712;48.6455;8.61289;2676.3;5.17881;0;0;0.1;0.01;0;2.62253;0;0;-1
0;983;77.128;-17.1016;47.7285;8.5;2572.44;5.11093;0;0;0.1;0.01;0;3.16262;1;0;-1
0;984;75.5654;1.83073;46.5471;9.84126;3992.46;5.91741;0;0;0.1;0.01;0;5.04695;0;0;-1
0;985;78.6882;17.3394;48.7983;10.0526;4255.24;6.04448;0;0;0.1;0.01;0;4.18665;0;0;-1
0;986;75.2834;34.6952;45.9208;10.2898;4563.62;6.18711;0;0;0.1;0.01;0;4.40772;0;0;-1
0;987;-65.6121;-30.2906;62.2614;8.57744;2643.39;5.15749;0;0;0.1;0.01;0;3.43656;0;0;-1
0;988;-66.5769;-15.4245;63.5456;8.87947;2932.58;5.3391;0;0;0.1;0.01;0;3.54101;0;0;-1
0;989;-66.6928;0.546808;61.3382;8.52153;2592.04;5.12387;0;0;0.1;0.01;0;3.47977;0;0;-1
0;990;-66.1523;19.5109;63.935;9.60852;3715.85;5.77746;0;0;0.1;0.01;0;3.35503;0;0;-1
0;991;-51.8206;-58.4799;60.4512;9.06277;3117.97;5.44931;0;0;0.1;0.01;0;2.13717;0;0;-1
0;992;-51.4193;-38.7564;63.6275;10.4312;4754.35;6.27213;0;0;0.1;0.01;0;5.19769;0;0;-1
0;993;-50.7454;-24.5022;63.3065;8.99047;3043.94;5.40584;0;0;0.1;0.01;0;6.41105;0;0;-1
0;994;-52.7061;-8.79081;61.3376;8.75928;2815.1;5.26683;0;0;0.1;0.01;0;4.57378;0;0;-1
0;995;-53.4876;10.3282;61.6459;10.3467;4639.75;6.22132;0;0;0.1;0.01;0;5.60356;0;0;-1
0;996;-53.0244;27.1232;62.1042;8.5119;2583.26;5.11808;0;0;0.1;0.01;0;4.04135;0;0;-1
0;997;-51.7505;46.5256;61.8038;9.49673;3587.66;5.71025;0;0;0.1;0.01;0;3.02726;0;0;-1
0;998;-36.3725;-47.5543;60.5214;9.31429;3384.84;5.60055;0;0;0.1;0.01;0;6.18488;0;0;-1
0;999;-36.9156;-33.169;64.1664;8.56914;2635.73;5.1525;0;0;0.1;0.01;0;5.8918;0;0;-1
0;1000;-35.4723;-15.6548;62.6744;9.77893;3917.08;5.87993;0;0;0.1;0.01;0;6.62088;0;0;-1
0;1001;-36.1645;1.45812;63.9634;8.73934;2795.92;5.25484;0;0;0.1;0.01;0;4.87387;0;0;-1
0;1002;-35.0659;19.5908;62.2246;8.80965;2863.94;5.29711;0;0;0.1;0.01;0;5.88833;0;0;-1
0;1003;-35.2262;37.0913;60.6635;9.96828;4149.06;5.99378;0;0;0.1;0.01;0;6.2924;0;0;-1
0;1004;-38.3049;52.2627;63.842;9.47991;3568.63;5.70013;0;0;0.1;0.01;0;3.94474;0;0;-1
0;1005;-38.3134;67.9561;60.6957;9.61487;3723.22;5.78128;0;0;0.1;0.01;0;3.18448;0;0;-1
0;1006;-21.3199;-73.2316;63.7635;8.5;2572.44;5.11093;0;0;0.1;0.01;0;1.71389;1;0;-1
0;1007;-23.2913;-57.0294;62.2457;10.4;4711.82;6.25337;0;0;0.1;0.01;0;6.18705;0;0;-1
0;1008;-22.2396;-40.8633;61.3917;10.2717;4539.58;6.17622;0;0;0.1;0.01;0;8.02994;0;0;-1
0;1009;-21.3041;-22.7361;63.6597;8.53442;2603.82;5.13162;0;0;0.1;0.01;0;6.24307;0;0;-1
0;1010;-21.9737;-5.56867;62.1265;10.3597;4657.26;6.22914;0;0;0.1;0.01;0;6.43791;0;0;-1
0;1011;-22.1174;10.5238;60.8544;8.5;2572.44;5.11093;0;0;0.1;0.01;0;3.63338;1;0;-1
0;1012;-23.7865;26.8063;63.5251;9.01866;3072.66;5.42279;0;0;0.1;0.01;0;4.69405;0;0;-1
0;1013;-22.4074;44.4778;62.81;9.87176;4029.7;5.93575;0;0;0.1;0.01;0;6.7724;0;0;-1
0;1014;-21.8307;59.7012;60.1763;8.81698;2871.1;5.30152;0;0;0.1;0.01;0;5.43905;0;0;-1
0;1015;-7.873;-67.6925;60.346;8.52518;2595.37;5.12607;0;0;0.1;0.01;0;3.89217;0;0;-1
0;1016;-7.87187;-47.7063;63.1297;10.2311;4485.96;6.15181;0;0;0.1;0.01;0;6.71493;0;0;-1
0;1017;-5.56391;-29.8849;63.3952;9.05885;3113.92;5.44696;0;0;0.1;0.01;0;6.57586;0;0;-1
0;1018;-6.85582;-15.3331;60.9699;8.54701;2615.36;5.13919;0;0;0.1;0.01;0;6.62566;0;0;-1
0;1019;-8.78552;0.62014;60.7718;8.5;2572.44;5.11093;0;0;0.1;0.01;0;4.71373;1;0;-1
0;1020;-6.95412;20.8299;60.3891;8.92528;2978.2;5.36664;0;0;0.1;0.01;0;4.61737;0;0;-1
0;1021;-8.83212;36.0072;63.5763;9.68264;3802.51;5.82203;0;0;0.1;0.01;0;7.04905;0;0;-1
0;1022;-6.47469;52.1449;61.0321;9.64341;3756.48;5.79844;0;0;0.1;0.01;0;7.58173;0;0;-1
0;1023;-7.43159;67.6707;60.8764;10.3052;4584.14;6.19637;0;0;0.1;0.01;0;4.93577;0;0;-1
0;1024;5.31675;-73.774;61.9515;8.5;2572.44;5.11093;0;0;0.1;0.01;0;2.23657;1;0;-1
0;1025;6.87137;-57.4071;62.3013;10.176;4413.87;6.11868;0;0;0.1;0.01;0;5.81559;0;0;-1
0;1026;7.7392;-39.3507;61.0307;8.5;2572.44;5.11093;0;0;0.1;0.01;0;4.5508;1;0;-1
0;1027;6.38097;-22.6915;62.346;9.92312;4092.92;5.96663;0;0;0.1;0.01;0;6.71084;0;0;-1
0;1028;9.17397;-6.3736;62.4693;10.2402;4497.94;6.15728;0;0;0.1;0.01;0;6.85717;0;0;-1
0;1029;8.78023;12.1979;62.2417;8.66534;2725.5;5.21034;0;0;0.1;0.01;0;4.78757;0;0;-1
0;1030;7.91642;26.3223;63.4079;8.5;2572.44;5.11093;0;0;0.1;0.01;0;5.49468;1;0;-1
0;1031;7.42286;42.0697;60.0838;10.2988;4575.6;6.19252;0;0;0.1;0.01;0;6.63415;0;0;-1
0;1032;6.639;63.0838;63.2876;9.3194;3390.41;5.60362;0;0;0.1;0.01;0;4.62267;0;0;-1
0;1033;21.3052;-63.8651;60.9611;8.5;2572.44;5.11093;0;0;0.1;0.01;0;3.70106;1;0;-1
0;1034;23.254;-50.2965;61.9504;8.5;2572.44;5.11093;0;0;0.1;0.01;0;4.4332;1;0;-1
0;1035;20.9361;-32.3631;61.0328;8.5;2572.44;5.11093;0;0;0.1;0.01;0;3.83224;1;0;-1
0;1036;24.213;-12.6675;60.3675;8.5;2572.44;5.11093;0;0;0.1;0.01;0;5.40533;1;0;-1
0;1037;20.6093;2.95375;61.781;8.5;2572.44;5.11093;0;0;0.1;0.01;0;5.06451;1;0;-1
0;1038;23.0823;19.7972;63.7368;10.3275;4613.96;6.20978;0;0;0.1;0.01;0;7.34169;0;0;-1
0;1039;21.9257;37.839;63.148;8.70203;2760.26;5.2324;0;0;0.1;0.01;0;5.68685;0;0;-1
0;1040;21.5795;53.1577;60.4187;8.5;2572.44;5.11093;0;0;0.1;0.01;0;5.29548;1;0;-1
0;1041;22.135;69.1051;61.3883;9.0674;3122.75;5.4521;0;0;0.1;0.01;0;3.39173;0;0;-1
0;1042;34.6659;-59.7306;63.5346;8.5;2572.44;5.11093;0;0;0.1;0.01;0;2.17506;1;0;-1
0;1043;36.1586;-39.3401;62.5722;9.23923;3303.66;5.55541;0;0;0.1;0.01;0;4.51214;0;0;-1
0;1044;38.1818;-22.8144;61.8962;8.81792;2872.02;5.30209;0;0;0.1;0.01;0;4.89394;0;0;-1
0;1045;35.7932;-5.05891;62.6104;8.95321;3006.25;5.38344;0;0;0.1;0.01;0;4.80254;0;0;-1
0;1046;38.2667;12.2855;61.3822;9.45337;3538.74;5.68417;0;0;0.1;0.01;0;5.647;0;0;-1
0;1047;37.9544;26.2084;60.2544;8.5;2572.44;5.11093;0;0;0.1;0.01;0;6.73343;1;0;-1
0;1048;35.5248;43.3584;63.5191;9.23679;3301.05;5.55395;0;0;0.1;0.01;0;5.62953;0;0;-1
0;1049;38.6612;60.4723;63.3816;9.72555;3853.28;5.84783;0;0;0.1;0.01;0;3.94739;0;0;-1
0;1050;53.4558;-48.7331;61.7469;9.52246;3616.9;5.72572;0;0;0.1;0.01;0;3.22371;0;0;-1
0;1051;50.3665;-33.3893;60.8845;8.5;2572.44;5.11093;0;0;0.1;0.01;0;4.87621;1;0;-1
0;1052;51.0246;-15.2819;62.1417;9.58171;3684.83;5.76134;0;0;0.1;0.01;0;5.69783;0;0;-1
0;1053;50.0327;0.792814;62.6994;8.5;2572.44;5.11093;0;0;0.1;0.01;0;4.12879;1;0;-1
0;1054;50.5512;20.6966;60.9284;8.5;2572.44;5.11093;0;0;0.1;0.01;0;5.72289;1;0;-1
0;1055;50.8713;34.8037;61.8135;9.8158;3961.56;5.9021;0;0;0.1;0.01;0;6.01887;0;0;-1
0;1056;53.6944;53.0062;62.7366;10.1404;4367.71;6.09728;0;0;0.1;0.01;0;3.14253;0;0;-1
0;1057;67.0782;-40.8616;60.895;10.4293;4751.76;6.27099;0;0;0.1;0.01;0;2.85152;0;0;-1
0;1058;64.4559;-21.5147;62.142;8.5;2572.44;5.11093;0;0;0.1;0.01;0;2.95835;1;0;-1
0;1059;64.4423;-5.43899;61.8742;8.5;2572.44;5.11093;0;0;0.1;0.01;0;4.08005;1;0;-1
0;1060;66.7701;9.19702;60.6558;9.7064;3830.57;5.83632;0;0;0.1;0.01;0;3.28725;0;0;-1
0;1061;65.1755;25.0282;60.1602;8.80062;2855.15;5.29169;0;0;0.1;0.01;0;2.81983;0;0;-1
0;1062;-54.4229;-23.765;75.9876;9.34551;3418.99;5.61932;0;0;0.1;0.01;0;3.60184;0;0;-1
0;1063;-56.5096;-4.70244;78.7038;8.5;2572.44;5.11093;0;0;0.1;0.01;0;1.66232;1;0;-1
0;1064;-54.9449;10.6806;76.2463;9.32397;3395.4;5.60637;0;0;0.1;0.01;0;3.90501;0;0;-1
0;1065;-56.4411;29.7246;75.0135;10.447;4775.99;6.28163;0;0;0.1;0.01;0;3.23505;0;0;-1
0;1066;-40.0295;-48.9608;77.0276;8.5;2572.44;5.11093;0;0;0.1;0.01;0;2.24579;1;0;-1
0;1067;-42.2484;-30.7978;77.793;8.79456;2849.25;5.28804;0;0;0.1;0.01;0;4.74951;0;0;-1
0;1068;-40.3971;-15.9269;75.0952;9.98709;4172.59;6.00509;0;0;0.1;0.01;0;6.54681;0;0;-1
0;1069;-40.453;2.86944;77.9536;9.51488;3608.27;5.72116;0;0;0.1;0.01;0;5.73015;0;0;-1
0;1070;-41.6353;17.7801;74.6471;8.54694;2615.29;5.13915;0;0;0.1;0.01;0;5.55021;0;0;-1
0;1071;-39.3196;33.6781;76.4779;9.87209;4030.1;5.93594;0;0;0.1;0.01;0;4.14298;0;0;-1
0;1072;-24.3919;-55.162;76.9447;9.73996;3870.44;5.8565;0;0;0.1;0.01;0;3.46726;0;0;-1
0;1073;-26.2711;-40.8511;74.9511;9.02504;3079.19;5.42663;0;0;0.1;0.01;0;5.50602;0;0;-1
0;1074;-27.4713;-23.1561;76.536;10.0637;4269.35;6.05116;0;0;0.1;0.01;0;7.01389;0;0;-1
0;1075;-27.2499;-4.52083;77.8973;9.34698;3420.6;5.6202;0;0;0.1;0.01;0;6.5493;0;0;-1
0;1076;-24.9806;12.2909;77.0468;9.04555;3100.23;5.43896;0;0;0.1;0.01;0;5.7758;0;0;-1
0;1077;-25.7873;26.5287;77.3012;9.31413;3384.66;5.60045;0;0;0.1;0.01;0;5.89834;0;0;-1
0;1078;-25.3425;43.7267;77.7633;9.28589;3353.97;5.58347;0;0;0.1;0.01;0;3.80674;0;0;-1
0;1079;-10.066;-47.8129;76.4004;8.80812;2862.45;5.29619;0;0;0.1;0.01;0;4.92508;0;0;-1
0;1080;-12.4521;-31.1449;76.4177;10.2266;4480.05;6.14911;0;0;0.1;0.01;0;7.47951;0;0;-1
0;1081;-12.8021;-16.1736;74.6162;9.40462;3484.27;5.65486;0;0;0.1;0.01;0;7.35163;0;0;-1
0;1082;-13.5693;0.328848;78.4987;10.2202;4471.64;6.14526;0;0;0.1;0.01;0;6.59471;0;0;-1
0;1083;-11.4813;20.5743;78.3183;8.95194;3004.97;5.38267;0;0;0.1;0.01;0;5.81173;0;0;-1
0;1084;-10.8866;36.508;76.7774;10.0821;4292.81;6.06222;0;0;0.1;0.01;0;7.27573;0;0;-1
0;1085;-11.9898;51.5993;76.3136;9.93362;4105.93;5.97294;0;0;0.1;0.01;0;4.78162;0;0;-1
0;1086;3.54388;-58.8434;76.6027;10.3992;4710.73;6.25289;0;0;0.1;0.01;0;3.37177;0;0;-1
0;1087;1.37338;-42.2288;78.4845;8.5;2572.44;5.11093;0;0;0.1;0.01;0;4.97655;1;0;-1
0;1088;4.76616;-23.2422;76.3351;10.0445;4244.96;6.03961;0;0;0.1;0.01;0;6.80777;0;0;-1
0;1089;1.29833;-7.59232;78.2476;9.92445;4094.57;5.96743;0;0;0.1;0.01;0;6.26856;0;0;-1
0;1090;3.27071;11.4179;77.6393;8.90179;2954.75;5.35252;0;0;0.1;0.01;0;4.54085;0;0;-1
0;1091;1.50333;27.3593;77.7784;9.65841;3774.03;5.80746;0;0;0.1;0.01;0;7.23922;0;0;-1
0;1092;2.54023;42.4949;76.4661;10.3015;4579.2;6.19414;0;0;0.1;0.01;0;6.33578;0;0;-1
0;1093;4.0465;61.3701;76.5673;9.70352;3827.16;5.83459;0;0;0.1;0.01;0;3.29119;0;0;-1
0;1094;16.4731;-49.598;74.9895;8.82222;2876.22;5.30467;0;0;0.1;0.01;0;3.51418;0;0;-1
0;1095;17.4677;-30.7388;77.8448;9.94785;4123.6;5.9815;0;0;0.1;0.01;0;6.04266;0;0;-1
0;1096;18.4983;-13.1217;74.6083;9.11763;3174.93;5.4823;0;0;0.1;0.01;0;6.14104;0;0;-1
0;1097;16.7226;3.34128;76.305;8.78297;2838;5.28107;0;0;0.1;0.01;0;5.25148;0;0;-1
0;1098;18.409;20.1277;76.7558;8.5;2572.44;5.11093;0;0;0.1;0.01;0;5.81073;1;0;-1
0;1099;18.6023;33.9782;76.0131;10.0972;4312.13;6.0713;0;0;0.1;0.01;0;7.30663;0;0;-1
0;1100;18.5674;54.4268;76.1452;9.59276;3697.6;5.76799;0;0;0.1;0.01;0;3.60083;0;0;-1
0;1101;32.5525;-40.2002;76.4283;10.1849;4425.47;6.12403;0;0;0.1;0.01;0;3.81203;0;0;-1
0;1102;31.2491;-22.9456;78.5546;10.1291;4353.13;6.09048;0;0;0.1;0.01;0;5.58344;0;0;-1
0;1103;31.1826;-5.98585;77.344;8.5572;2624.72;5.14532;0;0;0.1;0.01;0;5.20118;0;0;-1
0;1104;32.3753;11.7462;76.1734;9.07028;3125.72;5.45383;0;0;0.1;0.01;0;4.4637;0;0;-1
0;1105;34.5184;28.4107;76.6497;10.3011;4578.67;6.1939;0;0;0.1;0.01;0;5.87477;0;0;-1
0;1106;30.9552;46.4968;78.1587;10.3268;4613.03;6.20935;0;0;0.1;0.01;0;4.16931;0;0;-1
0;1107;49.0857;-30.3976;78.6676;9.26179;3327.92;5.56898;0;0;0.1;0.01;0;1.69034;0;0;-1
0;1108;45.4467;-13.8856;75.3072;8.5304;2600.14;5.12921;0;0;0.1;0.01;0;4.76284;0;0;-1
0;1109;47.4433;0.401458;77.984;8.55106;2619.08;5.14163;0;0;0.1;0.01;0;3.45374;0;0;-1
0;1110;48.3205;20.0372;74.917;9.58572;3689.46;5.76375;0;0;0.1;0.01;0;3.87061;0;0;-1
0;1111;49.0116;36.2404;77.4593;8.5;2572.44;5.11093;0;0;0.1;0.01;0;2.34248;1;0;-1
0;1112;60.4396;-6.10498;78.4474;8.5;2572.44;5.11093;0;0;0.1;0.01;0;1.59401;1;0;-1
0;1113;-36.2719;-15.731;89.6366;9.8315;3980.59;5.91154;0;0;0.1;0.01;0;4.24741;0;0;-1
0;1114;-36.4116;1.56789;91.2403;8.5;2572.44;5.11093;0;0;0.1;0.01;0;3.92229;1;0;-1
0;1115;-38.4458;16.9537;89.8855;10.0141;4206.53;6.02133;0;0;0.1;0.01;0;3.77206;0;0;-1
0;1116;-21.1026;-24.471;90.0453;10.4526;4783.67;6.285;0;0;0.1;0.01;0;4.94965;0;0;-1
0;1117;-23.4176;-6.36319;93.0776;10.0382;4236.98;6.03582;0;0;0.1;0.01;0;4.53958;0;0;-1
0;1118;-22.736;11.6909;89.7653;8.5;2572.44;5.11093;0;0;0.1;0.01;0;4.56595;1;0;-1
0;1119;-21.6275;27.6353;93.3744;10.1704;4406.59;6.11531;0;0;0.1;0.01;0;3.63939;0;0;-1
0;1120;-7.47778;-31.472;90.794;9.99572;4183.41;6.01028;0;0;0.1;0.01;0;4.7464;0;0;-1
0;1121;-8.53107;-14.0107;89.4449;9.49792;3589.01;5.71096;0;0;0.1;0.01;0;6.43332;0;0;-1
0;1122;-6.5113;1.18105;92.6634;9.92513;4095.41;5.96784;0;0;0.1;0.01;0;5.31211;0;0;-1
0;1123;-5.80842;19.1315;93.3208;10.3778;4681.71;6.24002;0;0;0.1;0.01;0;5.37824;0;0;-1
0;1124;-7.61362;35.0372;92.3583;8.5;2572.44;5.11093;0;0;0.1;0.01;0;3.71099;1;0;-1
0;1125;5.41866;-38.5686;92.1441;8.64182;2703.36;5.1962;0;0;0.1;0.01;0;2.7734;0;0;-1
0;1126;6.633;-23.3658;92.1181;9.97299;4154.94;5.99661;0;0;0.1;0.01;0;4.86008;0;0;-1
0;1127;7.32731;-5.04093;91.6094;9.76217;3896.98;5.86985;0;0;0.1;0.01;0;4.37093;0;0;-1
0;1128;6.66332;10.8073;91.2143;9.29955;3368.79;5.59168;0;0;0.1;0.01;0;4.12369;0;0;-1
0;1129;6.09651;28.7494;90.0538;9.47028;3557.76;5.69434;0;0;0.1;0.01;0;5.33513;0;0;-1
0;1130;23.7521;-31.9724;89.8648;8.5;2572.44;5.11093;0;0;0.1;0.01;0;2.94808;1;0;-1
0;1131;20.7102;-13.4739;89.3563;8.96289;3016.01;5.38926;0;0;0.1;0.01;0;4.8228;0;0;-1
0;1132;22.7942;0.118193;90.1646;8.56343;2630.46;5.14907;0;0;0.1;0.01;0;3.46915;0;0;-1
0;1133;20.0078;20.8186;90.9609;8.88242;2935.5;5.34087;0;0;0.1;0.01;0;3.25279;0;0;-1
0;1134;20.8897;36.7156;90.3473;8.61361;2676.97;5.17924;0;0;0.1;0.01;0;2.71858;0;0;-1
0;1135;37.3255;-7.8094;89.7302;9.767;3902.76;5.87276;0;0;0.1;0.01;0;3.63722;0;0;-1
0;1136;35.4294;9.72469;91.1665;8.5238;2594.11;5.12524;0;0;0.1;0.01;0;1.96354;0;0;-1
