Time;ID;x;y;z;radius;volume_total;radius_nuclear;contact_ECM;freezer;polarized_fraction;motility;cell_line;Cell_cell;phase;Cycle;NFkB
0;0;-51.3183;-4.61245;-83.4203;8.5;2572.44;5.11093;0;0;0.1;0.01;0;2.64607;1;0;-1
0;1;-37.4323;-33.3439;-84.6857;9.8791;4038.69;5.94016;0;0;0.1;0.01;0;2.67575;0;0;-1
0;2;-37.6578;-13.8262;-86.4867;8.5;2572.44;5.11093;0;0;0.1;0.01;0;2.65268;1;0;-1
0;3;-38.5112;0.470038;-85.5903;8.93259;2985.53;5.37104;0;0;0.1;0.01;0;2.49705;0;0;-1
0;4;-35.4923;20.6068;-84.3373;10.0373;4235.84;6.03528;0;0;0.1;0.01;0;3.05428;0;0;-1
0;5;-21.8007;-40.6293;-87.2588;9.31441;3384.97;5.60062;0;0;0.1;0.01;0;2.80786;0;0;-1
0;6;-20.5483;-22.3994;-85.9348;8.72424;2781.45;5.24576;0;0;0.1;0.01;0;4.23873;0;0;-1
0;7;-21.0326;-8.41806;-84.5139;8.68751;2746.47;5.22367;0;0;0.1;0.01;0;4.1071;0;0;-1
0;8;-20.3079;10.7156;-85.9703;8.9461;2999.09;5.37916;0;0;0.1;0.01;0;3.39545;0;0;-1
0;9;-22.2983;28.7601;-84.0035;9.1147;3171.87;5.48054;0;0;0.1;0.01;0;3.81274;0;0;-1
0;10;-8.84293;-49.3355;-83.4181;10.3831;4688.89;6.24321;0;0;0.1;0.01;0;3.60816;0;0;-1
0;11;-7.0972;-30.7502;-87.1654;9.25676;3322.5;5.56596;0;0;0.1;0.01;0;4.75093;0;0;-1
0;12;-6.80697;-16.6154;-86.2547;8.92614;2979.06;5.36716;0;0;0.1;0.01;0;5.07684;0;0;-1
0;13;-6.59262;0.141677;-85.5148;10.1914;4433.94;6.12794;0;0;0.1;0.01;0;5.02072;0;0;-1
0;14;-7.56606;20.0319;-83.7586;10.1998;4444.92;6.13299;0;0;0.1;0.01;0;5.0072;0;0;-1
0;15;-7.67634;38.2908;-83.9332;9.71243;3837.71;5.83994;0;0;0.1;0.01;0;3.3211;0;0;-1
0;16;7.44352;-40.8692;-85.9518;10.0896;4302.4;6.06673;0;0;0.1;0.01;0;4.84734;0;0;-1
0;17;6.40358;-24.2319;-83.4886;10.0954;4309.82;6.07022;0;0;0.1;0.01;0;6.03798;0;0;-1
0;18;8.72388;-6.0175;-85.8374;8.76963;2825.09;5.27305;0;0;0.1;0.01;0;3.89335;0;0;-1
0;19;6.47577;10.9348;-86.7534;8.73724;2793.9;5.25358;0;0;0.1;0.01;0;2.66775;0;0;-1
0;20;7.75662;27.7549;-87.3886;8.84193;2895.54;5.31652;0;0;0.1;0.01;0;3.18461;0;0;-1
0;21;8.87735;45.384;-83.578;10.2972;4573.47;6.19156;0;0;0.1;0.01;0;3.80205;0;0;-1
0;22;20.2419;-49.1531;-84.4977;9.44966;3534.57;5.68194;0;0;0.1;0.01;0;3.2336;0;0;-1
0;23;23.3354;-34.0316;-86.6639;10.0918;4305.21;6.06805;0;0;0.1;0.01;0;5.1233;0;0;-1
0;24;20.6085;-15.725;-84.9634;8.5;2572.44;5.11093;0;0;0.1;0.01;0;3.28439;1;0;-1
0;25;22.4799;3.45093;-86.8667;8.58914;2654.22;5.16453;0;0;0.1;0.01;0;3.59012;0;0;-1
0;26;23.6335;20.3931;-84.4807;8.88816;2941.2;5.34432;0;0;0.1;0.01;0;4.47824;0;0;-1
0;27;23.5475;37.7415;-84.8653;9.8457;3997.87;5.92008;0;0;0.1;0.01;0;3.69369;0;0;-1
0;28;36.3514;-40.1943;-83.6468;9.99562;4183.29;6.01022;0;0;0.1;0.01;0;3.76906;0;0;-1
0;29;35.4668;-25.5428;-86.1299;8.5;2572.44;5.11093;0;0;0.1;0.01;0;3.01561;1;0;-1
0;30;37.2065;-5.59751;-85.3036;10.2046;4451.19;6.13588;0;0;0.1;0.01;0;2.52949;0;0;-1
0;31;36.5588;10.8566;-83.9713;10.2277;4481.49;6.14977;0;0;0.1;0.01;0;3.93888;0;0;-1
0;32;37.5892;26.9787;-83.9313;10.0868;4298.82;6.06505;0;0;0.1;0.01;0;4.35713;0;0;-1
0;33;-70.5301;-14.7665;-69.3738;9.3986;3477.59;5.65124;0;0;0.1;0.01;0;2.28024;0;0;-1
0;34;-57.8112;-39.4491;-71.3425;9.97762;4160.73;5.9994;0;0;0.1;0.01;0;3.1056;0;0;-1
0;35;-56.6651;-25.1913;-72.4914;9.30194;3371.39;5.59312;0;0;0.1;0.01;0;3.99656;0;0;-1
0;36;-54.7633;-8.89687;-70.8499;8.5;2572.44;5.11093;0;0;0.1;0.01;0;4.50466;1;0;-1
0;37;-56.2915;9.85514;-69.7917;10.3383;4628.45;6.21627;0;0;0.1;0.01;0;3.50835;0;0;-1
0;38;-57.7893;28.476;-71.5063;8.5;2572.44;5.11093;0;0;0.1;0.01;0;2.15806;1;0;-1
0;39;-54.6517;46.9038;-68.5818;9.52835;3623.61;5.72926;0;0;0.1;0.01;0;3.24077;0;0;-1
0;40;-41.5514;-51.3122;-72.676;9.08313;3139.03;5.46155;0;0;0.1;0.01;0;2.11304;0;0;-1
0;41;-41.3964;-30.4519;-70.9845;9.44447;3528.75;5.67882;0;0;0.1;0.01;0;5.73881;0;0;-1
0;42;-42.2336;-16.6243;-69.6712;10.4347;4759.14;6.27423;0;0;0.1;0.01;0;6.85728;0;0;-1
0;43;-39.411;1.73255;-69.099;8.5;2572.44;5.11093;0;0;0.1;0.01;0;4.22135;1;0;-1
0;44;-42.3619;16.7624;-69.0645;8.5;2572.44;5.11093;0;0;0.1;0.01;0;5.5127;1;0;-1
0;45;-42.4242;34.2533;-69.8629;9.48534;3574.76;5.7034;0;0;0.1;0.01;0;5.21314;0;0;-1
0;46;-41.2146;53.462;-69.4108;8.5;2572.44;5.11093;0;0;0.1;0.01;0;3.80589;1;0;-1
0;47;-26.581;-57.1975;-70.3578;8.69547;2754.02;5.22846;0;0;0.1;0.01;0;4.02555;0;0;-1
0;48;-28.5574;-42.5902;-68.4942;10.4235;4743.83;6.2675;0;0;0.1;0.01;0;6.38774;0;0;-1
0;49;-26.2511;-24.7409;-70.6807;8.78999;2844.81;5.28529;0;0;0.1;0.01;0;5.81345;0;0;-1
0;50;-24.7264;-8.81281;-71.8642;8.5;2572.44;5.11093;0;0;0.1;0.01;0;4.47391;1;0;-1
0;51;-26.8818;11.1077;-69.6523;9.33999;3412.93;5.616;0;0;0.1;0.01;0;5.351;0;0;-1
0;52;-26.0038;26.9292;-69.2385;10.0291;4225.46;6.03035;0;0;0.1;0.01;0;6.56803;0;0;-1
0;53;-27.6144;43.7332;-70.6747;9.33376;3406.11;5.61225;0;0;0.1;0.01;0;4.60023;0;0;-1
0;54;-27.1625;62.1919;-69.8032;9.79464;3935.99;5.88937;0;0;0.1;0.01;0;3.7405;0;0;-1
0;55;-13.5702;-63.8504;-69.0135;9.87774;4037.02;5.93934;0;0;0.1;0.01;0;4.04155;0;0;-1
0;56;-13.8235;-48.1366;-68.3373;8.5;2572.44;5.11093;0;0;0.1;0.01;0;5.72123;1;0;-1
0;57;-11.3419;-31.1872;-72.608;8.91585;2968.77;5.36097;0;0;0.1;0.01;0;5.09731;0;0;-1
0;58;-12.697;-15.0523;-70.9698;9.29638;3365.35;5.58978;0;0;0.1;0.01;0;6.58764;0;0;-1
0;59;-9.94896;1.96448;-71.7785;9.45092;3535.99;5.6827;0;0;0.1;0.01;0;5.80877;0;0;-1
0;60;-11.6487;16.5847;-70.147;8.82064;2874.68;5.30372;0;0;0.1;0.01;0;5.34562;0;0;-1
0;61;-11.8809;36.6303;-70.9333;9.09843;3154.92;5.47075;0;0;0.1;0.01;0;4.64996;0;0;-1
0;62;-10.749;55.081;-70.3576;9.75011;3882.55;5.8626;0;0;0.1;0.01;0;3.3135;0;0;-1
0;63;2.17836;-56.248;-69.069;9.01971;3073.73;5.42342;0;0;0.1;0.01;0;4.73634;0;0;-1
0;64;3.94371;-40.1463;-72.0483;8.76763;2823.16;5.27185;0;0;0.1;0.01;0;5.19862;0;0;-1
0;65;2.71782;-22.897;-68.4994;10.2393;4496.76;6.15674;0;0;0.1;0.01;0;7.07035;0;0;-1
0;66;4.34259;-7.97928;-72.0211;9.90275;4067.77;5.95438;0;0;0.1;0.01;0;6.59434;0;0;-1
0;67;2.35114;10.1691;-69.2139;8.5;2572.44;5.11093;0;0;0.1;0.01;0;4.96797;1;0;-1
0;68;4.40114;26.7919;-69.6919;8.5;2572.44;5.11093;0;0;0.1;0.01;0;4.49255;1;0;-1
0;69;4.43642;45.7961;-70.5461;9.40266;3482.1;5.65368;0;0;0.1;0.01;0;6.07212;0;0;-1
0;70;3.50859;63.7152;-70.1467;9.87208;4030.09;5.93594;0;0;0.1;0.01;0;3.45436;0;0;-1
0;71;16.3289;-66.2669;-69.8947;9.33398;3406.35;5.61239;0;0;0.1;0.01;0;2.89302;0;0;-1
0;72;15.9704;-47.1699;-70.9246;8.71329;2770.99;5.23917;0;0;0.1;0.01;0;4.75223;0;0;-1
0;73;19.2589;-30.2034;-70.8787;10.2304;4485.04;6.15139;0;0;0.1;0.01;0;6.89096;0;0;-1
0;74;16.4081;-14.0908;-69.23;8.5;2572.44;5.11093;0;0;0.1;0.01;0;6.69919;1;0;-1
0;75;16.9989;1.22311;-71.3277;9.24351;3308.26;5.55799;0;0;0.1;0.01;0;5.44137;0;0;-1
0;76;16.0023;18.2046;-69.2034;8.72477;2781.96;5.24608;0;0;0.1;0.01;0;4.98819;0;0;-1
0;77;17.3087;35.4413;-70.6402;9.03495;3089.34;5.43258;0;0;0.1;0.01;0;5.48894;0;0;-1
0;78;19.4569;55.0759;-70.2807;10.194;4437.34;6.1295;0;0;0.1;0.01;0;4.06537;0;0;-1
0;79;31.0774;-57.7987;-69.4679;8.5;2572.44;5.11093;0;0;0.1;0.01;0;3.36101;1;0;-1
0;80;31.7641;-38.5274;-68.428;9.87873;4038.24;5.93994;0;0;0.1;0.01;0;6.2746;0;0;-1
0;81;32.0139;-21.8269;-69.6515;8.5;2572.44;5.11093;0;0;0.1;0.01;0;4.93368;1;0;-1
0;82;33.3368;-6.341;-68.8081;9.53103;3626.67;5.73087;0;0;0.1;0.01;0;5.57036;0;0;-1
0;83;30.5716;12.4398;-71.2972;9.73152;3860.39;5.85142;0;0;0.1;0.01;0;6.45233;0;0;-1
0;84;33.6243;28.6032;-68.5236;10.0382;4236.98;6.03582;0;0;0.1;0.01;0;6.88768;0;0;-1
0;85;34.0094;43.7459;-71.9747;8.5;2572.44;5.11093;0;0;0.1;0.01;0;4.2345;1;0;-1
0;86;46.3664;-51.2911;-68.9139;9.61922;3728.28;5.7839;0;0;0.1;0.01;0;2.75822;0;0;-1
0;87;45.9806;-30.4841;-71.9474;9.01313;3067.01;5.41946;0;0;0.1;0.01;0;4.33273;0;0;-1
0;88;47.555;-13.4214;-72.0008;9.9526;4129.51;5.98435;0;0;0.1;0.01;0;4.86454;0;0;-1
0;89;45.3341;1.65205;-69.0574;8.5;2572.44;5.11093;0;0;0.1;0.01;0;5.76266;1;0;-1
0;90;47.3079;17.1293;-68.9548;10.3912;4699.87;6.24808;0;0;0.1;0.01;0;6.383;0;0;-1
0;91;48.9681;36.8831;-71.9531;10.2103;4458.66;6.13931;0;0;0.1;0.01;0;3.53556;0;0;-1
0;92;46.7049;54.1111;-69.0006;8.5;2572.44;5.11093;0;0;0.1;0.01;0;2.53835;1;0;-1
0;93;60.0239;-25.6671;-72.0495;10.0688;4275.84;6.05422;0;0;0.1;0.01;0;2.75129;0;0;-1
0;94;62.5677;-5.60394;-71.9201;8.73835;2794.97;5.25424;0;0;0.1;0.01;0;2.33526;0;0;-1
0;95;61.3294;9.87417;-68.8371;9.81409;3959.49;5.90107;0;0;0.1;0.01;0;3.63658;0;0;-1
0;96;-80.3937;-8.31401;-55.4096;9.69228;3813.88;5.82783;0;0;0.1;0.01;0;2.96186;0;0;-1
0;97;-80.1262;12.4604;-54.3379;8.7296;2786.58;5.24898;0;0;0.1;0.01;0;2.61214;0;0;-1
0;98;-65.7578;-48.4218;-54.2727;10.1245;4347.2;6.08771;0;0;0.1;0.01;0;4.68105;0;0;-1
0;99;-67.7031;-33.877;-55.4065;8.95215;3005.18;5.3828;0;0;0.1;0.01;0;3.30412;0;0;-1
0;100;-65.5509;-12.6483;-56.3799;8.50736;2579.13;5.11535;0;0;0.1;0.01;0;4.00138;0;0;-1
0;101;-64.5982;1.73626;-53.967;9.72048;3847.26;5.84478;0;0;0.1;0.01;0;5.33399;0;0;-1
0;102;-68.0097;19.6448;-57.7808;8.68328;2742.46;5.22113;0;0;0.1;0.01;0;3.53501;0;0;-1
0;103;-66.4393;35.4352;-55.5486;8.5;2572.44;5.11093;0;0;0.1;0.01;0;3.49335;1;0;-1
0;104;-52.2493;-59.3429;-54.8732;9.7421;3872.99;5.85778;0;0;0.1;0.01;0;4.06119;0;0;-1
0;105;-52.9112;-42.371;-57.556;8.54632;2614.73;5.13878;0;0;0.1;0.01;0;4.59369;0;0;-1
0;106;-51.3202;-24.6938;-57.8071;8.5;2572.44;5.11093;0;0;0.1;0.01;0;4.5705;1;0;-1
0;107;-49.86;-4.79652;-57.1209;9.83619;3986.29;5.91436;0;0;0.1;0.01;0;6.42144;0;0;-1
0;108;-51.7478;12.0427;-54.3867;9.7551;3888.52;5.8656;0;0;0.1;0.01;0;7.06027;0;0;-1
0;109;-51.0337;27.8546;-57.8104;10.3779;4681.85;6.24008;0;0;0.1;0.01;0;6.9279;0;0;-1
0;110;-52.144;44.8052;-54.0097;9.75705;3890.85;5.86677;0;0;0.1;0.01;0;6.19908;0;0;-1
0;111;-50.5759;59.7297;-54.4366;10.0947;4308.92;6.0698;0;0;0.1;0.01;0;5.15101;0;0;-1
0;112;-38.6612;-66.5827;-56.3489;9.78686;3926.62;5.8847;0;0;0.1;0.01;0;4.10266;0;0;-1
0;113;-38.3688;-51.0461;-54.5682;9.22818;3291.83;5.54877;0;0;0.1;0.01;0;5.19291;0;0;-1
0;114;-36.5526;-31.2254;-56.25;9.62245;3732.03;5.78584;0;0;0.1;0.01;0;6.18345;0;0;-1
0;115;-36.5244;-14.8535;-55.7943;10.2702;4537.59;6.17532;0;0;0.1;0.01;0;6.81704;0;0;-1
0;116;-37.7517;2.43832;-54.3756;8.98033;3033.65;5.39974;0;0;0.1;0.01;0;5.52219;0;0;-1
0;117;-36.0789;20.9964;-57.0219;10.2728;4541.04;6.17689;0;0;0.1;0.01;0;7.53917;0;0;-1
0;118;-35.2053;36.6526;-55.0671;8.75833;2814.18;5.26626;0;0;0.1;0.01;0;6.65336;0;0;-1
0;119;-37;51.2801;-56.5102;10.0445;4244.96;6.03961;0;0;0.1;0.01;0;6.94624;0;0;-1
0;120;-35.9266;70.314;-57.9359;10.4064;4720.52;6.25722;0;0;0.1;0.01;0;4.27199;0;0;-1
0;121;-23.9334;-76.0233;-57.3298;9.56038;3660.28;5.74852;0;0;0.1;0.01;0;3.14418;0;0;-1
0;122;-21.8307;-56.2154;-56.4053;9.42137;3502.92;5.66493;0;0;0.1;0.01;0;6.51295;0;0;-1
0;123;-21.0887;-40.4637;-54.846;10.0066;4197.09;6.01682;0;0;0.1;0.01;0;6.98411;0;0;-1
0;124;-23.6245;-22.5411;-56.7438;9.91108;4078.04;5.95939;0;0;0.1;0.01;0;6.87652;0;0;-1
0;125;-21.5828;-7.15141;-56.3445;8.98657;3039.98;5.40349;0;0;0.1;0.01;0;5.63072;0;0;-1
0;126;-22.4079;8.99774;-55.9859;9.44496;3529.3;5.67912;0;0;0.1;0.01;0;4.80151;0;0;-1
0;127;-21.4016;25.5967;-55.5831;8.61865;2681.68;5.18227;0;0;0.1;0.01;0;5.26342;0;0;-1
0;128;-21.7815;42.3069;-56.7015;8.5;2572.44;5.11093;0;0;0.1;0.01;0;5.12164;1;0;-1
0;129;-22.1159;63.2054;-54.4595;10.3642;4663.33;6.23184;0;0;0.1;0.01;0;7.13756;0;0;-1
0;130;-22.0248;77.9772;-57.0136;9.14647;3205.16;5.49964;0;0;0.1;0.01;0;3.52598;0;0;-1
0;131;-9.28334;-80.7884;-56.0045;8.5;2572.44;5.11093;0;0;0.1;0.01;0;2.47018;1;0;-1
0;132;-5.76883;-65.6693;-55.7444;9.0412;3095.76;5.43634;0;0;0.1;0.01;0;4.74679;0;0;-1
0;133;-6.23355;-47.1143;-55.1246;9.62786;3738.33;5.78909;0;0;0.1;0.01;0;5.88238;0;0;-1
0;134;-8.77248;-29.9194;-54.6169;9.80216;3945.06;5.8939;0;0;0.1;0.01;0;5.57568;0;0;-1
0;135;-8.94742;-14.1386;-55.421;8.61231;2675.76;5.17846;0;0;0.1;0.01;0;5.84013;0;0;-1
0;136;-7.06688;0.36793;-56.7176;8.5;2572.44;5.11093;0;0;0.1;0.01;0;5.3393;1;0;-1
0;137;-5.92359;20.9938;-55.1509;10.3787;4682.93;6.24056;0;0;0.1;0.01;0;6.33313;0;0;-1
0;138;-8.23826;36.9517;-55.4921;10.3709;4672.38;6.23587;0;0;0.1;0.01;0;6.41106;0;0;-1
0;139;-5.83011;54.9366;-55.1076;10.4463;4775.03;6.28121;0;0;0.1;0.01;0;6.18436;0;0;-1
0;140;-8.71937;70.3267;-55.1327;8.9171;2970.02;5.36172;0;0;0.1;0.01;0;3.30198;0;0;-1
0;141;8.98476;-74.3253;-56.9019;8.95921;3012.3;5.38704;0;0;0.1;0.01;0;3.46739;0;0;-1
0;142;6.86034;-58.0802;-56.2099;9.9375;4110.74;5.97527;0;0;0.1;0.01;0;6.12539;0;0;-1
0;143;7.34501;-41.7041;-54.932;8.5;2572.44;5.11093;0;0;0.1;0.01;0;4.38013;1;0;-1
0;144;9.40258;-22.7147;-56.6019;9.348;3421.72;5.62082;0;0;0.1;0.01;0;6.49504;0;0;-1
0;145;6.03007;-8.01742;-56.8614;9.37777;3454.52;5.63872;0;0;0.1;0.01;0;6.47311;0;0;-1
0;146;5.61079;9.72099;-55.2401;8.95394;3006.98;5.38387;0;0;0.1;0.01;0;4.27964;0;0;-1
0;147;8.44561;27.7477;-53.9543;10.1128;4332.14;6.08068;0;0;0.1;0.01;0;6.67562;0;0;-1
0;148;8.5336;44.9765;-55.974;10.2821;4553.38;6.18248;0;0;0.1;0.01;0;7.63828;0;0;-1
0;149;8.84052;59.8451;-57.7143;8.76315;2818.83;5.26915;0;0;0.1;0.01;0;5.80973;0;0;-1
0;150;8.56871;79.8454;-54.3404;9.33081;3402.88;5.61048;0;0;0.1;0.01;0;2.80731;0;0;-1
0;151;22.2806;-64.2612;-56.6552;9.79249;3933.4;5.88808;0;0;0.1;0.01;0;4.96879;0;0;-1
0;152;24.1803;-49.9851;-53.7188;8.97699;3030.27;5.39773;0;0;0.1;0.01;0;5.40161;0;0;-1
0;153;20.2945;-32.6142;-55.2878;9.10775;3164.62;5.47636;0;0;0.1;0.01;0;5.15548;0;0;-1
0;154;20.52;-12.713;-57.368;9.31056;3380.77;5.5983;0;0;0.1;0.01;0;6.00945;0;0;-1
0;155;23.628;1.42179;-56.4444;9.29185;3360.43;5.58705;0;0;0.1;0.01;0;5.68049;0;0;-1
0;156;23.7528;20.6585;-55.7388;10.1452;4373.92;6.10016;0;0;0.1;0.01;0;6.42585;0;0;-1
0;157;22.6877;38.241;-56.2103;10.0929;4306.62;6.06871;0;0;0.1;0.01;0;7.03996;0;0;-1
0;158;22.9274;54.3744;-53.9768;10.4336;4757.64;6.27357;0;0;0.1;0.01;0;7.09843;0;0;-1
0;159;22.0577;70.5666;-57.6943;9.08793;3144.01;5.46444;0;0;0.1;0.01;0;2.47019;0;0;-1
0;160;38.569;-56.0271;-56.4282;9.06067;3115.8;5.44805;0;0;0.1;0.01;0;4.55456;0;0;-1
0;161;34.9335;-38.3569;-54.7222;8.60039;2664.67;5.17129;0;0;0.1;0.01;0;5.32592;0;0;-1
0;162;38.5229;-25.0973;-56.4561;9.04343;3098.05;5.43768;0;0;0.1;0.01;0;5.60469;0;0;-1
0;163;37.2076;-5.68977;-54.834;8.57831;2644.2;5.15801;0;0;0.1;0.01;0;5.9659;0;0;-1
0;164;38.4596;8.33201;-55.4114;9.23354;3297.56;5.55199;0;0;0.1;0.01;0;6.965;0;0;-1
0;165;38.8671;25.4373;-54.6075;9.85015;4003.29;5.92275;0;0;0.1;0.01;0;6.32645;0;0;-1
0;166;36.7823;46.1508;-56.6509;9.17439;3234.6;5.51643;0;0;0.1;0.01;0;5.85548;0;0;-1
0;167;36.3667;60.7309;-54.1253;8.5;2572.44;5.11093;0;0;0.1;0.01;0;4.5391;1;0;-1
0;168;52.8846;-50.9599;-56.0548;8.97539;3028.65;5.39677;0;0;0.1;0.01;0;3.2873;0;0;-1
0;169;52.0677;-31.0883;-54.1377;9.95776;4135.93;5.98746;0;0;0.1;0.01;0;5.73098;0;0;-1
0;170;52.9097;-15.0612;-54.3807;8.5;2572.44;5.11093;0;0;0.1;0.01;0;5.22817;1;0;-1
0;171;52.2503;0.0406088;-54.3876;9.99184;4178.54;6.00795;0;0;0.1;0.01;0;7.51616;0;0;-1
0;172;51.1936;18.0879;-56.0367;9.0008;3054.44;5.41205;0;0;0.1;0.01;0;6.79188;0;0;-1
0;173;52.9433;34.0779;-55.768;9.24176;3306.38;5.55694;0;0;0.1;0.01;0;5.31028;0;0;-1
0;174;52.7006;55.26;-56.5069;10.1122;4331.37;6.08032;0;0;0.1;0.01;0;4.26872;0;0;-1
0;175;64.6197;-40.876;-56.673;9.03274;3087.07;5.43126;0;0;0.1;0.01;0;2.99374;0;0;-1
0;176;67.2834;-25.0881;-56.1072;9.38578;3463.38;5.64353;0;0;0.1;0.01;0;4.41994;0;0;-1
0;177;67.772;-4.49667;-55.1297;8.5;2572.44;5.11093;0;0;0.1;0.01;0;5.14049;1;0;-1
0;178;65.8313;11.9943;-53.8094;9.54477;3642.38;5.73913;0;0;0.1;0.01;0;5.87548;0;0;-1
0;179;66.0136;26.6452;-55.2815;8.5;2572.44;5.11093;0;0;0.1;0.01;0;3.88893;1;0;-1
0;180;64.7666;46.0639;-54.318;9.81335;3958.59;5.90062;0;0;0.1;0.01;0;3.39716;0;0;-1
0;181;79.7182;-16.8491;-56.7526;10.1836;4423.77;6.12325;0;0;0.1;0.01;0;2.82743;0;0;-1
0;182;82.2207;1.12393;-54.4701;8.92226;2975.18;5.36483;0;0;0.1;0.01;0;2.82698;0;0;-1
0;183;-87.5152;-21.6627;-40.6308;9.37018;3446.14;5.63415;0;0;0.1;0.01;0;3.14595;0;0;-1
0;184;-84.1188;-8.17245;-40.1224;10.0307;4227.49;6.03131;0;0;0.1;0.01;0;5.21972;0;0;-1
0;185;-86.3084;12.3532;-39.6285;9.63572;3747.5;5.79382;0;0;0.1;0.01;0;4.43961;0;0;-1
0;186;-86.6602;29.3373;-39.2288;9.84885;4001.71;5.92197;0;0;0.1;0.01;0;3.00386;0;0;-1
0;187;-70.1784;-48.0358;-39.6445;8.5;2572.44;5.11093;0;0;0.1;0.01;0;4.05787;1;0;-1
0;188;-72.1219;-33.9451;-41.5613;10.2288;4482.94;6.15043;0;0;0.1;0.01;0;5.02726;0;0;-1
0;189;-71.5945;-14.5689;-41.6295;8.5;2572.44;5.11093;0;0;0.1;0.01;0;5.38659;1;0;-1
0;190;-72.6834;3.6148;-40.9288;10.2704;4537.86;6.17544;0;0;0.1;0.01;0;7.38564;0;0;-1
0;191;-70.5093;19.0709;-42.0672;9.73679;3866.66;5.85459;0;0;0.1;0.01;0;6.24116;0;0;-1
0;192;-69.9868;37.0802;-42.9169;9.92192;4091.44;5.96591;0;0;0.1;0.01;0;5.68484;0;0;-1
0;193;-72.6587;51.3907;-41.102;9.59208;3696.81;5.76758;0;0;0.1;0.01;0;3.09492;0;0;-1
0;194;-56.9543;-59.2038;-39.9343;10.3288;4615.71;6.21056;0;0;0.1;0.01;0;5.24967;0;0;-1
0;195;-56.7239;-39.4563;-41.8739;9.50868;3601.22;5.71743;0;0;0.1;0.01;0;6.64186;0;0;-1
0;196;-54.1635;-24.6438;-40.9063;9.31218;3382.54;5.59928;0;0;0.1;0.01;0;5.42093;0;0;-1
0;197;-57.4644;-7.32897;-42.0192;10.0834;4294.47;6.063;0;0;0.1;0.01;0;6.98955;0;0;-1
0;198;-55.0636;9.5388;-39.8525;10.2811;4552.05;6.18188;0;0;0.1;0.01;0;6.71378;0;0;-1
0;199;-55.5412;25.8739;-41.5445;9.89022;4052.35;5.94685;0;0;0.1;0.01;0;6.11574;0;0;-1
0;200;-56.9731;42.6504;-40.1072;9.6706;3788.34;5.81479;0;0;0.1;0.01;0;6.52792;0;0;-1
0;201;-54.2535;60.4453;-39.5931;9.62047;3729.73;5.78465;0;0;0.1;0.01;0;5.24212;0;0;-1
0;202;-40.5192;-80.6229;-40.9895;8.5;2572.44;5.11093;0;0;0.1;0.01;0;2.97152;1;0;-1
0;203;-41.6802;-65.9021;-39.2283;9.46189;3548.32;5.6893;0;0;0.1;0.01;0;6.38242;0;0;-1
0;204;-43.0542;-47.5206;-41.7168;8.5;2572.44;5.11093;0;0;0.1;0.01;0;4.90217;1;0;-1
0;205;-42.5725;-31.6894;-42.2058;8.64528;2706.61;5.19828;0;0;0.1;0.01;0;5.09575;0;0;-1
0;206;-40.247;-13.4541;-40.6522;9.60474;3711.47;5.77519;0;0;0.1;0.01;0;6.10292;0;0;-1
0;207;-42.0098;1.95254;-39.9945;9.25091;3316.21;5.56244;0;0;0.1;0.01;0;6.47423;0;0;-1
0;208;-41.7839;19.659;-42.4145;8.59492;2659.59;5.168;0;0;0.1;0.01;0;5.91371;0;0;-1
0;209;-41.4524;34.4594;-41.4094;8.78789;2842.77;5.28403;0;0;0.1;0.01;0;5.6434;0;0;-1
0;210;-40.2721;53.6162;-41.2194;9.53739;3633.94;5.73469;0;0;0.1;0.01;0;7.07358;0;0;-1
0;211;-40.8046;68.4808;-42.136;10.3601;4657.8;6.22938;0;0;0.1;0.01;0;6.08074;0;0;-1
0;212;-27.6626;-72.9656;-42.8803;9.39388;3472.35;5.6484;0;0;0.1;0.01;0;6.10788;0;0;-1
0;213;-28.1445;-57.7319;-40.4598;10.4418;4768.86;6.2785;0;0;0.1;0.01;0;7.09407;0;0;-1
0;214;-25.3002;-38.5033;-42.3705;9.23225;3296.18;5.55122;0;0;0.1;0.01;0;5.32991;0;0;-1
0;215;-25.0104;-22.3782;-39.8173;9.9908;4177.24;6.00732;0;0;0.1;0.01;0;6.39043;0;0;-1
0;216;-24.7434;-5.17898;-40.6531;8.87426;2927.42;5.33596;0;0;0.1;0.01;0;5.61409;0;0;-1
0;217;-25.4495;9.75974;-41.0403;8.5;2572.44;5.11093;0;0;0.1;0.01;0;4.04223;1;0;-1
0;218;-28.177;27.0161;-42.0126;9.3773;3454;5.63843;0;0;0.1;0.01;0;5.49037;0;0;-1
0;219;-27.2203;44.1223;-42.1012;9.59228;3697.04;5.7677;0;0;0.1;0.01;0;6.1068;0;0;-1
0;220;-27.5573;60.5348;-40.7624;9.41372;3494.4;5.66033;0;0;0.1;0.01;0;7.06695;0;0;-1
0;221;-25.0132;77.173;-42.0759;9.57316;3674.98;5.7562;0;0;0.1;0.01;0;5.24515;0;0;-1
0;222;-12.99;-83.14;-42.1699;8.61093;2674.48;5.17763;0;0;0.1;0.01;0;4.037;0;0;-1
0;223;-12.9514;-67.605;-39.742;10.0617;4266.8;6.04995;0;0;0.1;0.01;0;6.69624;0;0;-1
0;224;-12.3959;-49.3797;-41.8371;9.18212;3242.78;5.52108;0;0;0.1;0.01;0;5.31858;0;0;-1
0;225;-9.79057;-33.3295;-39.8356;9.50911;3601.71;5.71769;0;0;0.1;0.01;0;6.11706;0;0;-1
0;226;-13.072;-15.5149;-40.761;8.69144;2750.2;5.22604;0;0;0.1;0.01;0;6.37259;0;0;-1
0;227;-11.0672;0.260097;-41.4552;8.66025;2720.7;5.20728;0;0;0.1;0.01;0;5.45354;0;0;-1
0;228;-12.5345;20.0324;-39.3404;9.95302;4130.03;5.98461;0;0;0.1;0.01;0;6.16156;0;0;-1
0;229;-9.96013;34.3119;-39.7641;8.5;2572.44;5.11093;0;0;0.1;0.01;0;6.08828;1;0;-1
0;230;-11.5632;52.9638;-39.3555;10.1789;4417.65;6.12042;0;0;0.1;0.01;0;6.47184;0;0;-1
0;231;-11.0995;70.7603;-40.0375;9.43087;3513.53;5.67065;0;0;0.1;0.01;0;5.57666;0;0;-1
0;232;-9.78731;87.1;-39.9623;8.5;2572.44;5.11093;0;0;0.1;0.01;0;2.38883;1;0;-1
0;233;2.81794;-89.5439;-42.0498;9.11671;3173.97;5.48175;0;0;0.1;0.01;0;2.88086;0;0;-1
0;234;4.67738;-74.9301;-41.1607;8.55271;2620.59;5.14262;0;0;0.1;0.01;0;5.17747;0;0;-1
0;235;2.00907;-59.7593;-39.3772;9.47364;3561.55;5.69636;0;0;0.1;0.01;0;5.41987;0;0;-1
0;236;3.62897;-40.7684;-39.8024;8.5;2572.44;5.11093;0;0;0.1;0.01;0;4.84901;1;0;-1
0;237;4.67412;-25.2807;-39.5134;9.5216;3615.92;5.7252;0;0;0.1;0.01;0;6.13663;0;0;-1
0;238;1.23386;-8.08001;-42.43;10.2613;4525.8;6.16997;0;0;0.1;0.01;0;6.26666;0;0;-1
0;239;3.21535;10.452;-41.0082;8.61838;2681.42;5.18211;0;0;0.1;0.01;0;4.36977;0;0;-1
0;240;4.07455;27.1861;-39.4756;8.90471;2957.66;5.35427;0;0;0.1;0.01;0;6.72693;0;0;-1
0;241;1.22663;43.0311;-40.2751;10.0973;4312.25;6.07136;0;0;0.1;0.01;0;7.97669;0;0;-1
0;242;1.51944;60.6185;-40.9747;8.5;2572.44;5.11093;0;0;0.1;0.01;0;5.36224;1;0;-1
0;243;3.95419;76.3841;-41.0724;9.14274;3201.24;5.4974;0;0;0.1;0.01;0;5.26488;0;0;-1
0;244;17.6731;-82.3285;-42.0945;8.5;2572.44;5.11093;0;0;0.1;0.01;0;3.29235;1;0;-1
0;245;18.2135;-65.4537;-39.2898;10.2625;4527.39;6.17069;0;0;0.1;0.01;0;5.88453;0;0;-1
0;246;17.9198;-46.4594;-40.804;8.89095;2943.97;5.346;0;0;0.1;0.01;0;5.26739;0;0;-1
0;247;17.8376;-31.7605;-41.1571;8.5;2572.44;5.11093;0;0;0.1;0.01;0;5.83838;1;0;-1
0;248;19.0983;-15.4954;-41.773;9.48375;3572.97;5.70244;0;0;0.1;0.01;0;5.92408;0;0;-1
0;249;19.7502;1.94026;-42.1573;9.10927;3166.21;5.47727;0;0;0.1;0.01;0;4.69265;0;0;-1
0;250;17.6661;17.7311;-40.5141;9.27102;3337.88;5.57453;0;0;0.1;0.01;0;5.59825;0;0;-1
0;251;19.0272;36.7152;-42.84;9.9124;4079.67;5.96018;0;0;0.1;0.01;0;7.63288;0;0;-1
0;252;16.7954;52.0148;-39.691;10.0976;4312.64;6.07154;0;0;0.1;0.01;0;7.44085;0;0;-1
0;253;18.7593;68.4677;-41.1999;10.3155;4597.9;6.20256;0;0;0.1;0.01;0;5.94044;0;0;-1
0;254;16.4125;87.4204;-41.1293;10.0767;4285.92;6.05897;0;0;0.1;0.01;0;3.14532;0;0;-1
0;255;32.9558;-75.6276;-42.5065;8.64912;2710.22;5.20059;0;0;0.1;0.01;0;2.2521;0;0;-1
0;256;30.5658;-56.4945;-40.5221;9.0958;3152.18;5.46917;0;0;0.1;0.01;0;6.27976;0;0;-1
0;257;33.7148;-41.1815;-40.4657;10.005;4195.08;6.01586;0;0;0.1;0.01;0;7.65386;0;0;-1
0;258;32.7757;-25.2899;-41.5714;10.1242;4346.81;6.08753;0;0;0.1;0.01;0;7.40594;0;0;-1
0;259;33.7404;-8.04874;-42.0286;8.5;2572.44;5.11093;0;0;0.1;0.01;0;4.72402;1;0;-1
0;260;33.8458;10.0352;-42.2905;8.5;2572.44;5.11093;0;0;0.1;0.01;0;5.10066;1;0;-1
0;261;33.8493;29.5213;-39.8802;8.93213;2985.06;5.37076;0;0;0.1;0.01;0;6.03296;0;0;-1
0;262;32.945;46.1533;-39.4208;10.038;4236.72;6.0357;0;0;0.1;0.01;0;7.76674;0;0;-1
0;263;33.9203;60.0851;-39.7041;9.38769;3465.49;5.64468;0;0;0.1;0.01;0;6.2057;0;0;-1
0;264;33.5546;79.8408;-40.4301;8.95437;3007.42;5.38413;0;0;0.1;0.01;0;2.74327;0;0;-1
0;265;47.8244;-65.2754;-41.6097;8.94443;2997.41;5.37816;0;0;0.1;0.01;0;2.46633;0;0;-1
0;266;47.1382;-47.7063;-39.9545;9.52788;3623.08;5.72898;0;0;0.1;0.01;0;5.80338;0;0;-1
0;267;47.7639;-30.237;-39.2201;10.3176;4600.71;6.20382;0;0;0.1;0.01;0;7.65946;0;0;-1
0;268;46.7885;-14.9408;-42.5869;10.067;4273.55;6.05314;0;0;0.1;0.01;0;7.77857;0;0;-1
0;269;46.0834;2.88115;-42.1829;8.5;2572.44;5.11093;0;0;0.1;0.01;0;6.20051;1;0;-1
0;270;47.7569;16.8718;-43.0439;10.1627;4396.59;6.11068;0;0;0.1;0.01;0;7.43832;0;0;-1
0;271;46.8463;37.9651;-41.1015;9.52653;3621.54;5.72816;0;0;0.1;0.01;0;6.19118;0;0;-1
0;272;46.7016;52.1396;-42.8717;9.67637;3795.12;5.81826;0;0;0.1;0.01;0;6.60464;0;0;-1
0;273;46.8342;69.2615;-39.8958;9.92643;4097.02;5.96862;0;0;0.1;0.01;0;4.49607;0;0;-1
0;274;60.375;-55.3639;-39.3265;9.8308;3979.74;5.91112;0;0;0.1;0.01;0;4.74598;0;0;-1
0;275;63.9903;-41.688;-39.828;8.94562;2998.61;5.37887;0;0;0.1;0.01;0;4.28203;0;0;-1
0;276;61.2083;-23.3548;-39.8306;8.55006;2618.16;5.14103;0;0;0.1;0.01;0;5.54307;0;0;-1
0;277;63.4155;-7.79468;-42.3288;9.67674;3795.56;5.81848;0;0;0.1;0.01;0;6.80334;0;0;-1
0;278;63.5993;8.22651;-39.4652;10.0114;4203.13;6.01971;0;0;0.1;0.01;0;6.56191;0;0;-1
0;279;63.021;26.189;-42.2775;10.0357;4233.81;6.03432;0;0;0.1;0.01;0;6.07502;0;0;-1
0;280;61.5503;42.1354;-41.1964;8.88075;2933.85;5.33987;0;0;0.1;0.01;0;5.08166;0;0;-1
0;281;61.9982;60.4259;-42.4643;9.23144;3295.32;5.55073;0;0;0.1;0.01;0;3.67625;0;0;-1
0;282;74.9421;-32.4979;-43.1693;9.0112;3065.04;5.4183;0;0;0.1;0.01;0;3.21752;0;0;-1
0;283;77.7394;-15.0005;-41.1218;8.62851;2690.89;5.1882;0;0;0.1;0.01;0;4.46714;0;0;-1
0;284;76.3311;-0.0849589;-41.4652;10.2851;4557.37;6.18428;0;0;0.1;0.01;0;6.87807;0;0;-1
0;285;78.7374;19.7235;-42.8242;8.99017;3043.63;5.40566;0;0;0.1;0.01;0;3.33179;0;0;-1
0;286;76.536;34.3383;-41.9416;9.23964;3304.1;5.55566;0;0;0.1;0.01;0;3.54114;0;0;-1
0;287;90.5137;-4.56077;-40.5317;8.7003;2758.62;5.23136;0;0;0.1;0.01;0;2.23253;0;0;-1
0;288;-95.1274;-13.5141;-24.7026;8.77145;2826.85;5.27415;0;0;0.1;0.01;0;3.17507;0;0;-1
0;289;-95.6325;1.24808;-26.0977;9.92316;4092.97;5.96665;0;0;0.1;0.01;0;3.87475;0;0;-1
0;290;-80.8685;-41.5014;-24.6594;9.90428;4069.65;5.9553;0;0;0.1;0.01;0;2.8868;0;0;-1
0;291;-81.7964;-23.4395;-27.3444;9.5595;3659.27;5.74799;0;0;0.1;0.01;0;3.86552;0;0;-1
0;292;-78.9084;-4.65457;-26.4849;10.0423;4242.17;6.03829;0;0;0.1;0.01;0;5.59143;0;0;-1
0;293;-82.5754;10.9705;-26.4492;10.1274;4350.93;6.08946;0;0;0.1;0.01;0;6.28636;0;0;-1
0;294;-82.4144;27.6785;-25.1426;10.0349;4232.8;6.03384;0;0;0.1;0.01;0;5.0284;0;0;-1
0;295;-80.4014;44.5595;-28.1131;9.88358;4044.19;5.94285;0;0;0.1;0.01;0;3.28544;0;0;-1
0;296;-64.0839;-67.8783;-25.9977;8.5;2572.44;5.11093;0;0;0.1;0.01;0;2.51678;1;0;-1
0;297;-64.3793;-48.9954;-26.1288;8.77835;2833.53;5.27829;0;0;0.1;0.01;0;4.35852;0;0;-1
0;298;-64.5301;-31.2625;-25.4632;9.74862;3880.77;5.8617;0;0;0.1;0.01;0;5.4681;0;0;-1
0;299;-64.4868;-12.8918;-26.9929;9.28066;3348.31;5.58033;0;0;0.1;0.01;0;5.55831;0;0;-1
0;300;-66.0818;4.44292;-26.0292;8.5;2572.44;5.11093;0;0;0.1;0.01;0;5.93927;1;0;-1
0;301;-65.471;20.2211;-26.935;8.59094;2655.89;5.16561;0;0;0.1;0.01;0;5.71379;0;0;-1
0;302;-64.6875;35.2172;-27.173;10.0497;4251.56;6.04274;0;0;0.1;0.01;0;6.3113;0;0;-1
0;303;-64.5496;50.9156;-26.2325;9.27992;3347.51;5.57988;0;0;0.1;0.01;0;5.75145;0;0;-1
0;304;-66.6787;68.6684;-26.7156;9.4554;3541.02;5.68539;0;0;0.1;0.01;0;2.15072;0;0;-1
0;305;-49.7086;-72.4994;-27.7939;8.99661;3050.18;5.40953;0;0;0.1;0.01;0;5.2285;0;0;-1
0;306;-49.6182;-58.1755;-26.2901;9.25063;3315.91;5.56227;0;0;0.1;0.01;0;6.29269;0;0;-1
0;307;-51.5417;-39.7126;-26.3459;9.3425;3415.69;5.61751;0;0;0.1;0.01;0;6.00807;0;0;-1
0;308;-52.4095;-23.1171;-27.5488;9.77632;3913.95;5.87836;0;0;0.1;0.01;0;6.55533;0;0;-1
0;309;-50.4833;-7.0374;-27.8072;9.73264;3861.72;5.8521;0;0;0.1;0.01;0;6.60814;0;0;-1
0;310;-53.0225;8.65203;-26.3276;8.9409;2993.87;5.37603;0;0;0.1;0.01;0;5.48678;0;0;-1
0;311;-51.1149;26.7887;-24.4722;9.14375;3202.3;5.498;0;0;0.1;0.01;0;5.57879;0;0;-1
0;312;-49.9892;45.5145;-24.874;9.78011;3918.5;5.88064;0;0;0.1;0.01;0;7.33789;0;0;-1
0;313;-50.6645;62.4871;-25.5833;8.75947;2815.28;5.26694;0;0;0.1;0.01;0;6.08617;0;0;-1
0;314;-51.7949;78.4814;-28.2637;8.72318;2780.44;5.24512;0;0;0.1;0.01;0;2.6517;0;0;-1
0;315;-36.4305;-82.1728;-26.521;10.3133;4594.96;6.20124;0;0;0.1;0.01;0;6.1965;0;0;-1
0;316;-34.9844;-67.3071;-26.7995;8.88636;2939.41;5.34324;0;0;0.1;0.01;0;6.99072;0;0;-1
0;317;-38.3679;-47.1076;-27.1506;10.1598;4392.83;6.10894;0;0;0.1;0.01;0;5.71114;0;0;-1
0;318;-36.0584;-30.0824;-26.0789;9.32899;3400.89;5.60939;0;0;0.1;0.01;0;6.1154;0;0;-1
0;319;-34.6353;-13.7568;-26.7962;8.77558;2830.85;5.27663;0;0;0.1;0.01;0;5.01554;0;0;-1
0;320;-36.5835;4.31439;-27.4481;8.5;2572.44;5.11093;0;0;0.1;0.01;0;4.194;1;0;-1
0;321;-38.361;18.5442;-27.4807;9.50184;3593.45;5.71332;0;0;0.1;0.01;0;5.45487;0;0;-1
0;322;-38.2444;34.5845;-25.1792;8.5;2572.44;5.11093;0;0;0.1;0.01;0;5.50027;1;0;-1
0;323;-37.6478;52.2755;-27.8693;9.223;3286.29;5.54566;0;0;0.1;0.01;0;6.07377;0;0;-1
0;324;-38.2095;67.7245;-25.7586;8.5;2572.44;5.11093;0;0;0.1;0.01;0;4.48546;1;0;-1
0;325;-35.5408;85.8448;-24.9497;10.2803;4550.99;6.1814;0;0;0.1;0.01;0;3.7471;0;0;-1
0;326;-21.7866;-90.7766;-25.2892;10.3383;4628.45;6.21627;0;0;0.1;0.01;0;3.98766;0;0;-1
0;327;-20.5835;-73.0901;-27.0243;10.1729;4409.84;6.11682;0;0;0.1;0.01;0;8.27829;0;0;-1
0;328;-20.3478;-59.1641;-26.3054;9.74517;3876.65;5.85963;0;0;0.1;0.01;0;7.26726;0;0;-1
0;329;-22.0221;-40.5869;-26.6596;8.61701;2680.15;5.18128;0;0;0.1;0.01;0;4.98677;0;0;-1
0;330;-21.3633;-21.105;-24.9745;10.094;4308.03;6.06938;0;0;0.1;0.01;0;6.84256;0;0;-1
0;331;-19.7223;-5.48565;-28.0859;8.5;2572.44;5.11093;0;0;0.1;0.01;0;4.6495;1;0;-1
0;332;-21.3094;11.8073;-25.7755;8.5;2572.44;5.11093;0;0;0.1;0.01;0;4.00234;1;0;-1
0;333;-22.7735;28.7627;-27.7848;8.64731;2708.52;5.1995;0;0;0.1;0.01;0;5.10259;0;0;-1
0;334;-21.2671;44.7688;-27.8824;9.74786;3879.86;5.86125;0;0;0.1;0.01;0;5.84161;0;0;-1
0;335;-21.6894;62.1716;-26.617;9.66986;3787.47;5.81435;0;0;0.1;0.01;0;6.33925;0;0;-1
0;336;-22.8434;78.7578;-27.9085;9.43208;3514.88;5.67137;0;0;0.1;0.01;0;5.6302;0;0;-1
0;337;-5.94242;-81.2675;-28.6466;9.37792;3454.68;5.63881;0;0;0.1;0.01;0;6.0933;0;0;-1
0;338;-7.91019;-66.6046;-26.3324;9.47884;3567.42;5.69949;0;0;0.1;0.01;0;6.68969;0;0;-1
0;339;-8.56256;-48.5885;-24.3804;9.13807;3196.33;5.49459;0;0;0.1;0.01;0;5.18457;0;0;-1
0;340;-8.20861;-29.6903;-25.5428;8.77274;2828.1;5.27492;0;0;0.1;0.01;0;5.5645;0;0;-1
0;341;-6.00945;-13.3258;-27.8134;9.41095;3491.31;5.65867;0;0;0.1;0.01;0;6.59635;0;0;-1
0;342;-5.49565;1.92989;-27.6452;8.53399;2603.42;5.13136;0;0;0.1;0.01;0;5.70757;0;0;-1
0;343;-6.61016;21.1293;-25.6309;9.60397;3710.57;5.77473;0;0;0.1;0.01;0;6.70059;0;0;-1
0;344;-7.09358;35.407;-27.0973;9.34522;3418.67;5.61915;0;0;0.1;0.01;0;7.48531;0;0;-1
0;345;-7.93158;51.5142;-26.0214;8.65073;2711.73;5.20156;0;0;0.1;0.01;0;5.61205;0;0;-1
0;346;-9.34305;72.1639;-24.4876;8.6207;2683.59;5.1835;0;0;0.1;0.01;0;5.03688;0;0;-1
0;347;-9.09724;88.2414;-25.6669;8.64271;2704.2;5.19674;0;0;0.1;0.01;0;3.96995;0;0;-1
0;348;9.34658;-90.4736;-25.4127;10.3115;4592.55;6.20016;0;0;0.1;0.01;0;4.27816;0;0;-1
0;349;6.59541;-75.7931;-25.3169;9.7822;3921.01;5.88189;0;0;0.1;0.01;0;6.67508;0;0;-1
0;350;9.44526;-58.6604;-25.7754;9.33001;3402;5.61;0;0;0.1;0.01;0;5.80847;0;0;-1
0;351;5.72837;-40.0288;-25.3966;9.62018;3729.39;5.78447;0;0;0.1;0.01;0;6.09763;0;0;-1
0;352;8.26863;-25.5194;-26.5958;8.72878;2785.8;5.24849;0;0;0.1;0.01;0;5.86053;0;0;-1
0;353;9.02475;-8.76546;-27.6959;10.2426;4501.11;6.15873;0;0;0.1;0.01;0;6.79808;0;0;-1
0;354;5.51837;9.93418;-25.5098;9.14542;3204.05;5.49901;0;0;0.1;0.01;0;4.58355;0;0;-1
0;355;9.43501;29.3305;-27.662;10.081;4291.4;6.06156;0;0;0.1;0.01;0;6.86128;0;0;-1
0;356;6.25357;44.0479;-25.2414;10.3766;4680.09;6.2393;0;0;0.1;0.01;0;7.20059;0;0;-1
0;357;6.86923;63.4075;-24.6224;10.1832;4423.25;6.12301;0;0;0.1;0.01;0;6.80675;0;0;-1
0;358;5.89727;78.287;-28.0018;9.05381;3108.73;5.44392;0;0;0.1;0.01;0;5.55833;0;0;-1
0;359;8.24427;95.6193;-26.8446;10.0208;4214.98;6.02536;0;0;0.1;0.01;0;2.99669;0;0;-1
0;360;22.5768;-82.3676;-25.2146;9.14669;3205.39;5.49977;0;0;0.1;0.01;0;4.65944;0;0;-1
0;361;23.7001;-65.8988;-25.4747;9.51617;3609.73;5.72193;0;0;0.1;0.01;0;5.43875;0;0;-1
0;362;23.277;-47.2921;-27.4349;10.114;4333.69;6.0814;0;0;0.1;0.01;0;6.26021;0;0;-1
0;363;22.792;-31.7617;-26.0438;9.7203;3847.05;5.84468;0;0;0.1;0.01;0;6.89755;0;0;-1
0;364;22.1284;-16.0885;-25.5885;10.0142;4206.66;6.02139;0;0;0.1;0.01;0;6.73031;0;0;-1
0;365;22.3163;1.01565;-26.8021;9.03568;3090.09;5.43302;0;0;0.1;0.01;0;5.17267;0;0;-1
0;366;23.3883;18.1879;-28.015;9.62583;3735.97;5.78787;0;0;0.1;0.01;0;6.25374;0;0;-1
0;367;23.2499;34.9346;-27.5208;9.48752;3577.23;5.70471;0;0;0.1;0.01;0;7.41921;0;0;-1
0;368;20.594;51.1112;-24.5125;9.78732;3927.17;5.88497;0;0;0.1;0.01;0;6.26006;0;0;-1
0;369;20.2901;69.1567;-26.953;9.41126;3491.66;5.65885;0;0;0.1;0.01;0;5.36076;0;0;-1
0;370;23.3595;84.5746;-24.8007;9.48309;3572.22;5.70204;0;0;0.1;0.01;0;4.89979;0;0;-1
0;371;38.0646;-75.9952;-27.101;9.08221;3138.07;5.461;0;0;0.1;0.01;0;3.94068;0;0;-1
0;372;35.2289;-56.9158;-27.0385;8.68961;2748.46;5.22494;0;0;0.1;0.01;0;5.60686;0;0;-1
0;373;37.5313;-39.9433;-26.8267;9.92192;4091.44;5.96591;0;0;0.1;0.01;0;7.96793;0;0;-1
0;374;37.6923;-23.1704;-27.6903;9.98008;4163.81;6.00088;0;0;0.1;0.01;0;7.59053;0;0;-1
0;375;37.457;-7.20885;-24.8426;9.68117;3800.77;5.82115;0;0;0.1;0.01;0;6.57077;0;0;-1
0;376;35.1265;8.91547;-26.7847;8.8148;2868.97;5.30021;0;0;0.1;0.01;0;5.30812;0;0;-1
0;377;37.228;25.3875;-24.7096;9.96675;4147.15;5.99286;0;0;0.1;0.01;0;6.87876;0;0;-1
0;378;37.0113;42.1389;-27.0971;9.84583;3998.03;5.92015;0;0;0.1;0.01;0;6.57923;0;0;-1
0;379;38.4533;63.676;-24.9022;8.5;2572.44;5.11093;0;0;0.1;0.01;0;4.58548;1;0;-1
0;380;36.7528;78.8121;-24.8766;8.5;2572.44;5.11093;0;0;0.1;0.01;0;4.35188;1;0;-1
0;381;50.4407;-66.6484;-24.7865;10.2137;4463.11;6.14135;0;0;0.1;0.01;0;5.56934;0;0;-1
0;382;49.9645;-50.7697;-25.29;10.1728;4409.71;6.11676;0;0;0.1;0.01;0;6.85277;0;0;-1
0;383;50.0716;-33.4194;-25.0278;8.55599;2623.61;5.14459;0;0;0.1;0.01;0;5.20444;0;0;-1
0;384;52.713;-15.5628;-26.8595;9.21838;3281.35;5.54288;0;0;0.1;0.01;0;6.25892;0;0;-1
0;385;51.8197;1.73379;-28.3368;10.0155;4208.3;6.02217;0;0;0.1;0.01;0;7.16892;0;0;-1
0;386;50.1085;17.7963;-28.5175;9.04577;3100.45;5.43909;0;0;0.1;0.01;0;6.1672;0;0;-1
0;387;50.3097;34.8925;-25.0681;9.38364;3461.01;5.64225;0;0;0.1;0.01;0;5.57675;0;0;-1
0;388;52.981;54.765;-24.6938;8.65695;2717.59;5.2053;0;0;0.1;0.01;0;4.3967;0;0;-1
0;389;52.2011;72.6217;-26.9413;9.78828;3928.33;5.88555;0;0;0.1;0.01;0;4.37878;0;0;-1
0;390;66.3556;-59.2021;-27.6327;8.99162;3045.11;5.40653;0;0;0.1;0.01;0;4.13311;0;0;-1
0;391;66.6345;-42.224;-25.0401;8.84857;2902.07;5.32052;0;0;0.1;0.01;0;5.48462;0;0;-1
0;392;67.485;-23.243;-24.8718;10.3678;4668.19;6.23401;0;0;0.1;0.01;0;6.5379;0;0;-1
0;393;65.5575;-5.60248;-26.9302;8.9529;3005.94;5.38325;0;0;0.1;0.01;0;6.84135;0;0;-1
0;394;66.5818;9.45414;-25.0944;9.2484;3313.51;5.56093;0;0;0.1;0.01;0;5.82323;0;0;-1
0;395;64.8736;25.4061;-25.6002;9.8348;3984.6;5.91352;0;0;0.1;0.01;0;4.80869;0;0;-1
0;396;66.3807;46.5068;-25.9032;10.0347;4232.55;6.03372;0;0;0.1;0.01;0;5.8171;0;0;-1
0;397;65.0724;62.278;-27.5213;10.0508;4252.95;6.0434;0;0;0.1;0.01;0;4.9684;0;0;-1
0;398;79.4168;-51.2634;-25.8198;10.1042;4321.1;6.07551;0;0;0.1;0.01;0;2.17811;0;0;-1
0;399;81.8803;-34.206;-24.8277;10.2512;4512.45;6.1639;0;0;0.1;0.01;0;3.41442;0;0;-1
0;400;80.7501;-16.8091;-25.3507;8.88357;2936.64;5.34156;0;0;0.1;0.01;0;4.46869;0;0;-1
0;401;79.7955;-0.230517;-26.2407;9.30496;3374.68;5.59494;0;0;0.1;0.01;0;4.87319;0;0;-1
0;402;83.2163;17.7967;-25.2713;9.79833;3940.44;5.89159;0;0;0.1;0.01;0;4.14461;0;0;-1
0;403;79.0994;33.766;-27.9911;8.5;2572.44;5.11093;0;0;0.1;0.01;0;3.36515;1;0;-1
0;404;79.3741;54.6242;-26.5431;10.3516;4646.34;6.22427;0;0;0.1;0.01;0;2.70778;0;0;-1
0;405;-98.444;0.962277;-11.806;10.2755;4544.62;6.17851;0;0;0.1;0.01;0;3.70457;0;0;-1
0;406;-84.2838;-42.0817;-11.2522;9.08598;3141.98;5.46327;0;0;0.1;0.01;0;3.46822;0;0;-1
0;407;-84.3739;-23.5393;-10.306;10.4098;4725.15;6.25926;0;0;0.1;0.01;0;5.70417;0;0;-1
0;408;-85.2149;-7.13404;-12.4844;8.91246;2965.39;5.35893;0;0;0.1;0.01;0;5.26832;0;0;-1
0;409;-83.3477;11.6477;-11.9311;10.149;4378.83;6.10245;0;0;0.1;0.01;0;5.92348;0;0;-1
0;410;-84.8136;29.1379;-12.4301;8.5;2572.44;5.11093;0;0;0.1;0.01;0;4.12921;1;0;-1
0;411;-84.0322;42.4978;-11.3139;9.39125;3469.44;5.64682;0;0;0.1;0.01;0;4.12623;0;0;-1
0;412;-70.8133;-68.4358;-10.0664;8.78734;2842.24;5.2837;0;0;0.1;0.01;0;2.13492;0;0;-1
0;413;-69.2295;-49.2672;-11.9961;9.51949;3613.51;5.72393;0;0;0.1;0.01;0;4.76803;0;0;-1
0;414;-69.892;-32.5555;-10.1375;9.37135;3447.43;5.63486;0;0;0.1;0.01;0;6.79804;0;0;-1
0;415;-72.163;-15.74;-11.6936;9.40543;3485.17;5.65535;0;0;0.1;0.01;0;6.58659;0;0;-1
0;416;-70.797;3.17393;-10.312;8.76929;2824.76;5.27285;0;0;0.1;0.01;0;6.07241;0;0;-1
0;417;-68.354;17.3749;-12.9525;8.58719;2652.42;5.16335;0;0;0.1;0.01;0;4.93299;0;0;-1
0;418;-69.4921;36.4709;-11.9887;9.59908;3704.91;5.77179;0;0;0.1;0.01;0;6.33972;0;0;-1
0;419;-71.9155;53.7836;-13.0257;8.9755;3028.76;5.39684;0;0;0.1;0.01;0;4.41662;0;0;-1
0;420;-54.2895;-75.1329;-9.72383;8.85847;2911.82;5.32647;0;0;0.1;0.01;0;3.81401;0;0;-1
0;421;-56.6175;-58.2371;-12.3489;9.39962;3478.72;5.65186;0;0;0.1;0.01;0;5.38564;0;0;-1
0;422;-57.3301;-39.2032;-10.3257;8.57706;2643.04;5.15726;0;0;0.1;0.01;0;5.56694;0;0;-1
0;423;-57.3148;-23.9558;-11.8674;8.5;2572.44;5.11093;0;0;0.1;0.01;0;5.49278;1;0;-1
0;424;-55.2371;-7.21821;-11.8117;9.00601;3059.75;5.41518;0;0;0.1;0.01;0;5.49959;0;0;-1
0;425;-54.308;8.60014;-12.5443;10.0595;4264.01;6.04863;0;0;0.1;0.01;0;5.9876;0;0;-1
0;426;-57.3395;29.7695;-12.8187;8.5;2572.44;5.11093;0;0;0.1;0.01;0;5.63714;1;0;-1
0;427;-55.1146;44.7217;-11.8298;9.28257;3350.37;5.58147;0;0;0.1;0.01;0;6.85613;0;0;-1
0;428;-57.9512;60.0334;-10.6873;9.74725;3879.14;5.86088;0;0;0.1;0.01;0;5.44982;0;0;-1
0;429;-42.789;-83.6445;-13.2542;10.0889;4301.5;6.06631;0;0;0.1;0.01;0;4.2571;0;0;-1
0;430;-39.358;-64.6281;-11.5696;9.79525;3936.73;5.88974;0;0;0.1;0.01;0;5.60909;0;0;-1
0;431;-41.0508;-49.3531;-10.6907;8.52157;2592.07;5.1239;0;0;0.1;0.01;0;5.07803;0;0;-1
0;432;-41.2254;-32.6066;-12.3605;9.80366;3946.87;5.8948;0;0;0.1;0.01;0;6.13957;0;0;-1
0;433;-42.0804;-14.3465;-13.5178;10.014;4206.41;6.02127;0;0;0.1;0.01;0;6.08365;0;0;-1
0;434;-40.9228;3.07118;-10.7868;9.48602;3575.53;5.70381;0;0;0.1;0.01;0;5.76916;0;0;-1
0;435;-39.401;20.087;-11.2085;10.0097;4200.99;6.01869;0;0;0.1;0.01;0;6.27648;0;0;-1
0;436;-42.1284;36.9042;-13.1682;9.33057;3402.62;5.61034;0;0;0.1;0.01;0;7.19821;0;0;-1
0;437;-42.6516;52.2147;-12.6265;8.5;2572.44;5.11093;0;0;0.1;0.01;0;5.05188;1;0;-1
0;438;-43.0032;70.6842;-12.5495;8.74544;2801.78;5.25851;0;0;0.1;0.01;0;4.72261;0;0;-1
0;439;-43.2511;85.1333;-13.3341;8.5;2572.44;5.11093;0;0;0.1;0.01;0;3.42499;1;0;-1
0;440;-27.9007;-93.1822;-13.0842;9.62079;3730.1;5.78484;0;0;0.1;0.01;0;4.31786;0;0;-1
0;441;-28.1473;-76.8702;-13.0064;10.1441;4372.49;6.0995;0;0;0.1;0.01;0;7.05652;0;0;-1
0;442;-24.695;-56.5742;-12.2855;10.3899;4698.1;6.2473;0;0;0.1;0.01;0;7.30673;0;0;-1
0;443;-27.3661;-41.7534;-10.1887;10.4383;4764.07;6.2764;0;0;0.1;0.01;0;7.6316;0;0;-1
0;444;-26.6312;-22.2862;-11.862;10.2193;4470.46;6.14472;0;0;0.1;0.01;0;6.64884;0;0;-1
0;445;-24.9568;-7.30556;-10.318;8.54228;2611.02;5.13635;0;0;0.1;0.01;0;4.69826;0;0;-1
0;446;-25.1412;9.14892;-10.2574;9.43114;3513.83;5.67081;0;0;0.1;0.01;0;5.17394;0;0;-1
0;447;-27.4321;28.4646;-10.5818;10.2555;4518.13;6.16648;0;0;0.1;0.01;0;6.14994;0;0;-1
0;448;-28.3084;42.9631;-10.7732;9.06343;3118.65;5.44971;0;0;0.1;0.01;0;5.62594;0;0;-1
0;449;-24.4448;59.0698;-12.845;8.80537;2859.77;5.29454;0;0;0.1;0.01;0;4.5356;0;0;-1
0;450;-24.7756;77.7008;-12.2444;9.85517;4009.41;5.92577;0;0;0.1;0.01;0;6.45212;0;0;-1
0;451;-24.8577;94.673;-14.0182;10.1999;4445.05;6.13305;0;0;0.1;0.01;0;3.54358;0;0;-1
0;452;-13.5496;-83.3087;-11.0868;8.5;2572.44;5.11093;0;0;0.1;0.01;0;4.45491;1;0;-1
0;453;-12.7696;-65.4534;-13.2557;8.5;2572.44;5.11093;0;0;0.1;0.01;0;5.52606;1;0;-1
0;454;-12.6942;-48.4368;-9.71435;9.49539;3586.14;5.70944;0;0;0.1;0.01;0;6.60584;0;0;-1
0;455;-11.4446;-32.3612;-11.7604;10.4018;4714.27;6.25445;0;0;0.1;0.01;0;7.25674;0;0;-1
0;456;-10.3975;-14.2734;-10.7232;8.5;2572.44;5.11093;0;0;0.1;0.01;0;6.06012;1;0;-1
0;457;-10.7184;0.963172;-11.6015;10.2021;4447.92;6.13437;0;0;0.1;0.01;0;7.15999;0;0;-1
0;458;-10.7312;16.9686;-11.6263;9.08701;3143.05;5.46389;0;0;0.1;0.01;0;5.76895;0;0;-1
0;459;-11.5948;34.2436;-12.5392;8.56015;2627.44;5.14709;0;0;0.1;0.01;0;4.61885;0;0;-1
0;460;-10.3541;50.9681;-10.6084;8.54843;2616.66;5.14005;0;0;0.1;0.01;0;5.22189;0;0;-1
0;461;-10.5267;67.4143;-11.6313;9.0735;3129.05;5.45576;0;0;0.1;0.01;0;5.90959;0;0;-1
0;462;-11.7001;87.2569;-12.4331;8.5;2572.44;5.11093;0;0;0.1;0.01;0;4.79337;1;0;-1
0;463;4.39547;-91.5503;-10.5868;8.69412;2752.74;5.22765;0;0;0.1;0.01;0;3.76616;0;0;-1
0;464;1.54508;-75.9966;-12.1284;8.5;2572.44;5.11093;0;0;0.1;0.01;0;5.49138;1;0;-1
0;465;1.34543;-59.4809;-12.8539;8.86284;2916.13;5.3291;0;0;0.1;0.01;0;6.06195;0;0;-1
0;466;1.67949;-41.2604;-12.6234;9.63019;3741.05;5.79049;0;0;0.1;0.01;0;6.53519;0;0;-1
0;467;1.26741;-21.5661;-10.4643;9.21799;3280.93;5.54264;0;0;0.1;0.01;0;6.6091;0;0;-1
0;468;1.59529;-7.4465;-12.1211;8.63646;2698.34;5.19298;0;0;0.1;0.01;0;6.12677;0;0;-1
0;469;3.27823;8.17265;-12.2754;10.1133;4332.79;6.08098;0;0;0.1;0.01;0;6.21192;0;0;-1
0;470;3.18954;25.1299;-13.5585;9.05314;3108.04;5.44352;0;0;0.1;0.01;0;4.72137;0;0;-1
0;471;1.98824;43.7648;-10.4984;9.3009;3370.26;5.5925;0;0;0.1;0.01;0;5.57737;0;0;-1
0;472;2.33574;59.5224;-10.7487;9.45512;3540.71;5.68523;0;0;0.1;0.01;0;6.58796;0;0;-1
0;473;2.70766;76.7483;-10.3951;8.91847;2971.39;5.36255;0;0;0.1;0.01;0;6.03184;0;0;-1
0;474;3.0998;94.0402;-11.4645;10.2647;4530.3;6.17202;0;0;0.1;0.01;0;4.45924;0;0;-1
0;475;18.8206;-85.1798;-10.541;9.35595;3430.46;5.6256;0;0;0.1;0.01;0;5.79963;0;0;-1
0;476;16.0709;-68.1921;-10.5187;9.47166;3559.32;5.69517;0;0;0.1;0.01;0;6.35383;0;0;-1
0;477;15.9631;-51.4722;-9.87634;9.86583;4022.44;5.93218;0;0;0.1;0.01;0;5.77829;0;0;-1
0;478;15.5238;-33.3888;-10.5252;9.65096;3765.3;5.80298;0;0;0.1;0.01;0;5.74338;0;0;-1
0;479;16.0356;-16.3002;-11.4663;8.57311;2639.39;5.15489;0;0;0.1;0.01;0;5.90975;0;0;-1
0;480;16.4164;1.11619;-11.4606;9.38448;3461.94;5.64275;0;0;0.1;0.01;0;5.57953;0;0;-1
0;481;19.4895;20.9033;-10.8773;9.88972;4051.73;5.94655;0;0;0.1;0.01;0;6.04787;0;0;-1
0;482;19.6244;38.1926;-13.1702;8.5;2572.44;5.11093;0;0;0.1;0.01;0;5.08477;1;0;-1
0;483;18.1861;54.5344;-11.468;8.5;2572.44;5.11093;0;0;0.1;0.01;0;4.93203;1;0;-1
0;484;17.3052;71.4364;-10.3237;10.3965;4707.06;6.25126;0;0;0.1;0.01;0;7.11121;0;0;-1
0;485;15.701;84.9761;-12.5747;8.5;2572.44;5.11093;0;0;0.1;0.01;0;5.45057;1;0;-1
0;486;31.9439;-93.724;-12.0448;8.83098;2884.8;5.30994;0;0;0.1;0.01;0;1.85882;0;0;-1
0;487;33.3611;-76.6502;-12.3216;9.41174;3492.19;5.65914;0;0;0.1;0.01;0;5.65303;0;0;-1
0;488;32.8899;-55.3908;-10.3538;9.45135;3536.47;5.68296;0;0;0.1;0.01;0;4.99242;0;0;-1
0;489;34.1668;-38.8924;-10.1234;9.62386;3733.67;5.78669;0;0;0.1;0.01;0;6.14317;0;0;-1
0;490;31.2311;-21.356;-12.2791;9.89423;4057.28;5.94926;0;0;0.1;0.01;0;7.10828;0;0;-1
0;491;33.138;-6.34119;-10.7802;8.88235;2935.43;5.34083;0;0;0.1;0.01;0;5.56197;0;0;-1
0;492;33.5014;11.7953;-12.9115;10.3784;4682.52;6.24038;0;0;0.1;0.01;0;7.01852;0;0;-1
0;493;31.4718;29.0523;-10.832;9.24443;3309.25;5.55854;0;0;0.1;0.01;0;6.82051;0;0;-1
0;494;33.5344;46.2627;-13.251;9.56238;3662.58;5.74972;0;0;0.1;0.01;0;5.98956;0;0;-1
0;495;32.789;63.487;-10.3661;8.6173;2680.42;5.18146;0;0;0.1;0.01;0;5.98467;0;0;-1
0;496;32.2671;79.3789;-10.1283;10.0567;4260.45;6.04695;0;0;0.1;0.01;0;6.38649;0;0;-1
0;497;45.9676;-82.9393;-10.7918;8.5;2572.44;5.11093;0;0;0.1;0.01;0;4.15451;1;0;-1
0;498;48.1302;-67.8885;-11.4549;9.53328;3629.24;5.73222;0;0;0.1;0.01;0;6.0122;0;0;-1
0;499;47.701;-47.7308;-11.9699;9.34097;3414.01;5.61659;0;0;0.1;0.01;0;6.1151;0;0;-1
0;500;48.6163;-31.7039;-12.5277;9.05733;3112.36;5.44604;0;0;0.1;0.01;0;5.54073;0;0;-1
0;501;45.5567;-14.7377;-10.9509;9.15165;3210.6;5.50275;0;0;0.1;0.01;0;6.26705;0;0;-1
0;502;46.594;0.435423;-11.0282;10.1585;4391.14;6.10816;0;0;0.1;0.01;0;7.44518;0;0;-1
0;503;47.7349;18.1166;-13.4353;10.1742;4411.53;6.1176;0;0;0.1;0.01;0;7.74575;0;0;-1
0;504;47.8981;34.652;-10.5445;9.51622;3609.79;5.72196;0;0;0.1;0.01;0;6.42746;0;0;-1
0;505;45.9446;55.1936;-12.4959;8.5;2572.44;5.11093;0;0;0.1;0.01;0;5.01961;1;0;-1
0;506;46.2859;68.4947;-10.0101;9.24156;3306.16;5.55682;0;0;0.1;0.01;0;6.1699;0;0;-1
0;507;47.6978;85.6413;-13.0937;8.6403;2701.94;5.19529;0;0;0.1;0.01;0;2.33842;0;0;-1
0;508;61.0923;-74.2493;-11.2881;10.3036;4582.01;6.19541;0;0;0.1;0.01;0;3.19864;0;0;-1
0;509;60.3089;-56.0654;-13.3032;9.61516;3723.56;5.78146;0;0;0.1;0.01;0;6.39421;0;0;-1
0;510;61.4403;-42.1475;-11.6214;9.39919;3478.24;5.6516;0;0;0.1;0.01;0;6.41259;0;0;-1
0;511;62.5794;-25.7835;-11.866;9.28468;3352.66;5.58274;0;0;0.1;0.01;0;5.84258;0;0;-1
0;512;62.7419;-7.6509;-11.4991;9.83406;3983.7;5.91308;0;0;0.1;0.01;0;6.46661;0;0;-1
0;513;60.7347;9.37219;-12.8128;10.2245;4477.29;6.14784;0;0;0.1;0.01;0;6.65754;0;0;-1
0;514;61.9729;28.7531;-10.2213;9.92591;4096.37;5.96831;0;0;0.1;0.01;0;6.3079;0;0;-1
0;515;62.6715;45.9879;-11.1296;9.50542;3597.51;5.71547;0;0;0.1;0.01;0;5.70431;0;0;-1
0;516;63.2365;63.5909;-10.8025;10.0981;4313.28;6.07184;0;0;0.1;0.01;0;5.33256;0;0;-1
0;517;61.0466;77.9259;-13.7924;8.90529;2958.24;5.35462;0;0;0.1;0.01;0;2.7719;0;0;-1
0;518;77.6019;-47.5329;-10.8078;8.5;2572.44;5.11093;0;0;0.1;0.01;0;3.89142;1;0;-1
0;519;77.3363;-30.0343;-11.2393;8.60685;2670.68;5.17517;0;0;0.1;0.01;0;5.62907;0;0;-1
0;520;75.2999;-14.4397;-10.854;10.4528;4783.95;6.28512;0;0;0.1;0.01;0;7.80128;0;0;-1
0;521;74.9408;1.11982;-10.9984;8.5;2572.44;5.11093;0;0;0.1;0.01;0;6.16636;1;0;-1
0;522;76.6073;18.0084;-13.3357;8.69993;2758.26;5.23114;0;0;0.1;0.01;0;5.74948;0;0;-1
0;523;75.0681;34.854;-12.7092;8.5;2572.44;5.11093;0;0;0.1;0.01;0;5.25369;1;0;-1
0;524;75.3415;51.4812;-10.2313;9.24246;3307.13;5.55736;0;0;0.1;0.01;0;5.72038;0;0;-1
0;525;89.584;-22.1749;-11.9545;8.5;2572.44;5.11093;0;0;0.1;0.01;0;3.7908;1;0;-1
0;526;90.0684;-4.24996;-10.1457;9.67018;3787.85;5.81454;0;0;0.1;0.01;0;4.12114;0;0;-1
0;527;89.5556;12.0091;-11.0206;8.94815;3001.15;5.38039;0;0;0.1;0.01;0;4.80312;0;0;-1
0;528;89.4262;27.0288;-11.195;8.57982;2645.59;5.15892;0;0;0.1;0.01;0;4.51436;0;0;-1
0;529;89.238;43.5662;-9.84155;10.0381;4236.85;6.03576;0;0;0.1;0.01;0;3.29348;0;0;-1
0;530;-93.9372;-16.5762;2.39782;9.45997;3546.16;5.68814;0;0;0.1;0.01;0;3.17039;0;0;-1
0;531;-95.6861;2.72784;3.42897;9.65336;3768.11;5.80443;0;0;0.1;0.01;0;3.78455;0;0;-1
0;532;-95.9061;18.6856;2.16303;10.2032;4449.36;6.13504;0;0;0.1;0.01;0;3.23968;0;0;-1
0;533;-79.6794;-55.9187;3.03851;8.5;2572.44;5.11093;0;0;0.1;0.01;0;2.63987;1;0;-1
0;534;-82.626;-41.5251;4.68379;9.80047;3943.02;5.89288;0;0;0.1;0.01;0;4.17584;0;0;-1
0;535;-80.5992;-23.2242;2.97405;9.80139;3944.13;5.89343;0;0;0.1;0.01;0;6.4533;0;0;-1
0;536;-79.8644;-6.13619;3.72835;9.46528;3552.13;5.69134;0;0;0.1;0.01;0;5.92505;0;0;-1
0;537;-81.7934;10.3552;2.71512;8.90491;2957.86;5.35439;0;0;0.1;0.01;0;4.70874;0;0;-1
0;538;-80.6011;25.4926;1.21028;8.5;2572.44;5.11093;0;0;0.1;0.01;0;3.69472;1;0;-1
0;539;-82.681;44.074;2.76673;10.2457;4505.19;6.16059;0;0;0.1;0.01;0;4.42209;0;0;-1
0;540;-78.9075;61.1274;3.37707;9.4202;3501.62;5.66423;0;0;0.1;0.01;0;2.55763;0;0;-1
0;541;-63.8871;-65.5071;1.681;8.86781;2921.04;5.33209;0;0;0.1;0.01;0;4.00797;0;0;-1
0;542;-64.2779;-47.2867;4.39627;10.2617;4526.33;6.17021;0;0;0.1;0.01;0;6.23399;0;0;-1
0;543;-68.392;-33.0476;3.55132;8.92266;2975.58;5.36507;0;0;0.1;0.01;0;5.75819;0;0;-1
0;544;-67.7971;-14.8221;1.72235;10.4365;4761.6;6.27532;0;0;0.1;0.01;0;6.92696;0;0;-1
0;545;-67.1959;0.399829;3.73395;10.3306;4618.12;6.21164;0;0;0.1;0.01;0;6.93413;0;0;-1
0;546;-64.7286;17.1278;3.36812;10.4477;4776.95;6.28205;0;0;0.1;0.01;0;6.01948;0;0;-1
0;547;-65.179;36.5253;3.09572;10.4249;4745.74;6.26834;0;0;0.1;0.01;0;6.60306;0;0;-1
0;548;-65.5656;52.0306;3.22565;9.47993;3568.65;5.70014;0;0;0.1;0.01;0;5.47899;0;0;-1
0;549;-64.943;70.4116;3.16927;8.5;2572.44;5.11093;0;0;0.1;0.01;0;2.34998;1;0;-1
0;550;-49.9096;-75.3351;3.23586;8.5823;2647.89;5.16041;0;0;0.1;0.01;0;5.00579;0;0;-1
0;551;-50.3444;-59.3878;4.2114;8.71413;2771.79;5.23968;0;0;0.1;0.01;0;5.50737;0;0;-1
0;552;-50.9506;-42.3317;3.3367;8.72965;2786.63;5.24901;0;0;0.1;0.01;0;5.4624;0;0;-1
0;553;-52.1127;-24.4712;3.65187;8.58632;2651.61;5.16283;0;0;0.1;0.01;0;4.18524;0;0;-1
0;554;-49.6357;-5.37896;2.15458;8.5;2572.44;5.11093;0;0;0.1;0.01;0;4.35457;1;0;-1
0;555;-52.3007;10.0564;3.74937;8.5;2572.44;5.11093;0;0;0.1;0.01;0;4.98585;1;0;-1
0;556;-52.7519;25.8403;2.70321;8.5;2572.44;5.11093;0;0;0.1;0.01;0;5.48544;1;0;-1
0;557;-50.2684;42.9866;5.11485;9.8444;3996.28;5.91929;0;0;0.1;0.01;0;5.9739;0;0;-1
0;558;-50.7568;63.4599;1.83139;9.04923;3104.01;5.44117;0;0;0.1;0.01;0;5.21441;0;0;-1
0;559;-51.4572;78.1166;1.28587;9.76208;3896.87;5.8698;0;0;0.1;0.01;0;4.43745;0;0;-1
0;560;-34.9758;-84.0143;3.4411;9.36644;3442.01;5.6319;0;0;0.1;0.01;0;5.1552;0;0;-1
0;561;-38.5004;-67.384;3.24566;9.15764;3216.91;5.50636;0;0;0.1;0.01;0;5.35509;0;0;-1
0;562;-36.7029;-50.3937;4.12164;8.5;2572.44;5.11093;0;0;0.1;0.01;0;5.17431;1;0;-1
0;563;-35.8347;-32.6219;2.6789;9.95707;4135.07;5.98704;0;0;0.1;0.01;0;6.05417;0;0;-1
0;564;-38.0765;-14.0887;3.15521;8.97516;3028.41;5.39663;0;0;0.1;0.01;0;4.98521;0;0;-1
0;565;-36.6325;3.18157;4.03612;8.90095;2953.91;5.35201;0;0;0.1;0.01;0;5.85631;0;0;-1
0;566;-38.1399;19.9756;2.91742;10.1518;4382.46;6.10413;0;0;0.1;0.01;0;6.86691;0;0;-1
0;567;-38.197;36.3075;1.027;8.89588;2948.87;5.34896;0;0;0.1;0.01;0;5.93263;0;0;-1
0;568;-35.4157;50.8437;2.86273;9.82839;3976.82;5.90967;0;0;0.1;0.01;0;5.01494;0;0;-1
0;569;-35.7464;71.7426;1.34239;10.4423;4769.55;6.2788;0;0;0.1;0.01;0;6.28743;0;0;-1
0;570;-35.3286;87.889;3.29171;9.58234;3685.56;5.76172;0;0;0.1;0.01;0;5.1448;0;0;-1
0;571;-20.7814;-93.6562;1.59843;9.51832;3612.18;5.72323;0;0;0.1;0.01;0;4.3131;0;0;-1
0;572;-20.5641;-76.6062;4.59503;8.53528;2604.61;5.13214;0;0;0.1;0.01;0;5.26481;0;0;-1
0;573;-23.62;-57.6377;1.5406;9.2155;3278.27;5.54115;0;0;0.1;0.01;0;6.00486;0;0;-1
0;574;-23.2226;-40.3618;2.14668;9.25268;3318.11;5.5635;0;0;0.1;0.01;0;6.41623;0;0;-1
0;575;-21.1662;-23.0788;3.5681;8.5;2572.44;5.11093;0;0;0.1;0.01;0;5.39938;1;0;-1
0;576;-20.5778;-5.1957;3.34474;8.55675;2624.31;5.14505;0;0;0.1;0.01;0;6.16229;0;0;-1
0;577;-20.1935;9.99507;4.07112;10.1133;4332.79;6.08098;0;0;0.1;0.01;0;6.89992;0;0;-1
0;578;-23.9387;27.5209;1.88854;8.5874;2652.61;5.16348;0;0;0.1;0.01;0;3.9924;0;0;-1
0;579;-19.9314;46.9974;1.82772;9.19996;3261.72;5.5318;0;0;0.1;0.01;0;4.54721;0;0;-1
0;580;-22.0309;63.325;2.16595;9.89483;4058.01;5.94962;0;0;0.1;0.01;0;6.6592;0;0;-1
0;581;-22.1867;77.5572;1.90866;9.60554;3712.39;5.77567;0;0;0.1;0.01;0;6.19858;0;0;-1
0;582;-23.3704;96.2371;1.35958;9.90756;4073.7;5.95727;0;0;0.1;0.01;0;3.41908;0;0;-1
0;583;-7.07139;-98.9515;0.927502;10.0776;4287.06;6.05951;0;0;0.1;0.01;0;2.97363;0;0;-1
0;584;-5.64754;-81.0544;3.7135;8.73414;2790.93;5.25171;0;0;0.1;0.01;0;5.62598;0;0;-1
0;585;-9.08332;-66.646;2.77037;10.3839;4689.97;6.24369;0;0;0.1;0.01;0;5.75153;0;0;-1
0;586;-7.63365;-49.2526;2.31305;8.64791;2709.08;5.19986;0;0;0.1;0.01;0;5.0954;0;0;-1
0;587;-7.46727;-29.9755;2.51774;9.4445;3528.79;5.67884;0;0;0.1;0.01;0;6.352;0;0;-1
0;588;-8.78057;-14.1936;3.11782;9.71029;3835.18;5.83866;0;0;0.1;0.01;0;6.88179;0;0;-1
0;589;-7.89163;1.80638;3.77567;8.5;2572.44;5.11093;0;0;0.1;0.01;0;5.90024;1;0;-1
0;590;-6.29888;17.3572;1.33943;8.51996;2590.61;5.12293;0;0;0.1;0.01;0;5.93124;0;0;-1
0;591;-6.1651;34.6553;3.7066;9.22465;3288.05;5.54665;0;0;0.1;0.01;0;5.50759;0;0;-1
0;592;-5.76413;51.8013;3.54068;8.5;2572.44;5.11093;0;0;0.1;0.01;0;5.86908;1;0;-1
0;593;-7.5681;71.7851;2.33183;10.3283;4615.04;6.21026;0;0;0.1;0.01;0;6.85532;0;0;-1
0;594;-9.20686;88.3792;3.68024;9.77079;3907.31;5.87503;0;0;0.1;0.01;0;4.97525;0;0;-1
0;595;8.04015;-92.1709;3.09924;8.71605;2773.63;5.24083;0;0;0.1;0.01;0;4.7065;0;0;-1
0;596;8.63223;-76.0919;1.82625;9.61678;3725.44;5.78243;0;0;0.1;0.01;0;7.03886;0;0;-1
0;597;5.95539;-58.9228;1.68543;10.096;4310.59;6.07058;0;0;0.1;0.01;0;6.92058;0;0;-1
0;598;7.03723;-42.7389;3.59325;9.83689;3987.15;5.91478;0;0;0.1;0.01;0;6.72786;0;0;-1
0;599;7.54435;-24.9382;1.84749;9.5353;3631.55;5.73344;0;0;0.1;0.01;0;6.50656;0;0;-1
0;600;9.35897;-8.46434;4.44264;10.1237;4346.17;6.08723;0;0;0.1;0.01;0;5.93143;0;0;-1
0;601;5.73454;10.4485;2.7763;8.89902;2951.99;5.35085;0;0;0.1;0.01;0;4.95915;0;0;-1
0;602;7.6293;25.4217;2.11993;9.91149;4078.55;5.95964;0;0;0.1;0.01;0;6.08705;0;0;-1
0;603;8.38379;44.0585;2.35295;8.5;2572.44;5.11093;0;0;0.1;0.01;0;5.04462;1;0;-1
0;604;6.90993;60.3899;1.62311;8.5;2572.44;5.11093;0;0;0.1;0.01;0;5.65755;1;0;-1
0;605;8.80097;76.5044;2.68538;8.62821;2690.61;5.18802;0;0;0.1;0.01;0;5.79866;0;0;-1
0;606;5.61112;97.9066;1.52579;9.70502;3828.93;5.83549;0;0;0.1;0.01;0;2.82576;0;0;-1
0;607;20.456;-85.2861;2.17783;8.5;2572.44;5.11093;0;0;0.1;0.01;0;4.1526;1;0;-1
0;608;23.7047;-66.3233;2.73956;10.1485;4378.19;6.10215;0;0;0.1;0.01;0;5.92301;0;0;-1
0;609;22.3804;-47.3591;4.38313;8.61569;2678.91;5.18049;0;0;0.1;0.01;0;4.5831;0;0;-1
0;610;21.738;-31.0856;1.47775;8.5;2572.44;5.11093;0;0;0.1;0.01;0;5.78972;1;0;-1
0;611;21.4325;-14.7084;1.49809;8.5;2572.44;5.11093;0;0;0.1;0.01;0;5.46993;1;0;-1
0;612;23.2019;4.33763;1.19761;9.49255;3582.92;5.70773;0;0;0.1;0.01;0;5.44719;0;0;-1
0;613;23.389;20.8316;4.67396;9.56391;3664.33;5.75064;0;0;0.1;0.01;0;6.83725;0;0;-1
0;614;21.9826;37.3004;4.96693;8.5;2572.44;5.11093;0;0;0.1;0.01;0;5.65934;1;0;-1
0;615;22.7756;51.4226;3.72261;9.88732;4048.78;5.9451;0;0;0.1;0.01;0;6.64398;0;0;-1
0;616;21.1321;67.7532;1.65666;9.16445;3224.09;5.51045;0;0;0.1;0.01;0;5.95694;0;0;-1
0;617;21.4033;89.496;1.13839;10.1186;4339.6;6.08417;0;0;0.1;0.01;0;4.04348;0;0;-1
0;618;38.0425;-75.9238;1.66133;9.44408;3528.32;5.67859;0;0;0.1;0.01;0;6.03226;0;0;-1
0;619;38.5514;-59.5998;4.02357;8.64248;2703.98;5.1966;0;0;0.1;0.01;0;5.22654;0;0;-1
0;620;34.9001;-40.1485;3.41607;8.9796;3032.91;5.3993;0;0;0.1;0.01;0;5.44904;0;0;-1
0;621;35.0445;-25.7235;1.2005;9.54414;3641.66;5.73875;0;0;0.1;0.01;0;6.10553;0;0;-1
0;622;38.0189;-8.84892;4.48427;9.35846;3433.22;5.62711;0;0;0.1;0.01;0;6.01347;0;0;-1
0;623;37.2346;9.08572;1.45783;9.51894;3612.89;5.7236;0;0;0.1;0.01;0;5.747;0;0;-1
0;624;36.6659;27.2513;2.8765;9.98295;4167.4;6.0026;0;0;0.1;0.01;0;6.51322;0;0;-1
0;625;35.9271;44.5367;1.21422;10.3932;4702.58;6.24928;0;0;0.1;0.01;0;6.87922;0;0;-1
0;626;36.1018;62.7059;3.8295;10.293;4567.88;6.18903;0;0;0.1;0.01;0;7.82427;0;0;-1
0;627;37.6615;80.0033;2.52833;10.395;4705.03;6.25036;0;0;0.1;0.01;0;5.13866;0;0;-1
0;628;50.8427;-83.5345;2.89734;8.5;2572.44;5.11093;0;0;0.1;0.01;0;2.98651;1;0;-1
0;629;52.1841;-64.6102;4.04306;9.83279;3982.16;5.91231;0;0;0.1;0.01;0;5.58577;0;0;-1
0;630;50.3187;-48.4688;3.25943;10.1367;4362.93;6.09505;0;0;0.1;0.01;0;6.36134;0;0;-1
0;631;53.4017;-33.6507;4.79433;8.5;2572.44;5.11093;0;0;0.1;0.01;0;5.81067;1;0;-1
0;632;51.3828;-15.8297;2.99775;8.60239;2666.53;5.17249;0;0;0.1;0.01;0;5.11782;0;0;-1
0;633;52.1593;1.13509;2.46625;8.51441;2585.55;5.11959;0;0;0.1;0.01;0;5.43526;0;0;-1
0;634;52.3766;17.0438;1.66457;9.47502;3563.11;5.69719;0;0;0.1;0.01;0;7.31101;0;0;-1
0;635;50.1838;34.3852;2.73779;9.80689;3950.78;5.89674;0;0;0.1;0.01;0;6.23199;0;0;-1
0;636;51.377;54.6297;4.70102;8.5;2572.44;5.11093;0;0;0.1;0.01;0;5.01763;1;0;-1
0;637;50.0073;67.7109;3.25835;9.09874;3155.24;5.47094;0;0;0.1;0.01;0;4.69983;0;0;-1
0;638;68.0567;-56.0647;4.68417;9.91865;4087.39;5.96394;0;0;0.1;0.01;0;4.38678;0;0;-1
0;639;67.5939;-39.0436;2.40133;9.67029;3787.97;5.81461;0;0;0.1;0.01;0;7.08931;0;0;-1
0;640;64.7297;-24.1595;3.89622;8.59961;2663.94;5.17082;0;0;0.1;0.01;0;5.67696;0;0;-1
0;641;67.824;-6.65608;4.4312;8.5;2572.44;5.11093;0;0;0.1;0.01;0;4.86796;1;0;-1
0;642;65.6307;12.1992;3.8379;10.2544;4516.68;6.16582;0;0;0.1;0.01;0;6.72108;0;0;-1
0;643;65.4872;25.9306;3.94626;8.5;2572.44;5.11093;0;0;0.1;0.01;0;6.0987;1;0;-1
0;644;66.9162;44.3117;4.35981;9.40417;3483.77;5.65459;0;0;0.1;0.01;0;5.698;0;0;-1
0;645;67.4213;60.1761;4.32462;9.78995;3930.34;5.88655;0;0;0.1;0.01;0;4.46639;0;0;-1
0;646;82.3293;-47.3948;5.10751;9.16647;3226.23;5.51167;0;0;0.1;0.01;0;3.67489;0;0;-1
0;647;82.1701;-33.108;3.18246;10.4059;4719.84;6.25692;0;0;0.1;0.01;0;5.82393;0;0;-1
0;648;81.3962;-15.7974;3.84295;9.58771;3691.76;5.76495;0;0;0.1;0.01;0;6.4894;0;0;-1
0;649;79.7733;0.0574291;1.87304;9.17655;3236.88;5.51773;0;0;0.1;0.01;0;5.73005;0;0;-1
0;650;80.9755;18.2564;2.44543;9.17519;3235.44;5.51691;0;0;0.1;0.01;0;6.64447;0;0;-1
0;651;82.5352;36.106;4.09246;10.3563;4652.67;6.22709;0;0;0.1;0.01;0;5.5536;0;0;-1
0;652;82.803;55.2986;4.89699;9.98006;4163.78;6.00087;0;0;0.1;0.01;0;2.84884;0;0;-1
0;653;95.8385;-23.3874;2.10249;10.372;4673.86;6.23653;0;0;0.1;0.01;0;3.62891;0;0;-1
0;654;96.3571;-7.56357;4.22284;9.30892;3378.99;5.59732;0;0;0.1;0.01;0;3.40706;0;0;-1
0;655;94.5274;12.115;1.93334;9.59168;3696.35;5.76734;0;0;0.1;0.01;0;4.21346;0;0;-1
0;656;94.3105;26.6296;4.48096;10.0281;4224.2;6.02975;0;0;0.1;0.01;0;4.46544;0;0;-1
0;657;-86.8352;-40.7534;19.2025;10.0139;4206.28;6.02121;0;0;0.1;0.01;0;3.22287;0;0;-1
0;658;-85.0801;-21.1778;18.5603;9.39531;3473.94;5.64926;0;0;0.1;0.01;0;3.28276;0;0;-1
0;659;-84.8791;-4.98714;19.2722;9.9256;4095.99;5.96812;0;0;0.1;0.01;0;4.60395;0;0;-1
0;660;-86.6487;10.4796;17.1893;9.41782;3498.97;5.6628;0;0;0.1;0.01;0;4.71587;0;0;-1
0;661;-85.7247;27.1086;18.3067;8.5;2572.44;5.11093;0;0;0.1;0.01;0;3.21766;1;0;-1
0;662;-84.2591;45.3304;18.9264;8.68184;2741.09;5.22026;0;0;0.1;0.01;0;2.72784;0;0;-1
0;663;-72.1133;-63.6402;19.8411;9.46219;3548.65;5.68948;0;0;0.1;0.01;0;3.35551;0;0;-1
0;664;-70.8135;-48.5637;16.6704;9.04696;3101.68;5.43981;0;0;0.1;0.01;0;6.11231;0;0;-1
0;665;-68.9841;-33.8721;19.187;8.5;2572.44;5.11093;0;0;0.1;0.01;0;5.46696;1;0;-1
0;666;-71.9585;-13.1857;19.0208;9.90376;4069.01;5.95499;0;0;0.1;0.01;0;7.23461;0;0;-1
0;667;-69.3869;2.17645;19.7056;9.7357;3865.36;5.85394;0;0;0.1;0.01;0;6.93169;0;0;-1
0;668;-70.2507;18.641;19.3032;9.64972;3763.85;5.80224;0;0;0.1;0.01;0;5.80236;0;0;-1
0;669;-70.2941;34.258;16.7459;8.77909;2834.24;5.27874;0;0;0.1;0.01;0;4.32404;0;0;-1
0;670;-70.2554;52.8819;16.266;8.5;2572.44;5.11093;0;0;0.1;0.01;0;3.91654;1;0;-1
0;671;-58.0215;-74.9462;17.1173;10.065;4271;6.05194;0;0;0.1;0.01;0;4.51548;0;0;-1
0;672;-57.4974;-58.6524;18.7018;9.47117;3558.77;5.69488;0;0;0.1;0.01;0;6.43802;0;0;-1
0;673;-56.2012;-39.5351;17.456;10.2399;4497.55;6.1571;0;0;0.1;0.01;0;7.40138;0;0;-1
0;674;-57.0832;-23.2695;16.9118;8.9323;2985.23;5.37086;0;0;0.1;0.01;0;5.73193;0;0;-1
0;675;-55.1865;-6.46346;16.0512;9.97374;4155.88;5.99707;0;0;0.1;0.01;0;6.24463;0;0;-1
0;676;-57.1287;8.61418;17.4094;8.70387;2762.01;5.23351;0;0;0.1;0.01;0;5.38373;0;0;-1
0;677;-55.3815;26.7737;16.7936;9.65507;3770.12;5.80545;0;0;0.1;0.01;0;5.70875;0;0;-1
0;678;-54.9723;46.9005;18.9417;8.5;2572.44;5.11093;0;0;0.1;0.01;0;4.3512;1;0;-1
0;679;-53.9888;61.9343;18.2831;8.67427;2733.93;5.21571;0;0;0.1;0.01;0;3.80709;0;0;-1
0;680;-53.7954;78.0471;19.6593;9.60026;3706.27;5.7725;0;0;0.1;0.01;0;2.63939;0;0;-1
0;681;-41.6972;-84.6152;16.848;9.64536;3758.75;5.79962;0;0;0.1;0.01;0;4.32878;0;0;-1
0;682;-40.6328;-67.4676;17.7333;8.98447;3037.85;5.40223;0;0;0.1;0.01;0;5.51492;0;0;-1
0;683;-40.4636;-47.7801;16.738;9.09298;3149.25;5.46748;0;0;0.1;0.01;0;5.25966;0;0;-1
0;684;-42.5314;-33.0274;18.1935;9.56256;3662.78;5.74983;0;0;0.1;0.01;0;6.35453;0;0;-1
0;685;-42.1559;-13.7542;16.4895;8.5;2572.44;5.11093;0;0;0.1;0.01;0;4.91732;1;0;-1
0;686;-39.9917;2.28009;17.7215;8.8338;2887.56;5.31164;0;0;0.1;0.01;0;5.08312;0;0;-1
0;687;-42.2102;18.6847;18.4634;8.81873;2872.81;5.30257;0;0;0.1;0.01;0;5.43338;0;0;-1
0;688;-41.1628;33.7362;18.2742;8.97255;3025.77;5.39506;0;0;0.1;0.01;0;5.19099;0;0;-1
0;689;-39.7069;53.2131;18.5404;8.97931;3032.62;5.39913;0;0;0.1;0.01;0;4.73804;0;0;-1
0;690;-39.5875;71.4836;16.3965;10.2106;4459.05;6.13949;0;0;0.1;0.01;0;5.90363;0;0;-1
0;691;-41.5962;87.7452;18.5448;8.98874;3042.18;5.4048;0;0;0.1;0.01;0;2.92968;0;0;-1
0;692;-27.7616;-93.4551;16.8247;10.4523;4783.26;6.28482;0;0;0.1;0.01;0;3.97972;0;0;-1
0;693;-27.5101;-72.8542;18.5004;9.83112;3980.13;5.91131;0;0;0.1;0.01;0;6.16625;0;0;-1
0;694;-25.3716;-56.7103;16.2816;8.5;2572.44;5.11093;0;0;0.1;0.01;0;4.44973;1;0;-1
0;695;-24.507;-40.3774;17.8464;8.88227;2935.35;5.34078;0;0;0.1;0.01;0;5.48797;0;0;-1
0;696;-28.3583;-24.7245;16.3176;9.59361;3698.58;5.7685;0;0;0.1;0.01;0;6.04867;0;0;-1
0;697;-28.3814;-7.18506;16.0098;9.33032;3402.34;5.61019;0;0;0.1;0.01;0;5.29378;0;0;-1
0;698;-26.9606;10.6784;16.4883;9.60486;3711.6;5.77526;0;0;0.1;0.01;0;6.09201;0;0;-1
0;699;-27.4543;28.0469;17.3633;9.05772;3112.76;5.44628;0;0;0.1;0.01;0;5.12879;0;0;-1
0;700;-25.4593;45.93;17.634;9.58543;3689.13;5.76358;0;0;0.1;0.01;0;5.76678;0;0;-1
0;701;-28.1564;62.0556;16.4031;9.01678;3070.74;5.42166;0;0;0.1;0.01;0;5.90433;0;0;-1
0;702;-27.4133;80.4149;16.3145;10.1887;4430.42;6.12632;0;0;0.1;0.01;0;5.89018;0;0;-1
0;703;-13.2929;-83.6104;17.6374;9.77088;3907.42;5.87509;0;0;0.1;0.01;0;5.45568;0;0;-1
0;704;-13.7348;-65.6439;17.0251;8.5;2572.44;5.11093;0;0;0.1;0.01;0;4.20821;1;0;-1
0;705;-11.1819;-47.5342;16.2683;9.7905;3931;5.88689;0;0;0.1;0.01;0;5.45024;0;0;-1
0;706;-12.3558;-30.783;19.342;8.63701;2698.85;5.19331;0;0;0.1;0.01;0;5.76265;0;0;-1
0;707;-11.5505;-16.1873;17.4725;9.71429;3839.92;5.84106;0;0;0.1;0.01;0;6.34242;0;0;-1
0;708;-13.6707;1.66332;17.1285;10.0878;4300.09;6.06565;0;0;0.1;0.01;0;7.02434;0;0;-1
0;709;-13.1777;20.7889;16.6115;10.0841;4295.36;6.06342;0;0;0.1;0.01;0;6.26885;0;0;-1
0;710;-10.9542;37.3215;17.2926;8.97727;3030.55;5.3979;0;0;0.1;0.01;0;5.49464;0;0;-1
0;711;-10.0224;52.3609;18.3007;10.1287;4352.61;6.09024;0;0;0.1;0.01;0;6.64341;0;0;-1
0;712;-11.6738;68.4252;18.371;8.59754;2662.02;5.16958;0;0;0.1;0.01;0;5.20826;0;0;-1
0;713;-11.0522;85.258;18.6728;8.5;2572.44;5.11093;0;0;0.1;0.01;0;3.73781;1;0;-1
0;714;1.68564;-91.9838;17.438;10.248;4508.23;6.16197;0;0;0.1;0.01;0;3.90878;0;0;-1
0;715;4.58402;-72.2708;15.983;8.68782;2746.76;5.22386;0;0;0.1;0.01;0;5.15265;0;0;-1
0;716;2.81713;-56.9711;17.3308;8.5;2572.44;5.11093;0;0;0.1;0.01;0;5.5458;1;0;-1
0;717;2.95974;-39.8521;16.6736;9.887;4048.39;5.94491;0;0;0.1;0.01;0;6.58748;0;0;-1
0;718;2.38502;-24.4674;16.4668;8.82136;2875.38;5.30416;0;0;0.1;0.01;0;5.63675;0;0;-1
0;719;4.97473;-8.37274;17.1089;8.57217;2638.52;5.15432;0;0;0.1;0.01;0;4.74428;0;0;-1
0;720;4.17458;9.65065;16.385;9.89258;4055.25;5.94826;0;0;0.1;0.01;0;4.89133;0;0;-1
0;721;2.15989;28.51;16.6406;9.95865;4137.04;5.98799;0;0;0.1;0.01;0;6.24787;0;0;-1
0;722;2.53227;46.1876;15.6186;8.5982;2662.63;5.16997;0;0;0.1;0.01;0;5.80238;0;0;-1
0;723;2.66133;63.4027;15.8911;10.4039;4717.12;6.25571;0;0;0.1;0.01;0;6.71299;0;0;-1
0;724;0.994568;77.9655;15.9375;8.66392;2724.16;5.20949;0;0;0.1;0.01;0;5.68499;0;0;-1
0;725;4.6945;93.0895;17.774;8.70908;2766.98;5.23664;0;0;0.1;0.01;0;2.89473;0;0;-1
0;726;17.7764;-82.379;17.1038;10.0453;4245.97;6.04009;0;0;0.1;0.01;0;5.13289;0;0;-1
0;727;15.7964;-64.4106;16.3813;8.5;2572.44;5.11093;0;0;0.1;0.01;0;4.94332;1;0;-1
0;728;16.0229;-50.084;18.3051;9.61978;3728.93;5.78423;0;0;0.1;0.01;0;5.55369;0;0;-1
0;729;18.9315;-33.9805;18.0982;8.5;2572.44;5.11093;0;0;0.1;0.01;0;4.31604;1;0;-1
0;730;18.3551;-17.0101;17.3399;9.30503;3374.75;5.59498;0;0;0.1;0.01;0;5.7763;0;0;-1
0;731;17.4609;2.71943;18.4893;8.54447;2613.03;5.13767;0;0;0.1;0.01;0;4.74073;0;0;-1
0;732;16.5777;21.1387;16.2216;9.14026;3198.63;5.49591;0;0;0.1;0.01;0;6.27563;0;0;-1
0;733;16.5175;37.0713;17.4492;8.88866;2941.69;5.34462;0;0;0.1;0.01;0;5.88823;0;0;-1
0;734;19.6626;52.932;17.696;8.85858;2911.93;5.32654;0;0;0.1;0.01;0;5.16826;0;0;-1
0;735;16.4149;69.7757;17.3898;8.51644;2587.4;5.12081;0;0;0.1;0.01;0;5.15627;0;0;-1
0;736;17.9105;85.677;16.4551;9.17315;3233.29;5.51568;0;0;0.1;0.01;0;3.56742;0;0;-1
0;737;33.1758;-92.4882;15.9296;9.05955;3114.64;5.44738;0;0;0.1;0.01;0;1.68958;0;0;-1
0;738;33.7875;-73.7666;16.0967;9.51316;3606.31;5.72013;0;0;0.1;0.01;0;5.4783;0;0;-1
0;739;33.1776;-55.245;18.0168;9.15668;3215.9;5.50578;0;0;0.1;0.01;0;4.54129;0;0;-1
0;740;33.6515;-39.0255;18.0715;8.5;2572.44;5.11093;0;0;0.1;0.01;0;5.32981;1;0;-1
0;741;31.438;-24.487;16.3344;9.37929;3456.2;5.63963;0;0;0.1;0.01;0;6.48343;0;0;-1
0;742;30.7107;-8.05978;18.5942;9.30862;3378.66;5.59714;0;0;0.1;0.01;0;5.4983;0;0;-1
0;743;30.5346;11.5668;17.0179;8.87722;2930.35;5.33774;0;0;0.1;0.01;0;5.13281;0;0;-1
0;744;32.0957;26.8757;16.7688;8.78131;2836.39;5.28007;0;0;0.1;0.01;0;5.40192;0;0;-1
0;745;33.2166;45.7687;16.5214;8.5;2572.44;5.11093;0;0;0.1;0.01;0;5.28972;1;0;-1
0;746;30.4898;63.4372;19.479;9.08213;3137.99;5.46095;0;0;0.1;0.01;0;6.81546;0;0;-1
0;747;30.6486;77.8147;17.8474;9.25776;3323.58;5.56656;0;0;0.1;0.01;0;5.18387;0;0;-1
0;748;45.3088;-81.2486;16.0923;9.99665;4184.58;6.01084;0;0;0.1;0.01;0;4.70843;0;0;-1
0;749;48.9055;-67.6387;17.003;8.61752;2680.62;5.18159;0;0;0.1;0.01;0;5.08377;0;0;-1
0;750;47.5147;-48.1699;18.597;8.5;2572.44;5.11093;0;0;0.1;0.01;0;4.60291;1;0;-1
0;751;46.7619;-31.8987;16.6146;9.52674;3621.78;5.72829;0;0;0.1;0.01;0;6.83012;0;0;-1
0;752;46.361;-15.3162;17.5062;9.96599;4146.2;5.99241;0;0;0.1;0.01;0;6.40225;0;0;-1
0;753;46.2066;4.3971;19.4779;9.61473;3723.06;5.7812;0;0;0.1;0.01;0;5.43196;0;0;-1
0;754;48.792;20.4698;17.3398;9.77667;3914.37;5.87857;0;0;0.1;0.01;0;6.22988;0;0;-1
0;755;46.8596;34.8798;18.9845;8.5;2572.44;5.11093;0;0;0.1;0.01;0;5.2367;1;0;-1
0;756;45.0844;54.0898;16.5911;10.1386;4365.39;6.09619;0;0;0.1;0.01;0;6.57415;0;0;-1
0;757;46.9763;68.9801;17.7793;8.7934;2848.13;5.28734;0;0;0.1;0.01;0;5.04371;0;0;-1
0;758;45.9389;86.0477;19.6704;8.5;2572.44;5.11093;0;0;0.1;0.01;0;1.28292;1;0;-1
0;759;61.2201;-75.4449;17.4902;9.74749;3879.42;5.86102;0;0;0.1;0.01;0;2.82144;0;0;-1
0;760;62.3047;-57.9537;18.1613;8.5;2572.44;5.11093;0;0;0.1;0.01;0;4.94804;1;0;-1
0;761;62.5614;-38.712;16.7013;10.097;4311.87;6.07118;0;0;0.1;0.01;0;7.49606;0;0;-1
0;762;60.4197;-24.2788;16.5091;9.90118;4065.83;5.95344;0;0;0.1;0.01;0;7.54668;0;0;-1
0;763;60.3746;-7.40375;16.7498;8.93108;2984.01;5.37013;0;0;0.1;0.01;0;4.81287;0;0;-1
0;764;62.4589;10.6046;16.968;9.45392;3539.36;5.6845;0;0;0.1;0.01;0;5.78226;0;0;-1
0;765;61.6878;28.5308;16.4805;10.2254;4478.47;6.14838;0;0;0.1;0.01;0;7.22385;0;0;-1
0;766;61.8666;45.2108;19.037;8.67367;2733.36;5.21535;0;0;0.1;0.01;0;6.08004;0;0;-1
0;767;62.2915;63.6393;19.045;10.0225;4217.13;6.02638;0;0;0.1;0.01;0;4.8326;0;0;-1
0;768;75.9086;-50.2096;19.51;8.70096;2759.24;5.23176;0;0;0.1;0.01;0;3.01285;0;0;-1
0;769;76.0476;-33.4785;18.3412;10.0886;4301.12;6.06613;0;0;0.1;0.01;0;6.1336;0;0;-1
0;770;77.6186;-16.9514;16.7462;8.5;2572.44;5.11093;0;0;0.1;0.01;0;4.96127;1;0;-1
0;771;74.881;0.856721;19.4068;8.71841;2775.88;5.24225;0;0;0.1;0.01;0;4.44508;0;0;-1
0;772;76.491;20.1062;16.1858;9.82373;3971.16;5.90687;0;0;0.1;0.01;0;6.53986;0;0;-1
0;773;74.8207;37.92;19.0703;10.3722;4674.14;6.23665;0;0;0.1;0.01;0;6.7354;0;0;-1
0;774;76.5232;52.4245;18.7579;8.77615;2831.4;5.27697;0;0;0.1;0.01;0;4.58125;0;0;-1
0;775;91.5287;-22.0695;18.6383;9.7875;3927.39;5.88508;0;0;0.1;0.01;0;4.34495;0;0;-1
0;776;92.7518;-7.35682;19.9375;8.5;2572.44;5.11093;0;0;0.1;0.01;0;2.61745;1;0;-1
0;777;91.7004;9.32502;16.2153;9.05672;3111.73;5.44567;0;0;0.1;0.01;0;2.52791;0;0;-1
0;778;89.4662;26.8398;17.3917;9.35384;3428.14;5.62433;0;0;0.1;0.01;0;4.0793;0;0;-1
0;779;-93.5855;2.40708;34.5618;8.55786;2625.33;5.14572;0;0;0.1;0.01;0;2.84507;0;0;-1
0;780;-82.0397;-39.7113;31.6357;9.85962;4014.85;5.92845;0;0;0.1;0.01;0;3.15471;0;0;-1
0;781;-79.6855;-25.0874;32.4535;9.32437;3395.84;5.60661;0;0;0.1;0.01;0;4.25269;0;0;-1
0;782;-79.0003;-6.09367;34.0284;9.22038;3283.49;5.54408;0;0;0.1;0.01;0;5.97756;0;0;-1
0;783;-80.1812;10.0457;31.8111;8.73128;2788.19;5.24999;0;0;0.1;0.01;0;4.89437;0;0;-1
0;784;-82.7013;25.8722;30.9211;9.40262;3482.05;5.65366;0;0;0.1;0.01;0;2.74991;0;0;-1
0;785;-79.9038;46.0346;31.3462;8.54151;2610.31;5.13589;0;0;0.1;0.01;0;2.20433;0;0;-1
0;786;-65.959;-66.889;33.9538;9.46889;3556.2;5.69351;0;0;0.1;0.01;0;3.41704;0;0;-1
0;787;-66.6253;-47.6766;32.2348;9.70994;3834.76;5.83845;0;0;0.1;0.01;0;4.7898;0;0;-1
0;788;-64.3031;-30.7682;34.2053;9.95636;4134.19;5.98661;0;0;0.1;0.01;0;6.55667;0;0;-1
0;789;-66.771;-15.5646;31.0219;8.5;2572.44;5.11093;0;0;0.1;0.01;0;5.9522;1;0;-1
0;790;-65.6076;0.0153406;34.1275;8.9441;2997.08;5.37796;0;0;0.1;0.01;0;5.98481;0;0;-1
0;791;-66.5548;18.1319;33.892;8.5;2572.44;5.11093;0;0;0.1;0.01;0;4.42958;1;0;-1
0;792;-64.4108;35.1731;31.6604;8.58667;2651.94;5.16304;0;0;0.1;0.01;0;4.16494;0;0;-1
0;793;-66.8406;53.0604;33.2024;9.91933;4088.23;5.96435;0;0;0.1;0.01;0;3.57314;0;0;-1
0;794;-53.1871;-73.3264;30.6187;10.1149;4334.84;6.08194;0;0;0.1;0.01;0;4.85098;0;0;-1
0;795;-50.1877;-58.716;30.9868;9.48167;3570.62;5.70119;0;0;0.1;0.01;0;6.02568;0;0;-1
0;796;-49.8374;-38.4028;31.6534;9.72083;3847.68;5.84499;0;0;0.1;0.01;0;6.12696;0;0;-1
0;797;-52.8067;-21.2945;31.118;8.5;2572.44;5.11093;0;0;0.1;0.01;0;4.91661;1;0;-1
0;798;-52.7032;-7.29247;34.194;9.66627;3783.25;5.81219;0;0;0.1;0.01;0;4.47918;0;0;-1
0;799;-51.6682;11.8733;31.7801;8.5;2572.44;5.11093;0;0;0.1;0.01;0;4.15946;1;0;-1
0;800;-50.7133;29.4063;32.6066;8.5;2572.44;5.11093;0;0;0.1;0.01;0;5.23742;1;0;-1
0;801;-52.7768;43.3405;33.1314;8.5;2572.44;5.11093;0;0;0.1;0.01;0;5.24073;1;0;-1
0;802;-51.6404;60.0701;33.9745;8.5;2572.44;5.11093;0;0;0.1;0.01;0;4.23734;1;0;-1
0;803;-35.644;-85.3955;34.2798;10.1766;4414.65;6.11904;0;0;0.1;0.01;0;3.63735;0;0;-1
0;804;-38.0025;-66.3739;31.2834;8.5;2572.44;5.11093;0;0;0.1;0.01;0;4.55884;1;0;-1
0;805;-37.9458;-47.291;33.1276;9.74583;3877.44;5.86003;0;0;0.1;0.01;0;5.96707;0;0;-1
0;806;-34.4742;-33.0333;33.0272;10.2533;4515.23;6.16516;0;0;0.1;0.01;0;6.52236;0;0;-1
0;807;-35.1743;-16.2795;32.7086;8.8572;2910.57;5.32571;0;0;0.1;0.01;0;4.128;0;0;-1
0;808;-35.3331;2.98408;32.2976;8.80953;2863.83;5.29704;0;0;0.1;0.01;0;4.5342;0;0;-1
0;809;-38.3035;17.6728;32.7571;8.96634;3019.49;5.39133;0;0;0.1;0.01;0;4.90212;0;0;-1
0;810;-36.9785;37.9419;31.6616;9.65063;3764.92;5.80278;0;0;0.1;0.01;0;6.08288;0;0;-1
0;811;-36.8434;52.4684;32.4187;8.9865;3039.91;5.40345;0;0;0.1;0.01;0;5.22409;0;0;-1
0;812;-37.9092;69.1947;32.1238;8.5;2572.44;5.11093;0;0;0.1;0.01;0;3.3549;1;0;-1
0;813;-20.9658;-91.0274;34.0205;9.86408;4020.3;5.93113;0;0;0.1;0.01;0;3.76487;0;0;-1
0;814;-22.9278;-74.3022;32.2303;8.5;2572.44;5.11093;0;0;0.1;0.01;0;5.1192;1;0;-1
0;815;-22.8334;-57.0526;34.4222;8.61747;2680.57;5.18156;0;0;0.1;0.01;0;4.58634;0;0;-1
0;816;-21.8583;-42.7442;31.8896;8.61331;2676.69;5.17906;0;0;0.1;0.01;0;5.68028;0;0;-1
0;817;-20.4339;-21.666;31.3784;8.5;2572.44;5.11093;0;0;0.1;0.01;0;3.95805;1;0;-1
0;818;-20.9575;-4.75309;34.0484;9.37895;3455.82;5.63943;0;0;0.1;0.01;0;5.90129;0;0;-1
0;819;-21.7898;11.1891;31.6482;8.93559;2988.53;5.37284;0;0;0.1;0.01;0;5.87916;0;0;-1
0;820;-22.9967;29.3674;33.7802;9.49202;3582.32;5.70741;0;0;0.1;0.01;0;5.55441;0;0;-1
0;821;-20.7369;44.2975;33.8112;9.19925;3260.96;5.53138;0;0;0.1;0.01;0;6.29491;0;0;-1
0;822;-20.4325;59.6973;30.9792;8.65751;2718.11;5.20564;0;0;0.1;0.01;0;5.12174;0;0;-1
0;823;-21.7702;76.7161;32.6732;10.0526;4255.24;6.04448;0;0;0.1;0.01;0;4.73855;0;0;-1
0;824;-6.81892;-81.4818;33.0081;10.2345;4490.44;6.15386;0;0;0.1;0.01;0;5.73581;0;0;-1
0;825;-7.58184;-65.8487;32.0399;9.11861;3175.96;5.48289;0;0;0.1;0.01;0;4.85167;0;0;-1
0;826;-8.808;-46.9401;30.792;9.1191;3176.47;5.48318;0;0;0.1;0.01;0;5.15107;0;0;-1
0;827;-5.45944;-32.627;31.1712;8.5;2572.44;5.11093;0;0;0.1;0.01;0;4.74362;1;0;-1
0;828;-8.8418;-13.1782;31.5874;10.4144;4731.42;6.26203;0;0;0.1;0.01;0;6.59164;0;0;-1
0;829;-7.46415;3.47556;31.949;9.30981;3379.96;5.59785;0;0;0.1;0.01;0;6.08577;0;0;-1
0;830;-6.85664;20.9965;33.6353;10.0649;4270.88;6.05188;0;0;0.1;0.01;0;5.6756;0;0;-1
0;831;-7.47814;37.7962;34.0857;9.13604;3194.2;5.49337;0;0;0.1;0.01;0;6.14326;0;0;-1
0;832;-5.85177;51.7253;33.689;8.5;2572.44;5.11093;0;0;0.1;0.01;0;5.49287;1;0;-1
0;833;-7.2058;69.7822;32.4002;8.73803;2794.66;5.25405;0;0;0.1;0.01;0;4.35019;0;0;-1
0;834;-6.78334;88.647;31.132;8.56897;2635.57;5.1524;0;0;0.1;0.01;0;2.16878;0;0;-1
0;835;8.24846;-89.4363;34.6575;8.757;2812.9;5.26546;0;0;0.1;0.01;0;3.18368;0;0;-1
0;836;7.70404;-74.4742;32.4957;10.4534;4784.77;6.28548;0;0;0.1;0.01;0;7.03359;0;0;-1
0;837;6.34229;-58.9447;31.8219;8.79873;2853.31;5.29055;0;0;0.1;0.01;0;5.10208;0;0;-1
0;838;8.48801;-42.9145;33.1996;10.0561;4259.68;6.04659;0;0;0.1;0.01;0;6.75106;0;0;-1
0;839;6.86489;-23.8815;32.7531;8.90408;2957.03;5.35389;0;0;0.1;0.01;0;4.88016;0;0;-1
0;840;7.21298;-6.04547;33.7209;9.87605;4034.95;5.93833;0;0;0.1;0.01;0;6.0516;0;0;-1
0;841;5.65198;8.79073;34.3843;9.10205;3158.68;5.47293;0;0;0.1;0.01;0;4.74347;0;0;-1
0;842;8.33794;27.8192;31.0446;9.25309;3318.55;5.56375;0;0;0.1;0.01;0;5.15995;0;0;-1
0;843;6.79007;42.893;30.5909;10.1876;4428.99;6.12566;0;0;0.1;0.01;0;6.42214;0;0;-1
0;844;8.63562;61.5726;30.8996;8.68436;2743.48;5.22178;0;0;0.1;0.01;0;4.75596;0;0;-1
0;845;9.11914;78.9361;31.9061;9.46328;3549.88;5.69013;0;0;0.1;0.01;0;4.70359;0;0;-1
0;846;23.1448;-82.6647;33.8521;9.93443;4106.93;5.97343;0;0;0.1;0.01;0;4.76585;0;0;-1
0;847;22.6494;-67.9647;33.0057;9.85623;4010.71;5.92641;0;0;0.1;0.01;0;5.40325;0;0;-1
0;848;23.867;-47.7365;33.3906;8.90151;2954.47;5.35235;0;0;0.1;0.01;0;5.89514;0;0;-1
0;849;21.1362;-32.2897;32.4671;10.1635;4397.63;6.11117;0;0;0.1;0.01;0;7.03838;0;0;-1
0;850;22.115;-14.0047;32.214;10.1553;4386.99;6.10623;0;0;0.1;0.01;0;6.79537;0;0;-1
0;851;22.3358;0.481841;30.9387;8.92445;2977.37;5.36614;0;0;0.1;0.01;0;5.12747;0;0;-1
0;852;23.007;19.3355;30.4901;9.06881;3124.2;5.45294;0;0;0.1;0.01;0;4.82474;0;0;-1
0;853;22.1091;37.5575;33.9867;9.3486;3422.38;5.62118;0;0;0.1;0.01;0;5.73855;0;0;-1
0;854;23.7967;51.3874;32.572;9.90615;4071.96;5.95642;0;0;0.1;0.01;0;6.813;0;0;-1
0;855;22.3267;68.7582;31.0045;8.75237;2808.44;5.26267;0;0;0.1;0.01;0;5.90284;0;0;-1
0;856;20.855;89.3908;34.226;9.34689;3420.5;5.62015;0;0;0.1;0.01;0;1.60202;0;0;-1
0;857;35.7829;-74.7214;32.7895;8.5;2572.44;5.11093;0;0;0.1;0.01;0;3.4282;1;0;-1
0;858;37.1865;-55.0871;32.8448;9.55435;3653.36;5.74489;0;0;0.1;0.01;0;5.76331;0;0;-1
0;859;35.5734;-38.4158;30.8866;8.5;2572.44;5.11093;0;0;0.1;0.01;0;5.30911;1;0;-1
0;860;37.4959;-21.9764;32.1837;8.5;2572.44;5.11093;0;0;0.1;0.01;0;4.75423;1;0;-1
0;861;35.9001;-4.80798;33.2041;9.17157;3231.62;5.51473;0;0;0.1;0.01;0;5.72562;0;0;-1
0;862;38.7407;9.35322;32.4892;8.59517;2659.82;5.16815;0;0;0.1;0.01;0;4.91494;0;0;-1
0;863;38.103;25.5609;32.9988;9.81869;3965.06;5.90384;0;0;0.1;0.01;0;5.59389;0;0;-1
0;864;38.351;43.1648;33.0939;9.76301;3897.98;5.87036;0;0;0.1;0.01;0;6.01934;0;0;-1
0;865;35.3795;61.8642;33.7052;9.76121;3895.83;5.86927;0;0;0.1;0.01;0;6.62546;0;0;-1
0;866;36.8559;77.2497;32.1618;10.0224;4217;6.02632;0;0;0.1;0.01;0;5.23715;0;0;-1
0;867;52.8284;-64.6695;31.9347;9.06145;3116.6;5.44852;0;0;0.1;0.01;0;3.97317;0;0;-1
0;868;53.164;-49.3371;32.1216;9.43641;3519.73;5.67398;0;0;0.1;0.01;0;5.65521;0;0;-1
0;869;52.0703;-33.3835;32.4036;9.52844;3623.71;5.72931;0;0;0.1;0.01;0;6.13956;0;0;-1
0;870;51.5459;-17.3169;31.5941;9.93219;4104.15;5.97208;0;0;0.1;0.01;0;6.32022;0;0;-1
0;871;53.2134;0.916051;33.87;10.0205;4214.6;6.02518;0;0;0.1;0.01;0;6.8679;0;0;-1
0;872;52.4634;17.8192;33.3847;8.9672;3020.36;5.39185;0;0;0.1;0.01;0;6.01708;0;0;-1
0;873;53.4749;38.1465;32.2365;8.9671;3020.26;5.39179;0;0;0.1;0.01;0;6.03666;0;0;-1
0;874;53.266;53.1785;33.3252;9.60563;3712.5;5.77573;0;0;0.1;0.01;0;6.96867;0;0;-1
0;875;51.4259;68.3282;32.4165;9.14929;3208.12;5.50134;0;0;0.1;0.01;0;4.86864;0;0;-1
0;876;67.2583;-58.0712;32.4271;8.83388;2887.64;5.31168;0;0;0.1;0.01;0;3.29145;0;0;-1
0;877;67.6968;-38.6046;31.5522;9.31078;3381.01;5.59844;0;0;0.1;0.01;0;5.34555;0;0;-1
0;878;66.3914;-21.8179;31.964;9.12977;3187.63;5.4896;0;0;0.1;0.01;0;5.2728;0;0;-1
0;879;66.9397;-4.7685;32.6275;9.85842;4013.38;5.92772;0;0;0.1;0.01;0;5.72463;0;0;-1
0;880;67.2102;10.3596;32.9747;8.94914;3002.15;5.38099;0;0;0.1;0.01;0;6.55204;0;0;-1
0;881;66.2122;28.01;33.7812;8.61621;2679.4;5.1808;0;0;0.1;0.01;0;5.82211;0;0;-1
0;882;67.3164;45.6452;31.0873;9.11558;3172.79;5.48107;0;0;0.1;0.01;0;6.46541;0;0;-1
0;883;67.0164;59.5033;32.0816;9.87652;4035.53;5.93861;0;0;0.1;0.01;0;4.75393;0;0;-1
0;884;79.9441;-30.2557;33.8335;9.91075;4077.63;5.95919;0;0;0.1;0.01;0;4.39917;0;0;-1
0;885;80.1761;-15.9653;30.7221;8.8039;2858.34;5.29366;0;0;0.1;0.01;0;4.50572;0;0;-1
0;886;79.6575;3.68532;33.5483;10.0827;4293.58;6.06258;0;0;0.1;0.01;0;4.9469;0;0;-1
0;887;80.7125;19.6997;34.1937;8.73611;2792.82;5.2529;0;0;0.1;0.01;0;3.85;0;0;-1
0;888;80.542;33.6347;31.9236;8.98096;3034.29;5.40012;0;0;0.1;0.01;0;4.25747;0;0;-1
0;889;-86.3534;-6.44378;47.2374;9.7781;3916.08;5.87943;0;0;0.1;0.01;0;3.24462;0;0;-1
0;890;-85.66;9.85801;47.7986;10.4049;4718.48;6.25632;0;0;0.1;0.01;0;3.02197;0;0;-1
0;891;-69.0204;-49.9853;48.7963;10.4318;4755.17;6.27249;0;0;0.1;0.01;0;2.87972;0;0;-1
0;892;-69.3885;-33.7449;47.9812;8.5;2572.44;5.11093;0;0;0.1;0.01;0;4.09499;1;0;-1
0;893;-69.3618;-13.3642;47.696;9.91875;4087.52;5.964;0;0;0.1;0.01;0;5.72782;0;0;-1
0;894;-71.5171;0.839035;46.7796;8.91111;2964.04;5.35812;0;0;0.1;0.01;0;5.62326;0;0;-1
0;895;-68.5698;18.0336;47.0525;8.75571;2811.66;5.26468;0;0;0.1;0.01;0;3.93457;0;0;-1
0;896;-70.5812;36.4573;49.3661;9.25688;3322.63;5.56603;0;0;0.1;0.01;0;1.72339;0;0;-1
0;897;-56.6353;-59.6063;46.1551;8.92538;2978.3;5.3667;0;0;0.1;0.01;0;4.1005;0;0;-1
0;898;-57.0569;-39.1331;47.6068;9.30218;3371.65;5.59327;0;0;0.1;0.01;0;5.77747;0;0;-1
0;899;-57.0485;-23.2624;47.2554;8.5;2572.44;5.11093;0;0;0.1;0.01;0;5.45209;1;0;-1
0;900;-56.8232;-6.91161;48.8066;9.56046;3660.37;5.74857;0;0;0.1;0.01;0;5.90584;0;0;-1
0;901;-54.5975;12.7562;45.989;8.6949;2753.48;5.22812;0;0;0.1;0.01;0;4.42018;0;0;-1
0;902;-57.7025;29.7394;45.989;8.5;2572.44;5.11093;0;0;0.1;0.01;0;4.65828;1;0;-1
0;903;-56.3066;45.943;47.0326;8.5;2572.44;5.11093;0;0;0.1;0.01;0;4.45889;1;0;-1
0;904;-54.4415;61.3001;46.414;8.73256;2789.42;5.25076;0;0;0.1;0.01;0;3.49963;0;0;-1
0;905;-40.6526;-64.3848;45.8786;8.77308;2828.43;5.27513;0;0;0.1;0.01;0;3.66372;0;0;-1
0;906;-40.4041;-50.5762;48.2048;9.14813;3206.9;5.50064;0;0;0.1;0.01;0;5.15904;0;0;-1
0;907;-43.1971;-30.0729;46.0959;10.1709;4407.24;6.11561;0;0;0.1;0.01;0;6.05304;0;0;-1
0;908;-41.5052;-14.2946;49.0823;8.5;2572.44;5.11093;0;0;0.1;0.01;0;4.98815;1;0;-1
0;909;-41.6426;0.773583;49.263;8.65928;2719.78;5.2067;0;0;0.1;0.01;0;4.59968;0;0;-1
0;910;-42.0978;16.7781;48.2713;10.2808;4551.66;6.1817;0;0;0.1;0.01;0;5.92439;0;0;-1
0;911;-42.3305;35.875;45.2288;8.59133;2656.26;5.16584;0;0;0.1;0.01;0;4.95003;0;0;-1
0;912;-41.2197;53.2397;48.9022;10.1348;4360.48;6.09391;0;0;0.1;0.01;0;6.53584;0;0;-1
0;913;-42.4865;69.7204;48.0978;9.85071;4003.97;5.92309;0;0;0.1;0.01;0;4.23783;0;0;-1
0;914;-27.8314;-76.7413;46.7324;9.0812;3137.03;5.46039;0;0;0.1;0.01;0;2.96268;0;0;-1
0;915;-26.1686;-55.5044;48.3189;8.59395;2658.69;5.16742;0;0;0.1;0.01;0;5.99622;0;0;-1
0;916;-27.6854;-41.4908;46.5264;9.63897;3751.29;5.79577;0;0;0.1;0.01;0;7.5774;0;0;-1
0;917;-28.0332;-24.2572;49.4409;8.5;2572.44;5.11093;0;0;0.1;0.01;0;4.80409;1;0;-1
0;918;-25.7013;-8.79378;47.3251;8.5;2572.44;5.11093;0;0;0.1;0.01;0;4.63603;1;0;-1
0;919;-26.6732;12.0261;46.5377;9.92574;4096.16;5.9682;0;0;0.1;0.01;0;5.7793;0;0;-1
0;920;-26.9589;29.5823;48.5558;10.2075;4454.99;6.13762;0;0;0.1;0.01;0;7.06312;0;0;-1
0;921;-26.3525;45.152;48.8385;9.22863;3292.31;5.54904;0;0;0.1;0.01;0;6.11812;0;0;-1
0;922;-25.8914;60.8788;46.5201;10.3198;4603.65;6.20515;0;0;0.1;0.01;0;6.87221;0;0;-1
0;923;-25.5691;79.3363;48.4958;9.1597;3219.08;5.50759;0;0;0.1;0.01;0;3.17589;0;0;-1
0;924;-12.3638;-80.7875;46.0165;8.874;2927.16;5.33581;0;0;0.1;0.01;0;3.06981;0;0;-1
0;925;-11.8866;-64.6881;47.965;8.62741;2689.86;5.18754;0;0;0.1;0.01;0;4.45626;0;0;-1
0;926;-13.4928;-47.9742;46.5728;10.3686;4669.27;6.23449;0;0;0.1;0.01;0;7.51965;0;0;-1
0;927;-12.692;-33.5683;49.1058;10.005;4195.08;6.01586;0;0;0.1;0.01;0;5.8807;0;0;-1
0;928;-11.4157;-13.8803;48.6922;9.93402;4106.42;5.97318;0;0;0.1;0.01;0;6.77122;0;0;-1
0;929;-11.0376;0.271426;46.1069;9.49154;3581.78;5.70713;0;0;0.1;0.01;0;6.65099;0;0;-1
0;930;-13.1758;19.511;47.8655;10.0132;4205.4;6.02079;0;0;0.1;0.01;0;6.25885;0;0;-1
0;931;-11.256;37.0931;49.0558;8.84922;2902.71;5.32091;0;0;0.1;0.01;0;6.4506;0;0;-1
0;932;-12.1996;52.5437;48.7877;9.02879;3083.03;5.42888;0;0;0.1;0.01;0;7.2075;0;0;-1
0;933;-11.7515;69.793;48.0781;10.1432;4371.33;6.09896;0;0;0.1;0.01;0;5.86707;0;0;-1
0;934;-12.8155;86.6152;47.9962;8.5;2572.44;5.11093;0;0;0.1;0.01;0;1.66514;1;0;-1
0;935;2.05825;-73.1388;45.8827;8.5;2572.44;5.11093;0;0;0.1;0.01;0;4.91114;1;0;-1
0;936;1.61393;-59.4362;46.6225;8.99434;3047.87;5.40817;0;0;0.1;0.01;0;5.60757;0;0;-1
0;937;2.35622;-42.2776;46.9578;9.40872;3488.83;5.65733;0;0;0.1;0.01;0;5.65085;0;0;-1
0;938;1.44576;-22.4077;48.5092;9.3869;3464.62;5.64421;0;0;0.1;0.01;0;5.82011;0;0;-1
0;939;4.30816;-5.38765;49.0453;9.50215;3593.8;5.7135;0;0;0.1;0.01;0;6.81211;0;0;-1
0;940;3.22163;8.86846;49.2372;9.40384;3483.41;5.65439;0;0;0.1;0.01;0;5.80811;0;0;-1
0;941;1.82656;29.637;47.3223;8.5;2572.44;5.11093;0;0;0.1;0.01;0;5.05048;1;0;-1
0;942;1.08761;45.5447;47.5955;8.53776;2606.88;5.13363;0;0;0.1;0.01;0;6.17085;0;0;-1
0;943;1.4891;60.6221;45.6681;9.03964;3094.15;5.4354;0;0;0.1;0.01;0;5.43571;0;0;-1
0;944;4.9339;79.7292;48.6626;10.1102;4328.8;6.07912;0;0;0.1;0.01;0;3.00507;0;0;-1
0;945;18.9268;-84.4733;48.8963;8.82496;2878.9;5.30632;0;0;0.1;0.01;0;1.95436;0;0;-1
0;946;18.2819;-65.9338;46.7111;9.13393;3191.99;5.4921;0;0;0.1;0.01;0;4.69418;0;0;-1
0;947;16.9257;-49.4128;46.2854;8.5;2572.44;5.11093;0;0;0.1;0.01;0;4.61399;1;0;-1
0;948;19.3954;-34.3992;45.9312;10.2763;4545.68;6.17899;0;0;0.1;0.01;0;6.56739;0;0;-1
0;949;16.1466;-14.8608;48.4605;9.22523;3288.67;5.547;0;0;0.1;0.01;0;6.34156;0;0;-1
0;950;18.7799;1.80419;48.5245;8.50641;2578.26;5.11478;0;0;0.1;0.01;0;5.65775;0;0;-1
0;951;17.3913;17.4859;46.7719;9.55479;3653.86;5.74516;0;0;0.1;0.01;0;5.23496;0;0;-1
0;952;16.0254;36.3983;49.0147;8.5;2572.44;5.11093;0;0;0.1;0.01;0;4.95263;1;0;-1
0;953;19.2412;50.8475;45.5637;9.03341;3087.76;5.43166;0;0;0.1;0.01;0;5.1124;0;0;-1
0;954;17.4149;71.0965;46.7974;9.52319;3617.73;5.72616;0;0;0.1;0.01;0;4.54305;0;0;-1
0;955;33.204;-74.2781;48.7911;8.9766;3029.87;5.3975;0;0;0.1;0.01;0;3.24389;0;0;-1
0;956;33.1114;-57.1349;47.8316;9.60965;3717.16;5.77814;0;0;0.1;0.01;0;6.0477;0;0;-1
0;957;33.479;-39.2145;45.8191;9.85133;4004.73;5.92346;0;0;0.1;0.01;0;6.54225;0;0;-1
0;958;30.7979;-22.5153;46.174;9.98303;4167.5;6.00265;0;0;0.1;0.01;0;6.38919;0;0;-1
0;959;31.981;-5.04353;47.7749;9.48791;3577.67;5.70494;0;0;0.1;0.01;0;5.83298;0;0;-1
0;960;33.255;12.0651;47.6418;9.44032;3524.1;5.67633;0;0;0.1;0.01;0;5.47989;0;0;-1
0;961;30.6845;25.7854;46.9774;9.75134;3884.02;5.86334;0;0;0.1;0.01;0;6.52793;0;0;-1
0;962;32.7083;43.2083;48.5153;8.95476;3007.81;5.38437;0;0;0.1;0.01;0;6.11676;0;0;-1
0;963;31.8858;59.3279;48.6145;9.99243;4179.28;6.0083;0;0;0.1;0.01;0;6.93165;0;0;-1
0;964;30.9326;76.2515;47.6997;9.44588;3530.33;5.67967;0;0;0.1;0.01;0;4.12696;0;0;-1
0;965;45.966;-63.7012;46.5665;8.50235;2574.57;5.11234;0;0;0.1;0.01;0;3.30949;0;0;-1
0;966;46.1746;-47.4709;47.5698;10.2055;4452.37;6.13642;0;0;0.1;0.01;0;6.42911;0;0;-1
0;967;47.6514;-31.4634;46.2921;8.5;2572.44;5.11093;0;0;0.1;0.01;0;5.04313;1;0;-1
0;968;45.2306;-13.9404;49.0293;9.26855;3335.22;5.57304;0;0;0.1;0.01;0;5.88792;0;0;-1
0;969;45.9009;-0.220702;45.3723;8.5;2572.44;5.11093;0;0;0.1;0.01;0;5.34628;1;0;-1
0;970;47.7161;20.7848;46.8829;10.0206;4214.73;6.02524;0;0;0.1;0.01;0;7.16672;0;0;-1
0;971;45.3003;36.62;48.5862;9.44979;3534.72;5.68202;0;0;0.1;0.01;0;6.79894;0;0;-1
0;972;46.4732;54.7721;49.1055;9.69619;3818.49;5.83018;0;0;0.1;0.01;0;5.88049;0;0;-1
0;973;45.661;72.0084;48.4233;9.86394;4020.13;5.93104;0;0;0.1;0.01;0;3.34179;0;0;-1
0;974;63.7029;-58.7701;46.4787;8.74716;2803.43;5.25954;0;0;0.1;0.01;0;2.38131;0;0;-1
0;975;62.012;-42.375;47.6464;9.36522;3440.67;5.63117;0;0;0.1;0.01;0;5.04775;0;0;-1
0;976;59.8938;-24.0751;48.5215;8.5;2572.44;5.11093;0;0;0.1;0.01;0;4.85977;1;0;-1
0;977;63.6078;-8.70075;46.8165;10.1425;4370.42;6.09854;0;0;0.1;0.01;0;6.67213;0;0;-1
0;978;60.6612;8.13387;47.1526;9.86993;4027.46;5.93465;0;0;0.1;0.01;0;6.38233;0;0;-1
0;979;61.5228;26.8096;46.1112;9.90075;4065.3;5.95318;0;0;0.1;0.01;0;6.42451;0;0;-1
0;980;60.1725;43.6505;46.0405;10.1384;4365.13;6.09607;0;0;0.1;0.01;0;6.24339;0;0;-1
0;981;61.1696;60.9992;46.9971;9.12844;3186.24;5.4888;0;0;0.1;0.01;0;3.76035;0;0;-1
0;982;77.2963;-30.373;48.6433;8.61289;2676.3;5.17881;0;0;0.1;0.01;0;2.62383;0;0;-1
0;983;77.1329;-17.1005;47.7263;8.5;2572.44;5.11093;0;0;0.1;0.01;0;3.16222;1;0;-1
0;984;75.5655;1.83371;46.5479;9.84126;3992.46;5.91741;0;0;0.1;0.01;0;5.04696;0;0;-1
0;985;78.6911;17.3385;48.8019;10.0526;4255.24;6.04448;0;0;0.1;0.01;0;4.18469;0;0;-1
0;986;75.284;34.6942;45.9227;10.2898;4563.62;6.18711;0;0;0.1;0.01;0;4.40651;0;0;-1
0;987;-65.6132;-30.2907;62.2581;8.57744;2643.39;5.15749;0;0;0.1;0.01;0;3.43745;0;0;-1
0;988;-66.5772;-15.4237;63.5472;8.87947;2932.58;5.3391;0;0;0.1;0.01;0;3.54031;0;0;-1
0;989;-66.6916;0.551226;61.3328;8.52153;2592.04;5.12387;0;0;0.1;0.01;0;3.48041;0;0;-1
0;990;-66.1508;19.5121;63.9377;9.60852;3715.85;5.77746;0;0;0.1;0.01;0;3.35518;0;0;-1
0;991;-51.8179;-58.4801;60.4517;9.06277;3117.97;5.44931;0;0;0.1;0.01;0;2.13782;0;0;-1
0;992;-51.4189;-38.7589;63.6257;10.4312;4754.35;6.27213;0;0;0.1;0.01;0;5.19774;0;0;-1
0;993;-50.7444;-24.5039;63.3016;8.99047;3043.94;5.40584;0;0;0.1;0.01;0;6.41183;0;0;-1
0;994;-52.7067;-8.79466;61.3389;8.75928;2815.1;5.26683;0;0;0.1;0.01;0;4.57371;0;0;-1
0;995;-53.4874;10.328;61.6457;10.3467;4639.75;6.22132;0;0;0.1;0.01;0;5.60433;0;0;-1
0;996;-53.0202;27.1225;62.1079;8.5119;2583.26;5.11808;0;0;0.1;0.01;0;4.04407;0;0;-1
0;997;-51.7521;46.5214;61.8037;9.49673;3587.66;5.71025;0;0;0.1;0.01;0;3.02913;0;0;-1
0;998;-36.3728;-47.5565;60.5155;9.31429;3384.84;5.60055;0;0;0.1;0.01;0;6.1847;0;0;-1
0;999;-36.9114;-33.1658;64.1668;8.56914;2635.73;5.1525;0;0;0.1;0.01;0;5.89311;0;0;-1
0;1000;-35.4704;-15.6559;62.6735;9.77893;3917.08;5.87993;0;0;0.1;0.01;0;6.6202;0;0;-1
0;1001;-36.1656;1.45879;63.9614;8.73934;2795.92;5.25484;0;0;0.1;0.01;0;4.87578;0;0;-1
0;1002;-35.0684;19.588;62.2234;8.80965;2863.94;5.29711;0;0;0.1;0.01;0;5.88867;0;0;-1
0;1003;-35.2284;37.0902;60.6593;9.96828;4149.06;5.99378;0;0;0.1;0.01;0;6.29353;0;0;-1
0;1004;-38.3079;52.2585;63.8422;9.47991;3568.63;5.70013;0;0;0.1;0.01;0;3.9443;0;0;-1
0;1005;-38.3182;67.9576;60.6995;9.61487;3723.22;5.78128;0;0;0.1;0.01;0;3.18261;0;0;-1
0;1006;-21.3166;-73.2332;63.764;8.5;2572.44;5.11093;0;0;0.1;0.01;0;1.71372;1;0;-1
0;1007;-23.2932;-57.0294;62.2474;10.4;4711.82;6.25337;0;0;0.1;0.01;0;6.18549;0;0;-1
0;1008;-22.2423;-40.8632;61.3903;10.2717;4539.58;6.17622;0;0;0.1;0.01;0;8.02902;0;0;-1
0;1009;-21.3;-22.7328;63.6577;8.53442;2603.82;5.13162;0;0;0.1;0.01;0;6.24379;0;0;-1
0;1010;-21.9763;-5.56708;62.1292;10.3597;4657.26;6.22914;0;0;0.1;0.01;0;6.4373;0;0;-1
0;1011;-22.1199;10.5153;60.8522;8.5;2572.44;5.11093;0;0;0.1;0.01;0;3.63241;1;0;-1
0;1012;-23.7863;26.8101;63.5266;9.01866;3072.66;5.42279;0;0;0.1;0.01;0;4.69308;0;0;-1
0;1013;-22.4088;44.4766;62.8106;9.87176;4029.7;5.93575;0;0;0.1;0.01;0;6.77177;0;0;-1
0;1014;-21.8348;59.7018;60.1755;8.81698;2871.1;5.30152;0;0;0.1;0.01;0;5.4373;0;0;-1
0;1015;-7.87419;-67.6908;60.3495;8.52518;2595.37;5.12607;0;0;0.1;0.01;0;3.89045;0;0;-1
0;1016;-7.87089;-47.7015;63.1321;10.2311;4485.96;6.15181;0;0;0.1;0.01;0;6.71369;0;0;-1
0;1017;-5.56428;-29.8835;63.3971;9.05885;3113.92;5.44696;0;0;0.1;0.01;0;6.5761;0;0;-1
0;1018;-6.85008;-15.3328;60.9688;8.54701;2615.36;5.13919;0;0;0.1;0.01;0;6.62692;0;0;-1
0;1019;-8.78411;0.621732;60.771;8.5;2572.44;5.11093;0;0;0.1;0.01;0;4.71323;1;0;-1
0;1020;-6.95379;20.8312;60.3857;8.92528;2978.2;5.36664;0;0;0.1;0.01;0;4.6164;0;0;-1
0;1021;-8.83287;36.0096;63.5784;9.68264;3802.51;5.82203;0;0;0.1;0.01;0;7.04777;0;0;-1
0;1022;-6.47502;52.1433;61.0354;9.64341;3756.48;5.79844;0;0;0.1;0.01;0;7.58073;0;0;-1
0;1023;-7.43279;67.6715;60.8761;10.3052;4584.14;6.19637;0;0;0.1;0.01;0;4.93618;0;0;-1
0;1024;5.31944;-73.7739;61.9487;8.5;2572.44;5.11093;0;0;0.1;0.01;0;2.23717;1;0;-1
0;1025;6.87106;-57.4055;62.3;10.176;4413.87;6.11868;0;0;0.1;0.01;0;5.8166;0;0;-1
0;1026;7.74222;-39.3502;61.0318;8.5;2572.44;5.11093;0;0;0.1;0.01;0;4.55323;1;0;-1
0;1027;6.38176;-22.6891;62.3485;9.92312;4092.92;5.96663;0;0;0.1;0.01;0;6.71271;0;0;-1
0;1028;9.17412;-6.37523;62.474;10.2402;4497.94;6.15728;0;0;0.1;0.01;0;6.85732;0;0;-1
0;1029;8.77707;12.1967;62.2508;8.66534;2725.5;5.21034;0;0;0.1;0.01;0;4.78809;0;0;-1
0;1030;7.91992;26.323;63.4083;8.5;2572.44;5.11093;0;0;0.1;0.01;0;5.49393;1;0;-1
0;1031;7.42311;42.0727;60.0839;10.2988;4575.6;6.19252;0;0;0.1;0.01;0;6.633;0;0;-1
0;1032;6.63746;63.087;63.2887;9.3194;3390.41;5.60362;0;0;0.1;0.01;0;4.62339;0;0;-1
0;1033;21.3055;-63.8661;60.9554;8.5;2572.44;5.11093;0;0;0.1;0.01;0;3.70203;1;0;-1
0;1034;23.2557;-50.2975;61.9484;8.5;2572.44;5.11093;0;0;0.1;0.01;0;4.43474;1;0;-1
0;1035;20.9384;-32.3604;61.0258;8.5;2572.44;5.11093;0;0;0.1;0.01;0;3.83373;1;0;-1
0;1036;24.2124;-12.6695;60.363;8.5;2572.44;5.11093;0;0;0.1;0.01;0;5.40659;1;0;-1
0;1037;20.6067;2.95654;61.7802;8.5;2572.44;5.11093;0;0;0.1;0.01;0;5.0648;1;0;-1
0;1038;23.0803;19.7955;63.7362;10.3275;4613.96;6.20978;0;0;0.1;0.01;0;7.34127;0;0;-1
0;1039;21.9272;37.8447;63.1504;8.70203;2760.26;5.2324;0;0;0.1;0.01;0;5.68737;0;0;-1
0;1040;21.5772;53.1579;60.4237;8.5;2572.44;5.11093;0;0;0.1;0.01;0;5.29609;1;0;-1
0;1041;22.1333;69.1038;61.3924;9.0674;3122.75;5.4521;0;0;0.1;0.01;0;3.39249;0;0;-1
0;1042;34.6678;-59.7293;63.5404;8.5;2572.44;5.11093;0;0;0.1;0.01;0;2.17424;1;0;-1
0;1043;36.1541;-39.3417;62.5742;9.23923;3303.66;5.55541;0;0;0.1;0.01;0;4.51154;0;0;-1
0;1044;38.1848;-22.8156;61.8935;8.81792;2872.02;5.30209;0;0;0.1;0.01;0;4.89404;0;0;-1
0;1045;35.7953;-5.05871;62.6074;8.95321;3006.25;5.38344;0;0;0.1;0.01;0;4.80172;0;0;-1
0;1046;38.2695;12.2867;61.38;9.45337;3538.74;5.68417;0;0;0.1;0.01;0;5.64692;0;0;-1
0;1047;37.9535;26.2052;60.2516;8.5;2572.44;5.11093;0;0;0.1;0.01;0;6.73147;1;0;-1
0;1048;35.5208;43.3601;63.5217;9.23679;3301.05;5.55395;0;0;0.1;0.01;0;5.62894;0;0;-1
0;1049;38.6659;60.4736;63.3832;9.72555;3853.28;5.84783;0;0;0.1;0.01;0;3.94818;0;0;-1
0;1050;53.459;-48.7345;61.7441;9.52246;3616.9;5.72572;0;0;0.1;0.01;0;3.22279;0;0;-1
0;1051;50.3658;-33.3927;60.884;8.5;2572.44;5.11093;0;0;0.1;0.01;0;4.87623;1;0;-1
0;1052;51.0226;-15.2819;62.1415;9.58171;3684.83;5.76134;0;0;0.1;0.01;0;5.69808;0;0;-1
0;1053;50.0329;0.793158;62.6967;8.5;2572.44;5.11093;0;0;0.1;0.01;0;4.1293;1;0;-1
0;1054;50.5526;20.6969;60.9292;8.5;2572.44;5.11093;0;0;0.1;0.01;0;5.72312;1;0;-1
0;1055;50.8696;34.8049;61.8193;9.8158;3961.56;5.9021;0;0;0.1;0.01;0;6.01689;0;0;-1
0;1056;53.6964;53.0091;62.7396;10.1404;4367.71;6.09728;0;0;0.1;0.01;0;3.14185;0;0;-1
0;1057;67.0767;-40.8593;60.8982;10.4293;4751.76;6.27099;0;0;0.1;0.01;0;2.85241;0;0;-1
0;1058;64.4516;-21.5175;62.1437;8.5;2572.44;5.11093;0;0;0.1;0.01;0;2.95847;1;0;-1
0;1059;64.4395;-5.43849;61.8703;8.5;2572.44;5.11093;0;0;0.1;0.01;0;4.08108;1;0;-1
0;1060;66.7731;9.1972;60.6554;9.7064;3830.57;5.83632;0;0;0.1;0.01;0;3.28665;0;0;-1
0;1061;65.1723;25.0277;60.1651;8.80062;2855.15;5.29169;0;0;0.1;0.01;0;2.81948;0;0;-1
0;1062;-54.4249;-23.7659;75.9836;9.34551;3418.99;5.61932;0;0;0.1;0.01;0;3.60351;0;0;-1
0;1063;-56.5074;-4.69896;78.7071;8.5;2572.44;5.11093;0;0;0.1;0.01;0;1.66207;1;0;-1
0;1064;-54.9442;10.6825;76.244;9.32397;3395.4;5.60637;0;0;0.1;0.01;0;3.9051;0;0;-1
0;1065;-56.4424;29.7277;75.0147;10.447;4775.99;6.28163;0;0;0.1;0.01;0;3.23434;0;0;-1
0;1066;-40.028;-48.9616;77.0245;8.5;2572.44;5.11093;0;0;0.1;0.01;0;2.24669;1;0;-1
0;1067;-42.254;-30.7979;77.796;8.79456;2849.25;5.28804;0;0;0.1;0.01;0;4.74814;0;0;-1
0;1068;-40.3965;-15.9293;75.098;9.98709;4172.59;6.00509;0;0;0.1;0.01;0;6.54551;0;0;-1
0;1069;-40.4526;2.87043;77.9486;9.51488;3608.27;5.72116;0;0;0.1;0.01;0;5.73093;0;0;-1
0;1070;-41.6303;17.7802;74.6487;8.54694;2615.29;5.13915;0;0;0.1;0.01;0;5.55084;0;0;-1
0;1071;-39.3218;33.6816;76.4753;9.87209;4030.1;5.93594;0;0;0.1;0.01;0;4.14426;0;0;-1
0;1072;-24.3889;-55.162;76.9427;9.73996;3870.44;5.8565;0;0;0.1;0.01;0;3.46771;0;0;-1
0;1073;-26.275;-40.8466;74.9476;9.02504;3079.19;5.42663;0;0;0.1;0.01;0;5.50577;0;0;-1
0;1074;-27.47;-23.1564;76.5363;10.0637;4269.35;6.05116;0;0;0.1;0.01;0;7.01426;0;0;-1
0;1075;-27.2504;-4.51675;77.8972;9.34698;3420.6;5.6202;0;0;0.1;0.01;0;6.5496;0;0;-1
0;1076;-24.9811;12.2899;77.0421;9.04555;3100.23;5.43896;0;0;0.1;0.01;0;5.77595;0;0;-1
0;1077;-25.7895;26.5328;77.3011;9.31413;3384.66;5.60045;0;0;0.1;0.01;0;5.89795;0;0;-1
0;1078;-25.3418;43.7254;77.7658;9.28589;3353.97;5.58347;0;0;0.1;0.01;0;3.80714;0;0;-1
0;1079;-10.0639;-47.8103;76.4042;8.80812;2862.45;5.29619;0;0;0.1;0.01;0;4.92311;0;0;-1
0;1080;-12.4529;-31.143;76.4199;10.2266;4480.05;6.14911;0;0;0.1;0.01;0;7.47903;0;0;-1
0;1081;-12.8033;-16.1725;74.6143;9.40462;3484.27;5.65486;0;0;0.1;0.01;0;7.35169;0;0;-1
0;1082;-13.5661;0.326503;78.5008;10.2202;4471.64;6.14526;0;0;0.1;0.01;0;6.59516;0;0;-1
0;1083;-11.4823;20.5721;78.3193;8.95194;3004.97;5.38267;0;0;0.1;0.01;0;5.81068;0;0;-1
0;1084;-10.8839;36.508;76.7768;10.0821;4292.81;6.06222;0;0;0.1;0.01;0;7.27687;0;0;-1
0;1085;-11.9877;51.5964;76.3104;9.93362;4105.93;5.97294;0;0;0.1;0.01;0;4.7835;0;0;-1
0;1086;3.54387;-58.8474;76.604;10.3992;4710.73;6.25289;0;0;0.1;0.01;0;3.37162;0;0;-1
0;1087;1.38018;-42.2275;78.4776;8.5;2572.44;5.11093;0;0;0.1;0.01;0;4.97833;1;0;-1
0;1088;4.76689;-23.2462;76.3348;10.0445;4244.96;6.03961;0;0;0.1;0.01;0;6.80868;0;0;-1
0;1089;1.29632;-7.59496;78.2448;9.92445;4094.57;5.96743;0;0;0.1;0.01;0;6.27007;0;0;-1
0;1090;3.27068;11.421;77.6398;8.90179;2954.75;5.35252;0;0;0.1;0.01;0;4.54271;0;0;-1
0;1091;1.50565;27.3619;77.7762;9.65841;3774.03;5.80746;0;0;0.1;0.01;0;7.24013;0;0;-1
0;1092;2.54192;42.4954;76.467;10.3015;4579.2;6.19414;0;0;0.1;0.01;0;6.33703;0;0;-1
0;1093;4.04377;61.3718;76.5676;9.70352;3827.16;5.83459;0;0;0.1;0.01;0;3.29262;0;0;-1
0;1094;16.4705;-49.5981;74.9876;8.82222;2876.22;5.30467;0;0;0.1;0.01;0;3.51619;0;0;-1
0;1095;17.467;-30.737;77.8402;9.94785;4123.6;5.9815;0;0;0.1;0.01;0;6.04368;0;0;-1
0;1096;18.4996;-13.1215;74.6087;9.11763;3174.93;5.4823;0;0;0.1;0.01;0;6.14136;0;0;-1
0;1097;16.7227;3.34187;76.3069;8.78297;2838;5.28107;0;0;0.1;0.01;0;5.25261;0;0;-1
0;1098;18.41;20.1282;76.7592;8.5;2572.44;5.11093;0;0;0.1;0.01;0;5.81244;1;0;-1
0;1099;18.605;33.9806;76.0107;10.0972;4312.13;6.0713;0;0;0.1;0.01;0;7.30777;0;0;-1
0;1100;18.5689;54.4276;76.1434;9.59276;3697.6;5.76799;0;0;0.1;0.01;0;3.6014;0;0;-1
0;1101;32.5491;-40.2016;76.43;10.1849;4425.47;6.12403;0;0;0.1;0.01;0;3.81188;0;0;-1
0;1102;31.25;-22.9439;78.5551;10.1291;4353.13;6.09048;0;0;0.1;0.01;0;5.5832;0;0;-1
0;1103;31.1805;-5.98629;77.3402;8.5572;2624.72;5.14532;0;0;0.1;0.01;0;5.20106;0;0;-1
0;1104;32.3713;11.7418;76.1699;9.07028;3125.72;5.45383;0;0;0.1;0.01;0;4.46331;0;0;-1
0;1105;34.5166;28.4097;76.6492;10.3011;4578.67;6.1939;0;0;0.1;0.01;0;5.87481;0;0;-1
0;1106;30.9563;46.4955;78.1582;10.3268;4613.03;6.20935;0;0;0.1;0.01;0;4.16938;0;0;-1
0;1107;49.0864;-30.3944;78.6657;9.26179;3327.92;5.56898;0;0;0.1;0.01;0;1.69112;0;0;-1
0;1108;45.4507;-13.8833;75.3123;8.5304;2600.14;5.12921;0;0;0.1;0.01;0;4.76209;0;0;-1
0;1109;47.4438;0.401448;77.9803;8.55106;2619.08;5.14163;0;0;0.1;0.01;0;3.45462;0;0;-1
0;1110;48.3194;20.0343;74.9215;9.58572;3689.46;5.76375;0;0;0.1;0.01;0;3.86968;0;0;-1
0;1111;49.0116;36.2344;77.4629;8.5;2572.44;5.11093;0;0;0.1;0.01;0;2.34203;1;0;-1
0;1112;60.4372;-6.10473;78.44;8.5;2572.44;5.11093;0;0;0.1;0.01;0;1.59641;1;0;-1
0;1113;-36.2705;-15.731;89.637;9.8315;3980.59;5.91154;0;0;0.1;0.01;0;4.24781;0;0;-1
0;1114;-36.4177;1.56556;91.2417;8.5;2572.44;5.11093;0;0;0.1;0.01;0;3.92104;1;0;-1
0;1115;-38.4452;16.9516;89.882;10.0141;4206.53;6.02133;0;0;0.1;0.01;0;3.77233;0;0;-1
0;1116;-21.1038;-24.4714;90.0471;10.4526;4783.67;6.285;0;0;0.1;0.01;0;4.94943;0;0;-1
0;1117;-23.4159;-6.36485;93.0783;10.0382;4236.98;6.03582;0;0;0.1;0.01;0;4.53937;0;0;-1
0;1118;-22.7404;11.6896;89.7662;8.5;2572.44;5.11093;0;0;0.1;0.01;0;4.56393;1;0;-1
0;1119;-21.6276;27.6374;93.3729;10.1704;4406.59;6.11531;0;0;0.1;0.01;0;3.63845;0;0;-1
0;1120;-7.4803;-31.4745;90.7928;9.99572;4183.41;6.01028;0;0;0.1;0.01;0;4.74619;0;0;-1
0;1121;-8.53159;-14.0087;89.4455;9.49792;3589.01;5.71096;0;0;0.1;0.01;0;6.43355;0;0;-1
0;1122;-6.51055;1.18114;92.6609;9.92513;4095.41;5.96784;0;0;0.1;0.01;0;5.31329;0;0;-1
0;1123;-5.8086;19.1316;93.3196;10.3778;4681.71;6.24002;0;0;0.1;0.01;0;5.37803;0;0;-1
0;1124;-7.60932;35.0397;92.3579;8.5;2572.44;5.11093;0;0;0.1;0.01;0;3.71116;1;0;-1
0;1125;5.41801;-38.5695;92.1452;8.64182;2703.36;5.1962;0;0;0.1;0.01;0;2.77292;0;0;-1
0;1126;6.6333;-23.3658;92.1238;9.97299;4154.94;5.99661;0;0;0.1;0.01;0;4.8586;0;0;-1
0;1127;7.32777;-5.0422;91.6073;9.76217;3896.98;5.86985;0;0;0.1;0.01;0;4.37123;0;0;-1
0;1128;6.66381;10.8076;91.211;9.29955;3368.79;5.59168;0;0;0.1;0.01;0;4.12387;0;0;-1
0;1129;6.09523;28.7519;90.056;9.47028;3557.76;5.69434;0;0;0.1;0.01;0;5.33576;0;0;-1
0;1130;23.7579;-31.9727;89.8622;8.5;2572.44;5.11093;0;0;0.1;0.01;0;2.94792;1;0;-1
0;1131;20.7096;-13.4754;89.3529;8.96289;3016.01;5.38926;0;0;0.1;0.01;0;4.82286;0;0;-1
0;1132;22.7961;0.119115;90.162;8.56343;2630.46;5.14907;0;0;0.1;0.01;0;3.46926;0;0;-1
0;1133;20.0073;20.8204;90.9607;8.88242;2935.5;5.34087;0;0;0.1;0.01;0;3.25238;0;0;-1
0;1134;20.8892;36.7175;90.3462;8.61361;2676.97;5.17924;0;0;0.1;0.01;0;2.71883;0;0;-1
0;1135;37.3238;-7.80675;89.733;9.767;3902.76;5.87276;0;0;0.1;0.01;0;3.63733;0;0;-1
0;1136;35.4273;9.7271;91.1667;8.5238;2594.11;5.12524;0;0;0.1;0.01;0;1.96262;0;0;-1
