Time;ID;x;y;z;radius;volume_total;radius_nuclear;contact_ECM;freezer;polarized_fraction;motility;cell_line;Cell_cell;phase;Cycle;NFkB
0;0;-51.3235;-4.6088;-83.4247;8.5;2572.44;5.11093;0;0;0.1;0.01;0;2.6437;1;0;-1
0;1;-37.434;-33.3438;-84.6864;9.8791;4038.69;5.94016;0;0;0.1;0.01;0;2.67578;0;0;-1
0;2;-37.6584;-13.827;-86.4891;8.5;2572.44;5.11093;0;0;0.1;0.01;0;2.65062;1;0;-1
0;3;-38.5097;0.468916;-85.596;8.93259;2985.53;5.37104;0;0;0.1;0.01;0;2.49558;0;0;-1
0;4;-35.4923;20.6054;-84.336;10.0373;4235.84;6.03528;0;0;0.1;0.01;0;3.05371;0;0;-1
0;5;-21.8036;-40.6284;-87.2593;9.31441;3384.97;5.60062;0;0;0.1;0.01;0;2.80855;0;0;-1
0;6;-20.5468;-22.3992;-85.9318;8.72424;2781.45;5.24576;0;0;0.1;0.01;0;4.24014;0;0;-1
0;7;-21.0349;-8.41924;-84.5135;8.68751;2746.47;5.22367;0;0;0.1;0.01;0;4.10653;0;0;-1
0;8;-20.3055;10.7168;-85.9716;8.9461;2999.09;5.37916;0;0;0.1;0.01;0;3.39466;0;0;-1
0;9;-22.2976;28.7602;-84.0016;9.1147;3171.87;5.48054;0;0;0.1;0.01;0;3.81369;0;0;-1
0;10;-8.84347;-49.3331;-83.4166;10.3831;4688.89;6.24321;0;0;0.1;0.01;0;3.60915;0;0;-1
0;11;-7.09719;-30.7502;-87.167;9.25676;3322.5;5.56596;0;0;0.1;0.01;0;4.75229;0;0;-1
0;12;-6.8058;-16.6175;-86.254;8.92614;2979.06;5.36716;0;0;0.1;0.01;0;5.07723;0;0;-1
0;13;-6.59317;0.141419;-85.5142;10.1914;4433.94;6.12794;0;0;0.1;0.01;0;5.02041;0;0;-1
0;14;-7.56635;20.0307;-83.7596;10.1998;4444.92;6.13299;0;0;0.1;0.01;0;5.00755;0;0;-1
0;15;-7.67786;38.2921;-83.9337;9.71243;3837.71;5.83994;0;0;0.1;0.01;0;3.32044;0;0;-1
0;16;7.44607;-40.8717;-85.9501;10.0896;4302.4;6.06673;0;0;0.1;0.01;0;4.84792;0;0;-1
0;17;6.40043;-24.2341;-83.491;10.0954;4309.82;6.07022;0;0;0.1;0.01;0;6.03726;0;0;-1
0;18;8.72566;-6.02225;-85.8381;8.76963;2825.09;5.27305;0;0;0.1;0.01;0;3.89264;0;0;-1
0;19;6.47787;10.935;-86.7553;8.73724;2793.9;5.25358;0;0;0.1;0.01;0;2.66794;0;0;-1
0;20;7.75419;27.7549;-87.3846;8.84193;2895.54;5.31652;0;0;0.1;0.01;0;3.18586;0;0;-1
0;21;8.87885;45.3823;-83.5793;10.2972;4573.47;6.19156;0;0;0.1;0.01;0;3.80201;0;0;-1
0;22;20.2449;-49.1551;-84.495;9.44966;3534.57;5.68194;0;0;0.1;0.01;0;3.23517;0;0;-1
0;23;23.338;-34.0361;-86.6643;10.0918;4305.21;6.06805;0;0;0.1;0.01;0;5.12332;0;0;-1
0;24;20.6058;-15.7298;-84.9707;8.5;2572.44;5.11093;0;0;0.1;0.01;0;3.28128;1;0;-1
0;25;22.4795;3.45153;-86.8652;8.58914;2654.22;5.16453;0;0;0.1;0.01;0;3.59051;0;0;-1
0;26;23.633;20.3914;-84.4846;8.88816;2941.2;5.34432;0;0;0.1;0.01;0;4.47696;0;0;-1
0;27;23.5481;37.7379;-84.8627;9.8457;3997.87;5.92008;0;0;0.1;0.01;0;3.69451;0;0;-1
0;28;36.3523;-40.1958;-83.6477;9.99562;4183.29;6.01022;0;0;0.1;0.01;0;3.76933;0;0;-1
0;29;35.4687;-25.5459;-86.1256;8.5;2572.44;5.11093;0;0;0.1;0.01;0;3.01524;1;0;-1
0;30;37.207;-5.59761;-85.3006;10.2046;4451.19;6.13588;0;0;0.1;0.01;0;2.52965;0;0;-1
0;31;36.5611;10.8589;-83.9691;10.2277;4481.49;6.14977;0;0;0.1;0.01;0;3.93901;0;0;-1
0;32;37.5896;26.9792;-83.9261;10.0868;4298.82;6.06505;0;0;0.1;0.01;0;4.35895;0;0;-1
0;33;-70.525;-14.7633;-69.376;9.3986;3477.59;5.65124;0;0;0.1;0.01;0;2.28101;0;0;-1
0;34;-57.8126;-39.4482;-71.3473;9.97762;4160.73;5.9994;0;0;0.1;0.01;0;3.10371;0;0;-1
0;35;-56.6652;-25.1879;-72.4886;9.30194;3371.39;5.59312;0;0;0.1;0.01;0;3.99677;0;0;-1
0;36;-54.7601;-8.89677;-70.8567;8.5;2572.44;5.11093;0;0;0.1;0.01;0;4.50405;1;0;-1
0;37;-56.2941;9.85668;-69.7952;10.3383;4628.45;6.21627;0;0;0.1;0.01;0;3.50679;0;0;-1
0;38;-57.7889;28.4766;-71.5059;8.5;2572.44;5.11093;0;0;0.1;0.01;0;2.15564;1;0;-1
0;39;-54.6556;46.9044;-68.578;9.52835;3623.61;5.72926;0;0;0.1;0.01;0;3.24059;0;0;-1
0;40;-41.55;-51.316;-72.6763;9.08313;3139.03;5.46155;0;0;0.1;0.01;0;2.11139;0;0;-1
0;41;-41.3945;-30.4521;-70.9837;9.44447;3528.75;5.67882;0;0;0.1;0.01;0;5.73766;0;0;-1
0;42;-42.2296;-16.6232;-69.6696;10.4347;4759.14;6.27423;0;0;0.1;0.01;0;6.85547;0;0;-1
0;43;-39.4129;1.73305;-69.0986;8.5;2572.44;5.11093;0;0;0.1;0.01;0;4.22124;1;0;-1
0;44;-42.363;16.7601;-69.0595;8.5;2572.44;5.11093;0;0;0.1;0.01;0;5.51344;1;0;-1
0;45;-42.4212;34.2514;-69.8596;9.48534;3574.76;5.7034;0;0;0.1;0.01;0;5.2134;0;0;-1
0;46;-41.2113;53.4659;-69.4158;8.5;2572.44;5.11093;0;0;0.1;0.01;0;3.80442;1;0;-1
0;47;-26.5792;-57.1967;-70.3599;8.69547;2754.02;5.22846;0;0;0.1;0.01;0;4.02415;0;0;-1
0;48;-28.5589;-42.5888;-68.4951;10.4235;4743.83;6.2675;0;0;0.1;0.01;0;6.387;0;0;-1
0;49;-26.2528;-24.7421;-70.6812;8.78999;2844.81;5.28529;0;0;0.1;0.01;0;5.81391;0;0;-1
0;50;-24.7266;-8.81005;-71.8628;8.5;2572.44;5.11093;0;0;0.1;0.01;0;4.47323;1;0;-1
0;51;-26.8796;11.1035;-69.6498;9.33999;3412.93;5.616;0;0;0.1;0.01;0;5.35116;0;0;-1
0;52;-26.0073;26.9252;-69.2381;10.0291;4225.46;6.03035;0;0;0.1;0.01;0;6.56953;0;0;-1
0;53;-27.615;43.7358;-70.6692;9.33376;3406.11;5.61225;0;0;0.1;0.01;0;4.60137;0;0;-1
0;54;-27.1656;62.1963;-69.8042;9.79464;3935.99;5.88937;0;0;0.1;0.01;0;3.74067;0;0;-1
0;55;-13.5688;-63.85;-69.0177;9.87774;4037.02;5.93934;0;0;0.1;0.01;0;4.04161;0;0;-1
0;56;-13.8208;-48.1398;-68.3362;8.5;2572.44;5.11093;0;0;0.1;0.01;0;5.72187;1;0;-1
0;57;-11.3455;-31.1863;-72.6121;8.91585;2968.77;5.36097;0;0;0.1;0.01;0;5.0985;0;0;-1
0;58;-12.6995;-15.0509;-70.9679;9.29638;3365.35;5.58978;0;0;0.1;0.01;0;6.58839;0;0;-1
0;59;-9.95117;1.9664;-71.7761;9.45092;3535.99;5.6827;0;0;0.1;0.01;0;5.80944;0;0;-1
0;60;-11.6486;16.587;-70.1422;8.82064;2874.68;5.30372;0;0;0.1;0.01;0;5.34768;0;0;-1
0;61;-11.8842;36.6274;-70.9311;9.09843;3154.92;5.47075;0;0;0.1;0.01;0;4.65125;0;0;-1
0;62;-10.7494;55.0836;-70.3615;9.75011;3882.55;5.8626;0;0;0.1;0.01;0;3.31343;0;0;-1
0;63;2.17533;-56.2422;-69.065;9.01971;3073.73;5.42342;0;0;0.1;0.01;0;4.73823;0;0;-1
0;64;3.9429;-40.1479;-72.0452;8.76763;2823.16;5.27185;0;0;0.1;0.01;0;5.19915;0;0;-1
0;65;2.71672;-22.8967;-68.5048;10.2393;4496.76;6.15674;0;0;0.1;0.01;0;7.07091;0;0;-1
0;66;4.34124;-7.97936;-72.0198;9.90275;4067.77;5.95438;0;0;0.1;0.01;0;6.59457;0;0;-1
0;67;2.35147;10.1687;-69.2171;8.5;2572.44;5.11093;0;0;0.1;0.01;0;4.96828;1;0;-1
0;68;4.40245;26.7945;-69.6937;8.5;2572.44;5.11093;0;0;0.1;0.01;0;4.49246;1;0;-1
0;69;4.43565;45.7977;-70.5433;9.40266;3482.1;5.65368;0;0;0.1;0.01;0;6.07165;0;0;-1
0;70;3.5075;63.7176;-70.149;9.87208;4030.09;5.93594;0;0;0.1;0.01;0;3.45242;0;0;-1
0;71;16.3324;-66.2698;-69.8967;9.33398;3406.35;5.61239;0;0;0.1;0.01;0;2.89172;0;0;-1
0;72;15.9674;-47.1694;-70.9229;8.71329;2770.99;5.23917;0;0;0.1;0.01;0;4.75242;0;0;-1
0;73;19.258;-30.2027;-70.8809;10.2304;4485.04;6.15139;0;0;0.1;0.01;0;6.89088;0;0;-1
0;74;16.4083;-14.0928;-69.2291;8.5;2572.44;5.11093;0;0;0.1;0.01;0;6.69802;1;0;-1
0;75;16.9965;1.22251;-71.3278;9.24351;3308.26;5.55799;0;0;0.1;0.01;0;5.44044;0;0;-1
0;76;16.0005;18.2058;-69.2058;8.72477;2781.96;5.24608;0;0;0.1;0.01;0;4.98767;0;0;-1
0;77;17.3092;35.4442;-70.639;9.03495;3089.34;5.43258;0;0;0.1;0.01;0;5.48866;0;0;-1
0;78;19.4567;55.0732;-70.2826;10.194;4437.34;6.1295;0;0;0.1;0.01;0;4.0652;0;0;-1
0;79;31.0813;-57.7967;-69.4734;8.5;2572.44;5.11093;0;0;0.1;0.01;0;3.35957;1;0;-1
0;80;31.7675;-38.5289;-68.4311;9.87873;4038.24;5.93994;0;0;0.1;0.01;0;6.27521;0;0;-1
0;81;32.0156;-21.8259;-69.6492;8.5;2572.44;5.11093;0;0;0.1;0.01;0;4.93351;1;0;-1
0;82;33.3355;-6.3419;-68.8073;9.53103;3626.67;5.73087;0;0;0.1;0.01;0;5.57082;0;0;-1
0;83;30.5701;12.4428;-71.3004;9.73152;3860.39;5.85142;0;0;0.1;0.01;0;6.45308;0;0;-1
0;84;33.6243;28.6004;-68.522;10.0382;4236.98;6.03582;0;0;0.1;0.01;0;6.88802;0;0;-1
0;85;34.0102;43.7436;-71.972;8.5;2572.44;5.11093;0;0;0.1;0.01;0;4.23512;1;0;-1
0;86;46.3657;-51.2919;-68.9096;9.61922;3728.28;5.7839;0;0;0.1;0.01;0;2.75899;0;0;-1
0;87;45.9811;-30.4847;-71.9463;9.01313;3067.01;5.41946;0;0;0.1;0.01;0;4.33321;0;0;-1
0;88;47.5561;-13.4209;-72.0029;9.9526;4129.51;5.98435;0;0;0.1;0.01;0;4.86413;0;0;-1
0;89;45.3285;1.65051;-69.056;8.5;2572.44;5.11093;0;0;0.1;0.01;0;5.76287;1;0;-1
0;90;47.3051;17.1292;-68.9532;10.3912;4699.87;6.24808;0;0;0.1;0.01;0;6.38448;0;0;-1
0;91;48.9708;36.8838;-71.9518;10.2103;4458.66;6.13931;0;0;0.1;0.01;0;3.53471;0;0;-1
0;92;46.7036;54.1112;-69.0018;8.5;2572.44;5.11093;0;0;0.1;0.01;0;2.5375;1;0;-1
0;93;60.0265;-25.6667;-72.0453;10.0688;4275.84;6.05422;0;0;0.1;0.01;0;2.75261;0;0;-1
0;94;62.5666;-5.60806;-71.9202;8.73835;2794.97;5.25424;0;0;0.1;0.01;0;2.33538;0;0;-1
0;95;61.3288;9.87273;-68.8433;9.81409;3959.49;5.90107;0;0;0.1;0.01;0;3.63398;0;0;-1
0;96;-80.3931;-8.31437;-55.4072;9.69228;3813.88;5.82783;0;0;0.1;0.01;0;2.96284;0;0;-1
0;97;-80.1296;12.4628;-54.3318;8.7296;2786.58;5.24898;0;0;0.1;0.01;0;2.61332;0;0;-1
0;98;-65.7609;-48.4215;-54.2721;10.1245;4347.2;6.08771;0;0;0.1;0.01;0;4.67928;0;0;-1
0;99;-67.7024;-33.8765;-55.4083;8.95215;3005.18;5.3828;0;0;0.1;0.01;0;3.30333;0;0;-1
0;100;-65.5517;-12.6474;-56.3812;8.50736;2579.13;5.11535;0;0;0.1;0.01;0;4.00076;0;0;-1
0;101;-64.5992;1.73373;-53.9675;9.72048;3847.26;5.84478;0;0;0.1;0.01;0;5.33454;0;0;-1
0;102;-68.0143;19.6471;-57.7772;8.68328;2742.46;5.22113;0;0;0.1;0.01;0;3.53371;0;0;-1
0;103;-66.4409;35.4416;-55.554;8.5;2572.44;5.11093;0;0;0.1;0.01;0;3.49194;1;0;-1
0;104;-52.2484;-59.3441;-54.8738;9.7421;3872.99;5.85778;0;0;0.1;0.01;0;4.06049;0;0;-1
0;105;-52.9143;-42.3683;-57.5573;8.54632;2614.73;5.13878;0;0;0.1;0.01;0;4.59107;0;0;-1
0;106;-51.3175;-24.6959;-57.8074;8.5;2572.44;5.11093;0;0;0.1;0.01;0;4.57001;1;0;-1
0;107;-49.8593;-4.79104;-57.1167;9.83619;3986.29;5.91436;0;0;0.1;0.01;0;6.42274;0;0;-1
0;108;-51.7484;12.0425;-54.3885;9.7551;3888.52;5.8656;0;0;0.1;0.01;0;7.06085;0;0;-1
0;109;-51.0317;27.8548;-57.8087;10.3779;4681.85;6.24008;0;0;0.1;0.01;0;6.92869;0;0;-1
0;110;-52.1433;44.8038;-54.0112;9.75705;3890.85;5.86677;0;0;0.1;0.01;0;6.19908;0;0;-1
0;111;-50.5758;59.7297;-54.4392;10.0947;4308.92;6.0698;0;0;0.1;0.01;0;5.15118;0;0;-1
0;112;-38.6596;-66.5817;-56.3494;9.78686;3926.62;5.8847;0;0;0.1;0.01;0;4.10195;0;0;-1
0;113;-38.3694;-51.0476;-54.5664;9.22818;3291.83;5.54877;0;0;0.1;0.01;0;5.19145;0;0;-1
0;114;-36.5527;-31.2271;-56.2469;9.62245;3732.03;5.78584;0;0;0.1;0.01;0;6.18279;0;0;-1
0;115;-36.5259;-14.8533;-55.7922;10.2702;4537.59;6.17532;0;0;0.1;0.01;0;6.81695;0;0;-1
0;116;-37.7498;2.43974;-54.3746;8.98033;3033.65;5.39974;0;0;0.1;0.01;0;5.52296;0;0;-1
0;117;-36.0771;20.9968;-57.019;10.2728;4541.04;6.17689;0;0;0.1;0.01;0;7.54117;0;0;-1
0;118;-35.2031;36.6517;-55.0677;8.75833;2814.18;5.26626;0;0;0.1;0.01;0;6.65552;0;0;-1
0;119;-36.9965;51.279;-56.5104;10.0445;4244.96;6.03961;0;0;0.1;0.01;0;6.9461;0;0;-1
0;120;-35.9276;70.3121;-57.9329;10.4064;4720.52;6.25722;0;0;0.1;0.01;0;4.2729;0;0;-1
0;121;-23.9328;-76.0217;-57.3292;9.56038;3660.28;5.74852;0;0;0.1;0.01;0;3.14449;0;0;-1
0;122;-21.8307;-56.2148;-56.404;9.42137;3502.92;5.66493;0;0;0.1;0.01;0;6.51207;0;0;-1
0;123;-21.09;-40.464;-54.8502;10.0066;4197.09;6.01682;0;0;0.1;0.01;0;6.98214;0;0;-1
0;124;-23.6219;-22.5388;-56.7424;9.91108;4078.04;5.95939;0;0;0.1;0.01;0;6.8768;0;0;-1
0;125;-21.5816;-7.15122;-56.342;8.98657;3039.98;5.40349;0;0;0.1;0.01;0;5.6317;0;0;-1
0;126;-22.4072;9.00122;-55.9883;9.44496;3529.3;5.67912;0;0;0.1;0.01;0;4.80092;0;0;-1
0;127;-21.4004;25.596;-55.5894;8.61865;2681.68;5.18227;0;0;0.1;0.01;0;5.26536;0;0;-1
0;128;-21.7822;42.3094;-56.704;8.5;2572.44;5.11093;0;0;0.1;0.01;0;5.122;1;0;-1
0;129;-22.1132;63.2068;-54.4615;10.3642;4663.33;6.23184;0;0;0.1;0.01;0;7.13687;0;0;-1
0;130;-22.02;77.9741;-57.0124;9.14647;3205.16;5.49964;0;0;0.1;0.01;0;3.52801;0;0;-1
0;131;-9.28468;-80.7843;-56.007;8.5;2572.44;5.11093;0;0;0.1;0.01;0;2.47068;1;0;-1
0;132;-5.77103;-65.6667;-55.747;9.0412;3095.76;5.43634;0;0;0.1;0.01;0;4.74713;0;0;-1
0;133;-6.23213;-47.1121;-55.1195;9.62786;3738.33;5.78909;0;0;0.1;0.01;0;5.88366;0;0;-1
0;134;-8.77001;-29.9226;-54.6164;9.80216;3945.06;5.8939;0;0;0.1;0.01;0;5.57496;0;0;-1
0;135;-8.94417;-14.1423;-55.4227;8.61231;2675.76;5.17846;0;0;0.1;0.01;0;5.84066;0;0;-1
0;136;-7.06643;0.370079;-56.7177;8.5;2572.44;5.11093;0;0;0.1;0.01;0;5.33903;1;0;-1
0;137;-5.92256;20.9936;-55.1513;10.3787;4682.93;6.24056;0;0;0.1;0.01;0;6.3343;0;0;-1
0;138;-8.23656;36.9505;-55.4921;10.3709;4672.38;6.23587;0;0;0.1;0.01;0;6.4112;0;0;-1
0;139;-5.82902;54.9367;-55.1089;10.4463;4775.03;6.28121;0;0;0.1;0.01;0;6.18353;0;0;-1
0;140;-8.71839;70.3261;-55.1339;8.9171;2970.02;5.36172;0;0;0.1;0.01;0;3.3023;0;0;-1
0;141;8.98554;-74.3221;-56.9031;8.95921;3012.3;5.38704;0;0;0.1;0.01;0;3.4675;0;0;-1
0;142;6.86045;-58.0816;-56.2098;9.9375;4110.74;5.97527;0;0;0.1;0.01;0;6.12647;0;0;-1
0;143;7.34508;-41.7029;-54.9294;8.5;2572.44;5.11093;0;0;0.1;0.01;0;4.38193;1;0;-1
0;144;9.40233;-22.717;-56.6083;9.348;3421.72;5.62082;0;0;0.1;0.01;0;6.49437;0;0;-1
0;145;6.03159;-8.01567;-56.8612;9.37777;3454.52;5.63872;0;0;0.1;0.01;0;6.47315;0;0;-1
0;146;5.60913;9.71873;-55.2367;8.95394;3006.98;5.38387;0;0;0.1;0.01;0;4.28103;0;0;-1
0;147;8.44407;27.7504;-53.9516;10.1128;4332.14;6.08068;0;0;0.1;0.01;0;6.6765;0;0;-1
0;148;8.53526;44.9748;-55.975;10.2821;4553.38;6.18248;0;0;0.1;0.01;0;7.63872;0;0;-1
0;149;8.84258;59.8433;-57.7094;8.76315;2818.83;5.26915;0;0;0.1;0.01;0;5.81;0;0;-1
0;150;8.56987;79.8412;-54.3407;9.33081;3402.88;5.61048;0;0;0.1;0.01;0;2.80866;0;0;-1
0;151;22.2789;-64.2621;-56.6552;9.79249;3933.4;5.88808;0;0;0.1;0.01;0;4.9683;0;0;-1
0;152;24.1761;-49.9858;-53.7212;8.97699;3030.27;5.39773;0;0;0.1;0.01;0;5.39979;0;0;-1
0;153;20.2932;-32.6141;-55.2889;9.10775;3164.62;5.47636;0;0;0.1;0.01;0;5.15312;0;0;-1
0;154;20.52;-12.7145;-57.3671;9.31056;3380.77;5.5983;0;0;0.1;0.01;0;6.00946;0;0;-1
0;155;23.6276;1.42192;-56.4417;9.29185;3360.43;5.58705;0;0;0.1;0.01;0;5.6795;0;0;-1
0;156;23.7526;20.6585;-55.7395;10.1452;4373.92;6.10016;0;0;0.1;0.01;0;6.42644;0;0;-1
0;157;22.6865;38.2419;-56.2085;10.0929;4306.62;6.06871;0;0;0.1;0.01;0;7.04109;0;0;-1
0;158;22.927;54.376;-53.9782;10.4336;4757.64;6.27357;0;0;0.1;0.01;0;7.09905;0;0;-1
0;159;22.0563;70.5644;-57.6918;9.08793;3144.01;5.46444;0;0;0.1;0.01;0;2.47086;0;0;-1
0;160;38.568;-56.0238;-56.4241;9.06067;3115.8;5.44805;0;0;0.1;0.01;0;4.55455;0;0;-1
0;161;34.9405;-38.3574;-54.7233;8.60039;2664.67;5.17129;0;0;0.1;0.01;0;5.32437;0;0;-1
0;162;38.524;-25.1026;-56.4566;9.04343;3098.05;5.43768;0;0;0.1;0.01;0;5.60558;0;0;-1
0;163;37.205;-5.69259;-54.8378;8.57831;2644.2;5.15801;0;0;0.1;0.01;0;5.96601;0;0;-1
0;164;38.4587;8.33366;-55.412;9.23354;3297.56;5.55199;0;0;0.1;0.01;0;6.965;0;0;-1
0;165;38.867;25.4341;-54.6039;9.85015;4003.29;5.92275;0;0;0.1;0.01;0;6.32717;0;0;-1
0;166;36.7821;46.1481;-56.6483;9.17439;3234.6;5.51643;0;0;0.1;0.01;0;5.8549;0;0;-1
0;167;36.3661;60.7323;-54.1224;8.5;2572.44;5.11093;0;0;0.1;0.01;0;4.53938;1;0;-1
0;168;52.8849;-50.9599;-56.0566;8.97539;3028.65;5.39677;0;0;0.1;0.01;0;3.28811;0;0;-1
0;169;52.0672;-31.0866;-54.1349;9.95776;4135.93;5.98746;0;0;0.1;0.01;0;5.73275;0;0;-1
0;170;52.9089;-15.0642;-54.3791;8.5;2572.44;5.11093;0;0;0.1;0.01;0;5.22962;1;0;-1
0;171;52.2506;0.0400363;-54.3881;9.99184;4178.54;6.00795;0;0;0.1;0.01;0;7.51571;0;0;-1
0;172;51.189;18.086;-56.042;9.0008;3054.44;5.41205;0;0;0.1;0.01;0;6.79007;0;0;-1
0;173;52.9411;34.0765;-55.7636;9.24176;3306.38;5.55694;0;0;0.1;0.01;0;5.31025;0;0;-1
0;174;52.699;55.2616;-56.5055;10.1122;4331.37;6.08032;0;0;0.1;0.01;0;4.26869;0;0;-1
0;175;64.6168;-40.8696;-56.6733;9.03274;3087.07;5.43126;0;0;0.1;0.01;0;2.99497;0;0;-1
0;176;67.285;-25.0829;-56.1097;9.38578;3463.38;5.64353;0;0;0.1;0.01;0;4.42142;0;0;-1
0;177;67.7742;-4.49647;-55.1333;8.5;2572.44;5.11093;0;0;0.1;0.01;0;5.1392;1;0;-1
0;178;65.8325;11.9957;-53.8081;9.54477;3642.38;5.73913;0;0;0.1;0.01;0;5.87344;0;0;-1
0;179;66.0106;26.6453;-55.2776;8.5;2572.44;5.11093;0;0;0.1;0.01;0;3.89017;1;0;-1
0;180;64.7712;46.0626;-54.3203;9.81335;3958.59;5.90062;0;0;0.1;0.01;0;3.39673;0;0;-1
0;181;79.7168;-16.85;-56.7566;10.1836;4423.77;6.12325;0;0;0.1;0.01;0;2.82797;0;0;-1
0;182;82.2239;1.12094;-54.47;8.92226;2975.18;5.36483;0;0;0.1;0.01;0;2.82628;0;0;-1
0;183;-87.5144;-21.6636;-40.6271;9.37018;3446.14;5.63415;0;0;0.1;0.01;0;3.146;0;0;-1
0;184;-84.1171;-8.17304;-40.1221;10.0307;4227.49;6.03131;0;0;0.1;0.01;0;5.2196;0;0;-1
0;185;-86.3085;12.3506;-39.6288;9.63572;3747.5;5.79382;0;0;0.1;0.01;0;4.43965;0;0;-1
0;186;-86.657;29.3379;-39.227;9.84885;4001.71;5.92197;0;0;0.1;0.01;0;3.00474;0;0;-1
0;187;-70.182;-48.0374;-39.6387;8.5;2572.44;5.11093;0;0;0.1;0.01;0;4.0577;1;0;-1
0;188;-72.1203;-33.9469;-41.562;10.2288;4482.94;6.15043;0;0;0.1;0.01;0;5.02781;0;0;-1
0;189;-71.5923;-14.5673;-41.6283;8.5;2572.44;5.11093;0;0;0.1;0.01;0;5.3869;1;0;-1
0;190;-72.6802;3.61534;-40.9305;10.2704;4537.86;6.17544;0;0;0.1;0.01;0;7.38593;0;0;-1
0;191;-70.5066;19.0714;-42.0681;9.73679;3866.66;5.85459;0;0;0.1;0.01;0;6.24104;0;0;-1
0;192;-69.988;37.0763;-42.919;9.92192;4091.44;5.96591;0;0;0.1;0.01;0;5.68315;0;0;-1
0;193;-72.659;51.3931;-41.1024;9.59208;3696.81;5.76758;0;0;0.1;0.01;0;3.09312;0;0;-1
0;194;-56.9506;-59.2042;-39.9291;10.3288;4615.71;6.21056;0;0;0.1;0.01;0;5.24951;0;0;-1
0;195;-56.725;-39.4566;-41.8757;9.50868;3601.22;5.71743;0;0;0.1;0.01;0;6.6423;0;0;-1
0;196;-54.1643;-24.6445;-40.9059;9.31218;3382.54;5.59928;0;0;0.1;0.01;0;5.42217;0;0;-1
0;197;-57.4635;-7.3248;-42.0179;10.0834;4294.47;6.063;0;0;0.1;0.01;0;6.9918;0;0;-1
0;198;-55.0623;9.53879;-39.8516;10.2811;4552.05;6.18188;0;0;0.1;0.01;0;6.71482;0;0;-1
0;199;-55.5428;25.8732;-41.5454;9.89022;4052.35;5.94685;0;0;0.1;0.01;0;6.11521;0;0;-1
0;200;-56.9713;42.652;-40.1097;9.6706;3788.34;5.81479;0;0;0.1;0.01;0;6.52707;0;0;-1
0;201;-54.2542;60.448;-39.5922;9.62047;3729.73;5.78465;0;0;0.1;0.01;0;5.24113;0;0;-1
0;202;-40.5206;-80.6224;-40.9805;8.5;2572.44;5.11093;0;0;0.1;0.01;0;2.97045;1;0;-1
0;203;-41.68;-65.8998;-39.228;9.46189;3548.32;5.6893;0;0;0.1;0.01;0;6.38237;0;0;-1
0;204;-43.0532;-47.5228;-41.7162;8.5;2572.44;5.11093;0;0;0.1;0.01;0;4.90241;1;0;-1
0;205;-42.5727;-31.6947;-42.2093;8.64528;2706.61;5.19828;0;0;0.1;0.01;0;5.09492;0;0;-1
0;206;-40.252;-13.4531;-40.6529;9.60474;3711.47;5.77519;0;0;0.1;0.01;0;6.10511;0;0;-1
0;207;-42.0107;1.95191;-39.9915;9.25091;3316.21;5.56244;0;0;0.1;0.01;0;6.47538;0;0;-1
0;208;-41.7822;19.6604;-42.4231;8.59492;2659.59;5.168;0;0;0.1;0.01;0;5.91414;0;0;-1
0;209;-41.4531;34.46;-41.4105;8.78789;2842.77;5.28403;0;0;0.1;0.01;0;5.64283;0;0;-1
0;210;-40.2726;53.6195;-41.2206;9.53739;3633.94;5.73469;0;0;0.1;0.01;0;7.07289;0;0;-1
0;211;-40.805;68.4805;-42.138;10.3601;4657.8;6.22938;0;0;0.1;0.01;0;6.08029;0;0;-1
0;212;-27.6586;-72.964;-42.8726;9.39388;3472.35;5.6484;0;0;0.1;0.01;0;6.10775;0;0;-1
0;213;-28.1442;-57.7303;-40.4594;10.4418;4768.86;6.2785;0;0;0.1;0.01;0;7.09452;0;0;-1
0;214;-25.2975;-38.5046;-42.367;9.23225;3296.18;5.55122;0;0;0.1;0.01;0;5.32761;0;0;-1
0;215;-25.0142;-22.3762;-39.8204;9.9908;4177.24;6.00732;0;0;0.1;0.01;0;6.39122;0;0;-1
0;216;-24.7451;-5.17974;-40.6534;8.87426;2927.42;5.33596;0;0;0.1;0.01;0;5.61481;0;0;-1
0;217;-25.4473;9.75714;-41.0398;8.5;2572.44;5.11093;0;0;0.1;0.01;0;4.0408;1;0;-1
0;218;-28.176;27.0155;-42.0159;9.3773;3454;5.63843;0;0;0.1;0.01;0;5.49036;0;0;-1
0;219;-27.217;44.1199;-42.099;9.59228;3697.04;5.7677;0;0;0.1;0.01;0;6.10527;0;0;-1
0;220;-27.5568;60.5329;-40.7617;9.41372;3494.4;5.66033;0;0;0.1;0.01;0;7.06661;0;0;-1
0;221;-25.012;77.1711;-42.0789;9.57316;3674.98;5.7562;0;0;0.1;0.01;0;5.24569;0;0;-1
0;222;-12.9898;-83.1475;-42.1719;8.61093;2674.48;5.17763;0;0;0.1;0.01;0;4.03582;0;0;-1
0;223;-12.949;-67.607;-39.7442;10.0617;4266.8;6.04995;0;0;0.1;0.01;0;6.69657;0;0;-1
0;224;-12.3955;-49.3799;-41.8365;9.18212;3242.78;5.52108;0;0;0.1;0.01;0;5.31869;0;0;-1
0;225;-9.78615;-33.3292;-39.8345;9.50911;3601.71;5.71769;0;0;0.1;0.01;0;6.1172;0;0;-1
0;226;-13.0687;-15.5119;-40.7603;8.69144;2750.2;5.22604;0;0;0.1;0.01;0;6.37301;0;0;-1
0;227;-11.0655;0.257776;-41.4499;8.66025;2720.7;5.20728;0;0;0.1;0.01;0;5.45359;0;0;-1
0;228;-12.5357;20.033;-39.3376;9.95302;4130.03;5.98461;0;0;0.1;0.01;0;6.16046;0;0;-1
0;229;-9.96245;34.3117;-39.7693;8.5;2572.44;5.11093;0;0;0.1;0.01;0;6.08839;1;0;-1
0;230;-11.5612;52.9642;-39.3541;10.1789;4417.65;6.12042;0;0;0.1;0.01;0;6.47109;0;0;-1
0;231;-11.0988;70.7598;-40.0365;9.43087;3513.53;5.67065;0;0;0.1;0.01;0;5.57678;0;0;-1
0;232;-9.78599;87.101;-39.9603;8.5;2572.44;5.11093;0;0;0.1;0.01;0;2.3885;1;0;-1
0;233;2.82095;-89.5439;-42.0541;9.11671;3173.97;5.48175;0;0;0.1;0.01;0;2.88205;0;0;-1
0;234;4.68058;-74.9295;-41.161;8.55271;2620.59;5.14262;0;0;0.1;0.01;0;5.17755;0;0;-1
0;235;2.01166;-59.7603;-39.3817;9.47364;3561.55;5.69636;0;0;0.1;0.01;0;5.41956;0;0;-1
0;236;3.63036;-40.7636;-39.8061;8.5;2572.44;5.11093;0;0;0.1;0.01;0;4.84995;1;0;-1
0;237;4.67759;-25.2801;-39.5133;9.5216;3615.92;5.7252;0;0;0.1;0.01;0;6.13725;0;0;-1
0;238;1.2345;-8.07859;-42.4292;10.2613;4525.8;6.16997;0;0;0.1;0.01;0;6.26711;0;0;-1
0;239;3.21563;10.4485;-41.0131;8.61838;2681.42;5.18211;0;0;0.1;0.01;0;4.3711;0;0;-1
0;240;4.07166;27.1862;-39.4736;8.90471;2957.66;5.35427;0;0;0.1;0.01;0;6.72909;0;0;-1
0;241;1.22464;43.0305;-40.2724;10.0973;4312.25;6.07136;0;0;0.1;0.01;0;7.9781;0;0;-1
0;242;1.52048;60.621;-40.9696;8.5;2572.44;5.11093;0;0;0.1;0.01;0;5.36196;1;0;-1
0;243;3.95542;76.386;-41.0759;9.14274;3201.24;5.4974;0;0;0.1;0.01;0;5.26532;0;0;-1
0;244;17.6706;-82.3252;-42.0943;8.5;2572.44;5.11093;0;0;0.1;0.01;0;3.29406;1;0;-1
0;245;18.2138;-65.4517;-39.2878;10.2625;4527.39;6.17069;0;0;0.1;0.01;0;5.88456;0;0;-1
0;246;17.9185;-46.4581;-40.8048;8.89095;2943.97;5.346;0;0;0.1;0.01;0;5.2671;0;0;-1
0;247;17.8397;-31.7624;-41.1586;8.5;2572.44;5.11093;0;0;0.1;0.01;0;5.8385;1;0;-1
0;248;19.0987;-15.497;-41.7729;9.48375;3572.97;5.70244;0;0;0.1;0.01;0;5.92477;0;0;-1
0;249;19.7505;1.94241;-42.1565;9.10927;3166.21;5.47727;0;0;0.1;0.01;0;4.6923;0;0;-1
0;250;17.6618;17.7335;-40.5148;9.27102;3337.88;5.57453;0;0;0.1;0.01;0;5.60012;0;0;-1
0;251;19.0262;36.7131;-42.8404;9.9124;4079.67;5.96018;0;0;0.1;0.01;0;7.63426;0;0;-1
0;252;16.7927;52.0123;-39.6937;10.0976;4312.64;6.07154;0;0;0.1;0.01;0;7.44218;0;0;-1
0;253;18.759;68.4681;-41.1964;10.3155;4597.9;6.20256;0;0;0.1;0.01;0;5.94186;0;0;-1
0;254;16.4117;87.4175;-41.1272;10.0767;4285.92;6.05897;0;0;0.1;0.01;0;3.14703;0;0;-1
0;255;32.9554;-75.6327;-42.5075;8.64912;2710.22;5.20059;0;0;0.1;0.01;0;2.24983;0;0;-1
0;256;30.5663;-56.4937;-40.5226;9.0958;3152.18;5.46917;0;0;0.1;0.01;0;6.27833;0;0;-1
0;257;33.714;-41.1823;-40.4663;10.005;4195.08;6.01586;0;0;0.1;0.01;0;7.65289;0;0;-1
0;258;32.7749;-25.2872;-41.5737;10.1242;4346.81;6.08753;0;0;0.1;0.01;0;7.406;0;0;-1
0;259;33.7384;-8.05358;-42.0307;8.5;2572.44;5.11093;0;0;0.1;0.01;0;4.72587;1;0;-1
0;260;33.8439;10.0442;-42.2909;8.5;2572.44;5.11093;0;0;0.1;0.01;0;5.10344;1;0;-1
0;261;33.8467;29.522;-39.8799;8.93213;2985.06;5.37076;0;0;0.1;0.01;0;6.0349;0;0;-1
0;262;32.9426;46.153;-39.4222;10.038;4236.72;6.0357;0;0;0.1;0.01;0;7.76755;0;0;-1
0;263;33.9187;60.0849;-39.7078;9.38769;3465.49;5.64468;0;0;0.1;0.01;0;6.20613;0;0;-1
0;264;33.552;79.8389;-40.4272;8.95437;3007.42;5.38413;0;0;0.1;0.01;0;2.74527;0;0;-1
0;265;47.828;-65.2727;-41.6071;8.94443;2997.41;5.37816;0;0;0.1;0.01;0;2.46648;0;0;-1
0;266;47.1403;-47.7011;-39.9503;9.52788;3623.08;5.72898;0;0;0.1;0.01;0;5.80384;0;0;-1
0;267;47.7668;-30.2351;-39.2232;10.3176;4600.71;6.20382;0;0;0.1;0.01;0;7.65853;0;0;-1
0;268;46.7914;-14.9395;-42.5899;10.067;4273.55;6.05314;0;0;0.1;0.01;0;7.77935;0;0;-1
0;269;46.0821;2.87906;-42.1829;8.5;2572.44;5.11093;0;0;0.1;0.01;0;6.19922;1;0;-1
0;270;47.757;16.8706;-43.0401;10.1627;4396.59;6.11068;0;0;0.1;0.01;0;7.4385;0;0;-1
0;271;46.8461;37.9649;-41.0993;9.52653;3621.54;5.72816;0;0;0.1;0.01;0;6.19113;0;0;-1
0;272;46.7059;52.1409;-42.8747;9.67637;3795.12;5.81826;0;0;0.1;0.01;0;6.60478;0;0;-1
0;273;46.8365;69.2625;-39.8953;9.92643;4097.02;5.96862;0;0;0.1;0.01;0;4.49683;0;0;-1
0;274;60.3726;-55.3644;-39.329;9.8308;3979.74;5.91112;0;0;0.1;0.01;0;4.74623;0;0;-1
0;275;63.9938;-41.6902;-39.8277;8.94562;2998.61;5.37887;0;0;0.1;0.01;0;4.28073;0;0;-1
0;276;61.2137;-23.3538;-39.8329;8.55006;2618.16;5.14103;0;0;0.1;0.01;0;5.54322;0;0;-1
0;277;63.4173;-7.79519;-42.3327;9.67674;3795.56;5.81848;0;0;0.1;0.01;0;6.80389;0;0;-1
0;278;63.5983;8.22827;-39.4679;10.0114;4203.13;6.01971;0;0;0.1;0.01;0;6.56057;0;0;-1
0;279;63.0229;26.1896;-42.2737;10.0357;4233.81;6.03432;0;0;0.1;0.01;0;6.07427;0;0;-1
0;280;61.552;42.1368;-41.1984;8.88075;2933.85;5.33987;0;0;0.1;0.01;0;5.08183;0;0;-1
0;281;61.9939;60.4269;-42.4635;9.23144;3295.32;5.55073;0;0;0.1;0.01;0;3.6773;0;0;-1
0;282;74.9487;-32.495;-43.1705;9.0112;3065.04;5.4183;0;0;0.1;0.01;0;3.21696;0;0;-1
0;283;77.7415;-14.998;-41.1184;8.62851;2690.89;5.1882;0;0;0.1;0.01;0;4.46703;0;0;-1
0;284;76.3279;-0.0846672;-41.4659;10.2851;4557.37;6.18428;0;0;0.1;0.01;0;6.87707;0;0;-1
0;285;78.7396;19.7206;-42.8249;8.99017;3043.63;5.40566;0;0;0.1;0.01;0;3.33166;0;0;-1
0;286;76.5388;34.3366;-41.9443;9.23964;3304.1;5.55566;0;0;0.1;0.01;0;3.54044;0;0;-1
0;287;90.5139;-4.55977;-40.531;8.7003;2758.62;5.23136;0;0;0.1;0.01;0;2.23221;0;0;-1
0;288;-95.1289;-13.5097;-24.7043;8.77145;2826.85;5.27415;0;0;0.1;0.01;0;3.17458;0;0;-1
0;289;-95.6338;1.25069;-26.0953;9.92316;4092.97;5.96665;0;0;0.1;0.01;0;3.8748;0;0;-1
0;290;-80.8669;-41.5014;-24.656;9.90428;4069.65;5.9553;0;0;0.1;0.01;0;2.8875;0;0;-1
0;291;-81.7939;-23.4405;-27.3421;9.5595;3659.27;5.74799;0;0;0.1;0.01;0;3.86489;0;0;-1
0;292;-78.9062;-4.65621;-26.4862;10.0423;4242.17;6.03829;0;0;0.1;0.01;0;5.59193;0;0;-1
0;293;-82.5734;10.9689;-26.454;10.1274;4350.93;6.08946;0;0;0.1;0.01;0;6.28582;0;0;-1
0;294;-82.4149;27.6799;-25.144;10.0349;4232.8;6.03384;0;0;0.1;0.01;0;5.02751;0;0;-1
0;295;-80.4024;44.5605;-28.1079;9.88358;4044.19;5.94285;0;0;0.1;0.01;0;3.28459;0;0;-1
0;296;-64.0849;-67.8798;-25.9979;8.5;2572.44;5.11093;0;0;0.1;0.01;0;2.51547;1;0;-1
0;297;-64.3805;-48.9933;-26.1276;8.77835;2833.53;5.27829;0;0;0.1;0.01;0;4.35842;0;0;-1
0;298;-64.5292;-31.2647;-25.4667;9.74862;3880.77;5.8617;0;0;0.1;0.01;0;5.46798;0;0;-1
0;299;-64.4874;-12.8933;-26.9882;9.28066;3348.31;5.58033;0;0;0.1;0.01;0;5.55816;0;0;-1
0;300;-66.0799;4.44468;-26.0284;8.5;2572.44;5.11093;0;0;0.1;0.01;0;5.94051;1;0;-1
0;301;-65.4697;20.2215;-26.9321;8.59094;2655.89;5.16561;0;0;0.1;0.01;0;5.71377;0;0;-1
0;302;-64.6872;35.2177;-27.1732;10.0497;4251.56;6.04274;0;0;0.1;0.01;0;6.31064;0;0;-1
0;303;-64.5489;50.9149;-26.2288;9.27992;3347.51;5.57988;0;0;0.1;0.01;0;5.74996;0;0;-1
0;304;-66.6757;68.6676;-26.7162;9.4554;3541.02;5.68539;0;0;0.1;0.01;0;2.15144;0;0;-1
0;305;-49.7082;-72.5009;-27.789;8.99661;3050.18;5.40953;0;0;0.1;0.01;0;5.22905;0;0;-1
0;306;-49.6173;-58.1758;-26.2904;9.25063;3315.91;5.56227;0;0;0.1;0.01;0;6.2939;0;0;-1
0;307;-51.5415;-39.7142;-26.345;9.3425;3415.69;5.61751;0;0;0.1;0.01;0;6.00804;0;0;-1
0;308;-52.4106;-23.1157;-27.5522;9.77632;3913.95;5.87836;0;0;0.1;0.01;0;6.55592;0;0;-1
0;309;-50.4837;-7.0343;-27.8115;9.73264;3861.72;5.8521;0;0;0.1;0.01;0;6.61065;0;0;-1
0;310;-53.0214;8.65113;-26.3255;8.9409;2993.87;5.37603;0;0;0.1;0.01;0;5.48803;0;0;-1
0;311;-51.1147;26.7867;-24.4713;9.14375;3202.3;5.498;0;0;0.1;0.01;0;5.57885;0;0;-1
0;312;-49.9906;45.5125;-24.8749;9.78011;3918.5;5.88064;0;0;0.1;0.01;0;7.33749;0;0;-1
0;313;-50.6671;62.4892;-25.5794;8.75947;2815.28;5.26694;0;0;0.1;0.01;0;6.08595;0;0;-1
0;314;-51.7947;78.4823;-28.2596;8.72318;2780.44;5.24512;0;0;0.1;0.01;0;2.6516;0;0;-1
0;315;-36.4305;-82.1726;-26.5195;10.3133;4594.96;6.20124;0;0;0.1;0.01;0;6.19691;0;0;-1
0;316;-34.9836;-67.3036;-26.7996;8.88636;2939.41;5.34324;0;0;0.1;0.01;0;6.99111;0;0;-1
0;317;-38.3674;-47.1082;-27.1496;10.1598;4392.83;6.10894;0;0;0.1;0.01;0;5.71245;0;0;-1
0;318;-36.0574;-30.0849;-26.0732;9.32899;3400.89;5.60939;0;0;0.1;0.01;0;6.11538;0;0;-1
0;319;-34.6348;-13.7598;-26.8072;8.77558;2830.85;5.27663;0;0;0.1;0.01;0;5.01562;0;0;-1
0;320;-36.5841;4.31654;-27.445;8.5;2572.44;5.11093;0;0;0.1;0.01;0;4.19337;1;0;-1
0;321;-38.3594;18.5464;-27.4819;9.50184;3593.45;5.71332;0;0;0.1;0.01;0;5.45448;0;0;-1
0;322;-38.2474;34.5882;-25.1746;8.5;2572.44;5.11093;0;0;0.1;0.01;0;5.50075;1;0;-1
0;323;-37.6487;52.275;-27.8646;9.223;3286.29;5.54566;0;0;0.1;0.01;0;6.07206;0;0;-1
0;324;-38.2103;67.7235;-25.7635;8.5;2572.44;5.11093;0;0;0.1;0.01;0;4.48694;1;0;-1
0;325;-35.538;85.8442;-24.9492;10.2803;4550.99;6.1814;0;0;0.1;0.01;0;3.74707;0;0;-1
0;326;-21.7847;-90.7773;-25.2891;10.3383;4628.45;6.21627;0;0;0.1;0.01;0;3.98743;0;0;-1
0;327;-20.5833;-73.0902;-27.0224;10.1729;4409.84;6.11682;0;0;0.1;0.01;0;8.2777;0;0;-1
0;328;-20.3472;-59.163;-26.3057;9.74517;3876.65;5.85963;0;0;0.1;0.01;0;7.26781;0;0;-1
0;329;-22.0179;-40.5864;-26.6524;8.61701;2680.15;5.18128;0;0;0.1;0.01;0;4.9888;0;0;-1
0;330;-21.3653;-21.1056;-24.977;10.094;4308.03;6.06938;0;0;0.1;0.01;0;6.84228;0;0;-1
0;331;-19.7219;-5.48448;-28.083;8.5;2572.44;5.11093;0;0;0.1;0.01;0;4.64945;1;0;-1
0;332;-21.3127;11.8047;-25.7689;8.5;2572.44;5.11093;0;0;0.1;0.01;0;4.00234;1;0;-1
0;333;-22.7756;28.7613;-27.784;8.64731;2708.52;5.1995;0;0;0.1;0.01;0;5.10146;0;0;-1
0;334;-21.2693;44.7689;-27.8782;9.74786;3879.86;5.86125;0;0;0.1;0.01;0;5.84123;0;0;-1
0;335;-21.6912;62.1749;-26.6154;9.66986;3787.47;5.81435;0;0;0.1;0.01;0;6.33833;0;0;-1
0;336;-22.8405;78.7595;-27.9126;9.43208;3514.88;5.67137;0;0;0.1;0.01;0;5.63124;0;0;-1
0;337;-5.941;-81.2666;-28.6541;9.37792;3454.68;5.63881;0;0;0.1;0.01;0;6.09365;0;0;-1
0;338;-7.91146;-66.6064;-26.3302;9.47884;3567.42;5.69949;0;0;0.1;0.01;0;6.68939;0;0;-1
0;339;-8.56241;-48.5907;-24.3788;9.13807;3196.33;5.49459;0;0;0.1;0.01;0;5.18528;0;0;-1
0;340;-8.20391;-29.6916;-25.543;8.77274;2828.1;5.27492;0;0;0.1;0.01;0;5.5661;0;0;-1
0;341;-6.01345;-13.3253;-27.8149;9.41095;3491.31;5.65867;0;0;0.1;0.01;0;6.59684;0;0;-1
0;342;-5.49376;1.92985;-27.6481;8.53399;2603.42;5.13136;0;0;0.1;0.01;0;5.70969;0;0;-1
0;343;-6.60971;21.1264;-25.6299;9.60397;3710.57;5.77473;0;0;0.1;0.01;0;6.70033;0;0;-1
0;344;-7.09297;35.4099;-27.1005;9.34522;3418.67;5.61915;0;0;0.1;0.01;0;7.48611;0;0;-1
0;345;-7.92868;51.5124;-26.0241;8.65073;2711.73;5.20156;0;0;0.1;0.01;0;5.61317;0;0;-1
0;346;-9.34295;72.163;-24.4863;8.6207;2683.59;5.1835;0;0;0.1;0.01;0;5.0379;0;0;-1
0;347;-9.10327;88.2424;-25.6669;8.64271;2704.2;5.19674;0;0;0.1;0.01;0;3.96999;0;0;-1
0;348;9.34546;-90.4764;-25.4141;10.3115;4592.55;6.20016;0;0;0.1;0.01;0;4.27701;0;0;-1
0;349;6.59395;-75.7951;-25.3197;9.7822;3921.01;5.88189;0;0;0.1;0.01;0;6.67422;0;0;-1
0;350;9.44223;-58.6629;-25.773;9.33001;3402;5.61;0;0;0.1;0.01;0;5.8073;0;0;-1
0;351;5.72474;-40.0271;-25.3967;9.62018;3729.39;5.78447;0;0;0.1;0.01;0;6.0973;0;0;-1
0;352;8.26703;-25.5185;-26.5957;8.72878;2785.8;5.24849;0;0;0.1;0.01;0;5.86023;0;0;-1
0;353;9.02506;-8.76485;-27.6966;10.2426;4501.11;6.15873;0;0;0.1;0.01;0;6.79768;0;0;-1
0;354;5.51622;9.93297;-25.5161;9.14542;3204.05;5.49901;0;0;0.1;0.01;0;4.58369;0;0;-1
0;355;9.43265;29.3297;-27.6621;10.081;4291.4;6.06156;0;0;0.1;0.01;0;6.86308;0;0;-1
0;356;6.2536;44.0458;-25.2389;10.3766;4680.09;6.2393;0;0;0.1;0.01;0;7.2022;0;0;-1
0;357;6.87022;63.4069;-24.622;10.1832;4423.25;6.12301;0;0;0.1;0.01;0;6.80586;0;0;-1
0;358;5.89927;78.2865;-28.0056;9.05381;3108.73;5.44392;0;0;0.1;0.01;0;5.55649;0;0;-1
0;359;8.24452;95.6195;-26.8459;10.0208;4214.98;6.02536;0;0;0.1;0.01;0;2.9955;0;0;-1
0;360;22.5775;-82.3704;-25.2152;9.14669;3205.39;5.49977;0;0;0.1;0.01;0;4.65756;0;0;-1
0;361;23.7008;-65.8977;-25.4721;9.51617;3609.73;5.72193;0;0;0.1;0.01;0;5.43706;0;0;-1
0;362;23.2742;-47.2915;-27.4351;10.114;4333.69;6.0814;0;0;0.1;0.01;0;6.259;0;0;-1
0;363;22.7934;-31.7624;-26.0503;9.7203;3847.05;5.84468;0;0;0.1;0.01;0;6.8981;0;0;-1
0;364;22.1291;-16.092;-25.5884;10.0142;4206.66;6.02139;0;0;0.1;0.01;0;6.72995;0;0;-1
0;365;22.318;1.01406;-26.8017;9.03568;3090.09;5.43302;0;0;0.1;0.01;0;5.17144;0;0;-1
0;366;23.3876;18.1913;-28.0153;9.62583;3735.97;5.78787;0;0;0.1;0.01;0;6.255;0;0;-1
0;367;23.2474;34.9361;-27.5201;9.48752;3577.23;5.70471;0;0;0.1;0.01;0;7.42013;0;0;-1
0;368;20.5938;51.1115;-24.5155;9.78732;3927.17;5.88497;0;0;0.1;0.01;0;6.26089;0;0;-1
0;369;20.2904;69.1509;-26.9522;9.41126;3491.66;5.65885;0;0;0.1;0.01;0;5.36122;0;0;-1
0;370;23.3588;84.5746;-24.8075;9.48309;3572.22;5.70204;0;0;0.1;0.01;0;4.89945;0;0;-1
0;371;38.0669;-75.9977;-27.1068;9.08221;3138.07;5.461;0;0;0.1;0.01;0;3.93933;0;0;-1
0;372;35.2252;-56.9184;-27.0365;8.68961;2748.46;5.22494;0;0;0.1;0.01;0;5.60636;0;0;-1
0;373;37.5299;-39.9443;-26.8262;9.92192;4091.44;5.96591;0;0;0.1;0.01;0;7.96681;0;0;-1
0;374;37.6899;-23.1668;-27.6929;9.98008;4163.81;6.00088;0;0;0.1;0.01;0;7.58958;0;0;-1
0;375;37.4578;-7.20928;-24.8387;9.68117;3800.77;5.82115;0;0;0.1;0.01;0;6.56976;0;0;-1
0;376;35.1272;8.91666;-26.79;8.8148;2868.97;5.30021;0;0;0.1;0.01;0;5.30768;0;0;-1
0;377;37.2272;25.3902;-24.7088;9.96675;4147.15;5.99286;0;0;0.1;0.01;0;6.87936;0;0;-1
0;378;37.0135;42.1388;-27.1022;9.84583;3998.03;5.92015;0;0;0.1;0.01;0;6.57771;0;0;-1
0;379;38.4461;63.6785;-24.8997;8.5;2572.44;5.11093;0;0;0.1;0.01;0;4.58528;1;0;-1
0;380;36.7507;78.8126;-24.8783;8.5;2572.44;5.11093;0;0;0.1;0.01;0;4.35226;1;0;-1
0;381;50.4387;-66.6487;-24.7865;10.2137;4463.11;6.14135;0;0;0.1;0.01;0;5.56995;0;0;-1
0;382;49.965;-50.7703;-25.2896;10.1728;4409.71;6.11676;0;0;0.1;0.01;0;6.85285;0;0;-1
0;383;50.0721;-33.4167;-25.0287;8.55599;2623.61;5.14459;0;0;0.1;0.01;0;5.20325;0;0;-1
0;384;52.7143;-15.5595;-26.8586;9.21838;3281.35;5.54288;0;0;0.1;0.01;0;6.25872;0;0;-1
0;385;51.8236;1.73332;-28.3342;10.0155;4208.3;6.02217;0;0;0.1;0.01;0;7.16892;0;0;-1
0;386;50.1073;17.7967;-28.5157;9.04577;3100.45;5.43909;0;0;0.1;0.01;0;6.16689;0;0;-1
0;387;50.3088;34.8913;-25.0693;9.38364;3461.01;5.64225;0;0;0.1;0.01;0;5.57705;0;0;-1
0;388;52.9779;54.7681;-24.6942;8.65695;2717.59;5.2053;0;0;0.1;0.01;0;4.3971;0;0;-1
0;389;52.2014;72.6219;-26.9407;9.78828;3928.33;5.88555;0;0;0.1;0.01;0;4.37925;0;0;-1
0;390;66.3578;-59.2044;-27.6334;8.99162;3045.11;5.40653;0;0;0.1;0.01;0;4.13321;0;0;-1
0;391;66.6339;-42.2247;-25.0408;8.84857;2902.07;5.32052;0;0;0.1;0.01;0;5.48503;0;0;-1
0;392;67.485;-23.2439;-24.87;10.3678;4668.19;6.23401;0;0;0.1;0.01;0;6.53754;0;0;-1
0;393;65.5579;-5.59774;-26.9278;8.9529;3005.94;5.38325;0;0;0.1;0.01;0;6.84086;0;0;-1
0;394;66.5853;9.45484;-25.0957;9.2484;3313.51;5.56093;0;0;0.1;0.01;0;5.82311;0;0;-1
0;395;64.8741;25.4072;-25.6025;9.8348;3984.6;5.91352;0;0;0.1;0.01;0;4.80896;0;0;-1
0;396;66.3791;46.5052;-25.9029;10.0347;4232.55;6.03372;0;0;0.1;0.01;0;5.8158;0;0;-1
0;397;65.0721;62.2768;-27.5146;10.0508;4252.95;6.0434;0;0;0.1;0.01;0;4.96961;0;0;-1
0;398;79.4168;-51.2676;-25.819;10.1042;4321.1;6.07551;0;0;0.1;0.01;0;2.17852;0;0;-1
0;399;81.8785;-34.2062;-24.8275;10.2512;4512.45;6.1639;0;0;0.1;0.01;0;3.4153;0;0;-1
0;400;80.7483;-16.8128;-25.3507;8.88357;2936.64;5.34156;0;0;0.1;0.01;0;4.4678;0;0;-1
0;401;79.7987;-0.231956;-26.2386;9.30496;3374.68;5.59494;0;0;0.1;0.01;0;4.87299;0;0;-1
0;402;83.2167;17.7951;-25.2705;9.79833;3940.44;5.89159;0;0;0.1;0.01;0;4.14669;0;0;-1
0;403;79.097;33.7622;-27.9914;8.5;2572.44;5.11093;0;0;0.1;0.01;0;3.36452;1;0;-1
0;404;79.3712;54.6238;-26.5436;10.3516;4646.34;6.22427;0;0;0.1;0.01;0;2.70747;0;0;-1
0;405;-98.4433;0.962361;-11.8067;10.2755;4544.62;6.17851;0;0;0.1;0.01;0;3.70362;0;0;-1
0;406;-84.2852;-42.0827;-11.2494;9.08598;3141.98;5.46327;0;0;0.1;0.01;0;3.46845;0;0;-1
0;407;-84.3742;-23.5387;-10.3045;10.4098;4725.15;6.25926;0;0;0.1;0.01;0;5.7047;0;0;-1
0;408;-85.2169;-7.13409;-12.4864;8.91246;2965.39;5.35893;0;0;0.1;0.01;0;5.26816;0;0;-1
0;409;-83.344;11.6467;-11.9328;10.149;4378.83;6.10245;0;0;0.1;0.01;0;5.92171;0;0;-1
0;410;-84.8143;29.1427;-12.4327;8.5;2572.44;5.11093;0;0;0.1;0.01;0;4.12838;1;0;-1
0;411;-84.0301;42.496;-11.3119;9.39125;3469.44;5.64682;0;0;0.1;0.01;0;4.12681;0;0;-1
0;412;-70.8174;-68.438;-10.0644;8.78734;2842.24;5.2837;0;0;0.1;0.01;0;2.13427;0;0;-1
0;413;-69.2292;-49.2672;-11.9961;9.51949;3613.51;5.72393;0;0;0.1;0.01;0;4.76789;0;0;-1
0;414;-69.8879;-32.5576;-10.1402;9.37135;3447.43;5.63486;0;0;0.1;0.01;0;6.79602;0;0;-1
0;415;-72.164;-15.7391;-11.6919;9.40543;3485.17;5.65535;0;0;0.1;0.01;0;6.58635;0;0;-1
0;416;-70.796;3.17467;-10.3184;8.76929;2824.76;5.27285;0;0;0.1;0.01;0;6.07209;0;0;-1
0;417;-68.3534;17.374;-12.9532;8.58719;2652.42;5.16335;0;0;0.1;0.01;0;4.93217;0;0;-1
0;418;-69.4924;36.4684;-11.9861;9.59908;3704.91;5.77179;0;0;0.1;0.01;0;6.33947;0;0;-1
0;419;-71.917;53.7853;-13.0225;8.9755;3028.76;5.39684;0;0;0.1;0.01;0;4.41621;0;0;-1
0;420;-54.2896;-75.1331;-9.72249;8.85847;2911.82;5.32647;0;0;0.1;0.01;0;3.81346;0;0;-1
0;421;-56.6179;-58.2383;-12.3494;9.39962;3478.72;5.65186;0;0;0.1;0.01;0;5.38399;0;0;-1
0;422;-57.3297;-39.1996;-10.322;8.57706;2643.04;5.15726;0;0;0.1;0.01;0;5.56557;0;0;-1
0;423;-57.3088;-23.9549;-11.8611;8.5;2572.44;5.11093;0;0;0.1;0.01;0;5.49181;1;0;-1
0;424;-55.2383;-7.21893;-11.8088;9.00601;3059.75;5.41518;0;0;0.1;0.01;0;5.50174;0;0;-1
0;425;-54.3073;8.60105;-12.5432;10.0595;4264.01;6.04863;0;0;0.1;0.01;0;5.98833;0;0;-1
0;426;-57.3401;29.7682;-12.8214;8.5;2572.44;5.11093;0;0;0.1;0.01;0;5.63859;1;0;-1
0;427;-55.1152;44.7218;-11.8266;9.28257;3350.37;5.58147;0;0;0.1;0.01;0;6.85684;0;0;-1
0;428;-57.9484;60.0334;-10.688;9.74725;3879.14;5.86088;0;0;0.1;0.01;0;5.45088;0;0;-1
0;429;-42.7886;-83.6448;-13.2593;10.0889;4301.5;6.06631;0;0;0.1;0.01;0;4.25772;0;0;-1
0;430;-39.3561;-64.6259;-11.5701;9.79525;3936.73;5.88974;0;0;0.1;0.01;0;5.60973;0;0;-1
0;431;-41.0498;-49.358;-10.6878;8.52157;2592.07;5.1239;0;0;0.1;0.01;0;5.07767;0;0;-1
0;432;-41.2226;-32.6045;-12.3653;9.80366;3946.87;5.8948;0;0;0.1;0.01;0;6.13922;0;0;-1
0;433;-42.0827;-14.3472;-13.5214;10.014;4206.41;6.02127;0;0;0.1;0.01;0;6.08388;0;0;-1
0;434;-40.9216;3.07074;-10.7881;9.48602;3575.53;5.70381;0;0;0.1;0.01;0;5.76971;0;0;-1
0;435;-39.4018;20.088;-11.2064;10.0097;4200.99;6.01869;0;0;0.1;0.01;0;6.27623;0;0;-1
0;436;-42.1275;36.9074;-13.1699;9.33057;3402.62;5.61034;0;0;0.1;0.01;0;7.19965;0;0;-1
0;437;-42.6546;52.2155;-12.6197;8.5;2572.44;5.11093;0;0;0.1;0.01;0;5.05278;1;0;-1
0;438;-43.0074;70.687;-12.5564;8.74544;2801.78;5.25851;0;0;0.1;0.01;0;4.72261;0;0;-1
0;439;-43.2514;85.1306;-13.3357;8.5;2572.44;5.11093;0;0;0.1;0.01;0;3.42666;1;0;-1
0;440;-27.9023;-93.1825;-13.0856;9.62079;3730.1;5.78484;0;0;0.1;0.01;0;4.31836;0;0;-1
0;441;-28.1479;-76.8704;-13.0043;10.1441;4372.49;6.0995;0;0;0.1;0.01;0;7.0558;0;0;-1
0;442;-24.6962;-56.5729;-12.2862;10.3899;4698.1;6.2473;0;0;0.1;0.01;0;7.30802;0;0;-1
0;443;-27.3667;-41.7548;-10.1908;10.4383;4764.07;6.2764;0;0;0.1;0.01;0;7.63235;0;0;-1
0;444;-26.632;-22.2831;-11.865;10.2193;4470.46;6.14472;0;0;0.1;0.01;0;6.64816;0;0;-1
0;445;-24.9539;-7.30762;-10.321;8.54228;2611.02;5.13635;0;0;0.1;0.01;0;4.69788;0;0;-1
0;446;-25.1405;9.14336;-10.2552;9.43114;3513.83;5.67081;0;0;0.1;0.01;0;5.17621;0;0;-1
0;447;-27.4321;28.4657;-10.5831;10.2555;4518.13;6.16648;0;0;0.1;0.01;0;6.15066;0;0;-1
0;448;-28.3066;42.9574;-10.7708;9.06343;3118.65;5.44971;0;0;0.1;0.01;0;5.62698;0;0;-1
0;449;-24.4427;59.0709;-12.8432;8.80537;2859.77;5.29454;0;0;0.1;0.01;0;4.53485;0;0;-1
0;450;-24.7772;77.7011;-12.2461;9.85517;4009.41;5.92577;0;0;0.1;0.01;0;6.45244;0;0;-1
0;451;-24.8591;94.6722;-14.015;10.1999;4445.05;6.13305;0;0;0.1;0.01;0;3.54534;0;0;-1
0;452;-13.549;-83.3095;-11.0878;8.5;2572.44;5.11093;0;0;0.1;0.01;0;4.45333;1;0;-1
0;453;-12.7695;-65.4543;-13.2554;8.5;2572.44;5.11093;0;0;0.1;0.01;0;5.52633;1;0;-1
0;454;-12.6938;-48.4369;-9.71086;9.49539;3586.14;5.70944;0;0;0.1;0.01;0;6.60729;0;0;-1
0;455;-11.4474;-32.365;-11.7584;10.4018;4714.27;6.25445;0;0;0.1;0.01;0;7.2581;0;0;-1
0;456;-10.3988;-14.2716;-10.7229;8.5;2572.44;5.11093;0;0;0.1;0.01;0;6.06061;1;0;-1
0;457;-10.718;0.962401;-11.6006;10.2021;4447.92;6.13437;0;0;0.1;0.01;0;7.16115;0;0;-1
0;458;-10.7325;16.9753;-11.6269;9.08701;3143.05;5.46389;0;0;0.1;0.01;0;5.76838;0;0;-1
0;459;-11.5939;34.2451;-12.5403;8.56015;2627.44;5.14709;0;0;0.1;0.01;0;4.61915;0;0;-1
0;460;-10.3552;50.9641;-10.6129;8.54843;2616.66;5.14005;0;0;0.1;0.01;0;5.22141;0;0;-1
0;461;-10.5253;67.415;-11.6299;9.0735;3129.05;5.45576;0;0;0.1;0.01;0;5.90931;0;0;-1
0;462;-11.6996;87.2518;-12.4362;8.5;2572.44;5.11093;0;0;0.1;0.01;0;4.7958;1;0;-1
0;463;4.39169;-91.5533;-10.5882;8.69412;2752.74;5.22765;0;0;0.1;0.01;0;3.76477;0;0;-1
0;464;1.54297;-75.9969;-12.1289;8.5;2572.44;5.11093;0;0;0.1;0.01;0;5.49077;1;0;-1
0;465;1.34773;-59.4791;-12.8581;8.86284;2916.13;5.3291;0;0;0.1;0.01;0;6.06145;0;0;-1
0;466;1.67965;-41.2617;-12.6218;9.63019;3741.05;5.79049;0;0;0.1;0.01;0;6.53619;0;0;-1
0;467;1.26715;-21.5687;-10.4622;9.21799;3280.93;5.54264;0;0;0.1;0.01;0;6.60787;0;0;-1
0;468;1.59245;-7.4467;-12.1259;8.63646;2698.34;5.19298;0;0;0.1;0.01;0;6.12673;0;0;-1
0;469;3.28045;8.17065;-12.2796;10.1133;4332.79;6.08098;0;0;0.1;0.01;0;6.21188;0;0;-1
0;470;3.19313;25.1308;-13.5578;9.05314;3108.04;5.44352;0;0;0.1;0.01;0;4.72304;0;0;-1
0;471;1.98825;43.7623;-10.4991;9.3009;3370.26;5.5925;0;0;0.1;0.01;0;5.57746;0;0;-1
0;472;2.33273;59.5197;-10.749;9.45512;3540.71;5.68523;0;0;0.1;0.01;0;6.58724;0;0;-1
0;473;2.70632;76.7518;-10.3958;8.91847;2971.39;5.36255;0;0;0.1;0.01;0;6.03166;0;0;-1
0;474;3.09564;94.0403;-11.4624;10.2647;4530.3;6.17202;0;0;0.1;0.01;0;4.45893;0;0;-1
0;475;18.819;-85.1765;-10.5375;9.35595;3430.46;5.6256;0;0;0.1;0.01;0;5.79963;0;0;-1
0;476;16.0686;-68.1921;-10.5131;9.47166;3559.32;5.69517;0;0;0.1;0.01;0;6.35303;0;0;-1
0;477;15.9649;-51.468;-9.87309;9.86583;4022.44;5.93218;0;0;0.1;0.01;0;5.77757;0;0;-1
0;478;15.5221;-33.3904;-10.5211;9.65096;3765.3;5.80298;0;0;0.1;0.01;0;5.74197;0;0;-1
0;479;16.0348;-16.2976;-11.4662;8.57311;2639.39;5.15489;0;0;0.1;0.01;0;5.90726;0;0;-1
0;480;16.4168;1.11772;-11.4607;9.38448;3461.94;5.64275;0;0;0.1;0.01;0;5.57916;0;0;-1
0;481;19.4888;20.9029;-10.8795;9.88972;4051.73;5.94655;0;0;0.1;0.01;0;6.04989;0;0;-1
0;482;19.6224;38.1907;-13.1701;8.5;2572.44;5.11093;0;0;0.1;0.01;0;5.0855;1;0;-1
0;483;18.1859;54.5354;-11.4681;8.5;2572.44;5.11093;0;0;0.1;0.01;0;4.93124;1;0;-1
0;484;17.3062;71.4353;-10.3188;10.3965;4707.06;6.25126;0;0;0.1;0.01;0;7.10927;0;0;-1
0;485;15.7019;84.9756;-12.5713;8.5;2572.44;5.11093;0;0;0.1;0.01;0;5.44996;1;0;-1
0;486;31.9469;-93.7266;-12.0418;8.83098;2884.8;5.30994;0;0;0.1;0.01;0;1.85701;0;0;-1
0;487;33.3598;-76.6514;-12.3251;9.41174;3492.19;5.65914;0;0;0.1;0.01;0;5.65275;0;0;-1
0;488;32.891;-55.3897;-10.3525;9.45135;3536.47;5.68296;0;0;0.1;0.01;0;4.99107;0;0;-1
0;489;34.1667;-38.8891;-10.128;9.62386;3733.67;5.78669;0;0;0.1;0.01;0;6.14345;0;0;-1
0;490;31.2319;-21.3561;-12.2759;9.89423;4057.28;5.94926;0;0;0.1;0.01;0;7.1074;0;0;-1
0;491;33.1383;-6.34032;-10.7766;8.88235;2935.43;5.34083;0;0;0.1;0.01;0;5.56223;0;0;-1
0;492;33.4985;11.7961;-12.9131;10.3784;4682.52;6.24038;0;0;0.1;0.01;0;7.01912;0;0;-1
0;493;31.4722;29.0523;-10.8323;9.24443;3309.25;5.55854;0;0;0.1;0.01;0;6.82075;0;0;-1
0;494;33.5335;46.2634;-13.2458;9.56238;3662.58;5.74972;0;0;0.1;0.01;0;5.98858;0;0;-1
0;495;32.7916;63.4876;-10.3683;8.6173;2680.42;5.18146;0;0;0.1;0.01;0;5.98508;0;0;-1
0;496;32.2648;79.3793;-10.127;10.0567;4260.45;6.04695;0;0;0.1;0.01;0;6.3863;0;0;-1
0;497;45.9693;-82.9344;-10.7944;8.5;2572.44;5.11093;0;0;0.1;0.01;0;4.15569;1;0;-1
0;498;48.1329;-67.8878;-11.4546;9.53328;3629.24;5.73222;0;0;0.1;0.01;0;6.01145;0;0;-1
0;499;47.7018;-47.7309;-11.9656;9.34097;3414.01;5.61659;0;0;0.1;0.01;0;6.11526;0;0;-1
0;500;48.6152;-31.7093;-12.5226;9.05733;3112.36;5.44604;0;0;0.1;0.01;0;5.54108;0;0;-1
0;501;45.5576;-14.7407;-10.9521;9.15165;3210.6;5.50275;0;0;0.1;0.01;0;6.26696;0;0;-1
0;502;46.5943;0.436323;-11.0268;10.1585;4391.14;6.10816;0;0;0.1;0.01;0;7.44459;0;0;-1
0;503;47.7361;18.1174;-13.4346;10.1742;4411.53;6.1176;0;0;0.1;0.01;0;7.74537;0;0;-1
0;504;47.9012;34.6514;-10.5417;9.51622;3609.79;5.72196;0;0;0.1;0.01;0;6.42765;0;0;-1
0;505;45.9445;55.1947;-12.4948;8.5;2572.44;5.11093;0;0;0.1;0.01;0;5.01979;1;0;-1
0;506;46.288;68.4967;-10.0122;9.24156;3306.16;5.55682;0;0;0.1;0.01;0;6.17067;0;0;-1
0;507;47.6934;85.6416;-13.0979;8.6403;2701.94;5.19529;0;0;0.1;0.01;0;2.33909;0;0;-1
0;508;61.0952;-74.2462;-11.2876;10.3036;4582.01;6.19541;0;0;0.1;0.01;0;3.19896;0;0;-1
0;509;60.3088;-56.067;-13.3038;9.61516;3723.56;5.78146;0;0;0.1;0.01;0;6.39468;0;0;-1
0;510;61.4404;-42.1506;-11.6209;9.39919;3478.24;5.6516;0;0;0.1;0.01;0;6.4135;0;0;-1
0;511;62.5796;-25.7839;-11.864;9.28468;3352.66;5.58274;0;0;0.1;0.01;0;5.84203;0;0;-1
0;512;62.7425;-7.65283;-11.5011;9.83406;3983.7;5.91308;0;0;0.1;0.01;0;6.46737;0;0;-1
0;513;60.7322;9.37035;-12.8109;10.2245;4477.29;6.14784;0;0;0.1;0.01;0;6.65784;0;0;-1
0;514;61.97;28.7553;-10.2211;9.92591;4096.37;5.96831;0;0;0.1;0.01;0;6.30802;0;0;-1
0;515;62.673;45.988;-11.1301;9.50542;3597.51;5.71547;0;0;0.1;0.01;0;5.70423;0;0;-1
0;516;63.2341;63.5915;-10.8012;10.0981;4313.28;6.07184;0;0;0.1;0.01;0;5.33315;0;0;-1
0;517;61.045;77.9238;-13.7903;8.90529;2958.24;5.35462;0;0;0.1;0.01;0;2.7725;0;0;-1
0;518;77.6008;-47.5268;-10.811;8.5;2572.44;5.11093;0;0;0.1;0.01;0;3.89354;1;0;-1
0;519;77.3358;-30.0356;-11.2423;8.60685;2670.68;5.17517;0;0;0.1;0.01;0;5.62908;0;0;-1
0;520;75.2973;-14.4444;-10.8533;10.4528;4783.95;6.28512;0;0;0.1;0.01;0;7.80089;0;0;-1
0;521;74.9417;1.11807;-10.9956;8.5;2572.44;5.11093;0;0;0.1;0.01;0;6.16535;1;0;-1
0;522;76.6068;18.0107;-13.34;8.69993;2758.26;5.23114;0;0;0.1;0.01;0;5.7494;0;0;-1
0;523;75.0675;34.8517;-12.7042;8.5;2572.44;5.11093;0;0;0.1;0.01;0;5.25316;1;0;-1
0;524;75.3417;51.4812;-10.2282;9.24246;3307.13;5.55736;0;0;0.1;0.01;0;5.72049;0;0;-1
0;525;89.586;-22.178;-11.9532;8.5;2572.44;5.11093;0;0;0.1;0.01;0;3.79005;1;0;-1
0;526;90.0691;-4.25054;-10.1452;9.67018;3787.85;5.81454;0;0;0.1;0.01;0;4.12059;0;0;-1
0;527;89.5552;12.0114;-11.0222;8.94815;3001.15;5.38039;0;0;0.1;0.01;0;4.80264;0;0;-1
0;528;89.4266;27.0298;-11.1976;8.57982;2645.59;5.15892;0;0;0.1;0.01;0;4.5147;0;0;-1
0;529;89.2376;43.5651;-9.84289;10.0381;4236.85;6.03576;0;0;0.1;0.01;0;3.2938;0;0;-1
0;530;-93.9377;-16.5786;2.3946;9.45997;3546.16;5.68814;0;0;0.1;0.01;0;3.1709;0;0;-1
0;531;-95.6843;2.72762;3.43435;9.65336;3768.11;5.80443;0;0;0.1;0.01;0;3.78295;0;0;-1
0;532;-95.9085;18.6882;2.16149;10.2032;4449.36;6.13504;0;0;0.1;0.01;0;3.23828;0;0;-1
0;533;-79.677;-55.9195;3.03692;8.5;2572.44;5.11093;0;0;0.1;0.01;0;2.63926;1;0;-1
0;534;-82.6276;-41.5206;4.6833;9.80047;3943.02;5.89288;0;0;0.1;0.01;0;4.1752;0;0;-1
0;535;-80.597;-23.2253;2.97408;9.80139;3944.13;5.89343;0;0;0.1;0.01;0;6.45408;0;0;-1
0;536;-79.8648;-6.1358;3.72721;9.46528;3552.13;5.69134;0;0;0.1;0.01;0;5.92442;0;0;-1
0;537;-81.7938;10.3569;2.71424;8.90491;2957.86;5.35439;0;0;0.1;0.01;0;4.70799;0;0;-1
0;538;-80.6013;25.4929;1.21195;8.5;2572.44;5.11093;0;0;0.1;0.01;0;3.69488;1;0;-1
0;539;-82.6827;44.0738;2.76965;10.2457;4505.19;6.16059;0;0;0.1;0.01;0;4.42162;0;0;-1
0;540;-78.9036;61.1279;3.37657;9.4202;3501.62;5.66423;0;0;0.1;0.01;0;2.55905;0;0;-1
0;541;-63.8855;-65.5092;1.68006;8.86781;2921.04;5.33209;0;0;0.1;0.01;0;4.00786;0;0;-1
0;542;-64.279;-47.2883;4.39528;10.2617;4526.33;6.17021;0;0;0.1;0.01;0;6.23328;0;0;-1
0;543;-68.3929;-33.049;3.55538;8.92266;2975.58;5.36507;0;0;0.1;0.01;0;5.75755;0;0;-1
0;544;-67.7957;-14.821;1.72138;10.4365;4761.6;6.27532;0;0;0.1;0.01;0;6.92594;0;0;-1
0;545;-67.1938;0.398114;3.73525;10.3306;4618.12;6.21164;0;0;0.1;0.01;0;6.93358;0;0;-1
0;546;-64.7303;17.1288;3.36755;10.4477;4776.95;6.28205;0;0;0.1;0.01;0;6.01883;0;0;-1
0;547;-65.1805;36.5263;3.09737;10.4249;4745.74;6.26834;0;0;0.1;0.01;0;6.60343;0;0;-1
0;548;-65.5687;52.0305;3.2227;9.47993;3568.65;5.70014;0;0;0.1;0.01;0;5.48048;0;0;-1
0;549;-64.9428;70.4095;3.15868;8.5;2572.44;5.11093;0;0;0.1;0.01;0;2.34973;1;0;-1
0;550;-49.9082;-75.333;3.23899;8.5823;2647.89;5.16041;0;0;0.1;0.01;0;5.00578;0;0;-1
0;551;-50.3404;-59.3873;4.21524;8.71413;2771.79;5.23968;0;0;0.1;0.01;0;5.50653;0;0;-1
0;552;-50.9538;-42.3302;3.33337;8.72965;2786.63;5.24901;0;0;0.1;0.01;0;5.46217;0;0;-1
0;553;-52.1137;-24.474;3.65521;8.58632;2651.61;5.16283;0;0;0.1;0.01;0;4.18628;0;0;-1
0;554;-49.6401;-5.37738;2.14892;8.5;2572.44;5.11093;0;0;0.1;0.01;0;4.35322;1;0;-1
0;555;-52.2997;10.0592;3.74923;8.5;2572.44;5.11093;0;0;0.1;0.01;0;4.98582;1;0;-1
0;556;-52.7548;25.8393;2.69715;8.5;2572.44;5.11093;0;0;0.1;0.01;0;5.48437;1;0;-1
0;557;-50.2687;42.9903;5.11259;9.8444;3996.28;5.91929;0;0;0.1;0.01;0;5.9749;0;0;-1
0;558;-50.7537;63.4565;1.83703;9.04923;3104.01;5.44117;0;0;0.1;0.01;0;5.21512;0;0;-1
0;559;-51.4562;78.1185;1.28772;9.76208;3896.87;5.8698;0;0;0.1;0.01;0;4.43661;0;0;-1
0;560;-34.9759;-84.0142;3.43778;9.36644;3442.01;5.6319;0;0;0.1;0.01;0;5.15454;0;0;-1
0;561;-38.5028;-67.3838;3.24894;9.15764;3216.91;5.50636;0;0;0.1;0.01;0;5.35364;0;0;-1
0;562;-36.707;-50.3873;4.1243;8.5;2572.44;5.11093;0;0;0.1;0.01;0;5.17195;1;0;-1
0;563;-35.8348;-32.6218;2.67919;9.95707;4135.07;5.98704;0;0;0.1;0.01;0;6.0537;0;0;-1
0;564;-38.0832;-14.0935;3.15448;8.97516;3028.41;5.39663;0;0;0.1;0.01;0;4.98254;0;0;-1
0;565;-36.6344;3.18024;4.03567;8.90095;2953.91;5.35201;0;0;0.1;0.01;0;5.8552;0;0;-1
0;566;-38.141;19.9736;2.91895;10.1518;4382.46;6.10413;0;0;0.1;0.01;0;6.86647;0;0;-1
0;567;-38.1974;36.3067;1.03132;8.89588;2948.87;5.34896;0;0;0.1;0.01;0;5.93195;0;0;-1
0;568;-35.418;50.8415;2.86295;9.82839;3976.82;5.90967;0;0;0.1;0.01;0;5.01539;0;0;-1
0;569;-35.7487;71.7389;1.34075;10.4423;4769.55;6.2788;0;0;0.1;0.01;0;6.28661;0;0;-1
0;570;-35.3299;87.8881;3.29312;9.58234;3685.56;5.76172;0;0;0.1;0.01;0;5.1451;0;0;-1
0;571;-20.7804;-93.6576;1.59946;9.51832;3612.18;5.72323;0;0;0.1;0.01;0;4.31202;0;0;-1
0;572;-20.5611;-76.6085;4.59421;8.53528;2604.61;5.13214;0;0;0.1;0.01;0;5.26388;0;0;-1
0;573;-23.6213;-57.6379;1.53453;9.2155;3278.27;5.54115;0;0;0.1;0.01;0;6.00297;0;0;-1
0;574;-23.2204;-40.3597;2.14387;9.25268;3318.11;5.5635;0;0;0.1;0.01;0;6.41726;0;0;-1
0;575;-21.1639;-23.0823;3.56618;8.5;2572.44;5.11093;0;0;0.1;0.01;0;5.39955;1;0;-1
0;576;-20.5769;-5.19354;3.34058;8.55675;2624.31;5.14505;0;0;0.1;0.01;0;6.16101;0;0;-1
0;577;-20.1934;9.99085;4.06689;10.1133;4332.79;6.08098;0;0;0.1;0.01;0;6.8997;0;0;-1
0;578;-23.9392;27.5251;1.88847;8.5874;2652.61;5.16348;0;0;0.1;0.01;0;3.99288;0;0;-1
0;579;-19.933;46.9977;1.82753;9.19996;3261.72;5.5318;0;0;0.1;0.01;0;4.54632;0;0;-1
0;580;-22.0305;63.3233;2.16749;9.89483;4058.01;5.94962;0;0;0.1;0.01;0;6.65899;0;0;-1
0;581;-22.1864;77.5581;1.90381;9.60554;3712.39;5.77567;0;0;0.1;0.01;0;6.19875;0;0;-1
0;582;-23.3688;96.2345;1.35837;9.90756;4073.7;5.95727;0;0;0.1;0.01;0;3.41984;0;0;-1
0;583;-7.07094;-98.9546;0.932144;10.0776;4287.06;6.05951;0;0;0.1;0.01;0;2.97374;0;0;-1
0;584;-5.64187;-81.0538;3.71171;8.73414;2790.93;5.25171;0;0;0.1;0.01;0;5.62657;0;0;-1
0;585;-9.08083;-66.6475;2.76778;10.3839;4689.97;6.24369;0;0;0.1;0.01;0;5.75185;0;0;-1
0;586;-7.63212;-49.253;2.31471;8.64791;2709.08;5.19986;0;0;0.1;0.01;0;5.09604;0;0;-1
0;587;-7.46716;-29.9729;2.5184;9.4445;3528.79;5.67884;0;0;0.1;0.01;0;6.35472;0;0;-1
0;588;-8.77961;-14.1911;3.11795;9.71029;3835.18;5.83866;0;0;0.1;0.01;0;6.88226;0;0;-1
0;589;-7.8847;1.80798;3.77581;8.5;2572.44;5.11093;0;0;0.1;0.01;0;5.90108;1;0;-1
0;590;-6.29668;17.3574;1.33954;8.51996;2590.61;5.12293;0;0;0.1;0.01;0;5.92993;0;0;-1
0;591;-6.16268;34.6525;3.70573;9.22465;3288.05;5.54665;0;0;0.1;0.01;0;5.50784;0;0;-1
0;592;-5.76166;51.8034;3.53974;8.5;2572.44;5.11093;0;0;0.1;0.01;0;5.86879;1;0;-1
0;593;-7.56869;71.785;2.33261;10.3283;4615.04;6.21026;0;0;0.1;0.01;0;6.85563;0;0;-1
0;594;-9.20567;88.3806;3.68053;9.77079;3907.31;5.87503;0;0;0.1;0.01;0;4.9757;0;0;-1
0;595;8.04258;-92.1743;3.1039;8.71605;2773.63;5.24083;0;0;0.1;0.01;0;4.70642;0;0;-1
0;596;8.63524;-76.0919;1.82813;9.61678;3725.44;5.78243;0;0;0.1;0.01;0;7.04063;0;0;-1
0;597;5.95364;-58.9252;1.68788;10.096;4310.59;6.07058;0;0;0.1;0.01;0;6.92082;0;0;-1
0;598;7.03523;-42.7402;3.58785;9.83689;3987.15;5.91478;0;0;0.1;0.01;0;6.72744;0;0;-1
0;599;7.54621;-24.9362;1.84728;9.5353;3631.55;5.73344;0;0;0.1;0.01;0;6.50694;0;0;-1
0;600;9.35575;-8.4598;4.44337;10.1237;4346.17;6.08723;0;0;0.1;0.01;0;5.93091;0;0;-1
0;601;5.73518;10.4474;2.77425;8.89902;2951.99;5.35085;0;0;0.1;0.01;0;4.96019;0;0;-1
0;602;7.62814;25.4197;2.119;9.91149;4078.55;5.95964;0;0;0.1;0.01;0;6.08831;0;0;-1
0;603;8.38318;44.0607;2.35051;8.5;2572.44;5.11093;0;0;0.1;0.01;0;5.04536;1;0;-1
0;604;6.90953;60.3919;1.62707;8.5;2572.44;5.11093;0;0;0.1;0.01;0;5.65721;1;0;-1
0;605;8.80073;76.5058;2.68064;8.62821;2690.61;5.18802;0;0;0.1;0.01;0;5.79828;0;0;-1
0;606;5.60876;97.9061;1.52294;9.70502;3828.93;5.83549;0;0;0.1;0.01;0;2.82661;0;0;-1
0;607;20.4549;-85.2871;2.17476;8.5;2572.44;5.11093;0;0;0.1;0.01;0;4.15262;1;0;-1
0;608;23.707;-66.3247;2.73701;10.1485;4378.19;6.10215;0;0;0.1;0.01;0;5.92293;0;0;-1
0;609;22.3828;-47.3569;4.38648;8.61569;2678.91;5.18049;0;0;0.1;0.01;0;4.58314;0;0;-1
0;610;21.7422;-31.0856;1.48167;8.5;2572.44;5.11093;0;0;0.1;0.01;0;5.7891;1;0;-1
0;611;21.4344;-14.7056;1.49721;8.5;2572.44;5.11093;0;0;0.1;0.01;0;5.46834;1;0;-1
0;612;23.2006;4.33967;1.19674;9.49255;3582.92;5.70773;0;0;0.1;0.01;0;5.44795;0;0;-1
0;613;23.3882;20.8311;4.67317;9.56391;3664.33;5.75064;0;0;0.1;0.01;0;6.83897;0;0;-1
0;614;21.9793;37.2967;4.96484;8.5;2572.44;5.11093;0;0;0.1;0.01;0;5.66029;1;0;-1
0;615;22.7751;51.4221;3.72062;9.88732;4048.78;5.9451;0;0;0.1;0.01;0;6.64385;0;0;-1
0;616;21.1332;67.7525;1.65599;9.16445;3224.09;5.51045;0;0;0.1;0.01;0;5.95771;0;0;-1
0;617;21.4066;89.4953;1.13883;10.1186;4339.6;6.08417;0;0;0.1;0.01;0;4.04402;0;0;-1
0;618;38.0394;-75.9272;1.65545;9.44408;3528.32;5.67859;0;0;0.1;0.01;0;6.03018;0;0;-1
0;619;38.5542;-59.5997;4.03137;8.64248;2703.98;5.1966;0;0;0.1;0.01;0;5.22644;0;0;-1
0;620;34.9016;-40.1449;3.41423;8.9796;3032.91;5.3993;0;0;0.1;0.01;0;5.44871;0;0;-1
0;621;35.0479;-25.725;1.19563;9.54414;3641.66;5.73875;0;0;0.1;0.01;0;6.1068;0;0;-1
0;622;38.0216;-8.85047;4.48625;9.35846;3433.22;5.62711;0;0;0.1;0.01;0;6.01372;0;0;-1
0;623;37.2351;9.08674;1.45583;9.51894;3612.89;5.7236;0;0;0.1;0.01;0;5.74718;0;0;-1
0;624;36.664;27.2517;2.87284;9.98295;4167.4;6.0026;0;0;0.1;0.01;0;6.51427;0;0;-1
0;625;35.9272;44.5346;1.21404;10.3932;4702.58;6.24928;0;0;0.1;0.01;0;6.87933;0;0;-1
0;626;36.1006;62.706;3.83194;10.293;4567.88;6.18903;0;0;0.1;0.01;0;7.82366;0;0;-1
0;627;37.6631;80.0043;2.52772;10.395;4705.03;6.25036;0;0;0.1;0.01;0;5.13875;0;0;-1
0;628;50.8426;-83.5306;2.89554;8.5;2572.44;5.11093;0;0;0.1;0.01;0;2.98741;1;0;-1
0;629;52.1848;-64.6118;4.05015;9.83279;3982.16;5.91231;0;0;0.1;0.01;0;5.58562;0;0;-1
0;630;50.3206;-48.47;3.25929;10.1367;4362.93;6.09505;0;0;0.1;0.01;0;6.36135;0;0;-1
0;631;53.3998;-33.6509;4.7918;8.5;2572.44;5.11093;0;0;0.1;0.01;0;5.81102;1;0;-1
0;632;51.3828;-15.8274;2.99882;8.60239;2666.53;5.17249;0;0;0.1;0.01;0;5.11834;0;0;-1
0;633;52.1565;1.13917;2.47085;8.51441;2585.55;5.11959;0;0;0.1;0.01;0;5.43526;0;0;-1
0;634;52.3743;17.0464;1.66598;9.47502;3563.11;5.69719;0;0;0.1;0.01;0;7.31185;0;0;-1
0;635;50.1826;34.3896;2.73779;9.80689;3950.78;5.89674;0;0;0.1;0.01;0;6.23274;0;0;-1
0;636;51.3738;54.6309;4.69797;8.5;2572.44;5.11093;0;0;0.1;0.01;0;5.0168;1;0;-1
0;637;50.0063;67.7119;3.25578;9.09874;3155.24;5.47094;0;0;0.1;0.01;0;4.69887;0;0;-1
0;638;68.0571;-56.0615;4.6888;9.91865;4087.39;5.96394;0;0;0.1;0.01;0;4.38743;0;0;-1
0;639;67.5927;-39.0415;2.40029;9.67029;3787.97;5.81461;0;0;0.1;0.01;0;7.08927;0;0;-1
0;640;64.7308;-24.1576;3.90058;8.59961;2663.94;5.17082;0;0;0.1;0.01;0;5.67705;0;0;-1
0;641;67.8235;-6.65819;4.42453;8.5;2572.44;5.11093;0;0;0.1;0.01;0;4.86832;1;0;-1
0;642;65.6299;12.2009;3.83523;10.2544;4516.68;6.16582;0;0;0.1;0.01;0;6.71957;0;0;-1
0;643;65.492;25.9332;3.94163;8.5;2572.44;5.11093;0;0;0.1;0.01;0;6.09822;1;0;-1
0;644;66.9156;44.3125;4.36296;9.40417;3483.77;5.65459;0;0;0.1;0.01;0;5.69873;0;0;-1
0;645;67.4238;60.1779;4.32418;9.78995;3930.34;5.88655;0;0;0.1;0.01;0;4.46609;0;0;-1
0;646;82.3307;-47.3942;5.10466;9.16647;3226.23;5.51167;0;0;0.1;0.01;0;3.67525;0;0;-1
0;647;82.1683;-33.1105;3.18104;10.4059;4719.84;6.25692;0;0;0.1;0.01;0;5.82407;0;0;-1
0;648;81.3945;-15.7972;3.84429;9.58771;3691.76;5.76495;0;0;0.1;0.01;0;6.48992;0;0;-1
0;649;79.7743;0.0563192;1.88027;9.17655;3236.88;5.51773;0;0;0.1;0.01;0;5.72886;0;0;-1
0;650;80.9736;18.256;2.44462;9.17519;3235.44;5.51691;0;0;0.1;0.01;0;6.64306;0;0;-1
0;651;82.5369;36.1041;4.09103;10.3563;4652.67;6.22709;0;0;0.1;0.01;0;5.55395;0;0;-1
0;652;82.8039;55.3006;4.89458;9.98006;4163.78;6.00087;0;0;0.1;0.01;0;2.84911;0;0;-1
0;653;95.8365;-23.3887;2.10225;10.372;4673.86;6.23653;0;0;0.1;0.01;0;3.62887;0;0;-1
0;654;96.3562;-7.56445;4.22389;9.30892;3378.99;5.59732;0;0;0.1;0.01;0;3.40768;0;0;-1
0;655;94.5247;12.1157;1.93374;9.59168;3696.35;5.76734;0;0;0.1;0.01;0;4.21308;0;0;-1
0;656;94.3103;26.6326;4.48129;10.0281;4224.2;6.02975;0;0;0.1;0.01;0;4.46448;0;0;-1
0;657;-86.8369;-40.7485;19.2001;10.0139;4206.28;6.02121;0;0;0.1;0.01;0;3.22213;0;0;-1
0;658;-85.079;-21.1773;18.5548;9.39531;3473.94;5.64926;0;0;0.1;0.01;0;3.28315;0;0;-1
0;659;-84.8782;-4.98671;19.2726;9.9256;4095.99;5.96812;0;0;0.1;0.01;0;4.60354;0;0;-1
0;660;-86.6463;10.4809;17.1906;9.41782;3498.97;5.6628;0;0;0.1;0.01;0;4.71558;0;0;-1
0;661;-85.7253;27.1083;18.3025;8.5;2572.44;5.11093;0;0;0.1;0.01;0;3.21748;1;0;-1
0;662;-84.2568;45.3285;18.927;8.68184;2741.09;5.22026;0;0;0.1;0.01;0;2.7275;0;0;-1
0;663;-72.1089;-63.6415;19.8425;9.46219;3548.65;5.68948;0;0;0.1;0.01;0;3.35606;0;0;-1
0;664;-70.8094;-48.5659;16.6701;9.04696;3101.68;5.43981;0;0;0.1;0.01;0;6.11075;0;0;-1
0;665;-68.983;-33.8753;19.1851;8.5;2572.44;5.11093;0;0;0.1;0.01;0;5.46705;1;0;-1
0;666;-71.9571;-13.187;19.0173;9.90376;4069.01;5.95499;0;0;0.1;0.01;0;7.23451;0;0;-1
0;667;-69.3865;2.17315;19.7024;9.7357;3865.36;5.85394;0;0;0.1;0.01;0;6.93204;0;0;-1
0;668;-70.2485;18.6399;19.2961;9.64972;3763.85;5.80224;0;0;0.1;0.01;0;5.80258;0;0;-1
0;669;-70.2916;34.2555;16.7461;8.77909;2834.24;5.27874;0;0;0.1;0.01;0;4.3237;0;0;-1
0;670;-70.2543;52.8852;16.2679;8.5;2572.44;5.11093;0;0;0.1;0.01;0;3.91517;1;0;-1
0;671;-58.0221;-74.9489;17.1198;10.065;4271;6.05194;0;0;0.1;0.01;0;4.51457;0;0;-1
0;672;-57.4991;-58.6554;18.7065;9.47117;3558.77;5.69488;0;0;0.1;0.01;0;6.43786;0;0;-1
0;673;-56.2013;-39.5377;17.4589;10.2399;4497.55;6.1571;0;0;0.1;0.01;0;7.40208;0;0;-1
0;674;-57.0828;-23.2718;16.9203;8.9323;2985.23;5.37086;0;0;0.1;0.01;0;5.73351;0;0;-1
0;675;-55.1847;-6.46478;16.0517;9.97374;4155.88;5.99707;0;0;0.1;0.01;0;6.24425;0;0;-1
0;676;-57.1278;8.61651;17.4108;8.70387;2762.01;5.23351;0;0;0.1;0.01;0;5.38401;0;0;-1
0;677;-55.383;26.7745;16.7942;9.65507;3770.12;5.80545;0;0;0.1;0.01;0;5.70989;0;0;-1
0;678;-54.9756;46.9012;18.9376;8.5;2572.44;5.11093;0;0;0.1;0.01;0;4.35248;1;0;-1
0;679;-53.9853;61.9345;18.2843;8.67427;2733.93;5.21571;0;0;0.1;0.01;0;3.80705;0;0;-1
0;680;-53.7938;78.0497;19.6577;9.60026;3706.27;5.7725;0;0;0.1;0.01;0;2.63889;0;0;-1
0;681;-41.6995;-84.6182;16.848;9.64536;3758.75;5.79962;0;0;0.1;0.01;0;4.32826;0;0;-1
0;682;-40.6297;-67.4683;17.7397;8.98447;3037.85;5.40223;0;0;0.1;0.01;0;5.51343;0;0;-1
0;683;-40.4666;-47.7796;16.7387;9.09298;3149.25;5.46748;0;0;0.1;0.01;0;5.26093;0;0;-1
0;684;-42.5281;-33.0313;18.198;9.56256;3662.78;5.74983;0;0;0.1;0.01;0;6.35544;0;0;-1
0;685;-42.1551;-13.7598;16.49;8.5;2572.44;5.11093;0;0;0.1;0.01;0;4.91632;1;0;-1
0;686;-39.9897;2.27814;17.7251;8.8338;2887.56;5.31164;0;0;0.1;0.01;0;5.0811;0;0;-1
0;687;-42.2106;18.6878;18.4604;8.81873;2872.81;5.30257;0;0;0.1;0.01;0;5.43352;0;0;-1
0;688;-41.1675;33.7379;18.2788;8.97255;3025.77;5.39506;0;0;0.1;0.01;0;5.19106;0;0;-1
0;689;-39.7085;53.2115;18.5443;8.97931;3032.62;5.39913;0;0;0.1;0.01;0;4.73899;0;0;-1
0;690;-39.5885;71.4854;16.3989;10.2106;4459.05;6.13949;0;0;0.1;0.01;0;5.90341;0;0;-1
0;691;-41.5972;87.7463;18.5437;8.98874;3042.18;5.4048;0;0;0.1;0.01;0;2.92996;0;0;-1
0;692;-27.7637;-93.4547;16.8261;10.4523;4783.26;6.28482;0;0;0.1;0.01;0;3.97976;0;0;-1
0;693;-27.5089;-72.856;18.501;9.83112;3980.13;5.91131;0;0;0.1;0.01;0;6.16462;0;0;-1
0;694;-25.3699;-56.7084;16.2772;8.5;2572.44;5.11093;0;0;0.1;0.01;0;4.44819;1;0;-1
0;695;-24.5021;-40.3761;17.8436;8.88227;2935.35;5.34078;0;0;0.1;0.01;0;5.48742;0;0;-1
0;696;-28.3611;-24.7208;16.3164;9.59361;3698.58;5.7685;0;0;0.1;0.01;0;6.04827;0;0;-1
0;697;-28.3785;-7.18508;16.0108;9.33032;3402.34;5.61019;0;0;0.1;0.01;0;5.29207;0;0;-1
0;698;-26.9605;10.6793;16.4856;9.60486;3711.6;5.77526;0;0;0.1;0.01;0;6.09179;0;0;-1
0;699;-27.4503;28.0501;17.3622;9.05772;3112.76;5.44628;0;0;0.1;0.01;0;5.12889;0;0;-1
0;700;-25.4593;45.9284;17.6364;9.58543;3689.13;5.76358;0;0;0.1;0.01;0;5.76603;0;0;-1
0;701;-28.1555;62.0572;16.4035;9.01678;3070.74;5.42166;0;0;0.1;0.01;0;5.90342;0;0;-1
0;702;-27.4115;80.4108;16.3146;10.1887;4430.42;6.12632;0;0;0.1;0.01;0;5.89063;0;0;-1
0;703;-13.2917;-83.6092;17.6359;9.77088;3907.42;5.87509;0;0;0.1;0.01;0;5.45649;0;0;-1
0;704;-13.7305;-65.6469;17.0248;8.5;2572.44;5.11093;0;0;0.1;0.01;0;4.20751;1;0;-1
0;705;-11.1835;-47.5328;16.2691;9.7905;3931;5.88689;0;0;0.1;0.01;0;5.45008;0;0;-1
0;706;-12.3541;-30.7872;19.3399;8.63701;2698.85;5.19331;0;0;0.1;0.01;0;5.76179;0;0;-1
0;707;-11.5517;-16.1899;17.4746;9.71429;3839.92;5.84106;0;0;0.1;0.01;0;6.34197;0;0;-1
0;708;-13.6721;1.66439;17.1268;10.0878;4300.09;6.06565;0;0;0.1;0.01;0;7.02319;0;0;-1
0;709;-13.1774;20.7916;16.6112;10.0841;4295.36;6.06342;0;0;0.1;0.01;0;6.26921;0;0;-1
0;710;-10.9547;37.3183;17.2946;8.97727;3030.55;5.3979;0;0;0.1;0.01;0;5.49521;0;0;-1
0;711;-10.019;52.3581;18.3008;10.1287;4352.61;6.09024;0;0;0.1;0.01;0;6.64244;0;0;-1
0;712;-11.6723;68.4243;18.3623;8.59754;2662.02;5.16958;0;0;0.1;0.01;0;5.20941;0;0;-1
0;713;-11.0534;85.2605;18.6743;8.5;2572.44;5.11093;0;0;0.1;0.01;0;3.73824;1;0;-1
0;714;1.68135;-91.9847;17.4342;10.248;4508.23;6.16197;0;0;0.1;0.01;0;3.90826;0;0;-1
0;715;4.58278;-72.2698;15.9824;8.68782;2746.76;5.22386;0;0;0.1;0.01;0;5.15401;0;0;-1
0;716;2.81934;-56.9718;17.3322;8.5;2572.44;5.11093;0;0;0.1;0.01;0;5.54435;1;0;-1
0;717;2.96158;-39.8541;16.6683;9.887;4048.39;5.94491;0;0;0.1;0.01;0;6.58639;0;0;-1
0;718;2.38302;-24.4671;16.4589;8.82136;2875.38;5.30416;0;0;0.1;0.01;0;5.63632;0;0;-1
0;719;4.97611;-8.37217;17.11;8.57217;2638.52;5.15432;0;0;0.1;0.01;0;4.74341;0;0;-1
0;720;4.17321;9.64924;16.3865;9.89258;4055.25;5.94826;0;0;0.1;0.01;0;4.89246;0;0;-1
0;721;2.16238;28.5079;16.6415;9.95865;4137.04;5.98799;0;0;0.1;0.01;0;6.24859;0;0;-1
0;722;2.535;46.1848;15.6186;8.5982;2662.63;5.16997;0;0;0.1;0.01;0;5.80308;0;0;-1
0;723;2.66027;63.4038;15.8897;10.4039;4717.12;6.25571;0;0;0.1;0.01;0;6.71367;0;0;-1
0;724;0.992004;77.9662;15.9409;8.66392;2724.16;5.20949;0;0;0.1;0.01;0;5.68565;0;0;-1
0;725;4.69532;93.0889;17.7722;8.70908;2766.98;5.23664;0;0;0.1;0.01;0;2.89442;0;0;-1
0;726;17.7778;-82.3786;17.1058;10.0453;4245.97;6.04009;0;0;0.1;0.01;0;5.13163;0;0;-1
0;727;15.7963;-64.4094;16.3754;8.5;2572.44;5.11093;0;0;0.1;0.01;0;4.94331;1;0;-1
0;728;16.0244;-50.0823;18.3079;9.61978;3728.93;5.78423;0;0;0.1;0.01;0;5.55415;0;0;-1
0;729;18.931;-33.9819;18.102;8.5;2572.44;5.11093;0;0;0.1;0.01;0;4.31561;1;0;-1
0;730;18.356;-17.0116;17.3436;9.30503;3374.75;5.59498;0;0;0.1;0.01;0;5.77559;0;0;-1
0;731;17.461;2.71339;18.4896;8.54447;2613.03;5.13767;0;0;0.1;0.01;0;4.74093;0;0;-1
0;732;16.5798;21.1375;16.2212;9.14026;3198.63;5.49591;0;0;0.1;0.01;0;6.27583;0;0;-1
0;733;16.5149;37.0734;17.4445;8.88866;2941.69;5.34462;0;0;0.1;0.01;0;5.88863;0;0;-1
0;734;19.6616;52.9325;17.6926;8.85858;2911.93;5.32654;0;0;0.1;0.01;0;5.16759;0;0;-1
0;735;16.4173;69.7766;17.3864;8.51644;2587.4;5.12081;0;0;0.1;0.01;0;5.15541;0;0;-1
0;736;17.9157;85.6756;16.4546;9.17315;3233.29;5.51568;0;0;0.1;0.01;0;3.5665;0;0;-1
0;737;33.1735;-92.4874;15.9355;9.05955;3114.64;5.44738;0;0;0.1;0.01;0;1.6895;0;0;-1
0;738;33.7882;-73.7689;16.1013;9.51316;3606.31;5.72013;0;0;0.1;0.01;0;5.4767;0;0;-1
0;739;33.1769;-55.2457;18.0145;9.15668;3215.9;5.50578;0;0;0.1;0.01;0;4.54313;0;0;-1
0;740;33.6475;-39.0278;18.0761;8.5;2572.44;5.11093;0;0;0.1;0.01;0;5.33082;1;0;-1
0;741;31.4381;-24.4845;16.3345;9.37929;3456.2;5.63963;0;0;0.1;0.01;0;6.48237;0;0;-1
0;742;30.7116;-8.0609;18.5951;9.30862;3378.66;5.59714;0;0;0.1;0.01;0;5.49861;0;0;-1
0;743;30.5307;11.5671;17.0177;8.87722;2930.35;5.33774;0;0;0.1;0.01;0;5.13184;0;0;-1
0;744;32.0936;26.8788;16.7638;8.78131;2836.39;5.28007;0;0;0.1;0.01;0;5.40297;0;0;-1
0;745;33.2151;45.7676;16.5222;8.5;2572.44;5.11093;0;0;0.1;0.01;0;5.28928;1;0;-1
0;746;30.4854;63.4364;19.4795;9.08213;3137.99;5.46095;0;0;0.1;0.01;0;6.81632;0;0;-1
0;747;30.6523;77.8145;17.8493;9.25776;3323.58;5.56656;0;0;0.1;0.01;0;5.18504;0;0;-1
0;748;45.31;-81.2452;16.093;9.99665;4184.58;6.01084;0;0;0.1;0.01;0;4.70788;0;0;-1
0;749;48.903;-67.6383;17.0076;8.61752;2680.62;5.18159;0;0;0.1;0.01;0;5.08334;0;0;-1
0;750;47.5072;-48.1691;18.5976;8.5;2572.44;5.11093;0;0;0.1;0.01;0;4.60486;1;0;-1
0;751;46.7611;-31.8984;16.6155;9.52674;3621.78;5.72829;0;0;0.1;0.01;0;6.82844;0;0;-1
0;752;46.3605;-15.3167;17.5015;9.96599;4146.2;5.99241;0;0;0.1;0.01;0;6.40218;0;0;-1
0;753;46.2066;4.39598;19.4792;9.61473;3723.06;5.7812;0;0;0.1;0.01;0;5.43026;0;0;-1
0;754;48.7897;20.4712;17.3366;9.77667;3914.37;5.87857;0;0;0.1;0.01;0;6.22816;0;0;-1
0;755;46.8616;34.8805;18.983;8.5;2572.44;5.11093;0;0;0.1;0.01;0;5.23596;1;0;-1
0;756;45.0841;54.0891;16.5893;10.1386;4365.39;6.09619;0;0;0.1;0.01;0;6.57349;0;0;-1
0;757;46.9794;68.977;17.7823;8.7934;2848.13;5.28734;0;0;0.1;0.01;0;5.04308;0;0;-1
0;758;45.9413;86.0453;19.6675;8.5;2572.44;5.11093;0;0;0.1;0.01;0;1.28363;1;0;-1
0;759;61.2226;-75.4435;17.4849;9.74749;3879.42;5.86102;0;0;0.1;0.01;0;2.82233;0;0;-1
0;760;62.3063;-57.9512;18.161;8.5;2572.44;5.11093;0;0;0.1;0.01;0;4.94873;1;0;-1
0;761;62.5611;-38.7154;16.7028;10.097;4311.87;6.07118;0;0;0.1;0.01;0;7.49524;0;0;-1
0;762;60.4206;-24.2783;16.5134;9.90118;4065.83;5.95344;0;0;0.1;0.01;0;7.54592;0;0;-1
0;763;60.376;-7.40388;16.7517;8.93108;2984.01;5.37013;0;0;0.1;0.01;0;4.81211;0;0;-1
0;764;62.4598;10.6047;16.9703;9.45392;3539.36;5.6845;0;0;0.1;0.01;0;5.78049;0;0;-1
0;765;61.6882;28.5329;16.4748;10.2254;4478.47;6.14838;0;0;0.1;0.01;0;7.22283;0;0;-1
0;766;61.8688;45.2106;19.0311;8.67367;2733.36;5.21535;0;0;0.1;0.01;0;6.08055;0;0;-1
0;767;62.2924;63.6382;19.0457;10.0225;4217.13;6.02638;0;0;0.1;0.01;0;4.83267;0;0;-1
0;768;75.9077;-50.2099;19.5111;8.70096;2759.24;5.23176;0;0;0.1;0.01;0;3.01302;0;0;-1
0;769;76.048;-33.4798;18.3417;10.0886;4301.12;6.06613;0;0;0.1;0.01;0;6.13318;0;0;-1
0;770;77.6196;-16.9542;16.7493;8.5;2572.44;5.11093;0;0;0.1;0.01;0;4.96299;1;0;-1
0;771;74.881;0.851954;19.4111;8.71841;2775.88;5.24225;0;0;0.1;0.01;0;4.44585;0;0;-1
0;772;76.4915;20.1063;16.1875;9.82373;3971.16;5.90687;0;0;0.1;0.01;0;6.53851;0;0;-1
0;773;74.821;37.9216;19.0732;10.3722;4674.14;6.23665;0;0;0.1;0.01;0;6.73596;0;0;-1
0;774;76.5223;52.4256;18.7575;8.77615;2831.4;5.27697;0;0;0.1;0.01;0;4.58167;0;0;-1
0;775;91.5296;-22.0679;18.636;9.7875;3927.39;5.88508;0;0;0.1;0.01;0;4.34634;0;0;-1
0;776;92.7467;-7.3568;19.9352;8.5;2572.44;5.11093;0;0;0.1;0.01;0;2.61993;1;0;-1
0;777;91.6965;9.32695;16.2162;9.05672;3111.73;5.44567;0;0;0.1;0.01;0;2.52783;0;0;-1
0;778;89.467;26.8455;17.3937;9.35384;3428.14;5.62433;0;0;0.1;0.01;0;4.07863;0;0;-1
0;779;-93.585;2.40963;34.5658;8.55786;2625.33;5.14572;0;0;0.1;0.01;0;2.84462;0;0;-1
0;780;-82.0395;-39.711;31.6342;9.85962;4014.85;5.92845;0;0;0.1;0.01;0;3.15427;0;0;-1
0;781;-79.6854;-25.0867;32.4554;9.32437;3395.84;5.60661;0;0;0.1;0.01;0;4.2528;0;0;-1
0;782;-79.0021;-6.09432;34.0248;9.22038;3283.49;5.54408;0;0;0.1;0.01;0;5.97647;0;0;-1
0;783;-80.1815;10.0472;31.8142;8.73128;2788.19;5.24999;0;0;0.1;0.01;0;4.89338;0;0;-1
0;784;-82.701;25.8717;30.9216;9.40262;3482.05;5.65366;0;0;0.1;0.01;0;2.74843;0;0;-1
0;785;-79.9019;46.0347;31.3487;8.54151;2610.31;5.13589;0;0;0.1;0.01;0;2.20409;0;0;-1
0;786;-65.9594;-66.8891;33.9548;9.46889;3556.2;5.69351;0;0;0.1;0.01;0;3.4176;0;0;-1
0;787;-66.6255;-47.6776;32.2394;9.70994;3834.76;5.83845;0;0;0.1;0.01;0;4.7908;0;0;-1
0;788;-64.3031;-30.769;34.2056;9.95636;4134.19;5.98661;0;0;0.1;0.01;0;6.55759;0;0;-1
0;789;-66.7763;-15.5657;31.0178;8.5;2572.44;5.11093;0;0;0.1;0.01;0;5.95199;1;0;-1
0;790;-65.6075;0.0144456;34.1238;8.9441;2997.08;5.37796;0;0;0.1;0.01;0;5.98528;0;0;-1
0;791;-66.5542;18.1319;33.8896;8.5;2572.44;5.11093;0;0;0.1;0.01;0;4.43068;1;0;-1
0;792;-64.4073;35.1683;31.6569;8.58667;2651.94;5.16304;0;0;0.1;0.01;0;4.16603;0;0;-1
0;793;-66.8407;53.062;33.2012;9.91933;4088.23;5.96435;0;0;0.1;0.01;0;3.57274;0;0;-1
0;794;-53.186;-73.3281;30.6179;10.1149;4334.84;6.08194;0;0;0.1;0.01;0;4.85139;0;0;-1
0;795;-50.1847;-58.7142;30.9877;9.48167;3570.62;5.70119;0;0;0.1;0.01;0;6.02647;0;0;-1
0;796;-49.837;-38.4036;31.6511;9.72083;3847.68;5.84499;0;0;0.1;0.01;0;6.12925;0;0;-1
0;797;-52.8053;-21.294;31.1208;8.5;2572.44;5.11093;0;0;0.1;0.01;0;4.91655;1;0;-1
0;798;-52.7041;-7.2897;34.193;9.66627;3783.25;5.81219;0;0;0.1;0.01;0;4.47846;0;0;-1
0;799;-51.6706;11.8741;31.7792;8.5;2572.44;5.11093;0;0;0.1;0.01;0;4.16217;1;0;-1
0;800;-50.7108;29.4003;32.6058;8.5;2572.44;5.11093;0;0;0.1;0.01;0;5.24001;1;0;-1
0;801;-52.7808;43.3411;33.1317;8.5;2572.44;5.11093;0;0;0.1;0.01;0;5.24082;1;0;-1
0;802;-51.6434;60.0635;33.9718;8.5;2572.44;5.11093;0;0;0.1;0.01;0;4.24003;1;0;-1
0;803;-35.6433;-85.3954;34.2808;10.1766;4414.65;6.11904;0;0;0.1;0.01;0;3.638;0;0;-1
0;804;-37.999;-66.3752;31.2881;8.5;2572.44;5.11093;0;0;0.1;0.01;0;4.5597;1;0;-1
0;805;-37.9455;-47.2911;33.1261;9.74583;3877.44;5.86003;0;0;0.1;0.01;0;5.96687;0;0;-1
0;806;-34.4752;-33.0313;33.0304;10.2533;4515.23;6.16516;0;0;0.1;0.01;0;6.52139;0;0;-1
0;807;-35.1802;-16.2787;32.7116;8.8572;2910.57;5.32571;0;0;0.1;0.01;0;4.129;0;0;-1
0;808;-35.3332;2.98254;32.295;8.80953;2863.83;5.29704;0;0;0.1;0.01;0;4.53428;0;0;-1
0;809;-38.3061;17.6709;32.7545;8.96634;3019.49;5.39133;0;0;0.1;0.01;0;4.90079;0;0;-1
0;810;-36.9783;37.9437;31.6571;9.65063;3764.92;5.80278;0;0;0.1;0.01;0;6.08297;0;0;-1
0;811;-36.8426;52.4708;32.4158;8.9865;3039.91;5.40345;0;0;0.1;0.01;0;5.22534;0;0;-1
0;812;-37.9067;69.1939;32.1227;8.5;2572.44;5.11093;0;0;0.1;0.01;0;3.35684;1;0;-1
0;813;-20.968;-91.0283;34.0193;9.86408;4020.3;5.93113;0;0;0.1;0.01;0;3.76536;0;0;-1
0;814;-22.9241;-74.3035;32.2386;8.5;2572.44;5.11093;0;0;0.1;0.01;0;5.1205;1;0;-1
0;815;-22.8352;-57.0572;34.4213;8.61747;2680.57;5.18156;0;0;0.1;0.01;0;4.58526;0;0;-1
0;816;-21.8599;-42.7438;31.8891;8.61331;2676.69;5.17906;0;0;0.1;0.01;0;5.67863;0;0;-1
0;817;-20.4339;-21.6631;31.3856;8.5;2572.44;5.11093;0;0;0.1;0.01;0;3.95739;1;0;-1
0;818;-20.9551;-4.75613;34.0506;9.37895;3455.82;5.63943;0;0;0.1;0.01;0;5.90059;0;0;-1
0;819;-21.7907;11.1922;31.648;8.93559;2988.53;5.37284;0;0;0.1;0.01;0;5.87756;0;0;-1
0;820;-22.9957;29.3681;33.7822;9.49202;3582.32;5.70741;0;0;0.1;0.01;0;5.55486;0;0;-1
0;821;-20.7383;44.3011;33.8143;9.19925;3260.96;5.53138;0;0;0.1;0.01;0;6.29444;0;0;-1
0;822;-20.4364;59.6993;30.9839;8.65751;2718.11;5.20564;0;0;0.1;0.01;0;5.11993;0;0;-1
0;823;-21.7663;76.7174;32.6724;10.0526;4255.24;6.04448;0;0;0.1;0.01;0;4.73851;0;0;-1
0;824;-6.81709;-81.4825;33.0074;10.2345;4490.44;6.15386;0;0;0.1;0.01;0;5.73627;0;0;-1
0;825;-7.58094;-65.8478;32.0463;9.11861;3175.96;5.48289;0;0;0.1;0.01;0;4.85241;0;0;-1
0;826;-8.81178;-46.9415;30.7932;9.1191;3176.47;5.48318;0;0;0.1;0.01;0;5.14924;0;0;-1
0;827;-5.4561;-32.6275;31.1732;8.5;2572.44;5.11093;0;0;0.1;0.01;0;4.74112;1;0;-1
0;828;-8.84348;-13.1765;31.5863;10.4144;4731.42;6.26203;0;0;0.1;0.01;0;6.59078;0;0;-1
0;829;-7.46728;3.47466;31.9504;9.30981;3379.96;5.59785;0;0;0.1;0.01;0;6.08576;0;0;-1
0;830;-6.85634;20.9981;33.632;10.0649;4270.88;6.05188;0;0;0.1;0.01;0;5.67602;0;0;-1
0;831;-7.47833;37.7962;34.0817;9.13604;3194.2;5.49337;0;0;0.1;0.01;0;6.14239;0;0;-1
0;832;-5.85193;51.7259;33.6916;8.5;2572.44;5.11093;0;0;0.1;0.01;0;5.49218;1;0;-1
0;833;-7.20119;69.7836;32.3951;8.73803;2794.66;5.25405;0;0;0.1;0.01;0;4.35127;0;0;-1
0;834;-6.7806;88.6506;31.1276;8.56897;2635.57;5.1524;0;0;0.1;0.01;0;2.17042;0;0;-1
0;835;8.2496;-89.4343;34.6618;8.757;2812.9;5.26546;0;0;0.1;0.01;0;3.18348;0;0;-1
0;836;7.70494;-74.476;32.4986;10.4534;4784.77;6.28548;0;0;0.1;0.01;0;7.03283;0;0;-1
0;837;6.34806;-58.9488;31.8189;8.79873;2853.31;5.29055;0;0;0.1;0.01;0;5.10289;0;0;-1
0;838;8.48762;-42.9145;33.2023;10.0561;4259.68;6.04659;0;0;0.1;0.01;0;6.75064;0;0;-1
0;839;6.86549;-23.88;32.7507;8.90408;2957.03;5.35389;0;0;0.1;0.01;0;4.87949;0;0;-1
0;840;7.21392;-6.04439;33.7247;9.87605;4034.95;5.93833;0;0;0.1;0.01;0;6.05245;0;0;-1
0;841;5.64795;8.79222;34.3833;9.10205;3158.68;5.47293;0;0;0.1;0.01;0;4.74169;0;0;-1
0;842;8.33889;27.8157;31.0443;9.25309;3318.55;5.56375;0;0;0.1;0.01;0;5.15816;0;0;-1
0;843;6.79224;42.893;30.5913;10.1876;4428.99;6.12566;0;0;0.1;0.01;0;6.42043;0;0;-1
0;844;8.63677;61.5744;30.9008;8.68436;2743.48;5.22178;0;0;0.1;0.01;0;4.75767;0;0;-1
0;845;9.12245;78.9336;31.9049;9.46328;3549.88;5.69013;0;0;0.1;0.01;0;4.7052;0;0;-1
0;846;23.1455;-82.6668;33.8564;9.93443;4106.93;5.97343;0;0;0.1;0.01;0;4.76695;0;0;-1
0;847;22.6501;-67.9637;33.0071;9.85623;4010.71;5.92641;0;0;0.1;0.01;0;5.40285;0;0;-1
0;848;23.8672;-47.7376;33.3871;8.90151;2954.47;5.35235;0;0;0.1;0.01;0;5.89654;0;0;-1
0;849;21.1369;-32.2896;32.4686;10.1635;4397.63;6.11117;0;0;0.1;0.01;0;7.039;0;0;-1
0;850;22.1161;-14.004;32.2165;10.1553;4386.99;6.10623;0;0;0.1;0.01;0;6.79688;0;0;-1
0;851;22.3389;0.479202;30.9398;8.92445;2977.37;5.36614;0;0;0.1;0.01;0;5.127;0;0;-1
0;852;23.01;19.3373;30.4825;9.06881;3124.2;5.45294;0;0;0.1;0.01;0;4.8218;0;0;-1
0;853;22.1115;37.5579;33.983;9.3486;3422.38;5.62118;0;0;0.1;0.01;0;5.73696;0;0;-1
0;854;23.7969;51.3875;32.5733;9.90615;4071.96;5.95642;0;0;0.1;0.01;0;6.81324;0;0;-1
0;855;22.3249;68.7584;31.0007;8.75237;2808.44;5.26267;0;0;0.1;0.01;0;5.90378;0;0;-1
0;856;20.8582;89.3914;34.224;9.34689;3420.5;5.62015;0;0;0.1;0.01;0;1.60208;0;0;-1
0;857;35.7826;-74.7252;32.7926;8.5;2572.44;5.11093;0;0;0.1;0.01;0;3.42686;1;0;-1
0;858;37.1899;-55.0846;32.8371;9.55435;3653.36;5.74489;0;0;0.1;0.01;0;5.76287;0;0;-1
0;859;35.5736;-38.4172;30.8915;8.5;2572.44;5.11093;0;0;0.1;0.01;0;5.30947;1;0;-1
0;860;37.4995;-21.9787;32.1869;8.5;2572.44;5.11093;0;0;0.1;0.01;0;4.75401;1;0;-1
0;861;35.8972;-4.81298;33.2102;9.17157;3231.62;5.51473;0;0;0.1;0.01;0;5.72483;0;0;-1
0;862;38.7453;9.35313;32.4899;8.59517;2659.82;5.16815;0;0;0.1;0.01;0;4.91364;0;0;-1
0;863;38.1048;25.561;33.0015;9.81869;3965.06;5.90384;0;0;0.1;0.01;0;5.5928;0;0;-1
0;864;38.3522;43.1637;33.0899;9.76301;3897.98;5.87036;0;0;0.1;0.01;0;6.02051;0;0;-1
0;865;35.3787;61.8592;33.7032;9.76121;3895.83;5.86927;0;0;0.1;0.01;0;6.62608;0;0;-1
0;866;36.8567;77.2514;32.1572;10.0224;4217;6.02632;0;0;0.1;0.01;0;5.23684;0;0;-1
0;867;52.8317;-64.6667;31.9387;9.06145;3116.6;5.44852;0;0;0.1;0.01;0;3.97364;0;0;-1
0;868;53.1679;-49.3377;32.1237;9.43641;3519.73;5.67398;0;0;0.1;0.01;0;5.65761;0;0;-1
0;869;52.0723;-33.3869;32.4032;9.52844;3623.71;5.72931;0;0;0.1;0.01;0;6.14076;0;0;-1
0;870;51.547;-17.319;31.5964;9.93219;4104.15;5.97208;0;0;0.1;0.01;0;6.3209;0;0;-1
0;871;53.2123;0.913859;33.8747;10.0205;4214.6;6.02518;0;0;0.1;0.01;0;6.86791;0;0;-1
0;872;52.4646;17.8201;33.3892;8.9672;3020.36;5.39185;0;0;0.1;0.01;0;6.01663;0;0;-1
0;873;53.4769;38.1477;32.2408;8.9671;3020.26;5.39179;0;0;0.1;0.01;0;6.03698;0;0;-1
0;874;53.2645;53.1777;33.3298;9.60563;3712.5;5.77573;0;0;0.1;0.01;0;6.9692;0;0;-1
0;875;51.4254;68.3304;32.4203;9.14929;3208.12;5.50134;0;0;0.1;0.01;0;4.86905;0;0;-1
0;876;67.257;-58.0678;32.4322;8.83388;2887.64;5.31168;0;0;0.1;0.01;0;3.29255;0;0;-1
0;877;67.6924;-38.6021;31.5534;9.31078;3381.01;5.59844;0;0;0.1;0.01;0;5.34618;0;0;-1
0;878;66.3922;-21.8151;31.9623;9.12977;3187.63;5.4896;0;0;0.1;0.01;0;5.27294;0;0;-1
0;879;66.9415;-4.77129;32.6223;9.85842;4013.38;5.92772;0;0;0.1;0.01;0;5.72575;0;0;-1
0;880;67.2101;10.3582;32.9724;8.94914;3002.15;5.38099;0;0;0.1;0.01;0;6.55208;0;0;-1
0;881;66.2103;28.0099;33.7835;8.61621;2679.4;5.1808;0;0;0.1;0.01;0;5.82087;0;0;-1
0;882;67.314;45.6436;31.0845;9.11558;3172.79;5.48107;0;0;0.1;0.01;0;6.46669;0;0;-1
0;883;67.0132;59.5034;32.0802;9.87652;4035.53;5.93861;0;0;0.1;0.01;0;4.7544;0;0;-1
0;884;79.943;-30.2561;33.8279;9.91075;4077.63;5.95919;0;0;0.1;0.01;0;4.39915;0;0;-1
0;885;80.1767;-15.9639;30.7263;8.8039;2858.34;5.29366;0;0;0.1;0.01;0;4.50678;0;0;-1
0;886;79.6574;3.687;33.5488;10.0827;4293.58;6.06258;0;0;0.1;0.01;0;4.94904;0;0;-1
0;887;80.7151;19.6996;34.1933;8.73611;2792.82;5.2529;0;0;0.1;0.01;0;3.84924;0;0;-1
0;888;80.5463;33.6361;31.9238;8.98096;3034.29;5.40012;0;0;0.1;0.01;0;4.25671;0;0;-1
0;889;-86.3527;-6.44376;47.2376;9.7781;3916.08;5.87943;0;0;0.1;0.01;0;3.24495;0;0;-1
0;890;-85.6599;9.85731;47.7989;10.4049;4718.48;6.25632;0;0;0.1;0.01;0;3.02208;0;0;-1
0;891;-69.0184;-49.9836;48.7959;10.4318;4755.17;6.27249;0;0;0.1;0.01;0;2.88045;0;0;-1
0;892;-69.3939;-33.7443;47.9846;8.5;2572.44;5.11093;0;0;0.1;0.01;0;4.0935;1;0;-1
0;893;-69.3663;-13.3648;47.6964;9.91875;4087.52;5.964;0;0;0.1;0.01;0;5.72633;0;0;-1
0;894;-71.5168;0.838672;46.7813;8.91111;2964.04;5.35812;0;0;0.1;0.01;0;5.62224;0;0;-1
0;895;-68.5676;18.04;47.0528;8.75571;2811.66;5.26468;0;0;0.1;0.01;0;3.9337;0;0;-1
0;896;-70.579;36.4567;49.3642;9.25688;3322.63;5.56603;0;0;0.1;0.01;0;1.7247;0;0;-1
0;897;-56.6348;-59.6039;46.1484;8.92538;2978.3;5.3667;0;0;0.1;0.01;0;4.102;0;0;-1
0;898;-57.0564;-39.1326;47.6062;9.30218;3371.65;5.59327;0;0;0.1;0.01;0;5.77704;0;0;-1
0;899;-57.0523;-23.2663;47.2565;8.5;2572.44;5.11093;0;0;0.1;0.01;0;5.45125;1;0;-1
0;900;-56.8242;-6.91259;48.8052;9.56046;3660.37;5.74857;0;0;0.1;0.01;0;5.90543;0;0;-1
0;901;-54.5976;12.7544;45.9843;8.6949;2753.48;5.22812;0;0;0.1;0.01;0;4.41951;0;0;-1
0;902;-57.7023;29.7447;45.9792;8.5;2572.44;5.11093;0;0;0.1;0.01;0;4.65974;1;0;-1
0;903;-56.3013;45.9431;47.0331;8.5;2572.44;5.11093;0;0;0.1;0.01;0;4.45953;1;0;-1
0;904;-54.4429;61.3003;46.4121;8.73256;2789.42;5.25076;0;0;0.1;0.01;0;3.49986;0;0;-1
0;905;-40.6504;-64.3861;45.8798;8.77308;2828.43;5.27513;0;0;0.1;0.01;0;3.66424;0;0;-1
0;906;-40.4057;-50.5763;48.2047;9.14813;3206.9;5.50064;0;0;0.1;0.01;0;5.15894;0;0;-1
0;907;-43.1983;-30.0704;46.0934;10.1709;4407.24;6.11561;0;0;0.1;0.01;0;6.05347;0;0;-1
0;908;-41.5077;-14.2942;49.0795;8.5;2572.44;5.11093;0;0;0.1;0.01;0;4.9883;1;0;-1
0;909;-41.6421;0.770556;49.2608;8.65928;2719.78;5.2067;0;0;0.1;0.01;0;4.59895;0;0;-1
0;910;-42.0977;16.7749;48.2708;10.2808;4551.66;6.1817;0;0;0.1;0.01;0;5.92165;0;0;-1
0;911;-42.3271;35.8777;45.2297;8.59133;2656.26;5.16584;0;0;0.1;0.01;0;4.94896;0;0;-1
0;912;-41.2204;53.2404;48.9;10.1348;4360.48;6.09391;0;0;0.1;0.01;0;6.53569;0;0;-1
0;913;-42.4859;69.7226;48.0961;9.85071;4003.97;5.92309;0;0;0.1;0.01;0;4.23724;0;0;-1
0;914;-27.832;-76.7431;46.7368;9.0812;3137.03;5.46039;0;0;0.1;0.01;0;2.96314;0;0;-1
0;915;-26.1712;-55.507;48.3183;8.59395;2658.69;5.16742;0;0;0.1;0.01;0;5.99462;0;0;-1
0;916;-27.685;-41.4865;46.5303;9.63897;3751.29;5.79577;0;0;0.1;0.01;0;7.57616;0;0;-1
0;917;-28.0323;-24.254;49.4385;8.5;2572.44;5.11093;0;0;0.1;0.01;0;4.80378;1;0;-1
0;918;-25.703;-8.79334;47.3248;8.5;2572.44;5.11093;0;0;0.1;0.01;0;4.63633;1;0;-1
0;919;-26.6734;12.0292;46.5384;9.92574;4096.16;5.9682;0;0;0.1;0.01;0;5.7794;0;0;-1
0;920;-26.9558;29.5824;48.5538;10.2075;4454.99;6.13762;0;0;0.1;0.01;0;7.06234;0;0;-1
0;921;-26.3546;45.1522;48.8407;9.22863;3292.31;5.54904;0;0;0.1;0.01;0;6.11744;0;0;-1
0;922;-25.8938;60.8805;46.5218;10.3198;4603.65;6.20515;0;0;0.1;0.01;0;6.87335;0;0;-1
0;923;-25.5679;79.3399;48.5045;9.1597;3219.08;5.50759;0;0;0.1;0.01;0;3.17555;0;0;-1
0;924;-12.3662;-80.7887;46.0124;8.874;2927.16;5.33581;0;0;0.1;0.01;0;3.07222;0;0;-1
0;925;-11.8846;-64.6875;47.9641;8.62741;2689.86;5.18754;0;0;0.1;0.01;0;4.45642;0;0;-1
0;926;-13.4944;-47.972;46.5698;10.3686;4669.27;6.23449;0;0;0.1;0.01;0;7.51912;0;0;-1
0;927;-12.6916;-33.5664;49.106;10.005;4195.08;6.01586;0;0;0.1;0.01;0;5.88027;0;0;-1
0;928;-11.414;-13.8798;48.6906;9.93402;4106.42;5.97318;0;0;0.1;0.01;0;6.77206;0;0;-1
0;929;-11.0355;0.271302;46.11;9.49154;3581.78;5.70713;0;0;0.1;0.01;0;6.65129;0;0;-1
0;930;-13.1746;19.5099;47.8621;10.0132;4205.4;6.02079;0;0;0.1;0.01;0;6.25917;0;0;-1
0;931;-11.251;37.0953;49.058;8.84922;2902.71;5.32091;0;0;0.1;0.01;0;6.4494;0;0;-1
0;932;-12.2019;52.543;48.7895;9.02879;3083.03;5.42888;0;0;0.1;0.01;0;7.20823;0;0;-1
0;933;-11.7537;69.7913;48.0772;10.1432;4371.33;6.09896;0;0;0.1;0.01;0;5.86797;0;0;-1
0;934;-12.8178;86.6169;47.9906;8.5;2572.44;5.11093;0;0;0.1;0.01;0;1.66684;1;0;-1
0;935;2.06108;-73.1394;45.8809;8.5;2572.44;5.11093;0;0;0.1;0.01;0;4.91217;1;0;-1
0;936;1.61266;-59.4354;46.6233;8.99434;3047.87;5.40817;0;0;0.1;0.01;0;5.60819;0;0;-1
0;937;2.35583;-42.2786;46.9578;9.40872;3488.83;5.65733;0;0;0.1;0.01;0;5.65143;0;0;-1
0;938;1.44538;-22.4064;48.5068;9.3869;3464.62;5.64421;0;0;0.1;0.01;0;5.8215;0;0;-1
0;939;4.30712;-5.388;49.0435;9.50215;3593.8;5.7135;0;0;0.1;0.01;0;6.81276;0;0;-1
0;940;3.22299;8.86723;49.2386;9.40384;3483.41;5.65439;0;0;0.1;0.01;0;5.80846;0;0;-1
0;941;1.82258;29.6332;47.3244;8.5;2572.44;5.11093;0;0;0.1;0.01;0;5.0494;1;0;-1
0;942;1.08795;45.5437;47.5968;8.53776;2606.88;5.13363;0;0;0.1;0.01;0;6.17106;0;0;-1
0;943;1.48725;60.6198;45.6649;9.03964;3094.15;5.4354;0;0;0.1;0.01;0;5.4356;0;0;-1
0;944;4.93051;79.7297;48.6573;10.1102;4328.8;6.07912;0;0;0.1;0.01;0;3.00425;0;0;-1
0;945;18.929;-84.4705;48.8935;8.82496;2878.9;5.30632;0;0;0.1;0.01;0;1.95603;0;0;-1
0;946;18.283;-65.9331;46.7147;9.13393;3191.99;5.4921;0;0;0.1;0.01;0;4.69443;0;0;-1
0;947;16.9255;-49.4119;46.2875;8.5;2572.44;5.11093;0;0;0.1;0.01;0;4.61463;1;0;-1
0;948;19.3946;-34.3993;45.931;10.2763;4545.68;6.17899;0;0;0.1;0.01;0;6.56766;0;0;-1
0;949;16.1465;-14.8611;48.4576;9.22523;3288.67;5.547;0;0;0.1;0.01;0;6.34221;0;0;-1
0;950;18.7809;1.80587;48.5209;8.50641;2578.26;5.11478;0;0;0.1;0.01;0;5.65804;0;0;-1
0;951;17.3883;17.4875;46.7792;9.55479;3653.86;5.74516;0;0;0.1;0.01;0;5.23589;0;0;-1
0;952;16.0238;36.3984;49.0114;8.5;2572.44;5.11093;0;0;0.1;0.01;0;4.95265;1;0;-1
0;953;19.2436;50.8501;45.5632;9.03341;3087.76;5.43166;0;0;0.1;0.01;0;5.11207;0;0;-1
0;954;17.4138;71.0963;46.7914;9.52319;3617.73;5.72616;0;0;0.1;0.01;0;4.54288;0;0;-1
0;955;33.2089;-74.2775;48.7899;8.9766;3029.87;5.3975;0;0;0.1;0.01;0;3.24388;0;0;-1
0;956;33.1099;-57.1336;47.8254;9.60965;3717.16;5.77814;0;0;0.1;0.01;0;6.04699;0;0;-1
0;957;33.475;-39.2147;45.8238;9.85133;4004.73;5.92346;0;0;0.1;0.01;0;6.54143;0;0;-1
0;958;30.797;-22.513;46.1728;9.98303;4167.5;6.00265;0;0;0.1;0.01;0;6.38897;0;0;-1
0;959;31.9817;-5.04245;47.7731;9.48791;3577.67;5.70494;0;0;0.1;0.01;0;5.83443;0;0;-1
0;960;33.2576;12.0636;47.6439;9.44032;3524.1;5.67633;0;0;0.1;0.01;0;5.48024;0;0;-1
0;961;30.6835;25.7854;46.9778;9.75134;3884.02;5.86334;0;0;0.1;0.01;0;6.52832;0;0;-1
0;962;32.7085;43.2036;48.5157;8.95476;3007.81;5.38437;0;0;0.1;0.01;0;6.11621;0;0;-1
0;963;31.8861;59.3278;48.613;9.99243;4179.28;6.0083;0;0;0.1;0.01;0;6.93152;0;0;-1
0;964;30.9345;76.2523;47.6976;9.44588;3530.33;5.67967;0;0;0.1;0.01;0;4.12451;0;0;-1
0;965;45.968;-63.7047;46.5657;8.50235;2574.57;5.11234;0;0;0.1;0.01;0;3.30963;0;0;-1
0;966;46.1772;-47.4723;47.5693;10.2055;4452.37;6.13642;0;0;0.1;0.01;0;6.42939;0;0;-1
0;967;47.6504;-31.4621;46.2928;8.5;2572.44;5.11093;0;0;0.1;0.01;0;5.04433;1;0;-1
0;968;45.2326;-13.9432;49.0282;9.26855;3335.22;5.57304;0;0;0.1;0.01;0;5.88937;0;0;-1
0;969;45.8994;-0.220299;45.3781;8.5;2572.44;5.11093;0;0;0.1;0.01;0;5.34753;1;0;-1
0;970;47.7156;20.7833;46.8818;10.0206;4214.73;6.02524;0;0;0.1;0.01;0;7.16903;0;0;-1
0;971;45.3047;36.6197;48.5844;9.44979;3534.72;5.68202;0;0;0.1;0.01;0;6.80069;0;0;-1
0;972;46.4701;54.7695;49.1058;9.69619;3818.49;5.83018;0;0;0.1;0.01;0;5.88157;0;0;-1
0;973;45.6639;72.0065;48.421;9.86394;4020.13;5.93104;0;0;0.1;0.01;0;3.34209;0;0;-1
0;974;63.6993;-58.7715;46.4792;8.74716;2803.43;5.25954;0;0;0.1;0.01;0;2.3837;0;0;-1
0;975;62.0139;-42.3747;47.6483;9.36522;3440.67;5.63117;0;0;0.1;0.01;0;5.04854;0;0;-1
0;976;59.8954;-24.0711;48.5207;8.5;2572.44;5.11093;0;0;0.1;0.01;0;4.86021;1;0;-1
0;977;63.6079;-8.69846;46.8152;10.1425;4370.42;6.09854;0;0;0.1;0.01;0;6.67313;0;0;-1
0;978;60.6636;8.13337;47.1458;9.86993;4027.46;5.93465;0;0;0.1;0.01;0;6.38314;0;0;-1
0;979;61.52;26.8084;46.1132;9.90075;4065.3;5.95318;0;0;0.1;0.01;0;6.42696;0;0;-1
0;980;60.1736;43.6492;46.0404;10.1384;4365.13;6.09607;0;0;0.1;0.01;0;6.24473;0;0;-1
0;981;61.1696;61.0014;46.9934;9.12844;3186.24;5.4888;0;0;0.1;0.01;0;3.76087;0;0;-1
0;982;77.2956;-30.3719;48.6419;8.61289;2676.3;5.17881;0;0;0.1;0.01;0;2.62367;0;0;-1
0;983;77.1319;-17.0986;47.7294;8.5;2572.44;5.11093;0;0;0.1;0.01;0;3.16219;1;0;-1
0;984;75.5673;1.83043;46.5475;9.84126;3992.46;5.91741;0;0;0.1;0.01;0;5.04717;0;0;-1
0;985;78.6902;17.339;48.8007;10.0526;4255.24;6.04448;0;0;0.1;0.01;0;4.18494;0;0;-1
0;986;75.2824;34.6952;45.9207;10.2898;4563.62;6.18711;0;0;0.1;0.01;0;4.40692;0;0;-1
0;987;-65.6132;-30.2894;62.2657;8.57744;2643.39;5.15749;0;0;0.1;0.01;0;3.43597;0;0;-1
0;988;-66.5771;-15.4225;63.5508;8.87947;2932.58;5.3391;0;0;0.1;0.01;0;3.54063;0;0;-1
0;989;-66.6887;0.54799;61.3344;8.52153;2592.04;5.12387;0;0;0.1;0.01;0;3.47991;0;0;-1
0;990;-66.1535;19.5138;63.9366;9.60852;3715.85;5.77746;0;0;0.1;0.01;0;3.35423;0;0;-1
0;991;-51.8197;-58.4787;60.4542;9.06277;3117.97;5.44931;0;0;0.1;0.01;0;2.13658;0;0;-1
0;992;-51.4191;-38.7593;63.6267;10.4312;4754.35;6.27213;0;0;0.1;0.01;0;5.19845;0;0;-1
0;993;-50.7451;-24.5;63.3;8.99047;3043.94;5.40584;0;0;0.1;0.01;0;6.41281;0;0;-1
0;994;-52.702;-8.7929;61.3411;8.75928;2815.1;5.26683;0;0;0.1;0.01;0;4.57466;0;0;-1
0;995;-53.4856;10.3292;61.6463;10.3467;4639.75;6.22132;0;0;0.1;0.01;0;5.6026;0;0;-1
0;996;-53.0246;27.1248;62.106;8.5119;2583.26;5.11808;0;0;0.1;0.01;0;4.04052;0;0;-1
0;997;-51.7544;46.5236;61.8057;9.49673;3587.66;5.71025;0;0;0.1;0.01;0;3.02745;0;0;-1
0;998;-36.3723;-47.5576;60.5195;9.31429;3384.84;5.60055;0;0;0.1;0.01;0;6.18443;0;0;-1
0;999;-36.9144;-33.1654;64.164;8.56914;2635.73;5.1525;0;0;0.1;0.01;0;5.89212;0;0;-1
0;1000;-35.4761;-15.6565;62.6769;9.77893;3917.08;5.87993;0;0;0.1;0.01;0;6.6205;0;0;-1
0;1001;-36.1679;1.45696;63.9682;8.73934;2795.92;5.25484;0;0;0.1;0.01;0;4.8771;0;0;-1
0;1002;-35.0666;19.5892;62.2195;8.80965;2863.94;5.29711;0;0;0.1;0.01;0;5.8879;0;0;-1
0;1003;-35.2237;37.0928;60.6602;9.96828;4149.06;5.99378;0;0;0.1;0.01;0;6.29278;0;0;-1
0;1004;-38.3077;52.2607;63.8422;9.47991;3568.63;5.70013;0;0;0.1;0.01;0;3.94383;0;0;-1
0;1005;-38.3128;67.9594;60.6984;9.61487;3723.22;5.78128;0;0;0.1;0.01;0;3.18378;0;0;-1
0;1006;-21.3167;-73.2346;63.7608;8.5;2572.44;5.11093;0;0;0.1;0.01;0;1.71394;1;0;-1
0;1007;-23.294;-57.0279;62.2467;10.4;4711.82;6.25337;0;0;0.1;0.01;0;6.18538;0;0;-1
0;1008;-22.2398;-40.8622;61.3909;10.2717;4539.58;6.17622;0;0;0.1;0.01;0;8.02849;0;0;-1
0;1009;-21.3036;-22.7338;63.6622;8.53442;2603.82;5.13162;0;0;0.1;0.01;0;6.24257;0;0;-1
0;1010;-21.9763;-5.56932;62.1276;10.3597;4657.26;6.22914;0;0;0.1;0.01;0;6.43766;0;0;-1
0;1011;-22.1181;10.5228;60.8536;8.5;2572.44;5.11093;0;0;0.1;0.01;0;3.63418;1;0;-1
0;1012;-23.7858;26.8101;63.5239;9.01866;3072.66;5.42279;0;0;0.1;0.01;0;4.69443;0;0;-1
0;1013;-22.4071;44.4762;62.8109;9.87176;4029.7;5.93575;0;0;0.1;0.01;0;6.77116;0;0;-1
0;1014;-21.8323;59.6996;60.176;8.81698;2871.1;5.30152;0;0;0.1;0.01;0;5.43969;0;0;-1
0;1015;-7.87567;-67.6958;60.3438;8.52518;2595.37;5.12607;0;0;0.1;0.01;0;3.89031;0;0;-1
0;1016;-7.86992;-47.7012;63.128;10.2311;4485.96;6.15181;0;0;0.1;0.01;0;6.71399;0;0;-1
0;1017;-5.56275;-29.885;63.3976;9.05885;3113.92;5.44696;0;0;0.1;0.01;0;6.5759;0;0;-1
0;1018;-6.85313;-15.3359;60.9662;8.54701;2615.36;5.13919;0;0;0.1;0.01;0;6.6258;0;0;-1
0;1019;-8.7865;0.619641;60.7724;8.5;2572.44;5.11093;0;0;0.1;0.01;0;4.71347;1;0;-1
0;1020;-6.95895;20.8295;60.3872;8.92528;2978.2;5.36664;0;0;0.1;0.01;0;4.61591;0;0;-1
0;1021;-8.83295;36.0096;63.5791;9.68264;3802.51;5.82203;0;0;0.1;0.01;0;7.04723;0;0;-1
0;1022;-6.47458;52.1461;61.0324;9.64341;3756.48;5.79844;0;0;0.1;0.01;0;7.58072;0;0;-1
0;1023;-7.43505;67.6703;60.8763;10.3052;4584.14;6.19637;0;0;0.1;0.01;0;4.93548;0;0;-1
0;1024;5.3176;-73.7695;61.9508;8.5;2572.44;5.11093;0;0;0.1;0.01;0;2.23773;1;0;-1
0;1025;6.87311;-57.4055;62.3046;10.176;4413.87;6.11868;0;0;0.1;0.01;0;5.81705;0;0;-1
0;1026;7.7438;-39.3513;61.034;8.5;2572.44;5.11093;0;0;0.1;0.01;0;4.55295;1;0;-1
0;1027;6.38481;-22.6917;62.3461;9.92312;4092.92;5.96663;0;0;0.1;0.01;0;6.71182;0;0;-1
0;1028;9.17295;-6.3779;62.47;10.2402;4497.94;6.15728;0;0;0.1;0.01;0;6.85804;0;0;-1
0;1029;8.78128;12.1964;62.246;8.66534;2725.5;5.21034;0;0;0.1;0.01;0;4.78827;0;0;-1
0;1030;7.91978;26.3254;63.4093;8.5;2572.44;5.11093;0;0;0.1;0.01;0;5.49522;1;0;-1
0;1031;7.42511;42.0753;60.0835;10.2988;4575.6;6.19252;0;0;0.1;0.01;0;6.6339;0;0;-1
0;1032;6.64001;63.0818;63.2895;9.3194;3390.41;5.60362;0;0;0.1;0.01;0;4.62145;0;0;-1
0;1033;21.3024;-63.8671;60.957;8.5;2572.44;5.11093;0;0;0.1;0.01;0;3.70188;1;0;-1
0;1034;23.252;-50.2987;61.9505;8.5;2572.44;5.11093;0;0;0.1;0.01;0;4.43487;1;0;-1
0;1035;20.9397;-32.3598;61.0322;8.5;2572.44;5.11093;0;0;0.1;0.01;0;3.83288;1;0;-1
0;1036;24.2151;-12.6664;60.3659;8.5;2572.44;5.11093;0;0;0.1;0.01;0;5.40649;1;0;-1
0;1037;20.6111;2.95214;61.7798;8.5;2572.44;5.11093;0;0;0.1;0.01;0;5.06586;1;0;-1
0;1038;23.0805;19.7978;63.735;10.3275;4613.96;6.20978;0;0;0.1;0.01;0;7.34303;0;0;-1
0;1039;21.9231;37.8412;63.1519;8.70203;2760.26;5.2324;0;0;0.1;0.01;0;5.6883;0;0;-1
0;1040;21.5796;53.1558;60.4203;8.5;2572.44;5.11093;0;0;0.1;0.01;0;5.29645;1;0;-1
0;1041;22.1362;69.1066;61.3948;9.0674;3122.75;5.4521;0;0;0.1;0.01;0;3.39036;0;0;-1
0;1042;34.6674;-59.7313;63.5369;8.5;2572.44;5.11093;0;0;0.1;0.01;0;2.17274;1;0;-1
0;1043;36.1528;-39.3395;62.5763;9.23923;3303.66;5.55541;0;0;0.1;0.01;0;4.51193;0;0;-1
0;1044;38.1884;-22.814;61.8942;8.81792;2872.02;5.30209;0;0;0.1;0.01;0;4.89401;0;0;-1
0;1045;35.7957;-5.05628;62.6129;8.95321;3006.25;5.38344;0;0;0.1;0.01;0;4.80236;0;0;-1
0;1046;38.2669;12.2869;61.3816;9.45337;3538.74;5.68417;0;0;0.1;0.01;0;5.64791;0;0;-1
0;1047;37.9517;26.2052;60.2468;8.5;2572.44;5.11093;0;0;0.1;0.01;0;6.73235;1;0;-1
0;1048;35.5191;43.3611;63.5203;9.23679;3301.05;5.55395;0;0;0.1;0.01;0;5.6284;0;0;-1
0;1049;38.6612;60.4749;63.3825;9.72555;3853.28;5.84783;0;0;0.1;0.01;0;3.94762;0;0;-1
0;1050;53.4554;-48.7328;61.7438;9.52246;3616.9;5.72572;0;0;0.1;0.01;0;3.22352;0;0;-1
0;1051;50.3611;-33.3921;60.8849;8.5;2572.44;5.11093;0;0;0.1;0.01;0;4.87595;1;0;-1
0;1052;51.0265;-15.2828;62.1429;9.58171;3684.83;5.76134;0;0;0.1;0.01;0;5.69752;0;0;-1
0;1053;50.0332;0.793156;62.7002;8.5;2572.44;5.11093;0;0;0.1;0.01;0;4.12915;1;0;-1
0;1054;50.5509;20.6957;60.927;8.5;2572.44;5.11093;0;0;0.1;0.01;0;5.72359;1;0;-1
0;1055;50.8712;34.8061;61.8151;9.8158;3961.56;5.9021;0;0;0.1;0.01;0;6.01663;0;0;-1
0;1056;53.6968;53.0073;62.7361;10.1404;4367.71;6.09728;0;0;0.1;0.01;0;3.14222;0;0;-1
0;1057;67.0776;-40.8606;60.8956;10.4293;4751.76;6.27099;0;0;0.1;0.01;0;2.8518;0;0;-1
0;1058;64.4535;-21.5166;62.1397;8.5;2572.44;5.11093;0;0;0.1;0.01;0;2.95849;1;0;-1
0;1059;64.4403;-5.44105;61.8717;8.5;2572.44;5.11093;0;0;0.1;0.01;0;4.08025;1;0;-1
0;1060;66.7725;9.19939;60.659;9.7064;3830.57;5.83632;0;0;0.1;0.01;0;3.28527;0;0;-1
0;1061;65.1739;25.0298;60.1647;8.80062;2855.15;5.29169;0;0;0.1;0.01;0;2.81903;0;0;-1
0;1062;-54.4225;-23.7646;75.9832;9.34551;3418.99;5.61932;0;0;0.1;0.01;0;3.60351;0;0;-1
0;1063;-56.5095;-4.7002;78.7024;8.5;2572.44;5.11093;0;0;0.1;0.01;0;1.66332;1;0;-1
0;1064;-54.9465;10.6824;76.2472;9.32397;3395.4;5.60637;0;0;0.1;0.01;0;3.90447;0;0;-1
0;1065;-56.4432;29.7275;75.0162;10.447;4775.99;6.28163;0;0;0.1;0.01;0;3.23423;0;0;-1
0;1066;-40.0326;-48.9646;77.027;8.5;2572.44;5.11093;0;0;0.1;0.01;0;2.24554;1;0;-1
0;1067;-42.2498;-30.7986;77.793;8.79456;2849.25;5.28804;0;0;0.1;0.01;0;4.74889;0;0;-1
0;1068;-40.3976;-15.927;75.0966;9.98709;4172.59;6.00509;0;0;0.1;0.01;0;6.5478;0;0;-1
0;1069;-40.4509;2.87033;77.9487;9.51488;3608.27;5.72116;0;0;0.1;0.01;0;5.73231;0;0;-1
0;1070;-41.6324;17.7756;74.646;8.54694;2615.29;5.13915;0;0;0.1;0.01;0;5.55064;0;0;-1
0;1071;-39.3195;33.6806;76.4799;9.87209;4030.1;5.93594;0;0;0.1;0.01;0;4.14269;0;0;-1
0;1072;-24.3915;-55.1632;76.9429;9.73996;3870.44;5.8565;0;0;0.1;0.01;0;3.46705;0;0;-1
0;1073;-26.2711;-40.85;74.9517;9.02504;3079.19;5.42663;0;0;0.1;0.01;0;5.50424;0;0;-1
0;1074;-27.4705;-23.1563;76.5373;10.0637;4269.35;6.05116;0;0;0.1;0.01;0;7.01372;0;0;-1
0;1075;-27.251;-4.51864;77.8981;9.34698;3420.6;5.6202;0;0;0.1;0.01;0;6.55017;0;0;-1
0;1076;-24.9819;12.2894;77.0395;9.04555;3100.23;5.43896;0;0;0.1;0.01;0;5.77511;0;0;-1
0;1077;-25.7904;26.5333;77.3025;9.31413;3384.66;5.60045;0;0;0.1;0.01;0;5.89752;0;0;-1
0;1078;-25.3417;43.7254;77.7661;9.28589;3353.97;5.58347;0;0;0.1;0.01;0;3.80746;0;0;-1
0;1079;-10.0675;-47.8128;76.4022;8.80812;2862.45;5.29619;0;0;0.1;0.01;0;4.92424;0;0;-1
0;1080;-12.453;-31.1425;76.4151;10.2266;4480.05;6.14911;0;0;0.1;0.01;0;7.47936;0;0;-1
0;1081;-12.8008;-16.1737;74.6106;9.40462;3484.27;5.65486;0;0;0.1;0.01;0;7.351;0;0;-1
0;1082;-13.5654;0.327547;78.4934;10.2202;4471.64;6.14526;0;0;0.1;0.01;0;6.59435;0;0;-1
0;1083;-11.4819;20.5748;78.3205;8.95194;3004.97;5.38267;0;0;0.1;0.01;0;5.81098;0;0;-1
0;1084;-10.8869;36.5091;76.7781;10.0821;4292.81;6.06222;0;0;0.1;0.01;0;7.27555;0;0;-1
0;1085;-11.9883;51.5986;76.3129;9.93362;4105.93;5.97294;0;0;0.1;0.01;0;4.78271;0;0;-1
0;1086;3.54444;-58.8478;76.6018;10.3992;4710.73;6.25289;0;0;0.1;0.01;0;3.37149;0;0;-1
0;1087;1.37472;-42.2306;78.4802;8.5;2572.44;5.11093;0;0;0.1;0.01;0;4.97616;1;0;-1
0;1088;4.76649;-23.2425;76.3315;10.0445;4244.96;6.03961;0;0;0.1;0.01;0;6.80865;0;0;-1
0;1089;1.30018;-7.59342;78.2493;9.92445;4094.57;5.96743;0;0;0.1;0.01;0;6.26815;0;0;-1
0;1090;3.26959;11.4168;77.6376;8.90179;2954.75;5.35252;0;0;0.1;0.01;0;4.54036;0;0;-1
0;1091;1.50469;27.362;77.781;9.65841;3774.03;5.80746;0;0;0.1;0.01;0;7.23818;0;0;-1
0;1092;2.54231;42.4976;76.4681;10.3015;4579.2;6.19414;0;0;0.1;0.01;0;6.3351;0;0;-1
0;1093;4.04386;61.3732;76.5715;9.70352;3827.16;5.83459;0;0;0.1;0.01;0;3.29065;0;0;-1
0;1094;16.4735;-49.6013;74.9929;8.82222;2876.22;5.30467;0;0;0.1;0.01;0;3.51525;0;0;-1
0;1095;17.4645;-30.7386;77.848;9.94785;4123.6;5.9815;0;0;0.1;0.01;0;6.04401;0;0;-1
0;1096;18.4957;-13.1213;74.6078;9.11763;3174.93;5.4823;0;0;0.1;0.01;0;6.1416;0;0;-1
0;1097;16.7244;3.33867;76.2982;8.78297;2838;5.28107;0;0;0.1;0.01;0;5.25212;0;0;-1
0;1098;18.4067;20.131;76.7559;8.5;2572.44;5.11093;0;0;0.1;0.01;0;5.81171;1;0;-1
0;1099;18.6051;33.9792;76.01;10.0972;4312.13;6.0713;0;0;0.1;0.01;0;7.30828;0;0;-1
0;1100;18.5664;54.4267;76.1437;9.59276;3697.6;5.76799;0;0;0.1;0.01;0;3.60112;0;0;-1
0;1101;32.5511;-40.2018;76.4263;10.1849;4425.47;6.12403;0;0;0.1;0.01;0;3.8131;0;0;-1
0;1102;31.2485;-22.9464;78.5543;10.1291;4353.13;6.09048;0;0;0.1;0.01;0;5.58308;0;0;-1
0;1103;31.1798;-5.98605;77.3446;8.5572;2624.72;5.14532;0;0;0.1;0.01;0;5.20162;0;0;-1
0;1104;32.372;11.7444;76.1749;9.07028;3125.72;5.45383;0;0;0.1;0.01;0;4.46302;0;0;-1
0;1105;34.5155;28.4095;76.6452;10.3011;4578.67;6.1939;0;0;0.1;0.01;0;5.87585;0;0;-1
0;1106;30.9569;46.4952;78.1619;10.3268;4613.03;6.20935;0;0;0.1;0.01;0;4.16851;0;0;-1
0;1107;49.0841;-30.3955;78.6657;9.26179;3327.92;5.56898;0;0;0.1;0.01;0;1.69096;0;0;-1
0;1108;45.4468;-13.8832;75.3104;8.5304;2600.14;5.12921;0;0;0.1;0.01;0;4.76225;0;0;-1
0;1109;47.4427;0.399844;77.9806;8.55106;2619.08;5.14163;0;0;0.1;0.01;0;3.45492;0;0;-1
0;1110;48.3203;20.0365;74.9175;9.58572;3689.46;5.76375;0;0;0.1;0.01;0;3.8696;0;0;-1
0;1111;49.0099;36.2366;77.4652;8.5;2572.44;5.11093;0;0;0.1;0.01;0;2.34119;1;0;-1
0;1112;60.4394;-6.10688;78.4408;8.5;2572.44;5.11093;0;0;0.1;0.01;0;1.59543;1;0;-1
0;1113;-36.271;-15.7307;89.6372;9.8315;3980.59;5.91154;0;0;0.1;0.01;0;4.24708;0;0;-1
0;1114;-36.4151;1.56908;91.2424;8.5;2572.44;5.11093;0;0;0.1;0.01;0;3.92217;1;0;-1
0;1115;-38.4481;16.9503;89.8845;10.0141;4206.53;6.02133;0;0;0.1;0.01;0;3.77199;0;0;-1
0;1116;-21.1018;-24.4701;90.0488;10.4526;4783.67;6.285;0;0;0.1;0.01;0;4.94899;0;0;-1
0;1117;-23.4174;-6.36197;93.0747;10.0382;4236.98;6.03582;0;0;0.1;0.01;0;4.54061;0;0;-1
0;1118;-22.7387;11.688;89.7656;8.5;2572.44;5.11093;0;0;0.1;0.01;0;4.56336;1;0;-1
0;1119;-21.6274;27.6352;93.3769;10.1704;4406.59;6.11531;0;0;0.1;0.01;0;3.63724;0;0;-1
0;1120;-7.47714;-31.4712;90.7935;9.99572;4183.41;6.01028;0;0;0.1;0.01;0;4.74559;0;0;-1
0;1121;-8.534;-14.0121;89.4495;9.49792;3589.01;5.71096;0;0;0.1;0.01;0;6.43184;0;0;-1
0;1122;-6.51677;1.18232;92.6623;9.92513;4095.41;5.96784;0;0;0.1;0.01;0;5.31225;0;0;-1
0;1123;-5.8071;19.1301;93.3201;10.3778;4681.71;6.24002;0;0;0.1;0.01;0;5.37806;0;0;-1
0;1124;-7.6123;35.038;92.3624;8.5;2572.44;5.11093;0;0;0.1;0.01;0;3.70953;1;0;-1
0;1125;5.42029;-38.5696;92.1455;8.64182;2703.36;5.1962;0;0;0.1;0.01;0;2.77348;0;0;-1
0;1126;6.6357;-23.3679;92.1205;9.97299;4154.94;5.99661;0;0;0.1;0.01;0;4.85982;0;0;-1
0;1127;7.32558;-5.04336;91.6056;9.76217;3896.98;5.86985;0;0;0.1;0.01;0;4.37053;0;0;-1
0;1128;6.66877;10.8074;91.2115;9.29955;3368.79;5.59168;0;0;0.1;0.01;0;4.1233;0;0;-1
0;1129;6.09849;28.7517;90.0601;9.47028;3557.76;5.69434;0;0;0.1;0.01;0;5.3329;0;0;-1
0;1130;23.756;-31.973;89.8587;8.5;2572.44;5.11093;0;0;0.1;0.01;0;2.95041;1;0;-1
0;1131;20.7078;-13.4778;89.3557;8.96289;3016.01;5.38926;0;0;0.1;0.01;0;4.82351;0;0;-1
0;1132;22.7937;0.115498;90.1672;8.56343;2630.46;5.14907;0;0;0.1;0.01;0;3.46703;0;0;-1
0;1133;20.0105;20.8192;90.9622;8.88242;2935.5;5.34087;0;0;0.1;0.01;0;3.25218;0;0;-1
0;1134;20.8912;36.7193;90.3441;8.61361;2676.97;5.17924;0;0;0.1;0.01;0;2.71868;0;0;-1
0;1135;37.3215;-7.80958;89.7317;9.767;3902.76;5.87276;0;0;0.1;0.01;0;3.63752;0;0;-1
0;1136;35.4293;9.72761;91.1637;8.5238;2594.11;5.12524;0;0;0.1;0.01;0;1.96333;0;0;-1
