Time;ID;x;y;z;radius;volume_total;radius_nuclear;contact_ECM;freezer;polarized_fraction;motility;cell_line;Cell_cell;phase;Cycle;NFkB
0;0;-51.3196;-4.61213;-83.4241;8.5;2572.44;5.11093;0;0;0.1;0.01;0;2.64507;1;0;-1
0;1;-37.4353;-33.3441;-84.6853;9.8791;4038.69;5.94016;0;0;0.1;0.01;0;2.67445;0;0;-1
0;2;-37.6592;-13.8266;-86.4869;8.5;2572.44;5.11093;0;0;0.1;0.01;0;2.65157;1;0;-1
0;3;-38.5135;0.469014;-85.5909;8.93259;2985.53;5.37104;0;0;0.1;0.01;0;2.49625;0;0;-1
0;4;-35.4899;20.6068;-84.3394;10.0373;4235.84;6.03528;0;0;0.1;0.01;0;3.05418;0;0;-1
0;5;-21.7993;-40.6283;-87.2593;9.31441;3384.97;5.60062;0;0;0.1;0.01;0;2.80784;0;0;-1
0;6;-20.5447;-22.3992;-85.9291;8.72424;2781.45;5.24576;0;0;0.1;0.01;0;4.23942;0;0;-1
0;7;-21.0276;-8.41858;-84.5081;8.68751;2746.47;5.22367;0;0;0.1;0.01;0;4.10734;0;0;-1
0;8;-20.3081;10.7186;-85.975;8.9461;2999.09;5.37916;0;0;0.1;0.01;0;3.39491;0;0;-1
0;9;-22.2954;28.7581;-84.0055;9.1147;3171.87;5.48054;0;0;0.1;0.01;0;3.81308;0;0;-1
0;10;-8.84407;-49.3373;-83.4181;10.3831;4688.89;6.24321;0;0;0.1;0.01;0;3.60776;0;0;-1
0;11;-7.09567;-30.7515;-87.1656;9.25676;3322.5;5.56596;0;0;0.1;0.01;0;4.75212;0;0;-1
0;12;-6.80686;-16.6174;-86.2524;8.92614;2979.06;5.36716;0;0;0.1;0.01;0;5.07683;0;0;-1
0;13;-6.59335;0.142552;-85.5129;10.1914;4433.94;6.12794;0;0;0.1;0.01;0;5.0206;0;0;-1
0;14;-7.56675;20.0323;-83.7585;10.1998;4444.92;6.13299;0;0;0.1;0.01;0;5.00714;0;0;-1
0;15;-7.67696;38.2914;-83.9328;9.71243;3837.71;5.83994;0;0;0.1;0.01;0;3.3213;0;0;-1
0;16;7.44654;-40.8717;-85.952;10.0896;4302.4;6.06673;0;0;0.1;0.01;0;4.84752;0;0;-1
0;17;6.40651;-24.2372;-83.4898;10.0954;4309.82;6.07022;0;0;0.1;0.01;0;6.03696;0;0;-1
0;18;8.7277;-6.01788;-85.8352;8.76963;2825.09;5.27305;0;0;0.1;0.01;0;3.89381;0;0;-1
0;19;6.47877;10.9339;-86.7563;8.73724;2793.9;5.25358;0;0;0.1;0.01;0;2.66715;0;0;-1
0;20;7.75398;27.756;-87.3941;8.84193;2895.54;5.31652;0;0;0.1;0.01;0;3.18303;0;0;-1
0;21;8.87697;45.3848;-83.5768;10.2972;4573.47;6.19156;0;0;0.1;0.01;0;3.80258;0;0;-1
0;22;20.2436;-49.1522;-84.5007;9.44966;3534.57;5.68194;0;0;0.1;0.01;0;3.23371;0;0;-1
0;23;23.3378;-34.0368;-86.6656;10.0918;4305.21;6.06805;0;0;0.1;0.01;0;5.12347;0;0;-1
0;24;20.6081;-15.7278;-84.9667;8.5;2572.44;5.11093;0;0;0.1;0.01;0;3.28209;1;0;-1
0;25;22.477;3.44958;-86.8694;8.58914;2654.22;5.16453;0;0;0.1;0.01;0;3.58882;0;0;-1
0;26;23.632;20.395;-84.4882;8.88816;2941.2;5.34432;0;0;0.1;0.01;0;4.47578;0;0;-1
0;27;23.5477;37.7407;-84.8645;9.8457;3997.87;5.92008;0;0;0.1;0.01;0;3.69392;0;0;-1
0;28;36.3529;-40.1939;-83.6454;9.99562;4183.29;6.01022;0;0;0.1;0.01;0;3.76945;0;0;-1
0;29;35.4688;-25.5482;-86.1281;8.5;2572.44;5.11093;0;0;0.1;0.01;0;3.01478;1;0;-1
0;30;37.2109;-5.59719;-85.3015;10.2046;4451.19;6.13588;0;0;0.1;0.01;0;2.52852;0;0;-1
0;31;36.5612;10.8599;-83.9723;10.2277;4481.49;6.14977;0;0;0.1;0.01;0;3.93745;0;0;-1
0;32;37.5877;26.9789;-83.9262;10.0868;4298.82;6.06505;0;0;0.1;0.01;0;4.35829;0;0;-1
0;33;-70.5274;-14.7645;-69.3712;9.3986;3477.59;5.65124;0;0;0.1;0.01;0;2.28081;0;0;-1
0;34;-57.8121;-39.4477;-71.3397;9.97762;4160.73;5.9994;0;0;0.1;0.01;0;3.10653;0;0;-1
0;35;-56.6678;-25.1888;-72.493;9.30194;3371.39;5.59312;0;0;0.1;0.01;0;3.99633;0;0;-1
0;36;-54.7635;-8.89931;-70.8531;8.5;2572.44;5.11093;0;0;0.1;0.01;0;4.50313;1;0;-1
0;37;-56.2974;9.85737;-69.795;10.3383;4628.45;6.21627;0;0;0.1;0.01;0;3.50566;0;0;-1
0;38;-57.7917;28.4779;-71.5047;8.5;2572.44;5.11093;0;0;0.1;0.01;0;2.15636;1;0;-1
0;39;-54.6545;46.9032;-68.5767;9.52835;3623.61;5.72926;0;0;0.1;0.01;0;3.2413;0;0;-1
0;40;-41.5531;-51.3139;-72.6798;9.08313;3139.03;5.46155;0;0;0.1;0.01;0;2.11134;0;0;-1
0;41;-41.395;-30.452;-70.9831;9.44447;3528.75;5.67882;0;0;0.1;0.01;0;5.73772;0;0;-1
0;42;-42.234;-16.6236;-69.6715;10.4347;4759.14;6.27423;0;0;0.1;0.01;0;6.85613;0;0;-1
0;43;-39.41;1.73262;-69.0998;8.5;2572.44;5.11093;0;0;0.1;0.01;0;4.22134;1;0;-1
0;44;-42.3765;16.7552;-69.0672;8.5;2572.44;5.11093;0;0;0.1;0.01;0;4.6824;1;0;-1
0;45;-42.4214;34.2542;-69.8655;9.48534;3574.76;5.7034;0;0;0.1;0.01;0;5.21293;0;0;-1
0;46;-41.2132;53.4612;-69.4122;8.5;2572.44;5.11093;0;0;0.1;0.01;0;3.80566;1;0;-1
0;47;-26.582;-57.196;-70.3594;8.69547;2754.02;5.22846;0;0;0.1;0.01;0;4.02509;0;0;-1
0;48;-28.5608;-42.5905;-68.4931;10.4235;4743.83;6.2675;0;0;0.1;0.01;0;6.38653;0;0;-1
0;49;-26.2532;-24.7404;-70.6752;8.78999;2844.81;5.28529;0;0;0.1;0.01;0;5.81369;0;0;-1
0;50;-24.7299;-8.81226;-71.8611;8.5;2572.44;5.11093;0;0;0.1;0.01;0;4.47588;1;0;-1
0;51;-26.8806;11.1039;-69.652;9.33999;3412.93;5.616;0;0;0.1;0.01;0;5.35;0;0;-1
0;52;-26.0068;26.9285;-69.2395;10.0291;4225.46;6.03035;0;0;0.1;0.01;0;6.56925;0;0;-1
0;53;-27.6166;43.7323;-70.671;9.33376;3406.11;5.61225;0;0;0.1;0.01;0;4.60069;0;0;-1
0;54;-27.1659;62.1963;-69.807;9.79464;3935.99;5.88937;0;0;0.1;0.01;0;3.73802;0;0;-1
0;55;-13.5707;-63.8506;-69.0142;9.87774;4037.02;5.93934;0;0;0.1;0.01;0;4.041;0;0;-1
0;56;-13.8197;-48.1405;-68.3385;8.5;2572.44;5.11093;0;0;0.1;0.01;0;5.72072;1;0;-1
0;57;-11.3416;-31.1884;-72.6136;8.91585;2968.77;5.36097;0;0;0.1;0.01;0;5.09612;0;0;-1
0;58;-12.7011;-15.0515;-70.9673;9.29638;3365.35;5.58978;0;0;0.1;0.01;0;6.58891;0;0;-1
0;59;-9.94873;1.96627;-71.7816;9.45092;3535.99;5.6827;0;0;0.1;0.01;0;5.80864;0;0;-1
0;60;-11.6474;16.585;-70.1484;8.82064;2874.68;5.30372;0;0;0.1;0.01;0;5.34496;0;0;-1
0;61;-11.883;36.6269;-70.9287;9.09843;3154.92;5.47075;0;0;0.1;0.01;0;4.65141;0;0;-1
0;62;-10.7508;55.0812;-70.36;9.75011;3882.55;5.8626;0;0;0.1;0.01;0;3.31218;0;0;-1
0;63;2.17913;-56.2432;-69.0614;9.01971;3073.73;5.42342;0;0;0.1;0.01;0;4.73885;0;0;-1
0;64;3.94319;-40.149;-72.0476;8.76763;2823.16;5.27185;0;0;0.1;0.01;0;5.19938;0;0;-1
0;65;2.71887;-22.8974;-68.5011;10.2393;4496.76;6.15674;0;0;0.1;0.01;0;7.07003;0;0;-1
0;66;4.33919;-7.97743;-72.0148;9.90275;4067.77;5.95438;0;0;0.1;0.01;0;6.59495;0;0;-1
0;67;2.35413;10.1657;-69.2129;8.5;2572.44;5.11093;0;0;0.1;0.01;0;4.96726;1;0;-1
0;68;4.40328;26.7918;-69.694;8.5;2572.44;5.11093;0;0;0.1;0.01;0;4.49125;1;0;-1
0;69;4.43705;45.7953;-70.5465;9.40266;3482.1;5.65368;0;0;0.1;0.01;0;6.07187;0;0;-1
0;70;3.50264;63.7175;-70.151;9.87208;4030.09;5.93594;0;0;0.1;0.01;0;3.4529;0;0;-1
0;71;16.3294;-66.2662;-69.8953;9.33398;3406.35;5.61239;0;0;0.1;0.01;0;2.89342;0;0;-1
0;72;15.9674;-47.1677;-70.924;8.71329;2770.99;5.23917;0;0;0.1;0.01;0;4.75281;0;0;-1
0;73;19.2577;-30.2034;-70.8779;10.2304;4485.04;6.15139;0;0;0.1;0.01;0;6.88983;0;0;-1
0;74;16.4088;-14.0912;-69.2302;8.5;2572.44;5.11093;0;0;0.1;0.01;0;6.69824;1;0;-1
0;75;16.9954;1.22343;-71.3271;9.24351;3308.26;5.55799;0;0;0.1;0.01;0;5.44167;0;0;-1
0;76;16.0032;18.2093;-69.2029;8.72477;2781.96;5.24608;0;0;0.1;0.01;0;4.98821;0;0;-1
0;77;17.309;35.443;-70.6381;9.03495;3089.34;5.43258;0;0;0.1;0.01;0;5.48943;0;0;-1
0;78;19.4541;55.0728;-70.2812;10.194;4437.34;6.1295;0;0;0.1;0.01;0;4.06581;0;0;-1
0;79;31.0781;-57.797;-69.4681;8.5;2572.44;5.11093;0;0;0.1;0.01;0;3.35914;1;0;-1
0;80;31.7646;-38.5304;-68.4267;9.87873;4038.24;5.93994;0;0;0.1;0.01;0;6.27397;0;0;-1
0;81;32.0171;-21.8245;-69.6502;8.5;2572.44;5.11093;0;0;0.1;0.01;0;4.93306;1;0;-1
0;82;33.3344;-6.34281;-68.8104;9.53103;3626.67;5.73087;0;0;0.1;0.01;0;5.56961;0;0;-1
0;83;30.5738;12.4415;-71.2961;9.73152;3860.39;5.85142;0;0;0.1;0.01;0;6.45173;0;0;-1
0;84;33.6231;28.6064;-68.5232;10.0382;4236.98;6.03582;0;0;0.1;0.01;0;6.88777;0;0;-1
0;85;34.0057;43.7458;-71.9704;8.5;2572.44;5.11093;0;0;0.1;0.01;0;4.23528;1;0;-1
0;86;46.3676;-51.2905;-68.9116;9.61922;3728.28;5.7839;0;0;0.1;0.01;0;2.75792;0;0;-1
0;87;45.9788;-30.4824;-71.9454;9.01313;3067.01;5.41946;0;0;0.1;0.01;0;4.33405;0;0;-1
0;88;47.5542;-13.4233;-71.9968;9.9526;4129.51;5.98435;0;0;0.1;0.01;0;4.86597;0;0;-1
0;89;45.3316;1.65476;-69.0587;8.5;2572.44;5.11093;0;0;0.1;0.01;0;5.76186;1;0;-1
0;90;47.3081;17.1277;-68.9544;10.3912;4699.87;6.24808;0;0;0.1;0.01;0;6.38471;0;0;-1
0;91;48.972;36.8816;-71.9506;10.2103;4458.66;6.13931;0;0;0.1;0.01;0;3.53486;0;0;-1
0;92;46.7026;54.1118;-69.0015;8.5;2572.44;5.11093;0;0;0.1;0.01;0;2.53753;1;0;-1
0;93;60.024;-25.6674;-72.0485;10.0688;4275.84;6.05422;0;0;0.1;0.01;0;2.75209;0;0;-1
0;94;62.5653;-5.60768;-71.9207;8.73835;2794.97;5.25424;0;0;0.1;0.01;0;2.33514;0;0;-1
0;95;61.329;9.87315;-68.8371;9.81409;3959.49;5.90107;0;0;0.1;0.01;0;3.63612;0;0;-1
0;96;-80.3965;-8.31548;-55.4076;9.69228;3813.88;5.82783;0;0;0.1;0.01;0;2.96344;0;0;-1
0;97;-80.1272;12.4639;-54.3348;8.7296;2786.58;5.24898;0;0;0.1;0.01;0;2.61221;0;0;-1
0;98;-65.7581;-48.4228;-54.2747;10.1245;4347.2;6.08771;0;0;0.1;0.01;0;4.68106;0;0;-1
0;99;-67.7045;-33.8769;-55.41;8.95215;3005.18;5.3828;0;0;0.1;0.01;0;3.30352;0;0;-1
0;100;-65.5565;-12.6517;-56.378;8.50736;2579.13;5.11535;0;0;0.1;0.01;0;4.00151;0;0;-1
0;101;-64.5972;1.73447;-53.97;9.72048;3847.26;5.84478;0;0;0.1;0.01;0;5.33422;0;0;-1
0;102;-68.0094;19.646;-57.7779;8.68328;2742.46;5.22113;0;0;0.1;0.01;0;3.53662;0;0;-1
0;103;-66.4394;35.4423;-55.5475;8.5;2572.44;5.11093;0;0;0.1;0.01;0;3.49433;1;0;-1
0;104;-52.2526;-59.3448;-54.8757;9.7421;3872.99;5.85778;0;0;0.1;0.01;0;4.05997;0;0;-1
0;105;-52.9131;-42.371;-57.5547;8.54632;2614.73;5.13878;0;0;0.1;0.01;0;4.59326;0;0;-1
0;106;-51.3217;-24.6938;-57.8049;8.5;2572.44;5.11093;0;0;0.1;0.01;0;4.56791;1;0;-1
0;107;-49.8595;-4.79103;-57.12;9.83619;3986.29;5.91436;0;0;0.1;0.01;0;6.42168;0;0;-1
0;108;-51.747;12.0438;-54.3883;9.7551;3888.52;5.8656;0;0;0.1;0.01;0;7.0607;0;0;-1
0;109;-51.0321;27.8559;-57.8092;10.3779;4681.85;6.24008;0;0;0.1;0.01;0;6.92915;0;0;-1
0;110;-52.1442;44.8041;-54.0102;9.75705;3890.85;5.86677;0;0;0.1;0.01;0;6.19897;0;0;-1
0;111;-50.5749;59.7332;-54.4386;10.0947;4308.92;6.0698;0;0;0.1;0.01;0;5.15114;0;0;-1
0;112;-38.6613;-66.5831;-56.3495;9.78686;3926.62;5.8847;0;0;0.1;0.01;0;4.10028;0;0;-1
0;113;-38.3719;-51.0447;-54.5695;9.22818;3291.83;5.54877;0;0;0.1;0.01;0;5.19213;0;0;-1
0;114;-36.5545;-31.2302;-56.2468;9.62245;3732.03;5.78584;0;0;0.1;0.01;0;6.18186;0;0;-1
0;115;-36.5246;-14.8544;-55.7946;10.2702;4537.59;6.17532;0;0;0.1;0.01;0;6.81709;0;0;-1
0;116;-37.7505;2.43901;-54.3773;8.98033;3033.65;5.39974;0;0;0.1;0.01;0;5.52283;0;0;-1
0;117;-36.0793;20.9957;-57.0204;10.2728;4541.04;6.17689;0;0;0.1;0.01;0;7.54036;0;0;-1
0;118;-35.2057;36.6513;-55.0699;8.75833;2814.18;5.26626;0;0;0.1;0.01;0;6.65535;0;0;-1
0;119;-37.0002;51.2796;-56.5047;10.0445;4244.96;6.03961;0;0;0.1;0.01;0;6.94561;0;0;-1
0;120;-35.9284;70.3142;-57.9312;10.4064;4720.52;6.25722;0;0;0.1;0.01;0;4.27283;0;0;-1
0;121;-23.9311;-76.0228;-57.3259;9.56038;3660.28;5.74852;0;0;0.1;0.01;0;3.14536;0;0;-1
0;122;-21.8328;-56.2138;-56.4051;9.42137;3502.92;5.66493;0;0;0.1;0.01;0;6.51152;0;0;-1
0;123;-21.0925;-40.4607;-54.8436;10.0066;4197.09;6.01682;0;0;0.1;0.01;0;6.9838;0;0;-1
0;124;-23.622;-22.5411;-56.7387;9.91108;4078.04;5.95939;0;0;0.1;0.01;0;6.87741;0;0;-1
0;125;-21.5857;-7.15248;-56.3399;8.98657;3039.98;5.40349;0;0;0.1;0.01;0;5.63047;0;0;-1
0;126;-22.407;8.99921;-55.9817;9.44496;3529.3;5.67912;0;0;0.1;0.01;0;4.80024;0;0;-1
0;127;-21.4012;25.5964;-55.5863;8.61865;2681.68;5.18227;0;0;0.1;0.01;0;5.26485;0;0;-1
0;128;-21.7802;42.3062;-56.6996;8.5;2572.44;5.11093;0;0;0.1;0.01;0;5.12246;1;0;-1
0;129;-22.1163;63.2045;-54.4616;10.3642;4663.33;6.23184;0;0;0.1;0.01;0;7.13672;0;0;-1
0;130;-22.0246;77.9786;-57.0124;9.14647;3205.16;5.49964;0;0;0.1;0.01;0;3.5261;0;0;-1
0;131;-9.28486;-80.7867;-56.0067;8.5;2572.44;5.11093;0;0;0.1;0.01;0;2.47063;1;0;-1
0;132;-5.76724;-65.6693;-55.7458;9.0412;3095.76;5.43634;0;0;0.1;0.01;0;4.74705;0;0;-1
0;133;-6.23591;-47.1138;-55.1244;9.62786;3738.33;5.78909;0;0;0.1;0.01;0;5.88168;0;0;-1
0;134;-8.77559;-29.9198;-54.6136;9.80216;3945.06;5.8939;0;0;0.1;0.01;0;5.57647;0;0;-1
0;135;-8.94626;-14.1421;-55.4248;8.61231;2675.76;5.17846;0;0;0.1;0.01;0;5.84056;0;0;-1
0;136;-7.06804;0.368611;-56.7171;8.5;2572.44;5.11093;0;0;0.1;0.01;0;5.33768;1;0;-1
0;137;-5.92249;20.9931;-55.1511;10.3787;4682.93;6.24056;0;0;0.1;0.01;0;6.33427;0;0;-1
0;138;-8.23917;36.9545;-55.4907;10.3709;4672.38;6.23587;0;0;0.1;0.01;0;6.41175;0;0;-1
0;139;-5.83006;54.9379;-55.1053;10.4463;4775.03;6.28121;0;0;0.1;0.01;0;6.18397;0;0;-1
0;140;-8.72006;70.3276;-55.1298;8.9171;2970.02;5.36172;0;0;0.1;0.01;0;3.30294;0;0;-1
0;141;8.98339;-74.3226;-56.9063;8.95921;3012.3;5.38704;0;0;0.1;0.01;0;3.4674;0;0;-1
0;142;6.86146;-58.0817;-56.2103;9.9375;4110.74;5.97527;0;0;0.1;0.01;0;6.12667;0;0;-1
0;143;7.34542;-41.7081;-54.9293;8.5;2572.44;5.11093;0;0;0.1;0.01;0;4.38099;1;0;-1
0;144;9.40026;-22.7178;-56.6044;9.348;3421.72;5.62082;0;0;0.1;0.01;0;6.4951;0;0;-1
0;145;6.03364;-8.01678;-56.8596;9.37777;3454.52;5.63872;0;0;0.1;0.01;0;6.47311;0;0;-1
0;146;5.61043;9.72204;-55.2401;8.95394;3006.98;5.38387;0;0;0.1;0.01;0;4.28031;0;0;-1
0;147;8.44476;27.75;-53.9541;10.1128;4332.14;6.08068;0;0;0.1;0.01;0;6.67691;0;0;-1
0;148;8.53533;44.9759;-55.9756;10.2821;4553.38;6.18248;0;0;0.1;0.01;0;7.63865;0;0;-1
0;149;8.84085;59.8436;-57.7116;8.76315;2818.83;5.26915;0;0;0.1;0.01;0;5.80911;0;0;-1
0;150;8.56838;79.8433;-54.3437;9.33081;3402.88;5.61048;0;0;0.1;0.01;0;2.8071;0;0;-1
0;151;22.2765;-64.2604;-56.6548;9.79249;3933.4;5.88808;0;0;0.1;0.01;0;4.96863;0;0;-1
0;152;24.1775;-49.9847;-53.718;8.97699;3030.27;5.39773;0;0;0.1;0.01;0;5.40147;0;0;-1
0;153;20.2922;-32.616;-55.2852;9.10775;3164.62;5.47636;0;0;0.1;0.01;0;5.1543;0;0;-1
0;154;20.5202;-12.7131;-57.3639;9.31056;3380.77;5.5983;0;0;0.1;0.01;0;6.0082;0;0;-1
0;155;23.6289;1.42257;-56.442;9.29185;3360.43;5.58705;0;0;0.1;0.01;0;5.67958;0;0;-1
0;156;23.7507;20.6619;-55.7387;10.1452;4373.92;6.10016;0;0;0.1;0.01;0;6.42602;0;0;-1
0;157;22.6865;38.24;-56.208;10.0929;4306.62;6.06871;0;0;0.1;0.01;0;7.04097;0;0;-1
0;158;22.9289;54.3747;-53.9777;10.4336;4757.64;6.27357;0;0;0.1;0.01;0;7.09816;0;0;-1
0;159;22.058;70.5686;-57.6879;9.08793;3144.01;5.46444;0;0;0.1;0.01;0;2.46966;0;0;-1
0;160;38.5705;-56.0254;-56.4205;9.06067;3115.8;5.44805;0;0;0.1;0.01;0;4.55404;0;0;-1
0;161;34.9334;-38.3592;-54.7228;8.60039;2664.67;5.17129;0;0;0.1;0.01;0;5.32512;0;0;-1
0;162;38.5251;-25.1006;-56.4558;9.04343;3098.05;5.43768;0;0;0.1;0.01;0;5.60498;0;0;-1
0;163;37.2065;-5.69339;-54.835;8.57831;2644.2;5.15801;0;0;0.1;0.01;0;5.96568;0;0;-1
0;164;38.4609;8.33428;-55.4088;9.23354;3297.56;5.55199;0;0;0.1;0.01;0;6.96414;0;0;-1
0;165;38.8691;25.4335;-54.6066;9.85015;4003.29;5.92275;0;0;0.1;0.01;0;6.32572;0;0;-1
0;166;36.7841;46.1503;-56.6492;9.17439;3234.6;5.51643;0;0;0.1;0.01;0;5.85581;0;0;-1
0;167;36.3673;60.7315;-54.1175;8.5;2572.44;5.11093;0;0;0.1;0.01;0;4.54114;1;0;-1
0;168;52.886;-50.9596;-56.0592;8.97539;3028.65;5.39677;0;0;0.1;0.01;0;3.2873;0;0;-1
0;169;52.0685;-31.0891;-54.1364;9.95776;4135.93;5.98746;0;0;0.1;0.01;0;5.73144;0;0;-1
0;170;52.9083;-15.0622;-54.3817;8.5;2572.44;5.11093;0;0;0.1;0.01;0;5.22958;1;0;-1
0;171;52.2485;0.0402877;-54.3876;9.99184;4178.54;6.00795;0;0;0.1;0.01;0;7.51618;0;0;-1
0;172;51.1912;18.0864;-56.0437;9.0008;3054.44;5.41205;0;0;0.1;0.01;0;6.79153;0;0;-1
0;173;52.9376;34.0739;-55.7682;9.24176;3306.38;5.55694;0;0;0.1;0.01;0;5.31097;0;0;-1
0;174;52.6978;55.2628;-56.5031;10.1122;4331.37;6.08032;0;0;0.1;0.01;0;4.27014;0;0;-1
0;175;64.6157;-40.8733;-56.6715;9.03274;3087.07;5.43126;0;0;0.1;0.01;0;2.99571;0;0;-1
0;176;67.2835;-25.0873;-56.106;9.38578;3463.38;5.64353;0;0;0.1;0.01;0;4.42141;0;0;-1
0;177;67.7722;-4.49827;-55.1351;8.5;2572.44;5.11093;0;0;0.1;0.01;0;5.13972;1;0;-1
0;178;65.8339;11.9966;-53.8068;9.54477;3642.38;5.73913;0;0;0.1;0.01;0;5.87351;0;0;-1
0;179;66.0104;26.6482;-55.2788;8.5;2572.44;5.11093;0;0;0.1;0.01;0;3.88898;1;0;-1
0;180;64.766;46.0645;-54.3189;9.81335;3958.59;5.90062;0;0;0.1;0.01;0;3.39711;0;0;-1
0;181;79.7165;-16.8472;-56.7569;10.1836;4423.77;6.12325;0;0;0.1;0.01;0;2.82871;0;0;-1
0;182;82.2236;1.12016;-54.4648;8.92226;2975.18;5.36483;0;0;0.1;0.01;0;2.82783;0;0;-1
0;183;-87.5154;-21.6634;-40.6314;9.37018;3446.14;5.63415;0;0;0.1;0.01;0;3.14617;0;0;-1
0;184;-84.1161;-8.17171;-40.1226;10.0307;4227.49;6.03131;0;0;0.1;0.01;0;5.21998;0;0;-1
0;185;-86.3115;12.3478;-39.628;9.63572;3747.5;5.79382;0;0;0.1;0.01;0;4.43776;0;0;-1
0;186;-86.6547;29.3367;-39.2299;9.84885;4001.71;5.92197;0;0;0.1;0.01;0;3.00379;0;0;-1
0;187;-70.1819;-48.039;-39.6447;8.5;2572.44;5.11093;0;0;0.1;0.01;0;4.05719;1;0;-1
0;188;-72.1226;-33.9447;-41.5633;10.2288;4482.94;6.15043;0;0;0.1;0.01;0;5.02563;0;0;-1
0;189;-71.5926;-14.5683;-41.6317;8.5;2572.44;5.11093;0;0;0.1;0.01;0;5.38766;1;0;-1
0;190;-72.681;3.61495;-40.9318;10.2704;4537.86;6.17544;0;0;0.1;0.01;0;7.38536;0;0;-1
0;191;-70.5055;19.0727;-42.0668;9.73679;3866.66;5.85459;0;0;0.1;0.01;0;6.24096;0;0;-1
0;192;-69.9844;37.0787;-42.917;9.92192;4091.44;5.96591;0;0;0.1;0.01;0;5.68476;0;0;-1
0;193;-72.6584;51.3907;-41.102;9.59208;3696.81;5.76758;0;0;0.1;0.01;0;3.09412;0;0;-1
0;194;-56.9544;-59.2049;-39.9333;10.3288;4615.71;6.21056;0;0;0.1;0.01;0;5.24989;0;0;-1
0;195;-56.7221;-39.4597;-41.8749;9.50868;3601.22;5.71743;0;0;0.1;0.01;0;6.64047;0;0;-1
0;196;-54.1684;-24.6452;-40.9068;9.31218;3382.54;5.59928;0;0;0.1;0.01;0;5.42084;0;0;-1
0;197;-57.4646;-7.33012;-42.0177;10.0834;4294.47;6.063;0;0;0.1;0.01;0;6.99127;0;0;-1
0;198;-55.0643;9.53859;-39.8488;10.2811;4552.05;6.18188;0;0;0.1;0.01;0;6.7148;0;0;-1
0;199;-55.5416;25.8713;-41.549;9.89022;4052.35;5.94685;0;0;0.1;0.01;0;6.1155;0;0;-1
0;200;-56.9695;42.6517;-40.1057;9.6706;3788.34;5.81479;0;0;0.1;0.01;0;6.52632;0;0;-1
0;201;-54.2543;60.447;-39.5917;9.62047;3729.73;5.78465;0;0;0.1;0.01;0;5.24059;0;0;-1
0;202;-40.5211;-80.6252;-40.9809;8.5;2572.44;5.11093;0;0;0.1;0.01;0;2.97092;1;0;-1
0;203;-41.6801;-65.9017;-39.2299;9.46189;3548.32;5.6893;0;0;0.1;0.01;0;6.3815;0;0;-1
0;204;-43.0526;-47.5229;-41.7178;8.5;2572.44;5.11093;0;0;0.1;0.01;0;4.90159;1;0;-1
0;205;-42.5697;-31.6923;-42.202;8.64528;2706.61;5.19828;0;0;0.1;0.01;0;5.09465;0;0;-1
0;206;-40.2513;-13.4498;-40.6541;9.60474;3711.47;5.77519;0;0;0.1;0.01;0;6.10374;0;0;-1
0;207;-42.0135;1.95064;-39.9927;9.25091;3316.21;5.56244;0;0;0.1;0.01;0;6.47453;0;0;-1
0;208;-41.781;19.6596;-42.4179;8.59492;2659.59;5.168;0;0;0.1;0.01;0;5.91362;0;0;-1
0;209;-41.4485;34.4583;-41.4094;8.78789;2842.77;5.28403;0;0;0.1;0.01;0;5.64164;0;0;-1
0;210;-40.2701;53.6173;-41.2199;9.53739;3633.94;5.73469;0;0;0.1;0.01;0;7.07327;0;0;-1
0;211;-40.806;68.4776;-42.1401;10.3601;4657.8;6.22938;0;0;0.1;0.01;0;6.08158;0;0;-1
0;212;-27.657;-72.9672;-42.8735;9.39388;3472.35;5.6484;0;0;0.1;0.01;0;6.10734;0;0;-1
0;213;-28.1425;-57.7295;-40.4623;10.4418;4768.86;6.2785;0;0;0.1;0.01;0;7.09385;0;0;-1
0;214;-25.2993;-38.5061;-42.3704;9.23225;3296.18;5.55122;0;0;0.1;0.01;0;5.32943;0;0;-1
0;215;-25.0093;-22.3746;-39.818;9.9908;4177.24;6.00732;0;0;0.1;0.01;0;6.39087;0;0;-1
0;216;-24.7466;-5.17828;-40.6513;8.87426;2927.42;5.33596;0;0;0.1;0.01;0;5.61522;0;0;-1
0;217;-25.4473;9.75986;-41.0398;8.5;2572.44;5.11093;0;0;0.1;0.01;0;4.04068;1;0;-1
0;218;-28.1763;27.0141;-42.0152;9.3773;3454;5.63843;0;0;0.1;0.01;0;5.49059;0;0;-1
0;219;-27.2205;44.1215;-42.0998;9.59228;3697.04;5.7677;0;0;0.1;0.01;0;6.10659;0;0;-1
0;220;-27.5549;60.5352;-40.7616;9.41372;3494.4;5.66033;0;0;0.1;0.01;0;7.06843;0;0;-1
0;221;-25.0157;77.171;-42.0764;9.57316;3674.98;5.7562;0;0;0.1;0.01;0;5.2462;0;0;-1
0;222;-12.9874;-83.1416;-42.1677;8.61093;2674.48;5.17763;0;0;0.1;0.01;0;4.0388;0;0;-1
0;223;-12.9501;-67.6043;-39.7438;10.0617;4266.8;6.04995;0;0;0.1;0.01;0;6.69759;0;0;-1
0;224;-12.3951;-49.379;-41.8364;9.18212;3242.78;5.52108;0;0;0.1;0.01;0;5.31785;0;0;-1
0;225;-9.78544;-33.3257;-39.8357;9.50911;3601.71;5.71769;0;0;0.1;0.01;0;6.11617;0;0;-1
0;226;-13.0688;-15.5109;-40.7599;8.69144;2750.2;5.22604;0;0;0.1;0.01;0;6.37342;0;0;-1
0;227;-11.0645;0.25536;-41.4486;8.66025;2720.7;5.20728;0;0;0.1;0.01;0;5.4534;0;0;-1
0;228;-12.5375;20.0329;-39.3427;9.95302;4130.03;5.98461;0;0;0.1;0.01;0;6.16281;0;0;-1
0;229;-9.96354;34.3063;-39.7665;8.5;2572.44;5.11093;0;0;0.1;0.01;0;6.08989;1;0;-1
0;230;-11.5611;52.9665;-39.3564;10.1789;4417.65;6.12042;0;0;0.1;0.01;0;6.47085;0;0;-1
0;231;-11.1001;70.7591;-40.0377;9.43087;3513.53;5.67065;0;0;0.1;0.01;0;5.57658;0;0;-1
0;232;-9.78797;87.1046;-39.9635;8.5;2572.44;5.11093;0;0;0.1;0.01;0;2.3869;1;0;-1
0;233;2.81893;-89.5413;-42.0545;9.11671;3173.97;5.48175;0;0;0.1;0.01;0;2.88145;0;0;-1
0;234;4.67751;-74.9294;-41.1645;8.55271;2620.59;5.14262;0;0;0.1;0.01;0;5.17787;0;0;-1
0;235;2.01135;-59.7573;-39.3773;9.47364;3561.55;5.69636;0;0;0.1;0.01;0;5.41942;0;0;-1
0;236;3.6279;-40.7652;-39.8004;8.5;2572.44;5.11093;0;0;0.1;0.01;0;4.85024;1;0;-1
0;237;4.6779;-25.2836;-39.5164;9.5216;3615.92;5.7252;0;0;0.1;0.01;0;6.13755;0;0;-1
0;238;1.23488;-8.0817;-42.4289;10.2613;4525.8;6.16997;0;0;0.1;0.01;0;6.26677;0;0;-1
0;239;3.21455;10.4515;-41.0087;8.61838;2681.42;5.18211;0;0;0.1;0.01;0;4.37026;0;0;-1
0;240;4.07385;27.1876;-39.4775;8.90471;2957.66;5.35427;0;0;0.1;0.01;0;6.72858;0;0;-1
0;241;1.22542;43.0294;-40.2762;10.0973;4312.25;6.07136;0;0;0.1;0.01;0;7.97714;0;0;-1
0;242;1.52341;60.6227;-40.974;8.5;2572.44;5.11093;0;0;0.1;0.01;0;5.36353;1;0;-1
0;243;3.95403;76.3812;-41.0752;9.14274;3201.24;5.4974;0;0;0.1;0.01;0;5.26545;0;0;-1
0;244;17.6713;-82.329;-42.0908;8.5;2572.44;5.11093;0;0;0.1;0.01;0;3.29285;1;0;-1
0;245;18.2136;-65.4533;-39.2883;10.2625;4527.39;6.17069;0;0;0.1;0.01;0;5.88418;0;0;-1
0;246;17.9202;-46.4597;-40.8045;8.89095;2943.97;5.346;0;0;0.1;0.01;0;5.26719;0;0;-1
0;247;17.8367;-31.7622;-41.1619;8.5;2572.44;5.11093;0;0;0.1;0.01;0;5.83815;1;0;-1
0;248;19.097;-15.4988;-41.7709;9.48375;3572.97;5.70244;0;0;0.1;0.01;0;5.92521;0;0;-1
0;249;19.7512;1.94288;-42.1565;9.10927;3166.21;5.47727;0;0;0.1;0.01;0;4.69249;0;0;-1
0;250;17.6646;17.733;-40.5141;9.27102;3337.88;5.57453;0;0;0.1;0.01;0;5.59845;0;0;-1
0;251;19.0269;36.716;-42.8416;9.9124;4079.67;5.96018;0;0;0.1;0.01;0;7.6337;0;0;-1
0;252;16.7942;52.0119;-39.6916;10.0976;4312.64;6.07154;0;0;0.1;0.01;0;7.44143;0;0;-1
0;253;18.76;68.4661;-41.1964;10.3155;4597.9;6.20256;0;0;0.1;0.01;0;5.94175;0;0;-1
0;254;16.4125;87.4196;-41.1275;10.0767;4285.92;6.05897;0;0;0.1;0.01;0;3.14523;0;0;-1
0;255;32.9548;-75.6275;-42.5069;8.64912;2710.22;5.20059;0;0;0.1;0.01;0;2.25057;0;0;-1
0;256;30.5644;-56.4924;-40.5245;9.0958;3152.18;5.46917;0;0;0.1;0.01;0;6.28021;0;0;-1
0;257;33.7162;-41.1837;-40.4656;10.005;4195.08;6.01586;0;0;0.1;0.01;0;7.65409;0;0;-1
0;258;32.7721;-25.2906;-41.5693;10.1242;4346.81;6.08753;0;0;0.1;0.01;0;7.40549;0;0;-1
0;259;33.737;-8.04969;-42.0286;8.5;2572.44;5.11093;0;0;0.1;0.01;0;4.7251;1;0;-1
0;260;33.8443;10.0322;-42.2876;8.5;2572.44;5.11093;0;0;0.1;0.01;0;5.09995;1;0;-1
0;261;33.8491;29.5216;-39.8758;8.93213;2985.06;5.37076;0;0;0.1;0.01;0;6.03201;0;0;-1
0;262;32.9465;46.1542;-39.4231;10.038;4236.72;6.0357;0;0;0.1;0.01;0;7.76702;0;0;-1
0;263;33.9184;60.0861;-39.7047;9.38769;3465.49;5.64468;0;0;0.1;0.01;0;6.2068;0;0;-1
0;264;33.5536;79.8417;-40.4267;8.95437;3007.42;5.38413;0;0;0.1;0.01;0;2.74356;0;0;-1
0;265;47.8272;-65.2759;-41.6075;8.94443;2997.41;5.37816;0;0;0.1;0.01;0;2.4659;0;0;-1
0;266;47.1406;-47.7071;-39.9503;9.52788;3623.08;5.72898;0;0;0.1;0.01;0;5.80384;0;0;-1
0;267;47.7639;-30.2373;-39.2264;10.3176;4600.71;6.20382;0;0;0.1;0.01;0;7.65945;0;0;-1
0;268;46.7915;-14.9376;-42.5834;10.067;4273.55;6.05314;0;0;0.1;0.01;0;7.77901;0;0;-1
0;269;46.0807;2.87593;-42.1877;8.5;2572.44;5.11093;0;0;0.1;0.01;0;6.20068;1;0;-1
0;270;47.76;16.8716;-43.0401;10.1627;4396.59;6.11068;0;0;0.1;0.01;0;7.43767;0;0;-1
0;271;46.8473;37.9658;-41.0959;9.52653;3621.54;5.72816;0;0;0.1;0.01;0;6.19101;0;0;-1
0;272;46.7034;52.1396;-42.8775;9.67637;3795.12;5.81826;0;0;0.1;0.01;0;6.60637;0;0;-1
0;273;46.8329;69.2596;-39.8955;9.92643;4097.02;5.96862;0;0;0.1;0.01;0;4.49729;0;0;-1
0;274;60.3727;-55.3662;-39.3317;9.8308;3979.74;5.91112;0;0;0.1;0.01;0;4.74435;0;0;-1
0;275;63.9946;-41.6882;-39.8257;8.94562;2998.61;5.37887;0;0;0.1;0.01;0;4.28018;0;0;-1
0;276;61.2087;-23.356;-39.8326;8.55006;2618.16;5.14103;0;0;0.1;0.01;0;5.54354;0;0;-1
0;277;63.4179;-7.79371;-42.3288;9.67674;3795.56;5.81848;0;0;0.1;0.01;0;6.8034;0;0;-1
0;278;63.6002;8.22911;-39.4692;10.0114;4203.13;6.01971;0;0;0.1;0.01;0;6.56017;0;0;-1
0;279;63.021;26.1893;-42.275;10.0357;4233.81;6.03432;0;0;0.1;0.01;0;6.07482;0;0;-1
0;280;61.5544;42.1379;-41.1975;8.88075;2933.85;5.33987;0;0;0.1;0.01;0;5.08172;0;0;-1
0;281;61.9962;60.4234;-42.464;9.23144;3295.32;5.55073;0;0;0.1;0.01;0;3.67779;0;0;-1
0;282;74.9472;-32.4963;-43.1716;9.0112;3065.04;5.4183;0;0;0.1;0.01;0;3.21683;0;0;-1
0;283;77.741;-14.9986;-41.1261;8.62851;2690.89;5.1882;0;0;0.1;0.01;0;4.46673;0;0;-1
0;284;76.3291;-0.0862886;-41.4687;10.2851;4557.37;6.18428;0;0;0.1;0.01;0;6.8776;0;0;-1
0;285;78.7428;19.7274;-42.8222;8.99017;3043.63;5.40566;0;0;0.1;0.01;0;3.33074;0;0;-1
0;286;76.5348;34.3367;-41.9397;9.23964;3304.1;5.55566;0;0;0.1;0.01;0;3.54237;0;0;-1
0;287;90.5143;-4.56297;-40.533;8.7003;2758.62;5.23136;0;0;0.1;0.01;0;2.23309;0;0;-1
0;288;-95.1296;-13.5088;-24.7059;8.77145;2826.85;5.27415;0;0;0.1;0.01;0;3.17478;0;0;-1
0;289;-95.6334;1.24905;-26.0948;9.92316;4092.97;5.96665;0;0;0.1;0.01;0;3.87565;0;0;-1
0;290;-80.8688;-41.506;-24.6603;9.90428;4069.65;5.9553;0;0;0.1;0.01;0;2.88645;0;0;-1
0;291;-81.797;-23.4427;-27.3436;9.5595;3659.27;5.74799;0;0;0.1;0.01;0;3.86417;0;0;-1
0;292;-78.9065;-4.6552;-26.4838;10.0423;4242.17;6.03829;0;0;0.1;0.01;0;5.59173;0;0;-1
0;293;-82.5745;10.9719;-26.4485;10.1274;4350.93;6.08946;0;0;0.1;0.01;0;6.28532;0;0;-1
0;294;-82.4113;27.6812;-25.1452;10.0349;4232.8;6.03384;0;0;0.1;0.01;0;5.02818;0;0;-1
0;295;-80.4023;44.5638;-28.1117;9.88358;4044.19;5.94285;0;0;0.1;0.01;0;3.28464;0;0;-1
0;296;-64.0809;-67.8764;-26.0002;8.5;2572.44;5.11093;0;0;0.1;0.01;0;2.51888;1;0;-1
0;297;-64.3816;-48.9933;-26.1297;8.77835;2833.53;5.27829;0;0;0.1;0.01;0;4.35785;0;0;-1
0;298;-64.5273;-31.2658;-25.4649;9.74862;3880.77;5.8617;0;0;0.1;0.01;0;5.46879;0;0;-1
0;299;-64.4846;-12.8923;-26.9925;9.28066;3348.31;5.58033;0;0;0.1;0.01;0;5.55825;0;0;-1
0;300;-66.0796;4.44319;-26.0337;8.5;2572.44;5.11093;0;0;0.1;0.01;0;5.94038;1;0;-1
0;301;-65.4698;20.2199;-26.9314;8.59094;2655.89;5.16561;0;0;0.1;0.01;0;5.71496;0;0;-1
0;302;-64.687;35.2183;-27.1708;10.0497;4251.56;6.04274;0;0;0.1;0.01;0;6.30969;0;0;-1
0;303;-64.5511;50.9173;-26.2305;9.27992;3347.51;5.57988;0;0;0.1;0.01;0;5.7495;0;0;-1
0;304;-66.6804;68.6708;-26.7116;9.4554;3541.02;5.68539;0;0;0.1;0.01;0;2.15092;0;0;-1
0;305;-49.7086;-72.4981;-27.7929;8.99661;3050.18;5.40953;0;0;0.1;0.01;0;5.23052;0;0;-1
0;306;-49.6163;-58.1782;-26.2891;9.25063;3315.91;5.56227;0;0;0.1;0.01;0;6.29424;0;0;-1
0;307;-51.5417;-39.7154;-26.3461;9.3425;3415.69;5.61751;0;0;0.1;0.01;0;6.0083;0;0;-1
0;308;-52.4108;-23.1172;-27.5487;9.77632;3913.95;5.87836;0;0;0.1;0.01;0;6.5564;0;0;-1
0;309;-50.4849;-7.03431;-27.8124;9.73264;3861.72;5.8521;0;0;0.1;0.01;0;6.61002;0;0;-1
0;310;-53.0192;8.65312;-26.3232;8.9409;2993.87;5.37603;0;0;0.1;0.01;0;5.48813;0;0;-1
0;311;-51.1149;26.787;-24.4658;9.14375;3202.3;5.498;0;0;0.1;0.01;0;5.57771;0;0;-1
0;312;-49.9902;45.5132;-24.8757;9.78011;3918.5;5.88064;0;0;0.1;0.01;0;7.33662;0;0;-1
0;313;-50.6675;62.4893;-25.5785;8.75947;2815.28;5.26694;0;0;0.1;0.01;0;6.08535;0;0;-1
0;314;-51.7936;78.4813;-28.253;8.72318;2780.44;5.24512;0;0;0.1;0.01;0;2.65301;0;0;-1
0;315;-36.4336;-82.1749;-26.5149;10.3133;4594.96;6.20124;0;0;0.1;0.01;0;6.19591;0;0;-1
0;316;-34.9843;-67.3067;-26.8037;8.88636;2939.41;5.34324;0;0;0.1;0.01;0;6.99031;0;0;-1
0;317;-38.3674;-47.1075;-27.1468;10.1598;4392.83;6.10894;0;0;0.1;0.01;0;5.71197;0;0;-1
0;318;-36.0635;-30.0799;-26.075;9.32899;3400.89;5.60939;0;0;0.1;0.01;0;6.11579;0;0;-1
0;319;-34.6349;-13.761;-26.8042;8.77558;2830.85;5.27663;0;0;0.1;0.01;0;5.01595;0;0;-1
0;320;-36.5838;4.31433;-27.4516;8.5;2572.44;5.11093;0;0;0.1;0.01;0;4.19296;1;0;-1
0;321;-38.3583;18.5457;-27.478;9.50184;3593.45;5.71332;0;0;0.1;0.01;0;5.45272;0;0;-1
0;322;-38.2465;34.5883;-25.1735;8.5;2572.44;5.11093;0;0;0.1;0.01;0;5.50036;1;0;-1
0;323;-37.6469;52.276;-27.8676;9.223;3286.29;5.54566;0;0;0.1;0.01;0;6.07334;0;0;-1
0;324;-38.2086;67.7249;-25.7611;8.5;2572.44;5.11093;0;0;0.1;0.01;0;4.48766;1;0;-1
0;325;-35.5405;85.844;-24.9481;10.2803;4550.99;6.1814;0;0;0.1;0.01;0;3.74728;0;0;-1
0;326;-21.7868;-90.7774;-25.2886;10.3383;4628.45;6.21627;0;0;0.1;0.01;0;3.98699;0;0;-1
0;327;-20.5806;-73.0923;-27.0241;10.1729;4409.84;6.11682;0;0;0.1;0.01;0;8.27766;0;0;-1
0;328;-20.3454;-59.1623;-26.3073;9.74517;3876.65;5.85963;0;0;0.1;0.01;0;7.26638;0;0;-1
0;329;-22.0201;-40.5875;-26.6534;8.61701;2680.15;5.18128;0;0;0.1;0.01;0;4.98554;0;0;-1
0;330;-21.3643;-21.1034;-24.9754;10.094;4308.03;6.06938;0;0;0.1;0.01;0;6.84205;0;0;-1
0;331;-19.7237;-5.48513;-28.0803;8.5;2572.44;5.11093;0;0;0.1;0.01;0;4.65014;1;0;-1
0;332;-21.3086;11.8089;-25.7716;8.5;2572.44;5.11093;0;0;0.1;0.01;0;4.00295;1;0;-1
0;333;-22.7753;28.7632;-27.7869;8.64731;2708.52;5.1995;0;0;0.1;0.01;0;5.10261;0;0;-1
0;334;-21.2701;44.7693;-27.8835;9.74786;3879.86;5.86125;0;0;0.1;0.01;0;5.84025;0;0;-1
0;335;-21.6928;62.1747;-26.616;9.66986;3787.47;5.81435;0;0;0.1;0.01;0;6.3405;0;0;-1
0;336;-22.8414;78.7587;-27.9077;9.43208;3514.88;5.67137;0;0;0.1;0.01;0;5.63178;0;0;-1
0;337;-5.94215;-81.2657;-28.6536;9.37792;3454.68;5.63881;0;0;0.1;0.01;0;6.094;0;0;-1
0;338;-7.90911;-66.6047;-26.3333;9.47884;3567.42;5.69949;0;0;0.1;0.01;0;6.68938;0;0;-1
0;339;-8.56223;-48.5913;-24.375;9.13807;3196.33;5.49459;0;0;0.1;0.01;0;5.1852;0;0;-1
0;340;-8.20404;-29.6914;-25.546;8.77274;2828.1;5.27492;0;0;0.1;0.01;0;5.56523;0;0;-1
0;341;-6.01287;-13.3246;-27.8104;9.41095;3491.31;5.65867;0;0;0.1;0.01;0;6.59731;0;0;-1
0;342;-5.4958;1.92973;-27.6471;8.53399;2603.42;5.13136;0;0;0.1;0.01;0;5.70958;0;0;-1
0;343;-6.60741;21.1308;-25.6326;9.60397;3710.57;5.77473;0;0;0.1;0.01;0;6.70075;0;0;-1
0;344;-7.09552;35.4076;-27.1031;9.34522;3418.67;5.61915;0;0;0.1;0.01;0;7.48424;0;0;-1
0;345;-7.93119;51.5142;-26.0267;8.65073;2711.73;5.20156;0;0;0.1;0.01;0;5.61018;0;0;-1
0;346;-9.34623;72.1631;-24.4871;8.6207;2683.59;5.1835;0;0;0.1;0.01;0;5.03897;0;0;-1
0;347;-9.10207;88.2397;-25.6717;8.64271;2704.2;5.19674;0;0;0.1;0.01;0;3.97065;0;0;-1
0;348;9.34685;-90.4753;-25.4131;10.3115;4592.55;6.20016;0;0;0.1;0.01;0;4.27657;0;0;-1
0;349;6.59324;-75.7927;-25.3203;9.7822;3921.01;5.88189;0;0;0.1;0.01;0;6.67354;0;0;-1
0;350;9.44591;-58.6608;-25.7686;9.33001;3402;5.61;0;0;0.1;0.01;0;5.80889;0;0;-1
0;351;5.7254;-40.0328;-25.3932;9.62018;3729.39;5.78447;0;0;0.1;0.01;0;6.09706;0;0;-1
0;352;8.26587;-25.5219;-26.5942;8.72878;2785.8;5.24849;0;0;0.1;0.01;0;5.85941;0;0;-1
0;353;9.02386;-8.7673;-27.6974;10.2426;4501.11;6.15873;0;0;0.1;0.01;0;6.79704;0;0;-1
0;354;5.51801;9.93291;-25.5112;9.14542;3204.05;5.49901;0;0;0.1;0.01;0;4.58401;0;0;-1
0;355;9.43472;29.3287;-27.664;10.081;4291.4;6.06156;0;0;0.1;0.01;0;6.86026;0;0;-1
0;356;6.25258;44.0463;-25.2404;10.3766;4680.09;6.2393;0;0;0.1;0.01;0;7.19936;0;0;-1
0;357;6.86866;63.4099;-24.623;10.1832;4423.25;6.12301;0;0;0.1;0.01;0;6.80694;0;0;-1
0;358;5.89653;78.2837;-27.9998;9.05381;3108.73;5.44392;0;0;0.1;0.01;0;5.55882;0;0;-1
0;359;8.24407;95.6153;-26.8436;10.0208;4214.98;6.02536;0;0;0.1;0.01;0;2.9972;0;0;-1
0;360;22.5749;-82.3678;-25.2184;9.14669;3205.39;5.49977;0;0;0.1;0.01;0;4.65757;0;0;-1
0;361;23.7007;-65.8971;-25.4746;9.51617;3609.73;5.72193;0;0;0.1;0.01;0;5.43749;0;0;-1
0;362;23.2782;-47.2924;-27.4353;10.114;4333.69;6.0814;0;0;0.1;0.01;0;6.25857;0;0;-1
0;363;22.7934;-31.7632;-26.0453;9.7203;3847.05;5.84468;0;0;0.1;0.01;0;6.8972;0;0;-1
0;364;22.1278;-16.0949;-25.5888;10.0142;4206.66;6.02139;0;0;0.1;0.01;0;6.72999;0;0;-1
0;365;22.3183;1.01195;-26.8017;9.03568;3090.09;5.43302;0;0;0.1;0.01;0;5.17225;0;0;-1
0;366;23.3885;18.1907;-28.0117;9.62583;3735.97;5.78787;0;0;0.1;0.01;0;6.25447;0;0;-1
0;367;23.2493;34.9368;-27.522;9.48752;3577.23;5.70471;0;0;0.1;0.01;0;7.4191;0;0;-1
0;368;20.5957;51.1146;-24.5139;9.78732;3927.17;5.88497;0;0;0.1;0.01;0;6.26043;0;0;-1
0;369;20.2907;69.1526;-26.9532;9.41126;3491.66;5.65885;0;0;0.1;0.01;0;5.36131;0;0;-1
0;370;23.3606;84.5733;-24.8029;9.48309;3572.22;5.70204;0;0;0.1;0.01;0;4.90035;0;0;-1
0;371;38.0664;-75.9953;-27.1033;9.08221;3138.07;5.461;0;0;0.1;0.01;0;3.9392;0;0;-1
0;372;35.227;-56.9169;-27.0374;8.68961;2748.46;5.22494;0;0;0.1;0.01;0;5.60631;0;0;-1
0;373;37.5323;-39.9434;-26.8276;9.92192;4091.44;5.96591;0;0;0.1;0.01;0;7.96679;0;0;-1
0;374;37.693;-23.1683;-27.6882;9.98008;4163.81;6.00088;0;0;0.1;0.01;0;7.58969;0;0;-1
0;375;37.4549;-7.20958;-24.8442;9.68117;3800.77;5.82115;0;0;0.1;0.01;0;6.56984;0;0;-1
0;376;35.1281;8.91184;-26.7886;8.8148;2868.97;5.30021;0;0;0.1;0.01;0;5.30852;0;0;-1
0;377;37.2274;25.3876;-24.707;9.96675;4147.15;5.99286;0;0;0.1;0.01;0;6.87998;0;0;-1
0;378;37.0168;42.141;-27.098;9.84583;3998.03;5.92015;0;0;0.1;0.01;0;6.5796;0;0;-1
0;379;38.4504;63.6771;-24.9047;8.5;2572.44;5.11093;0;0;0.1;0.01;0;4.58649;1;0;-1
0;380;36.7524;78.8133;-24.8775;8.5;2572.44;5.11093;0;0;0.1;0.01;0;4.35109;1;0;-1
0;381;50.441;-66.6493;-24.7868;10.2137;4463.11;6.14135;0;0;0.1;0.01;0;5.56911;0;0;-1
0;382;49.9648;-50.7717;-25.2893;10.1728;4409.71;6.11676;0;0;0.1;0.01;0;6.85102;0;0;-1
0;383;50.0709;-33.4179;-25.0298;8.55599;2623.61;5.14459;0;0;0.1;0.01;0;5.20189;0;0;-1
0;384;52.7142;-15.5638;-26.8591;9.21838;3281.35;5.54288;0;0;0.1;0.01;0;6.25876;0;0;-1
0;385;51.8203;1.73519;-28.3361;10.0155;4208.3;6.02217;0;0;0.1;0.01;0;7.16896;0;0;-1
0;386;50.1096;17.7974;-28.5124;9.04577;3100.45;5.43909;0;0;0.1;0.01;0;6.16654;0;0;-1
0;387;50.3096;34.8904;-25.0707;9.38364;3461.01;5.64225;0;0;0.1;0.01;0;5.57776;0;0;-1
0;388;52.9776;54.769;-24.6978;8.65695;2717.59;5.2053;0;0;0.1;0.01;0;4.39637;0;0;-1
0;389;52.202;72.6199;-26.9388;9.78828;3928.33;5.88555;0;0;0.1;0.01;0;4.37954;0;0;-1
0;390;66.3595;-59.2027;-27.6349;8.99162;3045.11;5.40653;0;0;0.1;0.01;0;4.1314;0;0;-1
0;391;66.6354;-42.223;-25.0353;8.84857;2902.07;5.32052;0;0;0.1;0.01;0;5.48218;0;0;-1
0;392;67.4836;-23.2431;-24.8686;10.3678;4668.19;6.23401;0;0;0.1;0.01;0;6.53583;0;0;-1
0;393;65.5538;-5.5986;-26.9258;8.9529;3005.94;5.38325;0;0;0.1;0.01;0;6.84023;0;0;-1
0;394;66.5824;9.45322;-25.0927;9.2484;3313.51;5.56093;0;0;0.1;0.01;0;5.82337;0;0;-1
0;395;64.8741;25.4061;-25.6021;9.8348;3984.6;5.91352;0;0;0.1;0.01;0;4.80991;0;0;-1
0;396;66.3853;46.5093;-25.9018;10.0347;4232.55;6.03372;0;0;0.1;0.01;0;5.81714;0;0;-1
0;397;65.0735;62.2761;-27.5186;10.0508;4252.95;6.0434;0;0;0.1;0.01;0;4.96894;0;0;-1
0;398;79.4179;-51.2644;-25.8218;10.1042;4321.1;6.07551;0;0;0.1;0.01;0;2.17742;0;0;-1
0;399;81.884;-34.2052;-24.8293;10.2512;4512.45;6.1639;0;0;0.1;0.01;0;3.41349;0;0;-1
0;400;80.7518;-16.8104;-25.3511;8.88357;2936.64;5.34156;0;0;0.1;0.01;0;4.46711;0;0;-1
0;401;79.7976;-0.23236;-26.2423;9.30496;3374.68;5.59494;0;0;0.1;0.01;0;4.87209;0;0;-1
0;402;83.2168;17.7946;-25.2691;9.79833;3940.44;5.89159;0;0;0.1;0.01;0;4.14646;0;0;-1
0;403;79.0983;33.7626;-27.995;8.5;2572.44;5.11093;0;0;0.1;0.01;0;3.36734;1;0;-1
0;404;79.374;54.6223;-26.541;10.3516;4646.34;6.22427;0;0;0.1;0.01;0;2.70787;0;0;-1
0;405;-98.4441;0.958933;-11.8089;10.2755;4544.62;6.17851;0;0;0.1;0.01;0;3.70331;0;0;-1
0;406;-84.2813;-42.0852;-11.2507;9.08598;3141.98;5.46327;0;0;0.1;0.01;0;3.46874;0;0;-1
0;407;-84.3742;-23.5392;-10.3074;10.4098;4725.15;6.25926;0;0;0.1;0.01;0;5.70316;0;0;-1
0;408;-85.2157;-7.13479;-12.4856;8.91246;2965.39;5.35893;0;0;0.1;0.01;0;5.26801;0;0;-1
0;409;-83.3459;11.6479;-11.9329;10.149;4378.83;6.10245;0;0;0.1;0.01;0;5.92287;0;0;-1
0;410;-84.8119;29.1401;-12.4334;8.5;2572.44;5.11093;0;0;0.1;0.01;0;4.13034;1;0;-1
0;411;-84.0322;42.4963;-11.3125;9.39125;3469.44;5.64682;0;0;0.1;0.01;0;4.12688;0;0;-1
0;412;-70.8118;-68.4391;-10.0674;8.78734;2842.24;5.2837;0;0;0.1;0.01;0;2.13564;0;0;-1
0;413;-69.2281;-49.2665;-11.9967;9.51949;3613.51;5.72393;0;0;0.1;0.01;0;4.76772;0;0;-1
0;414;-69.8936;-32.5557;-10.1402;9.37135;3447.43;5.63486;0;0;0.1;0.01;0;6.79643;0;0;-1
0;415;-72.1625;-15.7404;-11.6926;9.40543;3485.17;5.65535;0;0;0.1;0.01;0;6.58522;0;0;-1
0;416;-70.798;3.17358;-10.3119;8.76929;2824.76;5.27285;0;0;0.1;0.01;0;6.07196;0;0;-1
0;417;-68.3528;17.377;-12.9583;8.58719;2652.42;5.16335;0;0;0.1;0.01;0;4.93377;0;0;-1
0;418;-69.4912;36.4685;-11.9881;9.59908;3704.91;5.77179;0;0;0.1;0.01;0;6.34063;0;0;-1
0;419;-71.9159;53.7869;-13.0256;8.9755;3028.76;5.39684;0;0;0.1;0.01;0;4.41625;0;0;-1
0;420;-54.2878;-75.1306;-9.72659;8.85847;2911.82;5.32647;0;0;0.1;0.01;0;3.81522;0;0;-1
0;421;-56.6157;-58.2387;-12.3495;9.39962;3478.72;5.65186;0;0;0.1;0.01;0;5.38599;0;0;-1
0;422;-57.3329;-39.2044;-10.3167;8.57706;2643.04;5.15726;0;0;0.1;0.01;0;5.56564;0;0;-1
0;423;-57.3118;-23.9558;-11.8667;8.5;2572.44;5.11093;0;0;0.1;0.01;0;5.49119;1;0;-1
0;424;-55.2369;-7.21683;-11.8069;9.00601;3059.75;5.41518;0;0;0.1;0.01;0;5.49999;0;0;-1
0;425;-54.3064;8.60101;-12.5454;10.0595;4264.01;6.04863;0;0;0.1;0.01;0;5.98822;0;0;-1
0;426;-57.3399;29.7699;-12.8231;8.5;2572.44;5.11093;0;0;0.1;0.01;0;5.63904;1;0;-1
0;427;-55.1128;44.7228;-11.8234;9.28257;3350.37;5.58147;0;0;0.1;0.01;0;6.85587;0;0;-1
0;428;-57.9496;60.0326;-10.6858;9.74725;3879.14;5.86088;0;0;0.1;0.01;0;5.45038;0;0;-1
0;429;-42.7878;-83.6425;-13.2532;10.0889;4301.5;6.06631;0;0;0.1;0.01;0;4.2579;0;0;-1
0;430;-39.358;-64.626;-11.5695;9.79525;3936.73;5.88974;0;0;0.1;0.01;0;5.60971;0;0;-1
0;431;-41.0536;-49.355;-10.6929;8.52157;2592.07;5.1239;0;0;0.1;0.01;0;5.07769;0;0;-1
0;432;-41.2234;-32.6035;-12.362;9.80366;3946.87;5.8948;0;0;0.1;0.01;0;6.1385;0;0;-1
0;433;-42.0824;-14.3444;-13.519;10.014;4206.41;6.02127;0;0;0.1;0.01;0;6.08335;0;0;-1
0;434;-40.9241;3.07276;-10.7879;9.48602;3575.53;5.70381;0;0;0.1;0.01;0;5.76944;0;0;-1
0;435;-39.4028;20.0877;-11.2061;10.0097;4200.99;6.01869;0;0;0.1;0.01;0;6.27755;0;0;-1
0;436;-42.1286;36.9066;-13.171;9.33057;3402.62;5.61034;0;0;0.1;0.01;0;7.19907;0;0;-1
0;437;-42.6484;52.2161;-12.6266;8.5;2572.44;5.11093;0;0;0.1;0.01;0;5.05043;1;0;-1
0;438;-43.0042;70.6844;-12.5568;8.74544;2801.78;5.25851;0;0;0.1;0.01;0;4.72271;0;0;-1
0;439;-43.2523;85.1336;-13.3314;8.5;2572.44;5.11093;0;0;0.1;0.01;0;3.42589;1;0;-1
0;440;-27.9027;-93.1808;-13.0825;9.62079;3730.1;5.78484;0;0;0.1;0.01;0;4.31832;0;0;-1
0;441;-28.1449;-76.8708;-13.0041;10.1441;4372.49;6.0995;0;0;0.1;0.01;0;7.05527;0;0;-1
0;442;-24.6948;-56.5752;-12.2858;10.3899;4698.1;6.2473;0;0;0.1;0.01;0;7.30704;0;0;-1
0;443;-27.367;-41.7516;-10.1924;10.4383;4764.07;6.2764;0;0;0.1;0.01;0;7.63296;0;0;-1
0;444;-26.629;-22.2854;-11.8618;10.2193;4470.46;6.14472;0;0;0.1;0.01;0;6.64891;0;0;-1
0;445;-24.955;-7.31122;-10.3186;8.54228;2611.02;5.13635;0;0;0.1;0.01;0;4.69902;0;0;-1
0;446;-25.1392;9.14162;-10.2549;9.43114;3513.83;5.67081;0;0;0.1;0.01;0;5.17495;0;0;-1
0;447;-27.4316;28.4658;-10.5851;10.2555;4518.13;6.16648;0;0;0.1;0.01;0;6.15067;0;0;-1
0;448;-28.3052;42.9571;-10.7715;9.06343;3118.65;5.44971;0;0;0.1;0.01;0;5.62587;0;0;-1
0;449;-24.4458;59.0698;-12.8452;8.80537;2859.77;5.29454;0;0;0.1;0.01;0;4.53544;0;0;-1
0;450;-24.7743;77.6989;-12.2425;9.85517;4009.41;5.92577;0;0;0.1;0.01;0;6.45275;0;0;-1
0;451;-24.8586;94.6724;-14.017;10.1999;4445.05;6.13305;0;0;0.1;0.01;0;3.54454;0;0;-1
0;452;-13.549;-83.3054;-11.0851;8.5;2572.44;5.11093;0;0;0.1;0.01;0;4.45382;1;0;-1
0;453;-12.7714;-65.451;-13.2544;8.5;2572.44;5.11093;0;0;0.1;0.01;0;5.52567;1;0;-1
0;454;-12.6948;-48.4348;-9.70908;9.49539;3586.14;5.70944;0;0;0.1;0.01;0;6.60747;0;0;-1
0;455;-11.4444;-32.3651;-11.7624;10.4018;4714.27;6.25445;0;0;0.1;0.01;0;7.25786;0;0;-1
0;456;-10.396;-14.2742;-10.7228;8.5;2572.44;5.11093;0;0;0.1;0.01;0;6.05997;1;0;-1
0;457;-10.7181;0.961966;-11.6062;10.2021;4447.92;6.13437;0;0;0.1;0.01;0;7.16029;0;0;-1
0;458;-10.7334;16.9714;-11.6273;9.08701;3143.05;5.46389;0;0;0.1;0.01;0;5.76982;0;0;-1
0;459;-11.5895;34.2408;-12.5372;8.56015;2627.44;5.14709;0;0;0.1;0.01;0;4.61843;0;0;-1
0;460;-10.3576;50.9674;-10.6103;8.54843;2616.66;5.14005;0;0;0.1;0.01;0;5.22075;0;0;-1
0;461;-10.5271;67.4141;-11.6334;9.0735;3129.05;5.45576;0;0;0.1;0.01;0;5.91035;0;0;-1
0;462;-11.7014;87.2592;-12.4343;8.5;2572.44;5.11093;0;0;0.1;0.01;0;4.79439;1;0;-1
0;463;4.39248;-91.5508;-10.5872;8.69412;2752.74;5.22765;0;0;0.1;0.01;0;3.76606;0;0;-1
0;464;1.54343;-75.9976;-12.1237;8.5;2572.44;5.11093;0;0;0.1;0.01;0;5.49051;1;0;-1
0;465;1.34556;-59.4802;-12.856;8.86284;2916.13;5.3291;0;0;0.1;0.01;0;6.06174;0;0;-1
0;466;1.68051;-41.2632;-12.6223;9.63019;3741.05;5.79049;0;0;0.1;0.01;0;6.53664;0;0;-1
0;467;1.26876;-21.5674;-10.4667;9.21799;3280.93;5.54264;0;0;0.1;0.01;0;6.60887;0;0;-1
0;468;1.59843;-7.44635;-12.1269;8.63646;2698.34;5.19298;0;0;0.1;0.01;0;6.12542;0;0;-1
0;469;3.2813;8.17421;-12.2821;10.1133;4332.79;6.08098;0;0;0.1;0.01;0;6.21093;0;0;-1
0;470;3.18899;25.1282;-13.5519;9.05314;3108.04;5.44352;0;0;0.1;0.01;0;4.72297;0;0;-1
0;471;1.98941;43.7625;-10.4976;9.3009;3370.26;5.5925;0;0;0.1;0.01;0;5.57668;0;0;-1
0;472;2.33487;59.5225;-10.7482;9.45512;3540.71;5.68523;0;0;0.1;0.01;0;6.58684;0;0;-1
0;473;2.70351;76.7501;-10.3964;8.91847;2971.39;5.36255;0;0;0.1;0.01;0;6.03241;0;0;-1
0;474;3.09521;94.0403;-11.468;10.2647;4530.3;6.17202;0;0;0.1;0.01;0;4.45924;0;0;-1
0;475;18.8187;-85.1757;-10.5383;9.35595;3430.46;5.6256;0;0;0.1;0.01;0;5.79973;0;0;-1
0;476;16.0707;-68.1906;-10.5174;9.47166;3559.32;5.69517;0;0;0.1;0.01;0;6.35424;0;0;-1
0;477;15.9637;-51.4709;-9.87511;9.86583;4022.44;5.93218;0;0;0.1;0.01;0;5.77852;0;0;-1
0;478;15.5231;-33.3868;-10.5191;9.65096;3765.3;5.80298;0;0;0.1;0.01;0;5.74294;0;0;-1
0;479;16.0334;-16.2985;-11.465;8.57311;2639.39;5.15489;0;0;0.1;0.01;0;5.90919;0;0;-1
0;480;16.4205;1.11822;-11.4652;9.38448;3461.94;5.64275;0;0;0.1;0.01;0;5.5792;0;0;-1
0;481;19.4901;20.9004;-10.8765;9.88972;4051.73;5.94655;0;0;0.1;0.01;0;6.05095;0;0;-1
0;482;19.6247;38.1892;-13.1682;8.5;2572.44;5.11093;0;0;0.1;0.01;0;5.08522;1;0;-1
0;483;18.184;54.5309;-11.4711;8.5;2572.44;5.11093;0;0;0.1;0.01;0;4.93269;1;0;-1
0;484;17.3047;71.4361;-10.3248;10.3965;4707.06;6.25126;0;0;0.1;0.01;0;7.11185;0;0;-1
0;485;15.6996;84.9748;-12.5745;8.5;2572.44;5.11093;0;0;0.1;0.01;0;5.45113;1;0;-1
0;486;31.9494;-93.7253;-12.0436;8.83098;2884.8;5.30994;0;0;0.1;0.01;0;1.85632;0;0;-1
0;487;33.357;-76.6501;-12.3243;9.41174;3492.19;5.65914;0;0;0.1;0.01;0;5.65296;0;0;-1
0;488;32.8872;-55.394;-10.3477;9.45135;3536.47;5.68296;0;0;0.1;0.01;0;4.99154;0;0;-1
0;489;34.1668;-38.8881;-10.1219;9.62386;3733.67;5.78669;0;0;0.1;0.01;0;6.14377;0;0;-1
0;490;31.2309;-21.3561;-12.2763;9.89423;4057.28;5.94926;0;0;0.1;0.01;0;7.10787;0;0;-1
0;491;33.1396;-6.33705;-10.7763;8.88235;2935.43;5.34083;0;0;0.1;0.01;0;5.56124;0;0;-1
0;492;33.5013;11.7954;-12.9135;10.3784;4682.52;6.24038;0;0;0.1;0.01;0;7.01943;0;0;-1
0;493;31.4707;29.0528;-10.8347;9.24443;3309.25;5.55854;0;0;0.1;0.01;0;6.82248;0;0;-1
0;494;33.5342;46.2633;-13.2502;9.56238;3662.58;5.74972;0;0;0.1;0.01;0;5.98991;0;0;-1
0;495;32.7884;63.4865;-10.3693;8.6173;2680.42;5.18146;0;0;0.1;0.01;0;5.98387;0;0;-1
0;496;32.2662;79.3827;-10.1251;10.0567;4260.45;6.04695;0;0;0.1;0.01;0;6.38511;0;0;-1
0;497;45.9696;-82.9381;-10.7942;8.5;2572.44;5.11093;0;0;0.1;0.01;0;4.15462;1;0;-1
0;498;48.1313;-67.8894;-11.4559;9.53328;3629.24;5.73222;0;0;0.1;0.01;0;6.01193;0;0;-1
0;499;47.7024;-47.7313;-11.9633;9.34097;3414.01;5.61659;0;0;0.1;0.01;0;6.1147;0;0;-1
0;500;48.6179;-31.7108;-12.5207;9.05733;3112.36;5.44604;0;0;0.1;0.01;0;5.54052;0;0;-1
0;501;45.5576;-14.7397;-10.9498;9.15165;3210.6;5.50275;0;0;0.1;0.01;0;6.26612;0;0;-1
0;502;46.5934;0.439074;-11.0243;10.1585;4391.14;6.10816;0;0;0.1;0.01;0;7.44505;0;0;-1
0;503;47.7351;18.118;-13.4338;10.1742;4411.53;6.1176;0;0;0.1;0.01;0;7.74658;0;0;-1
0;504;47.9002;34.652;-10.5494;9.51622;3609.79;5.72196;0;0;0.1;0.01;0;6.42844;0;0;-1
0;505;45.9408;55.1966;-12.4985;8.5;2572.44;5.11093;0;0;0.1;0.01;0;5.01923;1;0;-1
0;506;46.2875;68.4929;-10.0116;9.24156;3306.16;5.55682;0;0;0.1;0.01;0;6.16866;0;0;-1
0;507;47.6953;85.644;-13.0982;8.6403;2701.94;5.19529;0;0;0.1;0.01;0;2.33801;0;0;-1
0;508;61.0971;-74.2474;-11.2916;10.3036;4582.01;6.19541;0;0;0.1;0.01;0;3.19763;0;0;-1
0;509;60.3072;-56.0689;-13.2993;9.61516;3723.56;5.78146;0;0;0.1;0.01;0;6.39397;0;0;-1
0;510;61.4402;-42.1495;-11.6179;9.39919;3478.24;5.6516;0;0;0.1;0.01;0;6.41435;0;0;-1
0;511;62.5767;-25.7833;-11.8599;9.28468;3352.66;5.58274;0;0;0.1;0.01;0;5.84315;0;0;-1
0;512;62.7408;-7.65131;-11.5013;9.83406;3983.7;5.91308;0;0;0.1;0.01;0;6.4679;0;0;-1
0;513;60.7364;9.37325;-12.8093;10.2245;4477.29;6.14784;0;0;0.1;0.01;0;6.65865;0;0;-1
0;514;61.9702;28.7541;-10.2193;9.92591;4096.37;5.96831;0;0;0.1;0.01;0;6.30897;0;0;-1
0;515;62.6704;45.9878;-11.1293;9.50542;3597.51;5.71547;0;0;0.1;0.01;0;5.70352;0;0;-1
0;516;63.2359;63.5898;-10.8004;10.0981;4313.28;6.07184;0;0;0.1;0.01;0;5.33302;0;0;-1
0;517;61.0499;77.9244;-13.7968;8.90529;2958.24;5.35462;0;0;0.1;0.01;0;2.77217;0;0;-1
0;518;77.6065;-47.5316;-10.8091;8.5;2572.44;5.11093;0;0;0.1;0.01;0;3.89016;1;0;-1
0;519;77.3325;-30.0322;-11.2375;8.60685;2670.68;5.17517;0;0;0.1;0.01;0;5.6293;0;0;-1
0;520;75.2975;-14.4401;-10.8545;10.4528;4783.95;6.28512;0;0;0.1;0.01;0;7.8013;0;0;-1
0;521;74.9434;1.12038;-10.9995;8.5;2572.44;5.11093;0;0;0.1;0.01;0;6.16602;1;0;-1
0;522;76.6109;18.0114;-13.3378;8.69993;2758.26;5.23114;0;0;0.1;0.01;0;5.7503;0;0;-1
0;523;75.0686;34.8523;-12.7181;8.5;2572.44;5.11093;0;0;0.1;0.01;0;5.25335;1;0;-1
0;524;75.3428;51.4794;-10.2282;9.24246;3307.13;5.55736;0;0;0.1;0.01;0;5.72159;0;0;-1
0;525;89.5836;-22.1722;-11.9558;8.5;2572.44;5.11093;0;0;0.1;0.01;0;3.79076;1;0;-1
0;526;90.0697;-4.25257;-10.1441;9.67018;3787.85;5.81454;0;0;0.1;0.01;0;4.12051;0;0;-1
0;527;89.5553;12.0093;-11.0208;8.94815;3001.15;5.38039;0;0;0.1;0.01;0;4.8051;0;0;-1
0;528;89.4268;27.0274;-11.2049;8.57982;2645.59;5.15892;0;0;0.1;0.01;0;4.51427;0;0;-1
0;529;89.2372;43.5672;-9.8433;10.0381;4236.85;6.03576;0;0;0.1;0.01;0;3.29389;0;0;-1
0;530;-93.9347;-16.579;2.39774;9.45997;3546.16;5.68814;0;0;0.1;0.01;0;3.17051;0;0;-1
0;531;-95.6839;2.72611;3.4328;9.65336;3768.11;5.80443;0;0;0.1;0.01;0;3.78347;0;0;-1
0;532;-95.908;18.6879;2.15871;10.2032;4449.36;6.13504;0;0;0.1;0.01;0;3.23761;0;0;-1
0;533;-79.6791;-55.9228;3.03698;8.5;2572.44;5.11093;0;0;0.1;0.01;0;2.63875;1;0;-1
0;534;-82.6274;-41.5224;4.68117;9.80047;3943.02;5.89288;0;0;0.1;0.01;0;4.17438;0;0;-1
0;535;-80.5988;-23.2249;2.97052;9.80139;3944.13;5.89343;0;0;0.1;0.01;0;6.45383;0;0;-1
0;536;-79.8667;-6.13479;3.72936;9.46528;3552.13;5.69134;0;0;0.1;0.01;0;5.92428;0;0;-1
0;537;-81.792;10.3552;2.71411;8.90491;2957.86;5.35439;0;0;0.1;0.01;0;4.70845;0;0;-1
0;538;-80.6008;25.4915;1.20349;8.5;2572.44;5.11093;0;0;0.1;0.01;0;3.69514;1;0;-1
0;539;-82.6828;44.0741;2.77149;10.2457;4505.19;6.16059;0;0;0.1;0.01;0;4.42054;0;0;-1
0;540;-78.9054;61.1303;3.37794;9.4202;3501.62;5.66423;0;0;0.1;0.01;0;2.55803;0;0;-1
0;541;-63.8839;-65.5073;1.67875;8.86781;2921.04;5.33209;0;0;0.1;0.01;0;4.0077;0;0;-1
0;542;-64.2768;-47.2868;4.4021;10.2617;4526.33;6.17021;0;0;0.1;0.01;0;6.23346;0;0;-1
0;543;-68.3927;-33.0502;3.55078;8.92266;2975.58;5.36507;0;0;0.1;0.01;0;5.75749;0;0;-1
0;544;-67.7969;-14.8217;1.72445;10.4365;4761.6;6.27532;0;0;0.1;0.01;0;6.92572;0;0;-1
0;545;-67.1944;0.399978;3.73553;10.3306;4618.12;6.21164;0;0;0.1;0.01;0;6.9336;0;0;-1
0;546;-64.7334;17.1266;3.36802;10.4477;4776.95;6.28205;0;0;0.1;0.01;0;6.01795;0;0;-1
0;547;-65.1785;36.5244;3.09395;10.4249;4745.74;6.26834;0;0;0.1;0.01;0;6.60244;0;0;-1
0;548;-65.566;52.033;3.22348;9.47993;3568.65;5.70014;0;0;0.1;0.01;0;5.48009;0;0;-1
0;549;-64.9438;70.4094;3.16088;8.5;2572.44;5.11093;0;0;0.1;0.01;0;2.35027;1;0;-1
0;550;-49.9096;-75.3335;3.24344;8.5823;2647.89;5.16041;0;0;0.1;0.01;0;5.00639;0;0;-1
0;551;-50.3436;-59.3898;4.2101;8.71413;2771.79;5.23968;0;0;0.1;0.01;0;5.50673;0;0;-1
0;552;-50.9548;-42.3325;3.33677;8.72965;2786.63;5.24901;0;0;0.1;0.01;0;5.46177;0;0;-1
0;553;-52.1126;-24.4725;3.65649;8.58632;2651.61;5.16283;0;0;0.1;0.01;0;4.1855;0;0;-1
0;554;-49.6392;-5.37974;2.15552;8.5;2572.44;5.11093;0;0;0.1;0.01;0;4.3535;1;0;-1
0;555;-52.3006;10.0624;3.74876;8.5;2572.44;5.11093;0;0;0.1;0.01;0;4.98698;1;0;-1
0;556;-52.7559;25.8385;2.70318;8.5;2572.44;5.11093;0;0;0.1;0.01;0;5.48505;1;0;-1
0;557;-50.2712;42.9855;5.11751;9.8444;3996.28;5.91929;0;0;0.1;0.01;0;5.97349;0;0;-1
0;558;-50.7571;63.4582;1.83674;9.04923;3104.01;5.44117;0;0;0.1;0.01;0;5.21531;0;0;-1
0;559;-51.4547;78.1187;1.28839;9.76208;3896.87;5.8698;0;0;0.1;0.01;0;4.43771;0;0;-1
0;560;-34.9783;-84.0134;3.43979;9.36644;3442.01;5.6319;0;0;0.1;0.01;0;5.15473;0;0;-1
0;561;-38.4986;-67.3852;3.24812;9.15764;3216.91;5.50636;0;0;0.1;0.01;0;5.35429;0;0;-1
0;562;-36.7007;-50.3893;4.12063;8.5;2572.44;5.11093;0;0;0.1;0.01;0;5.17376;1;0;-1
0;563;-35.8331;-32.6211;2.67771;9.95707;4135.07;5.98704;0;0;0.1;0.01;0;6.05314;0;0;-1
0;564;-38.0807;-14.0915;3.15344;8.97516;3028.41;5.39663;0;0;0.1;0.01;0;4.98362;0;0;-1
0;565;-36.6306;3.1812;4.03769;8.90095;2953.91;5.35201;0;0;0.1;0.01;0;5.85546;0;0;-1
0;566;-38.1393;19.9743;2.91982;10.1518;4382.46;6.10413;0;0;0.1;0.01;0;6.8663;0;0;-1
0;567;-38.1967;36.3095;1.0238;8.89588;2948.87;5.34896;0;0;0.1;0.01;0;5.93151;0;0;-1
0;568;-35.4177;50.8425;2.86439;9.82839;3976.82;5.90967;0;0;0.1;0.01;0;5.01499;0;0;-1
0;569;-35.7487;71.737;1.34205;10.4423;4769.55;6.2788;0;0;0.1;0.01;0;6.28725;0;0;-1
0;570;-35.3279;87.8884;3.29303;9.58234;3685.56;5.76172;0;0;0.1;0.01;0;5.14539;0;0;-1
0;571;-20.7797;-93.6564;1.60187;9.51832;3612.18;5.72323;0;0;0.1;0.01;0;4.31224;0;0;-1
0;572;-20.5644;-76.6087;4.59678;8.53528;2604.61;5.13214;0;0;0.1;0.01;0;5.26458;0;0;-1
0;573;-23.6229;-57.6384;1.53745;9.2155;3278.27;5.54115;0;0;0.1;0.01;0;6.00443;0;0;-1
0;574;-23.2218;-40.3586;2.14136;9.25268;3318.11;5.5635;0;0;0.1;0.01;0;6.41682;0;0;-1
0;575;-21.1659;-23.0776;3.57286;8.5;2572.44;5.11093;0;0;0.1;0.01;0;5.39883;1;0;-1
0;576;-20.5815;-5.19702;3.33949;8.55675;2624.31;5.14505;0;0;0.1;0.01;0;6.16234;0;0;-1
0;577;-20.1913;9.99218;4.06846;10.1133;4332.79;6.08098;0;0;0.1;0.01;0;6.90014;0;0;-1
0;578;-23.9374;27.5225;1.88892;8.5874;2652.61;5.16348;0;0;0.1;0.01;0;3.99316;0;0;-1
0;579;-19.9311;46.9963;1.8292;9.19996;3261.72;5.5318;0;0;0.1;0.01;0;4.54757;0;0;-1
0;580;-22.0298;63.3233;2.16563;9.89483;4058.01;5.94962;0;0;0.1;0.01;0;6.65936;0;0;-1
0;581;-22.1865;77.5558;1.90987;9.60554;3712.39;5.77567;0;0;0.1;0.01;0;6.19866;0;0;-1
0;582;-23.3665;96.2353;1.3578;9.90756;4073.7;5.95727;0;0;0.1;0.01;0;3.41947;0;0;-1
0;583;-7.07154;-98.9513;0.930052;10.0776;4287.06;6.05951;0;0;0.1;0.01;0;2.97437;0;0;-1
0;584;-5.64427;-81.0533;3.7111;8.73414;2790.93;5.25171;0;0;0.1;0.01;0;5.62655;0;0;-1
0;585;-9.08247;-66.6469;2.77338;10.3839;4689.97;6.24369;0;0;0.1;0.01;0;5.75198;0;0;-1
0;586;-7.62891;-49.2529;2.31285;8.64791;2709.08;5.19986;0;0;0.1;0.01;0;5.09556;0;0;-1
0;587;-7.46487;-29.9758;2.51708;9.4445;3528.79;5.67884;0;0;0.1;0.01;0;6.35242;0;0;-1
0;588;-8.78022;-14.1938;3.11897;9.71029;3835.18;5.83866;0;0;0.1;0.01;0;6.88013;0;0;-1
0;589;-7.8889;1.80893;3.77803;8.5;2572.44;5.11093;0;0;0.1;0.01;0;5.89835;1;0;-1
0;590;-6.29606;17.3575;1.34095;8.51996;2590.61;5.12293;0;0;0.1;0.01;0;5.93206;0;0;-1
0;591;-6.16853;34.6535;3.70482;9.22465;3288.05;5.54665;0;0;0.1;0.01;0;5.5088;0;0;-1
0;592;-5.76237;51.7986;3.54317;8.5;2572.44;5.11093;0;0;0.1;0.01;0;5.86882;1;0;-1
0;593;-7.56642;71.7846;2.33114;10.3283;4615.04;6.21026;0;0;0.1;0.01;0;6.85519;0;0;-1
0;594;-9.20527;88.3824;3.68174;9.77079;3907.31;5.87503;0;0;0.1;0.01;0;4.97487;0;0;-1
0;595;8.04335;-92.176;3.10031;8.71605;2773.63;5.24083;0;0;0.1;0.01;0;4.70513;0;0;-1
0;596;8.63879;-76.0912;1.82641;9.61678;3725.44;5.78243;0;0;0.1;0.01;0;7.03957;0;0;-1
0;597;5.95548;-58.9232;1.68961;10.096;4310.59;6.07058;0;0;0.1;0.01;0;6.92016;0;0;-1
0;598;7.03715;-42.7421;3.58992;9.83689;3987.15;5.91478;0;0;0.1;0.01;0;6.72769;0;0;-1
0;599;7.54589;-24.9391;1.84717;9.5353;3631.55;5.73344;0;0;0.1;0.01;0;6.50801;0;0;-1
0;600;9.35805;-8.46432;4.44155;10.1237;4346.17;6.08723;0;0;0.1;0.01;0;5.9307;0;0;-1
0;601;5.73607;10.4521;2.77469;8.89902;2951.99;5.35085;0;0;0.1;0.01;0;4.95975;0;0;-1
0;602;7.62822;25.4211;2.11631;9.91149;4078.55;5.95964;0;0;0.1;0.01;0;6.08916;0;0;-1
0;603;8.38546;44.0611;2.35077;8.5;2572.44;5.11093;0;0;0.1;0.01;0;5.04546;1;0;-1
0;604;6.91098;60.3942;1.62512;8.5;2572.44;5.11093;0;0;0.1;0.01;0;5.65803;1;0;-1
0;605;8.80517;76.5036;2.6791;8.62821;2690.61;5.18802;0;0;0.1;0.01;0;5.79862;0;0;-1
0;606;5.61115;97.9072;1.52238;9.70502;3828.93;5.83549;0;0;0.1;0.01;0;2.82487;0;0;-1
0;607;20.4548;-85.285;2.17979;8.5;2572.44;5.11093;0;0;0.1;0.01;0;4.15291;1;0;-1
0;608;23.7073;-66.3233;2.73851;10.1485;4378.19;6.10215;0;0;0.1;0.01;0;5.92451;0;0;-1
0;609;22.3835;-47.3539;4.38448;8.61569;2678.91;5.18049;0;0;0.1;0.01;0;4.58412;0;0;-1
0;610;21.7442;-31.0855;1.48031;8.5;2572.44;5.11093;0;0;0.1;0.01;0;5.79147;1;0;-1
0;611;21.4311;-14.7107;1.49893;8.5;2572.44;5.11093;0;0;0.1;0.01;0;5.46935;1;0;-1
0;612;23.2021;4.3378;1.19568;9.49255;3582.92;5.70773;0;0;0.1;0.01;0;5.44809;0;0;-1
0;613;23.3872;20.8338;4.67328;9.56391;3664.33;5.75064;0;0;0.1;0.01;0;6.83923;0;0;-1
0;614;21.9826;37.2971;4.96614;8.5;2572.44;5.11093;0;0;0.1;0.01;0;5.66109;1;0;-1
0;615;22.7749;51.423;3.72141;9.88732;4048.78;5.9451;0;0;0.1;0.01;0;6.6446;0;0;-1
0;616;21.1299;67.753;1.65681;9.16445;3224.09;5.51045;0;0;0.1;0.01;0;5.95736;0;0;-1
0;617;21.4048;89.4958;1.13797;10.1186;4339.6;6.08417;0;0;0.1;0.01;0;4.04336;0;0;-1
0;618;38.0402;-75.9252;1.65791;9.44408;3528.32;5.67859;0;0;0.1;0.01;0;6.03164;0;0;-1
0;619;38.5553;-59.6008;4.02632;8.64248;2703.98;5.1966;0;0;0.1;0.01;0;5.22592;0;0;-1
0;620;34.9036;-40.1481;3.41364;8.9796;3032.91;5.3993;0;0;0.1;0.01;0;5.45015;0;0;-1
0;621;35.0446;-25.726;1.2006;9.54414;3641.66;5.73875;0;0;0.1;0.01;0;6.10661;0;0;-1
0;622;38.0199;-8.85331;4.48594;9.35846;3433.22;5.62711;0;0;0.1;0.01;0;6.01273;0;0;-1
0;623;37.2337;9.08794;1.45661;9.51894;3612.89;5.7236;0;0;0.1;0.01;0;5.74657;0;0;-1
0;624;36.6629;27.2504;2.87455;9.98295;4167.4;6.0026;0;0;0.1;0.01;0;6.51314;0;0;-1
0;625;35.9297;44.5347;1.21224;10.3932;4702.58;6.24928;0;0;0.1;0.01;0;6.87852;0;0;-1
0;626;36.0998;62.7048;3.83534;10.293;4567.88;6.18903;0;0;0.1;0.01;0;7.82333;0;0;-1
0;627;37.663;80.0036;2.52742;10.395;4705.03;6.25036;0;0;0.1;0.01;0;5.13837;0;0;-1
0;628;50.838;-83.532;2.89747;8.5;2572.44;5.11093;0;0;0.1;0.01;0;2.98702;1;0;-1
0;629;52.1831;-64.6117;4.04458;9.83279;3982.16;5.91231;0;0;0.1;0.01;0;5.5857;0;0;-1
0;630;50.3209;-48.4692;3.25718;10.1367;4362.93;6.09505;0;0;0.1;0.01;0;6.3637;0;0;-1
0;631;53.402;-33.6509;4.79029;8.5;2572.44;5.11093;0;0;0.1;0.01;0;5.81321;1;0;-1
0;632;51.3804;-15.8288;2.99556;8.60239;2666.53;5.17249;0;0;0.1;0.01;0;5.11694;0;0;-1
0;633;52.1596;1.14017;2.46801;8.51441;2585.55;5.11959;0;0;0.1;0.01;0;5.43519;0;0;-1
0;634;52.3769;17.0467;1.66607;9.47502;3563.11;5.69719;0;0;0.1;0.01;0;7.31253;0;0;-1
0;635;50.1835;34.3876;2.73422;9.80689;3950.78;5.89674;0;0;0.1;0.01;0;6.23204;0;0;-1
0;636;51.3779;54.6322;4.70203;8.5;2572.44;5.11093;0;0;0.1;0.01;0;5.0175;1;0;-1
0;637;50.0067;67.7111;3.26179;9.09874;3155.24;5.47094;0;0;0.1;0.01;0;4.69935;0;0;-1
0;638;68.0551;-56.0606;4.68384;9.91865;4087.39;5.96394;0;0;0.1;0.01;0;4.38888;0;0;-1
0;639;67.5927;-39.0444;2.40132;9.67029;3787.97;5.81461;0;0;0.1;0.01;0;7.09048;0;0;-1
0;640;64.7309;-24.1622;3.90016;8.59961;2663.94;5.17082;0;0;0.1;0.01;0;5.67749;0;0;-1
0;641;67.8262;-6.65519;4.42655;8.5;2572.44;5.11093;0;0;0.1;0.01;0;4.86676;1;0;-1
0;642;65.6276;12.2017;3.83389;10.2544;4516.68;6.16582;0;0;0.1;0.01;0;6.72057;0;0;-1
0;643;65.4839;25.9304;3.93855;8.5;2572.44;5.11093;0;0;0.1;0.01;0;6.09631;1;0;-1
0;644;66.9163;44.3138;4.36043;9.40417;3483.77;5.65459;0;0;0.1;0.01;0;5.69718;0;0;-1
0;645;67.4233;60.1775;4.32369;9.78995;3930.34;5.88655;0;0;0.1;0.01;0;4.46647;0;0;-1
0;646;82.3342;-47.3929;5.10865;9.16647;3226.23;5.51167;0;0;0.1;0.01;0;3.67378;0;0;-1
0;647;82.167;-33.1067;3.18244;10.4059;4719.84;6.25692;0;0;0.1;0.01;0;5.82476;0;0;-1
0;648;81.3947;-15.7977;3.83876;9.58771;3691.76;5.76495;0;0;0.1;0.01;0;6.4903;0;0;-1
0;649;79.7748;0.0562665;1.87473;9.17655;3236.88;5.51773;0;0;0.1;0.01;0;5.72993;0;0;-1
0;650;80.9764;18.2541;2.44178;9.17519;3235.44;5.51691;0;0;0.1;0.01;0;6.64424;0;0;-1
0;651;82.5321;36.1032;4.09352;10.3563;4652.67;6.22709;0;0;0.1;0.01;0;5.55272;0;0;-1
0;652;82.802;55.2985;4.8953;9.98006;4163.78;6.00087;0;0;0.1;0.01;0;2.85032;0;0;-1
0;653;95.8378;-23.3857;2.102;10.372;4673.86;6.23653;0;0;0.1;0.01;0;3.62873;0;0;-1
0;654;96.3585;-7.56395;4.22508;9.30892;3378.99;5.59732;0;0;0.1;0.01;0;3.4065;0;0;-1
0;655;94.5253;12.1161;1.93551;9.59168;3696.35;5.76734;0;0;0.1;0.01;0;4.21367;0;0;-1
0;656;94.313;26.6326;4.4765;10.0281;4224.2;6.02975;0;0;0.1;0.01;0;4.46418;0;0;-1
0;657;-86.8354;-40.7528;19.2029;10.0139;4206.28;6.02121;0;0;0.1;0.01;0;3.22245;0;0;-1
0;658;-85.0774;-21.178;18.5555;9.39531;3473.94;5.64926;0;0;0.1;0.01;0;3.28418;0;0;-1
0;659;-84.8795;-4.98958;19.2717;9.9256;4095.99;5.96812;0;0;0.1;0.01;0;4.60435;0;0;-1
0;660;-86.6476;10.4808;17.1886;9.41782;3498.97;5.6628;0;0;0.1;0.01;0;4.71613;0;0;-1
0;661;-85.7231;27.1079;18.3033;8.5;2572.44;5.11093;0;0;0.1;0.01;0;3.21708;1;0;-1
0;662;-84.2575;45.3293;18.9279;8.68184;2741.09;5.22026;0;0;0.1;0.01;0;2.72819;0;0;-1
0;663;-72.1088;-63.6397;19.8407;9.46219;3548.65;5.68948;0;0;0.1;0.01;0;3.35653;0;0;-1
0;664;-70.8116;-48.5648;16.671;9.04696;3101.68;5.43981;0;0;0.1;0.01;0;6.11155;0;0;-1
0;665;-68.9843;-33.872;19.1899;8.5;2572.44;5.11093;0;0;0.1;0.01;0;5.46788;1;0;-1
0;666;-71.9611;-13.1876;19.0206;9.90376;4069.01;5.95499;0;0;0.1;0.01;0;7.23543;0;0;-1
0;667;-69.3909;2.17534;19.7039;9.7357;3865.36;5.85394;0;0;0.1;0.01;0;6.93288;0;0;-1
0;668;-70.2489;18.6411;19.2993;9.64972;3763.85;5.80224;0;0;0.1;0.01;0;5.80141;0;0;-1
0;669;-70.2943;34.2596;16.7458;8.77909;2834.24;5.27874;0;0;0.1;0.01;0;4.32253;0;0;-1
0;670;-70.2539;52.8837;16.265;8.5;2572.44;5.11093;0;0;0.1;0.01;0;3.91626;1;0;-1
0;671;-58.0224;-74.9489;17.1205;10.065;4271;6.05194;0;0;0.1;0.01;0;4.51633;0;0;-1
0;672;-57.4984;-58.6533;18.7045;9.47117;3558.77;5.69488;0;0;0.1;0.01;0;6.43885;0;0;-1
0;673;-56.2018;-39.5354;17.4604;10.2399;4497.55;6.1571;0;0;0.1;0.01;0;7.40164;0;0;-1
0;674;-57.0869;-23.2702;16.9144;8.9323;2985.23;5.37086;0;0;0.1;0.01;0;5.73263;0;0;-1
0;675;-55.1864;-6.46486;16.0543;9.97374;4155.88;5.99707;0;0;0.1;0.01;0;6.24558;0;0;-1
0;676;-57.1264;8.61382;17.411;8.70387;2762.01;5.23351;0;0;0.1;0.01;0;5.38388;0;0;-1
0;677;-55.3807;26.775;16.7936;9.65507;3770.12;5.80545;0;0;0.1;0.01;0;5.70866;0;0;-1
0;678;-54.9746;46.8974;18.9451;8.5;2572.44;5.11093;0;0;0.1;0.01;0;4.35324;1;0;-1
0;679;-53.9891;61.9315;18.2784;8.67427;2733.93;5.21571;0;0;0.1;0.01;0;3.8084;0;0;-1
0;680;-53.7963;78.0476;19.6561;9.60026;3706.27;5.7725;0;0;0.1;0.01;0;2.63914;0;0;-1
0;681;-41.7004;-84.6164;16.85;9.64536;3758.75;5.79962;0;0;0.1;0.01;0;4.32904;0;0;-1
0;682;-40.6314;-67.4721;17.7331;8.98447;3037.85;5.40223;0;0;0.1;0.01;0;5.51539;0;0;-1
0;683;-40.4666;-47.782;16.7368;9.09298;3149.25;5.46748;0;0;0.1;0.01;0;5.26007;0;0;-1
0;684;-42.5277;-33.0319;18.1947;9.56256;3662.78;5.74983;0;0;0.1;0.01;0;6.35385;0;0;-1
0;685;-42.1549;-13.7577;16.4898;8.5;2572.44;5.11093;0;0;0.1;0.01;0;4.91542;1;0;-1
0;686;-39.9915;2.2818;17.7247;8.8338;2887.56;5.31164;0;0;0.1;0.01;0;5.08272;0;0;-1
0;687;-42.2116;18.6837;18.4651;8.81873;2872.81;5.30257;0;0;0.1;0.01;0;5.43369;0;0;-1
0;688;-41.1637;33.7367;18.2804;8.97255;3025.77;5.39506;0;0;0.1;0.01;0;5.18996;0;0;-1
0;689;-39.7065;53.2119;18.5439;8.97931;3032.62;5.39913;0;0;0.1;0.01;0;4.73835;0;0;-1
0;690;-39.5875;71.4843;16.3953;10.2106;4459.05;6.13949;0;0;0.1;0.01;0;5.90471;0;0;-1
0;691;-41.5949;87.7471;18.546;8.98874;3042.18;5.4048;0;0;0.1;0.01;0;2.92988;0;0;-1
0;692;-27.7621;-93.4549;16.8282;10.4523;4783.26;6.28482;0;0;0.1;0.01;0;3.97967;0;0;-1
0;693;-27.5063;-72.8536;18.5058;9.83112;3980.13;5.91131;0;0;0.1;0.01;0;6.16524;0;0;-1
0;694;-25.3745;-56.7109;16.2751;8.5;2572.44;5.11093;0;0;0.1;0.01;0;4.44893;1;0;-1
0;695;-24.502;-40.3798;17.8403;8.88227;2935.35;5.34078;0;0;0.1;0.01;0;5.48532;0;0;-1
0;696;-28.3609;-24.7215;16.3192;9.59361;3698.58;5.7685;0;0;0.1;0.01;0;6.04799;0;0;-1
0;697;-28.3773;-7.18484;16.019;9.33032;3402.34;5.61019;0;0;0.1;0.01;0;5.29255;0;0;-1
0;698;-26.9615;10.6795;16.4884;9.60486;3711.6;5.77526;0;0;0.1;0.01;0;6.09145;0;0;-1
0;699;-27.4491;28.0499;17.3629;9.05772;3112.76;5.44628;0;0;0.1;0.01;0;5.12858;0;0;-1
0;700;-25.4603;45.9284;17.6312;9.58543;3689.13;5.76358;0;0;0.1;0.01;0;5.76708;0;0;-1
0;701;-28.1564;62.058;16.401;9.01678;3070.74;5.42166;0;0;0.1;0.01;0;5.90497;0;0;-1
0;702;-27.4122;80.413;16.3123;10.1887;4430.42;6.12632;0;0;0.1;0.01;0;5.89106;0;0;-1
0;703;-13.2907;-83.6091;17.6359;9.77088;3907.42;5.87509;0;0;0.1;0.01;0;5.45721;0;0;-1
0;704;-13.7329;-65.6472;17.0226;8.5;2572.44;5.11093;0;0;0.1;0.01;0;4.20862;1;0;-1
0;705;-11.1794;-47.5314;16.2722;9.7905;3931;5.88689;0;0;0.1;0.01;0;5.44841;0;0;-1
0;706;-12.3525;-30.7821;19.3447;8.63701;2698.85;5.19331;0;0;0.1;0.01;0;5.76191;0;0;-1
0;707;-11.5497;-16.185;17.4743;9.71429;3839.92;5.84106;0;0;0.1;0.01;0;6.34268;0;0;-1
0;708;-13.6722;1.66364;17.1268;10.0878;4300.09;6.06565;0;0;0.1;0.01;0;7.02411;0;0;-1
0;709;-13.178;20.7902;16.6128;10.0841;4295.36;6.06342;0;0;0.1;0.01;0;6.26955;0;0;-1
0;710;-10.9559;37.3219;17.2953;8.97727;3030.55;5.3979;0;0;0.1;0.01;0;5.49569;0;0;-1
0;711;-10.0237;52.3621;18.2996;10.1287;4352.61;6.09024;0;0;0.1;0.01;0;6.64291;0;0;-1
0;712;-11.6697;68.4247;18.3689;8.59754;2662.02;5.16958;0;0;0.1;0.01;0;5.20888;0;0;-1
0;713;-11.0523;85.258;18.6714;8.5;2572.44;5.11093;0;0;0.1;0.01;0;3.73841;1;0;-1
0;714;1.68218;-91.9828;17.4353;10.248;4508.23;6.16197;0;0;0.1;0.01;0;3.90745;0;0;-1
0;715;4.58155;-72.2703;15.9831;8.68782;2746.76;5.22386;0;0;0.1;0.01;0;5.1539;0;0;-1
0;716;2.81832;-56.9713;17.336;8.5;2572.44;5.11093;0;0;0.1;0.01;0;5.54516;1;0;-1
0;717;2.9639;-39.8557;16.6705;9.887;4048.39;5.94491;0;0;0.1;0.01;0;6.58643;0;0;-1
0;718;2.38672;-24.4678;16.4648;8.82136;2875.38;5.30416;0;0;0.1;0.01;0;5.63596;0;0;-1
0;719;4.9789;-8.37104;17.1126;8.57217;2638.52;5.15432;0;0;0.1;0.01;0;4.74257;0;0;-1
0;720;4.17239;9.65185;16.3836;9.89258;4055.25;5.94826;0;0;0.1;0.01;0;4.8909;0;0;-1
0;721;2.15951;28.5084;16.6393;9.95865;4137.04;5.98799;0;0;0.1;0.01;0;6.24672;0;0;-1
0;722;2.53286;46.1894;15.6162;8.5982;2662.63;5.16997;0;0;0.1;0.01;0;5.80159;0;0;-1
0;723;2.66081;63.4029;15.8927;10.4039;4717.12;6.25571;0;0;0.1;0.01;0;6.71234;0;0;-1
0;724;0.994343;77.9635;15.9349;8.66392;2724.16;5.20949;0;0;0.1;0.01;0;5.68506;0;0;-1
0;725;4.69702;93.0877;17.7763;8.70908;2766.98;5.23664;0;0;0.1;0.01;0;2.89497;0;0;-1
0;726;17.7773;-82.3782;17.1064;10.0453;4245.97;6.04009;0;0;0.1;0.01;0;5.13136;0;0;-1
0;727;15.8;-64.4131;16.3807;8.5;2572.44;5.11093;0;0;0.1;0.01;0;4.94292;1;0;-1
0;728;16.0241;-50.0861;18.3097;9.61978;3728.93;5.78423;0;0;0.1;0.01;0;5.55428;0;0;-1
0;729;18.93;-33.9831;18.1054;8.5;2572.44;5.11093;0;0;0.1;0.01;0;4.31544;1;0;-1
0;730;18.3567;-17.0105;17.3388;9.30503;3374.75;5.59498;0;0;0.1;0.01;0;5.77461;0;0;-1
0;731;17.4631;2.72033;18.4833;8.54447;2613.03;5.13767;0;0;0.1;0.01;0;4.73804;0;0;-1
0;732;16.5781;21.1415;16.2231;9.14026;3198.63;5.49591;0;0;0.1;0.01;0;6.27702;0;0;-1
0;733;16.5202;37.0712;17.4441;8.88866;2941.69;5.34462;0;0;0.1;0.01;0;5.88905;0;0;-1
0;734;19.6653;52.9285;17.692;8.85858;2911.93;5.32654;0;0;0.1;0.01;0;5.16832;0;0;-1
0;735;16.4136;69.7751;17.3875;8.51644;2587.4;5.12081;0;0;0.1;0.01;0;5.15642;0;0;-1
0;736;17.9164;85.6724;16.4569;9.17315;3233.29;5.51568;0;0;0.1;0.01;0;3.56752;0;0;-1
0;737;33.1754;-92.4858;15.937;9.05955;3114.64;5.44738;0;0;0.1;0.01;0;1.68987;0;0;-1
0;738;33.7888;-73.7683;16.0998;9.51316;3606.31;5.72013;0;0;0.1;0.01;0;5.47742;0;0;-1
0;739;33.1779;-55.2459;18.0184;9.15668;3215.9;5.50578;0;0;0.1;0.01;0;4.54122;0;0;-1
0;740;33.649;-39.025;18.0752;8.5;2572.44;5.11093;0;0;0.1;0.01;0;5.33001;1;0;-1
0;741;31.4401;-24.4838;16.3334;9.37929;3456.2;5.63963;0;0;0.1;0.01;0;6.48227;0;0;-1
0;742;30.7112;-8.06075;18.5997;9.30862;3378.66;5.59714;0;0;0.1;0.01;0;5.49804;0;0;-1
0;743;30.5288;11.5698;17.0186;8.87722;2930.35;5.33774;0;0;0.1;0.01;0;5.13283;0;0;-1
0;744;32.0917;26.8754;16.7654;8.78131;2836.39;5.28007;0;0;0.1;0.01;0;5.4037;0;0;-1
0;745;33.2191;45.7695;16.5271;8.5;2572.44;5.11093;0;0;0.1;0.01;0;5.28932;1;0;-1
0;746;30.4861;63.4358;19.4776;9.08213;3137.99;5.46095;0;0;0.1;0.01;0;6.81651;0;0;-1
0;747;30.6495;77.8139;17.8475;9.25776;3323.58;5.56656;0;0;0.1;0.01;0;5.18483;0;0;-1
0;748;45.3108;-81.2453;16.0914;9.99665;4184.58;6.01084;0;0;0.1;0.01;0;4.70907;0;0;-1
0;749;48.9071;-67.6405;17.0094;8.61752;2680.62;5.18159;0;0;0.1;0.01;0;5.08291;0;0;-1
0;750;47.5144;-48.1662;18.5947;8.5;2572.44;5.11093;0;0;0.1;0.01;0;4.6035;1;0;-1
0;751;46.7636;-31.8988;16.6146;9.52674;3621.78;5.72829;0;0;0.1;0.01;0;6.82935;0;0;-1
0;752;46.3623;-15.3163;17.5063;9.96599;4146.2;5.99241;0;0;0.1;0.01;0;6.40215;0;0;-1
0;753;46.2061;4.39632;19.4804;9.61473;3723.06;5.7812;0;0;0.1;0.01;0;5.43044;0;0;-1
0;754;48.7895;20.47;17.3382;9.77667;3914.37;5.87857;0;0;0.1;0.01;0;6.22887;0;0;-1
0;755;46.8582;34.8802;18.9843;8.5;2572.44;5.11093;0;0;0.1;0.01;0;5.23607;1;0;-1
0;756;45.083;54.0892;16.5907;10.1386;4365.39;6.09619;0;0;0.1;0.01;0;6.5745;0;0;-1
0;757;46.9781;68.9793;17.779;8.7934;2848.13;5.28734;0;0;0.1;0.01;0;5.04433;0;0;-1
0;758;45.9403;86.0491;19.6732;8.5;2572.44;5.11093;0;0;0.1;0.01;0;1.28275;1;0;-1
0;759;61.2217;-75.4426;17.4864;9.74749;3879.42;5.86102;0;0;0.1;0.01;0;2.82252;0;0;-1
0;760;62.3046;-57.9533;18.1596;8.5;2572.44;5.11093;0;0;0.1;0.01;0;4.94899;1;0;-1
0;761;62.5622;-38.7134;16.6999;10.097;4311.87;6.07118;0;0;0.1;0.01;0;7.49669;0;0;-1
0;762;60.4185;-24.2809;16.513;9.90118;4065.83;5.95344;0;0;0.1;0.01;0;7.54624;0;0;-1
0;763;60.3768;-7.40326;16.7504;8.93108;2984.01;5.37013;0;0;0.1;0.01;0;4.8112;0;0;-1
0;764;62.4602;10.6058;16.9694;9.45392;3539.36;5.6845;0;0;0.1;0.01;0;5.78051;0;0;-1
0;765;61.6889;28.5337;16.4778;10.2254;4478.47;6.14838;0;0;0.1;0.01;0;7.22183;0;0;-1
0;766;61.8654;45.206;19.0369;8.67367;2733.36;5.21535;0;0;0.1;0.01;0;6.07943;0;0;-1
0;767;62.2919;63.6403;19.0449;10.0225;4217.13;6.02638;0;0;0.1;0.01;0;4.83155;0;0;-1
0;768;75.9051;-50.2084;19.5133;8.70096;2759.24;5.23176;0;0;0.1;0.01;0;3.01437;0;0;-1
0;769;76.0485;-33.478;18.3422;10.0886;4301.12;6.06613;0;0;0.1;0.01;0;6.13381;0;0;-1
0;770;77.6207;-16.9528;16.7463;8.5;2572.44;5.11093;0;0;0.1;0.01;0;4.96176;1;0;-1
0;771;74.8813;0.853938;19.4094;8.71841;2775.88;5.24225;0;0;0.1;0.01;0;4.4449;0;0;-1
0;772;76.4937;20.1079;16.1854;9.82373;3971.16;5.90687;0;0;0.1;0.01;0;6.5379;0;0;-1
0;773;74.8246;37.9216;19.0744;10.3722;4674.14;6.23665;0;0;0.1;0.01;0;6.73464;0;0;-1
0;774;76.5222;52.4241;18.7557;8.77615;2831.4;5.27697;0;0;0.1;0.01;0;4.58113;0;0;-1
0;775;91.5296;-22.0697;18.6402;9.7875;3927.39;5.88508;0;0;0.1;0.01;0;4.34552;0;0;-1
0;776;92.7481;-7.36112;19.9384;8.5;2572.44;5.11093;0;0;0.1;0.01;0;2.61916;1;0;-1
0;777;91.6971;9.32841;16.2183;9.05672;3111.73;5.44567;0;0;0.1;0.01;0;2.52787;0;0;-1
0;778;89.4658;26.8417;17.3915;9.35384;3428.14;5.62433;0;0;0.1;0.01;0;4.07936;0;0;-1
0;779;-93.5877;2.41135;34.5603;8.55786;2625.33;5.14572;0;0;0.1;0.01;0;2.84468;0;0;-1
0;780;-82.0395;-39.7083;31.6339;9.85962;4014.85;5.92845;0;0;0.1;0.01;0;3.1565;0;0;-1
0;781;-79.6847;-25.0878;32.4547;9.32437;3395.84;5.60661;0;0;0.1;0.01;0;4.25318;0;0;-1
0;782;-78.9992;-6.09283;34.0235;9.22038;3283.49;5.54408;0;0;0.1;0.01;0;5.9767;0;0;-1
0;783;-80.1806;10.0449;31.8103;8.73128;2788.19;5.24999;0;0;0.1;0.01;0;4.8941;0;0;-1
0;784;-82.7026;25.8714;30.922;9.40262;3482.05;5.65366;0;0;0.1;0.01;0;2.74815;0;0;-1
0;785;-79.901;46.0358;31.3475;8.54151;2610.31;5.13589;0;0;0.1;0.01;0;2.20434;0;0;-1
0;786;-65.958;-66.8907;33.9502;9.46889;3556.2;5.69351;0;0;0.1;0.01;0;3.41919;0;0;-1
0;787;-66.6289;-47.6767;32.2392;9.70994;3834.76;5.83845;0;0;0.1;0.01;0;4.79125;0;0;-1
0;788;-64.3034;-30.771;34.2068;9.95636;4134.19;5.98661;0;0;0.1;0.01;0;6.55728;0;0;-1
0;789;-66.7705;-15.5652;31.015;8.5;2572.44;5.11093;0;0;0.1;0.01;0;5.95265;1;0;-1
0;790;-65.6086;0.0189281;34.1238;8.9441;2997.08;5.37796;0;0;0.1;0.01;0;5.98536;0;0;-1
0;791;-66.551;18.1306;33.896;8.5;2572.44;5.11093;0;0;0.1;0.01;0;4.43002;1;0;-1
0;792;-64.4051;35.1725;31.6588;8.58667;2651.94;5.16304;0;0;0.1;0.01;0;4.16701;0;0;-1
0;793;-66.8411;53.0585;33.2033;9.91933;4088.23;5.96435;0;0;0.1;0.01;0;3.57394;0;0;-1
0;794;-53.1872;-73.3261;30.6161;10.1149;4334.84;6.08194;0;0;0.1;0.01;0;4.85128;0;0;-1
0;795;-50.185;-58.7164;30.985;9.48167;3570.62;5.70119;0;0;0.1;0.01;0;6.02529;0;0;-1
0;796;-49.8381;-38.403;31.6553;9.72083;3847.68;5.84499;0;0;0.1;0.01;0;6.12788;0;0;-1
0;797;-52.8063;-21.2972;31.1184;8.5;2572.44;5.11093;0;0;0.1;0.01;0;4.91563;1;0;-1
0;798;-52.7043;-7.29193;34.1922;9.66627;3783.25;5.81219;0;0;0.1;0.01;0;4.47765;0;0;-1
0;799;-51.6665;11.8709;31.784;8.5;2572.44;5.11093;0;0;0.1;0.01;0;4.16286;1;0;-1
0;800;-50.7121;29.4033;32.6119;8.5;2572.44;5.11093;0;0;0.1;0.01;0;5.23839;1;0;-1
0;801;-52.7784;43.3437;33.1273;8.5;2572.44;5.11093;0;0;0.1;0.01;0;5.24064;1;0;-1
0;802;-51.644;60.072;33.9722;8.5;2572.44;5.11093;0;0;0.1;0.01;0;4.23537;1;0;-1
0;803;-35.6419;-85.3951;34.281;10.1766;4414.65;6.11904;0;0;0.1;0.01;0;3.63754;0;0;-1
0;804;-37.9977;-66.3745;31.284;8.5;2572.44;5.11093;0;0;0.1;0.01;0;4.55828;1;0;-1
0;805;-37.9471;-47.2936;33.1278;9.74583;3877.44;5.86003;0;0;0.1;0.01;0;5.96547;0;0;-1
0;806;-34.4744;-33.0314;33.0293;10.2533;4515.23;6.16516;0;0;0.1;0.01;0;6.52075;0;0;-1
0;807;-35.1759;-16.2791;32.7135;8.8572;2910.57;5.32571;0;0;0.1;0.01;0;4.13069;0;0;-1
0;808;-35.3404;2.97881;32.3017;8.80953;2863.83;5.29704;0;0;0.1;0.01;0;4.53405;0;0;-1
0;809;-38.3047;17.6732;32.7564;8.96634;3019.49;5.39133;0;0;0.1;0.01;0;4.90038;0;0;-1
0;810;-36.9788;37.9441;31.661;9.65063;3764.92;5.80278;0;0;0.1;0.01;0;6.08353;0;0;-1
0;811;-36.8411;52.4681;32.4181;8.9865;3039.91;5.40345;0;0;0.1;0.01;0;5.22385;0;0;-1
0;812;-37.9079;69.1928;32.1215;8.5;2572.44;5.11093;0;0;0.1;0.01;0;3.35606;1;0;-1
0;813;-20.9675;-91.029;34.0221;9.86408;4020.3;5.93113;0;0;0.1;0.01;0;3.76474;0;0;-1
0;814;-22.9253;-74.3034;32.2356;8.5;2572.44;5.11093;0;0;0.1;0.01;0;5.12;1;0;-1
0;815;-22.8352;-57.0538;34.4218;8.61747;2680.57;5.18156;0;0;0.1;0.01;0;4.5853;0;0;-1
0;816;-21.8618;-42.7445;31.8862;8.61331;2676.69;5.17906;0;0;0.1;0.01;0;5.67848;0;0;-1
0;817;-20.4348;-21.6638;31.3787;8.5;2572.44;5.11093;0;0;0.1;0.01;0;3.95913;1;0;-1
0;818;-20.9577;-4.75641;34.0473;9.37895;3455.82;5.63943;0;0;0.1;0.01;0;5.90083;0;0;-1
0;819;-21.7884;11.1918;31.6467;8.93559;2988.53;5.37284;0;0;0.1;0.01;0;5.87711;0;0;-1
0;820;-22.9964;29.3686;33.7839;9.49202;3582.32;5.70741;0;0;0.1;0.01;0;5.5551;0;0;-1
0;821;-20.7394;44.2979;33.809;9.19925;3260.96;5.53138;0;0;0.1;0.01;0;6.29553;0;0;-1
0;822;-20.4325;59.6993;30.9798;8.65751;2718.11;5.20564;0;0;0.1;0.01;0;5.12147;0;0;-1
0;823;-21.769;76.7158;32.675;10.0526;4255.24;6.04448;0;0;0.1;0.01;0;4.73947;0;0;-1
0;824;-6.81612;-81.4831;33.0105;10.2345;4490.44;6.15386;0;0;0.1;0.01;0;5.7362;0;0;-1
0;825;-7.58117;-65.85;32.0447;9.11861;3175.96;5.48289;0;0;0.1;0.01;0;4.8536;0;0;-1
0;826;-8.80931;-46.941;30.7955;9.1191;3176.47;5.48318;0;0;0.1;0.01;0;5.15001;0;0;-1
0;827;-5.45882;-32.6257;31.1743;8.5;2572.44;5.11093;0;0;0.1;0.01;0;4.742;1;0;-1
0;828;-8.8431;-13.1771;31.5898;10.4144;4731.42;6.26203;0;0;0.1;0.01;0;6.59129;0;0;-1
0;829;-7.46541;3.47589;31.9467;9.30981;3379.96;5.59785;0;0;0.1;0.01;0;6.08575;0;0;-1
0;830;-6.85316;20.9979;33.635;10.0649;4270.88;6.05188;0;0;0.1;0.01;0;5.67617;0;0;-1
0;831;-7.47885;37.7972;34.086;9.13604;3194.2;5.49337;0;0;0.1;0.01;0;6.14364;0;0;-1
0;832;-5.85426;51.7255;33.6878;8.5;2572.44;5.11093;0;0;0.1;0.01;0;5.49253;1;0;-1
0;833;-7.20287;69.7843;32.4019;8.73803;2794.66;5.25405;0;0;0.1;0.01;0;4.34908;0;0;-1
0;834;-6.78008;88.6481;31.1325;8.56897;2635.57;5.1524;0;0;0.1;0.01;0;2.16957;0;0;-1
0;835;8.24872;-89.4375;34.6622;8.757;2812.9;5.26546;0;0;0.1;0.01;0;3.18328;0;0;-1
0;836;7.70464;-74.4751;32.4979;10.4534;4784.77;6.28548;0;0;0.1;0.01;0;7.03385;0;0;-1
0;837;6.34594;-58.9445;31.8203;8.79873;2853.31;5.29055;0;0;0.1;0.01;0;5.10364;0;0;-1
0;838;8.48905;-42.9165;33.2004;10.0561;4259.68;6.04659;0;0;0.1;0.01;0;6.75169;0;0;-1
0;839;6.86418;-23.8825;32.7499;8.90408;2957.03;5.35389;0;0;0.1;0.01;0;4.87833;0;0;-1
0;840;7.21322;-6.04616;33.7218;9.87605;4034.95;5.93833;0;0;0.1;0.01;0;6.05065;0;0;-1
0;841;5.64781;8.79029;34.3863;9.10205;3158.68;5.47293;0;0;0.1;0.01;0;4.74276;0;0;-1
0;842;8.33808;27.8168;31.045;9.25309;3318.55;5.56375;0;0;0.1;0.01;0;5.1593;0;0;-1
0;843;6.79275;42.8938;30.5922;10.1876;4428.99;6.12566;0;0;0.1;0.01;0;6.4201;0;0;-1
0;844;8.63767;61.5713;30.9064;8.68436;2743.48;5.22178;0;0;0.1;0.01;0;4.75641;0;0;-1
0;845;9.12052;78.9337;31.9042;9.46328;3549.88;5.69013;0;0;0.1;0.01;0;4.70501;0;0;-1
0;846;23.1446;-82.6634;33.8531;9.93443;4106.93;5.97343;0;0;0.1;0.01;0;4.7671;0;0;-1
0;847;22.6489;-67.9634;33.0092;9.85623;4010.71;5.92641;0;0;0.1;0.01;0;5.40333;0;0;-1
0;848;23.8701;-47.7366;33.3887;8.90151;2954.47;5.35235;0;0;0.1;0.01;0;5.89645;0;0;-1
0;849;21.1356;-32.2915;32.4675;10.1635;4397.63;6.11117;0;0;0.1;0.01;0;7.03811;0;0;-1
0;850;22.1193;-14.0035;32.2165;10.1553;4386.99;6.10623;0;0;0.1;0.01;0;6.79556;0;0;-1
0;851;22.3391;0.48138;30.9427;8.92445;2977.37;5.36614;0;0;0.1;0.01;0;5.12705;0;0;-1
0;852;23.0048;19.3357;30.4858;9.06881;3124.2;5.45294;0;0;0.1;0.01;0;4.82385;0;0;-1
0;853;22.1093;37.557;33.9867;9.3486;3422.38;5.62118;0;0;0.1;0.01;0;5.73731;0;0;-1
0;854;23.7951;51.3868;32.5704;9.90615;4071.96;5.95642;0;0;0.1;0.01;0;6.81418;0;0;-1
0;855;22.3266;68.7548;30.9975;8.75237;2808.44;5.26267;0;0;0.1;0.01;0;5.90295;0;0;-1
0;856;20.8583;89.3902;34.2247;9.34689;3420.5;5.62015;0;0;0.1;0.01;0;1.60261;0;0;-1
0;857;35.7834;-74.7209;32.7924;8.5;2572.44;5.11093;0;0;0.1;0.01;0;3.42804;1;0;-1
0;858;37.1896;-55.0866;32.8382;9.55435;3653.36;5.74489;0;0;0.1;0.01;0;5.76318;0;0;-1
0;859;35.5751;-38.4165;30.8928;8.5;2572.44;5.11093;0;0;0.1;0.01;0;5.31;1;0;-1
0;860;37.4992;-21.9855;32.1809;8.5;2572.44;5.11093;0;0;0.1;0.01;0;4.75611;1;0;-1
0;861;35.8993;-4.81226;33.209;9.17157;3231.62;5.51473;0;0;0.1;0.01;0;5.72706;0;0;-1
0;862;38.7409;9.35252;32.4859;8.59517;2659.82;5.16815;0;0;0.1;0.01;0;4.91389;0;0;-1
0;863;38.1048;25.5613;32.9972;9.81869;3965.06;5.90384;0;0;0.1;0.01;0;5.59269;0;0;-1
0;864;38.3506;43.1652;33.094;9.76301;3897.98;5.87036;0;0;0.1;0.01;0;6.0208;0;0;-1
0;865;35.3795;61.8613;33.7035;9.76121;3895.83;5.86927;0;0;0.1;0.01;0;6.62533;0;0;-1
0;866;36.856;77.2522;32.1592;10.0224;4217;6.02632;0;0;0.1;0.01;0;5.23605;0;0;-1
0;867;52.8291;-64.6679;31.9372;9.06145;3116.6;5.44852;0;0;0.1;0.01;0;3.97327;0;0;-1
0;868;53.1625;-49.3395;32.1266;9.43641;3519.73;5.67398;0;0;0.1;0.01;0;5.6562;0;0;-1
0;869;52.0703;-33.387;32.4059;9.52844;3623.71;5.72931;0;0;0.1;0.01;0;6.14043;0;0;-1
0;870;51.5445;-17.3171;31.5942;9.93219;4104.15;5.97208;0;0;0.1;0.01;0;6.3202;0;0;-1
0;871;53.2124;0.913111;33.8732;10.0205;4214.6;6.02518;0;0;0.1;0.01;0;6.86777;0;0;-1
0;872;52.4647;17.8209;33.3851;8.9672;3020.36;5.39185;0;0;0.1;0.01;0;6.01628;0;0;-1
0;873;53.4741;38.1449;32.2405;8.9671;3020.26;5.39179;0;0;0.1;0.01;0;6.03688;0;0;-1
0;874;53.2663;53.181;33.3264;9.60563;3712.5;5.77573;0;0;0.1;0.01;0;6.96903;0;0;-1
0;875;51.4245;68.3323;32.419;9.14929;3208.12;5.50134;0;0;0.1;0.01;0;4.86776;0;0;-1
0;876;67.2594;-58.0707;32.4255;8.83388;2887.64;5.31168;0;0;0.1;0.01;0;3.29211;0;0;-1
0;877;67.6937;-38.6021;31.5516;9.31078;3381.01;5.59844;0;0;0.1;0.01;0;5.34625;0;0;-1
0;878;66.3894;-21.8154;31.9624;9.12977;3187.63;5.4896;0;0;0.1;0.01;0;5.27263;0;0;-1
0;879;66.9421;-4.77038;32.6261;9.85842;4013.38;5.92772;0;0;0.1;0.01;0;5.72589;0;0;-1
0;880;67.2125;10.3573;32.9734;8.94914;3002.15;5.38099;0;0;0.1;0.01;0;6.55112;0;0;-1
0;881;66.2105;28.013;33.7852;8.61621;2679.4;5.1808;0;0;0.1;0.01;0;5.82116;0;0;-1
0;882;67.3155;45.6452;31.0857;9.11558;3172.79;5.48107;0;0;0.1;0.01;0;6.46641;0;0;-1
0;883;67.016;59.5004;32.0802;9.87652;4035.53;5.93861;0;0;0.1;0.01;0;4.75433;0;0;-1
0;884;79.9433;-30.255;33.829;9.91075;4077.63;5.95919;0;0;0.1;0.01;0;4.39991;0;0;-1
0;885;80.1742;-15.9662;30.7254;8.8039;2858.34;5.29366;0;0;0.1;0.01;0;4.50814;0;0;-1
0;886;79.6589;3.68583;33.5461;10.0827;4293.58;6.06258;0;0;0.1;0.01;0;4.94794;0;0;-1
0;887;80.7149;19.7003;34.1938;8.73611;2792.82;5.2529;0;0;0.1;0.01;0;3.84891;0;0;-1
0;888;80.5449;33.6364;31.922;8.98096;3034.29;5.40012;0;0;0.1;0.01;0;4.25756;0;0;-1
0;889;-86.3529;-6.44357;47.2362;9.7781;3916.08;5.87943;0;0;0.1;0.01;0;3.2438;0;0;-1
0;890;-85.6598;9.8594;47.7981;10.4049;4718.48;6.25632;0;0;0.1;0.01;0;3.02166;0;0;-1
0;891;-69.0187;-49.9831;48.7931;10.4318;4755.17;6.27249;0;0;0.1;0.01;0;2.88111;0;0;-1
0;892;-69.3904;-33.744;47.9846;8.5;2572.44;5.11093;0;0;0.1;0.01;0;4.09499;1;0;-1
0;893;-69.3656;-13.3649;47.6975;9.91875;4087.52;5.964;0;0;0.1;0.01;0;5.72474;0;0;-1
0;894;-71.5154;0.838575;46.7772;8.91111;2964.04;5.35812;0;0;0.1;0.01;0;5.62228;0;0;-1
0;895;-68.5662;18.036;47.0548;8.75571;2811.66;5.26468;0;0;0.1;0.01;0;3.93481;0;0;-1
0;896;-70.5772;36.4593;49.3642;9.25688;3322.63;5.56603;0;0;0.1;0.01;0;1.72411;0;0;-1
0;897;-56.6406;-59.6076;46.1481;8.92538;2978.3;5.3667;0;0;0.1;0.01;0;4.10014;0;0;-1
0;898;-57.0569;-39.1324;47.6038;9.30218;3371.65;5.59327;0;0;0.1;0.01;0;5.77826;0;0;-1
0;899;-57.0472;-23.2627;47.2583;8.5;2572.44;5.11093;0;0;0.1;0.01;0;5.45271;1;0;-1
0;900;-56.8258;-6.9103;48.8132;9.56046;3660.37;5.74857;0;0;0.1;0.01;0;5.9049;0;0;-1
0;901;-54.5979;12.7562;45.9832;8.6949;2753.48;5.22812;0;0;0.1;0.01;0;4.42131;0;0;-1
0;902;-57.7027;29.7435;45.9844;8.5;2572.44;5.11093;0;0;0.1;0.01;0;4.65824;1;0;-1
0;903;-56.2995;45.9428;47.034;8.5;2572.44;5.11093;0;0;0.1;0.01;0;4.4595;1;0;-1
0;904;-54.4438;61.2996;46.4132;8.73256;2789.42;5.25076;0;0;0.1;0.01;0;3.49891;0;0;-1
0;905;-40.6467;-64.3857;45.8808;8.77308;2828.43;5.27513;0;0;0.1;0.01;0;3.66226;0;0;-1
0;906;-40.4048;-50.5753;48.2076;9.14813;3206.9;5.50064;0;0;0.1;0.01;0;5.15899;0;0;-1
0;907;-43.2008;-30.0723;46.0941;10.1709;4407.24;6.11561;0;0;0.1;0.01;0;6.05379;0;0;-1
0;908;-41.5082;-14.2959;49.0774;8.5;2572.44;5.11093;0;0;0.1;0.01;0;4.98805;1;0;-1
0;909;-41.6398;0.774757;49.2651;8.65928;2719.78;5.2067;0;0;0.1;0.01;0;4.60052;0;0;-1
0;910;-42.0993;16.7764;48.2734;10.2808;4551.66;6.1817;0;0;0.1;0.01;0;5.92328;0;0;-1
0;911;-42.3265;35.8807;45.2253;8.59133;2656.26;5.16584;0;0;0.1;0.01;0;4.95006;0;0;-1
0;912;-41.2189;53.2385;48.9049;10.1348;4360.48;6.09391;0;0;0.1;0.01;0;6.53528;0;0;-1
0;913;-42.4828;69.7208;48.0966;9.85071;4003.97;5.92309;0;0;0.1;0.01;0;4.23763;0;0;-1
0;914;-27.8296;-76.7436;46.7421;9.0812;3137.03;5.46039;0;0;0.1;0.01;0;2.963;0;0;-1
0;915;-26.1716;-55.509;48.3193;8.59395;2658.69;5.16742;0;0;0.1;0.01;0;5.99615;0;0;-1
0;916;-27.6868;-41.4904;46.5297;9.63897;3751.29;5.79577;0;0;0.1;0.01;0;7.57666;0;0;-1
0;917;-28.031;-24.2552;49.439;8.5;2572.44;5.11093;0;0;0.1;0.01;0;4.80431;1;0;-1
0;918;-25.7043;-8.79462;47.3284;8.5;2572.44;5.11093;0;0;0.1;0.01;0;4.63752;1;0;-1
0;919;-26.6748;12.0281;46.5414;9.92574;4096.16;5.9682;0;0;0.1;0.01;0;5.77927;0;0;-1
0;920;-26.956;29.5831;48.5534;10.2075;4454.99;6.13762;0;0;0.1;0.01;0;7.06208;0;0;-1
0;921;-26.3519;45.1514;48.8378;9.22863;3292.31;5.54904;0;0;0.1;0.01;0;6.11743;0;0;-1
0;922;-25.8921;60.8806;46.5173;10.3198;4603.65;6.20515;0;0;0.1;0.01;0;6.87194;0;0;-1
0;923;-25.5686;79.3339;48.4992;9.1597;3219.08;5.50759;0;0;0.1;0.01;0;3.17721;0;0;-1
0;924;-12.3661;-80.7863;46.0137;8.874;2927.16;5.33581;0;0;0.1;0.01;0;3.0726;0;0;-1
0;925;-11.8866;-64.6886;47.9593;8.62741;2689.86;5.18754;0;0;0.1;0.01;0;4.45728;0;0;-1
0;926;-13.494;-47.9734;46.5721;10.3686;4669.27;6.23449;0;0;0.1;0.01;0;7.51948;0;0;-1
0;927;-12.6928;-33.5687;49.1074;10.005;4195.08;6.01586;0;0;0.1;0.01;0;5.88028;0;0;-1
0;928;-11.4143;-13.8829;48.6906;9.93402;4106.42;5.97318;0;0;0.1;0.01;0;6.7709;0;0;-1
0;929;-11.0364;0.269779;46.1098;9.49154;3581.78;5.70713;0;0;0.1;0.01;0;6.65083;0;0;-1
0;930;-13.1754;19.509;47.8627;10.0132;4205.4;6.02079;0;0;0.1;0.01;0;6.2591;0;0;-1
0;931;-11.257;37.0914;49.0523;8.84922;2902.71;5.32091;0;0;0.1;0.01;0;6.44981;0;0;-1
0;932;-12.1986;52.543;48.7848;9.02879;3083.03;5.42888;0;0;0.1;0.01;0;7.20813;0;0;-1
0;933;-11.7524;69.7928;48.0769;10.1432;4371.33;6.09896;0;0;0.1;0.01;0;5.86839;0;0;-1
0;934;-12.8181;86.6147;47.9903;8.5;2572.44;5.11093;0;0;0.1;0.01;0;1.66634;1;0;-1
0;935;2.06099;-73.14;45.8801;8.5;2572.44;5.11093;0;0;0.1;0.01;0;4.91263;1;0;-1
0;936;1.61277;-59.4374;46.6215;8.99434;3047.87;5.40817;0;0;0.1;0.01;0;5.60798;0;0;-1
0;937;2.35643;-42.2788;46.9594;9.40872;3488.83;5.65733;0;0;0.1;0.01;0;5.65132;0;0;-1
0;938;1.44665;-22.4083;48.5111;9.3869;3464.62;5.64421;0;0;0.1;0.01;0;5.82079;0;0;-1
0;939;4.3096;-5.38818;49.0432;9.50215;3593.8;5.7135;0;0;0.1;0.01;0;6.81305;0;0;-1
0;940;3.22388;8.86382;49.2404;9.40384;3483.41;5.65439;0;0;0.1;0.01;0;5.80951;0;0;-1
0;941;1.82451;29.634;47.3235;8.5;2572.44;5.11093;0;0;0.1;0.01;0;5.04915;1;0;-1
0;942;1.08606;45.5422;47.6033;8.53776;2606.88;5.13363;0;0;0.1;0.01;0;6.17269;0;0;-1
0;943;1.486;60.6197;45.6706;9.03964;3094.15;5.4354;0;0;0.1;0.01;0;5.43782;0;0;-1
0;944;4.93453;79.7274;48.663;10.1102;4328.8;6.07912;0;0;0.1;0.01;0;3.00455;0;0;-1
0;945;18.9273;-84.4756;48.8913;8.82496;2878.9;5.30632;0;0;0.1;0.01;0;1.95447;0;0;-1
0;946;18.282;-65.9294;46.712;9.13393;3191.99;5.4921;0;0;0.1;0.01;0;4.69425;0;0;-1
0;947;16.9289;-49.4131;46.2895;8.5;2572.44;5.11093;0;0;0.1;0.01;0;4.61529;1;0;-1
0;948;19.3941;-34.4005;45.9318;10.2763;4545.68;6.17899;0;0;0.1;0.01;0;6.56828;0;0;-1
0;949;16.1443;-14.8566;48.4604;9.22523;3288.67;5.547;0;0;0.1;0.01;0;6.34183;0;0;-1
0;950;18.7769;1.80824;48.5207;8.50641;2578.26;5.11478;0;0;0.1;0.01;0;5.65999;0;0;-1
0;951;17.3916;17.4839;46.7731;9.55479;3653.86;5.74516;0;0;0.1;0.01;0;5.23449;0;0;-1
0;952;16.0254;36.3979;49.011;8.5;2572.44;5.11093;0;0;0.1;0.01;0;4.9518;1;0;-1
0;953;19.24;50.8491;45.5636;9.03341;3087.76;5.43166;0;0;0.1;0.01;0;5.11246;0;0;-1
0;954;17.4136;71.097;46.7974;9.52319;3617.73;5.72616;0;0;0.1;0.01;0;4.54223;0;0;-1
0;955;33.2082;-74.2747;48.7909;8.9766;3029.87;5.3975;0;0;0.1;0.01;0;3.24478;0;0;-1
0;956;33.111;-57.1357;47.8282;9.60965;3717.16;5.77814;0;0;0.1;0.01;0;6.04863;0;0;-1
0;957;33.4733;-39.2145;45.8251;9.85133;4004.73;5.92346;0;0;0.1;0.01;0;6.54278;0;0;-1
0;958;30.796;-22.5138;46.1747;9.98303;4167.5;6.00265;0;0;0.1;0.01;0;6.38903;0;0;-1
0;959;31.9826;-5.0422;47.771;9.48791;3577.67;5.70494;0;0;0.1;0.01;0;5.83485;0;0;-1
0;960;33.2564;12.0629;47.6366;9.44032;3524.1;5.67633;0;0;0.1;0.01;0;5.47806;0;0;-1
0;961;30.6873;25.785;46.9811;9.75134;3884.02;5.86334;0;0;0.1;0.01;0;6.52731;0;0;-1
0;962;32.7092;43.2091;48.5163;8.95476;3007.81;5.38437;0;0;0.1;0.01;0;6.116;0;0;-1
0;963;31.8855;59.3284;48.6147;9.99243;4179.28;6.0083;0;0;0.1;0.01;0;6.93084;0;0;-1
0;964;30.936;76.2534;47.7002;9.44588;3530.33;5.67967;0;0;0.1;0.01;0;4.12448;0;0;-1
0;965;45.9659;-63.7044;46.5668;8.50235;2574.57;5.11234;0;0;0.1;0.01;0;3.31022;0;0;-1
0;966;46.1743;-47.4745;47.5699;10.2055;4452.37;6.13642;0;0;0.1;0.01;0;6.42982;0;0;-1
0;967;47.6486;-31.4623;46.2943;8.5;2572.44;5.11093;0;0;0.1;0.01;0;5.04261;1;0;-1
0;968;45.2291;-13.9422;49.0262;9.26855;3335.22;5.57304;0;0;0.1;0.01;0;5.88846;0;0;-1
0;969;45.9003;-0.221206;45.3791;8.5;2572.44;5.11093;0;0;0.1;0.01;0;5.3466;1;0;-1
0;970;47.7157;20.7852;46.8838;10.0206;4214.73;6.02524;0;0;0.1;0.01;0;7.16657;0;0;-1
0;971;45.3003;36.6189;48.5872;9.44979;3534.72;5.68202;0;0;0.1;0.01;0;6.80044;0;0;-1
0;972;46.472;54.7683;49.1033;9.69619;3818.49;5.83018;0;0;0.1;0.01;0;5.88149;0;0;-1
0;973;45.6611;72.0091;48.4206;9.86394;4020.13;5.93104;0;0;0.1;0.01;0;3.34214;0;0;-1
0;974;63.7034;-58.7715;46.4853;8.74716;2803.43;5.25954;0;0;0.1;0.01;0;2.38162;0;0;-1
0;975;62.012;-42.3762;47.6478;9.36522;3440.67;5.63117;0;0;0.1;0.01;0;5.048;0;0;-1
0;976;59.896;-24.0712;48.52;8.5;2572.44;5.11093;0;0;0.1;0.01;0;4.85876;1;0;-1
0;977;63.6073;-8.69819;46.8159;10.1425;4370.42;6.09854;0;0;0.1;0.01;0;6.67273;0;0;-1
0;978;60.6656;8.1306;47.1491;9.86993;4027.46;5.93465;0;0;0.1;0.01;0;6.38282;0;0;-1
0;979;61.5206;26.812;46.1104;9.90075;4065.3;5.95318;0;0;0.1;0.01;0;6.42662;0;0;-1
0;980;60.1733;43.6496;46.042;10.1384;4365.13;6.09607;0;0;0.1;0.01;0;6.24441;0;0;-1
0;981;61.1689;61.0008;46.9976;9.12844;3186.24;5.4888;0;0;0.1;0.01;0;3.76044;0;0;-1
0;982;77.2929;-30.3705;48.6424;8.61289;2676.3;5.17881;0;0;0.1;0.01;0;2.62365;0;0;-1
0;983;77.1316;-17.1005;47.7251;8.5;2572.44;5.11093;0;0;0.1;0.01;0;3.16379;1;0;-1
0;984;75.568;1.83163;46.5472;9.84126;3992.46;5.91741;0;0;0.1;0.01;0;5.04659;0;0;-1
0;985;78.6893;17.3385;48.8026;10.0526;4255.24;6.04448;0;0;0.1;0.01;0;4.18432;0;0;-1
0;986;75.282;34.6949;45.9227;10.2898;4563.62;6.18711;0;0;0.1;0.01;0;4.40734;0;0;-1
0;987;-65.6106;-30.2881;62.2627;8.57744;2643.39;5.15749;0;0;0.1;0.01;0;3.43816;0;0;-1
0;988;-66.5765;-15.4237;63.5478;8.87947;2932.58;5.3391;0;0;0.1;0.01;0;3.54304;0;0;-1
0;989;-66.6898;0.54588;61.3408;8.52153;2592.04;5.12387;0;0;0.1;0.01;0;3.48004;0;0;-1
0;990;-66.1509;19.5129;63.934;9.60852;3715.85;5.77746;0;0;0.1;0.01;0;3.35542;0;0;-1
0;991;-51.8178;-58.4795;60.4477;9.06277;3117.97;5.44931;0;0;0.1;0.01;0;2.13788;0;0;-1
0;992;-51.4194;-38.7585;63.6234;10.4312;4754.35;6.27213;0;0;0.1;0.01;0;5.19865;0;0;-1
0;993;-50.7507;-24.5021;63.3006;8.99047;3043.94;5.40584;0;0;0.1;0.01;0;6.4127;0;0;-1
0;994;-52.7029;-8.78973;61.3394;8.75928;2815.1;5.26683;0;0;0.1;0.01;0;4.57431;0;0;-1
0;995;-53.4883;10.3271;61.6454;10.3467;4639.75;6.22132;0;0;0.1;0.01;0;5.60372;0;0;-1
0;996;-53.0201;27.1253;62.1092;8.5119;2583.26;5.11808;0;0;0.1;0.01;0;4.04336;0;0;-1
0;997;-51.7542;46.522;61.8041;9.49673;3587.66;5.71025;0;0;0.1;0.01;0;3.02879;0;0;-1
0;998;-36.3699;-47.555;60.517;9.31429;3384.84;5.60055;0;0;0.1;0.01;0;6.18536;0;0;-1
0;999;-36.9156;-33.1701;64.1625;8.56914;2635.73;5.1525;0;0;0.1;0.01;0;5.89189;0;0;-1
0;1000;-35.4733;-15.6556;62.6723;9.77893;3917.08;5.87993;0;0;0.1;0.01;0;6.62003;0;0;-1
0;1001;-36.1642;1.45704;63.9628;8.73934;2795.92;5.25484;0;0;0.1;0.01;0;4.87597;0;0;-1
0;1002;-35.07;19.586;62.2186;8.80965;2863.94;5.29711;0;0;0.1;0.01;0;5.88722;0;0;-1
0;1003;-35.2279;37.0917;60.662;9.96828;4149.06;5.99378;0;0;0.1;0.01;0;6.29407;0;0;-1
0;1004;-38.3066;52.2595;63.8384;9.47991;3568.63;5.70013;0;0;0.1;0.01;0;3.94542;0;0;-1
0;1005;-38.316;67.9566;60.6997;9.61487;3723.22;5.78128;0;0;0.1;0.01;0;3.18345;0;0;-1
0;1006;-21.3153;-73.2316;63.7614;8.5;2572.44;5.11093;0;0;0.1;0.01;0;1.71478;1;0;-1
0;1007;-23.2921;-57.0284;62.2434;10.4;4711.82;6.25337;0;0;0.1;0.01;0;6.18671;0;0;-1
0;1008;-22.2396;-40.8631;61.3935;10.2717;4539.58;6.17622;0;0;0.1;0.01;0;8.0294;0;0;-1
0;1009;-21.3063;-22.7335;63.66;8.53442;2603.82;5.13162;0;0;0.1;0.01;0;6.24166;0;0;-1
0;1010;-21.9757;-5.56666;62.125;10.3597;4657.26;6.22914;0;0;0.1;0.01;0;6.43799;0;0;-1
0;1011;-22.1189;10.5204;60.8489;8.5;2572.44;5.11093;0;0;0.1;0.01;0;3.63446;1;0;-1
0;1012;-23.7853;26.8095;63.5265;9.01866;3072.66;5.42279;0;0;0.1;0.01;0;4.69477;0;0;-1
0;1013;-22.4093;44.4765;62.8144;9.87176;4029.7;5.93575;0;0;0.1;0.01;0;6.77072;0;0;-1
0;1014;-21.8342;59.7006;60.1774;8.81698;2871.1;5.30152;0;0;0.1;0.01;0;5.43676;0;0;-1
0;1015;-7.87595;-67.691;60.3438;8.52518;2595.37;5.12607;0;0;0.1;0.01;0;3.89093;0;0;-1
0;1016;-7.87142;-47.7036;63.1316;10.2311;4485.96;6.15181;0;0;0.1;0.01;0;6.71368;0;0;-1
0;1017;-5.56335;-29.8883;63.3925;9.05885;3113.92;5.44696;0;0;0.1;0.01;0;6.57437;0;0;-1
0;1018;-6.85166;-15.3318;60.9696;8.54701;2615.36;5.13919;0;0;0.1;0.01;0;6.6247;0;0;-1
0;1019;-8.78648;0.620306;60.7714;8.5;2572.44;5.11093;0;0;0.1;0.01;0;4.71365;1;0;-1
0;1020;-6.957;20.8272;60.3911;8.92528;2978.2;5.36664;0;0;0.1;0.01;0;4.61511;0;0;-1
0;1021;-8.8334;36.0091;63.5775;9.68264;3802.51;5.82203;0;0;0.1;0.01;0;7.04674;0;0;-1
0;1022;-6.47261;52.1453;61.0302;9.64341;3756.48;5.79844;0;0;0.1;0.01;0;7.58098;0;0;-1
0;1023;-7.43197;67.671;60.8766;10.3052;4584.14;6.19637;0;0;0.1;0.01;0;4.93555;0;0;-1
0;1024;5.32006;-73.7705;61.9476;8.5;2572.44;5.11093;0;0;0.1;0.01;0;2.23739;1;0;-1
0;1025;6.87243;-57.4055;62.303;10.176;4413.87;6.11868;0;0;0.1;0.01;0;5.81648;0;0;-1
0;1026;7.7467;-39.3541;61.0291;8.5;2572.44;5.11093;0;0;0.1;0.01;0;4.55324;1;0;-1
0;1027;6.38202;-22.6901;62.3464;9.92312;4092.92;5.96663;0;0;0.1;0.01;0;6.71139;0;0;-1
0;1028;9.17376;-6.37385;62.4726;10.2402;4497.94;6.15728;0;0;0.1;0.01;0;6.85838;0;0;-1
0;1029;8.78308;12.1963;62.2453;8.66534;2725.5;5.21034;0;0;0.1;0.01;0;4.78925;0;0;-1
0;1030;7.91761;26.3244;63.4167;8.5;2572.44;5.11093;0;0;0.1;0.01;0;5.49349;1;0;-1
0;1031;7.42423;42.0731;60.08;10.2988;4575.6;6.19252;0;0;0.1;0.01;0;6.63295;0;0;-1
0;1032;6.6379;63.0862;63.2925;9.3194;3390.41;5.60362;0;0;0.1;0.01;0;4.62306;0;0;-1
0;1033;21.3022;-63.8683;60.9592;8.5;2572.44;5.11093;0;0;0.1;0.01;0;3.70136;1;0;-1
0;1034;23.2534;-50.299;61.9488;8.5;2572.44;5.11093;0;0;0.1;0.01;0;4.43428;1;0;-1
0;1035;20.9371;-32.363;61.0305;8.5;2572.44;5.11093;0;0;0.1;0.01;0;3.83374;1;0;-1
0;1036;24.2154;-12.6694;60.3644;8.5;2572.44;5.11093;0;0;0.1;0.01;0;5.40577;1;0;-1
0;1037;20.6073;2.95318;61.7797;8.5;2572.44;5.11093;0;0;0.1;0.01;0;5.06441;1;0;-1
0;1038;23.081;19.7956;63.7369;10.3275;4613.96;6.20978;0;0;0.1;0.01;0;7.34208;0;0;-1
0;1039;21.9249;37.8429;63.1534;8.70203;2760.26;5.2324;0;0;0.1;0.01;0;5.68722;0;0;-1
0;1040;21.5776;53.1596;60.4262;8.5;2572.44;5.11093;0;0;0.1;0.01;0;5.29587;1;0;-1
0;1041;22.1367;69.1072;61.393;9.0674;3122.75;5.4521;0;0;0.1;0.01;0;3.39196;0;0;-1
0;1042;34.6687;-59.7313;63.5365;8.5;2572.44;5.11093;0;0;0.1;0.01;0;2.17351;1;0;-1
0;1043;36.1524;-39.339;62.5722;9.23923;3303.66;5.55541;0;0;0.1;0.01;0;4.51112;0;0;-1
0;1044;38.1833;-22.8122;61.8951;8.81792;2872.02;5.30209;0;0;0.1;0.01;0;4.89516;0;0;-1
0;1045;35.7956;-5.06211;62.6069;8.95321;3006.25;5.38344;0;0;0.1;0.01;0;4.80296;0;0;-1
0;1046;38.2694;12.2873;61.3831;9.45337;3538.74;5.68417;0;0;0.1;0.01;0;5.64798;0;0;-1
0;1047;37.9517;26.2067;60.2517;8.5;2572.44;5.11093;0;0;0.1;0.01;0;6.73251;1;0;-1
0;1048;35.5227;43.3616;63.5223;9.23679;3301.05;5.55395;0;0;0.1;0.01;0;5.62873;0;0;-1
0;1049;38.6627;60.4741;63.3805;9.72555;3853.28;5.84783;0;0;0.1;0.01;0;3.94765;0;0;-1
0;1050;53.4598;-48.7352;61.7422;9.52246;3616.9;5.72572;0;0;0.1;0.01;0;3.22427;0;0;-1
0;1051;50.3654;-33.3892;60.8825;8.5;2572.44;5.11093;0;0;0.1;0.01;0;4.87499;1;0;-1
0;1052;51.0275;-15.2824;62.1406;9.58171;3684.83;5.76134;0;0;0.1;0.01;0;5.69821;0;0;-1
0;1053;50.0359;0.798197;62.7006;8.5;2572.44;5.11093;0;0;0.1;0.01;0;4.12887;1;0;-1
0;1054;50.5518;20.6998;60.9308;8.5;2572.44;5.11093;0;0;0.1;0.01;0;5.72328;1;0;-1
0;1055;50.8704;34.8041;61.8165;9.8158;3961.56;5.9021;0;0;0.1;0.01;0;6.01833;0;0;-1
0;1056;53.6941;53.0103;62.7382;10.1404;4367.71;6.09728;0;0;0.1;0.01;0;3.14247;0;0;-1
0;1057;67.0761;-40.8587;60.8986;10.4293;4751.76;6.27099;0;0;0.1;0.01;0;2.85226;0;0;-1
0;1058;64.4512;-21.5168;62.1486;8.5;2572.44;5.11093;0;0;0.1;0.01;0;2.95689;1;0;-1
0;1059;64.4428;-5.43759;61.8685;8.5;2572.44;5.11093;0;0;0.1;0.01;0;4.08085;1;0;-1
0;1060;66.77;9.19769;60.6583;9.7064;3830.57;5.83632;0;0;0.1;0.01;0;3.28641;0;0;-1
0;1061;65.1742;25.0299;60.1608;8.80062;2855.15;5.29169;0;0;0.1;0.01;0;2.82133;0;0;-1
0;1062;-54.4234;-23.7653;75.9852;9.34551;3418.99;5.61932;0;0;0.1;0.01;0;3.60335;0;0;-1
0;1063;-56.5077;-4.70057;78.7045;8.5;2572.44;5.11093;0;0;0.1;0.01;0;1.66294;1;0;-1
0;1064;-54.9473;10.681;76.245;9.32397;3395.4;5.60637;0;0;0.1;0.01;0;3.90482;0;0;-1
0;1065;-56.442;29.7243;75.0183;10.447;4775.99;6.28163;0;0;0.1;0.01;0;3.23495;0;0;-1
0;1066;-40.033;-48.9641;77.0268;8.5;2572.44;5.11093;0;0;0.1;0.01;0;2.24494;1;0;-1
0;1067;-42.2535;-30.7989;77.7866;8.79456;2849.25;5.28804;0;0;0.1;0.01;0;4.74992;0;0;-1
0;1068;-40.3991;-15.9282;75.096;9.98709;4172.59;6.00509;0;0;0.1;0.01;0;6.54575;0;0;-1
0;1069;-40.4536;2.86882;77.9442;9.51488;3608.27;5.72116;0;0;0.1;0.01;0;5.72944;0;0;-1
0;1070;-41.6377;17.7807;74.6454;8.54694;2615.29;5.13915;0;0;0.1;0.01;0;5.5489;0;0;-1
0;1071;-39.3192;33.6829;76.4746;9.87209;4030.1;5.93594;0;0;0.1;0.01;0;4.14388;0;0;-1
0;1072;-24.393;-55.1611;76.9455;9.73996;3870.44;5.8565;0;0;0.1;0.01;0;3.46615;0;0;-1
0;1073;-26.2718;-40.846;74.9495;9.02504;3079.19;5.42663;0;0;0.1;0.01;0;5.50494;0;0;-1
0;1074;-27.4691;-23.158;76.5333;10.0637;4269.35;6.05116;0;0;0.1;0.01;0;7.01368;0;0;-1
0;1075;-27.2515;-4.5198;77.8992;9.34698;3420.6;5.6202;0;0;0.1;0.01;0;6.54907;0;0;-1
0;1076;-24.9781;12.291;77.0423;9.04555;3100.23;5.43896;0;0;0.1;0.01;0;5.77446;0;0;-1
0;1077;-25.7875;26.5312;77.3001;9.31413;3384.66;5.60045;0;0;0.1;0.01;0;5.89744;0;0;-1
0;1078;-25.3425;43.7265;77.7597;9.28589;3353.97;5.58347;0;0;0.1;0.01;0;3.80791;0;0;-1
0;1079;-10.0658;-47.8144;76.406;8.80812;2862.45;5.29619;0;0;0.1;0.01;0;4.92293;0;0;-1
0;1080;-12.4535;-31.1458;76.4135;10.2266;4480.05;6.14911;0;0;0.1;0.01;0;7.4786;0;0;-1
0;1081;-12.8047;-16.1718;74.6165;9.40462;3484.27;5.65486;0;0;0.1;0.01;0;7.34988;0;0;-1
0;1082;-13.5657;0.328748;78.4985;10.2202;4471.64;6.14526;0;0;0.1;0.01;0;6.59451;0;0;-1
0;1083;-11.4823;20.5736;78.3192;8.95194;3004.97;5.38267;0;0;0.1;0.01;0;5.81264;0;0;-1
0;1084;-10.8858;36.5099;76.776;10.0821;4292.81;6.06222;0;0;0.1;0.01;0;7.27623;0;0;-1
0;1085;-11.9888;51.5989;76.312;9.93362;4105.93;5.97294;0;0;0.1;0.01;0;4.78295;0;0;-1
0;1086;3.54322;-58.8442;76.6056;10.3992;4710.73;6.25289;0;0;0.1;0.01;0;3.37165;0;0;-1
0;1087;1.37823;-42.2264;78.4834;8.5;2572.44;5.11093;0;0;0.1;0.01;0;4.97645;1;0;-1
0;1088;4.76889;-23.2441;76.3343;10.0445;4244.96;6.03961;0;0;0.1;0.01;0;6.80689;0;0;-1
0;1089;1.29906;-7.59492;78.2481;9.92445;4094.57;5.96743;0;0;0.1;0.01;0;6.2694;0;0;-1
0;1090;3.27591;11.4185;77.637;8.90179;2954.75;5.35252;0;0;0.1;0.01;0;4.54048;0;0;-1
0;1091;1.50453;27.3599;77.78;9.65841;3774.03;5.80746;0;0;0.1;0.01;0;7.23896;0;0;-1
0;1092;2.54237;42.4955;76.4691;10.3015;4579.2;6.19414;0;0;0.1;0.01;0;6.33575;0;0;-1
0;1093;4.04481;61.3718;76.5696;9.70352;3827.16;5.83459;0;0;0.1;0.01;0;3.29156;0;0;-1
0;1094;16.4716;-49.5993;74.9948;8.82222;2876.22;5.30467;0;0;0.1;0.01;0;3.51404;0;0;-1
0;1095;17.4669;-30.7375;77.8445;9.94785;4123.6;5.9815;0;0;0.1;0.01;0;6.04369;0;0;-1
0;1096;18.4957;-13.121;74.6095;9.11763;3174.93;5.4823;0;0;0.1;0.01;0;6.1417;0;0;-1
0;1097;16.7188;3.34112;76.3022;8.78297;2838;5.28107;0;0;0.1;0.01;0;5.25303;0;0;-1
0;1098;18.4112;20.1269;76.7528;8.5;2572.44;5.11093;0;0;0.1;0.01;0;5.81098;1;0;-1
0;1099;18.6054;33.9782;76.0111;10.0972;4312.13;6.0713;0;0;0.1;0.01;0;7.30812;0;0;-1
0;1100;18.5689;54.4299;76.1433;9.59276;3697.6;5.76799;0;0;0.1;0.01;0;3.60142;0;0;-1
0;1101;32.5527;-40.2008;76.43;10.1849;4425.47;6.12403;0;0;0.1;0.01;0;3.81145;0;0;-1
0;1102;31.2474;-22.9437;78.5531;10.1291;4353.13;6.09048;0;0;0.1;0.01;0;5.58307;0;0;-1
0;1103;31.1806;-5.98484;77.3475;8.5572;2624.72;5.14532;0;0;0.1;0.01;0;5.19938;0;0;-1
0;1104;32.3752;11.7414;76.167;9.07028;3125.72;5.45383;0;0;0.1;0.01;0;4.46185;0;0;-1
0;1105;34.5173;28.412;76.6493;10.3011;4578.67;6.1939;0;0;0.1;0.01;0;5.87583;0;0;-1
0;1106;30.9546;46.4957;78.1583;10.3268;4613.03;6.20935;0;0;0.1;0.01;0;4.17035;0;0;-1
0;1107;49.084;-30.3935;78.667;9.26179;3327.92;5.56898;0;0;0.1;0.01;0;1.69065;0;0;-1
0;1108;45.4471;-13.882;75.3028;8.5304;2600.14;5.12921;0;0;0.1;0.01;0;4.76268;0;0;-1
0;1109;47.4463;0.402287;77.9827;8.55106;2619.08;5.14163;0;0;0.1;0.01;0;3.45356;0;0;-1
0;1110;48.3206;20.0378;74.9193;9.58572;3689.46;5.76375;0;0;0.1;0.01;0;3.87152;0;0;-1
0;1111;49.0126;36.2371;77.4638;8.5;2572.44;5.11093;0;0;0.1;0.01;0;2.34199;1;0;-1
0;1112;60.4369;-6.10622;78.4432;8.5;2572.44;5.11093;0;0;0.1;0.01;0;1.59507;1;0;-1
0;1113;-36.2703;-15.7339;89.6398;9.8315;3980.59;5.91154;0;0;0.1;0.01;0;4.24465;0;0;-1
0;1114;-36.4121;1.56969;91.2411;8.5;2572.44;5.11093;0;0;0.1;0.01;0;3.92138;1;0;-1
0;1115;-38.4462;16.9514;89.8859;10.0141;4206.53;6.02133;0;0;0.1;0.01;0;3.77054;0;0;-1
0;1116;-21.1032;-24.4712;90.05;10.4526;4783.67;6.285;0;0;0.1;0.01;0;4.94895;0;0;-1
0;1117;-23.4153;-6.36148;93.0758;10.0382;4236.98;6.03582;0;0;0.1;0.01;0;4.53939;0;0;-1
0;1118;-22.7401;11.6928;89.7631;8.5;2572.44;5.11093;0;0;0.1;0.01;0;4.56616;1;0;-1
0;1119;-21.6257;27.6343;93.3723;10.1704;4406.59;6.11531;0;0;0.1;0.01;0;3.63924;0;0;-1
0;1120;-7.47931;-31.4715;90.794;9.99572;4183.41;6.01028;0;0;0.1;0.01;0;4.74537;0;0;-1
0;1121;-8.5334;-14.0099;89.4458;9.49792;3589.01;5.71096;0;0;0.1;0.01;0;6.43261;0;0;-1
0;1122;-6.51238;1.1821;92.6608;9.92513;4095.41;5.96784;0;0;0.1;0.01;0;5.31302;0;0;-1
0;1123;-5.80982;19.1318;93.3198;10.3778;4681.71;6.24002;0;0;0.1;0.01;0;5.37829;0;0;-1
0;1124;-7.61018;35.0373;92.3545;8.5;2572.44;5.11093;0;0;0.1;0.01;0;3.71219;1;0;-1
0;1125;5.42157;-38.5679;92.143;8.64182;2703.36;5.1962;0;0;0.1;0.01;0;2.77439;0;0;-1
0;1126;6.63412;-23.3672;92.1234;9.97299;4154.94;5.99661;0;0;0.1;0.01;0;4.85929;0;0;-1
0;1127;7.32769;-5.04161;91.6093;9.76217;3896.98;5.86985;0;0;0.1;0.01;0;4.37036;0;0;-1
0;1128;6.66642;10.8047;91.2139;9.29955;3368.79;5.59168;0;0;0.1;0.01;0;4.1222;0;0;-1
0;1129;6.09555;28.7513;90.0557;9.47028;3557.76;5.69434;0;0;0.1;0.01;0;5.3343;0;0;-1
0;1130;23.7545;-31.9711;89.8615;8.5;2572.44;5.11093;0;0;0.1;0.01;0;2.94962;1;0;-1
0;1131;20.7114;-13.4745;89.3562;8.96289;3016.01;5.38926;0;0;0.1;0.01;0;4.82274;0;0;-1
0;1132;22.7943;0.117824;90.1666;8.56343;2630.46;5.14907;0;0;0.1;0.01;0;3.46849;0;0;-1
0;1133;20.0046;20.8239;90.9641;8.88242;2935.5;5.34087;0;0;0.1;0.01;0;3.25049;0;0;-1
0;1134;20.8941;36.7138;90.3419;8.61361;2676.97;5.17924;0;0;0.1;0.01;0;2.72072;0;0;-1
0;1135;37.3244;-7.80563;89.7333;9.767;3902.76;5.87276;0;0;0.1;0.01;0;3.63588;0;0;-1
0;1136;35.4266;9.72439;91.1697;8.5238;2594.11;5.12524;0;0;0.1;0.01;0;1.96272;0;0;-1
