Time;ID;x;y;z;radius;volume_total;radius_nuclear;contact_ECM;freezer;polarized_fraction;motility;cell_line;Cell_cell;phase;Cycle;NFkB
0;0;-51.3188;-4.61068;-83.4213;8.5;2572.44;5.11093;0;0;0.1;0.01;0;2.64459;1;0;-1
0;1;-37.4322;-33.3428;-84.6841;9.8791;4038.69;5.94016;0;0;0.1;0.01;0;2.6757;0;0;-1
0;2;-37.6594;-13.8261;-86.4921;8.5;2572.44;5.11093;0;0;0.1;0.01;0;2.64959;1;0;-1
0;3;-38.5111;0.468022;-85.591;8.93259;2985.53;5.37104;0;0;0.1;0.01;0;2.49607;0;0;-1
0;4;-35.4888;20.6057;-84.3378;10.0373;4235.84;6.03528;0;0;0.1;0.01;0;3.05415;0;0;-1
0;5;-21.8025;-40.628;-87.2598;9.31441;3384.97;5.60062;0;0;0.1;0.01;0;2.80744;0;0;-1
0;6;-20.5428;-22.397;-85.9319;8.72424;2781.45;5.24576;0;0;0.1;0.01;0;4.24051;0;0;-1
0;7;-21.0282;-8.41666;-84.507;8.68751;2746.47;5.22367;0;0;0.1;0.01;0;4.1075;0;0;-1
0;8;-20.3043;10.7155;-85.9744;8.9461;2999.09;5.37916;0;0;0.1;0.01;0;3.39381;0;0;-1
0;9;-22.2972;28.7633;-84.0067;9.1147;3171.87;5.48054;0;0;0.1;0.01;0;3.81265;0;0;-1
0;10;-8.84581;-49.3359;-83.4156;10.3831;4688.89;6.24321;0;0;0.1;0.01;0;3.60913;0;0;-1
0;11;-7.09973;-30.7514;-87.1641;9.25676;3322.5;5.56596;0;0;0.1;0.01;0;4.75192;0;0;-1
0;12;-6.80872;-16.6164;-86.25;8.92614;2979.06;5.36716;0;0;0.1;0.01;0;5.07718;0;0;-1
0;13;-6.59129;0.143069;-85.5127;10.1914;4433.94;6.12794;0;0;0.1;0.01;0;5.0212;0;0;-1
0;14;-7.56356;20.0321;-83.7602;10.1998;4444.92;6.13299;0;0;0.1;0.01;0;5.00715;0;0;-1
0;15;-7.67795;38.2918;-83.9347;9.71243;3837.71;5.83994;0;0;0.1;0.01;0;3.32137;0;0;-1
0;16;7.44759;-40.8714;-85.9537;10.0896;4302.4;6.06673;0;0;0.1;0.01;0;4.84684;0;0;-1
0;17;6.40304;-24.2346;-83.4905;10.0954;4309.82;6.07022;0;0;0.1;0.01;0;6.03622;0;0;-1
0;18;8.72316;-6.01781;-85.8379;8.76963;2825.09;5.27305;0;0;0.1;0.01;0;3.89337;0;0;-1
0;19;6.48028;10.9338;-86.7568;8.73724;2793.9;5.25358;0;0;0.1;0.01;0;2.66795;0;0;-1
0;20;7.75517;27.7532;-87.3938;8.84193;2895.54;5.31652;0;0;0.1;0.01;0;3.18289;0;0;-1
0;21;8.87696;45.3842;-83.5801;10.2972;4573.47;6.19156;0;0;0.1;0.01;0;3.80067;0;0;-1
0;22;20.242;-49.1528;-84.498;9.44966;3534.57;5.68194;0;0;0.1;0.01;0;3.23398;0;0;-1
0;23;23.3382;-34.0346;-86.6641;10.0918;4305.21;6.06805;0;0;0.1;0.01;0;5.12305;0;0;-1
0;24;20.6067;-15.7276;-84.969;8.5;2572.44;5.11093;0;0;0.1;0.01;0;3.28246;1;0;-1
0;25;22.4815;3.4519;-86.8652;8.58914;2654.22;5.16453;0;0;0.1;0.01;0;3.59089;0;0;-1
0;26;23.6354;20.3941;-84.4869;8.88816;2941.2;5.34432;0;0;0.1;0.01;0;4.47653;0;0;-1
0;27;23.5485;37.7426;-84.8662;9.8457;3997.87;5.92008;0;0;0.1;0.01;0;3.69314;0;0;-1
0;28;36.3526;-40.1932;-83.6465;9.99562;4183.29;6.01022;0;0;0.1;0.01;0;3.7691;0;0;-1
0;29;35.4703;-25.5469;-86.1259;8.5;2572.44;5.11093;0;0;0.1;0.01;0;3.01539;1;0;-1
0;30;37.2075;-5.59614;-85.2986;10.2046;4451.19;6.13588;0;0;0.1;0.01;0;2.52931;0;0;-1
0;31;36.5582;10.8585;-83.9694;10.2277;4481.49;6.14977;0;0;0.1;0.01;0;3.93904;0;0;-1
0;32;37.59;26.9782;-83.9292;10.0868;4298.82;6.06505;0;0;0.1;0.01;0;4.35816;0;0;-1
0;33;-70.5266;-14.7637;-69.3718;9.3986;3477.59;5.65124;0;0;0.1;0.01;0;2.28071;0;0;-1
0;34;-57.8104;-39.4509;-71.3428;9.97762;4160.73;5.9994;0;0;0.1;0.01;0;3.10585;0;0;-1
0;35;-56.6657;-25.1922;-72.4919;9.30194;3371.39;5.59312;0;0;0.1;0.01;0;3.99646;0;0;-1
0;36;-54.7615;-8.89887;-70.8489;8.5;2572.44;5.11093;0;0;0.1;0.01;0;4.5041;1;0;-1
0;37;-56.2941;9.85604;-69.7941;10.3383;4628.45;6.21627;0;0;0.1;0.01;0;3.50712;0;0;-1
0;38;-57.7861;28.4755;-71.5035;8.5;2572.44;5.11093;0;0;0.1;0.01;0;2.15689;1;0;-1
0;39;-54.6544;46.9031;-68.5757;9.52835;3623.61;5.72926;0;0;0.1;0.01;0;3.2414;0;0;-1
0;40;-41.5496;-51.314;-72.6763;9.08313;3139.03;5.46155;0;0;0.1;0.01;0;2.11236;0;0;-1
0;41;-41.3979;-30.4543;-70.9838;9.44447;3528.75;5.67882;0;0;0.1;0.01;0;5.73834;0;0;-1
0;42;-42.2332;-16.6237;-69.6695;10.4347;4759.14;6.27423;0;0;0.1;0.01;0;6.85593;0;0;-1
0;43;-39.4092;1.73159;-69.0963;8.5;2572.44;5.11093;0;0;0.1;0.01;0;4.22167;1;0;-1
0;44;-42.3605;16.7609;-69.0622;8.5;2572.44;5.11093;0;0;0.1;0.01;0;5.51303;1;0;-1
0;45;-42.4207;34.2494;-69.8631;9.48534;3574.76;5.7034;0;0;0.1;0.01;0;5.21205;0;0;-1
0;46;-41.2106;53.4645;-69.414;8.5;2572.44;5.11093;0;0;0.1;0.01;0;3.80359;1;0;-1
0;47;-26.581;-57.1938;-70.3613;8.69547;2754.02;5.22846;0;0;0.1;0.01;0;4.02413;0;0;-1
0;48;-28.5605;-42.5879;-68.4943;10.4235;4743.83;6.2675;0;0;0.1;0.01;0;6.38786;0;0;-1
0;49;-26.2492;-24.7402;-70.6801;8.78999;2844.81;5.28529;0;0;0.1;0.01;0;5.81403;0;0;-1
0;50;-24.7277;-8.81394;-71.8644;8.5;2572.44;5.11093;0;0;0.1;0.01;0;4.47598;1;0;-1
0;51;-26.882;11.1081;-69.6509;9.33999;3412.93;5.616;0;0;0.1;0.01;0;5.35209;0;0;-1
0;52;-26.0023;26.9248;-69.2387;10.0291;4225.46;6.03035;0;0;0.1;0.01;0;6.56875;0;0;-1
0;53;-27.6131;43.7346;-70.6737;9.33376;3406.11;5.61225;0;0;0.1;0.01;0;4.60008;0;0;-1
0;54;-27.1645;62.196;-69.8098;9.79464;3935.99;5.88937;0;0;0.1;0.01;0;3.73839;0;0;-1
0;55;-13.568;-63.8479;-69.0167;9.87774;4037.02;5.93934;0;0;0.1;0.01;0;4.04217;0;0;-1
0;56;-13.8214;-48.1368;-68.3371;8.5;2572.44;5.11093;0;0;0.1;0.01;0;5.72161;1;0;-1
0;57;-11.3428;-31.1869;-72.6072;8.91585;2968.77;5.36097;0;0;0.1;0.01;0;5.09913;0;0;-1
0;58;-12.697;-15.0522;-70.9634;9.29638;3365.35;5.58978;0;0;0.1;0.01;0;6.59042;0;0;-1
0;59;-9.95082;1.96605;-71.7734;9.45092;3535.99;5.6827;0;0;0.1;0.01;0;5.80911;0;0;-1
0;60;-11.6474;16.5852;-70.1469;8.82064;2874.68;5.30372;0;0;0.1;0.01;0;5.3453;0;0;-1
0;61;-11.8782;36.6292;-70.9333;9.09843;3154.92;5.47075;0;0;0.1;0.01;0;4.64957;0;0;-1
0;62;-10.7516;55.0822;-70.3596;9.75011;3882.55;5.8626;0;0;0.1;0.01;0;3.31322;0;0;-1
0;63;2.17618;-56.2456;-69.068;9.01971;3073.73;5.42342;0;0;0.1;0.01;0;4.73856;0;0;-1
0;64;3.94372;-40.1482;-72.0473;8.76763;2823.16;5.27185;0;0;0.1;0.01;0;5.19918;0;0;-1
0;65;2.7175;-22.8988;-68.5014;10.2393;4496.76;6.15674;0;0;0.1;0.01;0;7.0716;0;0;-1
0;66;4.34002;-7.97858;-72.0154;9.90275;4067.77;5.95438;0;0;0.1;0.01;0;6.59656;0;0;-1
0;67;2.35126;10.1687;-69.2219;8.5;2572.44;5.11093;0;0;0.1;0.01;0;4.96853;1;0;-1
0;68;4.40419;26.7915;-69.6904;8.5;2572.44;5.11093;0;0;0.1;0.01;0;4.49114;1;0;-1
0;69;4.43651;45.7971;-70.5453;9.40266;3482.1;5.65368;0;0;0.1;0.01;0;6.0709;0;0;-1
0;70;3.50406;63.7174;-70.1478;9.87208;4030.09;5.93594;0;0;0.1;0.01;0;3.45278;0;0;-1
0;71;16.3304;-66.268;-69.9003;9.33398;3406.35;5.61239;0;0;0.1;0.01;0;2.892;0;0;-1
0;72;15.9654;-47.1698;-70.9227;8.71329;2770.99;5.23917;0;0;0.1;0.01;0;4.75294;0;0;-1
0;73;19.2578;-30.2042;-70.8786;10.2304;4485.04;6.15139;0;0;0.1;0.01;0;6.89066;0;0;-1
0;74;16.4063;-14.092;-69.2282;8.5;2572.44;5.11093;0;0;0.1;0.01;0;6.69918;1;0;-1
0;75;16.9945;1.22321;-71.3276;9.24351;3308.26;5.55799;0;0;0.1;0.01;0;5.44133;0;0;-1
0;76;16.0041;18.2066;-69.2059;8.72477;2781.96;5.24608;0;0;0.1;0.01;0;4.98751;0;0;-1
0;77;17.308;35.4438;-70.6377;9.03495;3089.34;5.43258;0;0;0.1;0.01;0;5.4872;0;0;-1
0;78;19.4571;55.0745;-70.2825;10.194;4437.34;6.1295;0;0;0.1;0.01;0;4.0653;0;0;-1
0;79;31.0828;-57.7946;-69.4674;8.5;2572.44;5.11093;0;0;0.1;0.01;0;3.36136;1;0;-1
0;80;31.7639;-38.531;-68.428;9.87873;4038.24;5.93994;0;0;0.1;0.01;0;6.27536;0;0;-1
0;81;32.0147;-21.8282;-69.6511;8.5;2572.44;5.11093;0;0;0.1;0.01;0;4.93271;1;0;-1
0;82;33.3354;-6.34026;-68.8022;9.53103;3626.67;5.73087;0;0;0.1;0.01;0;5.5709;0;0;-1
0;83;30.5724;12.443;-71.3027;9.73152;3860.39;5.85142;0;0;0.1;0.01;0;6.45241;0;0;-1
0;84;33.6246;28.6032;-68.5195;10.0382;4236.98;6.03582;0;0;0.1;0.01;0;6.8866;0;0;-1
0;85;34.0086;43.7454;-71.9761;8.5;2572.44;5.11093;0;0;0.1;0.01;0;4.23423;1;0;-1
0;86;46.3655;-51.2902;-68.9081;9.61922;3728.28;5.7839;0;0;0.1;0.01;0;2.76043;0;0;-1
0;87;45.9805;-30.4831;-71.9462;9.01313;3067.01;5.41946;0;0;0.1;0.01;0;4.3327;0;0;-1
0;88;47.5559;-13.4213;-71.9999;9.9526;4129.51;5.98435;0;0;0.1;0.01;0;4.86529;0;0;-1
0;89;45.3341;1.65007;-69.0601;8.5;2572.44;5.11093;0;0;0.1;0.01;0;5.76247;1;0;-1
0;90;47.3078;17.1259;-68.9516;10.3912;4699.87;6.24808;0;0;0.1;0.01;0;6.38332;0;0;-1
0;91;48.9689;36.8801;-71.9542;10.2103;4458.66;6.13931;0;0;0.1;0.01;0;3.53394;0;0;-1
0;92;46.7029;54.1106;-69.0015;8.5;2572.44;5.11093;0;0;0.1;0.01;0;2.53743;1;0;-1
0;93;60.0255;-25.6681;-72.0497;10.0688;4275.84;6.05422;0;0;0.1;0.01;0;2.752;0;0;-1
0;94;62.5642;-5.60468;-71.9229;8.73835;2794.97;5.25424;0;0;0.1;0.01;0;2.33498;0;0;-1
0;95;61.3311;9.87236;-68.8401;9.81409;3959.49;5.90107;0;0;0.1;0.01;0;3.63441;0;0;-1
0;96;-80.3973;-8.31402;-55.4101;9.69228;3813.88;5.82783;0;0;0.1;0.01;0;2.96112;0;0;-1
0;97;-80.1278;12.4612;-54.3322;8.7296;2786.58;5.24898;0;0;0.1;0.01;0;2.61204;0;0;-1
0;98;-65.7595;-48.4217;-54.2737;10.1245;4347.2;6.08771;0;0;0.1;0.01;0;4.68089;0;0;-1
0;99;-67.701;-33.8792;-55.4064;8.95215;3005.18;5.3828;0;0;0.1;0.01;0;3.30572;0;0;-1
0;100;-65.5514;-12.6526;-56.3789;8.50736;2579.13;5.11535;0;0;0.1;0.01;0;4.00218;0;0;-1
0;101;-64.5956;1.7339;-53.9654;9.72048;3847.26;5.84478;0;0;0.1;0.01;0;5.33469;0;0;-1
0;102;-68.0114;19.6462;-57.7817;8.68328;2742.46;5.22113;0;0;0.1;0.01;0;3.53371;0;0;-1
0;103;-66.4408;35.4392;-55.5476;8.5;2572.44;5.11093;0;0;0.1;0.01;0;3.49376;1;0;-1
0;104;-52.2503;-59.345;-54.8736;9.7421;3872.99;5.85778;0;0;0.1;0.01;0;4.05982;0;0;-1
0;105;-52.9163;-42.3688;-57.5607;8.54632;2614.73;5.13878;0;0;0.1;0.01;0;4.59263;0;0;-1
0;106;-51.3235;-24.6933;-57.8037;8.5;2572.44;5.11093;0;0;0.1;0.01;0;4.56968;1;0;-1
0;107;-49.8605;-4.79544;-57.1183;9.83619;3986.29;5.91436;0;0;0.1;0.01;0;6.42256;0;0;-1
0;108;-51.7468;12.0422;-54.388;9.7551;3888.52;5.8656;0;0;0.1;0.01;0;7.06035;0;0;-1
0;109;-51.0322;27.858;-57.8094;10.3779;4681.85;6.24008;0;0;0.1;0.01;0;6.92965;0;0;-1
0;110;-52.1458;44.8078;-54.0138;9.75705;3890.85;5.86677;0;0;0.1;0.01;0;6.19833;0;0;-1
0;111;-50.5763;59.7293;-54.4367;10.0947;4308.92;6.0698;0;0;0.1;0.01;0;5.15162;0;0;-1
0;112;-38.6602;-66.5823;-56.3513;9.78686;3926.62;5.8847;0;0;0.1;0.01;0;4.10198;0;0;-1
0;113;-38.3704;-51.0468;-54.5673;9.22818;3291.83;5.54877;0;0;0.1;0.01;0;5.19186;0;0;-1
0;114;-36.5513;-31.2261;-56.2483;9.62245;3732.03;5.78584;0;0;0.1;0.01;0;6.18192;0;0;-1
0;115;-36.5249;-14.854;-55.7951;10.2702;4537.59;6.17532;0;0;0.1;0.01;0;6.818;0;0;-1
0;116;-37.7472;2.4381;-54.3774;8.98033;3033.65;5.39974;0;0;0.1;0.01;0;5.52482;0;0;-1
0;117;-36.0775;20.994;-57.0214;10.2728;4541.04;6.17689;0;0;0.1;0.01;0;7.54159;0;0;-1
0;118;-35.2052;36.6521;-55.0717;8.75833;2814.18;5.26626;0;0;0.1;0.01;0;6.65436;0;0;-1
0;119;-36.9981;51.2813;-56.5066;10.0445;4244.96;6.03961;0;0;0.1;0.01;0;6.94487;0;0;-1
0;120;-35.9269;70.3117;-57.9288;10.4064;4720.52;6.25722;0;0;0.1;0.01;0;4.27333;0;0;-1
0;121;-23.9322;-76.0213;-57.329;9.56038;3660.28;5.74852;0;0;0.1;0.01;0;3.14443;0;0;-1
0;122;-21.833;-56.2138;-56.4032;9.42137;3502.92;5.66493;0;0;0.1;0.01;0;6.51088;0;0;-1
0;123;-21.0903;-40.4628;-54.8503;10.0066;4197.09;6.01682;0;0;0.1;0.01;0;6.98226;0;0;-1
0;124;-23.6222;-22.5386;-56.7458;9.91108;4078.04;5.95939;0;0;0.1;0.01;0;6.87762;0;0;-1
0;125;-21.5868;-7.15062;-56.3425;8.98657;3039.98;5.40349;0;0;0.1;0.01;0;5.63105;0;0;-1
0;126;-22.4112;8.99965;-55.981;9.44496;3529.3;5.67912;0;0;0.1;0.01;0;4.80228;0;0;-1
0;127;-21.4038;25.5991;-55.5858;8.61865;2681.68;5.18227;0;0;0.1;0.01;0;5.26423;0;0;-1
0;128;-21.7841;42.311;-56.7026;8.5;2572.44;5.11093;0;0;0.1;0.01;0;5.12147;1;0;-1
0;129;-22.1149;63.205;-54.4615;10.3642;4663.33;6.23184;0;0;0.1;0.01;0;7.1372;0;0;-1
0;130;-22.0239;77.9772;-57.0159;9.14647;3205.16;5.49964;0;0;0.1;0.01;0;3.52612;0;0;-1
0;131;-9.2835;-80.7868;-56.0033;8.5;2572.44;5.11093;0;0;0.1;0.01;0;2.47094;1;0;-1
0;132;-5.77068;-65.6733;-55.7521;9.0412;3095.76;5.43634;0;0;0.1;0.01;0;4.74562;0;0;-1
0;133;-6.23114;-47.1138;-55.1216;9.62786;3738.33;5.78909;0;0;0.1;0.01;0;5.88163;0;0;-1
0;134;-8.7744;-29.9198;-54.6152;9.80216;3945.06;5.8939;0;0;0.1;0.01;0;5.57632;0;0;-1
0;135;-8.9449;-14.1386;-55.4225;8.61231;2675.76;5.17846;0;0;0.1;0.01;0;5.84219;0;0;-1
0;136;-7.06924;0.369152;-56.7188;8.5;2572.44;5.11093;0;0;0.1;0.01;0;5.33847;1;0;-1
0;137;-5.92279;20.9928;-55.1533;10.3787;4682.93;6.24056;0;0;0.1;0.01;0;6.33197;0;0;-1
0;138;-8.23762;36.9501;-55.4893;10.3709;4672.38;6.23587;0;0;0.1;0.01;0;6.41058;0;0;-1
0;139;-5.83041;54.9403;-55.1057;10.4463;4775.03;6.28121;0;0;0.1;0.01;0;6.18289;0;0;-1
0;140;-8.71962;70.3253;-55.1324;8.9171;2970.02;5.36172;0;0;0.1;0.01;0;3.30255;0;0;-1
0;141;8.98433;-74.3239;-56.9025;8.95921;3012.3;5.38704;0;0;0.1;0.01;0;3.46804;0;0;-1
0;142;6.86295;-58.0809;-56.2122;9.9375;4110.74;5.97527;0;0;0.1;0.01;0;6.12599;0;0;-1
0;143;7.34326;-41.7022;-54.9314;8.5;2572.44;5.11093;0;0;0.1;0.01;0;4.38117;1;0;-1
0;144;9.4027;-22.7178;-56.6035;9.348;3421.72;5.62082;0;0;0.1;0.01;0;6.49535;0;0;-1
0;145;6.02975;-8.02037;-56.8628;9.37777;3454.52;5.63872;0;0;0.1;0.01;0;6.4734;0;0;-1
0;146;5.61074;9.72239;-55.2362;8.95394;3006.98;5.38387;0;0;0.1;0.01;0;4.2782;0;0;-1
0;147;8.44605;27.7519;-53.9532;10.1128;4332.14;6.08068;0;0;0.1;0.01;0;6.67659;0;0;-1
0;148;8.53498;44.9749;-55.9755;10.2821;4553.38;6.18248;0;0;0.1;0.01;0;7.63858;0;0;-1
0;149;8.84095;59.845;-57.7134;8.76315;2818.83;5.26915;0;0;0.1;0.01;0;5.80906;0;0;-1
0;150;8.56951;79.8444;-54.3406;9.33081;3402.88;5.61048;0;0;0.1;0.01;0;2.80695;0;0;-1
0;151;22.279;-64.2621;-56.6583;9.79249;3933.4;5.88808;0;0;0.1;0.01;0;4.96737;0;0;-1
0;152;24.1777;-49.9862;-53.7219;8.97699;3030.27;5.39773;0;0;0.1;0.01;0;5.40144;0;0;-1
0;153;20.2933;-32.615;-55.2876;9.10775;3164.62;5.47636;0;0;0.1;0.01;0;5.15456;0;0;-1
0;154;20.519;-12.7148;-57.3703;9.31056;3380.77;5.5983;0;0;0.1;0.01;0;6.0097;0;0;-1
0;155;23.6291;1.42184;-56.4401;9.29185;3360.43;5.58705;0;0;0.1;0.01;0;5.68031;0;0;-1
0;156;23.7508;20.6566;-55.7383;10.1452;4373.92;6.10016;0;0;0.1;0.01;0;6.42624;0;0;-1
0;157;22.6878;38.241;-56.2077;10.0929;4306.62;6.06871;0;0;0.1;0.01;0;7.04044;0;0;-1
0;158;22.9282;54.3753;-53.9772;10.4336;4757.64;6.27357;0;0;0.1;0.01;0;7.09869;0;0;-1
0;159;22.0561;70.5671;-57.6954;9.08793;3144.01;5.46444;0;0;0.1;0.01;0;2.46967;0;0;-1
0;160;38.5695;-56.0243;-56.4258;9.06067;3115.8;5.44805;0;0;0.1;0.01;0;4.55529;0;0;-1
0;161;34.9342;-38.358;-54.722;8.60039;2664.67;5.17129;0;0;0.1;0.01;0;5.32521;0;0;-1
0;162;38.5236;-25.0983;-56.4505;9.04343;3098.05;5.43768;0;0;0.1;0.01;0;5.60432;0;0;-1
0;163;37.2034;-5.69551;-54.8324;8.57831;2644.2;5.15801;0;0;0.1;0.01;0;5.96584;0;0;-1
0;164;38.4623;8.33369;-55.4104;9.23354;3297.56;5.55199;0;0;0.1;0.01;0;6.96526;0;0;-1
0;165;38.8684;25.435;-54.6062;9.85015;4003.29;5.92275;0;0;0.1;0.01;0;6.3268;0;0;-1
0;166;36.7848;46.1492;-56.6481;9.17439;3234.6;5.51643;0;0;0.1;0.01;0;5.8562;0;0;-1
0;167;36.3677;60.7302;-54.1201;8.5;2572.44;5.11093;0;0;0.1;0.01;0;4.54207;1;0;-1
0;168;52.8858;-50.9595;-56.0595;8.97539;3028.65;5.39677;0;0;0.1;0.01;0;3.28742;0;0;-1
0;169;52.0686;-31.0902;-54.1358;9.95776;4135.93;5.98746;0;0;0.1;0.01;0;5.73125;0;0;-1
0;170;52.9099;-15.0625;-54.3826;8.5;2572.44;5.11093;0;0;0.1;0.01;0;5.22859;1;0;-1
0;171;52.2512;0.0404567;-54.3883;9.99184;4178.54;6.00795;0;0;0.1;0.01;0;7.51564;0;0;-1
0;172;51.1902;18.0868;-56.0379;9.0008;3054.44;5.41205;0;0;0.1;0.01;0;6.79135;0;0;-1
0;173;52.9409;34.0764;-55.7611;9.24176;3306.38;5.55694;0;0;0.1;0.01;0;5.31111;0;0;-1
0;174;52.6944;55.2607;-56.5056;10.1122;4331.37;6.08032;0;0;0.1;0.01;0;4.26932;0;0;-1
0;175;64.6194;-40.8715;-56.6767;9.03274;3087.07;5.43126;0;0;0.1;0.01;0;2.99401;0;0;-1
0;176;67.2837;-25.0838;-56.1049;9.38578;3463.38;5.64353;0;0;0.1;0.01;0;4.42087;0;0;-1
0;177;67.7732;-4.49507;-55.129;8.5;2572.44;5.11093;0;0;0.1;0.01;0;5.13987;1;0;-1
0;178;65.8286;11.9965;-53.8049;9.54477;3642.38;5.73913;0;0;0.1;0.01;0;5.87502;0;0;-1
0;179;66.0114;26.6468;-55.2826;8.5;2572.44;5.11093;0;0;0.1;0.01;0;3.88805;1;0;-1
0;180;64.7702;46.0644;-54.324;9.81335;3958.59;5.90062;0;0;0.1;0.01;0;3.39525;0;0;-1
0;181;79.7191;-16.848;-56.7549;10.1836;4423.77;6.12325;0;0;0.1;0.01;0;2.8269;0;0;-1
0;182;82.223;1.12235;-54.4667;8.92226;2975.18;5.36483;0;0;0.1;0.01;0;2.82787;0;0;-1
0;183;-87.515;-21.6641;-40.6256;9.37018;3446.14;5.63415;0;0;0.1;0.01;0;3.14546;0;0;-1
0;184;-84.1175;-8.17357;-40.1237;10.0307;4227.49;6.03131;0;0;0.1;0.01;0;5.21832;0;0;-1
0;185;-86.3097;12.3538;-39.6275;9.63572;3747.5;5.79382;0;0;0.1;0.01;0;4.44072;0;0;-1
0;186;-86.6576;29.3385;-39.2313;9.84885;4001.71;5.92197;0;0;0.1;0.01;0;3.00489;0;0;-1
0;187;-70.1814;-48.0405;-39.6382;8.5;2572.44;5.11093;0;0;0.1;0.01;0;4.05791;1;0;-1
0;188;-72.1242;-33.9485;-41.5627;10.2288;4482.94;6.15043;0;0;0.1;0.01;0;5.02692;0;0;-1
0;189;-71.5884;-14.5682;-41.636;8.5;2572.44;5.11093;0;0;0.1;0.01;0;5.38537;1;0;-1
0;190;-72.6805;3.61677;-40.9314;10.2704;4537.86;6.17544;0;0;0.1;0.01;0;7.38424;0;0;-1
0;191;-70.5081;19.0751;-42.0665;9.73679;3866.66;5.85459;0;0;0.1;0.01;0;6.2416;0;0;-1
0;192;-69.9855;37.0801;-42.9184;9.92192;4091.44;5.96591;0;0;0.1;0.01;0;5.68472;0;0;-1
0;193;-72.6582;51.3914;-41.1003;9.59208;3696.81;5.76758;0;0;0.1;0.01;0;3.09534;0;0;-1
0;194;-56.9533;-59.2035;-39.9329;10.3288;4615.71;6.21056;0;0;0.1;0.01;0;5.24947;0;0;-1
0;195;-56.725;-39.4596;-41.8733;9.50868;3601.22;5.71743;0;0;0.1;0.01;0;6.6415;0;0;-1
0;196;-54.1657;-24.6438;-40.9076;9.31218;3382.54;5.59928;0;0;0.1;0.01;0;5.42209;0;0;-1
0;197;-57.4631;-7.32757;-42.0209;10.0834;4294.47;6.063;0;0;0.1;0.01;0;6.99013;0;0;-1
0;198;-55.063;9.53947;-39.8513;10.2811;4552.05;6.18188;0;0;0.1;0.01;0;6.713;0;0;-1
0;199;-55.5425;25.8734;-41.5497;9.89022;4052.35;5.94685;0;0;0.1;0.01;0;6.11513;0;0;-1
0;200;-56.9704;42.6508;-40.109;9.6706;3788.34;5.81479;0;0;0.1;0.01;0;6.5274;0;0;-1
0;201;-54.2552;60.4487;-39.5904;9.62047;3729.73;5.78465;0;0;0.1;0.01;0;5.24118;0;0;-1
0;202;-40.5207;-80.6218;-40.9859;8.5;2572.44;5.11093;0;0;0.1;0.01;0;2.97195;1;0;-1
0;203;-41.6802;-65.8993;-39.2337;9.46189;3548.32;5.6893;0;0;0.1;0.01;0;6.38262;0;0;-1
0;204;-43.0517;-47.5195;-41.717;8.5;2572.44;5.11093;0;0;0.1;0.01;0;4.90095;1;0;-1
0;205;-42.571;-31.6884;-42.2057;8.64528;2706.61;5.19828;0;0;0.1;0.01;0;5.09417;0;0;-1
0;206;-40.2494;-13.4527;-40.6577;9.60474;3711.47;5.77519;0;0;0.1;0.01;0;6.10358;0;0;-1
0;207;-42.0094;1.95061;-39.992;9.25091;3316.21;5.56244;0;0;0.1;0.01;0;6.47363;0;0;-1
0;208;-41.7849;19.6616;-42.4185;8.59492;2659.59;5.168;0;0;0.1;0.01;0;5.91336;0;0;-1
0;209;-41.4507;34.4584;-41.4152;8.78789;2842.77;5.28403;0;0;0.1;0.01;0;5.64188;0;0;-1
0;210;-40.2717;53.6161;-41.2203;9.53739;3633.94;5.73469;0;0;0.1;0.01;0;7.07299;0;0;-1
0;211;-40.8069;68.4795;-42.1364;10.3601;4657.8;6.22938;0;0;0.1;0.01;0;6.08157;0;0;-1
0;212;-27.6605;-72.9681;-42.8764;9.39388;3472.35;5.6484;0;0;0.1;0.01;0;6.10749;0;0;-1
0;213;-28.1437;-57.728;-40.4591;10.4418;4768.86;6.2785;0;0;0.1;0.01;0;7.09543;0;0;-1
0;214;-25.2956;-38.5063;-42.366;9.23225;3296.18;5.55122;0;0;0.1;0.01;0;5.32801;0;0;-1
0;215;-25.0103;-22.3786;-39.8175;9.9908;4177.24;6.00732;0;0;0.1;0.01;0;6.38923;0;0;-1
0;216;-24.7457;-5.17876;-40.6532;8.87426;2927.42;5.33596;0;0;0.1;0.01;0;5.61472;0;0;-1
0;217;-25.4499;9.75529;-41.0444;8.5;2572.44;5.11093;0;0;0.1;0.01;0;4.0418;1;0;-1
0;218;-28.1762;27.0178;-42.0114;9.3773;3454;5.63843;0;0;0.1;0.01;0;5.4903;0;0;-1
0;219;-27.2179;44.1209;-42.0985;9.59228;3697.04;5.7677;0;0;0.1;0.01;0;6.10559;0;0;-1
0;220;-27.5571;60.5336;-40.7636;9.41372;3494.4;5.66033;0;0;0.1;0.01;0;7.06826;0;0;-1
0;221;-25.0145;77.1704;-42.0816;9.57316;3674.98;5.7562;0;0;0.1;0.01;0;5.24549;0;0;-1
0;222;-12.9902;-83.1416;-42.1696;8.61093;2674.48;5.17763;0;0;0.1;0.01;0;4.03706;0;0;-1
0;223;-12.953;-67.6046;-39.7403;10.0617;4266.8;6.04995;0;0;0.1;0.01;0;6.69514;0;0;-1
0;224;-12.3954;-49.3806;-41.8345;9.18212;3242.78;5.52108;0;0;0.1;0.01;0;5.31903;0;0;-1
0;225;-9.78872;-33.327;-39.8332;9.50911;3601.71;5.71769;0;0;0.1;0.01;0;6.11637;0;0;-1
0;226;-13.0701;-15.5114;-40.7605;8.69144;2750.2;5.22604;0;0;0.1;0.01;0;6.37287;0;0;-1
0;227;-11.0657;0.256397;-41.4501;8.66025;2720.7;5.20728;0;0;0.1;0.01;0;5.45383;0;0;-1
0;228;-12.5372;20.0312;-39.3436;9.95302;4130.03;5.98461;0;0;0.1;0.01;0;6.16;0;0;-1
0;229;-9.95939;34.312;-39.7643;8.5;2572.44;5.11093;0;0;0.1;0.01;0;6.08773;1;0;-1
0;230;-11.5629;52.9626;-39.3539;10.1789;4417.65;6.12042;0;0;0.1;0.01;0;6.47241;0;0;-1
0;231;-11.1002;70.7572;-40.0388;9.43087;3513.53;5.67065;0;0;0.1;0.01;0;5.57632;0;0;-1
0;232;-9.79185;87.1028;-39.9568;8.5;2572.44;5.11093;0;0;0.1;0.01;0;2.38804;1;0;-1
0;233;2.82044;-89.5424;-42.0528;9.11671;3173.97;5.48175;0;0;0.1;0.01;0;2.88245;0;0;-1
0;234;4.67674;-74.9311;-41.1626;8.55271;2620.59;5.14262;0;0;0.1;0.01;0;5.17739;0;0;-1
0;235;2.01239;-59.7589;-39.378;9.47364;3561.55;5.69636;0;0;0.1;0.01;0;5.41806;0;0;-1
0;236;3.63062;-40.7636;-39.8047;8.5;2572.44;5.11093;0;0;0.1;0.01;0;4.84916;1;0;-1
0;237;4.67675;-25.2814;-39.5126;9.5216;3615.92;5.7252;0;0;0.1;0.01;0;6.13784;0;0;-1
0;238;1.23262;-8.08012;-42.4284;10.2613;4525.8;6.16997;0;0;0.1;0.01;0;6.26667;0;0;-1
0;239;3.21541;10.4474;-41.0036;8.61838;2681.42;5.18211;0;0;0.1;0.01;0;4.36873;0;0;-1
0;240;4.0751;27.1873;-39.4775;8.90471;2957.66;5.35427;0;0;0.1;0.01;0;6.72731;0;0;-1
0;241;1.22481;43.0302;-40.2749;10.0973;4312.25;6.07136;0;0;0.1;0.01;0;7.97735;0;0;-1
0;242;1.51839;60.6236;-40.9733;8.5;2572.44;5.11093;0;0;0.1;0.01;0;5.36345;1;0;-1
0;243;3.95386;76.3815;-41.0736;9.14274;3201.24;5.4974;0;0;0.1;0.01;0;5.26475;0;0;-1
0;244;17.67;-82.3257;-42.0937;8.5;2572.44;5.11093;0;0;0.1;0.01;0;3.29377;1;0;-1
0;245;18.2143;-65.4527;-39.2894;10.2625;4527.39;6.17069;0;0;0.1;0.01;0;5.88435;0;0;-1
0;246;17.9204;-46.4603;-40.8049;8.89095;2943.97;5.346;0;0;0.1;0.01;0;5.26764;0;0;-1
0;247;17.8394;-31.7633;-41.1613;8.5;2572.44;5.11093;0;0;0.1;0.01;0;5.83828;1;0;-1
0;248;19.0969;-15.495;-41.7674;9.48375;3572.97;5.70244;0;0;0.1;0.01;0;5.9237;0;0;-1
0;249;19.7512;1.94274;-42.1542;9.10927;3166.21;5.47727;0;0;0.1;0.01;0;4.69225;0;0;-1
0;250;17.6633;17.7359;-40.514;9.27102;3337.88;5.57453;0;0;0.1;0.01;0;5.60023;0;0;-1
0;251;19.0274;36.7124;-42.8401;9.9124;4079.67;5.96018;0;0;0.1;0.01;0;7.63353;0;0;-1
0;252;16.7938;52.0134;-39.6911;10.0976;4312.64;6.07154;0;0;0.1;0.01;0;7.44092;0;0;-1
0;253;18.759;68.4684;-41.1974;10.3155;4597.9;6.20256;0;0;0.1;0.01;0;5.94117;0;0;-1
0;254;16.4108;87.4195;-41.1305;10.0767;4285.92;6.05897;0;0;0.1;0.01;0;3.14544;0;0;-1
0;255;32.9564;-75.629;-42.5027;8.64912;2710.22;5.20059;0;0;0.1;0.01;0;2.25268;0;0;-1
0;256;30.5655;-56.493;-40.5212;9.0958;3152.18;5.46917;0;0;0.1;0.01;0;6.27956;0;0;-1
0;257;33.714;-41.1828;-40.4687;10.005;4195.08;6.01586;0;0;0.1;0.01;0;7.65322;0;0;-1
0;258;32.7769;-25.2898;-41.5729;10.1242;4346.81;6.08753;0;0;0.1;0.01;0;7.40557;0;0;-1
0;259;33.7354;-8.04852;-42.0284;8.5;2572.44;5.11093;0;0;0.1;0.01;0;4.7248;1;0;-1
0;260;33.8417;10.036;-42.2926;8.5;2572.44;5.11093;0;0;0.1;0.01;0;5.10258;1;0;-1
0;261;33.8503;29.5193;-39.8803;8.93213;2985.06;5.37076;0;0;0.1;0.01;0;6.03252;0;0;-1
0;262;32.9457;46.1554;-39.42;10.038;4236.72;6.0357;0;0;0.1;0.01;0;7.76737;0;0;-1
0;263;33.9183;60.0855;-39.7056;9.38769;3465.49;5.64468;0;0;0.1;0.01;0;6.20723;0;0;-1
0;264;33.5513;79.8384;-40.428;8.95437;3007.42;5.38413;0;0;0.1;0.01;0;2.74509;0;0;-1
0;265;47.8268;-65.276;-41.6079;8.94443;2997.41;5.37816;0;0;0.1;0.01;0;2.46623;0;0;-1
0;266;47.14;-47.7064;-39.9526;9.52788;3623.08;5.72898;0;0;0.1;0.01;0;5.8026;0;0;-1
0;267;47.7657;-30.2384;-39.2227;10.3176;4600.71;6.20382;0;0;0.1;0.01;0;7.65891;0;0;-1
0;268;46.7912;-14.9393;-42.5823;10.067;4273.55;6.05314;0;0;0.1;0.01;0;7.77823;0;0;-1
0;269;46.0816;2.87885;-42.1876;8.5;2572.44;5.11093;0;0;0.1;0.01;0;6.2001;1;0;-1
0;270;47.7562;16.8722;-43.0413;10.1627;4396.59;6.11068;0;0;0.1;0.01;0;7.43934;0;0;-1
0;271;46.8468;37.97;-41.1017;9.52653;3621.54;5.72816;0;0;0.1;0.01;0;6.19103;0;0;-1
0;272;46.7048;52.1441;-42.8756;9.67637;3795.12;5.81826;0;0;0.1;0.01;0;6.6061;0;0;-1
0;273;46.8336;69.2613;-39.8971;9.92643;4097.02;5.96862;0;0;0.1;0.01;0;4.49701;0;0;-1
0;274;60.3717;-55.363;-39.3276;9.8308;3979.74;5.91112;0;0;0.1;0.01;0;4.74562;0;0;-1
0;275;63.9953;-41.6899;-39.8226;8.94562;2998.61;5.37887;0;0;0.1;0.01;0;4.28075;0;0;-1
0;276;61.206;-23.3568;-39.8335;8.55006;2618.16;5.14103;0;0;0.1;0.01;0;5.5435;0;0;-1
0;277;63.4145;-7.7937;-42.3291;9.67674;3795.56;5.81848;0;0;0.1;0.01;0;6.80287;0;0;-1
0;278;63.5972;8.22738;-39.4668;10.0114;4203.13;6.01971;0;0;0.1;0.01;0;6.56136;0;0;-1
0;279;63.0213;26.1897;-42.2766;10.0357;4233.81;6.03432;0;0;0.1;0.01;0;6.07456;0;0;-1
0;280;61.5505;42.1361;-41.1988;8.88075;2933.85;5.33987;0;0;0.1;0.01;0;5.08224;0;0;-1
0;281;61.9964;60.4262;-42.4626;9.23144;3295.32;5.55073;0;0;0.1;0.01;0;3.67775;0;0;-1
0;282;74.946;-32.4958;-43.1681;9.0112;3065.04;5.4183;0;0;0.1;0.01;0;3.21717;0;0;-1
0;283;77.7399;-15.0012;-41.1203;8.62851;2690.89;5.1882;0;0;0.1;0.01;0;4.46608;0;0;-1
0;284;76.3278;-0.0856694;-41.4701;10.2851;4557.37;6.18428;0;0;0.1;0.01;0;6.87804;0;0;-1
0;285;78.7412;19.7259;-42.8261;8.99017;3043.63;5.40566;0;0;0.1;0.01;0;3.33023;0;0;-1
0;286;76.533;34.3371;-41.9406;9.23964;3304.1;5.55566;0;0;0.1;0.01;0;3.54199;0;0;-1
0;287;90.5129;-4.5591;-40.537;8.7003;2758.62;5.23136;0;0;0.1;0.01;0;2.233;0;0;-1
0;288;-95.1303;-13.5076;-24.702;8.77145;2826.85;5.27415;0;0;0.1;0.01;0;3.17528;0;0;-1
0;289;-95.6352;1.25223;-26.096;9.92316;4092.97;5.96665;0;0;0.1;0.01;0;3.87433;0;0;-1
0;290;-80.8682;-41.5025;-24.6629;9.90428;4069.65;5.9553;0;0;0.1;0.01;0;2.88727;0;0;-1
0;291;-81.7961;-23.44;-27.3439;9.5595;3659.27;5.74799;0;0;0.1;0.01;0;3.86467;0;0;-1
0;292;-78.9075;-4.65522;-26.4862;10.0423;4242.17;6.03829;0;0;0.1;0.01;0;5.59092;0;0;-1
0;293;-82.5747;10.9736;-26.4517;10.1274;4350.93;6.08946;0;0;0.1;0.01;0;6.286;0;0;-1
0;294;-82.4145;27.6799;-25.1475;10.0349;4232.8;6.03384;0;0;0.1;0.01;0;5.02825;0;0;-1
0;295;-80.4018;44.5636;-28.1126;9.88358;4044.19;5.94285;0;0;0.1;0.01;0;3.28483;0;0;-1
0;296;-64.0816;-67.8814;-26;8.5;2572.44;5.11093;0;0;0.1;0.01;0;2.51656;1;0;-1
0;297;-64.3777;-48.9953;-26.1291;8.77835;2833.53;5.27829;0;0;0.1;0.01;0;4.35907;0;0;-1
0;298;-64.5285;-31.2647;-25.4657;9.74862;3880.77;5.8617;0;0;0.1;0.01;0;5.4684;0;0;-1
0;299;-64.4862;-12.8939;-26.9913;9.28066;3348.31;5.58033;0;0;0.1;0.01;0;5.55694;0;0;-1
0;300;-66.0831;4.4486;-26.0238;8.5;2572.44;5.11093;0;0;0.1;0.01;0;5.93897;1;0;-1
0;301;-65.4708;20.2215;-26.9314;8.59094;2655.89;5.16561;0;0;0.1;0.01;0;5.71366;0;0;-1
0;302;-64.687;35.2176;-27.1728;10.0497;4251.56;6.04274;0;0;0.1;0.01;0;6.31005;0;0;-1
0;303;-64.5531;50.917;-26.2314;9.27992;3347.51;5.57988;0;0;0.1;0.01;0;5.75004;0;0;-1
0;304;-66.6813;68.6693;-26.7107;9.4554;3541.02;5.68539;0;0;0.1;0.01;0;2.15039;0;0;-1
0;305;-49.7077;-72.4981;-27.789;8.99661;3050.18;5.40953;0;0;0.1;0.01;0;5.22976;0;0;-1
0;306;-49.6162;-58.1723;-26.291;9.25063;3315.91;5.56227;0;0;0.1;0.01;0;6.29452;0;0;-1
0;307;-51.5433;-39.7157;-26.344;9.3425;3415.69;5.61751;0;0;0.1;0.01;0;6.00857;0;0;-1
0;308;-52.4128;-23.1202;-27.5487;9.77632;3913.95;5.87836;0;0;0.1;0.01;0;6.55527;0;0;-1
0;309;-50.4829;-7.03781;-27.8141;9.73264;3861.72;5.8521;0;0;0.1;0.01;0;6.60818;0;0;-1
0;310;-53.0227;8.64995;-26.3239;8.9409;2993.87;5.37603;0;0;0.1;0.01;0;5.48667;0;0;-1
0;311;-51.1163;26.7856;-24.4699;9.14375;3202.3;5.498;0;0;0.1;0.01;0;5.57631;0;0;-1
0;312;-49.9899;45.5136;-24.8771;9.78011;3918.5;5.88064;0;0;0.1;0.01;0;7.3358;0;0;-1
0;313;-50.6686;62.4851;-25.5853;8.75947;2815.28;5.26694;0;0;0.1;0.01;0;6.08592;0;0;-1
0;314;-51.7913;78.4835;-28.2543;8.72318;2780.44;5.24512;0;0;0.1;0.01;0;2.65262;0;0;-1
0;315;-36.4334;-82.1748;-26.5213;10.3133;4594.96;6.20124;0;0;0.1;0.01;0;6.19546;0;0;-1
0;316;-34.9826;-67.3049;-26.8072;8.88636;2939.41;5.34324;0;0;0.1;0.01;0;6.99;0;0;-1
0;317;-38.3692;-47.1092;-27.1474;10.1598;4392.83;6.10894;0;0;0.1;0.01;0;5.71318;0;0;-1
0;318;-36.0598;-30.0862;-26.0728;9.32899;3400.89;5.60939;0;0;0.1;0.01;0;6.1152;0;0;-1
0;319;-34.6326;-13.7593;-26.8032;8.77558;2830.85;5.27663;0;0;0.1;0.01;0;5.01461;0;0;-1
0;320;-36.5868;4.31573;-27.4462;8.5;2572.44;5.11093;0;0;0.1;0.01;0;4.19288;1;0;-1
0;321;-38.356;18.5459;-27.4792;9.50184;3593.45;5.71332;0;0;0.1;0.01;0;5.45188;0;0;-1
0;322;-38.2422;34.5886;-25.1813;8.5;2572.44;5.11093;0;0;0.1;0.01;0;5.49966;1;0;-1
0;323;-37.6473;52.2807;-27.8657;9.223;3286.29;5.54566;0;0;0.1;0.01;0;6.0745;0;0;-1
0;324;-38.2096;67.7242;-25.7599;8.5;2572.44;5.11093;0;0;0.1;0.01;0;4.48691;1;0;-1
0;325;-35.5413;85.8441;-24.9507;10.2803;4550.99;6.1814;0;0;0.1;0.01;0;3.74646;0;0;-1
0;326;-21.786;-90.7769;-25.2902;10.3383;4628.45;6.21627;0;0;0.1;0.01;0;3.98813;0;0;-1
0;327;-20.5825;-73.0907;-27.0199;10.1729;4409.84;6.11682;0;0;0.1;0.01;0;8.27749;0;0;-1
0;328;-20.3466;-59.1599;-26.3092;9.74517;3876.65;5.85963;0;0;0.1;0.01;0;7.26751;0;0;-1
0;329;-22.0213;-40.5864;-26.6599;8.61701;2680.15;5.18128;0;0;0.1;0.01;0;4.98827;0;0;-1
0;330;-21.3657;-21.1045;-24.9729;10.094;4308.03;6.06938;0;0;0.1;0.01;0;6.84197;0;0;-1
0;331;-19.7207;-5.48237;-28.0855;8.5;2572.44;5.11093;0;0;0.1;0.01;0;4.6498;1;0;-1
0;332;-21.31;11.8064;-25.7691;8.5;2572.44;5.11093;0;0;0.1;0.01;0;4.0032;1;0;-1
0;333;-22.7726;28.7629;-27.7821;8.64731;2708.52;5.1995;0;0;0.1;0.01;0;5.10218;0;0;-1
0;334;-21.2683;44.7708;-27.878;9.74786;3879.86;5.86125;0;0;0.1;0.01;0;5.84224;0;0;-1
0;335;-21.6924;62.1725;-26.6156;9.66986;3787.47;5.81435;0;0;0.1;0.01;0;6.33965;0;0;-1
0;336;-22.8415;78.7576;-27.9113;9.43208;3514.88;5.67137;0;0;0.1;0.01;0;5.63109;0;0;-1
0;337;-5.94091;-81.2682;-28.6515;9.37792;3454.68;5.63881;0;0;0.1;0.01;0;6.09389;0;0;-1
0;338;-7.90821;-66.6041;-26.3299;9.47884;3567.42;5.69949;0;0;0.1;0.01;0;6.68862;0;0;-1
0;339;-8.56443;-48.5905;-24.3816;9.13807;3196.33;5.49459;0;0;0.1;0.01;0;5.18536;0;0;-1
0;340;-8.20557;-29.6907;-25.5449;8.77274;2828.1;5.27492;0;0;0.1;0.01;0;5.56526;0;0;-1
0;341;-6.01174;-13.3273;-27.8144;9.41095;3491.31;5.65867;0;0;0.1;0.01;0;6.5973;0;0;-1
0;342;-5.49823;1.93057;-27.6427;8.53399;2603.42;5.13136;0;0;0.1;0.01;0;5.70931;0;0;-1
0;343;-6.60967;21.1307;-25.6294;9.60397;3710.57;5.77473;0;0;0.1;0.01;0;6.70059;0;0;-1
0;344;-7.08948;35.4077;-27.093;9.34522;3418.67;5.61915;0;0;0.1;0.01;0;7.48525;0;0;-1
0;345;-7.93047;51.5144;-26.0266;8.65073;2711.73;5.20156;0;0;0.1;0.01;0;5.61273;0;0;-1
0;346;-9.34755;72.1603;-24.4854;8.6207;2683.59;5.1835;0;0;0.1;0.01;0;5.03707;0;0;-1
0;347;-9.10095;88.2451;-25.6692;8.64271;2704.2;5.19674;0;0;0.1;0.01;0;3.96989;0;0;-1
0;348;9.34387;-90.4754;-25.4102;10.3115;4592.55;6.20016;0;0;0.1;0.01;0;4.27666;0;0;-1
0;349;6.59265;-75.794;-25.3162;9.7822;3921.01;5.88189;0;0;0.1;0.01;0;6.67373;0;0;-1
0;350;9.4439;-58.6618;-25.7698;9.33001;3402;5.61;0;0;0.1;0.01;0;5.8081;0;0;-1
0;351;5.72766;-40.0315;-25.3959;9.62018;3729.39;5.78447;0;0;0.1;0.01;0;6.09681;0;0;-1
0;352;8.26687;-25.518;-26.5952;8.72878;2785.8;5.24849;0;0;0.1;0.01;0;5.85976;0;0;-1
0;353;9.02238;-8.76816;-27.6917;10.2426;4501.11;6.15873;0;0;0.1;0.01;0;6.7983;0;0;-1
0;354;5.51696;9.9367;-25.5094;9.14542;3204.05;5.49901;0;0;0.1;0.01;0;4.58389;0;0;-1
0;355;9.43541;29.3308;-27.6652;10.081;4291.4;6.06156;0;0;0.1;0.01;0;6.86206;0;0;-1
0;356;6.25145;44.049;-25.2381;10.3766;4680.09;6.2393;0;0;0.1;0.01;0;7.2012;0;0;-1
0;357;6.86852;63.4059;-24.6225;10.1832;4423.25;6.12301;0;0;0.1;0.01;0;6.80719;0;0;-1
0;358;5.89532;78.2854;-28.0026;9.05381;3108.73;5.44392;0;0;0.1;0.01;0;5.55685;0;0;-1
0;359;8.2458;95.6198;-26.845;10.0208;4214.98;6.02536;0;0;0.1;0.01;0;2.9966;0;0;-1
0;360;22.578;-82.3691;-25.2149;9.14669;3205.39;5.49977;0;0;0.1;0.01;0;4.65745;0;0;-1
0;361;23.6994;-65.8968;-25.4749;9.51617;3609.73;5.72193;0;0;0.1;0.01;0;5.4382;0;0;-1
0;362;23.2768;-47.2923;-27.4325;10.114;4333.69;6.0814;0;0;0.1;0.01;0;6.25942;0;0;-1
0;363;22.7935;-31.7635;-26.0483;9.7203;3847.05;5.84468;0;0;0.1;0.01;0;6.8973;0;0;-1
0;364;22.1303;-16.0921;-25.5872;10.0142;4206.66;6.02139;0;0;0.1;0.01;0;6.73128;0;0;-1
0;365;22.3167;1.01366;-26.8016;9.03568;3090.09;5.43302;0;0;0.1;0.01;0;5.1725;0;0;-1
0;366;23.3881;18.1875;-28.0128;9.62583;3735.97;5.78787;0;0;0.1;0.01;0;6.25469;0;0;-1
0;367;23.2513;34.935;-27.5187;9.48752;3577.23;5.70471;0;0;0.1;0.01;0;7.41892;0;0;-1
0;368;20.5968;51.1099;-24.5167;9.78732;3927.17;5.88497;0;0;0.1;0.01;0;6.26155;0;0;-1
0;369;20.2909;69.1516;-26.954;9.41126;3491.66;5.65885;0;0;0.1;0.01;0;5.36261;0;0;-1
0;370;23.3583;84.5752;-24.8046;9.48309;3572.22;5.70204;0;0;0.1;0.01;0;4.89975;0;0;-1
0;371;38.0648;-75.9931;-27.1048;9.08221;3138.07;5.461;0;0;0.1;0.01;0;3.94114;0;0;-1
0;372;35.2269;-56.9197;-27.0374;8.68961;2748.46;5.22494;0;0;0.1;0.01;0;5.60666;0;0;-1
0;373;37.5304;-39.9426;-26.8244;9.92192;4091.44;5.96591;0;0;0.1;0.01;0;7.96578;0;0;-1
0;374;37.6918;-23.1671;-27.6888;9.98008;4163.81;6.00088;0;0;0.1;0.01;0;7.59006;0;0;-1
0;375;37.457;-7.20981;-24.8384;9.68117;3800.77;5.82115;0;0;0.1;0.01;0;6.57116;0;0;-1
0;376;35.1265;8.91767;-26.7878;8.8148;2868.97;5.30021;0;0;0.1;0.01;0;5.30774;0;0;-1
0;377;37.229;25.3889;-24.7112;9.96675;4147.15;5.99286;0;0;0.1;0.01;0;6.88;0;0;-1
0;378;37.0126;42.1406;-27.0984;9.84583;3998.03;5.92015;0;0;0.1;0.01;0;6.5784;0;0;-1
0;379;38.4493;63.6757;-24.8997;8.5;2572.44;5.11093;0;0;0.1;0.01;0;4.58669;1;0;-1
0;380;36.7478;78.8072;-24.8805;8.5;2572.44;5.11093;0;0;0.1;0.01;0;4.35241;1;0;-1
0;381;50.4386;-66.6515;-24.7844;10.2137;4463.11;6.14135;0;0;0.1;0.01;0;5.57009;0;0;-1
0;382;49.9648;-50.7732;-25.2911;10.1728;4409.71;6.11676;0;0;0.1;0.01;0;6.85161;0;0;-1
0;383;50.0725;-33.4138;-25.0327;8.55599;2623.61;5.14459;0;0;0.1;0.01;0;5.2033;0;0;-1
0;384;52.7143;-15.5632;-26.8574;9.21838;3281.35;5.54288;0;0;0.1;0.01;0;6.2597;0;0;-1
0;385;51.8208;1.73423;-28.3365;10.0155;4208.3;6.02217;0;0;0.1;0.01;0;7.16907;0;0;-1
0;386;50.1076;17.7997;-28.5156;9.04577;3100.45;5.43909;0;0;0.1;0.01;0;6.16714;0;0;-1
0;387;50.3077;34.8911;-25.0696;9.38364;3461.01;5.64225;0;0;0.1;0.01;0;5.57711;0;0;-1
0;388;52.983;54.7693;-24.696;8.65695;2717.59;5.2053;0;0;0.1;0.01;0;4.39633;0;0;-1
0;389;52.2002;72.621;-26.9415;9.78828;3928.33;5.88555;0;0;0.1;0.01;0;4.3783;0;0;-1
0;390;66.3588;-59.206;-27.6319;8.99162;3045.11;5.40653;0;0;0.1;0.01;0;4.13194;0;0;-1
0;391;66.6348;-42.225;-25.0375;8.84857;2902.07;5.32052;0;0;0.1;0.01;0;5.4839;0;0;-1
0;392;67.4846;-23.2456;-24.8704;10.3678;4668.19;6.23401;0;0;0.1;0.01;0;6.53824;0;0;-1
0;393;65.5609;-5.60129;-26.9247;8.9529;3005.94;5.38325;0;0;0.1;0.01;0;6.84178;0;0;-1
0;394;66.5823;9.45363;-25.0944;9.2484;3313.51;5.56093;0;0;0.1;0.01;0;5.82313;0;0;-1
0;395;64.8732;25.4088;-25.601;9.8348;3984.6;5.91352;0;0;0.1;0.01;0;4.80982;0;0;-1
0;396;66.3814;46.5055;-25.9045;10.0347;4232.55;6.03372;0;0;0.1;0.01;0;5.81747;0;0;-1
0;397;65.0722;62.2784;-27.5176;10.0508;4252.95;6.0434;0;0;0.1;0.01;0;4.96925;0;0;-1
0;398;79.4178;-51.266;-25.821;10.1042;4321.1;6.07551;0;0;0.1;0.01;0;2.17766;0;0;-1
0;399;81.8818;-34.2041;-24.8301;10.2512;4512.45;6.1639;0;0;0.1;0.01;0;3.41472;0;0;-1
0;400;80.7508;-16.8133;-25.3504;8.88357;2936.64;5.34156;0;0;0.1;0.01;0;4.46935;0;0;-1
0;401;79.8004;-0.231291;-26.2402;9.30496;3374.68;5.59494;0;0;0.1;0.01;0;4.8718;0;0;-1
0;402;83.2173;17.7941;-25.2714;9.79833;3940.44;5.89159;0;0;0.1;0.01;0;4.14536;0;0;-1
0;403;79.0959;33.7633;-27.9925;8.5;2572.44;5.11093;0;0;0.1;0.01;0;3.36659;1;0;-1
0;404;79.369;54.6235;-26.5462;10.3516;4646.34;6.22427;0;0;0.1;0.01;0;2.70772;0;0;-1
0;405;-98.4421;0.956606;-11.8074;10.2755;4544.62;6.17851;0;0;0.1;0.01;0;3.70432;0;0;-1
0;406;-84.2817;-42.0847;-11.2522;9.08598;3141.98;5.46327;0;0;0.1;0.01;0;3.46823;0;0;-1
0;407;-84.3762;-23.5414;-10.3063;10.4098;4725.15;6.25926;0;0;0.1;0.01;0;5.70383;0;0;-1
0;408;-85.2133;-7.13544;-12.4874;8.91246;2965.39;5.35893;0;0;0.1;0.01;0;5.26819;0;0;-1
0;409;-83.3454;11.6462;-11.9328;10.149;4378.83;6.10245;0;0;0.1;0.01;0;5.92191;0;0;-1
0;410;-84.8101;29.14;-12.4339;8.5;2572.44;5.11093;0;0;0.1;0.01;0;4.1296;1;0;-1
0;411;-84.032;42.4965;-11.3161;9.39125;3469.44;5.64682;0;0;0.1;0.01;0;4.12707;0;0;-1
0;412;-70.8125;-68.4414;-10.0649;8.78734;2842.24;5.2837;0;0;0.1;0.01;0;2.13624;0;0;-1
0;413;-69.2303;-49.2667;-11.9962;9.51949;3613.51;5.72393;0;0;0.1;0.01;0;4.76885;0;0;-1
0;414;-69.8896;-32.5581;-10.1395;9.37135;3447.43;5.63486;0;0;0.1;0.01;0;6.7963;0;0;-1
0;415;-72.1612;-15.7414;-11.6945;9.40543;3485.17;5.65535;0;0;0.1;0.01;0;6.58593;0;0;-1
0;416;-70.7999;3.1736;-10.3153;8.76929;2824.76;5.27285;0;0;0.1;0.01;0;6.07294;0;0;-1
0;417;-68.3513;17.3734;-12.954;8.58719;2652.42;5.16335;0;0;0.1;0.01;0;4.93232;0;0;-1
0;418;-69.4929;36.4726;-11.9876;9.59908;3704.91;5.77179;0;0;0.1;0.01;0;6.34114;0;0;-1
0;419;-71.9178;53.7854;-13.0228;8.9755;3028.76;5.39684;0;0;0.1;0.01;0;4.41787;0;0;-1
0;420;-54.2907;-75.1324;-9.71928;8.85847;2911.82;5.32647;0;0;0.1;0.01;0;3.81508;0;0;-1
0;421;-56.6189;-58.2379;-12.3484;9.39962;3478.72;5.65186;0;0;0.1;0.01;0;5.38598;0;0;-1
0;422;-57.3293;-39.2046;-10.3177;8.57706;2643.04;5.15726;0;0;0.1;0.01;0;5.56558;0;0;-1
0;423;-57.3114;-23.9588;-11.8655;8.5;2572.44;5.11093;0;0;0.1;0.01;0;5.49259;1;0;-1
0;424;-55.2357;-7.22053;-11.8072;9.00601;3059.75;5.41518;0;0;0.1;0.01;0;5.50064;0;0;-1
0;425;-54.3093;8.59852;-12.5462;10.0595;4264.01;6.04863;0;0;0.1;0.01;0;5.98898;0;0;-1
0;426;-57.3415;29.7704;-12.8165;8.5;2572.44;5.11093;0;0;0.1;0.01;0;5.63822;1;0;-1
0;427;-55.1134;44.7214;-11.8313;9.28257;3350.37;5.58147;0;0;0.1;0.01;0;6.85555;0;0;-1
0;428;-57.9496;60.0309;-10.6865;9.74725;3879.14;5.86088;0;0;0.1;0.01;0;5.4495;0;0;-1
0;429;-42.789;-83.6429;-13.2575;10.0889;4301.5;6.06631;0;0;0.1;0.01;0;4.25613;0;0;-1
0;430;-39.3595;-64.6253;-11.5704;9.79525;3936.73;5.88974;0;0;0.1;0.01;0;5.6095;0;0;-1
0;431;-41.0478;-49.3567;-10.6947;8.52157;2592.07;5.1239;0;0;0.1;0.01;0;5.07753;0;0;-1
0;432;-41.2251;-32.6038;-12.3621;9.80366;3946.87;5.8948;0;0;0.1;0.01;0;6.1394;0;0;-1
0;433;-42.0827;-14.3457;-13.5203;10.014;4206.41;6.02127;0;0;0.1;0.01;0;6.08311;0;0;-1
0;434;-40.9238;3.07251;-10.788;9.48602;3575.53;5.70381;0;0;0.1;0.01;0;5.76941;0;0;-1
0;435;-39.4041;20.0896;-11.2042;10.0097;4200.99;6.01869;0;0;0.1;0.01;0;6.2765;0;0;-1
0;436;-42.1297;36.904;-13.1712;9.33057;3402.62;5.61034;0;0;0.1;0.01;0;7.19711;0;0;-1
0;437;-42.6496;52.214;-12.6249;8.5;2572.44;5.11093;0;0;0.1;0.01;0;5.0503;1;0;-1
0;438;-43.0082;70.6821;-12.5556;8.74544;2801.78;5.25851;0;0;0.1;0.01;0;4.72203;0;0;-1
0;439;-43.2539;85.1307;-13.3325;8.5;2572.44;5.11093;0;0;0.1;0.01;0;3.42523;1;0;-1
0;440;-27.9018;-93.1801;-13.0872;9.62079;3730.1;5.78484;0;0;0.1;0.01;0;4.31758;0;0;-1
0;441;-28.1445;-76.8678;-13.0052;10.1441;4372.49;6.0995;0;0;0.1;0.01;0;7.05484;0;0;-1
0;442;-24.6935;-56.5723;-12.284;10.3899;4698.1;6.2473;0;0;0.1;0.01;0;7.3072;0;0;-1
0;443;-27.3674;-41.7534;-10.1918;10.4383;4764.07;6.2764;0;0;0.1;0.01;0;7.63288;0;0;-1
0;444;-26.6319;-22.2887;-11.8641;10.2193;4470.46;6.14472;0;0;0.1;0.01;0;6.6491;0;0;-1
0;445;-24.954;-7.30515;-10.3201;8.54228;2611.02;5.13635;0;0;0.1;0.01;0;4.69673;0;0;-1
0;446;-25.1387;9.14594;-10.2599;9.43114;3513.83;5.67081;0;0;0.1;0.01;0;5.17426;0;0;-1
0;447;-27.4317;28.4662;-10.5799;10.2555;4518.13;6.16648;0;0;0.1;0.01;0;6.15053;0;0;-1
0;448;-28.3077;42.9586;-10.7738;9.06343;3118.65;5.44971;0;0;0.1;0.01;0;5.62702;0;0;-1
0;449;-24.4432;59.0697;-12.8432;8.80537;2859.77;5.29454;0;0;0.1;0.01;0;4.53706;0;0;-1
0;450;-24.7743;77.6998;-12.2471;9.85517;4009.41;5.92577;0;0;0.1;0.01;0;6.45221;0;0;-1
0;451;-24.8587;94.6705;-14.0136;10.1999;4445.05;6.13305;0;0;0.1;0.01;0;3.54494;0;0;-1
0;452;-13.5497;-83.3093;-11.0883;8.5;2572.44;5.11093;0;0;0.1;0.01;0;4.45389;1;0;-1
0;453;-12.771;-65.4506;-13.2525;8.5;2572.44;5.11093;0;0;0.1;0.01;0;5.52574;1;0;-1
0;454;-12.6948;-48.4376;-9.70925;9.49539;3586.14;5.70944;0;0;0.1;0.01;0;6.60729;0;0;-1
0;455;-11.4452;-32.3651;-11.7609;10.4018;4714.27;6.25445;0;0;0.1;0.01;0;7.25787;0;0;-1
0;456;-10.3965;-14.2743;-10.7272;8.5;2572.44;5.11093;0;0;0.1;0.01;0;6.05927;1;0;-1
0;457;-10.7187;0.963717;-11.6035;10.2021;4447.92;6.13437;0;0;0.1;0.01;0;7.16032;0;0;-1
0;458;-10.7301;16.9712;-11.6242;9.08701;3143.05;5.46389;0;0;0.1;0.01;0;5.76924;0;0;-1
0;459;-11.5917;34.2443;-12.535;8.56015;2627.44;5.14709;0;0;0.1;0.01;0;4.62053;0;0;-1
0;460;-10.3562;50.9702;-10.6085;8.54843;2616.66;5.14005;0;0;0.1;0.01;0;5.22216;0;0;-1
0;461;-10.5255;67.4149;-11.628;9.0735;3129.05;5.45576;0;0;0.1;0.01;0;5.90957;0;0;-1
0;462;-11.7002;87.2541;-12.4328;8.5;2572.44;5.11093;0;0;0.1;0.01;0;4.79453;1;0;-1
0;463;4.39253;-91.5488;-10.5864;8.69412;2752.74;5.22765;0;0;0.1;0.01;0;3.76727;0;0;-1
0;464;1.54104;-75.9954;-12.1266;8.5;2572.44;5.11093;0;0;0.1;0.01;0;5.4903;1;0;-1
0;465;1.34577;-59.478;-12.8516;8.86284;2916.13;5.3291;0;0;0.1;0.01;0;6.06247;0;0;-1
0;466;1.68038;-41.2655;-12.6233;9.63019;3741.05;5.79049;0;0;0.1;0.01;0;6.53621;0;0;-1
0;467;1.26705;-21.5679;-10.4615;9.21799;3280.93;5.54264;0;0;0.1;0.01;0;6.60775;0;0;-1
0;468;1.59756;-7.44646;-12.1247;8.63646;2698.34;5.19298;0;0;0.1;0.01;0;6.12589;0;0;-1
0;469;3.28088;8.17304;-12.2788;10.1133;4332.79;6.08098;0;0;0.1;0.01;0;6.21208;0;0;-1
0;470;3.19232;25.1302;-13.5551;9.05314;3108.04;5.44352;0;0;0.1;0.01;0;4.72424;0;0;-1
0;471;1.98697;43.759;-10.4968;9.3009;3370.26;5.5925;0;0;0.1;0.01;0;5.57906;0;0;-1
0;472;2.33461;59.5208;-10.7501;9.45512;3540.71;5.68523;0;0;0.1;0.01;0;6.58755;0;0;-1
0;473;2.70824;76.7522;-10.3946;8.91847;2971.39;5.36255;0;0;0.1;0.01;0;6.03167;0;0;-1
0;474;3.09605;94.0434;-11.4668;10.2647;4530.3;6.17202;0;0;0.1;0.01;0;4.45862;0;0;-1
0;475;18.8202;-85.1788;-10.5401;9.35595;3430.46;5.6256;0;0;0.1;0.01;0;5.79908;0;0;-1
0;476;16.0684;-68.1917;-10.5188;9.47166;3559.32;5.69517;0;0;0.1;0.01;0;6.35398;0;0;-1
0;477;15.9623;-51.4702;-9.87346;9.86583;4022.44;5.93218;0;0;0.1;0.01;0;5.77873;0;0;-1
0;478;15.5236;-33.392;-10.5228;9.65096;3765.3;5.80298;0;0;0.1;0.01;0;5.74224;0;0;-1
0;479;16.0368;-16.2973;-11.4675;8.57311;2639.39;5.15489;0;0;0.1;0.01;0;5.90856;0;0;-1
0;480;16.4154;1.11611;-11.4622;9.38448;3461.94;5.64275;0;0;0.1;0.01;0;5.58073;0;0;-1
0;481;19.4883;20.9037;-10.88;9.88972;4051.73;5.94655;0;0;0.1;0.01;0;6.04943;0;0;-1
0;482;19.6214;38.1898;-13.1672;8.5;2572.44;5.11093;0;0;0.1;0.01;0;5.08497;1;0;-1
0;483;18.1858;54.5321;-11.4712;8.5;2572.44;5.11093;0;0;0.1;0.01;0;4.93118;1;0;-1
0;484;17.3045;71.4348;-10.3202;10.3965;4707.06;6.25126;0;0;0.1;0.01;0;7.11065;0;0;-1
0;485;15.6966;84.9743;-12.5755;8.5;2572.44;5.11093;0;0;0.1;0.01;0;5.45105;1;0;-1
0;486;31.9474;-93.7266;-12.0413;8.83098;2884.8;5.30994;0;0;0.1;0.01;0;1.85607;0;0;-1
0;487;33.3586;-76.6513;-12.3227;9.41174;3492.19;5.65914;0;0;0.1;0.01;0;5.65257;0;0;-1
0;488;32.8895;-55.3925;-10.3508;9.45135;3536.47;5.68296;0;0;0.1;0.01;0;4.9915;0;0;-1
0;489;34.1669;-38.891;-10.1231;9.62386;3733.67;5.78669;0;0;0.1;0.01;0;6.14399;0;0;-1
0;490;31.2334;-21.3555;-12.2816;9.89423;4057.28;5.94926;0;0;0.1;0.01;0;7.10757;0;0;-1
0;491;33.14;-6.33718;-10.7781;8.88235;2935.43;5.34083;0;0;0.1;0.01;0;5.56261;0;0;-1
0;492;33.4997;11.7953;-12.9157;10.3784;4682.52;6.24038;0;0;0.1;0.01;0;7.01904;0;0;-1
0;493;31.4723;29.051;-10.8329;9.24443;3309.25;5.55854;0;0;0.1;0.01;0;6.82113;0;0;-1
0;494;33.534;46.2642;-13.2444;9.56238;3662.58;5.74972;0;0;0.1;0.01;0;5.98905;0;0;-1
0;495;32.7877;63.4892;-10.3658;8.6173;2680.42;5.18146;0;0;0.1;0.01;0;5.98611;0;0;-1
0;496;32.2648;79.3789;-10.1267;10.0567;4260.45;6.04695;0;0;0.1;0.01;0;6.38654;0;0;-1
0;497;45.9674;-82.9343;-10.7933;8.5;2572.44;5.11093;0;0;0.1;0.01;0;4.15542;1;0;-1
0;498;48.1328;-67.8892;-11.4543;9.53328;3629.24;5.73222;0;0;0.1;0.01;0;6.01255;0;0;-1
0;499;47.7009;-47.7295;-11.9688;9.34097;3414.01;5.61659;0;0;0.1;0.01;0;6.11569;0;0;-1
0;500;48.6171;-31.7073;-12.5243;9.05733;3112.36;5.44604;0;0;0.1;0.01;0;5.54046;0;0;-1
0;501;45.5556;-14.7405;-10.9523;9.15165;3210.6;5.50275;0;0;0.1;0.01;0;6.26796;0;0;-1
0;502;46.5927;0.43485;-11.0275;10.1585;4391.14;6.10816;0;0;0.1;0.01;0;7.44548;0;0;-1
0;503;47.7344;18.1166;-13.4378;10.1742;4411.53;6.1176;0;0;0.1;0.01;0;7.74648;0;0;-1
0;504;47.9018;34.6502;-10.5461;9.51622;3609.79;5.72196;0;0;0.1;0.01;0;6.42855;0;0;-1
0;505;45.9407;55.1961;-12.4984;8.5;2572.44;5.11093;0;0;0.1;0.01;0;5.0198;1;0;-1
0;506;46.2854;68.4959;-10.0091;9.24156;3306.16;5.55682;0;0;0.1;0.01;0;6.16977;0;0;-1
0;507;47.6962;85.645;-13.1015;8.6403;2701.94;5.19529;0;0;0.1;0.01;0;2.33771;0;0;-1
0;508;61.0951;-74.246;-11.293;10.3036;4582.01;6.19541;0;0;0.1;0.01;0;3.19937;0;0;-1
0;509;60.3075;-56.0672;-13.295;9.61516;3723.56;5.78146;0;0;0.1;0.01;0;6.39432;0;0;-1
0;510;61.438;-42.1502;-11.6207;9.39919;3478.24;5.6516;0;0;0.1;0.01;0;6.41204;0;0;-1
0;511;62.5789;-25.7816;-11.8622;9.28468;3352.66;5.58274;0;0;0.1;0.01;0;5.84227;0;0;-1
0;512;62.7418;-7.65156;-11.5027;9.83406;3983.7;5.91308;0;0;0.1;0.01;0;6.46858;0;0;-1
0;513;60.7345;9.37397;-12.8145;10.2245;4477.29;6.14784;0;0;0.1;0.01;0;6.65738;0;0;-1
0;514;61.9681;28.7549;-10.2201;9.92591;4096.37;5.96831;0;0;0.1;0.01;0;6.30915;0;0;-1
0;515;62.6701;45.9873;-11.1272;9.50542;3597.51;5.71547;0;0;0.1;0.01;0;5.70422;0;0;-1
0;516;63.2355;63.5897;-10.7998;10.0981;4313.28;6.07184;0;0;0.1;0.01;0;5.33235;0;0;-1
0;517;61.0474;77.9228;-13.7912;8.90529;2958.24;5.35462;0;0;0.1;0.01;0;2.77173;0;0;-1
0;518;77.6046;-47.5304;-10.8068;8.5;2572.44;5.11093;0;0;0.1;0.01;0;3.88949;1;0;-1
0;519;77.3361;-30.0307;-11.2381;8.60685;2670.68;5.17517;0;0;0.1;0.01;0;5.6284;0;0;-1
0;520;75.2972;-14.4387;-10.8562;10.4528;4783.95;6.28512;0;0;0.1;0.01;0;7.80164;0;0;-1
0;521;74.9439;1.11916;-10.996;8.5;2572.44;5.11093;0;0;0.1;0.01;0;6.1663;1;0;-1
0;522;76.6073;18.015;-13.3372;8.69993;2758.26;5.23114;0;0;0.1;0.01;0;5.74922;0;0;-1
0;523;75.0654;34.8527;-12.711;8.5;2572.44;5.11093;0;0;0.1;0.01;0;5.25409;1;0;-1
0;524;75.343;51.4799;-10.2303;9.24246;3307.13;5.55736;0;0;0.1;0.01;0;5.72021;0;0;-1
0;525;89.5839;-22.1751;-11.9569;8.5;2572.44;5.11093;0;0;0.1;0.01;0;3.79092;1;0;-1
0;526;90.0682;-4.24898;-10.145;9.67018;3787.85;5.81454;0;0;0.1;0.01;0;4.12136;0;0;-1
0;527;89.5539;12.0091;-11.0221;8.94815;3001.15;5.38039;0;0;0.1;0.01;0;4.80389;0;0;-1
0;528;89.4275;27.0302;-11.2018;8.57982;2645.59;5.15892;0;0;0.1;0.01;0;4.51422;0;0;-1
0;529;89.2355;43.5635;-9.8445;10.0381;4236.85;6.03576;0;0;0.1;0.01;0;3.29413;0;0;-1
0;530;-93.9385;-16.5764;2.39467;9.45997;3546.16;5.68814;0;0;0.1;0.01;0;3.17083;0;0;-1
0;531;-95.6849;2.72768;3.4332;9.65336;3768.11;5.80443;0;0;0.1;0.01;0;3.78306;0;0;-1
0;532;-95.9048;18.6854;2.16155;10.2032;4449.36;6.13504;0;0;0.1;0.01;0;3.23906;0;0;-1
0;533;-79.6772;-55.9205;3.03685;8.5;2572.44;5.11093;0;0;0.1;0.01;0;2.64026;1;0;-1
0;534;-82.6262;-41.5244;4.68093;9.80047;3943.02;5.89288;0;0;0.1;0.01;0;4.17444;0;0;-1
0;535;-80.5988;-23.2236;2.97336;9.80139;3944.13;5.89343;0;0;0.1;0.01;0;6.45318;0;0;-1
0;536;-79.8659;-6.13757;3.72293;9.46528;3552.13;5.69134;0;0;0.1;0.01;0;5.92457;0;0;-1
0;537;-81.7907;10.3556;2.7156;8.90491;2957.86;5.35439;0;0;0.1;0.01;0;4.70765;0;0;-1
0;538;-80.6006;25.4943;1.20952;8.5;2572.44;5.11093;0;0;0.1;0.01;0;3.69489;1;0;-1
0;539;-82.6812;44.0757;2.76718;10.2457;4505.19;6.16059;0;0;0.1;0.01;0;4.42331;0;0;-1
0;540;-78.904;61.1274;3.37602;9.4202;3501.62;5.66423;0;0;0.1;0.01;0;2.55958;0;0;-1
0;541;-63.8848;-65.5072;1.67488;8.86781;2921.04;5.33209;0;0;0.1;0.01;0;4.00891;0;0;-1
0;542;-64.2807;-47.2871;4.3986;10.2617;4526.33;6.17021;0;0;0.1;0.01;0;6.23403;0;0;-1
0;543;-68.3955;-33.0489;3.55239;8.92266;2975.58;5.36507;0;0;0.1;0.01;0;5.75762;0;0;-1
0;544;-67.798;-14.822;1.72281;10.4365;4761.6;6.27532;0;0;0.1;0.01;0;6.92588;0;0;-1
0;545;-67.1936;0.400358;3.73472;10.3306;4618.12;6.21164;0;0;0.1;0.01;0;6.93404;0;0;-1
0;546;-64.7306;17.1274;3.36824;10.4477;4776.95;6.28205;0;0;0.1;0.01;0;6.01944;0;0;-1
0;547;-65.1788;36.5247;3.09608;10.4249;4745.74;6.26834;0;0;0.1;0.01;0;6.60409;0;0;-1
0;548;-65.563;52.0299;3.22395;9.47993;3568.65;5.70014;0;0;0.1;0.01;0;5.48175;0;0;-1
0;549;-64.9422;70.4123;3.16478;8.5;2572.44;5.11093;0;0;0.1;0.01;0;2.3499;1;0;-1
0;550;-49.9075;-75.3369;3.24269;8.5823;2647.89;5.16041;0;0;0.1;0.01;0;5.00551;0;0;-1
0;551;-50.3419;-59.3895;4.20956;8.71413;2771.79;5.23968;0;0;0.1;0.01;0;5.50678;0;0;-1
0;552;-50.9537;-42.3321;3.3372;8.72965;2786.63;5.24901;0;0;0.1;0.01;0;5.46068;0;0;-1
0;553;-52.1148;-24.4776;3.65783;8.58632;2651.61;5.16283;0;0;0.1;0.01;0;4.18444;0;0;-1
0;554;-49.6403;-5.37835;2.14897;8.5;2572.44;5.11093;0;0;0.1;0.01;0;4.35361;1;0;-1
0;555;-52.3016;10.0588;3.74951;8.5;2572.44;5.11093;0;0;0.1;0.01;0;4.98628;1;0;-1
0;556;-52.7552;25.8416;2.69925;8.5;2572.44;5.11093;0;0;0.1;0.01;0;5.48573;1;0;-1
0;557;-50.2691;42.9851;5.11972;9.8444;3996.28;5.91929;0;0;0.1;0.01;0;5.97301;0;0;-1
0;558;-50.7558;63.4577;1.83733;9.04923;3104.01;5.44117;0;0;0.1;0.01;0;5.21395;0;0;-1
0;559;-51.4545;78.1179;1.28742;9.76208;3896.87;5.8698;0;0;0.1;0.01;0;4.43726;0;0;-1
0;560;-34.9787;-84.0147;3.44204;9.36644;3442.01;5.6319;0;0;0.1;0.01;0;5.15447;0;0;-1
0;561;-38.5008;-67.3806;3.24509;9.15764;3216.91;5.50636;0;0;0.1;0.01;0;5.35519;0;0;-1
0;562;-36.7029;-50.3936;4.12013;8.5;2572.44;5.11093;0;0;0.1;0.01;0;5.1742;1;0;-1
0;563;-35.8314;-32.6204;2.67799;9.95707;4135.07;5.98704;0;0;0.1;0.01;0;6.05256;0;0;-1
0;564;-38.0779;-14.0899;3.15594;8.97516;3028.41;5.39663;0;0;0.1;0.01;0;4.98239;0;0;-1
0;565;-36.6302;3.18162;4.03878;8.90095;2953.91;5.35201;0;0;0.1;0.01;0;5.85439;0;0;-1
0;566;-38.1392;19.9744;2.91715;10.1518;4382.46;6.10413;0;0;0.1;0.01;0;6.86622;0;0;-1
0;567;-38.1963;36.309;1.03058;8.89588;2948.87;5.34896;0;0;0.1;0.01;0;5.93109;0;0;-1
0;568;-35.4182;50.8428;2.86519;9.82839;3976.82;5.90967;0;0;0.1;0.01;0;5.01462;0;0;-1
0;569;-35.7469;71.7396;1.34067;10.4423;4769.55;6.2788;0;0;0.1;0.01;0;6.28615;0;0;-1
0;570;-35.3305;87.8915;3.29375;9.58234;3685.56;5.76172;0;0;0.1;0.01;0;5.14389;0;0;-1
0;571;-20.7794;-93.6596;1.59955;9.51832;3612.18;5.72323;0;0;0.1;0.01;0;4.31153;0;0;-1
0;572;-20.5667;-76.6065;4.59487;8.53528;2604.61;5.13214;0;0;0.1;0.01;0;5.26408;0;0;-1
0;573;-23.6168;-57.6377;1.54109;9.2155;3278.27;5.54115;0;0;0.1;0.01;0;6.00592;0;0;-1
0;574;-23.2215;-40.3599;2.14339;9.25268;3318.11;5.5635;0;0;0.1;0.01;0;6.41784;0;0;-1
0;575;-21.1661;-23.0807;3.57095;8.5;2572.44;5.11093;0;0;0.1;0.01;0;5.39879;1;0;-1
0;576;-20.5783;-5.19638;3.34138;8.55675;2624.31;5.14505;0;0;0.1;0.01;0;6.16113;0;0;-1
0;577;-20.1924;9.99536;4.07198;10.1133;4332.79;6.08098;0;0;0.1;0.01;0;6.8989;0;0;-1
0;578;-23.9388;27.5214;1.88653;8.5874;2652.61;5.16348;0;0;0.1;0.01;0;3.99311;0;0;-1
0;579;-19.9324;46.9973;1.82722;9.19996;3261.72;5.5318;0;0;0.1;0.01;0;4.54758;0;0;-1
0;580;-22.0286;63.3236;2.16748;9.89483;4058.01;5.94962;0;0;0.1;0.01;0;6.65981;0;0;-1
0;581;-22.1861;77.5574;1.90992;9.60554;3712.39;5.77567;0;0;0.1;0.01;0;6.19885;0;0;-1
0;582;-23.3669;96.2324;1.35725;9.90756;4073.7;5.95727;0;0;0.1;0.01;0;3.4208;0;0;-1
0;583;-7.07266;-98.9517;0.93088;10.0776;4287.06;6.05951;0;0;0.1;0.01;0;2.97465;0;0;-1
0;584;-5.64442;-81.0555;3.71293;8.73414;2790.93;5.25171;0;0;0.1;0.01;0;5.62683;0;0;-1
0;585;-9.08173;-66.6471;2.77432;10.3839;4689.97;6.24369;0;0;0.1;0.01;0;5.75159;0;0;-1
0;586;-7.63368;-49.2503;2.31052;8.64791;2709.08;5.19986;0;0;0.1;0.01;0;5.09724;0;0;-1
0;587;-7.46656;-29.9757;2.51814;9.4445;3528.79;5.67884;0;0;0.1;0.01;0;6.3532;0;0;-1
0;588;-8.78252;-14.1945;3.11676;9.71029;3835.18;5.83866;0;0;0.1;0.01;0;6.8806;0;0;-1
0;589;-7.88656;1.80551;3.77647;8.5;2572.44;5.11093;0;0;0.1;0.01;0;5.89918;1;0;-1
0;590;-6.29708;17.3584;1.34255;8.51996;2590.61;5.12293;0;0;0.1;0.01;0;5.93046;0;0;-1
0;591;-6.16057;34.653;3.70236;9.22465;3288.05;5.54665;0;0;0.1;0.01;0;5.50902;0;0;-1
0;592;-5.76482;51.7994;3.54204;8.5;2572.44;5.11093;0;0;0.1;0.01;0;5.86931;1;0;-1
0;593;-7.5669;71.7839;2.33551;10.3283;4615.04;6.21026;0;0;0.1;0.01;0;6.85499;0;0;-1
0;594;-9.20584;88.3802;3.68144;9.77079;3907.31;5.87503;0;0;0.1;0.01;0;4.97516;0;0;-1
0;595;8.04105;-92.1736;3.09505;8.71605;2773.63;5.24083;0;0;0.1;0.01;0;4.70672;0;0;-1
0;596;8.63543;-76.0924;1.82849;9.61678;3725.44;5.78243;0;0;0.1;0.01;0;7.04014;0;0;-1
0;597;5.95567;-58.9239;1.68623;10.096;4310.59;6.07058;0;0;0.1;0.01;0;6.92008;0;0;-1
0;598;7.0351;-42.7394;3.58782;9.83689;3987.15;5.91478;0;0;0.1;0.01;0;6.72645;0;0;-1
0;599;7.5475;-24.9372;1.84608;9.5353;3631.55;5.73344;0;0;0.1;0.01;0;6.50568;0;0;-1
0;600;9.35837;-8.46077;4.4438;10.1237;4346.17;6.08723;0;0;0.1;0.01;0;5.93057;0;0;-1
0;601;5.73702;10.4497;2.77529;8.89902;2951.99;5.35085;0;0;0.1;0.01;0;4.96057;0;0;-1
0;602;7.62644;25.4219;2.11921;9.91149;4078.55;5.95964;0;0;0.1;0.01;0;6.0889;0;0;-1
0;603;8.38391;44.0604;2.35162;8.5;2572.44;5.11093;0;0;0.1;0.01;0;5.04562;1;0;-1
0;604;6.90748;60.3878;1.62053;8.5;2572.44;5.11093;0;0;0.1;0.01;0;5.65696;1;0;-1
0;605;8.80187;76.5046;2.68234;8.62821;2690.61;5.18802;0;0;0.1;0.01;0;5.79808;0;0;-1
0;606;5.61244;97.9052;1.52292;9.70502;3828.93;5.83549;0;0;0.1;0.01;0;2.82617;0;0;-1
0;607;20.4541;-85.2876;2.17931;8.5;2572.44;5.11093;0;0;0.1;0.01;0;4.15318;1;0;-1
0;608;23.7069;-66.3234;2.73919;10.1485;4378.19;6.10215;0;0;0.1;0.01;0;5.924;0;0;-1
0;609;22.3829;-47.3546;4.38441;8.61569;2678.91;5.18049;0;0;0.1;0.01;0;4.58377;0;0;-1
0;610;21.7434;-31.0878;1.47693;8.5;2572.44;5.11093;0;0;0.1;0.01;0;5.7895;1;0;-1
0;611;21.4311;-14.7055;1.4996;8.5;2572.44;5.11093;0;0;0.1;0.01;0;5.46784;1;0;-1
0;612;23.2014;4.34048;1.1986;9.49255;3582.92;5.70773;0;0;0.1;0.01;0;5.44796;0;0;-1
0;613;23.3868;20.8339;4.67489;9.56391;3664.33;5.75064;0;0;0.1;0.01;0;6.83882;0;0;-1
0;614;21.984;37.2935;4.96631;8.5;2572.44;5.11093;0;0;0.1;0.01;0;5.66099;1;0;-1
0;615;22.774;51.4208;3.72179;9.88732;4048.78;5.9451;0;0;0.1;0.01;0;6.64311;0;0;-1
0;616;21.1327;67.7534;1.66167;9.16445;3224.09;5.51045;0;0;0.1;0.01;0;5.95694;0;0;-1
0;617;21.4028;89.4946;1.14233;10.1186;4339.6;6.08417;0;0;0.1;0.01;0;4.04337;0;0;-1
0;618;38.0393;-75.9271;1.66065;9.44408;3528.32;5.67859;0;0;0.1;0.01;0;6.03222;0;0;-1
0;619;38.5535;-59.6041;4.02738;8.64248;2703.98;5.1966;0;0;0.1;0.01;0;5.22668;0;0;-1
0;620;34.9034;-40.1511;3.41388;8.9796;3032.91;5.3993;0;0;0.1;0.01;0;5.45032;0;0;-1
0;621;35.0466;-25.724;1.1989;9.54414;3641.66;5.73875;0;0;0.1;0.01;0;6.10572;0;0;-1
0;622;38.0189;-8.85168;4.4811;9.35846;3433.22;5.62711;0;0;0.1;0.01;0;6.01239;0;0;-1
0;623;37.2343;9.08821;1.44999;9.51894;3612.89;5.7236;0;0;0.1;0.01;0;5.74606;0;0;-1
0;624;36.6656;27.2525;2.87322;9.98295;4167.4;6.0026;0;0;0.1;0.01;0;6.51416;0;0;-1
0;625;35.9281;44.535;1.21264;10.3932;4702.58;6.24928;0;0;0.1;0.01;0;6.87872;0;0;-1
0;626;36.1004;62.7089;3.83108;10.293;4567.88;6.18903;0;0;0.1;0.01;0;7.82451;0;0;-1
0;627;37.6655;80.0043;2.52661;10.395;4705.03;6.25036;0;0;0.1;0.01;0;5.13918;0;0;-1
0;628;50.8415;-83.5309;2.89873;8.5;2572.44;5.11093;0;0;0.1;0.01;0;2.9871;1;0;-1
0;629;52.1834;-64.6132;4.04459;9.83279;3982.16;5.91231;0;0;0.1;0.01;0;5.58528;0;0;-1
0;630;50.32;-48.466;3.25619;10.1367;4362.93;6.09505;0;0;0.1;0.01;0;6.36319;0;0;-1
0;631;53.3998;-33.6508;4.79237;8.5;2572.44;5.11093;0;0;0.1;0.01;0;5.81185;1;0;-1
0;632;51.3858;-15.8286;2.99247;8.60239;2666.53;5.17249;0;0;0.1;0.01;0;5.1181;0;0;-1
0;633;52.16;1.13667;2.46422;8.51441;2585.55;5.11959;0;0;0.1;0.01;0;5.43434;0;0;-1
0;634;52.3745;17.0443;1.66583;9.47502;3563.11;5.69719;0;0;0.1;0.01;0;7.31029;0;0;-1
0;635;50.1817;34.3909;2.73531;9.80689;3950.78;5.89674;0;0;0.1;0.01;0;6.23265;0;0;-1
0;636;51.3806;54.6329;4.69851;8.5;2572.44;5.11093;0;0;0.1;0.01;0;5.0183;1;0;-1
0;637;50.006;67.7072;3.25952;9.09874;3155.24;5.47094;0;0;0.1;0.01;0;4.70069;0;0;-1
0;638;68.0569;-56.0622;4.68593;9.91865;4087.39;5.96394;0;0;0.1;0.01;0;4.38791;0;0;-1
0;639;67.5931;-39.0458;2.40711;9.67029;3787.97;5.81461;0;0;0.1;0.01;0;7.0886;0;0;-1
0;640;64.7323;-24.1642;3.90355;8.59961;2663.94;5.17082;0;0;0.1;0.01;0;5.6776;0;0;-1
0;641;67.8237;-6.65608;4.4263;8.5;2572.44;5.11093;0;0;0.1;0.01;0;4.86898;1;0;-1
0;642;65.628;12.2015;3.83421;10.2544;4516.68;6.16582;0;0;0.1;0.01;0;6.71955;0;0;-1
0;643;65.4882;25.9344;3.93995;8.5;2572.44;5.11093;0;0;0.1;0.01;0;6.09722;1;0;-1
0;644;66.9174;44.3132;4.36127;9.40417;3483.77;5.65459;0;0;0.1;0.01;0;5.69788;0;0;-1
0;645;67.4212;60.1772;4.32103;9.78995;3930.34;5.88655;0;0;0.1;0.01;0;4.46693;0;0;-1
0;646;82.3327;-47.3962;5.1096;9.16647;3226.23;5.51167;0;0;0.1;0.01;0;3.67459;0;0;-1
0;647;82.1708;-33.1105;3.18385;10.4059;4719.84;6.25692;0;0;0.1;0.01;0;5.82254;0;0;-1
0;648;81.3961;-15.7972;3.8415;9.58771;3691.76;5.76495;0;0;0.1;0.01;0;6.49016;0;0;-1
0;649;79.7727;0.0563074;1.87508;9.17655;3236.88;5.51773;0;0;0.1;0.01;0;5.72876;0;0;-1
0;650;80.9738;18.2592;2.44506;9.17519;3235.44;5.51691;0;0;0.1;0.01;0;6.6429;0;0;-1
0;651;82.5362;36.1057;4.09276;10.3563;4652.67;6.22709;0;0;0.1;0.01;0;5.55278;0;0;-1
0;652;82.8015;55.3001;4.89632;9.98006;4163.78;6.00087;0;0;0.1;0.01;0;2.84868;0;0;-1
0;653;95.8379;-23.3862;2.10223;10.372;4673.86;6.23653;0;0;0.1;0.01;0;3.6289;0;0;-1
0;654;96.3594;-7.56242;4.22192;9.30892;3378.99;5.59732;0;0;0.1;0.01;0;3.40641;0;0;-1
0;655;94.5259;12.1174;1.93638;9.59168;3696.35;5.76734;0;0;0.1;0.01;0;4.21251;0;0;-1
0;656;94.311;26.6321;4.47939;10.0281;4224.2;6.02975;0;0;0.1;0.01;0;4.46458;0;0;-1
0;657;-86.8377;-40.7512;19.2012;10.0139;4206.28;6.02121;0;0;0.1;0.01;0;3.22147;0;0;-1
0;658;-85.0808;-21.1761;18.5599;9.39531;3473.94;5.64926;0;0;0.1;0.01;0;3.28178;0;0;-1
0;659;-84.8751;-4.99036;19.2699;9.9256;4095.99;5.96812;0;0;0.1;0.01;0;4.6032;0;0;-1
0;660;-86.6521;10.4816;17.1909;9.41782;3498.97;5.6628;0;0;0.1;0.01;0;4.7141;0;0;-1
0;661;-85.7247;27.1099;18.3027;8.5;2572.44;5.11093;0;0;0.1;0.01;0;3.2171;1;0;-1
0;662;-84.2581;45.3274;18.9238;8.68184;2741.09;5.22026;0;0;0.1;0.01;0;2.72876;0;0;-1
0;663;-72.1087;-63.6391;19.8393;9.46219;3548.65;5.68948;0;0;0.1;0.01;0;3.35656;0;0;-1
0;664;-70.8105;-48.5647;16.6734;9.04696;3101.68;5.43981;0;0;0.1;0.01;0;6.11147;0;0;-1
0;665;-68.9812;-33.8688;19.1876;8.5;2572.44;5.11093;0;0;0.1;0.01;0;5.46644;1;0;-1
0;666;-71.9581;-13.19;19.0176;9.90376;4069.01;5.95499;0;0;0.1;0.01;0;7.23546;0;0;-1
0;667;-69.3888;2.17345;19.7038;9.7357;3865.36;5.85394;0;0;0.1;0.01;0;6.93252;0;0;-1
0;668;-70.248;18.6418;19.3018;9.64972;3763.85;5.80224;0;0;0.1;0.01;0;5.80138;0;0;-1
0;669;-70.2943;34.2559;16.744;8.77909;2834.24;5.27874;0;0;0.1;0.01;0;4.32413;0;0;-1
0;670;-70.2543;52.8822;16.2636;8.5;2572.44;5.11093;0;0;0.1;0.01;0;3.91732;1;0;-1
0;671;-58.0239;-74.9476;17.1215;10.065;4271;6.05194;0;0;0.1;0.01;0;4.51513;0;0;-1
0;672;-57.4966;-58.6529;18.7049;9.47117;3558.77;5.69488;0;0;0.1;0.01;0;6.43778;0;0;-1
0;673;-56.2035;-39.5366;17.4557;10.2399;4497.55;6.1571;0;0;0.1;0.01;0;7.40222;0;0;-1
0;674;-57.0848;-23.2711;16.9163;8.9323;2985.23;5.37086;0;0;0.1;0.01;0;5.73313;0;0;-1
0;675;-55.1871;-6.46243;16.0506;9.97374;4155.88;5.99707;0;0;0.1;0.01;0;6.24409;0;0;-1
0;676;-57.129;8.61498;17.4089;8.70387;2762.01;5.23351;0;0;0.1;0.01;0;5.38395;0;0;-1
0;677;-55.3833;26.7731;16.7923;9.65507;3770.12;5.80545;0;0;0.1;0.01;0;5.70908;0;0;-1
0;678;-54.9771;46.9023;18.9424;8.5;2572.44;5.11093;0;0;0.1;0.01;0;4.35405;1;0;-1
0;679;-53.9886;61.933;18.2846;8.67427;2733.93;5.21571;0;0;0.1;0.01;0;3.80855;0;0;-1
0;680;-53.7944;78.0468;19.6572;9.60026;3706.27;5.7725;0;0;0.1;0.01;0;2.63949;0;0;-1
0;681;-41.6991;-84.6143;16.8506;9.64536;3758.75;5.79962;0;0;0.1;0.01;0;4.32868;0;0;-1
0;682;-40.6297;-67.4694;17.7331;8.98447;3037.85;5.40223;0;0;0.1;0.01;0;5.51477;0;0;-1
0;683;-40.4655;-47.7795;16.7392;9.09298;3149.25;5.46748;0;0;0.1;0.01;0;5.25984;0;0;-1
0;684;-42.5272;-33.0311;18.1949;9.56256;3662.78;5.74983;0;0;0.1;0.01;0;6.35411;0;0;-1
0;685;-42.1553;-13.7558;16.4904;8.5;2572.44;5.11093;0;0;0.1;0.01;0;4.91522;1;0;-1
0;686;-39.9919;2.2818;17.7286;8.8338;2887.56;5.31164;0;0;0.1;0.01;0;5.08221;0;0;-1
0;687;-42.2123;18.685;18.4608;8.81873;2872.81;5.30257;0;0;0.1;0.01;0;5.43347;0;0;-1
0;688;-41.1626;33.7347;18.2802;8.97255;3025.77;5.39506;0;0;0.1;0.01;0;5.1898;0;0;-1
0;689;-39.7089;53.2157;18.5426;8.97931;3032.62;5.39913;0;0;0.1;0.01;0;4.73771;0;0;-1
0;690;-39.5883;71.483;16.4011;10.2106;4459.05;6.13949;0;0;0.1;0.01;0;5.90302;0;0;-1
0;691;-41.5966;87.7489;18.5446;8.98874;3042.18;5.4048;0;0;0.1;0.01;0;2.93029;0;0;-1
0;692;-27.7618;-93.4526;16.8268;10.4523;4783.26;6.28482;0;0;0.1;0.01;0;3.98022;0;0;-1
0;693;-27.5119;-72.8535;18.499;9.83112;3980.13;5.91131;0;0;0.1;0.01;0;6.16683;0;0;-1
0;694;-25.3729;-56.7092;16.2751;8.5;2572.44;5.11093;0;0;0.1;0.01;0;4.45114;1;0;-1
0;695;-24.5048;-40.3786;17.8431;8.88227;2935.35;5.34078;0;0;0.1;0.01;0;5.48698;0;0;-1
0;696;-28.3584;-24.7224;16.3221;9.59361;3698.58;5.7685;0;0;0.1;0.01;0;6.04793;0;0;-1
0;697;-28.3797;-7.18618;16.0136;9.33032;3402.34;5.61019;0;0;0.1;0.01;0;5.29234;0;0;-1
0;698;-26.9587;10.6779;16.4899;9.60486;3711.6;5.77526;0;0;0.1;0.01;0;6.09169;0;0;-1
0;699;-27.4513;28.0481;17.3658;9.05772;3112.76;5.44628;0;0;0.1;0.01;0;5.12895;0;0;-1
0;700;-25.4594;45.931;17.6321;9.58543;3689.13;5.76358;0;0;0.1;0.01;0;5.76515;0;0;-1
0;701;-28.1549;62.0554;16.4052;9.01678;3070.74;5.42166;0;0;0.1;0.01;0;5.90458;0;0;-1
0;702;-27.4139;80.414;16.3143;10.1887;4430.42;6.12632;0;0;0.1;0.01;0;5.89021;0;0;-1
0;703;-13.2919;-83.6096;17.6368;9.77088;3907.42;5.87509;0;0;0.1;0.01;0;5.45652;0;0;-1
0;704;-13.733;-65.6457;17.0282;8.5;2572.44;5.11093;0;0;0.1;0.01;0;4.20925;1;0;-1
0;705;-11.1825;-47.533;16.2693;9.7905;3931;5.88689;0;0;0.1;0.01;0;5.4495;0;0;-1
0;706;-12.354;-30.785;19.3403;8.63701;2698.85;5.19331;0;0;0.1;0.01;0;5.76205;0;0;-1
0;707;-11.5507;-16.1876;17.4742;9.71429;3839.92;5.84106;0;0;0.1;0.01;0;6.34301;0;0;-1
0;708;-13.6698;1.66196;17.1282;10.0878;4300.09;6.06565;0;0;0.1;0.01;0;7.02351;0;0;-1
0;709;-13.1802;20.7922;16.6097;10.0841;4295.36;6.06342;0;0;0.1;0.01;0;6.26996;0;0;-1
0;710;-10.9545;37.3176;17.2913;8.97727;3030.55;5.3979;0;0;0.1;0.01;0;5.49476;0;0;-1
0;711;-10.0206;52.3594;18.2977;10.1287;4352.61;6.09024;0;0;0.1;0.01;0;6.64306;0;0;-1
0;712;-11.6711;68.4215;18.3695;8.59754;2662.02;5.16958;0;0;0.1;0.01;0;5.20948;0;0;-1
0;713;-11.053;85.2587;18.6697;8.5;2572.44;5.11093;0;0;0.1;0.01;0;3.73835;1;0;-1
0;714;1.68454;-91.9826;17.4346;10.248;4508.23;6.16197;0;0;0.1;0.01;0;3.909;0;0;-1
0;715;4.58308;-72.2705;15.9817;8.68782;2746.76;5.22386;0;0;0.1;0.01;0;5.15414;0;0;-1
0;716;2.81757;-56.9732;17.3356;8.5;2572.44;5.11093;0;0;0.1;0.01;0;5.54431;1;0;-1
0;717;2.96302;-39.8528;16.6739;9.887;4048.39;5.94491;0;0;0.1;0.01;0;6.58511;0;0;-1
0;718;2.38417;-24.4704;16.4647;8.82136;2875.38;5.30416;0;0;0.1;0.01;0;5.63581;0;0;-1
0;719;4.97682;-8.37501;17.1113;8.57217;2638.52;5.15432;0;0;0.1;0.01;0;4.74406;0;0;-1
0;720;4.17413;9.65035;16.3831;9.89258;4055.25;5.94826;0;0;0.1;0.01;0;4.89057;0;0;-1
0;721;2.16086;28.5092;16.6432;9.95865;4137.04;5.98799;0;0;0.1;0.01;0;6.2484;0;0;-1
0;722;2.53352;46.1861;15.6168;8.5982;2662.63;5.16997;0;0;0.1;0.01;0;5.80334;0;0;-1
0;723;2.66307;63.4024;15.8907;10.4039;4717.12;6.25571;0;0;0.1;0.01;0;6.71282;0;0;-1
0;724;0.995032;77.9651;15.9393;8.66392;2724.16;5.20949;0;0;0.1;0.01;0;5.68516;0;0;-1
0;725;4.69872;93.0884;17.7717;8.70908;2766.98;5.23664;0;0;0.1;0.01;0;2.89459;0;0;-1
0;726;17.777;-82.3793;17.1021;10.0453;4245.97;6.04009;0;0;0.1;0.01;0;5.13155;0;0;-1
0;727;15.7984;-64.4104;16.3785;8.5;2572.44;5.11093;0;0;0.1;0.01;0;4.94341;1;0;-1
0;728;16.024;-50.0876;18.3101;9.61978;3728.93;5.78423;0;0;0.1;0.01;0;5.55344;0;0;-1
0;729;18.9324;-33.9772;18.1006;8.5;2572.44;5.11093;0;0;0.1;0.01;0;4.31465;1;0;-1
0;730;18.3564;-17.0109;17.3438;9.30503;3374.75;5.59498;0;0;0.1;0.01;0;5.77573;0;0;-1
0;731;17.4617;2.71842;18.4909;8.54447;2613.03;5.13767;0;0;0.1;0.01;0;4.74015;0;0;-1
0;732;16.5807;21.1379;16.2193;9.14026;3198.63;5.49591;0;0;0.1;0.01;0;6.27621;0;0;-1
0;733;16.513;37.073;17.4455;8.88866;2941.69;5.34462;0;0;0.1;0.01;0;5.88939;0;0;-1
0;734;19.6638;52.9296;17.6954;8.85858;2911.93;5.32654;0;0;0.1;0.01;0;5.16848;0;0;-1
0;735;16.4152;69.7766;17.388;8.51644;2587.4;5.12081;0;0;0.1;0.01;0;5.15722;0;0;-1
0;736;17.916;85.6762;16.4563;9.17315;3233.29;5.51568;0;0;0.1;0.01;0;3.56776;0;0;-1
0;737;33.1747;-92.4841;15.9338;9.05955;3114.64;5.44738;0;0;0.1;0.01;0;1.69052;0;0;-1
0;738;33.7888;-73.7676;16.0996;9.51316;3606.31;5.72013;0;0;0.1;0.01;0;5.47809;0;0;-1
0;739;33.1803;-55.2433;18.0166;9.15668;3215.9;5.50578;0;0;0.1;0.01;0;4.54293;0;0;-1
0;740;33.6519;-39.0244;18.0745;8.5;2572.44;5.11093;0;0;0.1;0.01;0;5.33051;1;0;-1
0;741;31.436;-24.4824;16.3358;9.37929;3456.2;5.63963;0;0;0.1;0.01;0;6.48205;0;0;-1
0;742;30.7128;-8.05917;18.5966;9.30862;3378.66;5.59714;0;0;0.1;0.01;0;5.49853;0;0;-1
0;743;30.5298;11.5664;17.0166;8.87722;2930.35;5.33774;0;0;0.1;0.01;0;5.13174;0;0;-1
0;744;32.0948;26.8738;16.7652;8.78131;2836.39;5.28007;0;0;0.1;0.01;0;5.40216;0;0;-1
0;745;33.2176;45.7695;16.5249;8.5;2572.44;5.11093;0;0;0.1;0.01;0;5.28822;1;0;-1
0;746;30.4896;63.4365;19.479;9.08213;3137.99;5.46095;0;0;0.1;0.01;0;6.81641;0;0;-1
0;747;30.65;77.8137;17.847;9.25776;3323.58;5.56656;0;0;0.1;0.01;0;5.1858;0;0;-1
0;748;45.3103;-81.2472;16.0894;9.99665;4184.58;6.01084;0;0;0.1;0.01;0;4.70902;0;0;-1
0;749;48.9047;-67.6404;17.009;8.61752;2680.62;5.18159;0;0;0.1;0.01;0;5.08432;0;0;-1
0;750;47.5087;-48.1658;18.5963;8.5;2572.44;5.11093;0;0;0.1;0.01;0;4.60319;1;0;-1
0;751;46.7611;-31.8974;16.6133;9.52674;3621.78;5.72829;0;0;0.1;0.01;0;6.82967;0;0;-1
0;752;46.3607;-15.3182;17.5063;9.96599;4146.2;5.99241;0;0;0.1;0.01;0;6.40234;0;0;-1
0;753;46.2082;4.39439;19.4807;9.61473;3723.06;5.7812;0;0;0.1;0.01;0;5.42958;0;0;-1
0;754;48.7907;20.4701;17.338;9.77667;3914.37;5.87857;0;0;0.1;0.01;0;6.22893;0;0;-1
0;755;46.8636;34.877;18.9816;8.5;2572.44;5.11093;0;0;0.1;0.01;0;5.23528;1;0;-1
0;756;45.0843;54.0911;16.5887;10.1386;4365.39;6.09619;0;0;0.1;0.01;0;6.57344;0;0;-1
0;757;46.9789;68.9795;17.7785;8.7934;2848.13;5.28734;0;0;0.1;0.01;0;5.04354;0;0;-1
0;758;45.9379;86.0465;19.6677;8.5;2572.44;5.11093;0;0;0.1;0.01;0;1.2833;1;0;-1
0;759;61.2228;-75.4434;17.4911;9.74749;3879.42;5.86102;0;0;0.1;0.01;0;2.82249;0;0;-1
0;760;62.306;-57.9549;18.1641;8.5;2572.44;5.11093;0;0;0.1;0.01;0;4.94748;1;0;-1
0;761;62.5588;-38.7152;16.6984;10.097;4311.87;6.07118;0;0;0.1;0.01;0;7.49565;0;0;-1
0;762;60.4203;-24.2782;16.5125;9.90118;4065.83;5.95344;0;0;0.1;0.01;0;7.54653;0;0;-1
0;763;60.375;-7.40523;16.7488;8.93108;2984.01;5.37013;0;0;0.1;0.01;0;4.81135;0;0;-1
0;764;62.4583;10.6022;16.9692;9.45392;3539.36;5.6845;0;0;0.1;0.01;0;5.77841;0;0;-1
0;765;61.6892;28.534;16.4785;10.2254;4478.47;6.14838;0;0;0.1;0.01;0;7.22151;0;0;-1
0;766;61.8718;45.211;19.0373;8.67367;2733.36;5.21535;0;0;0.1;0.01;0;6.08169;0;0;-1
0;767;62.2941;63.6377;19.0442;10.0225;4217.13;6.02638;0;0;0.1;0.01;0;4.8331;0;0;-1
0;768;75.9084;-50.2102;19.5118;8.70096;2759.24;5.23176;0;0;0.1;0.01;0;3.0124;0;0;-1
0;769;76.0477;-33.4781;18.3405;10.0886;4301.12;6.06613;0;0;0.1;0.01;0;6.13357;0;0;-1
0;770;77.6183;-16.9503;16.7428;8.5;2572.44;5.11093;0;0;0.1;0.01;0;4.96213;1;0;-1
0;771;74.8851;0.849492;19.4086;8.71841;2775.88;5.24225;0;0;0.1;0.01;0;4.44581;0;0;-1
0;772;76.4907;20.1067;16.1836;9.82373;3971.16;5.90687;0;0;0.1;0.01;0;6.53683;0;0;-1
0;773;74.8214;37.9211;19.0713;10.3722;4674.14;6.23665;0;0;0.1;0.01;0;6.73543;0;0;-1
0;774;76.5201;52.426;18.7616;8.77615;2831.4;5.27697;0;0;0.1;0.01;0;4.58217;0;0;-1
0;775;91.5315;-22.0682;18.6384;9.7875;3927.39;5.88508;0;0;0.1;0.01;0;4.3438;0;0;-1
0;776;92.7479;-7.35626;19.9346;8.5;2572.44;5.11093;0;0;0.1;0.01;0;2.61991;1;0;-1
0;777;91.699;9.32529;16.2231;9.05672;3111.73;5.44567;0;0;0.1;0.01;0;2.5261;0;0;-1
0;778;89.4653;26.8424;17.3943;9.35384;3428.14;5.62433;0;0;0.1;0.01;0;4.07933;0;0;-1
0;779;-93.5862;2.41532;34.564;8.55786;2625.33;5.14572;0;0;0.1;0.01;0;2.84436;0;0;-1
0;780;-82.0389;-39.7088;31.6328;9.85962;4014.85;5.92845;0;0;0.1;0.01;0;3.15564;0;0;-1
0;781;-79.6851;-25.0889;32.4564;9.32437;3395.84;5.60661;0;0;0.1;0.01;0;4.25245;0;0;-1
0;782;-79.0005;-6.09237;34.0244;9.22038;3283.49;5.54408;0;0;0.1;0.01;0;5.97691;0;0;-1
0;783;-80.1772;10.0455;31.8142;8.73128;2788.19;5.24999;0;0;0.1;0.01;0;4.89453;0;0;-1
0;784;-82.7016;25.8716;30.9229;9.40262;3482.05;5.65366;0;0;0.1;0.01;0;2.74838;0;0;-1
0;785;-79.9047;46.0334;31.3435;8.54151;2610.31;5.13589;0;0;0.1;0.01;0;2.2042;0;0;-1
0;786;-65.9584;-66.8916;33.9524;9.46889;3556.2;5.69351;0;0;0.1;0.01;0;3.41915;0;0;-1
0;787;-66.6283;-47.6752;32.2375;9.70994;3834.76;5.83845;0;0;0.1;0.01;0;4.79116;0;0;-1
0;788;-64.3041;-30.7678;34.2048;9.95636;4134.19;5.98661;0;0;0.1;0.01;0;6.5568;0;0;-1
0;789;-66.7711;-15.5648;31.0157;8.5;2572.44;5.11093;0;0;0.1;0.01;0;5.95262;1;0;-1
0;790;-65.6108;0.0147219;34.1231;8.9441;2997.08;5.37796;0;0;0.1;0.01;0;5.98515;0;0;-1
0;791;-66.5527;18.1287;33.8935;8.5;2572.44;5.11093;0;0;0.1;0.01;0;4.43013;1;0;-1
0;792;-64.4076;35.173;31.6581;8.58667;2651.94;5.16304;0;0;0.1;0.01;0;4.16657;0;0;-1
0;793;-66.84;53.059;33.2023;9.91933;4088.23;5.96435;0;0;0.1;0.01;0;3.57481;0;0;-1
0;794;-53.1863;-73.3233;30.6191;10.1149;4334.84;6.08194;0;0;0.1;0.01;0;4.85262;0;0;-1
0;795;-50.1881;-58.717;30.9886;9.48167;3570.62;5.70119;0;0;0.1;0.01;0;6.02626;0;0;-1
0;796;-49.8364;-38.403;31.6529;9.72083;3847.68;5.84499;0;0;0.1;0.01;0;6.12689;0;0;-1
0;797;-52.804;-21.2937;31.1187;8.5;2572.44;5.11093;0;0;0.1;0.01;0;4.91527;1;0;-1
0;798;-52.7055;-7.29156;34.1939;9.66627;3783.25;5.81219;0;0;0.1;0.01;0;4.47776;0;0;-1
0;799;-51.6675;11.8723;31.781;8.5;2572.44;5.11093;0;0;0.1;0.01;0;4.16203;1;0;-1
0;800;-50.7147;29.4066;32.6073;8.5;2572.44;5.11093;0;0;0.1;0.01;0;5.23672;1;0;-1
0;801;-52.7792;43.3434;33.1237;8.5;2572.44;5.11093;0;0;0.1;0.01;0;5.24046;1;0;-1
0;802;-51.6474;60.0677;33.9704;8.5;2572.44;5.11093;0;0;0.1;0.01;0;4.23836;1;0;-1
0;803;-35.6444;-85.3969;34.2818;10.1766;4414.65;6.11904;0;0;0.1;0.01;0;3.637;0;0;-1
0;804;-38.001;-66.3771;31.2803;8.5;2572.44;5.11093;0;0;0.1;0.01;0;4.5601;1;0;-1
0;805;-37.9444;-47.2916;33.1244;9.74583;3877.44;5.86003;0;0;0.1;0.01;0;5.96573;0;0;-1
0;806;-34.4725;-33.0314;33.0306;10.2533;4515.23;6.16516;0;0;0.1;0.01;0;6.52081;0;0;-1
0;807;-35.1733;-16.2772;32.7113;8.8572;2910.57;5.32571;0;0;0.1;0.01;0;4.12994;0;0;-1
0;808;-35.3389;2.98129;32.301;8.80953;2863.83;5.29704;0;0;0.1;0.01;0;4.53447;0;0;-1
0;809;-38.3068;17.6724;32.7594;8.96634;3019.49;5.39133;0;0;0.1;0.01;0;4.90116;0;0;-1
0;810;-36.979;37.9429;31.6629;9.65063;3764.92;5.80278;0;0;0.1;0.01;0;6.08306;0;0;-1
0;811;-36.8449;52.4706;32.4152;8.9865;3039.91;5.40345;0;0;0.1;0.01;0;5.22378;0;0;-1
0;812;-37.9041;69.1938;32.1232;8.5;2572.44;5.11093;0;0;0.1;0.01;0;3.35737;1;0;-1
0;813;-20.9653;-91.0271;34.0198;9.86408;4020.3;5.93113;0;0;0.1;0.01;0;3.76506;0;0;-1
0;814;-22.9272;-74.2993;32.2313;8.5;2572.44;5.11093;0;0;0.1;0.01;0;5.11875;1;0;-1
0;815;-22.8378;-57.0554;34.4207;8.61747;2680.57;5.18156;0;0;0.1;0.01;0;4.58463;0;0;-1
0;816;-21.8609;-42.7427;31.8869;8.61331;2676.69;5.17906;0;0;0.1;0.01;0;5.67955;0;0;-1
0;817;-20.4295;-21.6642;31.3799;8.5;2572.44;5.11093;0;0;0.1;0.01;0;3.95851;1;0;-1
0;818;-20.9554;-4.75508;34.0509;9.37895;3455.82;5.63943;0;0;0.1;0.01;0;5.90049;0;0;-1
0;819;-21.793;11.1947;31.6447;8.93559;2988.53;5.37284;0;0;0.1;0.01;0;5.87684;0;0;-1
0;820;-22.9957;29.3691;33.7807;9.49202;3582.32;5.70741;0;0;0.1;0.01;0;5.55521;0;0;-1
0;821;-20.7381;44.2995;33.8118;9.19925;3260.96;5.53138;0;0;0.1;0.01;0;6.29391;0;0;-1
0;822;-20.4337;59.7048;30.9875;8.65751;2718.11;5.20564;0;0;0.1;0.01;0;5.12184;0;0;-1
0;823;-21.7715;76.7172;32.6741;10.0526;4255.24;6.04448;0;0;0.1;0.01;0;4.73875;0;0;-1
0;824;-6.81715;-81.4818;33.0085;10.2345;4490.44;6.15386;0;0;0.1;0.01;0;5.73586;0;0;-1
0;825;-7.57877;-65.8509;32.0397;9.11861;3175.96;5.48289;0;0;0.1;0.01;0;4.85229;0;0;-1
0;826;-8.81118;-46.9382;30.7979;9.1191;3176.47;5.48318;0;0;0.1;0.01;0;5.15031;0;0;-1
0;827;-5.45864;-32.6287;31.1708;8.5;2572.44;5.11093;0;0;0.1;0.01;0;4.74302;1;0;-1
0;828;-8.84152;-13.1743;31.5875;10.4144;4731.42;6.26203;0;0;0.1;0.01;0;6.59182;0;0;-1
0;829;-7.46612;3.47776;31.9547;9.30981;3379.96;5.59785;0;0;0.1;0.01;0;6.08508;0;0;-1
0;830;-6.8562;20.9978;33.6325;10.0649;4270.88;6.05188;0;0;0.1;0.01;0;5.67571;0;0;-1
0;831;-7.47915;37.7992;34.0854;9.13604;3194.2;5.49337;0;0;0.1;0.01;0;6.14299;0;0;-1
0;832;-5.84976;51.727;33.6873;8.5;2572.44;5.11093;0;0;0.1;0.01;0;5.49186;1;0;-1
0;833;-7.20229;69.7832;32.3968;8.73803;2794.66;5.25405;0;0;0.1;0.01;0;4.35057;0;0;-1
0;834;-6.78532;88.6514;31.1321;8.56897;2635.57;5.1524;0;0;0.1;0.01;0;2.16802;0;0;-1
0;835;8.24817;-89.4354;34.659;8.757;2812.9;5.26546;0;0;0.1;0.01;0;3.18288;0;0;-1
0;836;7.70368;-74.4746;32.4978;10.4534;4784.77;6.28548;0;0;0.1;0.01;0;7.03359;0;0;-1
0;837;6.34726;-58.9474;31.8173;8.79873;2853.31;5.29055;0;0;0.1;0.01;0;5.10459;0;0;-1
0;838;8.48849;-42.9165;33.2029;10.0561;4259.68;6.04659;0;0;0.1;0.01;0;6.7517;0;0;-1
0;839;6.86677;-23.8836;32.754;8.90408;2957.03;5.35389;0;0;0.1;0.01;0;4.87962;0;0;-1
0;840;7.21233;-6.04915;33.7236;9.87605;4034.95;5.93833;0;0;0.1;0.01;0;6.05087;0;0;-1
0;841;5.65056;8.79344;34.3846;9.10205;3158.68;5.47293;0;0;0.1;0.01;0;4.74166;0;0;-1
0;842;8.33822;27.8169;31.0463;9.25309;3318.55;5.56375;0;0;0.1;0.01;0;5.15926;0;0;-1
0;843;6.79127;42.8924;30.5892;10.1876;4428.99;6.12566;0;0;0.1;0.01;0;6.42057;0;0;-1
0;844;8.63909;61.5778;30.9034;8.68436;2743.48;5.22178;0;0;0.1;0.01;0;4.75685;0;0;-1
0;845;9.12279;78.9339;31.9013;9.46328;3549.88;5.69013;0;0;0.1;0.01;0;4.70578;0;0;-1
0;846;23.1449;-82.6648;33.8575;9.93443;4106.93;5.97343;0;0;0.1;0.01;0;4.76572;0;0;-1
0;847;22.6477;-67.9621;33.0042;9.85623;4010.71;5.92641;0;0;0.1;0.01;0;5.40289;0;0;-1
0;848;23.8675;-47.7347;33.383;8.90151;2954.47;5.35235;0;0;0.1;0.01;0;5.89569;0;0;-1
0;849;21.1383;-32.2886;32.4674;10.1635;4397.63;6.11117;0;0;0.1;0.01;0;7.03896;0;0;-1
0;850;22.1187;-14.005;32.2162;10.1553;4386.99;6.10623;0;0;0.1;0.01;0;6.79641;0;0;-1
0;851;22.3388;0.477941;30.9413;8.92445;2977.37;5.36614;0;0;0.1;0.01;0;5.12688;0;0;-1
0;852;23.0037;19.3379;30.4883;9.06881;3124.2;5.45294;0;0;0.1;0.01;0;4.82362;0;0;-1
0;853;22.1085;37.557;33.9842;9.3486;3422.38;5.62118;0;0;0.1;0.01;0;5.73644;0;0;-1
0;854;23.7978;51.3895;32.5737;9.90615;4071.96;5.95642;0;0;0.1;0.01;0;6.8131;0;0;-1
0;855;22.3296;68.7561;31.0006;8.75237;2808.44;5.26267;0;0;0.1;0.01;0;5.90473;0;0;-1
0;856;20.8561;89.3928;34.2274;9.34689;3420.5;5.62015;0;0;0.1;0.01;0;1.60079;0;0;-1
0;857;35.7856;-74.7221;32.7969;8.5;2572.44;5.11093;0;0;0.1;0.01;0;3.42662;1;0;-1
0;858;37.189;-55.0852;32.841;9.55435;3653.36;5.74489;0;0;0.1;0.01;0;5.76211;0;0;-1
0;859;35.5733;-38.4152;30.8914;8.5;2572.44;5.11093;0;0;0.1;0.01;0;5.30888;1;0;-1
0;860;37.4998;-21.9803;32.1861;8.5;2572.44;5.11093;0;0;0.1;0.01;0;4.75607;1;0;-1
0;861;35.8981;-4.81253;33.2083;9.17157;3231.62;5.51473;0;0;0.1;0.01;0;5.72594;0;0;-1
0;862;38.7419;9.35281;32.4908;8.59517;2659.82;5.16815;0;0;0.1;0.01;0;4.91503;0;0;-1
0;863;38.1047;25.5619;32.9991;9.81869;3965.06;5.90384;0;0;0.1;0.01;0;5.59353;0;0;-1
0;864;38.3497;43.164;33.0916;9.76301;3897.98;5.87036;0;0;0.1;0.01;0;6.01791;0;0;-1
0;865;35.3815;61.8632;33.7041;9.76121;3895.83;5.86927;0;0;0.1;0.01;0;6.62704;0;0;-1
0;866;36.8579;77.2494;32.1611;10.0224;4217;6.02632;0;0;0.1;0.01;0;5.23725;0;0;-1
0;867;52.8292;-64.666;31.9351;9.06145;3116.6;5.44852;0;0;0.1;0.01;0;3.97448;0;0;-1
0;868;53.1649;-49.3387;32.1281;9.43641;3519.73;5.67398;0;0;0.1;0.01;0;5.65586;0;0;-1
0;869;52.0714;-33.3846;32.4045;9.52844;3623.71;5.72931;0;0;0.1;0.01;0;6.13997;0;0;-1
0;870;51.5459;-17.3195;31.5979;9.93219;4104.15;5.97208;0;0;0.1;0.01;0;6.32094;0;0;-1
0;871;53.214;0.917672;33.8757;10.0205;4214.6;6.02518;0;0;0.1;0.01;0;6.86779;0;0;-1
0;872;52.4606;17.8211;33.3888;8.9672;3020.36;5.39185;0;0;0.1;0.01;0;6.01683;0;0;-1
0;873;53.4748;38.1462;32.2352;8.9671;3020.26;5.39179;0;0;0.1;0.01;0;6.03586;0;0;-1
0;874;53.2687;53.1806;33.3233;9.60563;3712.5;5.77573;0;0;0.1;0.01;0;6.96833;0;0;-1
0;875;51.4245;68.3339;32.4189;9.14929;3208.12;5.50134;0;0;0.1;0.01;0;4.86746;0;0;-1
0;876;67.259;-58.0692;32.4267;8.83388;2887.64;5.31168;0;0;0.1;0.01;0;3.29254;0;0;-1
0;877;67.6955;-38.6003;31.5533;9.31078;3381.01;5.59844;0;0;0.1;0.01;0;5.34566;0;0;-1
0;878;66.3895;-21.8152;31.9631;9.12977;3187.63;5.4896;0;0;0.1;0.01;0;5.27273;0;0;-1
0;879;66.9442;-4.7701;32.6248;9.85842;4013.38;5.92772;0;0;0.1;0.01;0;5.72552;0;0;-1
0;880;67.2116;10.3585;32.979;8.94914;3002.15;5.38099;0;0;0.1;0.01;0;6.5513;0;0;-1
0;881;66.2117;28.0102;33.7899;8.61621;2679.4;5.1808;0;0;0.1;0.01;0;5.82169;0;0;-1
0;882;67.3157;45.6455;31.0863;9.11558;3172.79;5.48107;0;0;0.1;0.01;0;6.46788;0;0;-1
0;883;67.0154;59.5034;32.0802;9.87652;4035.53;5.93861;0;0;0.1;0.01;0;4.75416;0;0;-1
0;884;79.9409;-30.2584;33.8314;9.91075;4077.63;5.95919;0;0;0.1;0.01;0;4.3978;0;0;-1
0;885;80.1765;-15.9645;30.7227;8.8039;2858.34;5.29366;0;0;0.1;0.01;0;4.507;0;0;-1
0;886;79.6573;3.68563;33.5496;10.0827;4293.58;6.06258;0;0;0.1;0.01;0;4.94855;0;0;-1
0;887;80.717;19.7005;34.1896;8.73611;2792.82;5.2529;0;0;0.1;0.01;0;3.84881;0;0;-1
0;888;80.5403;33.6409;31.9231;8.98096;3034.29;5.40012;0;0;0.1;0.01;0;4.25829;0;0;-1
0;889;-86.3533;-6.44458;47.234;9.7781;3916.08;5.87943;0;0;0.1;0.01;0;3.24504;0;0;-1
0;890;-85.6624;9.8563;47.7948;10.4049;4718.48;6.25632;0;0;0.1;0.01;0;3.02218;0;0;-1
0;891;-69.0201;-49.9841;48.7952;10.4318;4755.17;6.27249;0;0;0.1;0.01;0;2.88047;0;0;-1
0;892;-69.3915;-33.7475;47.9858;8.5;2572.44;5.11093;0;0;0.1;0.01;0;4.09428;1;0;-1
0;893;-69.3643;-13.3643;47.6974;9.91875;4087.52;5.964;0;0;0.1;0.01;0;5.72605;0;0;-1
0;894;-71.5181;0.838047;46.7835;8.91111;2964.04;5.35812;0;0;0.1;0.01;0;5.62196;0;0;-1
0;895;-68.5644;18.0398;47.0505;8.75571;2811.66;5.26468;0;0;0.1;0.01;0;3.93485;0;0;-1
0;896;-70.5809;36.4593;49.3643;9.25688;3322.63;5.56603;0;0;0.1;0.01;0;1.72539;0;0;-1
0;897;-56.6399;-59.6056;46.1471;8.92538;2978.3;5.3667;0;0;0.1;0.01;0;4.10225;0;0;-1
0;898;-57.0602;-39.1362;47.6048;9.30218;3371.65;5.59327;0;0;0.1;0.01;0;5.77752;0;0;-1
0;899;-57.0488;-23.2629;47.2586;8.5;2572.44;5.11093;0;0;0.1;0.01;0;5.45235;1;0;-1
0;900;-56.8268;-6.91295;48.8063;9.56046;3660.37;5.74857;0;0;0.1;0.01;0;5.90542;0;0;-1
0;901;-54.599;12.7554;45.9819;8.6949;2753.48;5.22812;0;0;0.1;0.01;0;4.42027;0;0;-1
0;902;-57.7053;29.7432;45.992;8.5;2572.44;5.11093;0;0;0.1;0.01;0;4.65705;1;0;-1
0;903;-56.3045;45.9438;47.0275;8.5;2572.44;5.11093;0;0;0.1;0.01;0;4.46068;1;0;-1
0;904;-54.4406;61.2968;46.4155;8.73256;2789.42;5.25076;0;0;0.1;0.01;0;3.49969;0;0;-1
0;905;-40.6489;-64.3904;45.8756;8.77308;2828.43;5.27513;0;0;0.1;0.01;0;3.66278;0;0;-1
0;906;-40.4062;-50.5809;48.2081;9.14813;3206.9;5.50064;0;0;0.1;0.01;0;5.15858;0;0;-1
0;907;-43.1999;-30.0715;46.0971;10.1709;4407.24;6.11561;0;0;0.1;0.01;0;6.05365;0;0;-1
0;908;-41.5068;-14.2958;49.0771;8.5;2572.44;5.11093;0;0;0.1;0.01;0;4.98922;1;0;-1
0;909;-41.6398;0.771649;49.2688;8.65928;2719.78;5.2067;0;0;0.1;0.01;0;4.60104;0;0;-1
0;910;-42.097;16.7756;48.2677;10.2808;4551.66;6.1817;0;0;0.1;0.01;0;5.92356;0;0;-1
0;911;-42.328;35.8757;45.2306;8.59133;2656.26;5.16584;0;0;0.1;0.01;0;4.94873;0;0;-1
0;912;-41.2192;53.2375;48.8997;10.1348;4360.48;6.09391;0;0;0.1;0.01;0;6.53503;0;0;-1
0;913;-42.4857;69.721;48.0985;9.85071;4003.97;5.92309;0;0;0.1;0.01;0;4.23698;0;0;-1
0;914;-27.8292;-76.7443;46.7376;9.0812;3137.03;5.46039;0;0;0.1;0.01;0;2.96298;0;0;-1
0;915;-26.1697;-55.5075;48.3159;8.59395;2658.69;5.16742;0;0;0.1;0.01;0;5.99482;0;0;-1
0;916;-27.6874;-41.492;46.5282;9.63897;3751.29;5.79577;0;0;0.1;0.01;0;7.57556;0;0;-1
0;917;-28.0353;-24.2535;49.4415;8.5;2572.44;5.11093;0;0;0.1;0.01;0;4.80494;1;0;-1
0;918;-25.7062;-8.79553;47.3263;8.5;2572.44;5.11093;0;0;0.1;0.01;0;4.63808;1;0;-1
0;919;-26.6735;12.0284;46.5393;9.92574;4096.16;5.9682;0;0;0.1;0.01;0;5.7789;0;0;-1
0;920;-26.9582;29.5831;48.5556;10.2075;4454.99;6.13762;0;0;0.1;0.01;0;7.06298;0;0;-1
0;921;-26.3514;45.1502;48.8385;9.22863;3292.31;5.54904;0;0;0.1;0.01;0;6.11738;0;0;-1
0;922;-25.8948;60.8785;46.5187;10.3198;4603.65;6.20515;0;0;0.1;0.01;0;6.87358;0;0;-1
0;923;-25.5706;79.3374;48.5013;9.1597;3219.08;5.50759;0;0;0.1;0.01;0;3.17522;0;0;-1
0;924;-12.3651;-80.7891;46.0152;8.874;2927.16;5.33581;0;0;0.1;0.01;0;3.07008;0;0;-1
0;925;-11.8894;-64.6906;47.9614;8.62741;2689.86;5.18754;0;0;0.1;0.01;0;4.45535;0;0;-1
0;926;-13.492;-47.9753;46.5717;10.3686;4669.27;6.23449;0;0;0.1;0.01;0;7.52002;0;0;-1
0;927;-12.6921;-33.5669;49.1069;10.005;4195.08;6.01586;0;0;0.1;0.01;0;5.88103;0;0;-1
0;928;-11.4132;-13.8829;48.6928;9.93402;4106.42;5.97318;0;0;0.1;0.01;0;6.77213;0;0;-1
0;929;-11.0362;0.269323;46.1092;9.49154;3581.78;5.70713;0;0;0.1;0.01;0;6.64985;0;0;-1
0;930;-13.175;19.5109;47.8624;10.0132;4205.4;6.02079;0;0;0.1;0.01;0;6.25799;0;0;-1
0;931;-11.2526;37.0914;49.0546;8.84922;2902.71;5.32091;0;0;0.1;0.01;0;6.44997;0;0;-1
0;932;-12.2028;52.5459;48.7875;9.02879;3083.03;5.42888;0;0;0.1;0.01;0;7.20852;0;0;-1
0;933;-11.7515;69.7924;48.0814;10.1432;4371.33;6.09896;0;0;0.1;0.01;0;5.8681;0;0;-1
0;934;-12.8179;86.6144;47.9937;8.5;2572.44;5.11093;0;0;0.1;0.01;0;1.66608;1;0;-1
0;935;2.05972;-73.1418;45.8808;8.5;2572.44;5.11093;0;0;0.1;0.01;0;4.911;1;0;-1
0;936;1.61032;-59.4373;46.6221;8.99434;3047.87;5.40817;0;0;0.1;0.01;0;5.60822;0;0;-1
0;937;2.3521;-42.2799;46.9575;9.40872;3488.83;5.65733;0;0;0.1;0.01;0;5.65274;0;0;-1
0;938;1.44614;-22.4086;48.5091;9.3869;3464.62;5.64421;0;0;0.1;0.01;0;5.82058;0;0;-1
0;939;4.30738;-5.38649;49.0428;9.50215;3593.8;5.7135;0;0;0.1;0.01;0;6.81286;0;0;-1
0;940;3.22335;8.86702;49.2395;9.40384;3483.41;5.65439;0;0;0.1;0.01;0;5.80788;0;0;-1
0;941;1.82473;29.6364;47.3269;8.5;2572.44;5.11093;0;0;0.1;0.01;0;5.04953;1;0;-1
0;942;1.08333;45.5435;47.5954;8.53776;2606.88;5.13363;0;0;0.1;0.01;0;6.17096;0;0;-1
0;943;1.48449;60.6215;45.6703;9.03964;3094.15;5.4354;0;0;0.1;0.01;0;5.43678;0;0;-1
0;944;4.93364;79.7289;48.6561;10.1102;4328.8;6.07912;0;0;0.1;0.01;0;3.0052;0;0;-1
0;945;18.9288;-84.4746;48.8951;8.82496;2878.9;5.30632;0;0;0.1;0.01;0;1.95369;0;0;-1
0;946;18.2821;-65.934;46.7053;9.13393;3191.99;5.4921;0;0;0.1;0.01;0;4.69474;0;0;-1
0;947;16.9243;-49.4139;46.29;8.5;2572.44;5.11093;0;0;0.1;0.01;0;4.61393;1;0;-1
0;948;19.395;-34.3997;45.9291;10.2763;4545.68;6.17899;0;0;0.1;0.01;0;6.56784;0;0;-1
0;949;16.1468;-14.8598;48.4602;9.22523;3288.67;5.547;0;0;0.1;0.01;0;6.34113;0;0;-1
0;950;18.7762;1.80691;48.5198;8.50641;2578.26;5.11478;0;0;0.1;0.01;0;5.65923;0;0;-1
0;951;17.3918;17.4886;46.773;9.55479;3653.86;5.74516;0;0;0.1;0.01;0;5.23547;0;0;-1
0;952;16.0246;36.3966;49.0151;8.5;2572.44;5.11093;0;0;0.1;0.01;0;4.95281;1;0;-1
0;953;19.2417;50.8482;45.564;9.03341;3087.76;5.43166;0;0;0.1;0.01;0;5.11206;0;0;-1
0;954;17.4152;71.0976;46.7952;9.52319;3617.73;5.72616;0;0;0.1;0.01;0;4.54273;0;0;-1
0;955;33.2087;-74.2764;48.7936;8.9766;3029.87;5.3975;0;0;0.1;0.01;0;3.24358;0;0;-1
0;956;33.1128;-57.1351;47.8293;9.60965;3717.16;5.77814;0;0;0.1;0.01;0;6.04643;0;0;-1
0;957;33.4758;-39.2144;45.8272;9.85133;4004.73;5.92346;0;0;0.1;0.01;0;6.54118;0;0;-1
0;958;30.7958;-22.515;46.1722;9.98303;4167.5;6.00265;0;0;0.1;0.01;0;6.38891;0;0;-1
0;959;31.9822;-5.03629;47.7737;9.48791;3577.67;5.70494;0;0;0.1;0.01;0;5.83312;0;0;-1
0;960;33.2549;12.0619;47.6404;9.44032;3524.1;5.67633;0;0;0.1;0.01;0;5.47958;0;0;-1
0;961;30.6837;25.7842;46.9791;9.75134;3884.02;5.86334;0;0;0.1;0.01;0;6.52852;0;0;-1
0;962;32.7062;43.2055;48.5192;8.95476;3007.81;5.38437;0;0;0.1;0.01;0;6.11664;0;0;-1
0;963;31.8859;59.3278;48.6112;9.99243;4179.28;6.0083;0;0;0.1;0.01;0;6.93149;0;0;-1
0;964;30.9351;76.2508;47.7001;9.44588;3530.33;5.67967;0;0;0.1;0.01;0;4.12583;0;0;-1
0;965;45.9687;-63.7033;46.5705;8.50235;2574.57;5.11234;0;0;0.1;0.01;0;3.30846;0;0;-1
0;966;46.1753;-47.4744;47.5728;10.2055;4452.37;6.13642;0;0;0.1;0.01;0;6.4287;0;0;-1
0;967;47.6511;-31.4584;46.2928;8.5;2572.44;5.11093;0;0;0.1;0.01;0;5.04424;1;0;-1
0;968;45.2323;-13.9421;49.0325;9.26855;3335.22;5.57304;0;0;0.1;0.01;0;5.88851;0;0;-1
0;969;45.8995;-0.221555;45.3718;8.5;2572.44;5.11093;0;0;0.1;0.01;0;5.34736;1;0;-1
0;970;47.7151;20.7866;46.8762;10.0206;4214.73;6.02524;0;0;0.1;0.01;0;7.1664;0;0;-1
0;971;45.3028;36.6214;48.5865;9.44979;3534.72;5.68202;0;0;0.1;0.01;0;6.7999;0;0;-1
0;972;46.4681;54.7692;49.1061;9.69619;3818.49;5.83018;0;0;0.1;0.01;0;5.88069;0;0;-1
0;973;45.6635;72.0056;48.4204;9.86394;4020.13;5.93104;0;0;0.1;0.01;0;3.34322;0;0;-1
0;974;63.703;-58.7678;46.4781;8.74716;2803.43;5.25954;0;0;0.1;0.01;0;2.3829;0;0;-1
0;975;62.011;-42.3748;47.6473;9.36522;3440.67;5.63117;0;0;0.1;0.01;0;5.04878;0;0;-1
0;976;59.8971;-24.0684;48.5228;8.5;2572.44;5.11093;0;0;0.1;0.01;0;4.86095;1;0;-1
0;977;63.6067;-8.69843;46.8148;10.1425;4370.42;6.09854;0;0;0.1;0.01;0;6.67463;0;0;-1
0;978;60.6635;8.1299;47.1519;9.86993;4027.46;5.93465;0;0;0.1;0.01;0;6.38384;0;0;-1
0;979;61.5247;26.8087;46.1105;9.90075;4065.3;5.95318;0;0;0.1;0.01;0;6.42702;0;0;-1
0;980;60.1708;43.6492;46.0413;10.1384;4365.13;6.09607;0;0;0.1;0.01;0;6.24462;0;0;-1
0;981;61.1675;60.9996;47.0018;9.12844;3186.24;5.4888;0;0;0.1;0.01;0;3.76011;0;0;-1
0;982;77.2912;-30.3721;48.6468;8.61289;2676.3;5.17881;0;0;0.1;0.01;0;2.62429;0;0;-1
0;983;77.1288;-17.1;47.7251;8.5;2572.44;5.11093;0;0;0.1;0.01;0;3.16404;1;0;-1
0;984;75.5653;1.83021;46.5489;9.84126;3992.46;5.91741;0;0;0.1;0.01;0;5.04711;0;0;-1
0;985;78.6883;17.3398;48.7998;10.0526;4255.24;6.04448;0;0;0.1;0.01;0;4.18538;0;0;-1
0;986;75.2821;34.6952;45.9203;10.2898;4563.62;6.18711;0;0;0.1;0.01;0;4.40805;0;0;-1
0;987;-65.6107;-30.2897;62.2595;8.57744;2643.39;5.15749;0;0;0.1;0.01;0;3.43806;0;0;-1
0;988;-66.5778;-15.4265;63.5483;8.87947;2932.58;5.3391;0;0;0.1;0.01;0;3.54044;0;0;-1
0;989;-66.6904;0.552141;61.3333;8.52153;2592.04;5.12387;0;0;0.1;0.01;0;3.48034;0;0;-1
0;990;-66.1509;19.5142;63.9372;9.60852;3715.85;5.77746;0;0;0.1;0.01;0;3.35501;0;0;-1
0;991;-51.8188;-58.4783;60.4534;9.06277;3117.97;5.44931;0;0;0.1;0.01;0;2.13653;0;0;-1
0;992;-51.4176;-38.7571;63.6273;10.4312;4754.35;6.27213;0;0;0.1;0.01;0;5.19943;0;0;-1
0;993;-50.7443;-24.5028;63.3043;8.99047;3043.94;5.40584;0;0;0.1;0.01;0;6.41284;0;0;-1
0;994;-52.7076;-8.78744;61.3397;8.75928;2815.1;5.26683;0;0;0.1;0.01;0;4.57268;0;0;-1
0;995;-53.4866;10.3288;61.6443;10.3467;4639.75;6.22132;0;0;0.1;0.01;0;5.60314;0;0;-1
0;996;-53.0245;27.1263;62.1067;8.5119;2583.26;5.11808;0;0;0.1;0.01;0;4.04209;0;0;-1
0;997;-51.7522;46.5239;61.8016;9.49673;3587.66;5.71025;0;0;0.1;0.01;0;3.02884;0;0;-1
0;998;-36.3742;-47.5561;60.5207;9.31429;3384.84;5.60055;0;0;0.1;0.01;0;6.18518;0;0;-1
0;999;-36.9181;-33.1692;64.1609;8.56914;2635.73;5.1525;0;0;0.1;0.01;0;5.89227;0;0;-1
0;1000;-35.472;-15.6548;62.6703;9.77893;3917.08;5.87993;0;0;0.1;0.01;0;6.62119;0;0;-1
0;1001;-36.1631;1.45914;63.9601;8.73934;2795.92;5.25484;0;0;0.1;0.01;0;4.87641;0;0;-1
0;1002;-35.0671;19.5882;62.219;8.80965;2863.94;5.29711;0;0;0.1;0.01;0;5.88765;0;0;-1
0;1003;-35.2279;37.0921;60.6621;9.96828;4149.06;5.99378;0;0;0.1;0.01;0;6.29378;0;0;-1
0;1004;-38.3038;52.2634;63.8418;9.47991;3568.63;5.70013;0;0;0.1;0.01;0;3.94547;0;0;-1
0;1005;-38.3159;67.9579;60.6995;9.61487;3723.22;5.78128;0;0;0.1;0.01;0;3.18358;0;0;-1
0;1006;-21.3207;-73.234;63.7717;8.5;2572.44;5.11093;0;0;0.1;0.01;0;1.71212;1;0;-1
0;1007;-23.2939;-57.0284;62.2437;10.4;4711.82;6.25337;0;0;0.1;0.01;0;6.18611;0;0;-1
0;1008;-22.2422;-40.8614;61.3909;10.2717;4539.58;6.17622;0;0;0.1;0.01;0;8.02833;0;0;-1
0;1009;-21.3044;-22.7338;63.658;8.53442;2603.82;5.13162;0;0;0.1;0.01;0;6.24383;0;0;-1
0;1010;-21.9753;-5.56757;62.1263;10.3597;4657.26;6.22914;0;0;0.1;0.01;0;6.43831;0;0;-1
0;1011;-22.1198;10.5173;60.854;8.5;2572.44;5.11093;0;0;0.1;0.01;0;3.63342;1;0;-1
0;1012;-23.7869;26.8069;63.5263;9.01866;3072.66;5.42279;0;0;0.1;0.01;0;4.69376;0;0;-1
0;1013;-22.4076;44.4742;62.8125;9.87176;4029.7;5.93575;0;0;0.1;0.01;0;6.77165;0;0;-1
0;1014;-21.8319;59.7019;60.1777;8.81698;2871.1;5.30152;0;0;0.1;0.01;0;5.43824;0;0;-1
0;1015;-7.87388;-67.6925;60.3451;8.52518;2595.37;5.12607;0;0;0.1;0.01;0;3.89002;0;0;-1
0;1016;-7.86999;-47.7045;63.1275;10.2311;4485.96;6.15181;0;0;0.1;0.01;0;6.7137;0;0;-1
0;1017;-5.56388;-29.887;63.3972;9.05885;3113.92;5.44696;0;0;0.1;0.01;0;6.57543;0;0;-1
0;1018;-6.85197;-15.3342;60.9681;8.54701;2615.36;5.13919;0;0;0.1;0.01;0;6.62586;0;0;-1
0;1019;-8.78145;0.621378;60.7734;8.5;2572.44;5.11093;0;0;0.1;0.01;0;4.71372;1;0;-1
0;1020;-6.95867;20.8335;60.3897;8.92528;2978.2;5.36664;0;0;0.1;0.01;0;4.61534;0;0;-1
0;1021;-8.83282;36.0116;63.5786;9.68264;3802.51;5.82203;0;0;0.1;0.01;0;7.04768;0;0;-1
0;1022;-6.47401;52.1421;61.0326;9.64341;3756.48;5.79844;0;0;0.1;0.01;0;7.58156;0;0;-1
0;1023;-7.43373;67.671;60.8752;10.3052;4584.14;6.19637;0;0;0.1;0.01;0;4.93602;0;0;-1
0;1024;5.31885;-73.7736;61.9492;8.5;2572.44;5.11093;0;0;0.1;0.01;0;2.2367;1;0;-1
0;1025;6.87507;-57.4087;62.3032;10.176;4413.87;6.11868;0;0;0.1;0.01;0;5.81726;0;0;-1
0;1026;7.74235;-39.3549;61.0361;8.5;2572.44;5.11093;0;0;0.1;0.01;0;4.55328;1;0;-1
0;1027;6.38035;-22.6906;62.3469;9.92312;4092.92;5.96663;0;0;0.1;0.01;0;6.71062;0;0;-1
0;1028;9.17468;-6.37222;62.4692;10.2402;4497.94;6.15728;0;0;0.1;0.01;0;6.85664;0;0;-1
0;1029;8.78426;12.1957;62.2467;8.66534;2725.5;5.21034;0;0;0.1;0.01;0;4.78777;0;0;-1
0;1030;7.92093;26.3204;63.4147;8.5;2572.44;5.11093;0;0;0.1;0.01;0;5.49364;1;0;-1
0;1031;7.42496;42.0739;60.0815;10.2988;4575.6;6.19252;0;0;0.1;0.01;0;6.63325;0;0;-1
0;1032;6.63756;63.0856;63.2858;9.3194;3390.41;5.60362;0;0;0.1;0.01;0;4.6228;0;0;-1
0;1033;21.3051;-63.8678;60.9601;8.5;2572.44;5.11093;0;0;0.1;0.01;0;3.70105;1;0;-1
0;1034;23.25;-50.298;61.9506;8.5;2572.44;5.11093;0;0;0.1;0.01;0;4.43519;1;0;-1
0;1035;20.9357;-32.3636;61.031;8.5;2572.44;5.11093;0;0;0.1;0.01;0;3.83251;1;0;-1
0;1036;24.2155;-12.6696;60.3662;8.5;2572.44;5.11093;0;0;0.1;0.01;0;5.40596;1;0;-1
0;1037;20.6162;2.95333;61.7826;8.5;2572.44;5.11093;0;0;0.1;0.01;0;5.06501;1;0;-1
0;1038;23.0807;19.7975;63.7357;10.3275;4613.96;6.20978;0;0;0.1;0.01;0;7.3423;0;0;-1
0;1039;21.9265;37.8428;63.1511;8.70203;2760.26;5.2324;0;0;0.1;0.01;0;5.68863;0;0;-1
0;1040;21.5748;53.1587;60.4206;8.5;2572.44;5.11093;0;0;0.1;0.01;0;5.29501;1;0;-1
0;1041;22.1357;69.109;61.393;9.0674;3122.75;5.4521;0;0;0.1;0.01;0;3.3907;0;0;-1
0;1042;34.6698;-59.7298;63.5352;8.5;2572.44;5.11093;0;0;0.1;0.01;0;2.17465;1;0;-1
0;1043;36.1557;-39.3401;62.5775;9.23923;3303.66;5.55541;0;0;0.1;0.01;0;4.51169;0;0;-1
0;1044;38.1838;-22.8146;61.8949;8.81792;2872.02;5.30209;0;0;0.1;0.01;0;4.89383;0;0;-1
0;1045;35.7962;-5.05813;62.6075;8.95321;3006.25;5.38344;0;0;0.1;0.01;0;4.80312;0;0;-1
0;1046;38.2715;12.2859;61.3772;9.45337;3538.74;5.68417;0;0;0.1;0.01;0;5.64764;0;0;-1
0;1047;37.9499;26.2066;60.2528;8.5;2572.44;5.11093;0;0;0.1;0.01;0;6.73179;1;0;-1
0;1048;35.5216;43.3588;63.5239;9.23679;3301.05;5.55395;0;0;0.1;0.01;0;5.62943;0;0;-1
0;1049;38.664;60.4741;63.3807;9.72555;3853.28;5.84783;0;0;0.1;0.01;0;3.94703;0;0;-1
0;1050;53.4587;-48.7344;61.7435;9.52246;3616.9;5.72572;0;0;0.1;0.01;0;3.22392;0;0;-1
0;1051;50.3691;-33.393;60.8864;8.5;2572.44;5.11093;0;0;0.1;0.01;0;4.87548;1;0;-1
0;1052;51.0234;-15.2834;62.1456;9.58171;3684.83;5.76134;0;0;0.1;0.01;0;5.69822;0;0;-1
0;1053;50.0316;0.793532;62.6992;8.5;2572.44;5.11093;0;0;0.1;0.01;0;4.12933;1;0;-1
0;1054;50.5508;20.6968;60.9303;8.5;2572.44;5.11093;0;0;0.1;0.01;0;5.72196;1;0;-1
0;1055;50.8719;34.8048;61.8156;9.8158;3961.56;5.9021;0;0;0.1;0.01;0;6.01691;0;0;-1
0;1056;53.6957;53.008;62.7374;10.1404;4367.71;6.09728;0;0;0.1;0.01;0;3.14263;0;0;-1
0;1057;67.079;-40.8583;60.898;10.4293;4751.76;6.27099;0;0;0.1;0.01;0;2.85247;0;0;-1
0;1058;64.4525;-21.5185;62.1431;8.5;2572.44;5.11093;0;0;0.1;0.01;0;2.95897;1;0;-1
0;1059;64.4402;-5.43966;61.8649;8.5;2572.44;5.11093;0;0;0.1;0.01;0;4.08127;1;0;-1
0;1060;66.771;9.19856;60.6567;9.7064;3830.57;5.83632;0;0;0.1;0.01;0;3.28678;0;0;-1
0;1061;65.1744;25.0321;60.1621;8.80062;2855.15;5.29169;0;0;0.1;0.01;0;2.81995;0;0;-1
0;1062;-54.4219;-23.7635;75.9846;9.34551;3418.99;5.61932;0;0;0.1;0.01;0;3.60305;0;0;-1
0;1063;-56.5082;-4.69913;78.7027;8.5;2572.44;5.11093;0;0;0.1;0.01;0;1.66355;1;0;-1
0;1064;-54.9447;10.6822;76.2447;9.32397;3395.4;5.60637;0;0;0.1;0.01;0;3.90508;0;0;-1
0;1065;-56.4406;29.7245;75.0172;10.447;4775.99;6.28163;0;0;0.1;0.01;0;3.23444;0;0;-1
0;1066;-40.0327;-48.9628;77.0264;8.5;2572.44;5.11093;0;0;0.1;0.01;0;2.2462;1;0;-1
0;1067;-42.2499;-30.7991;77.7927;8.79456;2849.25;5.28804;0;0;0.1;0.01;0;4.74865;0;0;-1
0;1068;-40.4;-15.9274;75.0957;9.98709;4172.59;6.00509;0;0;0.1;0.01;0;6.54539;0;0;-1
0;1069;-40.4517;2.86942;77.9481;9.51488;3608.27;5.72116;0;0;0.1;0.01;0;5.7307;0;0;-1
0;1070;-41.6347;17.7779;74.6476;8.54694;2615.29;5.13915;0;0;0.1;0.01;0;5.5488;0;0;-1
0;1071;-39.3218;33.6834;76.4754;9.87209;4030.1;5.93594;0;0;0.1;0.01;0;4.14298;0;0;-1
0;1072;-24.3916;-55.1614;76.9448;9.73996;3870.44;5.8565;0;0;0.1;0.01;0;3.46684;0;0;-1
0;1073;-26.2728;-40.8488;74.9506;9.02504;3079.19;5.42663;0;0;0.1;0.01;0;5.50403;0;0;-1
0;1074;-27.4676;-23.1542;76.5319;10.0637;4269.35;6.05116;0;0;0.1;0.01;0;7.0128;0;0;-1
0;1075;-27.2493;-4.51884;77.9011;9.34698;3420.6;5.6202;0;0;0.1;0.01;0;6.54954;0;0;-1
0;1076;-24.9818;12.2904;77.0424;9.04555;3100.23;5.43896;0;0;0.1;0.01;0;5.77548;0;0;-1
0;1077;-25.7879;26.5308;77.2989;9.31413;3384.66;5.60045;0;0;0.1;0.01;0;5.89645;0;0;-1
0;1078;-25.3421;43.7281;77.7657;9.28589;3353.97;5.58347;0;0;0.1;0.01;0;3.80682;0;0;-1
0;1079;-10.0662;-47.8114;76.4017;8.80812;2862.45;5.29619;0;0;0.1;0.01;0;4.9233;0;0;-1
0;1080;-12.4506;-31.1442;76.4187;10.2266;4480.05;6.14911;0;0;0.1;0.01;0;7.47834;0;0;-1
0;1081;-12.805;-16.1737;74.6122;9.40462;3484.27;5.65486;0;0;0.1;0.01;0;7.35113;0;0;-1
0;1082;-13.5662;0.327953;78.499;10.2202;4471.64;6.14526;0;0;0.1;0.01;0;6.59483;0;0;-1
0;1083;-11.4842;20.5734;78.321;8.95194;3004.97;5.38267;0;0;0.1;0.01;0;5.81077;0;0;-1
0;1084;-10.8846;36.508;76.7778;10.0821;4292.81;6.06222;0;0;0.1;0.01;0;7.27568;0;0;-1
0;1085;-11.9901;51.5971;76.3117;9.93362;4105.93;5.97294;0;0;0.1;0.01;0;4.78335;0;0;-1
0;1086;3.54402;-58.8467;76.601;10.3992;4710.73;6.25289;0;0;0.1;0.01;0;3.37181;0;0;-1
0;1087;1.3776;-42.2325;78.4838;8.5;2572.44;5.11093;0;0;0.1;0.01;0;4.9751;1;0;-1
0;1088;4.76927;-23.2458;76.3336;10.0445;4244.96;6.03961;0;0;0.1;0.01;0;6.80732;0;0;-1
0;1089;1.30008;-7.59478;78.2478;9.92445;4094.57;5.96743;0;0;0.1;0.01;0;6.26852;0;0;-1
0;1090;3.27379;11.4161;77.6348;8.90179;2954.75;5.35252;0;0;0.1;0.01;0;4.53942;0;0;-1
0;1091;1.50506;27.3612;77.7797;9.65841;3774.03;5.80746;0;0;0.1;0.01;0;7.23825;0;0;-1
0;1092;2.54087;42.495;76.4678;10.3015;4579.2;6.19414;0;0;0.1;0.01;0;6.33677;0;0;-1
0;1093;4.04528;61.3692;76.5678;9.70352;3827.16;5.83459;0;0;0.1;0.01;0;3.29211;0;0;-1
0;1094;16.4765;-49.6027;74.9914;8.82222;2876.22;5.30467;0;0;0.1;0.01;0;3.51527;0;0;-1
0;1095;17.4676;-30.7368;77.8425;9.94785;4123.6;5.9815;0;0;0.1;0.01;0;6.04342;0;0;-1
0;1096;18.4984;-13.1254;74.6075;9.11763;3174.93;5.4823;0;0;0.1;0.01;0;6.14172;0;0;-1
0;1097;16.7207;3.33827;76.3055;8.78297;2838;5.28107;0;0;0.1;0.01;0;5.25195;0;0;-1
0;1098;18.4092;20.1306;76.7585;8.5;2572.44;5.11093;0;0;0.1;0.01;0;5.812;1;0;-1
0;1099;18.6044;33.98;76.0124;10.0972;4312.13;6.0713;0;0;0.1;0.01;0;7.30793;0;0;-1
0;1100;18.5663;54.4283;76.1476;9.59276;3697.6;5.76799;0;0;0.1;0.01;0;3.60016;0;0;-1
0;1101;32.5535;-40.2003;76.4282;10.1849;4425.47;6.12403;0;0;0.1;0.01;0;3.81183;0;0;-1
0;1102;31.2472;-22.9452;78.5516;10.1291;4353.13;6.09048;0;0;0.1;0.01;0;5.58377;0;0;-1
0;1103;31.1746;-5.99027;77.3424;8.5572;2624.72;5.14532;0;0;0.1;0.01;0;5.20157;0;0;-1
0;1104;32.3756;11.7445;76.1703;9.07028;3125.72;5.45383;0;0;0.1;0.01;0;4.46364;0;0;-1
0;1105;34.5138;28.4109;76.6454;10.3011;4578.67;6.1939;0;0;0.1;0.01;0;5.87767;0;0;-1
0;1106;30.9524;46.4961;78.1597;10.3268;4613.03;6.20935;0;0;0.1;0.01;0;4.17006;0;0;-1
0;1107;49.086;-30.3933;78.6636;9.26179;3327.92;5.56898;0;0;0.1;0.01;0;1.6919;0;0;-1
0;1108;45.4465;-13.8855;75.3103;8.5304;2600.14;5.12921;0;0;0.1;0.01;0;4.76236;0;0;-1
0;1109;47.4457;0.399575;77.982;8.55106;2619.08;5.14163;0;0;0.1;0.01;0;3.45375;0;0;-1
0;1110;48.3209;20.0362;74.9238;9.58572;3689.46;5.76375;0;0;0.1;0.01;0;3.86896;0;0;-1
0;1111;49.0083;36.2391;77.4647;8.5;2572.44;5.11093;0;0;0.1;0.01;0;2.34245;1;0;-1
0;1112;60.4372;-6.10756;78.4478;8.5;2572.44;5.11093;0;0;0.1;0.01;0;1.59483;1;0;-1
0;1113;-36.2722;-15.7315;89.64;9.8315;3980.59;5.91154;0;0;0.1;0.01;0;4.24591;0;0;-1
0;1114;-36.4137;1.5661;91.2389;8.5;2572.44;5.11093;0;0;0.1;0.01;0;3.92302;1;0;-1
0;1115;-38.4491;16.9505;89.8889;10.0141;4206.53;6.02133;0;0;0.1;0.01;0;3.76891;0;0;-1
0;1116;-21.1026;-24.4717;90.0475;10.4526;4783.67;6.285;0;0;0.1;0.01;0;4.94901;0;0;-1
0;1117;-23.4153;-6.3633;93.0747;10.0382;4236.98;6.03582;0;0;0.1;0.01;0;4.54105;0;0;-1
0;1118;-22.74;11.6912;89.7666;8.5;2572.44;5.11093;0;0;0.1;0.01;0;4.56403;1;0;-1
0;1119;-21.6263;27.6352;93.3749;10.1704;4406.59;6.11531;0;0;0.1;0.01;0;3.63852;0;0;-1
0;1120;-7.47656;-31.4718;90.7896;9.99572;4183.41;6.01028;0;0;0.1;0.01;0;4.74656;0;0;-1
0;1121;-8.53539;-14.012;89.4491;9.49792;3589.01;5.71096;0;0;0.1;0.01;0;6.43171;0;0;-1
0;1122;-6.51504;1.18183;92.6603;9.92513;4095.41;5.96784;0;0;0.1;0.01;0;5.31166;0;0;-1
0;1123;-5.80946;19.1338;93.3215;10.3778;4681.71;6.24002;0;0;0.1;0.01;0;5.37695;0;0;-1
0;1124;-7.61229;35.0374;92.3614;8.5;2572.44;5.11093;0;0;0.1;0.01;0;3.71026;1;0;-1
0;1125;5.42001;-38.5686;92.1446;8.64182;2703.36;5.1962;0;0;0.1;0.01;0;2.77308;0;0;-1
0;1126;6.63477;-23.3658;92.1218;9.97299;4154.94;5.99661;0;0;0.1;0.01;0;4.85967;0;0;-1
0;1127;7.32921;-5.04026;91.6084;9.76217;3896.98;5.86985;0;0;0.1;0.01;0;4.37014;0;0;-1
0;1128;6.66648;10.8034;91.2144;9.29955;3368.79;5.59168;0;0;0.1;0.01;0;4.12241;0;0;-1
0;1129;6.09994;28.7504;90.0606;9.47028;3557.76;5.69434;0;0;0.1;0.01;0;5.33308;0;0;-1
0;1130;23.755;-31.9727;89.8625;8.5;2572.44;5.11093;0;0;0.1;0.01;0;2.94766;1;0;-1
0;1131;20.7097;-13.4724;89.3566;8.96289;3016.01;5.38926;0;0;0.1;0.01;0;4.82289;0;0;-1
0;1132;22.7955;0.120904;90.1625;8.56343;2630.46;5.14907;0;0;0.1;0.01;0;3.46926;0;0;-1
0;1133;20.0108;20.821;90.9626;8.88242;2935.5;5.34087;0;0;0.1;0.01;0;3.2532;0;0;-1
0;1134;20.8927;36.7164;90.3468;8.61361;2676.97;5.17924;0;0;0.1;0.01;0;2.71938;0;0;-1
0;1135;37.3224;-7.80799;89.7319;9.767;3902.76;5.87276;0;0;0.1;0.01;0;3.63709;0;0;-1
0;1136;35.4263;9.72505;91.1631;8.5238;2594.11;5.12524;0;0;0.1;0.01;0;1.96394;0;0;-1
