Time;ID;x;y;z;radius;volume_total;radius_nuclear;contact_ECM;freezer;polarized_fraction;motility;cell_line;Cell_cell;phase;Cycle;NFkB
0;0;-51.3209;-4.61032;-83.4255;8.5;2572.44;5.11093;0;0;0.1;0.01;0;2.64436;1;0;-1
0;1;-37.4338;-33.3447;-84.6853;9.8791;4038.69;5.94016;0;0;0.1;0.01;0;2.67524;0;0;-1
0;2;-37.6577;-13.8269;-86.4857;8.5;2572.44;5.11093;0;0;0.1;0.01;0;2.65212;1;0;-1
0;3;-38.512;0.47017;-85.5934;8.93259;2985.53;5.37104;0;0;0.1;0.01;0;2.4955;0;0;-1
0;4;-35.4903;20.6056;-84.3397;10.0373;4235.84;6.03528;0;0;0.1;0.01;0;3.05325;0;0;-1
0;5;-21.8026;-40.626;-87.2592;9.31441;3384.97;5.60062;0;0;0.1;0.01;0;2.80856;0;0;-1
0;6;-20.5467;-22.3977;-85.9332;8.72424;2781.45;5.24576;0;0;0.1;0.01;0;4.24082;0;0;-1
0;7;-21.0298;-8.41743;-84.5147;8.68751;2746.47;5.22367;0;0;0.1;0.01;0;4.10668;0;0;-1
0;8;-20.305;10.7164;-85.9727;8.9461;2999.09;5.37916;0;0;0.1;0.01;0;3.39517;0;0;-1
0;9;-22.3003;28.761;-84.0063;9.1147;3171.87;5.48054;0;0;0.1;0.01;0;3.81192;0;0;-1
0;10;-8.84755;-49.333;-83.4156;10.3831;4688.89;6.24321;0;0;0.1;0.01;0;3.60903;0;0;-1
0;11;-7.09535;-30.7509;-87.1638;9.25676;3322.5;5.56596;0;0;0.1;0.01;0;4.75295;0;0;-1
0;12;-6.80868;-16.6189;-86.2468;8.92614;2979.06;5.36716;0;0;0.1;0.01;0;5.07902;0;0;-1
0;13;-6.5926;0.141314;-85.5138;10.1914;4433.94;6.12794;0;0;0.1;0.01;0;5.02098;0;0;-1
0;14;-7.56551;20.0324;-83.7612;10.1998;4444.92;6.13299;0;0;0.1;0.01;0;5.00646;0;0;-1
0;15;-7.6785;38.2932;-83.9356;9.71243;3837.71;5.83994;0;0;0.1;0.01;0;3.31966;0;0;-1
0;16;7.44374;-40.8728;-85.9517;10.0896;4302.4;6.06673;0;0;0.1;0.01;0;4.84656;0;0;-1
0;17;6.40261;-24.2357;-83.4921;10.0954;4309.82;6.07022;0;0;0.1;0.01;0;6.03543;0;0;-1
0;18;8.72799;-6.0186;-85.834;8.76963;2825.09;5.27305;0;0;0.1;0.01;0;3.8932;0;0;-1
0;19;6.48054;10.9311;-86.7586;8.73724;2793.9;5.25358;0;0;0.1;0.01;0;2.66806;0;0;-1
0;20;7.75847;27.7509;-87.3863;8.84193;2895.54;5.31652;0;0;0.1;0.01;0;3.18467;0;0;-1
0;21;8.87827;45.3844;-83.5801;10.2972;4573.47;6.19156;0;0;0.1;0.01;0;3.80149;0;0;-1
0;22;20.2451;-49.1561;-84.5003;9.44966;3534.57;5.68194;0;0;0.1;0.01;0;3.23377;0;0;-1
0;23;23.3385;-34.036;-86.6631;10.0918;4305.21;6.06805;0;0;0.1;0.01;0;5.12372;0;0;-1
0;24;20.611;-15.7266;-84.9686;8.5;2572.44;5.11093;0;0;0.1;0.01;0;3.28173;1;0;-1
0;25;22.479;3.45498;-86.8705;8.58914;2654.22;5.16453;0;0;0.1;0.01;0;3.59017;0;0;-1
0;26;23.6326;20.3907;-84.4886;8.88816;2941.2;5.34432;0;0;0.1;0.01;0;4.47633;0;0;-1
0;27;23.5463;37.743;-84.8651;9.8457;3997.87;5.92008;0;0;0.1;0.01;0;3.69256;0;0;-1
0;28;36.3538;-40.1938;-83.6489;9.99562;4183.29;6.01022;0;0;0.1;0.01;0;3.76901;0;0;-1
0;29;35.469;-25.5462;-86.1232;8.5;2572.44;5.11093;0;0;0.1;0.01;0;3.01602;1;0;-1
0;30;37.2081;-5.59749;-85.302;10.2046;4451.19;6.13588;0;0;0.1;0.01;0;2.52966;0;0;-1
0;31;36.5605;10.8585;-83.9728;10.2277;4481.49;6.14977;0;0;0.1;0.01;0;3.93795;0;0;-1
0;32;37.5888;26.9794;-83.9243;10.0868;4298.82;6.06505;0;0;0.1;0.01;0;4.35821;0;0;-1
0;33;-70.5266;-14.7627;-69.3759;9.3986;3477.59;5.65124;0;0;0.1;0.01;0;2.28089;0;0;-1
0;34;-57.8114;-39.4455;-71.3426;9.97762;4160.73;5.9994;0;0;0.1;0.01;0;3.10547;0;0;-1
0;35;-56.6684;-25.1896;-72.4962;9.30194;3371.39;5.59312;0;0;0.1;0.01;0;3.9958;0;0;-1
0;36;-54.7631;-8.89833;-70.8551;8.5;2572.44;5.11093;0;0;0.1;0.01;0;4.50363;1;0;-1
0;37;-56.2936;9.85683;-69.798;10.3383;4628.45;6.21627;0;0;0.1;0.01;0;3.50595;0;0;-1
0;38;-57.7883;28.4736;-71.5068;8.5;2572.44;5.11093;0;0;0.1;0.01;0;2.15716;1;0;-1
0;39;-54.6537;46.9003;-68.5796;9.52835;3623.61;5.72926;0;0;0.1;0.01;0;3.24167;0;0;-1
0;40;-41.55;-51.313;-72.6741;9.08313;3139.03;5.46155;0;0;0.1;0.01;0;2.1131;0;0;-1
0;41;-41.3944;-30.4518;-70.9811;9.44447;3528.75;5.67882;0;0;0.1;0.01;0;5.73794;0;0;-1
0;42;-42.2312;-16.6237;-69.6728;10.4347;4759.14;6.27423;0;0;0.1;0.01;0;6.85675;0;0;-1
0;43;-39.4108;1.73242;-69.0985;8.5;2572.44;5.11093;0;0;0.1;0.01;0;4.2213;1;0;-1
0;44;-42.3635;16.7614;-69.0631;8.5;2572.44;5.11093;0;0;0.1;0.01;0;5.51259;1;0;-1
0;45;-42.4236;34.2526;-69.8621;9.48534;3574.76;5.7034;0;0;0.1;0.01;0;5.21307;0;0;-1
0;46;-41.2115;53.4631;-69.4139;8.5;2572.44;5.11093;0;0;0.1;0.01;0;3.80517;1;0;-1
0;47;-26.5823;-57.1971;-70.3631;8.69547;2754.02;5.22846;0;0;0.1;0.01;0;4.02375;0;0;-1
0;48;-28.559;-42.5899;-68.4931;10.4235;4743.83;6.2675;0;0;0.1;0.01;0;6.38774;0;0;-1
0;49;-26.2514;-24.7392;-70.6812;8.78999;2844.81;5.28529;0;0;0.1;0.01;0;5.81476;0;0;-1
0;50;-24.7277;-8.81656;-71.8678;8.5;2572.44;5.11093;0;0;0.1;0.01;0;4.47545;1;0;-1
0;51;-26.88;11.1078;-69.6515;9.33999;3412.93;5.616;0;0;0.1;0.01;0;5.35051;0;0;-1
0;52;-26.0041;26.9271;-69.2376;10.0291;4225.46;6.03035;0;0;0.1;0.01;0;6.56852;0;0;-1
0;53;-27.6128;43.7342;-70.6697;9.33376;3406.11;5.61225;0;0;0.1;0.01;0;4.60042;0;0;-1
0;54;-27.1647;62.1938;-69.8046;9.79464;3935.99;5.88937;0;0;0.1;0.01;0;3.74008;0;0;-1
0;55;-13.5682;-63.8516;-69.015;9.87774;4037.02;5.93934;0;0;0.1;0.01;0;4.04184;0;0;-1
0;56;-13.8233;-48.1422;-68.3377;8.5;2572.44;5.11093;0;0;0.1;0.01;0;5.72193;1;0;-1
0;57;-11.3444;-31.1851;-72.6108;8.91585;2968.77;5.36097;0;0;0.1;0.01;0;5.0988;0;0;-1
0;58;-12.697;-15.0486;-70.9652;9.29638;3365.35;5.58978;0;0;0.1;0.01;0;6.58961;0;0;-1
0;59;-9.94787;1.96732;-71.7807;9.45092;3535.99;5.6827;0;0;0.1;0.01;0;5.80827;0;0;-1
0;60;-11.6499;16.5867;-70.1483;8.82064;2874.68;5.30372;0;0;0.1;0.01;0;5.34622;0;0;-1
0;61;-11.8801;36.6275;-70.9291;9.09843;3154.92;5.47075;0;0;0.1;0.01;0;4.65155;0;0;-1
0;62;-10.7515;55.0812;-70.3585;9.75011;3882.55;5.8626;0;0;0.1;0.01;0;3.31435;0;0;-1
0;63;2.17666;-56.2457;-69.0672;9.01971;3073.73;5.42342;0;0;0.1;0.01;0;4.73884;0;0;-1
0;64;3.94299;-40.1513;-72.0461;8.76763;2823.16;5.27185;0;0;0.1;0.01;0;5.19951;0;0;-1
0;65;2.71837;-22.8999;-68.4998;10.2393;4496.76;6.15674;0;0;0.1;0.01;0;7.07039;0;0;-1
0;66;4.3407;-7.97853;-72.0182;9.90275;4067.77;5.95438;0;0;0.1;0.01;0;6.59498;0;0;-1
0;67;2.35429;10.1672;-69.2175;8.5;2572.44;5.11093;0;0;0.1;0.01;0;4.96726;1;0;-1
0;68;4.40453;26.7907;-69.6888;8.5;2572.44;5.11093;0;0;0.1;0.01;0;4.49208;1;0;-1
0;69;4.43426;45.796;-70.5444;9.40266;3482.1;5.65368;0;0;0.1;0.01;0;6.07206;0;0;-1
0;70;3.50619;63.7164;-70.1479;9.87208;4030.09;5.93594;0;0;0.1;0.01;0;3.45411;0;0;-1
0;71;16.3292;-66.267;-69.898;9.33398;3406.35;5.61239;0;0;0.1;0.01;0;2.89239;0;0;-1
0;72;15.9682;-47.1654;-70.9233;8.71329;2770.99;5.23917;0;0;0.1;0.01;0;4.75239;0;0;-1
0;73;19.2602;-30.2031;-70.8787;10.2304;4485.04;6.15139;0;0;0.1;0.01;0;6.88948;0;0;-1
0;74;16.4071;-14.0919;-69.2233;8.5;2572.44;5.11093;0;0;0.1;0.01;0;6.69831;1;0;-1
0;75;16.9948;1.22384;-71.3284;9.24351;3308.26;5.55799;0;0;0.1;0.01;0;5.44136;0;0;-1
0;76;16.0049;18.2104;-69.2103;8.72477;2781.96;5.24608;0;0;0.1;0.01;0;4.98689;0;0;-1
0;77;17.3087;35.4442;-70.638;9.03495;3089.34;5.43258;0;0;0.1;0.01;0;5.48851;0;0;-1
0;78;19.4557;55.074;-70.2796;10.194;4437.34;6.1295;0;0;0.1;0.01;0;4.06592;0;0;-1
0;79;31.0797;-57.7933;-69.4713;8.5;2572.44;5.11093;0;0;0.1;0.01;0;3.35948;1;0;-1
0;80;31.7654;-38.5284;-68.4298;9.87873;4038.24;5.93994;0;0;0.1;0.01;0;6.27423;0;0;-1
0;81;32.017;-21.8264;-69.6479;8.5;2572.44;5.11093;0;0;0.1;0.01;0;4.93475;1;0;-1
0;82;33.3335;-6.34242;-68.8092;9.53103;3626.67;5.73087;0;0;0.1;0.01;0;5.57049;0;0;-1
0;83;30.5746;12.4399;-71.2989;9.73152;3860.39;5.85142;0;0;0.1;0.01;0;6.45209;0;0;-1
0;84;33.6226;28.6047;-68.5196;10.0382;4236.98;6.03582;0;0;0.1;0.01;0;6.88721;0;0;-1
0;85;34.0083;43.7462;-71.973;8.5;2572.44;5.11093;0;0;0.1;0.01;0;4.2353;1;0;-1
0;86;46.367;-51.2944;-68.9107;9.61922;3728.28;5.7839;0;0;0.1;0.01;0;2.75863;0;0;-1
0;87;45.9799;-30.4836;-71.9455;9.01313;3067.01;5.41946;0;0;0.1;0.01;0;4.33454;0;0;-1
0;88;47.5545;-13.4229;-72.0026;9.9526;4129.51;5.98435;0;0;0.1;0.01;0;4.86465;0;0;-1
0;89;45.3321;1.64959;-69.0559;8.5;2572.44;5.11093;0;0;0.1;0.01;0;5.7618;1;0;-1
0;90;47.3104;17.129;-68.9528;10.3912;4699.87;6.24808;0;0;0.1;0.01;0;6.38349;0;0;-1
0;91;48.9691;36.8811;-71.9533;10.2103;4458.66;6.13931;0;0;0.1;0.01;0;3.53574;0;0;-1
0;92;46.7015;54.1096;-69.0026;8.5;2572.44;5.11093;0;0;0.1;0.01;0;2.5379;1;0;-1
0;93;60.0268;-25.6668;-72.0483;10.0688;4275.84;6.05422;0;0;0.1;0.01;0;2.75262;0;0;-1
0;94;62.5652;-5.60644;-71.9225;8.73835;2794.97;5.25424;0;0;0.1;0.01;0;2.33462;0;0;-1
0;95;61.3313;9.87226;-68.8389;9.81409;3959.49;5.90107;0;0;0.1;0.01;0;3.63401;0;0;-1
0;96;-80.3937;-8.31269;-55.411;9.69228;3813.88;5.82783;0;0;0.1;0.01;0;2.96198;0;0;-1
0;97;-80.1267;12.4644;-54.3331;8.7296;2786.58;5.24898;0;0;0.1;0.01;0;2.61368;0;0;-1
0;98;-65.7591;-48.4233;-54.2748;10.1245;4347.2;6.08771;0;0;0.1;0.01;0;4.68022;0;0;-1
0;99;-67.702;-33.8805;-55.4063;8.95215;3005.18;5.3828;0;0;0.1;0.01;0;3.30505;0;0;-1
0;100;-65.553;-12.6505;-56.381;8.50736;2579.13;5.11535;0;0;0.1;0.01;0;4.00094;0;0;-1
0;101;-64.5994;1.73695;-53.9672;9.72048;3847.26;5.84478;0;0;0.1;0.01;0;5.33305;0;0;-1
0;102;-68.0149;19.6468;-57.7816;8.68328;2742.46;5.22113;0;0;0.1;0.01;0;3.53404;0;0;-1
0;103;-66.44;35.4392;-55.5447;8.5;2572.44;5.11093;0;0;0.1;0.01;0;3.49411;1;0;-1
0;104;-52.2531;-59.3434;-54.8737;9.7421;3872.99;5.85778;0;0;0.1;0.01;0;4.05954;0;0;-1
0;105;-52.9117;-42.3696;-57.5561;8.54632;2614.73;5.13878;0;0;0.1;0.01;0;4.59252;0;0;-1
0;106;-51.3215;-24.6912;-57.8075;8.5;2572.44;5.11093;0;0;0.1;0.01;0;4.56754;1;0;-1
0;107;-49.8585;-4.79731;-57.1201;9.83619;3986.29;5.91436;0;0;0.1;0.01;0;6.42045;0;0;-1
0;108;-51.7456;12.0407;-54.3862;9.7551;3888.52;5.8656;0;0;0.1;0.01;0;7.05972;0;0;-1
0;109;-51.0339;27.8556;-57.8099;10.3779;4681.85;6.24008;0;0;0.1;0.01;0;6.92869;0;0;-1
0;110;-52.1451;44.8045;-54.0123;9.75705;3890.85;5.86677;0;0;0.1;0.01;0;6.19913;0;0;-1
0;111;-50.5753;59.731;-54.4378;10.0947;4308.92;6.0698;0;0;0.1;0.01;0;5.15082;0;0;-1
0;112;-38.6613;-66.582;-56.3514;9.78686;3926.62;5.8847;0;0;0.1;0.01;0;4.10079;0;0;-1
0;113;-38.3691;-51.0447;-54.5687;9.22818;3291.83;5.54877;0;0;0.1;0.01;0;5.19155;0;0;-1
0;114;-36.5521;-31.228;-56.2469;9.62245;3732.03;5.78584;0;0;0.1;0.01;0;6.18169;0;0;-1
0;115;-36.5243;-14.8554;-55.7965;10.2702;4537.59;6.17532;0;0;0.1;0.01;0;6.81746;0;0;-1
0;116;-37.7511;2.4401;-54.3731;8.98033;3033.65;5.39974;0;0;0.1;0.01;0;5.52215;0;0;-1
0;117;-36.0785;20.9967;-57.0201;10.2728;4541.04;6.17689;0;0;0.1;0.01;0;7.54093;0;0;-1
0;118;-35.2044;36.6515;-55.0655;8.75833;2814.18;5.26626;0;0;0.1;0.01;0;6.65466;0;0;-1
0;119;-36.9983;51.2801;-56.5081;10.0445;4244.96;6.03961;0;0;0.1;0.01;0;6.94567;0;0;-1
0;120;-35.9279;70.3107;-57.9311;10.4064;4720.52;6.25722;0;0;0.1;0.01;0;4.27348;0;0;-1
0;121;-23.9295;-76.0225;-57.3289;9.56038;3660.28;5.74852;0;0;0.1;0.01;0;3.14516;0;0;-1
0;122;-21.8272;-56.2154;-56.4049;9.42137;3502.92;5.66493;0;0;0.1;0.01;0;6.51225;0;0;-1
0;123;-21.0908;-40.4614;-54.8493;10.0066;4197.09;6.01682;0;0;0.1;0.01;0;6.98241;0;0;-1
0;124;-23.6223;-22.5404;-56.7464;9.91108;4078.04;5.95939;0;0;0.1;0.01;0;6.87735;0;0;-1
0;125;-21.5857;-7.15115;-56.339;8.98657;3039.98;5.40349;0;0;0.1;0.01;0;5.6303;0;0;-1
0;126;-22.4089;9.00071;-55.9858;9.44496;3529.3;5.67912;0;0;0.1;0.01;0;4.8004;0;0;-1
0;127;-21.4036;25.5943;-55.5835;8.61865;2681.68;5.18227;0;0;0.1;0.01;0;5.2652;0;0;-1
0;128;-21.7811;42.3097;-56.7047;8.5;2572.44;5.11093;0;0;0.1;0.01;0;5.12189;1;0;-1
0;129;-22.115;63.2094;-54.4598;10.3642;4663.33;6.23184;0;0;0.1;0.01;0;7.13733;0;0;-1
0;130;-22.0261;77.9762;-57.0153;9.14647;3205.16;5.49964;0;0;0.1;0.01;0;3.52688;0;0;-1
0;131;-9.28328;-80.7907;-56.0029;8.5;2572.44;5.11093;0;0;0.1;0.01;0;2.47027;1;0;-1
0;132;-5.77013;-65.6662;-55.7474;9.0412;3095.76;5.43634;0;0;0.1;0.01;0;4.7465;0;0;-1
0;133;-6.23366;-47.115;-55.1239;9.62786;3738.33;5.78909;0;0;0.1;0.01;0;5.88261;0;0;-1
0;134;-8.77354;-29.9193;-54.6149;9.80216;3945.06;5.8939;0;0;0.1;0.01;0;5.57679;0;0;-1
0;135;-8.94384;-14.1417;-55.4263;8.61231;2675.76;5.17846;0;0;0.1;0.01;0;5.84103;0;0;-1
0;136;-7.06701;0.369522;-56.7164;8.5;2572.44;5.11093;0;0;0.1;0.01;0;5.33833;1;0;-1
0;137;-5.92538;20.9931;-55.1504;10.3787;4682.93;6.24056;0;0;0.1;0.01;0;6.33378;0;0;-1
0;138;-8.23667;36.9503;-55.4917;10.3709;4672.38;6.23587;0;0;0.1;0.01;0;6.4116;0;0;-1
0;139;-5.83166;54.9375;-55.1051;10.4463;4775.03;6.28121;0;0;0.1;0.01;0;6.1838;0;0;-1
0;140;-8.72002;70.3249;-55.1358;8.9171;2970.02;5.36172;0;0;0.1;0.01;0;3.30215;0;0;-1
0;141;8.98428;-74.3237;-56.9039;8.95921;3012.3;5.38704;0;0;0.1;0.01;0;3.46704;0;0;-1
0;142;6.86047;-58.0827;-56.2117;9.9375;4110.74;5.97527;0;0;0.1;0.01;0;6.12527;0;0;-1
0;143;7.33998;-41.7032;-54.9306;8.5;2572.44;5.11093;0;0;0.1;0.01;0;4.38003;1;0;-1
0;144;9.39962;-22.7152;-56.6013;9.348;3421.72;5.62082;0;0;0.1;0.01;0;6.49633;0;0;-1
0;145;6.03516;-8.01853;-56.864;9.37777;3454.52;5.63872;0;0;0.1;0.01;0;6.47385;0;0;-1
0;146;5.60727;9.72131;-55.2401;8.95394;3006.98;5.38387;0;0;0.1;0.01;0;4.27821;0;0;-1
0;147;8.44573;27.7512;-53.9518;10.1128;4332.14;6.08068;0;0;0.1;0.01;0;6.67675;0;0;-1
0;148;8.53583;44.9744;-55.9743;10.2821;4553.38;6.18248;0;0;0.1;0.01;0;7.63931;0;0;-1
0;149;8.84177;59.8412;-57.7122;8.76315;2818.83;5.26915;0;0;0.1;0.01;0;5.80964;0;0;-1
0;150;8.56838;79.8437;-54.3412;9.33081;3402.88;5.61048;0;0;0.1;0.01;0;2.80695;0;0;-1
0;151;22.2762;-64.2605;-56.6585;9.79249;3933.4;5.88808;0;0;0.1;0.01;0;4.96735;0;0;-1
0;152;24.1811;-49.9856;-53.7175;8.97699;3030.27;5.39773;0;0;0.1;0.01;0;5.40014;0;0;-1
0;153;20.2906;-32.6137;-55.2872;9.10775;3164.62;5.47636;0;0;0.1;0.01;0;5.15356;0;0;-1
0;154;20.5214;-12.715;-57.3687;9.31056;3380.77;5.5983;0;0;0.1;0.01;0;6.00987;0;0;-1
0;155;23.6287;1.42116;-56.4445;9.29185;3360.43;5.58705;0;0;0.1;0.01;0;5.67943;0;0;-1
0;156;23.7514;20.6587;-55.7409;10.1452;4373.92;6.10016;0;0;0.1;0.01;0;6.42609;0;0;-1
0;157;22.6865;38.2431;-56.2071;10.0929;4306.62;6.06871;0;0;0.1;0.01;0;7.04122;0;0;-1
0;158;22.9296;54.3766;-53.9803;10.4336;4757.64;6.27357;0;0;0.1;0.01;0;7.09824;0;0;-1
0;159;22.0585;70.5667;-57.6933;9.08793;3144.01;5.46444;0;0;0.1;0.01;0;2.46971;0;0;-1
0;160;38.5724;-56.0268;-56.424;9.06067;3115.8;5.44805;0;0;0.1;0.01;0;4.55389;0;0;-1
0;161;34.9377;-38.3592;-54.7213;8.60039;2664.67;5.17129;0;0;0.1;0.01;0;5.32504;0;0;-1
0;162;38.5258;-25.0989;-56.4577;9.04343;3098.05;5.43768;0;0;0.1;0.01;0;5.60563;0;0;-1
0;163;37.2082;-5.69369;-54.8334;8.57831;2644.2;5.15801;0;0;0.1;0.01;0;5.96562;0;0;-1
0;164;38.4586;8.33467;-55.4101;9.23354;3297.56;5.55199;0;0;0.1;0.01;0;6.9639;0;0;-1
0;165;38.8686;25.4329;-54.6072;9.85015;4003.29;5.92275;0;0;0.1;0.01;0;6.32668;0;0;-1
0;166;36.7843;46.1471;-56.6513;9.17439;3234.6;5.51643;0;0;0.1;0.01;0;5.85567;0;0;-1
0;167;36.3638;60.7323;-54.1164;8.5;2572.44;5.11093;0;0;0.1;0.01;0;4.54133;1;0;-1
0;168;52.886;-50.9605;-56.0581;8.97539;3028.65;5.39677;0;0;0.1;0.01;0;3.28677;0;0;-1
0;169;52.0652;-31.0876;-54.1357;9.95776;4135.93;5.98746;0;0;0.1;0.01;0;5.73196;0;0;-1
0;170;52.9108;-15.0636;-54.3867;8.5;2572.44;5.11093;0;0;0.1;0.01;0;5.22957;1;0;-1
0;171;52.2514;0.0386944;-54.3866;9.99184;4178.54;6.00795;0;0;0.1;0.01;0;7.51418;0;0;-1
0;172;51.1903;18.0903;-56.0396;9.0008;3054.44;5.41205;0;0;0.1;0.01;0;6.79148;0;0;-1
0;173;52.9435;34.0726;-55.7674;9.24176;3306.38;5.55694;0;0;0.1;0.01;0;5.31107;0;0;-1
0;174;52.6942;55.2595;-56.5051;10.1122;4331.37;6.08032;0;0;0.1;0.01;0;4.26904;0;0;-1
0;175;64.6171;-40.8756;-56.676;9.03274;3087.07;5.43126;0;0;0.1;0.01;0;2.99275;0;0;-1
0;176;67.2819;-25.0819;-56.1098;9.38578;3463.38;5.64353;0;0;0.1;0.01;0;4.42059;0;0;-1
0;177;67.774;-4.49896;-55.1316;8.5;2572.44;5.11093;0;0;0.1;0.01;0;5.13907;1;0;-1
0;178;65.8322;11.9972;-53.8074;9.54477;3642.38;5.73913;0;0;0.1;0.01;0;5.87447;0;0;-1
0;179;66.0121;26.6421;-55.2817;8.5;2572.44;5.11093;0;0;0.1;0.01;0;3.89033;1;0;-1
0;180;64.7678;46.0631;-54.3204;9.81335;3958.59;5.90062;0;0;0.1;0.01;0;3.39568;0;0;-1
0;181;79.7194;-16.8511;-56.7575;10.1836;4423.77;6.12325;0;0;0.1;0.01;0;2.82695;0;0;-1
0;182;82.22;1.12036;-54.4684;8.92226;2975.18;5.36483;0;0;0.1;0.01;0;2.82691;0;0;-1
0;183;-87.5132;-21.6618;-40.6285;9.37018;3446.14;5.63415;0;0;0.1;0.01;0;3.14613;0;0;-1
0;184;-84.1187;-8.17215;-40.1202;10.0307;4227.49;6.03131;0;0;0.1;0.01;0;5.21992;0;0;-1
0;185;-86.3104;12.3495;-39.6278;9.63572;3747.5;5.79382;0;0;0.1;0.01;0;4.44074;0;0;-1
0;186;-86.6575;29.3349;-39.2304;9.84885;4001.71;5.92197;0;0;0.1;0.01;0;3.00476;0;0;-1
0;187;-70.1809;-48.0404;-39.6421;8.5;2572.44;5.11093;0;0;0.1;0.01;0;4.05764;1;0;-1
0;188;-72.1193;-33.946;-41.5593;10.2288;4482.94;6.15043;0;0;0.1;0.01;0;5.0272;0;0;-1
0;189;-71.5955;-14.566;-41.631;8.5;2572.44;5.11093;0;0;0.1;0.01;0;5.38642;1;0;-1
0;190;-72.6789;3.61554;-40.9295;10.2704;4537.86;6.17544;0;0;0.1;0.01;0;7.38565;0;0;-1
0;191;-70.5088;19.0719;-42.0672;9.73679;3866.66;5.85459;0;0;0.1;0.01;0;6.24186;0;0;-1
0;192;-69.9873;37.0808;-42.919;9.92192;4091.44;5.96591;0;0;0.1;0.01;0;5.6835;0;0;-1
0;193;-72.6594;51.3922;-41.1023;9.59208;3696.81;5.76758;0;0;0.1;0.01;0;3.09314;0;0;-1
0;194;-56.9524;-59.2025;-39.9345;10.3288;4615.71;6.21056;0;0;0.1;0.01;0;5.25007;0;0;-1
0;195;-56.7242;-39.4586;-41.8759;9.50868;3601.22;5.71743;0;0;0.1;0.01;0;6.64151;0;0;-1
0;196;-54.1633;-24.6437;-40.9052;9.31218;3382.54;5.59928;0;0;0.1;0.01;0;5.42194;0;0;-1
0;197;-57.4631;-7.32846;-42.0165;10.0834;4294.47;6.063;0;0;0.1;0.01;0;6.98977;0;0;-1
0;198;-55.0628;9.53984;-39.8521;10.2811;4552.05;6.18188;0;0;0.1;0.01;0;6.71323;0;0;-1
0;199;-55.5399;25.8732;-41.5449;9.89022;4052.35;5.94685;0;0;0.1;0.01;0;6.11406;0;0;-1
0;200;-56.9735;42.6546;-40.105;9.6706;3788.34;5.81479;0;0;0.1;0.01;0;6.52637;0;0;-1
0;201;-54.2542;60.4485;-39.5916;9.62047;3729.73;5.78465;0;0;0.1;0.01;0;5.24117;0;0;-1
0;202;-40.5189;-80.623;-40.9829;8.5;2572.44;5.11093;0;0;0.1;0.01;0;2.97055;1;0;-1
0;203;-41.6796;-65.9;-39.2292;9.46189;3548.32;5.6893;0;0;0.1;0.01;0;6.38141;0;0;-1
0;204;-43.0515;-47.5241;-41.7163;8.5;2572.44;5.11093;0;0;0.1;0.01;0;4.9012;1;0;-1
0;205;-42.5693;-31.6896;-42.2038;8.64528;2706.61;5.19828;0;0;0.1;0.01;0;5.09556;0;0;-1
0;206;-40.25;-13.4536;-40.651;9.60474;3711.47;5.77519;0;0;0.1;0.01;0;6.10491;0;0;-1
0;207;-42.0123;1.95023;-39.9927;9.25091;3316.21;5.56244;0;0;0.1;0.01;0;6.47407;0;0;-1
0;208;-41.7792;19.6629;-42.4168;8.59492;2659.59;5.168;0;0;0.1;0.01;0;5.9128;0;0;-1
0;209;-41.4518;34.4629;-41.4123;8.78789;2842.77;5.28403;0;0;0.1;0.01;0;5.64211;0;0;-1
0;210;-40.271;53.6146;-41.224;9.53739;3633.94;5.73469;0;0;0.1;0.01;0;7.07289;0;0;-1
0;211;-40.8044;68.4769;-42.1365;10.3601;4657.8;6.22938;0;0;0.1;0.01;0;6.08337;0;0;-1
0;212;-27.6578;-72.9669;-42.8774;9.39388;3472.35;5.6484;0;0;0.1;0.01;0;6.10694;0;0;-1
0;213;-28.1462;-57.7305;-40.4608;10.4418;4768.86;6.2785;0;0;0.1;0.01;0;7.0942;0;0;-1
0;214;-25.2977;-38.5069;-42.3655;9.23225;3296.18;5.55122;0;0;0.1;0.01;0;5.32806;0;0;-1
0;215;-25.013;-22.3769;-39.8163;9.9908;4177.24;6.00732;0;0;0.1;0.01;0;6.3909;0;0;-1
0;216;-24.7429;-5.18185;-40.6558;8.87426;2927.42;5.33596;0;0;0.1;0.01;0;5.61421;0;0;-1
0;217;-25.4502;9.76069;-41.0383;8.5;2572.44;5.11093;0;0;0.1;0.01;0;4.04082;1;0;-1
0;218;-28.1747;27.0161;-42.0155;9.3773;3454;5.63843;0;0;0.1;0.01;0;5.49103;0;0;-1
0;219;-27.2165;44.1215;-42.0997;9.59228;3697.04;5.7677;0;0;0.1;0.01;0;6.10577;0;0;-1
0;220;-27.5561;60.5342;-40.7631;9.41372;3494.4;5.66033;0;0;0.1;0.01;0;7.06835;0;0;-1
0;221;-25.0152;77.1712;-42.0751;9.57316;3674.98;5.7562;0;0;0.1;0.01;0;5.24559;0;0;-1
0;222;-12.9876;-83.1424;-42.1707;8.61093;2674.48;5.17763;0;0;0.1;0.01;0;4.03707;0;0;-1
0;223;-12.9517;-67.6053;-39.742;10.0617;4266.8;6.04995;0;0;0.1;0.01;0;6.69586;0;0;-1
0;224;-12.3954;-49.3814;-41.832;9.18212;3242.78;5.52108;0;0;0.1;0.01;0;5.31848;0;0;-1
0;225;-9.78569;-33.3266;-39.8364;9.50911;3601.71;5.71769;0;0;0.1;0.01;0;6.11664;0;0;-1
0;226;-13.0728;-15.5144;-40.76;8.69144;2750.2;5.22604;0;0;0.1;0.01;0;6.37331;0;0;-1
0;227;-11.0656;0.257206;-41.4523;8.66025;2720.7;5.20728;0;0;0.1;0.01;0;5.45422;0;0;-1
0;228;-12.5368;20.0327;-39.3412;9.95302;4130.03;5.98461;0;0;0.1;0.01;0;6.16078;0;0;-1
0;229;-9.9635;34.3092;-39.766;8.5;2572.44;5.11093;0;0;0.1;0.01;0;6.08762;1;0;-1
0;230;-11.5639;52.9619;-39.3551;10.1789;4417.65;6.12042;0;0;0.1;0.01;0;6.47213;0;0;-1
0;231;-11.0994;70.7592;-40.0388;9.43087;3513.53;5.67065;0;0;0.1;0.01;0;5.57662;0;0;-1
0;232;-9.78795;87.1015;-39.9614;8.5;2572.44;5.11093;0;0;0.1;0.01;0;2.38804;1;0;-1
0;233;2.81769;-89.542;-42.0539;9.11671;3173.97;5.48175;0;0;0.1;0.01;0;2.88276;0;0;-1
0;234;4.68329;-74.9345;-41.1639;8.55271;2620.59;5.14262;0;0;0.1;0.01;0;5.1762;0;0;-1
0;235;2.0122;-59.7588;-39.3793;9.47364;3561.55;5.69636;0;0;0.1;0.01;0;5.41849;0;0;-1
0;236;3.62721;-40.7681;-39.8014;8.5;2572.44;5.11093;0;0;0.1;0.01;0;4.85027;1;0;-1
0;237;4.67404;-25.281;-39.5131;9.5216;3615.92;5.7252;0;0;0.1;0.01;0;6.13866;0;0;-1
0;238;1.23411;-8.0807;-42.4318;10.2613;4525.8;6.16997;0;0;0.1;0.01;0;6.26726;0;0;-1
0;239;3.21735;10.4499;-41.0121;8.61838;2681.42;5.18211;0;0;0.1;0.01;0;4.37022;0;0;-1
0;240;4.07581;27.1859;-39.4786;8.90471;2957.66;5.35427;0;0;0.1;0.01;0;6.72652;0;0;-1
0;241;1.22608;43.0304;-40.2743;10.0973;4312.25;6.07136;0;0;0.1;0.01;0;7.9773;0;0;-1
0;242;1.51785;60.6182;-40.974;8.5;2572.44;5.11093;0;0;0.1;0.01;0;5.3625;1;0;-1
0;243;3.95127;76.3845;-41.0749;9.14274;3201.24;5.4974;0;0;0.1;0.01;0;5.26461;0;0;-1
0;244;17.672;-82.3246;-42.0904;8.5;2572.44;5.11093;0;0;0.1;0.01;0;3.29609;1;0;-1
0;245;18.2147;-65.4532;-39.2891;10.2625;4527.39;6.17069;0;0;0.1;0.01;0;5.88445;0;0;-1
0;246;17.917;-46.461;-40.8063;8.89095;2943.97;5.346;0;0;0.1;0.01;0;5.26658;0;0;-1
0;247;17.833;-31.7618;-41.1599;8.5;2572.44;5.11093;0;0;0.1;0.01;0;5.83865;1;0;-1
0;248;19.0992;-15.4956;-41.7742;9.48375;3572.97;5.70244;0;0;0.1;0.01;0;5.92492;0;0;-1
0;249;19.7514;1.94149;-42.157;9.10927;3166.21;5.47727;0;0;0.1;0.01;0;4.69201;0;0;-1
0;250;17.664;17.7306;-40.5165;9.27102;3337.88;5.57453;0;0;0.1;0.01;0;5.59928;0;0;-1
0;251;19.027;36.7144;-42.8392;9.9124;4079.67;5.96018;0;0;0.1;0.01;0;7.63404;0;0;-1
0;252;16.7929;52.0158;-39.6953;10.0976;4312.64;6.07154;0;0;0.1;0.01;0;7.44155;0;0;-1
0;253;18.7603;68.4683;-41.1976;10.3155;4597.9;6.20256;0;0;0.1;0.01;0;5.94047;0;0;-1
0;254;16.411;87.4209;-41.1304;10.0767;4285.92;6.05897;0;0;0.1;0.01;0;3.1451;0;0;-1
0;255;32.953;-75.6338;-42.5068;8.64912;2710.22;5.20059;0;0;0.1;0.01;0;2.25105;0;0;-1
0;256;30.5663;-56.4932;-40.524;9.0958;3152.18;5.46917;0;0;0.1;0.01;0;6.27793;0;0;-1
0;257;33.716;-41.184;-40.4704;10.005;4195.08;6.01586;0;0;0.1;0.01;0;7.65242;0;0;-1
0;258;32.7741;-25.2902;-41.5677;10.1242;4346.81;6.08753;0;0;0.1;0.01;0;7.40622;0;0;-1
0;259;33.7364;-8.05356;-42.0254;8.5;2572.44;5.11093;0;0;0.1;0.01;0;4.72599;1;0;-1
0;260;33.8415;10.0441;-42.293;8.5;2572.44;5.11093;0;0;0.1;0.01;0;5.10231;1;0;-1
0;261;33.8485;29.5224;-39.8795;8.93213;2985.06;5.37076;0;0;0.1;0.01;0;6.03332;0;0;-1
0;262;32.9464;46.1535;-39.4229;10.038;4236.72;6.0357;0;0;0.1;0.01;0;7.76752;0;0;-1
0;263;33.9198;60.0861;-39.706;9.38769;3465.49;5.64468;0;0;0.1;0.01;0;6.20722;0;0;-1
0;264;33.5523;79.8408;-40.4245;8.95437;3007.42;5.38413;0;0;0.1;0.01;0;2.74507;0;0;-1
0;265;47.828;-65.2758;-41.6019;8.94443;2997.41;5.37816;0;0;0.1;0.01;0;2.4667;0;0;-1
0;266;47.1413;-47.7054;-39.9509;9.52788;3623.08;5.72898;0;0;0.1;0.01;0;5.80352;0;0;-1
0;267;47.7679;-30.2381;-39.2232;10.3176;4600.71;6.20382;0;0;0.1;0.01;0;7.65899;0;0;-1
0;268;46.7884;-14.9403;-42.5869;10.067;4273.55;6.05314;0;0;0.1;0.01;0;7.77895;0;0;-1
0;269;46.0809;2.87722;-42.1861;8.5;2572.44;5.11093;0;0;0.1;0.01;0;6.19817;1;0;-1
0;270;47.7593;16.869;-43.0394;10.1627;4396.59;6.11068;0;0;0.1;0.01;0;7.43818;0;0;-1
0;271;46.8467;37.9661;-41.0971;9.52653;3621.54;5.72816;0;0;0.1;0.01;0;6.19083;0;0;-1
0;272;46.7018;52.1412;-42.8715;9.67637;3795.12;5.81826;0;0;0.1;0.01;0;6.6057;0;0;-1
0;273;46.8321;69.2621;-39.9;9.92643;4097.02;5.96862;0;0;0.1;0.01;0;4.49666;0;0;-1
0;274;60.3714;-55.3638;-39.3246;9.8308;3979.74;5.91112;0;0;0.1;0.01;0;4.74653;0;0;-1
0;275;63.9947;-41.692;-39.8292;8.94562;2998.61;5.37887;0;0;0.1;0.01;0;4.27992;0;0;-1
0;276;61.2061;-23.3558;-39.8337;8.55006;2618.16;5.14103;0;0;0.1;0.01;0;5.54308;0;0;-1
0;277;63.4176;-7.79268;-42.3277;9.67674;3795.56;5.81848;0;0;0.1;0.01;0;6.80239;0;0;-1
0;278;63.602;8.2295;-39.468;10.0114;4203.13;6.01971;0;0;0.1;0.01;0;6.5595;0;0;-1
0;279;63.0197;26.1916;-42.2773;10.0357;4233.81;6.03432;0;0;0.1;0.01;0;6.07575;0;0;-1
0;280;61.5503;42.1378;-41.1997;8.88075;2933.85;5.33987;0;0;0.1;0.01;0;5.08245;0;0;-1
0;281;61.9938;60.4277;-42.463;9.23144;3295.32;5.55073;0;0;0.1;0.01;0;3.67728;0;0;-1
0;282;74.9473;-32.4964;-43.1682;9.0112;3065.04;5.4183;0;0;0.1;0.01;0;3.21636;0;0;-1
0;283;77.7412;-14.9989;-41.1247;8.62851;2690.89;5.1882;0;0;0.1;0.01;0;4.46636;0;0;-1
0;284;76.3292;-0.0855605;-41.4657;10.2851;4557.37;6.18428;0;0;0.1;0.01;0;6.8772;0;0;-1
0;285;78.7417;19.7287;-42.8261;8.99017;3043.63;5.40566;0;0;0.1;0.01;0;3.33166;0;0;-1
0;286;76.5341;34.3371;-41.9419;9.23964;3304.1;5.55566;0;0;0.1;0.01;0;3.54239;0;0;-1
0;287;90.5121;-4.5603;-40.5302;8.7003;2758.62;5.23136;0;0;0.1;0.01;0;2.23311;0;0;-1
0;288;-95.1324;-13.511;-24.7024;8.77145;2826.85;5.27415;0;0;0.1;0.01;0;3.17436;0;0;-1
0;289;-95.6304;1.24999;-26.0993;9.92316;4092.97;5.96665;0;0;0.1;0.01;0;3.87621;0;0;-1
0;290;-80.8689;-41.5013;-24.6625;9.90428;4069.65;5.9553;0;0;0.1;0.01;0;2.88697;0;0;-1
0;291;-81.7959;-23.441;-27.3454;9.5595;3659.27;5.74799;0;0;0.1;0.01;0;3.86551;0;0;-1
0;292;-78.9064;-4.65448;-26.4827;10.0423;4242.17;6.03829;0;0;0.1;0.01;0;5.59253;0;0;-1
0;293;-82.5721;10.9708;-26.45;10.1274;4350.93;6.08946;0;0;0.1;0.01;0;6.2878;0;0;-1
0;294;-82.4143;27.6795;-25.1457;10.0349;4232.8;6.03384;0;0;0.1;0.01;0;5.02768;0;0;-1
0;295;-80.4047;44.5603;-28.1152;9.88358;4044.19;5.94285;0;0;0.1;0.01;0;3.28424;0;0;-1
0;296;-64.0804;-67.8774;-26.0026;8.5;2572.44;5.11093;0;0;0.1;0.01;0;2.5171;1;0;-1
0;297;-64.3779;-48.9929;-26.1297;8.77835;2833.53;5.27829;0;0;0.1;0.01;0;4.35823;0;0;-1
0;298;-64.5285;-31.2638;-25.4613;9.74862;3880.77;5.8617;0;0;0.1;0.01;0;5.46895;0;0;-1
0;299;-64.4874;-12.8953;-26.9887;9.28066;3348.31;5.58033;0;0;0.1;0.01;0;5.55836;0;0;-1
0;300;-66.0784;4.44762;-26.0279;8.5;2572.44;5.11093;0;0;0.1;0.01;0;5.94024;1;0;-1
0;301;-65.4705;20.2191;-26.9341;8.59094;2655.89;5.16561;0;0;0.1;0.01;0;5.7147;0;0;-1
0;302;-64.6875;35.2182;-27.1743;10.0497;4251.56;6.04274;0;0;0.1;0.01;0;6.30968;0;0;-1
0;303;-64.548;50.917;-26.2296;9.27992;3347.51;5.57988;0;0;0.1;0.01;0;5.75063;0;0;-1
0;304;-66.6769;68.6696;-26.7097;9.4554;3541.02;5.68539;0;0;0.1;0.01;0;2.15147;0;0;-1
0;305;-49.7098;-72.4988;-27.7887;8.99661;3050.18;5.40953;0;0;0.1;0.01;0;5.22986;0;0;-1
0;306;-49.6163;-58.1769;-26.2874;9.25063;3315.91;5.56227;0;0;0.1;0.01;0;6.29371;0;0;-1
0;307;-51.5387;-39.7105;-26.344;9.3425;3415.69;5.61751;0;0;0.1;0.01;0;6.00911;0;0;-1
0;308;-52.4115;-23.1157;-27.5509;9.77632;3913.95;5.87836;0;0;0.1;0.01;0;6.557;0;0;-1
0;309;-50.4823;-7.03609;-27.8103;9.73264;3861.72;5.8521;0;0;0.1;0.01;0;6.60954;0;0;-1
0;310;-53.0207;8.65194;-26.3267;8.9409;2993.87;5.37603;0;0;0.1;0.01;0;5.48766;0;0;-1
0;311;-51.1145;26.7892;-24.4685;9.14375;3202.3;5.498;0;0;0.1;0.01;0;5.57907;0;0;-1
0;312;-49.9883;45.5152;-24.8731;9.78011;3918.5;5.88064;0;0;0.1;0.01;0;7.33726;0;0;-1
0;313;-50.667;62.4855;-25.582;8.75947;2815.28;5.26694;0;0;0.1;0.01;0;6.08634;0;0;-1
0;314;-51.7944;78.4783;-28.264;8.72318;2780.44;5.24512;0;0;0.1;0.01;0;2.65289;0;0;-1
0;315;-36.4308;-82.1735;-26.518;10.3133;4594.96;6.20124;0;0;0.1;0.01;0;6.19653;0;0;-1
0;316;-34.9856;-67.3048;-26.802;8.88636;2939.41;5.34324;0;0;0.1;0.01;0;6.99059;0;0;-1
0;317;-38.367;-47.1065;-27.1466;10.1598;4392.83;6.10894;0;0;0.1;0.01;0;5.71264;0;0;-1
0;318;-36.0591;-30.0836;-26.0763;9.32899;3400.89;5.60939;0;0;0.1;0.01;0;6.11704;0;0;-1
0;319;-34.6349;-13.7595;-26.8036;8.77558;2830.85;5.27663;0;0;0.1;0.01;0;5.01459;0;0;-1
0;320;-36.587;4.31828;-27.4488;8.5;2572.44;5.11093;0;0;0.1;0.01;0;4.19256;1;0;-1
0;321;-38.3574;18.5477;-27.4794;9.50184;3593.45;5.71332;0;0;0.1;0.01;0;5.4547;0;0;-1
0;322;-38.2421;34.5833;-25.1762;8.5;2572.44;5.11093;0;0;0.1;0.01;0;5.50277;1;0;-1
0;323;-37.6471;52.278;-27.8672;9.223;3286.29;5.54566;0;0;0.1;0.01;0;6.07485;0;0;-1
0;324;-38.2114;67.7246;-25.7658;8.5;2572.44;5.11093;0;0;0.1;0.01;0;4.48712;1;0;-1
0;325;-35.5394;85.8448;-24.9456;10.2803;4550.99;6.1814;0;0;0.1;0.01;0;3.74776;0;0;-1
0;326;-21.7869;-90.778;-25.2892;10.3383;4628.45;6.21627;0;0;0.1;0.01;0;3.98707;0;0;-1
0;327;-20.5831;-73.0905;-27.0226;10.1729;4409.84;6.11682;0;0;0.1;0.01;0;8.27763;0;0;-1
0;328;-20.3456;-59.1621;-26.3084;9.74517;3876.65;5.85963;0;0;0.1;0.01;0;7.2664;0;0;-1
0;329;-22.0193;-40.5837;-26.6549;8.61701;2680.15;5.18128;0;0;0.1;0.01;0;4.98647;0;0;-1
0;330;-21.364;-21.105;-24.9745;10.094;4308.03;6.06938;0;0;0.1;0.01;0;6.84231;0;0;-1
0;331;-19.7224;-5.48179;-28.0827;8.5;2572.44;5.11093;0;0;0.1;0.01;0;4.64945;1;0;-1
0;332;-21.311;11.8079;-25.7705;8.5;2572.44;5.11093;0;0;0.1;0.01;0;4.00353;1;0;-1
0;333;-22.778;28.7603;-27.7821;8.64731;2708.52;5.1995;0;0;0.1;0.01;0;5.10203;0;0;-1
0;334;-21.2721;44.7708;-27.8796;9.74786;3879.86;5.86125;0;0;0.1;0.01;0;5.84287;0;0;-1
0;335;-21.6931;62.1712;-26.6167;9.66986;3787.47;5.81435;0;0;0.1;0.01;0;6.33969;0;0;-1
0;336;-22.8402;78.7597;-27.9098;9.43208;3514.88;5.67137;0;0;0.1;0.01;0;5.63099;0;0;-1
0;337;-5.94053;-81.2671;-28.6511;9.37792;3454.68;5.63881;0;0;0.1;0.01;0;6.09309;0;0;-1
0;338;-7.90845;-66.6049;-26.3301;9.47884;3567.42;5.69949;0;0;0.1;0.01;0;6.68828;0;0;-1
0;339;-8.56264;-48.5887;-24.3771;9.13807;3196.33;5.49459;0;0;0.1;0.01;0;5.18516;0;0;-1
0;340;-8.20304;-29.6877;-25.5455;8.77274;2828.1;5.27492;0;0;0.1;0.01;0;5.56618;0;0;-1
0;341;-6.01223;-13.3264;-27.8149;9.41095;3491.31;5.65867;0;0;0.1;0.01;0;6.59662;0;0;-1
0;342;-5.49534;1.93005;-27.6526;8.53399;2603.42;5.13136;0;0;0.1;0.01;0;5.70829;0;0;-1
0;343;-6.60948;21.1293;-25.6296;9.60397;3710.57;5.77473;0;0;0.1;0.01;0;6.69968;0;0;-1
0;344;-7.09251;35.4109;-27.0963;9.34522;3418.67;5.61915;0;0;0.1;0.01;0;7.48419;0;0;-1
0;345;-7.93129;51.5127;-26.026;8.65073;2711.73;5.20156;0;0;0.1;0.01;0;5.61221;0;0;-1
0;346;-9.34538;72.162;-24.4857;8.6207;2683.59;5.1835;0;0;0.1;0.01;0;5.0376;0;0;-1
0;347;-9.09889;88.2422;-25.6682;8.64271;2704.2;5.19674;0;0;0.1;0.01;0;3.97053;0;0;-1
0;348;9.34664;-90.4748;-25.4137;10.3115;4592.55;6.20016;0;0;0.1;0.01;0;4.27749;0;0;-1
0;349;6.59587;-75.7955;-25.3177;9.7822;3921.01;5.88189;0;0;0.1;0.01;0;6.6743;0;0;-1
0;350;9.44457;-58.6652;-25.7696;9.33001;3402;5.61;0;0;0.1;0.01;0;5.80771;0;0;-1
0;351;5.729;-40.0287;-25.3984;9.62018;3729.39;5.78447;0;0;0.1;0.01;0;6.09831;0;0;-1
0;352;8.26557;-25.5207;-26.5916;8.72878;2785.8;5.24849;0;0;0.1;0.01;0;5.86003;0;0;-1
0;353;9.02296;-8.76291;-27.6984;10.2426;4501.11;6.15873;0;0;0.1;0.01;0;6.79656;0;0;-1
0;354;5.51798;9.93431;-25.5151;9.14542;3204.05;5.49901;0;0;0.1;0.01;0;4.58391;0;0;-1
0;355;9.43483;29.3316;-27.6647;10.081;4291.4;6.06156;0;0;0.1;0.01;0;6.86087;0;0;-1
0;356;6.25305;44.0485;-25.2402;10.3766;4680.09;6.2393;0;0;0.1;0.01;0;7.20031;0;0;-1
0;357;6.86967;63.4105;-24.621;10.1832;4423.25;6.12301;0;0;0.1;0.01;0;6.80622;0;0;-1
0;358;5.89354;78.2855;-28.0039;9.05381;3108.73;5.44392;0;0;0.1;0.01;0;5.55661;0;0;-1
0;359;8.24352;95.6197;-26.8441;10.0208;4214.98;6.02536;0;0;0.1;0.01;0;2.99564;0;0;-1
0;360;22.5787;-82.3702;-25.2167;9.14669;3205.39;5.49977;0;0;0.1;0.01;0;4.65845;0;0;-1
0;361;23.7013;-65.8982;-25.473;9.51617;3609.73;5.72193;0;0;0.1;0.01;0;5.43808;0;0;-1
0;362;23.2767;-47.2902;-27.4324;10.114;4333.69;6.0814;0;0;0.1;0.01;0;6.25876;0;0;-1
0;363;22.7935;-31.7607;-26.0515;9.7203;3847.05;5.84468;0;0;0.1;0.01;0;6.89746;0;0;-1
0;364;22.1293;-16.0935;-25.5885;10.0142;4206.66;6.02139;0;0;0.1;0.01;0;6.73147;0;0;-1
0;365;22.317;1.01246;-26.8037;9.03568;3090.09;5.43302;0;0;0.1;0.01;0;5.17177;0;0;-1
0;366;23.3856;18.1905;-28.0106;9.62583;3735.97;5.78787;0;0;0.1;0.01;0;6.2545;0;0;-1
0;367;23.25;34.9351;-27.5221;9.48752;3577.23;5.70471;0;0;0.1;0.01;0;7.41888;0;0;-1
0;368;20.5961;51.1118;-24.5183;9.78732;3927.17;5.88497;0;0;0.1;0.01;0;6.2616;0;0;-1
0;369;20.2911;69.152;-26.9531;9.41126;3491.66;5.65885;0;0;0.1;0.01;0;5.36144;0;0;-1
0;370;23.3564;84.5735;-24.803;9.48309;3572.22;5.70204;0;0;0.1;0.01;0;4.89966;0;0;-1
0;371;38.0635;-75.9941;-27.1051;9.08221;3138.07;5.461;0;0;0.1;0.01;0;3.93987;0;0;-1
0;372;35.2271;-56.9172;-27.0354;8.68961;2748.46;5.22494;0;0;0.1;0.01;0;5.60509;0;0;-1
0;373;37.531;-39.9412;-26.8258;9.92192;4091.44;5.96591;0;0;0.1;0.01;0;7.96706;0;0;-1
0;374;37.6934;-23.1673;-27.6897;9.98008;4163.81;6.00088;0;0;0.1;0.01;0;7.59086;0;0;-1
0;375;37.456;-7.20992;-24.8408;9.68117;3800.77;5.82115;0;0;0.1;0.01;0;6.57093;0;0;-1
0;376;35.1252;8.91248;-26.7842;8.8148;2868.97;5.30021;0;0;0.1;0.01;0;5.3068;0;0;-1
0;377;37.2288;25.3878;-24.7124;9.96675;4147.15;5.99286;0;0;0.1;0.01;0;6.87955;0;0;-1
0;378;37.0141;42.138;-27.0978;9.84583;3998.03;5.92015;0;0;0.1;0.01;0;6.57973;0;0;-1
0;379;38.4502;63.6753;-24.8998;8.5;2572.44;5.11093;0;0;0.1;0.01;0;4.586;1;0;-1
0;380;36.7501;78.8142;-24.8782;8.5;2572.44;5.11093;0;0;0.1;0.01;0;4.3508;1;0;-1
0;381;50.4423;-66.6511;-24.7846;10.2137;4463.11;6.14135;0;0;0.1;0.01;0;5.57006;0;0;-1
0;382;49.9655;-50.7713;-25.2892;10.1728;4409.71;6.11676;0;0;0.1;0.01;0;6.85272;0;0;-1
0;383;50.0705;-33.4151;-25.0297;8.55599;2623.61;5.14459;0;0;0.1;0.01;0;5.20395;0;0;-1
0;384;52.7134;-15.5636;-26.8608;9.21838;3281.35;5.54288;0;0;0.1;0.01;0;6.25937;0;0;-1
0;385;51.8224;1.73381;-28.334;10.0155;4208.3;6.02217;0;0;0.1;0.01;0;7.16866;0;0;-1
0;386;50.1058;17.7981;-28.5148;9.04577;3100.45;5.43909;0;0;0.1;0.01;0;6.16622;0;0;-1
0;387;50.3084;34.8937;-25.0669;9.38364;3461.01;5.64225;0;0;0.1;0.01;0;5.57752;0;0;-1
0;388;52.9793;54.772;-24.695;8.65695;2717.59;5.2053;0;0;0.1;0.01;0;4.39717;0;0;-1
0;389;52.2029;72.6242;-26.94;9.78828;3928.33;5.88555;0;0;0.1;0.01;0;4.3775;0;0;-1
0;390;66.3587;-59.2064;-27.6303;8.99162;3045.11;5.40653;0;0;0.1;0.01;0;4.13284;0;0;-1
0;391;66.635;-42.227;-25.0381;8.84857;2902.07;5.32052;0;0;0.1;0.01;0;5.48335;0;0;-1
0;392;67.4852;-23.2442;-24.8709;10.3678;4668.19;6.23401;0;0;0.1;0.01;0;6.53751;0;0;-1
0;393;65.5585;-5.59865;-26.9206;8.9529;3005.94;5.38325;0;0;0.1;0.01;0;6.84261;0;0;-1
0;394;66.5809;9.45291;-25.0928;9.2484;3313.51;5.56093;0;0;0.1;0.01;0;5.82533;0;0;-1
0;395;64.8721;25.4088;-25.6031;9.8348;3984.6;5.91352;0;0;0.1;0.01;0;4.81089;0;0;-1
0;396;66.3804;46.5018;-25.9036;10.0347;4232.55;6.03372;0;0;0.1;0.01;0;5.81699;0;0;-1
0;397;65.0711;62.2772;-27.5197;10.0508;4252.95;6.0434;0;0;0.1;0.01;0;4.96831;0;0;-1
0;398;79.4172;-51.2649;-25.8189;10.1042;4321.1;6.07551;0;0;0.1;0.01;0;2.1779;0;0;-1
0;399;81.8824;-34.2043;-24.831;10.2512;4512.45;6.1639;0;0;0.1;0.01;0;3.41475;0;0;-1
0;400;80.7489;-16.8103;-25.3505;8.88357;2936.64;5.34156;0;0;0.1;0.01;0;4.46929;0;0;-1
0;401;79.7957;-0.229334;-26.2402;9.30496;3374.68;5.59494;0;0;0.1;0.01;0;4.87402;0;0;-1
0;402;83.2162;17.7938;-25.2737;9.79833;3940.44;5.89159;0;0;0.1;0.01;0;4.14467;0;0;-1
0;403;79.0954;33.7636;-27.991;8.5;2572.44;5.11093;0;0;0.1;0.01;0;3.36678;1;0;-1
0;404;79.3721;54.6235;-26.5421;10.3516;4646.34;6.22427;0;0;0.1;0.01;0;2.70788;0;0;-1
0;405;-98.4414;0.961401;-11.8102;10.2755;4544.62;6.17851;0;0;0.1;0.01;0;3.70417;0;0;-1
0;406;-84.2842;-42.0878;-11.2511;9.08598;3141.98;5.46327;0;0;0.1;0.01;0;3.46722;0;0;-1
0;407;-84.3713;-23.5379;-10.3072;10.4098;4725.15;6.25926;0;0;0.1;0.01;0;5.7049;0;0;-1
0;408;-85.2159;-7.13508;-12.4861;8.91246;2965.39;5.35893;0;0;0.1;0.01;0;5.26868;0;0;-1
0;409;-83.3474;11.6475;-11.9313;10.149;4378.83;6.10245;0;0;0.1;0.01;0;5.92314;0;0;-1
0;410;-84.8153;29.1403;-12.4334;8.5;2572.44;5.11093;0;0;0.1;0.01;0;4.12956;1;0;-1
0;411;-84.0304;42.4959;-11.3165;9.39125;3469.44;5.64682;0;0;0.1;0.01;0;4.12708;0;0;-1
0;412;-70.8128;-68.4385;-10.0661;8.78734;2842.24;5.2837;0;0;0.1;0.01;0;2.13459;0;0;-1
0;413;-69.2293;-49.2657;-11.9976;9.51949;3613.51;5.72393;0;0;0.1;0.01;0;4.76711;0;0;-1
0;414;-69.8922;-32.5587;-10.1376;9.37135;3447.43;5.63486;0;0;0.1;0.01;0;6.79681;0;0;-1
0;415;-72.1629;-15.7403;-11.6943;9.40543;3485.17;5.65535;0;0;0.1;0.01;0;6.58727;0;0;-1
0;416;-70.8011;3.17499;-10.3131;8.76929;2824.76;5.27285;0;0;0.1;0.01;0;6.07206;0;0;-1
0;417;-68.3522;17.3774;-12.9566;8.58719;2652.42;5.16335;0;0;0.1;0.01;0;4.93406;0;0;-1
0;418;-69.4911;36.4713;-11.985;9.59908;3704.91;5.77179;0;0;0.1;0.01;0;6.34072;0;0;-1
0;419;-71.9176;53.7859;-13.0292;8.9755;3028.76;5.39684;0;0;0.1;0.01;0;4.41576;0;0;-1
0;420;-54.2885;-75.1311;-9.72392;8.85847;2911.82;5.32647;0;0;0.1;0.01;0;3.8145;0;0;-1
0;421;-56.6165;-58.2362;-12.3486;9.39962;3478.72;5.65186;0;0;0.1;0.01;0;5.38496;0;0;-1
0;422;-57.3265;-39.1995;-10.3175;8.57706;2643.04;5.15726;0;0;0.1;0.01;0;5.56538;0;0;-1
0;423;-57.3116;-23.9556;-11.8635;8.5;2572.44;5.11093;0;0;0.1;0.01;0;5.49303;1;0;-1
0;424;-55.2376;-7.21984;-11.8131;9.00601;3059.75;5.41518;0;0;0.1;0.01;0;5.5001;0;0;-1
0;425;-54.3068;8.60318;-12.5432;10.0595;4264.01;6.04863;0;0;0.1;0.01;0;5.98794;0;0;-1
0;426;-57.3438;29.7677;-12.821;8.5;2572.44;5.11093;0;0;0.1;0.01;0;5.63906;1;0;-1
0;427;-55.1149;44.7213;-11.8298;9.28257;3350.37;5.58147;0;0;0.1;0.01;0;6.85706;0;0;-1
0;428;-57.9516;60.0326;-10.6834;9.74725;3879.14;5.86088;0;0;0.1;0.01;0;5.44967;0;0;-1
0;429;-42.7888;-83.6421;-13.2605;10.0889;4301.5;6.06631;0;0;0.1;0.01;0;4.25744;0;0;-1
0;430;-39.3558;-64.6263;-11.5675;9.79525;3936.73;5.88974;0;0;0.1;0.01;0;5.61199;0;0;-1
0;431;-41.0485;-49.3569;-10.6882;8.52157;2592.07;5.1239;0;0;0.1;0.01;0;5.07924;0;0;-1
0;432;-41.2253;-32.6053;-12.3637;9.80366;3946.87;5.8948;0;0;0.1;0.01;0;6.13984;0;0;-1
0;433;-42.0839;-14.3463;-13.5209;10.014;4206.41;6.02127;0;0;0.1;0.01;0;6.08379;0;0;-1
0;434;-40.9244;3.0732;-10.7864;9.48602;3575.53;5.70381;0;0;0.1;0.01;0;5.76916;0;0;-1
0;435;-39.4038;20.0901;-11.2079;10.0097;4200.99;6.01869;0;0;0.1;0.01;0;6.27827;0;0;-1
0;436;-42.1313;36.9047;-13.1705;9.33057;3402.62;5.61034;0;0;0.1;0.01;0;7.20048;0;0;-1
0;437;-42.6565;52.215;-12.6255;8.5;2572.44;5.11093;0;0;0.1;0.01;0;5.05359;1;0;-1
0;438;-43.0037;70.6856;-12.5557;8.74544;2801.78;5.25851;0;0;0.1;0.01;0;4.72158;0;0;-1
0;439;-43.2553;85.1303;-13.3315;8.5;2572.44;5.11093;0;0;0.1;0.01;0;3.42515;1;0;-1
0;440;-27.9018;-93.1814;-13.0871;9.62079;3730.1;5.78484;0;0;0.1;0.01;0;4.31758;0;0;-1
0;441;-28.1475;-76.8694;-13.0013;10.1441;4372.49;6.0995;0;0;0.1;0.01;0;7.05617;0;0;-1
0;442;-24.6953;-56.5767;-12.2826;10.3899;4698.1;6.2473;0;0;0.1;0.01;0;7.30728;0;0;-1
0;443;-27.3666;-41.7533;-10.1913;10.4383;4764.07;6.2764;0;0;0.1;0.01;0;7.63248;0;0;-1
0;444;-26.629;-22.2859;-11.8633;10.2193;4470.46;6.14472;0;0;0.1;0.01;0;6.64828;0;0;-1
0;445;-24.957;-7.30618;-10.3215;8.54228;2611.02;5.13635;0;0;0.1;0.01;0;4.69757;0;0;-1
0;446;-25.1392;9.14938;-10.2573;9.43114;3513.83;5.67081;0;0;0.1;0.01;0;5.17382;0;0;-1
0;447;-27.4348;28.4665;-10.5809;10.2555;4518.13;6.16648;0;0;0.1;0.01;0;6.15128;0;0;-1
0;448;-28.3099;42.9598;-10.7763;9.06343;3118.65;5.44971;0;0;0.1;0.01;0;5.62607;0;0;-1
0;449;-24.4492;59.0657;-12.8489;8.80537;2859.77;5.29454;0;0;0.1;0.01;0;4.53536;0;0;-1
0;450;-24.7758;77.7;-12.2455;9.85517;4009.41;5.92577;0;0;0.1;0.01;0;6.45247;0;0;-1
0;451;-24.8583;94.6708;-14.0128;10.1999;4445.05;6.13305;0;0;0.1;0.01;0;3.54537;0;0;-1
0;452;-13.5504;-83.304;-11.0899;8.5;2572.44;5.11093;0;0;0.1;0.01;0;4.45357;1;0;-1
0;453;-12.7728;-65.453;-13.2558;8.5;2572.44;5.11093;0;0;0.1;0.01;0;5.52687;1;0;-1
0;454;-12.6956;-48.4382;-9.70836;9.49539;3586.14;5.70944;0;0;0.1;0.01;0;6.60742;0;0;-1
0;455;-11.4471;-32.3656;-11.7623;10.4018;4714.27;6.25445;0;0;0.1;0.01;0;7.2579;0;0;-1
0;456;-10.4011;-14.2741;-10.7246;8.5;2572.44;5.11093;0;0;0.1;0.01;0;6.06045;1;0;-1
0;457;-10.7178;0.961045;-11.6036;10.2021;4447.92;6.13437;0;0;0.1;0.01;0;7.15941;0;0;-1
0;458;-10.7304;16.9699;-11.6267;9.08701;3143.05;5.46389;0;0;0.1;0.01;0;5.76898;0;0;-1
0;459;-11.5931;34.2462;-12.5402;8.56015;2627.44;5.14709;0;0;0.1;0.01;0;4.61815;0;0;-1
0;460;-10.3503;50.9669;-10.6108;8.54843;2616.66;5.14005;0;0;0.1;0.01;0;5.22003;0;0;-1
0;461;-10.5256;67.4179;-11.6325;9.0735;3129.05;5.45576;0;0;0.1;0.01;0;5.90887;0;0;-1
0;462;-11.7018;87.2557;-12.4324;8.5;2572.44;5.11093;0;0;0.1;0.01;0;4.79496;1;0;-1
0;463;4.39359;-91.553;-10.5888;8.69412;2752.74;5.22765;0;0;0.1;0.01;0;3.7655;0;0;-1
0;464;1.54635;-75.9913;-12.1286;8.5;2572.44;5.11093;0;0;0.1;0.01;0;5.49055;1;0;-1
0;465;1.34717;-59.4761;-12.8557;8.86284;2916.13;5.3291;0;0;0.1;0.01;0;6.06206;0;0;-1
0;466;1.68068;-41.2633;-12.622;9.63019;3741.05;5.79049;0;0;0.1;0.01;0;6.53623;0;0;-1
0;467;1.26929;-21.5703;-10.4645;9.21799;3280.93;5.54264;0;0;0.1;0.01;0;6.60722;0;0;-1
0;468;1.59313;-7.44671;-12.1251;8.63646;2698.34;5.19298;0;0;0.1;0.01;0;6.12391;0;0;-1
0;469;3.2809;8.17444;-12.2795;10.1133;4332.79;6.08098;0;0;0.1;0.01;0;6.21013;0;0;-1
0;470;3.18991;25.1318;-13.5536;9.05314;3108.04;5.44352;0;0;0.1;0.01;0;4.72348;0;0;-1
0;471;1.98439;43.7635;-10.4961;9.3009;3370.26;5.5925;0;0;0.1;0.01;0;5.57941;0;0;-1
0;472;2.33418;59.5218;-10.7533;9.45512;3540.71;5.68523;0;0;0.1;0.01;0;6.58855;0;0;-1
0;473;2.70678;76.7489;-10.3961;8.91847;2971.39;5.36255;0;0;0.1;0.01;0;6.03209;0;0;-1
0;474;3.09599;94.0395;-11.4655;10.2647;4530.3;6.17202;0;0;0.1;0.01;0;4.45908;0;0;-1
0;475;18.8168;-85.1783;-10.5363;9.35595;3430.46;5.6256;0;0;0.1;0.01;0;5.8;0;0;-1
0;476;16.0707;-68.1912;-10.5153;9.47166;3559.32;5.69517;0;0;0.1;0.01;0;6.35374;0;0;-1
0;477;15.966;-51.4685;-9.87712;9.86583;4022.44;5.93218;0;0;0.1;0.01;0;5.77817;0;0;-1
0;478;15.5247;-33.3896;-10.5172;9.65096;3765.3;5.80298;0;0;0.1;0.01;0;5.74267;0;0;-1
0;479;16.0365;-16.2982;-11.4684;8.57311;2639.39;5.15489;0;0;0.1;0.01;0;5.9087;0;0;-1
0;480;16.4174;1.11773;-11.4612;9.38448;3461.94;5.64275;0;0;0.1;0.01;0;5.5779;0;0;-1
0;481;19.4897;20.901;-10.8781;9.88972;4051.73;5.94655;0;0;0.1;0.01;0;6.04988;0;0;-1
0;482;19.6241;38.1921;-13.1626;8.5;2572.44;5.11093;0;0;0.1;0.01;0;5.08431;1;0;-1
0;483;18.1853;54.5313;-11.4704;8.5;2572.44;5.11093;0;0;0.1;0.01;0;4.93089;1;0;-1
0;484;17.3032;71.437;-10.319;10.3965;4707.06;6.25126;0;0;0.1;0.01;0;7.11101;0;0;-1
0;485;15.7015;84.9722;-12.5711;8.5;2572.44;5.11093;0;0;0.1;0.01;0;5.4503;1;0;-1
0;486;31.9472;-93.7255;-12.0429;8.83098;2884.8;5.30994;0;0;0.1;0.01;0;1.85707;0;0;-1
0;487;33.3614;-76.6517;-12.3241;9.41174;3492.19;5.65914;0;0;0.1;0.01;0;5.65123;0;0;-1
0;488;32.8888;-55.3909;-10.3517;9.45135;3536.47;5.68296;0;0;0.1;0.01;0;4.99179;0;0;-1
0;489;34.1655;-38.8925;-10.1235;9.62386;3733.67;5.78669;0;0;0.1;0.01;0;6.1441;0;0;-1
0;490;31.2294;-21.3547;-12.2786;9.89423;4057.28;5.94926;0;0;0.1;0.01;0;7.10859;0;0;-1
0;491;33.1364;-6.33916;-10.7809;8.88235;2935.43;5.34083;0;0;0.1;0.01;0;5.56238;0;0;-1
0;492;33.5003;11.7954;-12.9106;10.3784;4682.52;6.24038;0;0;0.1;0.01;0;7.01978;0;0;-1
0;493;31.4703;29.0476;-10.8371;9.24443;3309.25;5.55854;0;0;0.1;0.01;0;6.82162;0;0;-1
0;494;33.5351;46.2624;-13.2513;9.56238;3662.58;5.74972;0;0;0.1;0.01;0;5.98828;0;0;-1
0;495;32.791;63.4859;-10.3701;8.6173;2680.42;5.18146;0;0;0.1;0.01;0;5.98395;0;0;-1
0;496;32.2651;79.3796;-10.1268;10.0567;4260.45;6.04695;0;0;0.1;0.01;0;6.3865;0;0;-1
0;497;45.9691;-82.9364;-10.7904;8.5;2572.44;5.11093;0;0;0.1;0.01;0;4.1554;1;0;-1
0;498;48.1326;-67.889;-11.4492;9.53328;3629.24;5.73222;0;0;0.1;0.01;0;6.0116;0;0;-1
0;499;47.6998;-47.7285;-11.9706;9.34097;3414.01;5.61659;0;0;0.1;0.01;0;6.11557;0;0;-1
0;500;48.6174;-31.7048;-12.5232;9.05733;3112.36;5.44604;0;0;0.1;0.01;0;5.54086;0;0;-1
0;501;45.5535;-14.7386;-10.9489;9.15165;3210.6;5.50275;0;0;0.1;0.01;0;6.26763;0;0;-1
0;502;46.5933;0.436963;-11.0246;10.1585;4391.14;6.10816;0;0;0.1;0.01;0;7.44563;0;0;-1
0;503;47.7362;18.1147;-13.4366;10.1742;4411.53;6.1176;0;0;0.1;0.01;0;7.74682;0;0;-1
0;504;47.9006;34.6505;-10.542;9.51622;3609.79;5.72196;0;0;0.1;0.01;0;6.42793;0;0;-1
0;505;45.9458;55.192;-12.4974;8.5;2572.44;5.11093;0;0;0.1;0.01;0;5.01962;1;0;-1
0;506;46.2869;68.4935;-10.0132;9.24156;3306.16;5.55682;0;0;0.1;0.01;0;6.17034;0;0;-1
0;507;47.6962;85.6439;-13.0943;8.6403;2701.94;5.19529;0;0;0.1;0.01;0;2.3373;0;0;-1
0;508;61.095;-74.249;-11.2905;10.3036;4582.01;6.19541;0;0;0.1;0.01;0;3.19965;0;0;-1
0;509;60.3066;-56.0682;-13.3;9.61516;3723.56;5.78146;0;0;0.1;0.01;0;6.39405;0;0;-1
0;510;61.4397;-42.1469;-11.6207;9.39919;3478.24;5.6516;0;0;0.1;0.01;0;6.41211;0;0;-1
0;511;62.5771;-25.779;-11.8645;9.28468;3352.66;5.58274;0;0;0.1;0.01;0;5.84248;0;0;-1
0;512;62.7428;-7.65262;-11.5045;9.83406;3983.7;5.91308;0;0;0.1;0.01;0;6.46889;0;0;-1
0;513;60.7337;9.3726;-12.813;10.2245;4477.29;6.14784;0;0;0.1;0.01;0;6.65965;0;0;-1
0;514;61.9674;28.7511;-10.2231;9.92591;4096.37;5.96831;0;0;0.1;0.01;0;6.30882;0;0;-1
0;515;62.6747;45.9893;-11.1286;9.50542;3597.51;5.71547;0;0;0.1;0.01;0;5.70388;0;0;-1
0;516;63.233;63.592;-10.7997;10.0981;4313.28;6.07184;0;0;0.1;0.01;0;5.3328;0;0;-1
0;517;61.0503;77.9218;-13.7885;8.90529;2958.24;5.35462;0;0;0.1;0.01;0;2.77119;0;0;-1
0;518;77.6033;-47.5324;-10.8044;8.5;2572.44;5.11093;0;0;0.1;0.01;0;3.89154;1;0;-1
0;519;77.3344;-30.034;-11.2429;8.60685;2670.68;5.17517;0;0;0.1;0.01;0;5.62778;0;0;-1
0;520;75.299;-14.4407;-10.8529;10.4528;4783.95;6.28512;0;0;0.1;0.01;0;7.80091;0;0;-1
0;521;74.9412;1.12009;-10.9979;8.5;2572.44;5.11093;0;0;0.1;0.01;0;6.16743;1;0;-1
0;522;76.6074;18.0074;-13.3423;8.69993;2758.26;5.23114;0;0;0.1;0.01;0;5.74938;0;0;-1
0;523;75.0642;34.8536;-12.7135;8.5;2572.44;5.11093;0;0;0.1;0.01;0;5.25233;1;0;-1
0;524;75.3427;51.483;-10.2311;9.24246;3307.13;5.55736;0;0;0.1;0.01;0;5.72005;0;0;-1
0;525;89.5841;-22.1788;-11.9583;8.5;2572.44;5.11093;0;0;0.1;0.01;0;3.79114;1;0;-1
0;526;90.0699;-4.2514;-10.1458;9.67018;3787.85;5.81454;0;0;0.1;0.01;0;4.1198;0;0;-1
0;527;89.555;12.0105;-11.0201;8.94815;3001.15;5.38039;0;0;0.1;0.01;0;4.8038;0;0;-1
0;528;89.4281;27.0307;-11.1951;8.57982;2645.59;5.15892;0;0;0.1;0.01;0;4.51377;0;0;-1
0;529;89.2392;43.5659;-9.84465;10.0381;4236.85;6.03576;0;0;0.1;0.01;0;3.29304;0;0;-1
0;530;-93.9364;-16.5801;2.3987;9.45997;3546.16;5.68814;0;0;0.1;0.01;0;3.1696;0;0;-1
0;531;-95.6884;2.72972;3.43222;9.65336;3768.11;5.80443;0;0;0.1;0.01;0;3.78275;0;0;-1
0;532;-95.9077;18.6848;2.16262;10.2032;4449.36;6.13504;0;0;0.1;0.01;0;3.23914;0;0;-1
0;533;-79.6782;-55.9218;3.03863;8.5;2572.44;5.11093;0;0;0.1;0.01;0;2.63946;1;0;-1
0;534;-82.6265;-41.5224;4.68165;9.80047;3943.02;5.89288;0;0;0.1;0.01;0;4.17552;0;0;-1
0;535;-80.5988;-23.2233;2.9703;9.80139;3944.13;5.89343;0;0;0.1;0.01;0;6.45413;0;0;-1
0;536;-79.8654;-6.13652;3.7205;9.46528;3552.13;5.69134;0;0;0.1;0.01;0;5.9246;0;0;-1
0;537;-81.7962;10.3572;2.71811;8.90491;2957.86;5.35439;0;0;0.1;0.01;0;4.70814;0;0;-1
0;538;-80.6002;25.4948;1.20128;8.5;2572.44;5.11093;0;0;0.1;0.01;0;3.6971;1;0;-1
0;539;-82.6793;44.0736;2.76888;10.2457;4505.19;6.16059;0;0;0.1;0.01;0;4.42385;0;0;-1
0;540;-78.905;61.1266;3.37733;9.4202;3501.62;5.66423;0;0;0.1;0.01;0;2.55981;0;0;-1
0;541;-63.8851;-65.5077;1.6775;8.86781;2921.04;5.33209;0;0;0.1;0.01;0;4.0076;0;0;-1
0;542;-64.2796;-47.2856;4.39813;10.2617;4526.33;6.17021;0;0;0.1;0.01;0;6.23462;0;0;-1
0;543;-68.3931;-33.0516;3.55449;8.92266;2975.58;5.36507;0;0;0.1;0.01;0;5.75889;0;0;-1
0;544;-67.7973;-14.8227;1.72505;10.4365;4761.6;6.27532;0;0;0.1;0.01;0;6.92503;0;0;-1
0;545;-67.1932;0.401135;3.73675;10.3306;4618.12;6.21164;0;0;0.1;0.01;0;6.933;0;0;-1
0;546;-64.7298;17.1271;3.36963;10.4477;4776.95;6.28205;0;0;0.1;0.01;0;6.02019;0;0;-1
0;547;-65.1795;36.5239;3.09362;10.4249;4745.74;6.26834;0;0;0.1;0.01;0;6.60411;0;0;-1
0;548;-65.5684;52.0305;3.22456;9.47993;3568.65;5.70014;0;0;0.1;0.01;0;5.48021;0;0;-1
0;549;-64.9483;70.4089;3.16489;8.5;2572.44;5.11093;0;0;0.1;0.01;0;2.34809;1;0;-1
0;550;-49.9081;-75.3349;3.24202;8.5823;2647.89;5.16041;0;0;0.1;0.01;0;5.00553;0;0;-1
0;551;-50.3434;-59.3886;4.20697;8.71413;2771.79;5.23968;0;0;0.1;0.01;0;5.50688;0;0;-1
0;552;-50.9549;-42.3337;3.3388;8.72965;2786.63;5.24901;0;0;0.1;0.01;0;5.46221;0;0;-1
0;553;-52.116;-24.4763;3.65233;8.58632;2651.61;5.16283;0;0;0.1;0.01;0;4.18368;0;0;-1
0;554;-49.6377;-5.37895;2.14713;8.5;2572.44;5.11093;0;0;0.1;0.01;0;4.35451;1;0;-1
0;555;-52.2997;10.057;3.75183;8.5;2572.44;5.11093;0;0;0.1;0.01;0;4.98752;1;0;-1
0;556;-52.7537;25.8379;2.70081;8.5;2572.44;5.11093;0;0;0.1;0.01;0;5.48545;1;0;-1
0;557;-50.2683;42.9856;5.11487;9.8444;3996.28;5.91929;0;0;0.1;0.01;0;5.97377;0;0;-1
0;558;-50.7527;63.4602;1.83377;9.04923;3104.01;5.44117;0;0;0.1;0.01;0;5.21318;0;0;-1
0;559;-51.4567;78.119;1.28707;9.76208;3896.87;5.8698;0;0;0.1;0.01;0;4.43672;0;0;-1
0;560;-34.9782;-84.0139;3.44626;9.36644;3442.01;5.6319;0;0;0.1;0.01;0;5.15454;0;0;-1
0;561;-38.5011;-67.384;3.24276;9.15764;3216.91;5.50636;0;0;0.1;0.01;0;5.35501;0;0;-1
0;562;-36.704;-50.3914;4.12219;8.5;2572.44;5.11093;0;0;0.1;0.01;0;5.17399;1;0;-1
0;563;-35.834;-32.6237;2.67541;9.95707;4135.07;5.98704;0;0;0.1;0.01;0;6.05243;0;0;-1
0;564;-38.0817;-14.0886;3.15333;8.97516;3028.41;5.39663;0;0;0.1;0.01;0;4.98329;0;0;-1
0;565;-36.6348;3.18135;4.03711;8.90095;2953.91;5.35201;0;0;0.1;0.01;0;5.85577;0;0;-1
0;566;-38.1396;19.9753;2.91858;10.1518;4382.46;6.10413;0;0;0.1;0.01;0;6.86734;0;0;-1
0;567;-38.1951;36.3053;1.02856;8.89588;2948.87;5.34896;0;0;0.1;0.01;0;5.93363;0;0;-1
0;568;-35.4199;50.841;2.86075;9.82839;3976.82;5.90967;0;0;0.1;0.01;0;5.01518;0;0;-1
0;569;-35.7453;71.7387;1.33902;10.4423;4769.55;6.2788;0;0;0.1;0.01;0;6.28728;0;0;-1
0;570;-35.3313;87.8921;3.28872;9.58234;3685.56;5.76172;0;0;0.1;0.01;0;5.14473;0;0;-1
0;571;-20.7798;-93.661;1.59779;9.51832;3612.18;5.72323;0;0;0.1;0.01;0;4.31086;0;0;-1
0;572;-20.565;-76.6111;4.59465;8.53528;2604.61;5.13214;0;0;0.1;0.01;0;5.2643;0;0;-1
0;573;-23.6211;-57.64;1.5425;9.2155;3278.27;5.54115;0;0;0.1;0.01;0;6.00557;0;0;-1
0;574;-23.2213;-40.3598;2.14469;9.25268;3318.11;5.5635;0;0;0.1;0.01;0;6.41742;0;0;-1
0;575;-21.1666;-23.0789;3.5667;8.5;2572.44;5.11093;0;0;0.1;0.01;0;5.39808;1;0;-1
0;576;-20.5818;-5.19469;3.33943;8.55675;2624.31;5.14505;0;0;0.1;0.01;0;6.16099;0;0;-1
0;577;-20.192;9.99192;4.07023;10.1133;4332.79;6.08098;0;0;0.1;0.01;0;6.8996;0;0;-1
0;578;-23.9387;27.5223;1.88853;8.5874;2652.61;5.16348;0;0;0.1;0.01;0;3.992;0;0;-1
0;579;-19.9308;46.9953;1.83646;9.19996;3261.72;5.5318;0;0;0.1;0.01;0;4.54609;0;0;-1
0;580;-22.0296;63.3233;2.16382;9.89483;4058.01;5.94962;0;0;0.1;0.01;0;6.65815;0;0;-1
0;581;-22.186;77.5549;1.90812;9.60554;3712.39;5.77567;0;0;0.1;0.01;0;6.19986;0;0;-1
0;582;-23.3684;96.2341;1.36021;9.90756;4073.7;5.95727;0;0;0.1;0.01;0;3.4206;0;0;-1
0;583;-7.06985;-98.9514;0.928024;10.0776;4287.06;6.05951;0;0;0.1;0.01;0;2.97486;0;0;-1
0;584;-5.64435;-81.058;3.71151;8.73414;2790.93;5.25171;0;0;0.1;0.01;0;5.62593;0;0;-1
0;585;-9.08302;-66.6477;2.77069;10.3839;4689.97;6.24369;0;0;0.1;0.01;0;5.7515;0;0;-1
0;586;-7.63292;-49.2535;2.31141;8.64791;2709.08;5.19986;0;0;0.1;0.01;0;5.09655;0;0;-1
0;587;-7.46389;-29.9734;2.51716;9.4445;3528.79;5.67884;0;0;0.1;0.01;0;6.35217;0;0;-1
0;588;-8.78048;-14.1939;3.11746;9.71029;3835.18;5.83866;0;0;0.1;0.01;0;6.88126;0;0;-1
0;589;-7.88706;1.80478;3.77267;8.5;2572.44;5.11093;0;0;0.1;0.01;0;5.89921;1;0;-1
0;590;-6.29677;17.3589;1.34275;8.51996;2590.61;5.12293;0;0;0.1;0.01;0;5.9299;0;0;-1
0;591;-6.1616;34.6567;3.70051;9.22465;3288.05;5.54665;0;0;0.1;0.01;0;5.50881;0;0;-1
0;592;-5.76163;51.8012;3.54153;8.5;2572.44;5.11093;0;0;0.1;0.01;0;5.87033;1;0;-1
0;593;-7.56764;71.7838;2.32853;10.3283;4615.04;6.21026;0;0;0.1;0.01;0;6.8554;0;0;-1
0;594;-9.20916;88.3784;3.68115;9.77079;3907.31;5.87503;0;0;0.1;0.01;0;4.97457;0;0;-1
0;595;8.03919;-92.1744;3.09907;8.71605;2773.63;5.24083;0;0;0.1;0.01;0;4.70732;0;0;-1
0;596;8.63467;-76.0915;1.82531;9.61678;3725.44;5.78243;0;0;0.1;0.01;0;7.03919;0;0;-1
0;597;5.95595;-58.9234;1.68982;10.096;4310.59;6.07058;0;0;0.1;0.01;0;6.9206;0;0;-1
0;598;7.03262;-42.7404;3.58899;9.83689;3987.15;5.91478;0;0;0.1;0.01;0;6.7267;0;0;-1
0;599;7.54715;-24.9352;1.84795;9.5353;3631.55;5.73344;0;0;0.1;0.01;0;6.50732;0;0;-1
0;600;9.35752;-8.45983;4.44409;10.1237;4346.17;6.08723;0;0;0.1;0.01;0;5.93074;0;0;-1
0;601;5.73404;10.4511;2.77867;8.89902;2951.99;5.35085;0;0;0.1;0.01;0;4.95858;0;0;-1
0;602;7.62832;25.4199;2.117;9.91149;4078.55;5.95964;0;0;0.1;0.01;0;6.08762;0;0;-1
0;603;8.38194;44.062;2.34945;8.5;2572.44;5.11093;0;0;0.1;0.01;0;5.04537;1;0;-1
0;604;6.91193;60.389;1.62266;8.5;2572.44;5.11093;0;0;0.1;0.01;0;5.6584;1;0;-1
0;605;8.803;76.5051;2.68428;8.62821;2690.61;5.18802;0;0;0.1;0.01;0;5.7986;0;0;-1
0;606;5.61333;97.9068;1.52432;9.70502;3828.93;5.83549;0;0;0.1;0.01;0;2.82508;0;0;-1
0;607;20.4552;-85.2905;2.17652;8.5;2572.44;5.11093;0;0;0.1;0.01;0;4.1526;1;0;-1
0;608;23.7053;-66.3222;2.741;10.1485;4378.19;6.10215;0;0;0.1;0.01;0;5.92324;0;0;-1
0;609;22.3848;-47.3569;4.38656;8.61569;2678.91;5.18049;0;0;0.1;0.01;0;4.58301;0;0;-1
0;610;21.7423;-31.0867;1.47629;8.5;2572.44;5.11093;0;0;0.1;0.01;0;5.79008;1;0;-1
0;611;21.4317;-14.71;1.49971;8.5;2572.44;5.11093;0;0;0.1;0.01;0;5.46916;1;0;-1
0;612;23.2048;4.3358;1.19619;9.49255;3582.92;5.70773;0;0;0.1;0.01;0;5.44741;0;0;-1
0;613;23.3896;20.8307;4.67389;9.56391;3664.33;5.75064;0;0;0.1;0.01;0;6.83879;0;0;-1
0;614;21.9832;37.2966;4.96497;8.5;2572.44;5.11093;0;0;0.1;0.01;0;5.66014;1;0;-1
0;615;22.7739;51.421;3.72684;9.88732;4048.78;5.9451;0;0;0.1;0.01;0;6.64365;0;0;-1
0;616;21.1336;67.7549;1.65774;9.16445;3224.09;5.51045;0;0;0.1;0.01;0;5.95774;0;0;-1
0;617;21.4085;89.4946;1.13694;10.1186;4339.6;6.08417;0;0;0.1;0.01;0;4.04394;0;0;-1
0;618;38.0376;-75.9266;1.66071;9.44408;3528.32;5.67859;0;0;0.1;0.01;0;6.03109;0;0;-1
0;619;38.5513;-59.6025;4.02895;8.64248;2703.98;5.1966;0;0;0.1;0.01;0;5.22611;0;0;-1
0;620;34.9026;-40.1492;3.41315;8.9796;3032.91;5.3993;0;0;0.1;0.01;0;5.44874;0;0;-1
0;621;35.0437;-25.7239;1.19661;9.54414;3641.66;5.73875;0;0;0.1;0.01;0;6.1056;0;0;-1
0;622;38.0223;-8.85006;4.48537;9.35846;3433.22;5.62711;0;0;0.1;0.01;0;6.01347;0;0;-1
0;623;37.234;9.08876;1.45436;9.51894;3612.89;5.7236;0;0;0.1;0.01;0;5.74619;0;0;-1
0;624;36.664;27.2495;2.87357;9.98295;4167.4;6.0026;0;0;0.1;0.01;0;6.51323;0;0;-1
0;625;35.9292;44.5374;1.21234;10.3932;4702.58;6.24928;0;0;0.1;0.01;0;6.87871;0;0;-1
0;626;36.1011;62.7067;3.83316;10.293;4567.88;6.18903;0;0;0.1;0.01;0;7.82467;0;0;-1
0;627;37.6638;80.0011;2.5278;10.395;4705.03;6.25036;0;0;0.1;0.01;0;5.13935;0;0;-1
0;628;50.8441;-83.5307;2.89872;8.5;2572.44;5.11093;0;0;0.1;0.01;0;2.98775;1;0;-1
0;629;52.1838;-64.6117;4.05128;9.83279;3982.16;5.91231;0;0;0.1;0.01;0;5.58465;0;0;-1
0;630;50.3218;-48.4693;3.2612;10.1367;4362.93;6.09505;0;0;0.1;0.01;0;6.36148;0;0;-1
0;631;53.4028;-33.6492;4.79231;8.5;2572.44;5.11093;0;0;0.1;0.01;0;5.81277;1;0;-1
0;632;51.3823;-15.8294;2.99218;8.60239;2666.53;5.17249;0;0;0.1;0.01;0;5.11797;0;0;-1
0;633;52.1611;1.13744;2.46188;8.51441;2585.55;5.11959;0;0;0.1;0.01;0;5.433;0;0;-1
0;634;52.3768;17.0513;1.66565;9.47502;3563.11;5.69719;0;0;0.1;0.01;0;7.31064;0;0;-1
0;635;50.1852;34.3895;2.7385;9.80689;3950.78;5.89674;0;0;0.1;0.01;0;6.23243;0;0;-1
0;636;51.3789;54.6307;4.69745;8.5;2572.44;5.11093;0;0;0.1;0.01;0;5.01835;1;0;-1
0;637;50.0054;67.7103;3.25725;9.09874;3155.24;5.47094;0;0;0.1;0.01;0;4.70008;0;0;-1
0;638;68.0555;-56.0604;4.68447;9.91865;4087.39;5.96394;0;0;0.1;0.01;0;4.38874;0;0;-1
0;639;67.5929;-39.0448;2.40563;9.67029;3787.97;5.81461;0;0;0.1;0.01;0;7.08941;0;0;-1
0;640;64.7265;-24.1616;3.89779;8.59961;2663.94;5.17082;0;0;0.1;0.01;0;5.67541;0;0;-1
0;641;67.8265;-6.65703;4.42469;8.5;2572.44;5.11093;0;0;0.1;0.01;0;4.86626;1;0;-1
0;642;65.6284;12.2005;3.83306;10.2544;4516.68;6.16582;0;0;0.1;0.01;0;6.71878;0;0;-1
0;643;65.491;25.9368;3.94201;8.5;2572.44;5.11093;0;0;0.1;0.01;0;6.09781;1;0;-1
0;644;66.916;44.3121;4.36474;9.40417;3483.77;5.65459;0;0;0.1;0.01;0;5.69816;0;0;-1
0;645;67.4226;60.1752;4.32058;9.78995;3930.34;5.88655;0;0;0.1;0.01;0;4.4678;0;0;-1
0;646;82.3293;-47.3933;5.10417;9.16647;3226.23;5.51167;0;0;0.1;0.01;0;3.6757;0;0;-1
0;647;82.1712;-33.1108;3.18367;10.4059;4719.84;6.25692;0;0;0.1;0.01;0;5.82244;0;0;-1
0;648;81.3956;-15.7998;3.8428;9.58771;3691.76;5.76495;0;0;0.1;0.01;0;6.48916;0;0;-1
0;649;79.7757;0.0593818;1.87866;9.17655;3236.88;5.51773;0;0;0.1;0.01;0;5.72941;0;0;-1
0;650;80.9786;18.2549;2.44594;9.17519;3235.44;5.51691;0;0;0.1;0.01;0;6.64405;0;0;-1
0;651;82.5355;36.1075;4.09506;10.3563;4652.67;6.22709;0;0;0.1;0.01;0;5.55277;0;0;-1
0;652;82.7995;55.3009;4.89453;9.98006;4163.78;6.00087;0;0;0.1;0.01;0;2.85006;0;0;-1
0;653;95.8374;-23.3874;2.10042;10.372;4673.86;6.23653;0;0;0.1;0.01;0;3.62873;0;0;-1
0;654;96.3569;-7.56266;4.22462;9.30892;3378.99;5.59732;0;0;0.1;0.01;0;3.40717;0;0;-1
0;655;94.5267;12.1155;1.93507;9.59168;3696.35;5.76734;0;0;0.1;0.01;0;4.21335;0;0;-1
0;656;94.3112;26.6324;4.4774;10.0281;4224.2;6.02975;0;0;0.1;0.01;0;4.46533;0;0;-1
0;657;-86.834;-40.7529;19.2002;10.0139;4206.28;6.02121;0;0;0.1;0.01;0;3.22286;0;0;-1
0;658;-85.077;-21.1779;18.5562;9.39531;3473.94;5.64926;0;0;0.1;0.01;0;3.28309;0;0;-1
0;659;-84.8763;-4.99045;19.27;9.9256;4095.99;5.96812;0;0;0.1;0.01;0;4.60234;0;0;-1
0;660;-86.6483;10.479;17.1907;9.41782;3498.97;5.6628;0;0;0.1;0.01;0;4.71508;0;0;-1
0;661;-85.7233;27.1048;18.3048;8.5;2572.44;5.11093;0;0;0.1;0.01;0;3.2167;1;0;-1
0;662;-84.2591;45.3256;18.9266;8.68184;2741.09;5.22026;0;0;0.1;0.01;0;2.72852;0;0;-1
0;663;-72.1082;-63.6398;19.8432;9.46219;3548.65;5.68948;0;0;0.1;0.01;0;3.35604;0;0;-1
0;664;-70.8103;-48.5641;16.6677;9.04696;3101.68;5.43981;0;0;0.1;0.01;0;6.11204;0;0;-1
0;665;-68.985;-33.8716;19.1825;8.5;2572.44;5.11093;0;0;0.1;0.01;0;5.46822;1;0;-1
0;666;-71.96;-13.1865;19.0227;9.90376;4069.01;5.95499;0;0;0.1;0.01;0;7.23386;0;0;-1
0;667;-69.3879;2.17435;19.7054;9.7357;3865.36;5.85394;0;0;0.1;0.01;0;6.93195;0;0;-1
0;668;-70.2481;18.6384;19.3014;9.64972;3763.85;5.80224;0;0;0.1;0.01;0;5.80137;0;0;-1
0;669;-70.297;34.2576;16.742;8.77909;2834.24;5.27874;0;0;0.1;0.01;0;4.32312;0;0;-1
0;670;-70.256;52.8857;16.2621;8.5;2572.44;5.11093;0;0;0.1;0.01;0;3.91538;1;0;-1
0;671;-58.0216;-74.9477;17.1204;10.065;4271;6.05194;0;0;0.1;0.01;0;4.51484;0;0;-1
0;672;-57.4966;-58.655;18.7023;9.47117;3558.77;5.69488;0;0;0.1;0.01;0;6.43757;0;0;-1
0;673;-56.202;-39.5361;17.4577;10.2399;4497.55;6.1571;0;0;0.1;0.01;0;7.40233;0;0;-1
0;674;-57.0855;-23.2723;16.9199;8.9323;2985.23;5.37086;0;0;0.1;0.01;0;5.73249;0;0;-1
0;675;-55.1838;-6.46328;16.0529;9.97374;4155.88;5.99707;0;0;0.1;0.01;0;6.24278;0;0;-1
0;676;-57.1259;8.61735;17.41;8.70387;2762.01;5.23351;0;0;0.1;0.01;0;5.38493;0;0;-1
0;677;-55.3842;26.773;16.7929;9.65507;3770.12;5.80545;0;0;0.1;0.01;0;5.70866;0;0;-1
0;678;-54.9793;46.8998;18.9403;8.5;2572.44;5.11093;0;0;0.1;0.01;0;4.35192;1;0;-1
0;679;-53.9887;61.9291;18.2867;8.67427;2733.93;5.21571;0;0;0.1;0.01;0;3.8066;0;0;-1
0;680;-53.7955;78.0489;19.6578;9.60026;3706.27;5.7725;0;0;0.1;0.01;0;2.63827;0;0;-1
0;681;-41.6985;-84.6169;16.8491;9.64536;3758.75;5.79962;0;0;0.1;0.01;0;4.32873;0;0;-1
0;682;-40.6295;-67.469;17.7376;8.98447;3037.85;5.40223;0;0;0.1;0.01;0;5.51367;0;0;-1
0;683;-40.4677;-47.7818;16.7437;9.09298;3149.25;5.46748;0;0;0.1;0.01;0;5.25987;0;0;-1
0;684;-42.5302;-33.0307;18.1949;9.56256;3662.78;5.74983;0;0;0.1;0.01;0;6.35374;0;0;-1
0;685;-42.1552;-13.7571;16.4878;8.5;2572.44;5.11093;0;0;0.1;0.01;0;4.91433;1;0;-1
0;686;-39.9926;2.28025;17.723;8.8338;2887.56;5.31164;0;0;0.1;0.01;0;5.0838;0;0;-1
0;687;-42.2099;18.6853;18.4609;8.81873;2872.81;5.30257;0;0;0.1;0.01;0;5.43367;0;0;-1
0;688;-41.1646;33.7368;18.2752;8.97255;3025.77;5.39506;0;0;0.1;0.01;0;5.18999;0;0;-1
0;689;-39.7093;53.2143;18.5428;8.97931;3032.62;5.39913;0;0;0.1;0.01;0;4.73689;0;0;-1
0;690;-39.585;71.4862;16.3972;10.2106;4459.05;6.13949;0;0;0.1;0.01;0;5.90343;0;0;-1
0;691;-41.5963;87.7476;18.5422;8.98874;3042.18;5.4048;0;0;0.1;0.01;0;2.93055;0;0;-1
0;692;-27.7628;-93.457;16.8268;10.4523;4783.26;6.28482;0;0;0.1;0.01;0;3.97902;0;0;-1
0;693;-27.5083;-72.8557;18.5019;9.83112;3980.13;5.91131;0;0;0.1;0.01;0;6.16534;0;0;-1
0;694;-25.3702;-56.7067;16.2736;8.5;2572.44;5.11093;0;0;0.1;0.01;0;4.44972;1;0;-1
0;695;-24.5011;-40.3819;17.8409;8.88227;2935.35;5.34078;0;0;0.1;0.01;0;5.48615;0;0;-1
0;696;-28.3573;-24.7217;16.3173;9.59361;3698.58;5.7685;0;0;0.1;0.01;0;6.04672;0;0;-1
0;697;-28.3802;-7.18417;16.0155;9.33032;3402.34;5.61019;0;0;0.1;0.01;0;5.29323;0;0;-1
0;698;-26.9604;10.6773;16.49;9.60486;3711.6;5.77526;0;0;0.1;0.01;0;6.09213;0;0;-1
0;699;-27.4527;28.0479;17.3621;9.05772;3112.76;5.44628;0;0;0.1;0.01;0;5.12918;0;0;-1
0;700;-25.4598;45.9309;17.6325;9.58543;3689.13;5.76358;0;0;0.1;0.01;0;5.76557;0;0;-1
0;701;-28.1548;62.0577;16.4013;9.01678;3070.74;5.42166;0;0;0.1;0.01;0;5.90368;0;0;-1
0;702;-27.4141;80.412;16.3148;10.1887;4430.42;6.12632;0;0;0.1;0.01;0;5.89021;0;0;-1
0;703;-13.2867;-83.609;17.636;9.77088;3907.42;5.87509;0;0;0.1;0.01;0;5.45651;0;0;-1
0;704;-13.7332;-65.6444;17.0239;8.5;2572.44;5.11093;0;0;0.1;0.01;0;4.20819;1;0;-1
0;705;-11.1813;-47.5326;16.2702;9.7905;3931;5.88689;0;0;0.1;0.01;0;5.45;0;0;-1
0;706;-12.3533;-30.7874;19.3453;8.63701;2698.85;5.19331;0;0;0.1;0.01;0;5.7621;0;0;-1
0;707;-11.5515;-16.1866;17.4786;9.71429;3839.92;5.84106;0;0;0.1;0.01;0;6.34205;0;0;-1
0;708;-13.6716;1.66241;17.1271;10.0878;4300.09;6.06565;0;0;0.1;0.01;0;7.02298;0;0;-1
0;709;-13.1784;20.7916;16.6111;10.0841;4295.36;6.06342;0;0;0.1;0.01;0;6.26884;0;0;-1
0;710;-10.9545;37.3203;17.2898;8.97727;3030.55;5.3979;0;0;0.1;0.01;0;5.49432;0;0;-1
0;711;-10.0211;52.3591;18.3025;10.1287;4352.61;6.09024;0;0;0.1;0.01;0;6.64276;0;0;-1
0;712;-11.6683;68.4281;18.3668;8.59754;2662.02;5.16958;0;0;0.1;0.01;0;5.2085;0;0;-1
0;713;-11.0505;85.2591;18.6741;8.5;2572.44;5.11093;0;0;0.1;0.01;0;3.73701;1;0;-1
0;714;1.68233;-91.9834;17.438;10.248;4508.23;6.16197;0;0;0.1;0.01;0;3.90847;0;0;-1
0;715;4.58755;-72.2706;15.9864;8.68782;2746.76;5.22386;0;0;0.1;0.01;0;5.15242;0;0;-1
0;716;2.8184;-56.9694;17.329;8.5;2572.44;5.11093;0;0;0.1;0.01;0;5.54441;1;0;-1
0;717;2.96039;-39.8541;16.6698;9.887;4048.39;5.94491;0;0;0.1;0.01;0;6.58614;0;0;-1
0;718;2.38108;-24.4677;16.4642;8.82136;2875.38;5.30416;0;0;0.1;0.01;0;5.63662;0;0;-1
0;719;4.97378;-8.37611;17.1112;8.57217;2638.52;5.15432;0;0;0.1;0.01;0;4.74437;0;0;-1
0;720;4.17583;9.65229;16.3873;9.89258;4055.25;5.94826;0;0;0.1;0.01;0;4.89125;0;0;-1
0;721;2.15983;28.5072;16.6442;9.95865;4137.04;5.98799;0;0;0.1;0.01;0;6.24819;0;0;-1
0;722;2.53412;46.1872;15.6147;8.5982;2662.63;5.16997;0;0;0.1;0.01;0;5.80298;0;0;-1
0;723;2.66147;63.402;15.8872;10.4039;4717.12;6.25571;0;0;0.1;0.01;0;6.71197;0;0;-1
0;724;0.992623;77.9634;15.9346;8.66392;2724.16;5.20949;0;0;0.1;0.01;0;5.68422;0;0;-1
0;725;4.69781;93.0901;17.7718;8.70908;2766.98;5.23664;0;0;0.1;0.01;0;2.89398;0;0;-1
0;726;17.7761;-82.3814;17.1039;10.0453;4245.97;6.04009;0;0;0.1;0.01;0;5.1316;0;0;-1
0;727;15.8006;-64.4112;16.3737;8.5;2572.44;5.11093;0;0;0.1;0.01;0;4.94339;1;0;-1
0;728;16.0247;-50.0851;18.3087;9.61978;3728.93;5.78423;0;0;0.1;0.01;0;5.55411;0;0;-1
0;729;18.9305;-33.9799;18.1041;8.5;2572.44;5.11093;0;0;0.1;0.01;0;4.31404;1;0;-1
0;730;18.3532;-17.0121;17.3391;9.30503;3374.75;5.59498;0;0;0.1;0.01;0;5.77681;0;0;-1
0;731;17.4651;2.7141;18.4903;8.54447;2613.03;5.13767;0;0;0.1;0.01;0;4.74126;0;0;-1
0;732;16.5787;21.1405;16.2142;9.14026;3198.63;5.49591;0;0;0.1;0.01;0;6.27627;0;0;-1
0;733;16.5145;37.0707;17.4483;8.88866;2941.69;5.34462;0;0;0.1;0.01;0;5.88826;0;0;-1
0;734;19.6677;52.9301;17.6974;8.85858;2911.93;5.32654;0;0;0.1;0.01;0;5.16841;0;0;-1
0;735;16.412;69.7745;17.3867;8.51644;2587.4;5.12081;0;0;0.1;0.01;0;5.15647;0;0;-1
0;736;17.9162;85.6777;16.4576;9.17315;3233.29;5.51568;0;0;0.1;0.01;0;3.56719;0;0;-1
0;737;33.1721;-92.4901;15.9348;9.05955;3114.64;5.44738;0;0;0.1;0.01;0;1.68928;0;0;-1
0;738;33.7908;-73.7667;16.1013;9.51316;3606.31;5.72013;0;0;0.1;0.01;0;5.47871;0;0;-1
0;739;33.1803;-55.2465;18.0129;9.15668;3215.9;5.50578;0;0;0.1;0.01;0;4.5428;0;0;-1
0;740;33.6517;-39.0254;18.0762;8.5;2572.44;5.11093;0;0;0.1;0.01;0;5.32966;1;0;-1
0;741;31.4412;-24.4825;16.3363;9.37929;3456.2;5.63963;0;0;0.1;0.01;0;6.48187;0;0;-1
0;742;30.7109;-8.06184;18.5957;9.30862;3378.66;5.59714;0;0;0.1;0.01;0;5.49866;0;0;-1
0;743;30.5313;11.5653;17.0215;8.87722;2930.35;5.33774;0;0;0.1;0.01;0;5.13232;0;0;-1
0;744;32.0973;26.8774;16.7659;8.78131;2836.39;5.28007;0;0;0.1;0.01;0;5.4026;0;0;-1
0;745;33.2173;45.7706;16.5214;8.5;2572.44;5.11093;0;0;0.1;0.01;0;5.29099;1;0;-1
0;746;30.488;63.4367;19.4752;9.08213;3137.99;5.46095;0;0;0.1;0.01;0;6.81681;0;0;-1
0;747;30.6509;77.8168;17.8463;9.25776;3323.58;5.56656;0;0;0.1;0.01;0;5.18468;0;0;-1
0;748;45.3082;-81.247;16.0893;9.99665;4184.58;6.01084;0;0;0.1;0.01;0;4.70859;0;0;-1
0;749;48.9064;-67.6398;17.0117;8.61752;2680.62;5.18159;0;0;0.1;0.01;0;5.0832;0;0;-1
0;750;47.5127;-48.1658;18.6005;8.5;2572.44;5.11093;0;0;0.1;0.01;0;4.6042;1;0;-1
0;751;46.7619;-31.8965;16.6142;9.52674;3621.78;5.72829;0;0;0.1;0.01;0;6.82954;0;0;-1
0;752;46.3629;-15.3174;17.5064;9.96599;4146.2;5.99241;0;0;0.1;0.01;0;6.40225;0;0;-1
0;753;46.2064;4.39314;19.4821;9.61473;3723.06;5.7812;0;0;0.1;0.01;0;5.42949;0;0;-1
0;754;48.7901;20.47;17.3417;9.77667;3914.37;5.87857;0;0;0.1;0.01;0;6.2286;0;0;-1
0;755;46.8593;34.879;18.9808;8.5;2572.44;5.11093;0;0;0.1;0.01;0;5.2366;1;0;-1
0;756;45.0854;54.0901;16.5872;10.1386;4365.39;6.09619;0;0;0.1;0.01;0;6.57433;0;0;-1
0;757;46.9777;68.978;17.7794;8.7934;2848.13;5.28734;0;0;0.1;0.01;0;5.04404;0;0;-1
0;758;45.9415;86.0488;19.6693;8.5;2572.44;5.11093;0;0;0.1;0.01;0;1.28299;1;0;-1
0;759;61.2236;-75.4448;17.4903;9.74749;3879.42;5.86102;0;0;0.1;0.01;0;2.82064;0;0;-1
0;760;62.3062;-57.9526;18.164;8.5;2572.44;5.11093;0;0;0.1;0.01;0;4.9483;1;0;-1
0;761;62.5604;-38.7134;16.7017;10.097;4311.87;6.07118;0;0;0.1;0.01;0;7.49712;0;0;-1
0;762;60.4208;-24.2783;16.5119;9.90118;4065.83;5.95344;0;0;0.1;0.01;0;7.54643;0;0;-1
0;763;60.377;-7.40516;16.7521;8.93108;2984.01;5.37013;0;0;0.1;0.01;0;4.81096;0;0;-1
0;764;62.4588;10.6031;16.9718;9.45392;3539.36;5.6845;0;0;0.1;0.01;0;5.77847;0;0;-1
0;765;61.6868;28.5347;16.4779;10.2254;4478.47;6.14838;0;0;0.1;0.01;0;7.22304;0;0;-1
0;766;61.8684;45.2099;19.0405;8.67367;2733.36;5.21535;0;0;0.1;0.01;0;6.08081;0;0;-1
0;767;62.2941;63.6384;19.0426;10.0225;4217.13;6.02638;0;0;0.1;0.01;0;4.83185;0;0;-1
0;768;75.9022;-50.2061;19.5117;8.70096;2759.24;5.23176;0;0;0.1;0.01;0;3.014;0;0;-1
0;769;76.0457;-33.4781;18.3427;10.0886;4301.12;6.06613;0;0;0.1;0.01;0;6.1334;0;0;-1
0;770;77.6233;-16.9519;16.7468;8.5;2572.44;5.11093;0;0;0.1;0.01;0;4.96083;1;0;-1
0;771;74.883;0.851481;19.4089;8.71841;2775.88;5.24225;0;0;0.1;0.01;0;4.44554;0;0;-1
0;772;76.4895;20.1077;16.1828;9.82373;3971.16;5.90687;0;0;0.1;0.01;0;6.53768;0;0;-1
0;773;74.8204;37.922;19.0715;10.3722;4674.14;6.23665;0;0;0.1;0.01;0;6.73647;0;0;-1
0;774;76.5244;52.4288;18.7557;8.77615;2831.4;5.27697;0;0;0.1;0.01;0;4.58137;0;0;-1
0;775;91.5307;-22.0698;18.6388;9.7875;3927.39;5.88508;0;0;0.1;0.01;0;4.34395;0;0;-1
0;776;92.7492;-7.35842;19.9293;8.5;2572.44;5.11093;0;0;0.1;0.01;0;2.62056;1;0;-1
0;777;91.6986;9.32511;16.2172;9.05672;3111.73;5.44567;0;0;0.1;0.01;0;2.52838;0;0;-1
0;778;89.4628;26.8417;17.3952;9.35384;3428.14;5.62433;0;0;0.1;0.01;0;4.07943;0;0;-1
0;779;-93.5879;2.41194;34.5677;8.55786;2625.33;5.14572;0;0;0.1;0.01;0;2.84381;0;0;-1
0;780;-82.0401;-39.71;31.6337;9.85962;4014.85;5.92845;0;0;0.1;0.01;0;3.15454;0;0;-1
0;781;-79.6845;-25.089;32.4608;9.32437;3395.84;5.60661;0;0;0.1;0.01;0;4.25166;0;0;-1
0;782;-78.9993;-6.08916;34.0264;9.22038;3283.49;5.54408;0;0;0.1;0.01;0;5.97643;0;0;-1
0;783;-80.1782;10.0445;31.8198;8.73128;2788.19;5.24999;0;0;0.1;0.01;0;4.89396;0;0;-1
0;784;-82.7034;25.87;30.9237;9.40262;3482.05;5.65366;0;0;0.1;0.01;0;2.74697;0;0;-1
0;785;-79.906;46.0333;31.3461;8.54151;2610.31;5.13589;0;0;0.1;0.01;0;2.2033;0;0;-1
0;786;-65.9582;-66.8913;33.9542;9.46889;3556.2;5.69351;0;0;0.1;0.01;0;3.41804;0;0;-1
0;787;-66.6267;-47.6758;32.2386;9.70994;3834.76;5.83845;0;0;0.1;0.01;0;4.7904;0;0;-1
0;788;-64.3041;-30.7704;34.2051;9.95636;4134.19;5.98661;0;0;0.1;0.01;0;6.55779;0;0;-1
0;789;-66.7703;-15.5625;31.0177;8.5;2572.44;5.11093;0;0;0.1;0.01;0;5.95261;1;0;-1
0;790;-65.6109;0.0178536;34.1235;8.9441;2997.08;5.37796;0;0;0.1;0.01;0;5.98612;0;0;-1
0;791;-66.5517;18.1315;33.8928;8.5;2572.44;5.11093;0;0;0.1;0.01;0;4.43058;1;0;-1
0;792;-64.4077;35.1671;31.6591;8.58667;2651.94;5.16304;0;0;0.1;0.01;0;4.16544;0;0;-1
0;793;-66.8393;53.0594;33.2082;9.91933;4088.23;5.96435;0;0;0.1;0.01;0;3.57318;0;0;-1
0;794;-53.1877;-73.3247;30.6153;10.1149;4334.84;6.08194;0;0;0.1;0.01;0;4.85238;0;0;-1
0;795;-50.184;-58.72;30.9894;9.48167;3570.62;5.70119;0;0;0.1;0.01;0;6.02652;0;0;-1
0;796;-49.838;-38.4024;31.6525;9.72083;3847.68;5.84499;0;0;0.1;0.01;0;6.12895;0;0;-1
0;797;-52.8038;-21.2988;31.1211;8.5;2572.44;5.11093;0;0;0.1;0.01;0;4.91585;1;0;-1
0;798;-52.7065;-7.29112;34.1934;9.66627;3783.25;5.81219;0;0;0.1;0.01;0;4.47784;0;0;-1
0;799;-51.6667;11.8722;31.7843;8.5;2572.44;5.11093;0;0;0.1;0.01;0;4.16133;1;0;-1
0;800;-50.7127;29.4031;32.6048;8.5;2572.44;5.11093;0;0;0.1;0.01;0;5.23701;1;0;-1
0;801;-52.7796;43.3425;33.1306;8.5;2572.44;5.11093;0;0;0.1;0.01;0;5.24041;1;0;-1
0;802;-51.6451;60.0668;33.9722;8.5;2572.44;5.11093;0;0;0.1;0.01;0;4.23888;1;0;-1
0;803;-35.6425;-85.3957;34.283;10.1766;4414.65;6.11904;0;0;0.1;0.01;0;3.63732;0;0;-1
0;804;-38.0008;-66.3772;31.2837;8.5;2572.44;5.11093;0;0;0.1;0.01;0;4.55984;1;0;-1
0;805;-37.9473;-47.2908;33.1259;9.74583;3877.44;5.86003;0;0;0.1;0.01;0;5.96629;0;0;-1
0;806;-34.4724;-33.0337;33.0297;10.2533;4515.23;6.16516;0;0;0.1;0.01;0;6.52114;0;0;-1
0;807;-35.1734;-16.2749;32.714;8.8572;2910.57;5.32571;0;0;0.1;0.01;0;4.12962;0;0;-1
0;808;-35.3379;2.98186;32.2945;8.80953;2863.83;5.29704;0;0;0.1;0.01;0;4.53418;0;0;-1
0;809;-38.3039;17.6768;32.7578;8.96634;3019.49;5.39133;0;0;0.1;0.01;0;4.90287;0;0;-1
0;810;-36.9791;37.943;31.6614;9.65063;3764.92;5.80278;0;0;0.1;0.01;0;6.08316;0;0;-1
0;811;-36.8447;52.4677;32.42;8.9865;3039.91;5.40345;0;0;0.1;0.01;0;5.22278;0;0;-1
0;812;-37.9089;69.195;32.1224;8.5;2572.44;5.11093;0;0;0.1;0.01;0;3.35508;1;0;-1
0;813;-20.9678;-91.0262;34.0189;9.86408;4020.3;5.93113;0;0;0.1;0.01;0;3.76526;0;0;-1
0;814;-22.9234;-74.3018;32.2324;8.5;2572.44;5.11093;0;0;0.1;0.01;0;5.12062;1;0;-1
0;815;-22.8348;-57.0536;34.4239;8.61747;2680.57;5.18156;0;0;0.1;0.01;0;4.58505;0;0;-1
0;816;-21.8586;-42.7415;31.8901;8.61331;2676.69;5.17906;0;0;0.1;0.01;0;5.68003;0;0;-1
0;817;-20.4325;-21.6628;31.382;8.5;2572.44;5.11093;0;0;0.1;0.01;0;3.95941;1;0;-1
0;818;-20.96;-4.75795;34.0524;9.37895;3455.82;5.63943;0;0;0.1;0.01;0;5.90018;0;0;-1
0;819;-21.7904;11.194;31.6444;8.93559;2988.53;5.37284;0;0;0.1;0.01;0;5.87632;0;0;-1
0;820;-22.9996;29.3702;33.7837;9.49202;3582.32;5.70741;0;0;0.1;0.01;0;5.55437;0;0;-1
0;821;-20.7368;44.2998;33.8136;9.19925;3260.96;5.53138;0;0;0.1;0.01;0;6.2936;0;0;-1
0;822;-20.433;59.7034;30.9811;8.65751;2718.11;5.20564;0;0;0.1;0.01;0;5.11974;0;0;-1
0;823;-21.7695;76.7157;32.6705;10.0526;4255.24;6.04448;0;0;0.1;0.01;0;4.73854;0;0;-1
0;824;-6.81941;-81.4834;33.0091;10.2345;4490.44;6.15386;0;0;0.1;0.01;0;5.7367;0;0;-1
0;825;-7.58464;-65.8518;32.0388;9.11861;3175.96;5.48289;0;0;0.1;0.01;0;4.85247;0;0;-1
0;826;-8.80784;-46.9406;30.7961;9.1191;3176.47;5.48318;0;0;0.1;0.01;0;5.15106;0;0;-1
0;827;-5.46038;-32.6297;31.1758;8.5;2572.44;5.11093;0;0;0.1;0.01;0;4.74364;1;0;-1
0;828;-8.8421;-13.1746;31.587;10.4144;4731.42;6.26203;0;0;0.1;0.01;0;6.592;0;0;-1
0;829;-7.4631;3.47636;31.9482;9.30981;3379.96;5.59785;0;0;0.1;0.01;0;6.08538;0;0;-1
0;830;-6.85417;20.9991;33.6336;10.0649;4270.88;6.05188;0;0;0.1;0.01;0;5.67613;0;0;-1
0;831;-7.48013;37.7974;34.0846;9.13604;3194.2;5.49337;0;0;0.1;0.01;0;6.14317;0;0;-1
0;832;-5.84594;51.7237;33.6893;8.5;2572.44;5.11093;0;0;0.1;0.01;0;5.49195;1;0;-1
0;833;-7.20395;69.7833;32.4001;8.73803;2794.66;5.25405;0;0;0.1;0.01;0;4.34801;0;0;-1
0;834;-6.78091;88.6477;31.1343;8.56897;2635.57;5.1524;0;0;0.1;0.01;0;2.16774;0;0;-1
0;835;8.25046;-89.4373;34.6567;8.757;2812.9;5.26546;0;0;0.1;0.01;0;3.18294;0;0;-1
0;836;7.70388;-74.476;32.499;10.4534;4784.77;6.28548;0;0;0.1;0.01;0;7.03353;0;0;-1
0;837;6.34705;-58.9489;31.8202;8.79873;2853.31;5.29055;0;0;0.1;0.01;0;5.10342;0;0;-1
0;838;8.48665;-42.9144;33.198;10.0561;4259.68;6.04659;0;0;0.1;0.01;0;6.75146;0;0;-1
0;839;6.86299;-23.8807;32.7518;8.90408;2957.03;5.35389;0;0;0.1;0.01;0;4.87925;0;0;-1
0;840;7.21409;-6.04616;33.7221;9.87605;4034.95;5.93833;0;0;0.1;0.01;0;6.05255;0;0;-1
0;841;5.64781;8.78978;34.3796;9.10205;3158.68;5.47293;0;0;0.1;0.01;0;4.74273;0;0;-1
0;842;8.33683;27.8206;31.0457;9.25309;3318.55;5.56375;0;0;0.1;0.01;0;5.16026;0;0;-1
0;843;6.7921;42.8919;30.5908;10.1876;4428.99;6.12566;0;0;0.1;0.01;0;6.42139;0;0;-1
0;844;8.64131;61.5765;30.9046;8.68436;2743.48;5.22178;0;0;0.1;0.01;0;4.75622;0;0;-1
0;845;9.12392;78.9357;31.9056;9.46328;3549.88;5.69013;0;0;0.1;0.01;0;4.70411;0;0;-1
0;846;23.1447;-82.6653;33.8537;9.93443;4106.93;5.97343;0;0;0.1;0.01;0;4.76584;0;0;-1
0;847;22.6475;-67.9639;33.0031;9.85623;4010.71;5.92641;0;0;0.1;0.01;0;5.40309;0;0;-1
0;848;23.8659;-47.7332;33.382;8.90151;2954.47;5.35235;0;0;0.1;0.01;0;5.89593;0;0;-1
0;849;21.1359;-32.2865;32.4669;10.1635;4397.63;6.11117;0;0;0.1;0.01;0;7.03893;0;0;-1
0;850;22.1168;-14.0021;32.213;10.1553;4386.99;6.10623;0;0;0.1;0.01;0;6.79691;0;0;-1
0;851;22.3378;0.480483;30.9384;8.92445;2977.37;5.36614;0;0;0.1;0.01;0;5.128;0;0;-1
0;852;23.004;19.3412;30.4865;9.06881;3124.2;5.45294;0;0;0.1;0.01;0;4.82151;0;0;-1
0;853;22.1095;37.557;33.9844;9.3486;3422.38;5.62118;0;0;0.1;0.01;0;5.73747;0;0;-1
0;854;23.7979;51.3864;32.5737;9.90615;4071.96;5.95642;0;0;0.1;0.01;0;6.8132;0;0;-1
0;855;22.3281;68.7608;30.9959;8.75237;2808.44;5.26267;0;0;0.1;0.01;0;5.90297;0;0;-1
0;856;20.8553;89.3898;34.2244;9.34689;3420.5;5.62015;0;0;0.1;0.01;0;1.60301;0;0;-1
0;857;35.7818;-74.721;32.7939;8.5;2572.44;5.11093;0;0;0.1;0.01;0;3.42739;1;0;-1
0;858;37.1878;-55.0844;32.8402;9.55435;3653.36;5.74489;0;0;0.1;0.01;0;5.76226;0;0;-1
0;859;35.5742;-38.4135;30.8937;8.5;2572.44;5.11093;0;0;0.1;0.01;0;5.31033;1;0;-1
0;860;37.5003;-21.9823;32.1853;8.5;2572.44;5.11093;0;0;0.1;0.01;0;4.7564;1;0;-1
0;861;35.8972;-4.81384;33.2067;9.17157;3231.62;5.51473;0;0;0.1;0.01;0;5.72651;0;0;-1
0;862;38.7405;9.35357;32.4876;8.59517;2659.82;5.16815;0;0;0.1;0.01;0;4.91403;0;0;-1
0;863;38.1053;25.5592;32.9963;9.81869;3965.06;5.90384;0;0;0.1;0.01;0;5.59358;0;0;-1
0;864;38.3499;43.1665;33.0901;9.76301;3897.98;5.87036;0;0;0.1;0.01;0;6.01963;0;0;-1
0;865;35.3803;61.8604;33.7016;9.76121;3895.83;5.86927;0;0;0.1;0.01;0;6.62561;0;0;-1
0;866;36.8575;77.2504;32.1598;10.0224;4217;6.02632;0;0;0.1;0.01;0;5.23663;0;0;-1
0;867;52.8302;-64.6676;31.9366;9.06145;3116.6;5.44852;0;0;0.1;0.01;0;3.97308;0;0;-1
0;868;53.1667;-49.34;32.1283;9.43641;3519.73;5.67398;0;0;0.1;0.01;0;5.65716;0;0;-1
0;869;52.0692;-33.3858;32.4017;9.52844;3623.71;5.72931;0;0;0.1;0.01;0;6.14147;0;0;-1
0;870;51.547;-17.3168;31.597;9.93219;4104.15;5.97208;0;0;0.1;0.01;0;6.32188;0;0;-1
0;871;53.2102;0.915653;33.8716;10.0205;4214.6;6.02518;0;0;0.1;0.01;0;6.86857;0;0;-1
0;872;52.4634;17.8244;33.3894;8.9672;3020.36;5.39185;0;0;0.1;0.01;0;6.01716;0;0;-1
0;873;53.4734;38.1469;32.2386;8.9671;3020.26;5.39179;0;0;0.1;0.01;0;6.03671;0;0;-1
0;874;53.2637;53.1794;33.3252;9.60563;3712.5;5.77573;0;0;0.1;0.01;0;6.96849;0;0;-1
0;875;51.4244;68.3304;32.42;9.14929;3208.12;5.50134;0;0;0.1;0.01;0;4.86733;0;0;-1
0;876;67.257;-58.0695;32.4293;8.83388;2887.64;5.31168;0;0;0.1;0.01;0;3.29256;0;0;-1
0;877;67.6932;-38.604;31.5509;9.31078;3381.01;5.59844;0;0;0.1;0.01;0;5.34662;0;0;-1
0;878;66.3885;-21.814;31.9674;9.12977;3187.63;5.4896;0;0;0.1;0.01;0;5.27178;0;0;-1
0;879;66.9408;-4.7665;32.626;9.85842;4013.38;5.92772;0;0;0.1;0.01;0;5.72591;0;0;-1
0;880;67.2109;10.3564;32.9736;8.94914;3002.15;5.38099;0;0;0.1;0.01;0;6.55107;0;0;-1
0;881;66.2143;28.0141;33.7847;8.61621;2679.4;5.1808;0;0;0.1;0.01;0;5.82162;0;0;-1
0;882;67.3167;45.6439;31.0866;9.11558;3172.79;5.48107;0;0;0.1;0.01;0;6.46562;0;0;-1
0;883;67.0145;59.5019;32.0756;9.87652;4035.53;5.93861;0;0;0.1;0.01;0;4.75427;0;0;-1
0;884;79.9423;-30.2567;33.8295;9.91075;4077.63;5.95919;0;0;0.1;0.01;0;4.39854;0;0;-1
0;885;80.1772;-15.9645;30.7259;8.8039;2858.34;5.29366;0;0;0.1;0.01;0;4.50526;0;0;-1
0;886;79.6572;3.68572;33.5499;10.0827;4293.58;6.06258;0;0;0.1;0.01;0;4.9477;0;0;-1
0;887;80.7175;19.701;34.1961;8.73611;2792.82;5.2529;0;0;0.1;0.01;0;3.84853;0;0;-1
0;888;80.5439;33.6383;31.924;8.98096;3034.29;5.40012;0;0;0.1;0.01;0;4.25707;0;0;-1
0;889;-86.3528;-6.44268;47.2355;9.7781;3916.08;5.87943;0;0;0.1;0.01;0;3.24477;0;0;-1
0;890;-85.6606;9.85665;47.7978;10.4049;4718.48;6.25632;0;0;0.1;0.01;0;3.02332;0;0;-1
0;891;-69.0186;-49.9824;48.7942;10.4318;4755.17;6.27249;0;0;0.1;0.01;0;2.88073;0;0;-1
0;892;-69.3934;-33.7481;47.9852;8.5;2572.44;5.11093;0;0;0.1;0.01;0;4.09567;1;0;-1
0;893;-69.3651;-13.3648;47.6996;9.91875;4087.52;5.964;0;0;0.1;0.01;0;5.72579;0;0;-1
0;894;-71.514;0.841218;46.7801;8.91111;2964.04;5.35812;0;0;0.1;0.01;0;5.62302;0;0;-1
0;895;-68.5688;18.0373;47.057;8.75571;2811.66;5.26468;0;0;0.1;0.01;0;3.93571;0;0;-1
0;896;-70.5766;36.4569;49.3665;9.25688;3322.63;5.56603;0;0;0.1;0.01;0;1.72516;0;0;-1
0;897;-56.639;-59.6072;46.1505;8.92538;2978.3;5.3667;0;0;0.1;0.01;0;4.10142;0;0;-1
0;898;-57.0582;-39.1317;47.6025;9.30218;3371.65;5.59327;0;0;0.1;0.01;0;5.77805;0;0;-1
0;899;-57.0504;-23.2658;47.2571;8.5;2572.44;5.11093;0;0;0.1;0.01;0;5.45294;1;0;-1
0;900;-56.8254;-6.91215;48.8044;9.56046;3660.37;5.74857;0;0;0.1;0.01;0;5.90528;0;0;-1
0;901;-54.5954;12.7572;45.9829;8.6949;2753.48;5.22812;0;0;0.1;0.01;0;4.42106;0;0;-1
0;902;-57.7036;29.743;45.9883;8.5;2572.44;5.11093;0;0;0.1;0.01;0;4.65823;1;0;-1
0;903;-56.3002;45.9435;47.0297;8.5;2572.44;5.11093;0;0;0.1;0.01;0;4.46088;1;0;-1
0;904;-54.441;61.3019;46.4127;8.73256;2789.42;5.25076;0;0;0.1;0.01;0;3.4993;0;0;-1
0;905;-40.6515;-64.3851;45.877;8.77308;2828.43;5.27513;0;0;0.1;0.01;0;3.66443;0;0;-1
0;906;-40.4024;-50.5805;48.2071;9.14813;3206.9;5.50064;0;0;0.1;0.01;0;5.1598;0;0;-1
0;907;-43.198;-30.0717;46.0934;10.1709;4407.24;6.11561;0;0;0.1;0.01;0;6.05382;0;0;-1
0;908;-41.5075;-14.2965;49.0756;8.5;2572.44;5.11093;0;0;0.1;0.01;0;4.98782;1;0;-1
0;909;-41.6387;0.770801;49.2622;8.65928;2719.78;5.2067;0;0;0.1;0.01;0;4.5997;0;0;-1
0;910;-42.0978;16.7757;48.2704;10.2808;4551.66;6.1817;0;0;0.1;0.01;0;5.92349;0;0;-1
0;911;-42.328;35.877;45.2318;8.59133;2656.26;5.16584;0;0;0.1;0.01;0;4.95018;0;0;-1
0;912;-41.2222;53.2403;48.9056;10.1348;4360.48;6.09391;0;0;0.1;0.01;0;6.53575;0;0;-1
0;913;-42.4831;69.7207;48.0996;9.85071;4003.97;5.92309;0;0;0.1;0.01;0;4.23771;0;0;-1
0;914;-27.8279;-76.7436;46.7376;9.0812;3137.03;5.46039;0;0;0.1;0.01;0;2.96247;0;0;-1
0;915;-26.167;-55.5058;48.3185;8.59395;2658.69;5.16742;0;0;0.1;0.01;0;5.99629;0;0;-1
0;916;-27.6871;-41.4898;46.5308;9.63897;3751.29;5.79577;0;0;0.1;0.01;0;7.57825;0;0;-1
0;917;-28.0299;-24.2596;49.4386;8.5;2572.44;5.11093;0;0;0.1;0.01;0;4.80539;1;0;-1
0;918;-25.7047;-8.79709;47.3282;8.5;2572.44;5.11093;0;0;0.1;0.01;0;4.63781;1;0;-1
0;919;-26.6726;12.0295;46.5392;9.92574;4096.16;5.9682;0;0;0.1;0.01;0;5.77879;0;0;-1
0;920;-26.9596;29.5828;48.5537;10.2075;4454.99;6.13762;0;0;0.1;0.01;0;7.06453;0;0;-1
0;921;-26.353;45.152;48.8392;9.22863;3292.31;5.54904;0;0;0.1;0.01;0;6.11847;0;0;-1
0;922;-25.8952;60.8796;46.5183;10.3198;4603.65;6.20515;0;0;0.1;0.01;0;6.87224;0;0;-1
0;923;-25.5702;79.3382;48.4991;9.1597;3219.08;5.50759;0;0;0.1;0.01;0;3.17516;0;0;-1
0;924;-12.3646;-80.7871;46.0122;8.874;2927.16;5.33581;0;0;0.1;0.01;0;3.0726;0;0;-1
0;925;-11.8837;-64.6824;47.9608;8.62741;2689.86;5.18754;0;0;0.1;0.01;0;4.45733;0;0;-1
0;926;-13.4938;-47.9734;46.5712;10.3686;4669.27;6.23449;0;0;0.1;0.01;0;7.521;0;0;-1
0;927;-12.6951;-33.5668;49.107;10.005;4195.08;6.01586;0;0;0.1;0.01;0;5.88255;0;0;-1
0;928;-11.4137;-13.8846;48.6911;9.93402;4106.42;5.97318;0;0;0.1;0.01;0;6.77229;0;0;-1
0;929;-11.0372;0.269769;46.108;9.49154;3581.78;5.70713;0;0;0.1;0.01;0;6.64881;0;0;-1
0;930;-13.1768;19.5119;47.8602;10.0132;4205.4;6.02079;0;0;0.1;0.01;0;6.25786;0;0;-1
0;931;-11.2549;37.0957;49.0593;8.84922;2902.71;5.32091;0;0;0.1;0.01;0;6.4501;0;0;-1
0;932;-12.203;52.5448;48.7869;9.02879;3083.03;5.42888;0;0;0.1;0.01;0;7.20791;0;0;-1
0;933;-11.7515;69.7926;48.0821;10.1432;4371.33;6.09896;0;0;0.1;0.01;0;5.86704;0;0;-1
0;934;-12.8202;86.612;47.9954;8.5;2572.44;5.11093;0;0;0.1;0.01;0;1.66604;1;0;-1
0;935;2.059;-73.1403;45.8816;8.5;2572.44;5.11093;0;0;0.1;0.01;0;4.91289;1;0;-1
0;936;1.61179;-59.4371;46.6217;8.99434;3047.87;5.40817;0;0;0.1;0.01;0;5.60889;0;0;-1
0;937;2.35437;-42.2796;46.9548;9.40872;3488.83;5.65733;0;0;0.1;0.01;0;5.65226;0;0;-1
0;938;1.44859;-22.4084;48.5079;9.3869;3464.62;5.64421;0;0;0.1;0.01;0;5.82145;0;0;-1
0;939;4.31038;-5.38854;49.041;9.50215;3593.8;5.7135;0;0;0.1;0.01;0;6.81147;0;0;-1
0;940;3.22345;8.8639;49.2356;9.40384;3483.41;5.65439;0;0;0.1;0.01;0;5.80799;0;0;-1
0;941;1.82257;29.633;47.3222;8.5;2572.44;5.11093;0;0;0.1;0.01;0;5.04847;1;0;-1
0;942;1.08463;45.5431;47.5987;8.53776;2606.88;5.13363;0;0;0.1;0.01;0;6.17154;0;0;-1
0;943;1.48728;60.6202;45.6721;9.03964;3094.15;5.4354;0;0;0.1;0.01;0;5.43625;0;0;-1
0;944;4.9339;79.7294;48.6609;10.1102;4328.8;6.07912;0;0;0.1;0.01;0;3.00428;0;0;-1
0;945;18.9255;-84.471;48.8993;8.82496;2878.9;5.30632;0;0;0.1;0.01;0;1.95301;0;0;-1
0;946;18.2784;-65.9342;46.7084;9.13393;3191.99;5.4921;0;0;0.1;0.01;0;4.69498;0;0;-1
0;947;16.9267;-49.4152;46.2889;8.5;2572.44;5.11093;0;0;0.1;0.01;0;4.61285;1;0;-1
0;948;19.3941;-34.4017;45.9291;10.2763;4545.68;6.17899;0;0;0.1;0.01;0;6.56782;0;0;-1
0;949;16.1452;-14.8624;48.4565;9.22523;3288.67;5.547;0;0;0.1;0.01;0;6.34161;0;0;-1
0;950;18.7811;1.80605;48.5177;8.50641;2578.26;5.11478;0;0;0.1;0.01;0;5.65752;0;0;-1
0;951;17.3902;17.485;46.773;9.55479;3653.86;5.74516;0;0;0.1;0.01;0;5.23375;0;0;-1
0;952;16.0228;36.3988;49.0136;8.5;2572.44;5.11093;0;0;0.1;0.01;0;4.95091;1;0;-1
0;953;19.2408;50.8514;45.5618;9.03341;3087.76;5.43166;0;0;0.1;0.01;0;5.11117;0;0;-1
0;954;17.4138;71.0968;46.7939;9.52319;3617.73;5.72616;0;0;0.1;0.01;0;4.54366;0;0;-1
0;955;33.2084;-74.2738;48.7922;8.9766;3029.87;5.3975;0;0;0.1;0.01;0;3.24249;0;0;-1
0;956;33.1104;-57.1348;47.8286;9.60965;3717.16;5.77814;0;0;0.1;0.01;0;6.046;0;0;-1
0;957;33.4758;-39.2138;45.8203;9.85133;4004.73;5.92346;0;0;0.1;0.01;0;6.54273;0;0;-1
0;958;30.7977;-22.5166;46.177;9.98303;4167.5;6.00265;0;0;0.1;0.01;0;6.38908;0;0;-1
0;959;31.9797;-5.04025;47.7712;9.48791;3577.67;5.70494;0;0;0.1;0.01;0;5.8344;0;0;-1
0;960;33.2607;12.0656;47.6447;9.44032;3524.1;5.67633;0;0;0.1;0.01;0;5.47929;0;0;-1
0;961;30.6866;25.7845;46.9773;9.75134;3884.02;5.86334;0;0;0.1;0.01;0;6.52766;0;0;-1
0;962;32.7082;43.209;48.5166;8.95476;3007.81;5.38437;0;0;0.1;0.01;0;6.11682;0;0;-1
0;963;31.8859;59.3306;48.6123;9.99243;4179.28;6.0083;0;0;0.1;0.01;0;6.93102;0;0;-1
0;964;30.9301;76.2526;47.6981;9.44588;3530.33;5.67967;0;0;0.1;0.01;0;4.12583;0;0;-1
0;965;45.9661;-63.7044;46.5698;8.50235;2574.57;5.11234;0;0;0.1;0.01;0;3.30926;0;0;-1
0;966;46.1749;-47.475;47.5698;10.2055;4452.37;6.13642;0;0;0.1;0.01;0;6.42883;0;0;-1
0;967;47.6501;-31.4624;46.292;8.5;2572.44;5.11093;0;0;0.1;0.01;0;5.04308;1;0;-1
0;968;45.2281;-13.9427;49.0265;9.26855;3335.22;5.57304;0;0;0.1;0.01;0;5.88817;0;0;-1
0;969;45.8993;-0.220804;45.3729;8.5;2572.44;5.11093;0;0;0.1;0.01;0;5.34605;1;0;-1
0;970;47.7165;20.7872;46.8796;10.0206;4214.73;6.02524;0;0;0.1;0.01;0;7.16674;0;0;-1
0;971;45.301;36.6201;48.5883;9.44979;3534.72;5.68202;0;0;0.1;0.01;0;6.79968;0;0;-1
0;972;46.4706;54.7693;49.1064;9.69619;3818.49;5.83018;0;0;0.1;0.01;0;5.88095;0;0;-1
0;973;45.6609;72.0072;48.4244;9.86394;4020.13;5.93104;0;0;0.1;0.01;0;3.34163;0;0;-1
0;974;63.7012;-58.7724;46.4815;8.74716;2803.43;5.25954;0;0;0.1;0.01;0;2.38233;0;0;-1
0;975;62.0105;-42.3732;47.643;9.36522;3440.67;5.63117;0;0;0.1;0.01;0;5.04881;0;0;-1
0;976;59.8947;-24.0714;48.5224;8.5;2572.44;5.11093;0;0;0.1;0.01;0;4.86024;1;0;-1
0;977;63.6064;-8.69942;46.8156;10.1425;4370.42;6.09854;0;0;0.1;0.01;0;6.67394;0;0;-1
0;978;60.6643;8.13252;47.1468;9.86993;4027.46;5.93465;0;0;0.1;0.01;0;6.38308;0;0;-1
0;979;61.5241;26.8078;46.1085;9.90075;4065.3;5.95318;0;0;0.1;0.01;0;6.42555;0;0;-1
0;980;60.1721;43.6491;46.0426;10.1384;4365.13;6.09607;0;0;0.1;0.01;0;6.24374;0;0;-1
0;981;61.1707;60.9994;46.9946;9.12844;3186.24;5.4888;0;0;0.1;0.01;0;3.75948;0;0;-1
0;982;77.2951;-30.3716;48.6468;8.61289;2676.3;5.17881;0;0;0.1;0.01;0;2.624;0;0;-1
0;983;77.1294;-17.1029;47.7333;8.5;2572.44;5.11093;0;0;0.1;0.01;0;3.16243;1;0;-1
0;984;75.5673;1.82876;46.5482;9.84126;3992.46;5.91741;0;0;0.1;0.01;0;5.04661;0;0;-1
0;985;78.6908;17.3403;48.8018;10.0526;4255.24;6.04448;0;0;0.1;0.01;0;4.18389;0;0;-1
0;986;75.2833;34.6965;45.9255;10.2898;4563.62;6.18711;0;0;0.1;0.01;0;4.4069;0;0;-1
0;987;-65.6105;-30.2904;62.2621;8.57744;2643.39;5.15749;0;0;0.1;0.01;0;3.43878;0;0;-1
0;988;-66.5745;-15.4256;63.5521;8.87947;2932.58;5.3391;0;0;0.1;0.01;0;3.54174;0;0;-1
0;989;-66.6918;0.548237;61.3364;8.52153;2592.04;5.12387;0;0;0.1;0.01;0;3.47996;0;0;-1
0;990;-66.1511;19.5165;63.9348;9.60852;3715.85;5.77746;0;0;0.1;0.01;0;3.35513;0;0;-1
0;991;-51.8188;-58.477;60.4475;9.06277;3117.97;5.44931;0;0;0.1;0.01;0;2.13899;0;0;-1
0;992;-51.4175;-38.7564;63.6241;10.4312;4754.35;6.27213;0;0;0.1;0.01;0;5.19906;0;0;-1
0;993;-50.7495;-24.5023;63.3011;8.99047;3043.94;5.40584;0;0;0.1;0.01;0;6.41187;0;0;-1
0;994;-52.7087;-8.7896;61.3363;8.75928;2815.1;5.26683;0;0;0.1;0.01;0;4.5736;0;0;-1
0;995;-53.4878;10.33;61.645;10.3467;4639.75;6.22132;0;0;0.1;0.01;0;5.60364;0;0;-1
0;996;-53.0221;27.127;62.1079;8.5119;2583.26;5.11808;0;0;0.1;0.01;0;4.04329;0;0;-1
0;997;-51.7512;46.5228;61.8049;9.49673;3587.66;5.71025;0;0;0.1;0.01;0;3.02763;0;0;-1
0;998;-36.3726;-47.5575;60.5185;9.31429;3384.84;5.60055;0;0;0.1;0.01;0;6.18581;0;0;-1
0;999;-36.9168;-33.1675;64.1659;8.56914;2635.73;5.1525;0;0;0.1;0.01;0;5.89186;0;0;-1
0;1000;-35.4728;-15.6568;62.6722;9.77893;3917.08;5.87993;0;0;0.1;0.01;0;6.61918;0;0;-1
0;1001;-36.1652;1.45918;63.961;8.73934;2795.92;5.25484;0;0;0.1;0.01;0;4.87578;0;0;-1
0;1002;-35.0668;19.5878;62.2209;8.80965;2863.94;5.29711;0;0;0.1;0.01;0;5.88848;0;0;-1
0;1003;-35.2277;37.0907;60.6572;9.96828;4149.06;5.99378;0;0;0.1;0.01;0;6.29358;0;0;-1
0;1004;-38.3032;52.2596;63.8438;9.47991;3568.63;5.70013;0;0;0.1;0.01;0;3.94593;0;0;-1
0;1005;-38.3169;67.9573;60.7005;9.61487;3723.22;5.78128;0;0;0.1;0.01;0;3.18315;0;0;-1
0;1006;-21.3169;-73.2359;63.7624;8.5;2572.44;5.11093;0;0;0.1;0.01;0;1.71348;1;0;-1
0;1007;-23.2942;-57.0302;62.2439;10.4;4711.82;6.25337;0;0;0.1;0.01;0;6.18683;0;0;-1
0;1008;-22.2444;-40.8628;61.3928;10.2717;4539.58;6.17622;0;0;0.1;0.01;0;8.02998;0;0;-1
0;1009;-21.3037;-22.7353;63.6569;8.53442;2603.82;5.13162;0;0;0.1;0.01;0;6.24291;0;0;-1
0;1010;-21.9746;-5.56765;62.1269;10.3597;4657.26;6.22914;0;0;0.1;0.01;0;6.43786;0;0;-1
0;1011;-22.1218;10.5224;60.8567;8.5;2572.44;5.11093;0;0;0.1;0.01;0;3.63324;1;0;-1
0;1012;-23.7871;26.809;63.5252;9.01866;3072.66;5.42279;0;0;0.1;0.01;0;4.69339;0;0;-1
0;1013;-22.4055;44.477;62.8109;9.87176;4029.7;5.93575;0;0;0.1;0.01;0;6.77229;0;0;-1
0;1014;-21.8335;59.7009;60.1793;8.81698;2871.1;5.30152;0;0;0.1;0.01;0;5.43779;0;0;-1
0;1015;-7.8707;-67.6925;60.3467;8.52518;2595.37;5.12607;0;0;0.1;0.01;0;3.89129;0;0;-1
0;1016;-7.87101;-47.7054;63.1275;10.2311;4485.96;6.15181;0;0;0.1;0.01;0;6.71388;0;0;-1
0;1017;-5.56224;-29.8862;63.3919;9.05885;3113.92;5.44696;0;0;0.1;0.01;0;6.57586;0;0;-1
0;1018;-6.85117;-15.3357;60.9626;8.54701;2615.36;5.13919;0;0;0.1;0.01;0;6.62433;0;0;-1
0;1019;-8.78685;0.619504;60.7708;8.5;2572.44;5.11093;0;0;0.1;0.01;0;4.71203;1;0;-1
0;1020;-6.95836;20.8316;60.3903;8.92528;2978.2;5.36664;0;0;0.1;0.01;0;4.61495;0;0;-1
0;1021;-8.83105;36.0088;63.5815;9.68264;3802.51;5.82203;0;0;0.1;0.01;0;7.04806;0;0;-1
0;1022;-6.47403;52.1444;61.034;9.64341;3756.48;5.79844;0;0;0.1;0.01;0;7.58169;0;0;-1
0;1023;-7.43596;67.6726;60.8796;10.3052;4584.14;6.19637;0;0;0.1;0.01;0;4.93456;0;0;-1
0;1024;5.31734;-73.7712;61.9528;8.5;2572.44;5.11093;0;0;0.1;0.01;0;2.23828;1;0;-1
0;1025;6.87581;-57.4073;62.3005;10.176;4413.87;6.11868;0;0;0.1;0.01;0;5.81736;0;0;-1
0;1026;7.7427;-39.3552;61.0381;8.5;2572.44;5.11093;0;0;0.1;0.01;0;4.55319;1;0;-1
0;1027;6.38153;-22.6917;62.3453;9.92312;4092.92;5.96663;0;0;0.1;0.01;0;6.71057;0;0;-1
0;1028;9.17463;-6.37387;62.4688;10.2402;4497.94;6.15728;0;0;0.1;0.01;0;6.85584;0;0;-1
0;1029;8.78039;12.1982;62.2441;8.66534;2725.5;5.21034;0;0;0.1;0.01;0;4.78702;0;0;-1
0;1030;7.91863;26.323;63.4151;8.5;2572.44;5.11093;0;0;0.1;0.01;0;5.49366;1;0;-1
0;1031;7.42307;42.0731;60.083;10.2988;4575.6;6.19252;0;0;0.1;0.01;0;6.63342;0;0;-1
0;1032;6.63831;63.0868;63.2929;9.3194;3390.41;5.60362;0;0;0.1;0.01;0;4.62138;0;0;-1
0;1033;21.3035;-63.8674;60.9608;8.5;2572.44;5.11093;0;0;0.1;0.01;0;3.69995;1;0;-1
0;1034;23.2598;-50.2964;61.9546;8.5;2572.44;5.11093;0;0;0.1;0.01;0;4.43476;1;0;-1
0;1035;20.9397;-32.3633;61.028;8.5;2572.44;5.11093;0;0;0.1;0.01;0;3.83369;1;0;-1
0;1036;24.2143;-12.6699;60.3653;8.5;2572.44;5.11093;0;0;0.1;0.01;0;5.40544;1;0;-1
0;1037;20.6135;2.95021;61.7795;8.5;2572.44;5.11093;0;0;0.1;0.01;0;5.06374;1;0;-1
0;1038;23.0797;19.7984;63.7345;10.3275;4613.96;6.20978;0;0;0.1;0.01;0;7.34178;0;0;-1
0;1039;21.9249;37.845;63.1475;8.70203;2760.26;5.2324;0;0;0.1;0.01;0;5.68805;0;0;-1
0;1040;21.5803;53.1559;60.4231;8.5;2572.44;5.11093;0;0;0.1;0.01;0;5.29692;1;0;-1
0;1041;22.1351;69.1076;61.3935;9.0674;3122.75;5.4521;0;0;0.1;0.01;0;3.39113;0;0;-1
0;1042;34.6707;-59.7293;63.5382;8.5;2572.44;5.11093;0;0;0.1;0.01;0;2.17397;1;0;-1
0;1043;36.1532;-39.341;62.5747;9.23923;3303.66;5.55541;0;0;0.1;0.01;0;4.51189;0;0;-1
0;1044;38.1828;-22.8153;61.8972;8.81792;2872.02;5.30209;0;0;0.1;0.01;0;4.89344;0;0;-1
0;1045;35.7982;-5.06068;62.609;8.95321;3006.25;5.38344;0;0;0.1;0.01;0;4.80242;0;0;-1
0;1046;38.2696;12.2863;61.382;9.45337;3538.74;5.68417;0;0;0.1;0.01;0;5.6484;0;0;-1
0;1047;37.9512;26.2079;60.2501;8.5;2572.44;5.11093;0;0;0.1;0.01;0;6.73372;1;0;-1
0;1048;35.5227;43.3571;63.5194;9.23679;3301.05;5.55395;0;0;0.1;0.01;0;5.63082;0;0;-1
0;1049;38.6608;60.4709;63.3798;9.72555;3853.28;5.84783;0;0;0.1;0.01;0;3.94932;0;0;-1
0;1050;53.4582;-48.7332;61.7446;9.52246;3616.9;5.72572;0;0;0.1;0.01;0;3.22338;0;0;-1
0;1051;50.3691;-33.389;60.8874;8.5;2572.44;5.11093;0;0;0.1;0.01;0;4.87404;1;0;-1
0;1052;51.0247;-15.283;62.1409;9.58171;3684.83;5.76134;0;0;0.1;0.01;0;5.69718;0;0;-1
0;1053;50.0358;0.796771;62.7019;8.5;2572.44;5.11093;0;0;0.1;0.01;0;4.12885;1;0;-1
0;1054;50.5476;20.6944;60.9322;8.5;2572.44;5.11093;0;0;0.1;0.01;0;5.72185;1;0;-1
0;1055;50.8724;34.802;61.8173;9.8158;3961.56;5.9021;0;0;0.1;0.01;0;6.01761;0;0;-1
0;1056;53.694;53.0095;62.7393;10.1404;4367.71;6.09728;0;0;0.1;0.01;0;3.14142;0;0;-1
0;1057;67.0784;-40.8579;60.8961;10.4293;4751.76;6.27099;0;0;0.1;0.01;0;2.85208;0;0;-1
0;1058;64.4554;-21.517;62.1456;8.5;2572.44;5.11093;0;0;0.1;0.01;0;2.95792;1;0;-1
0;1059;64.438;-5.43696;61.8672;8.5;2572.44;5.11093;0;0;0.1;0.01;0;4.08196;1;0;-1
0;1060;66.773;9.19614;60.6567;9.7064;3830.57;5.83632;0;0;0.1;0.01;0;3.28704;0;0;-1
0;1061;65.1703;25.0331;60.1638;8.80062;2855.15;5.29169;0;0;0.1;0.01;0;2.81942;0;0;-1
0;1062;-54.4217;-23.7646;75.9817;9.34551;3418.99;5.61932;0;0;0.1;0.01;0;3.60367;0;0;-1
0;1063;-56.5127;-4.70159;78.7068;8.5;2572.44;5.11093;0;0;0.1;0.01;0;1.66185;1;0;-1
0;1064;-54.9418;10.684;76.245;9.32397;3395.4;5.60637;0;0;0.1;0.01;0;3.90512;0;0;-1
0;1065;-56.4432;29.7252;75.0198;10.447;4775.99;6.28163;0;0;0.1;0.01;0;3.23406;0;0;-1
0;1066;-40.0305;-48.9614;77.0278;8.5;2572.44;5.11093;0;0;0.1;0.01;0;2.24611;1;0;-1
0;1067;-42.2502;-30.8001;77.7933;8.79456;2849.25;5.28804;0;0;0.1;0.01;0;4.74915;0;0;-1
0;1068;-40.3988;-15.9248;75.0985;9.98709;4172.59;6.00509;0;0;0.1;0.01;0;6.54564;0;0;-1
0;1069;-40.4525;2.86821;77.9487;9.51488;3608.27;5.72116;0;0;0.1;0.01;0;5.73008;0;0;-1
0;1070;-41.635;17.7791;74.6412;8.54694;2615.29;5.13915;0;0;0.1;0.01;0;5.55116;0;0;-1
0;1071;-39.3211;33.6808;76.4784;9.87209;4030.1;5.93594;0;0;0.1;0.01;0;4.14271;0;0;-1
0;1072;-24.3924;-55.1622;76.9381;9.73996;3870.44;5.8565;0;0;0.1;0.01;0;3.46841;0;0;-1
0;1073;-26.2712;-40.8492;74.9543;9.02504;3079.19;5.42663;0;0;0.1;0.01;0;5.50431;0;0;-1
0;1074;-27.4702;-23.1549;76.5329;10.0637;4269.35;6.05116;0;0;0.1;0.01;0;7.01373;0;0;-1
0;1075;-27.2509;-4.52226;77.9014;9.34698;3420.6;5.6202;0;0;0.1;0.01;0;6.54999;0;0;-1
0;1076;-24.9798;12.2904;77.0421;9.04555;3100.23;5.43896;0;0;0.1;0.01;0;5.77476;0;0;-1
0;1077;-25.7891;26.5301;77.3058;9.31413;3384.66;5.60045;0;0;0.1;0.01;0;5.8974;0;0;-1
0;1078;-25.3423;43.729;77.7617;9.28589;3353.97;5.58347;0;0;0.1;0.01;0;3.80634;0;0;-1
0;1079;-10.0659;-47.8156;76.3987;8.80812;2862.45;5.29619;0;0;0.1;0.01;0;4.92312;0;0;-1
0;1080;-12.4526;-31.1462;76.4151;10.2266;4480.05;6.14911;0;0;0.1;0.01;0;7.47794;0;0;-1
0;1081;-12.8028;-16.1737;74.6138;9.40462;3484.27;5.65486;0;0;0.1;0.01;0;7.35019;0;0;-1
0;1082;-13.5692;0.327452;78.4943;10.2202;4471.64;6.14526;0;0;0.1;0.01;0;6.59501;0;0;-1
0;1083;-11.4839;20.5751;78.3213;8.95194;3004.97;5.38267;0;0;0.1;0.01;0;5.81106;0;0;-1
0;1084;-10.8862;36.5074;76.778;10.0821;4292.81;6.06222;0;0;0.1;0.01;0;7.27575;0;0;-1
0;1085;-11.987;51.5987;76.3128;9.93362;4105.93;5.97294;0;0;0.1;0.01;0;4.78309;0;0;-1
0;1086;3.54472;-58.8466;76.6012;10.3992;4710.73;6.25289;0;0;0.1;0.01;0;3.37184;0;0;-1
0;1087;1.37686;-42.2271;78.4784;8.5;2572.44;5.11093;0;0;0.1;0.01;0;4.9774;1;0;-1
0;1088;4.76846;-23.2452;76.3379;10.0445;4244.96;6.03961;0;0;0.1;0.01;0;6.80721;0;0;-1
0;1089;1.29888;-7.59677;78.2505;9.92445;4094.57;5.96743;0;0;0.1;0.01;0;6.26783;0;0;-1
0;1090;3.27215;11.4186;77.6385;8.90179;2954.75;5.35252;0;0;0.1;0.01;0;4.53999;0;0;-1
0;1091;1.50405;27.36;77.7814;9.65841;3774.03;5.80746;0;0;0.1;0.01;0;7.23884;0;0;-1
0;1092;2.54232;42.4956;76.4647;10.3015;4579.2;6.19414;0;0;0.1;0.01;0;6.33688;0;0;-1
0;1093;4.04674;61.3727;76.5724;9.70352;3827.16;5.83459;0;0;0.1;0.01;0;3.29087;0;0;-1
0;1094;16.4723;-49.5987;74.9907;8.82222;2876.22;5.30467;0;0;0.1;0.01;0;3.51594;0;0;-1
0;1095;17.4654;-30.7362;77.8467;9.94785;4123.6;5.9815;0;0;0.1;0.01;0;6.04403;0;0;-1
0;1096;18.4983;-13.12;74.611;9.11763;3174.93;5.4823;0;0;0.1;0.01;0;6.14102;0;0;-1
0;1097;16.7243;3.33971;76.3048;8.78297;2838;5.28107;0;0;0.1;0.01;0;5.25096;0;0;-1
0;1098;18.4121;20.1261;76.7538;8.5;2572.44;5.11093;0;0;0.1;0.01;0;5.8111;1;0;-1
0;1099;18.6039;33.9818;76.0114;10.0972;4312.13;6.0713;0;0;0.1;0.01;0;7.30735;0;0;-1
0;1100;18.5695;54.4302;76.1426;9.59276;3697.6;5.76799;0;0;0.1;0.01;0;3.60138;0;0;-1
0;1101;32.5496;-40.2011;76.4296;10.1849;4425.47;6.12403;0;0;0.1;0.01;0;3.81277;0;0;-1
0;1102;31.2486;-22.9455;78.5565;10.1291;4353.13;6.09048;0;0;0.1;0.01;0;5.583;0;0;-1
0;1103;31.1811;-5.98565;77.3443;8.5572;2624.72;5.14532;0;0;0.1;0.01;0;5.20061;0;0;-1
0;1104;32.3736;11.7444;76.173;9.07028;3125.72;5.45383;0;0;0.1;0.01;0;4.46354;0;0;-1
0;1105;34.5161;28.4124;76.648;10.3011;4578.67;6.1939;0;0;0.1;0.01;0;5.8766;0;0;-1
0;1106;30.9561;46.4981;78.1598;10.3268;4613.03;6.20935;0;0;0.1;0.01;0;4.17004;0;0;-1
0;1107;49.0862;-30.3974;78.6707;9.26179;3327.92;5.56898;0;0;0.1;0.01;0;1.68923;0;0;-1
0;1108;45.4505;-13.8819;75.3104;8.5304;2600.14;5.12921;0;0;0.1;0.01;0;4.76238;0;0;-1
0;1109;47.4475;0.397406;77.9808;8.55106;2619.08;5.14163;0;0;0.1;0.01;0;3.45407;0;0;-1
0;1110;48.3221;20.0341;74.9184;9.58572;3689.46;5.76375;0;0;0.1;0.01;0;3.87027;0;0;-1
0;1111;49.0079;36.2354;77.4624;8.5;2572.44;5.11093;0;0;0.1;0.01;0;2.34255;1;0;-1
0;1112;60.4405;-6.10481;78.4402;8.5;2572.44;5.11093;0;0;0.1;0.01;0;1.5964;1;0;-1
0;1113;-36.2705;-15.7312;89.6375;9.8315;3980.59;5.91154;0;0;0.1;0.01;0;4.24775;0;0;-1
0;1114;-36.4121;1.56637;91.2424;8.5;2572.44;5.11093;0;0;0.1;0.01;0;3.92187;1;0;-1
0;1115;-38.447;16.9516;89.8851;10.0141;4206.53;6.02133;0;0;0.1;0.01;0;3.77081;0;0;-1
0;1116;-21.1038;-24.4724;90.0484;10.4526;4783.67;6.285;0;0;0.1;0.01;0;4.94855;0;0;-1
0;1117;-23.4147;-6.36349;93.0736;10.0382;4236.98;6.03582;0;0;0.1;0.01;0;4.54109;0;0;-1
0;1118;-22.7388;11.69;89.7671;8.5;2572.44;5.11093;0;0;0.1;0.01;0;4.56409;1;0;-1
0;1119;-21.6285;27.6347;93.377;10.1704;4406.59;6.11531;0;0;0.1;0.01;0;3.63708;0;0;-1
0;1120;-7.47835;-31.4725;90.7939;9.99572;4183.41;6.01028;0;0;0.1;0.01;0;4.74579;0;0;-1
0;1121;-8.53505;-14.0089;89.4456;9.49792;3589.01;5.71096;0;0;0.1;0.01;0;6.43251;0;0;-1
0;1122;-6.51334;1.18273;92.6591;9.92513;4095.41;5.96784;0;0;0.1;0.01;0;5.31278;0;0;-1
0;1123;-5.80903;19.1302;93.3199;10.3778;4681.71;6.24002;0;0;0.1;0.01;0;5.37782;0;0;-1
0;1124;-7.61397;35.0413;92.3605;8.5;2572.44;5.11093;0;0;0.1;0.01;0;3.70923;1;0;-1
0;1125;5.41963;-38.5703;92.1442;8.64182;2703.36;5.1962;0;0;0.1;0.01;0;2.77387;0;0;-1
0;1126;6.6351;-23.3674;92.1248;9.97299;4154.94;5.99661;0;0;0.1;0.01;0;4.85897;0;0;-1
0;1127;7.32756;-5.04119;91.6044;9.76217;3896.98;5.86985;0;0;0.1;0.01;0;4.37091;0;0;-1
0;1128;6.66398;10.8071;91.2131;9.29955;3368.79;5.59168;0;0;0.1;0.01;0;4.12263;0;0;-1
0;1129;6.09695;28.7526;90.0591;9.47028;3557.76;5.69434;0;0;0.1;0.01;0;5.33325;0;0;-1
0;1130;23.7568;-31.9719;89.8628;8.5;2572.44;5.11093;0;0;0.1;0.01;0;2.94931;1;0;-1
0;1131;20.7112;-13.4777;89.357;8.96289;3016.01;5.38926;0;0;0.1;0.01;0;4.82266;0;0;-1
0;1132;22.7967;0.119094;90.1661;8.56343;2630.46;5.14907;0;0;0.1;0.01;0;3.46849;0;0;-1
0;1133;20.0109;20.8195;90.9587;8.88242;2935.5;5.34087;0;0;0.1;0.01;0;3.25365;0;0;-1
0;1134;20.8903;36.7138;90.3432;8.61361;2676.97;5.17924;0;0;0.1;0.01;0;2.71977;0;0;-1
0;1135;37.3218;-7.80609;89.7356;9.767;3902.76;5.87276;0;0;0.1;0.01;0;3.63655;0;0;-1
0;1136;35.4297;9.72895;91.1697;8.5238;2594.11;5.12524;0;0;0.1;0.01;0;1.96227;0;0;-1
