Time;ID;x;y;z;radius;volume_total;radius_nuclear;contact_ECM;freezer;polarized_fraction;motility;cell_line;Cell_cell;phase;Cycle;NFkB
0;0;-51.3226;-4.61117;-83.4244;8.5;2572.44;5.11093;0;0;0.1;0.01;0;2.64281;1;0;-1
0;1;-37.4323;-33.3432;-84.6882;9.8791;4038.69;5.94016;0;0;0.1;0.01;0;2.67541;0;0;-1
0;2;-37.6579;-13.8241;-86.4909;8.5;2572.44;5.11093;0;0;0.1;0.01;0;2.65038;1;0;-1
0;3;-38.514;0.471956;-85.5928;8.93259;2985.53;5.37104;0;0;0.1;0.01;0;2.49533;0;0;-1
0;4;-35.4887;20.6062;-84.3337;10.0373;4235.84;6.03528;0;0;0.1;0.01;0;3.05493;0;0;-1
0;5;-21.8011;-40.6279;-87.2609;9.31441;3384.97;5.60062;0;0;0.1;0.01;0;2.80815;0;0;-1
0;6;-20.5448;-22.4009;-85.9365;8.72424;2781.45;5.24576;0;0;0.1;0.01;0;4.23849;0;0;-1
0;7;-21.0289;-8.41651;-84.5122;8.68751;2746.47;5.22367;0;0;0.1;0.01;0;4.10715;0;0;-1
0;8;-20.306;10.7151;-85.9681;8.9461;2999.09;5.37916;0;0;0.1;0.01;0;3.39556;0;0;-1
0;9;-22.297;28.7593;-84.0083;9.1147;3171.87;5.48054;0;0;0.1;0.01;0;3.81188;0;0;-1
0;10;-8.84443;-49.3344;-83.4167;10.3831;4688.89;6.24321;0;0;0.1;0.01;0;3.60893;0;0;-1
0;11;-7.09604;-30.7528;-87.1651;9.25676;3322.5;5.56596;0;0;0.1;0.01;0;4.75344;0;0;-1
0;12;-6.80723;-16.6169;-86.2516;8.92614;2979.06;5.36716;0;0;0.1;0.01;0;5.07675;0;0;-1
0;13;-6.59467;0.139923;-85.5138;10.1914;4433.94;6.12794;0;0;0.1;0.01;0;5.02116;0;0;-1
0;14;-7.56575;20.0302;-83.7605;10.1998;4444.92;6.13299;0;0;0.1;0.01;0;5.0062;0;0;-1
0;15;-7.67713;38.2921;-83.9355;9.71243;3837.71;5.83994;0;0;0.1;0.01;0;3.3208;0;0;-1
0;16;7.44481;-40.8694;-85.9539;10.0896;4302.4;6.06673;0;0;0.1;0.01;0;4.84759;0;0;-1
0;17;6.40357;-24.2355;-83.4867;10.0954;4309.82;6.07022;0;0;0.1;0.01;0;6.03855;0;0;-1
0;18;8.72601;-6.01681;-85.8389;8.76963;2825.09;5.27305;0;0;0.1;0.01;0;3.89309;0;0;-1
0;19;6.47837;10.9342;-86.7615;8.73724;2793.9;5.25358;0;0;0.1;0.01;0;2.66615;0;0;-1
0;20;7.75211;27.7524;-87.391;8.84193;2895.54;5.31652;0;0;0.1;0.01;0;3.18235;0;0;-1
0;21;8.87689;45.3843;-83.5784;10.2972;4573.47;6.19156;0;0;0.1;0.01;0;3.80105;0;0;-1
0;22;20.2447;-49.1533;-84.4954;9.44966;3534.57;5.68194;0;0;0.1;0.01;0;3.23524;0;0;-1
0;23;23.3369;-34.036;-86.6666;10.0918;4305.21;6.06805;0;0;0.1;0.01;0;5.12305;0;0;-1
0;24;20.6088;-15.7273;-84.9717;8.5;2572.44;5.11093;0;0;0.1;0.01;0;3.28209;1;0;-1
0;25;22.4794;3.45194;-86.8708;8.58914;2654.22;5.16453;0;0;0.1;0.01;0;3.59019;0;0;-1
0;26;23.632;20.3933;-84.4881;8.88816;2941.2;5.34432;0;0;0.1;0.01;0;4.47485;0;0;-1
0;27;23.5496;37.7443;-84.8628;9.8457;3997.87;5.92008;0;0;0.1;0.01;0;3.69283;0;0;-1
0;28;36.3518;-40.1926;-83.6499;9.99562;4183.29;6.01022;0;0;0.1;0.01;0;3.76864;0;0;-1
0;29;35.4659;-25.5437;-86.1221;8.5;2572.44;5.11093;0;0;0.1;0.01;0;3.01655;1;0;-1
0;30;37.2094;-5.59668;-85.302;10.2046;4451.19;6.13588;0;0;0.1;0.01;0;2.52917;0;0;-1
0;31;36.5606;10.8602;-83.972;10.2277;4481.49;6.14977;0;0;0.1;0.01;0;3.9381;0;0;-1
0;32;37.5882;26.9812;-83.9289;10.0868;4298.82;6.06505;0;0;0.1;0.01;0;4.35798;0;0;-1
0;33;-70.5267;-14.7629;-69.3717;9.3986;3477.59;5.65124;0;0;0.1;0.01;0;2.28137;0;0;-1
0;34;-57.8094;-39.4479;-71.344;9.97762;4160.73;5.9994;0;0;0.1;0.01;0;3.10623;0;0;-1
0;35;-56.667;-25.1907;-72.4965;9.30194;3371.39;5.59312;0;0;0.1;0.01;0;3.99553;0;0;-1
0;36;-54.7639;-8.89878;-70.854;8.5;2572.44;5.11093;0;0;0.1;0.01;0;4.50392;1;0;-1
0;37;-56.2945;9.85683;-69.7936;10.3383;4628.45;6.21627;0;0;0.1;0.01;0;3.5062;0;0;-1
0;38;-57.7869;28.476;-71.5063;8.5;2572.44;5.11093;0;0;0.1;0.01;0;2.1566;1;0;-1
0;39;-54.6572;46.9063;-68.584;9.52835;3623.61;5.72926;0;0;0.1;0.01;0;3.23834;0;0;-1
0;40;-41.5506;-51.3158;-72.6737;9.08313;3139.03;5.46155;0;0;0.1;0.01;0;2.11427;0;0;-1
0;41;-41.3967;-30.4539;-70.9871;9.44447;3528.75;5.67882;0;0;0.1;0.01;0;5.73707;0;0;-1
0;42;-42.2317;-16.625;-69.6689;10.4347;4759.14;6.27423;0;0;0.1;0.01;0;6.85544;0;0;-1
0;43;-39.4113;1.73154;-69.0919;8.5;2572.44;5.11093;0;0;0.1;0.01;0;4.22135;1;0;-1
0;44;-42.3784;16.7547;-69.0614;8.5;2572.44;5.11093;0;0;0.1;0.01;0;4.68335;1;0;-1
0;45;-42.4216;34.2526;-69.8593;9.48534;3574.76;5.7034;0;0;0.1;0.01;0;5.21369;0;0;-1
0;46;-41.2115;53.4637;-69.4181;8.5;2572.44;5.11093;0;0;0.1;0.01;0;3.80355;1;0;-1
0;47;-26.5833;-57.1979;-70.3596;8.69547;2754.02;5.22846;0;0;0.1;0.01;0;4.02532;0;0;-1
0;48;-28.5591;-42.5898;-68.4936;10.4235;4743.83;6.2675;0;0;0.1;0.01;0;6.38686;0;0;-1
0;49;-26.2513;-24.7426;-70.6787;8.78999;2844.81;5.28529;0;0;0.1;0.01;0;5.81288;0;0;-1
0;50;-24.7295;-8.81088;-71.8666;8.5;2572.44;5.11093;0;0;0.1;0.01;0;4.47371;1;0;-1
0;51;-26.8815;11.1054;-69.65;9.33999;3412.93;5.616;0;0;0.1;0.01;0;5.35099;0;0;-1
0;52;-26.0034;26.9273;-69.2395;10.0291;4225.46;6.03035;0;0;0.1;0.01;0;6.5695;0;0;-1
0;53;-27.6137;43.738;-70.6699;9.33376;3406.11;5.61225;0;0;0.1;0.01;0;4.60133;0;0;-1
0;54;-27.1623;62.1956;-69.8063;9.79464;3935.99;5.88937;0;0;0.1;0.01;0;3.73932;0;0;-1
0;55;-13.5707;-63.8508;-69.0185;9.87774;4037.02;5.93934;0;0;0.1;0.01;0;4.04079;0;0;-1
0;56;-13.8249;-48.1407;-68.3403;8.5;2572.44;5.11093;0;0;0.1;0.01;0;5.72059;1;0;-1
0;57;-11.3434;-31.1838;-72.612;8.91585;2968.77;5.36097;0;0;0.1;0.01;0;5.09746;0;0;-1
0;58;-12.6971;-15.0485;-70.9652;9.29638;3365.35;5.58978;0;0;0.1;0.01;0;6.58801;0;0;-1
0;59;-9.95107;1.96554;-71.7786;9.45092;3535.99;5.6827;0;0;0.1;0.01;0;5.80954;0;0;-1
0;60;-11.6474;16.5864;-70.1471;8.82064;2874.68;5.30372;0;0;0.1;0.01;0;5.34559;0;0;-1
0;61;-11.8838;36.6284;-70.933;9.09843;3154.92;5.47075;0;0;0.1;0.01;0;4.65176;0;0;-1
0;62;-10.7531;55.0821;-70.3601;9.75011;3882.55;5.8626;0;0;0.1;0.01;0;3.31421;0;0;-1
0;63;2.17782;-56.2421;-69.0668;9.01971;3073.73;5.42342;0;0;0.1;0.01;0;4.73797;0;0;-1
0;64;3.9445;-40.1502;-72.0484;8.76763;2823.16;5.27185;0;0;0.1;0.01;0;5.19933;0;0;-1
0;65;2.71705;-22.8988;-68.5036;10.2393;4496.76;6.15674;0;0;0.1;0.01;0;7.07015;0;0;-1
0;66;4.34229;-7.97896;-72.0198;9.90275;4067.77;5.95438;0;0;0.1;0.01;0;6.59419;0;0;-1
0;67;2.35242;10.1668;-69.2169;8.5;2572.44;5.11093;0;0;0.1;0.01;0;4.96649;1;0;-1
0;68;4.40457;26.7908;-69.688;8.5;2572.44;5.11093;0;0;0.1;0.01;0;4.49175;1;0;-1
0;69;4.43602;45.7971;-70.5441;9.40266;3482.1;5.65368;0;0;0.1;0.01;0;6.07092;0;0;-1
0;70;3.50288;63.7172;-70.1474;9.87208;4030.09;5.93594;0;0;0.1;0.01;0;3.45333;0;0;-1
0;71;16.3322;-66.2672;-69.8961;9.33398;3406.35;5.61239;0;0;0.1;0.01;0;2.89241;0;0;-1
0;72;15.9682;-47.1677;-70.9239;8.71329;2770.99;5.23917;0;0;0.1;0.01;0;4.75236;0;0;-1
0;73;19.2603;-30.2043;-70.8799;10.2304;4485.04;6.15139;0;0;0.1;0.01;0;6.88985;0;0;-1
0;74;16.408;-14.0899;-69.2296;8.5;2572.44;5.11093;0;0;0.1;0.01;0;6.6978;1;0;-1
0;75;16.9958;1.22145;-71.3292;9.24351;3308.26;5.55799;0;0;0.1;0.01;0;5.44118;0;0;-1
0;76;16.0009;18.2082;-69.2009;8.72477;2781.96;5.24608;0;0;0.1;0.01;0;4.98918;0;0;-1
0;77;17.311;35.4426;-70.6321;9.03495;3089.34;5.43258;0;0;0.1;0.01;0;5.48918;0;0;-1
0;78;19.4573;55.0746;-70.2774;10.194;4437.34;6.1295;0;0;0.1;0.01;0;4.0658;0;0;-1
0;79;31.0817;-57.7948;-69.4693;8.5;2572.44;5.11093;0;0;0.1;0.01;0;3.3604;1;0;-1
0;80;31.7654;-38.5298;-68.4312;9.87873;4038.24;5.93994;0;0;0.1;0.01;0;6.2747;0;0;-1
0;81;32.0156;-21.8305;-69.6519;8.5;2572.44;5.11093;0;0;0.1;0.01;0;4.93372;1;0;-1
0;82;33.3351;-6.34125;-68.8033;9.53103;3626.67;5.73087;0;0;0.1;0.01;0;5.57084;0;0;-1
0;83;30.5722;12.4414;-71.2995;9.73152;3860.39;5.85142;0;0;0.1;0.01;0;6.45159;0;0;-1
0;84;33.6227;28.6043;-68.5224;10.0382;4236.98;6.03582;0;0;0.1;0.01;0;6.88882;0;0;-1
0;85;34.0082;43.7444;-71.9704;8.5;2572.44;5.11093;0;0;0.1;0.01;0;4.23676;1;0;-1
0;86;46.365;-51.293;-68.9097;9.61922;3728.28;5.7839;0;0;0.1;0.01;0;2.7597;0;0;-1
0;87;45.9826;-30.4829;-71.9443;9.01313;3067.01;5.41946;0;0;0.1;0.01;0;4.33335;0;0;-1
0;88;47.5564;-13.4192;-72.0029;9.9526;4129.51;5.98435;0;0;0.1;0.01;0;4.86432;0;0;-1
0;89;45.3298;1.65166;-69.0593;8.5;2572.44;5.11093;0;0;0.1;0.01;0;5.7623;1;0;-1
0;90;47.3059;17.1274;-68.9506;10.3912;4699.87;6.24808;0;0;0.1;0.01;0;6.38397;0;0;-1
0;91;48.9686;36.8824;-71.9509;10.2103;4458.66;6.13931;0;0;0.1;0.01;0;3.53553;0;0;-1
0;92;46.7057;54.1097;-69.0049;8.5;2572.44;5.11093;0;0;0.1;0.01;0;2.53662;1;0;-1
0;93;60.0253;-25.6662;-72.0499;10.0688;4275.84;6.05422;0;0;0.1;0.01;0;2.75195;0;0;-1
0;94;62.5669;-5.61052;-71.92;8.73835;2794.97;5.25424;0;0;0.1;0.01;0;2.33564;0;0;-1
0;95;61.3299;9.87368;-68.8378;9.81409;3959.49;5.90107;0;0;0.1;0.01;0;3.63491;0;0;-1
0;96;-80.3922;-8.31367;-55.4072;9.69228;3813.88;5.82783;0;0;0.1;0.01;0;2.96309;0;0;-1
0;97;-80.1246;12.4617;-54.3333;8.7296;2786.58;5.24898;0;0;0.1;0.01;0;2.61312;0;0;-1
0;98;-65.7597;-48.4228;-54.2758;10.1245;4347.2;6.08771;0;0;0.1;0.01;0;4.67908;0;0;-1
0;99;-67.7029;-33.876;-55.4101;8.95215;3005.18;5.3828;0;0;0.1;0.01;0;3.30408;0;0;-1
0;100;-65.556;-12.6518;-56.3792;8.50736;2579.13;5.11535;0;0;0.1;0.01;0;4.00186;0;0;-1
0;101;-64.5982;1.73481;-53.9659;9.72048;3847.26;5.84478;0;0;0.1;0.01;0;5.33406;0;0;-1
0;102;-68.0109;19.6458;-57.782;8.68328;2742.46;5.22113;0;0;0.1;0.01;0;3.53472;0;0;-1
0;103;-66.4422;35.4396;-55.5466;8.5;2572.44;5.11093;0;0;0.1;0.01;0;3.49294;1;0;-1
0;104;-52.2504;-59.3476;-54.874;9.7421;3872.99;5.85778;0;0;0.1;0.01;0;4.05974;0;0;-1
0;105;-52.9128;-42.3688;-57.5562;8.54632;2614.73;5.13878;0;0;0.1;0.01;0;4.59268;0;0;-1
0;106;-51.3193;-24.6937;-57.8037;8.5;2572.44;5.11093;0;0;0.1;0.01;0;4.56747;1;0;-1
0;107;-49.8601;-4.79406;-57.1239;9.83619;3986.29;5.91436;0;0;0.1;0.01;0;6.42145;0;0;-1
0;108;-51.7482;12.0426;-54.3826;9.7551;3888.52;5.8656;0;0;0.1;0.01;0;7.06052;0;0;-1
0;109;-51.0339;27.857;-57.8131;10.3779;4681.85;6.24008;0;0;0.1;0.01;0;6.92791;0;0;-1
0;110;-52.1453;44.8065;-54.0128;9.75705;3890.85;5.86677;0;0;0.1;0.01;0;6.19662;0;0;-1
0;111;-50.5756;59.7321;-54.4388;10.0947;4308.92;6.0698;0;0;0.1;0.01;0;5.14971;0;0;-1
0;112;-38.663;-66.5834;-56.3496;9.78686;3926.62;5.8847;0;0;0.1;0.01;0;4.10145;0;0;-1
0;113;-38.3711;-51.0474;-54.5686;9.22818;3291.83;5.54877;0;0;0.1;0.01;0;5.19229;0;0;-1
0;114;-36.5532;-31.2274;-56.2438;9.62245;3732.03;5.78584;0;0;0.1;0.01;0;6.18143;0;0;-1
0;115;-36.5228;-14.8549;-55.7954;10.2702;4537.59;6.17532;0;0;0.1;0.01;0;6.81734;0;0;-1
0;116;-37.7504;2.43897;-54.376;8.98033;3033.65;5.39974;0;0;0.1;0.01;0;5.52331;0;0;-1
0;117;-36.0774;20.9948;-57.0185;10.2728;4541.04;6.17689;0;0;0.1;0.01;0;7.54137;0;0;-1
0;118;-35.2052;36.6513;-55.0676;8.75833;2814.18;5.26626;0;0;0.1;0.01;0;6.6545;0;0;-1
0;119;-36.9968;51.2798;-56.5061;10.0445;4244.96;6.03961;0;0;0.1;0.01;0;6.94488;0;0;-1
0;120;-35.9268;70.311;-57.9341;10.4064;4720.52;6.25722;0;0;0.1;0.01;0;4.27273;0;0;-1
0;121;-23.9303;-76.024;-57.3265;9.56038;3660.28;5.74852;0;0;0.1;0.01;0;3.14444;0;0;-1
0;122;-21.832;-56.2166;-56.4071;9.42137;3502.92;5.66493;0;0;0.1;0.01;0;6.51122;0;0;-1
0;123;-21.0922;-40.4638;-54.845;10.0066;4197.09;6.01682;0;0;0.1;0.01;0;6.9823;0;0;-1
0;124;-23.6226;-22.5396;-56.7418;9.91108;4078.04;5.95939;0;0;0.1;0.01;0;6.87659;0;0;-1
0;125;-21.5824;-7.15306;-56.3408;8.98657;3039.98;5.40349;0;0;0.1;0.01;0;5.62947;0;0;-1
0;126;-22.4075;9.00248;-55.9816;9.44496;3529.3;5.67912;0;0;0.1;0.01;0;4.80054;0;0;-1
0;127;-21.4008;25.5986;-55.5864;8.61865;2681.68;5.18227;0;0;0.1;0.01;0;5.26691;0;0;-1
0;128;-21.7827;42.3088;-56.7039;8.5;2572.44;5.11093;0;0;0.1;0.01;0;5.12299;1;0;-1
0;129;-22.114;63.2063;-54.4602;10.3642;4663.33;6.23184;0;0;0.1;0.01;0;7.13802;0;0;-1
0;130;-22.024;77.9787;-57.0153;9.14647;3205.16;5.49964;0;0;0.1;0.01;0;3.52697;0;0;-1
0;131;-9.28325;-80.7888;-56.0065;8.5;2572.44;5.11093;0;0;0.1;0.01;0;2.4701;1;0;-1
0;132;-5.76766;-65.6701;-55.7499;9.0412;3095.76;5.43634;0;0;0.1;0.01;0;4.74563;0;0;-1
0;133;-6.23385;-47.1114;-55.1232;9.62786;3738.33;5.78909;0;0;0.1;0.01;0;5.8816;0;0;-1
0;134;-8.77098;-29.9203;-54.6133;9.80216;3945.06;5.8939;0;0;0.1;0.01;0;5.57671;0;0;-1
0;135;-8.94695;-14.1401;-55.4235;8.61231;2675.76;5.17846;0;0;0.1;0.01;0;5.83963;0;0;-1
0;136;-7.06927;0.370023;-56.7202;8.5;2572.44;5.11093;0;0;0.1;0.01;0;5.33656;1;0;-1
0;137;-5.92315;20.9944;-55.1487;10.3787;4682.93;6.24056;0;0;0.1;0.01;0;6.33401;0;0;-1
0;138;-8.23976;36.9525;-55.4941;10.3709;4672.38;6.23587;0;0;0.1;0.01;0;6.41;0;0;-1
0;139;-5.83084;54.9397;-55.1081;10.4463;4775.03;6.28121;0;0;0.1;0.01;0;6.18357;0;0;-1
0;140;-8.72034;70.3281;-55.1335;8.9171;2970.02;5.36172;0;0;0.1;0.01;0;3.30241;0;0;-1
0;141;8.98699;-74.3243;-56.9053;8.95921;3012.3;5.38704;0;0;0.1;0.01;0;3.46797;0;0;-1
0;142;6.8619;-58.0817;-56.2106;9.9375;4110.74;5.97527;0;0;0.1;0.01;0;6.12582;0;0;-1
0;143;7.34559;-41.7059;-54.9293;8.5;2572.44;5.11093;0;0;0.1;0.01;0;4.38123;1;0;-1
0;144;9.40091;-22.7174;-56.6008;9.348;3421.72;5.62082;0;0;0.1;0.01;0;6.49425;0;0;-1
0;145;6.03304;-8.01625;-56.8625;9.37777;3454.52;5.63872;0;0;0.1;0.01;0;6.4718;0;0;-1
0;146;5.61332;9.72362;-55.2431;8.95394;3006.98;5.38387;0;0;0.1;0.01;0;4.28075;0;0;-1
0;147;8.44377;27.7482;-53.9542;10.1128;4332.14;6.08068;0;0;0.1;0.01;0;6.67677;0;0;-1
0;148;8.5343;44.9751;-55.9746;10.2821;4553.38;6.18248;0;0;0.1;0.01;0;7.6391;0;0;-1
0;149;8.84083;59.8435;-57.7118;8.76315;2818.83;5.26915;0;0;0.1;0.01;0;5.81074;0;0;-1
0;150;8.5696;79.841;-54.3412;9.33081;3402.88;5.61048;0;0;0.1;0.01;0;2.80744;0;0;-1
0;151;22.2788;-64.2618;-56.6574;9.79249;3933.4;5.88808;0;0;0.1;0.01;0;4.9679;0;0;-1
0;152;24.1784;-49.9877;-53.7195;8.97699;3030.27;5.39773;0;0;0.1;0.01;0;5.40048;0;0;-1
0;153;20.2891;-32.6131;-55.2872;9.10775;3164.62;5.47636;0;0;0.1;0.01;0;5.15358;0;0;-1
0;154;20.5214;-12.7136;-57.3691;9.31056;3380.77;5.5983;0;0;0.1;0.01;0;6.00997;0;0;-1
0;155;23.6272;1.42057;-56.4401;9.29185;3360.43;5.58705;0;0;0.1;0.01;0;5.68117;0;0;-1
0;156;23.7532;20.6591;-55.7398;10.1452;4373.92;6.10016;0;0;0.1;0.01;0;6.42773;0;0;-1
0;157;22.6865;38.241;-56.2084;10.0929;4306.62;6.06871;0;0;0.1;0.01;0;7.04166;0;0;-1
0;158;22.9258;54.3752;-53.9788;10.4336;4757.64;6.27357;0;0;0.1;0.01;0;7.09882;0;0;-1
0;159;22.0546;70.5657;-57.6872;9.08793;3144.01;5.46444;0;0;0.1;0.01;0;2.47125;0;0;-1
0;160;38.5692;-56.0224;-56.4288;9.06067;3115.8;5.44805;0;0;0.1;0.01;0;4.55505;0;0;-1
0;161;34.937;-38.3591;-54.7249;8.60039;2664.67;5.17129;0;0;0.1;0.01;0;5.32395;0;0;-1
0;162;38.5226;-25.0995;-56.454;9.04343;3098.05;5.43768;0;0;0.1;0.01;0;5.60468;0;0;-1
0;163;37.2048;-5.69484;-54.8348;8.57831;2644.2;5.15801;0;0;0.1;0.01;0;5.96592;0;0;-1
0;164;38.4565;8.33186;-55.4093;9.23354;3297.56;5.55199;0;0;0.1;0.01;0;6.96473;0;0;-1
0;165;38.8686;25.4365;-54.6092;9.85015;4003.29;5.92275;0;0;0.1;0.01;0;6.32698;0;0;-1
0;166;36.7828;46.1514;-56.6502;9.17439;3234.6;5.51643;0;0;0.1;0.01;0;5.85463;0;0;-1
0;167;36.3668;60.7311;-54.1199;8.5;2572.44;5.11093;0;0;0.1;0.01;0;4.53964;1;0;-1
0;168;52.8834;-50.9604;-56.0568;8.97539;3028.65;5.39677;0;0;0.1;0.01;0;3.28796;0;0;-1
0;169;52.0667;-31.0885;-54.1366;9.95776;4135.93;5.98746;0;0;0.1;0.01;0;5.73174;0;0;-1
0;170;52.9092;-15.0658;-54.3827;8.5;2572.44;5.11093;0;0;0.1;0.01;0;5.22934;1;0;-1
0;171;52.2508;0.038534;-54.3883;9.99184;4178.54;6.00795;0;0;0.1;0.01;0;7.51453;0;0;-1
0;172;51.1908;18.0856;-56.0412;9.0008;3054.44;5.41205;0;0;0.1;0.01;0;6.79;0;0;-1
0;173;52.942;34.0753;-55.7647;9.24176;3306.38;5.55694;0;0;0.1;0.01;0;5.31025;0;0;-1
0;174;52.6976;55.2593;-56.5068;10.1122;4331.37;6.08032;0;0;0.1;0.01;0;4.2686;0;0;-1
0;175;64.6174;-40.8725;-56.6758;9.03274;3087.07;5.43126;0;0;0.1;0.01;0;2.99437;0;0;-1
0;176;67.2823;-25.0841;-56.1017;9.38578;3463.38;5.64353;0;0;0.1;0.01;0;4.42223;0;0;-1
0;177;67.7716;-4.50071;-55.1295;8.5;2572.44;5.11093;0;0;0.1;0.01;0;5.13907;1;0;-1
0;178;65.8299;11.9966;-53.8103;9.54477;3642.38;5.73913;0;0;0.1;0.01;0;5.8727;0;0;-1
0;179;66.0134;26.6448;-55.2782;8.5;2572.44;5.11093;0;0;0.1;0.01;0;3.88963;1;0;-1
0;180;64.7696;46.0656;-54.3182;9.81335;3958.59;5.90062;0;0;0.1;0.01;0;3.39712;0;0;-1
0;181;79.7189;-16.8489;-56.7591;10.1836;4423.77;6.12325;0;0;0.1;0.01;0;2.82605;0;0;-1
0;182;82.2215;1.12272;-54.4699;8.92226;2975.18;5.36483;0;0;0.1;0.01;0;2.82719;0;0;-1
0;183;-87.5136;-21.6616;-40.6305;9.37018;3446.14;5.63415;0;0;0.1;0.01;0;3.14517;0;0;-1
0;184;-84.1154;-8.17303;-40.124;10.0307;4227.49;6.03131;0;0;0.1;0.01;0;5.21916;0;0;-1
0;185;-86.3079;12.3527;-39.6299;9.63572;3747.5;5.79382;0;0;0.1;0.01;0;4.4397;0;0;-1
0;186;-86.6594;29.3375;-39.2299;9.84885;4001.71;5.92197;0;0;0.1;0.01;0;3.00379;0;0;-1
0;187;-70.1786;-48.0385;-39.6407;8.5;2572.44;5.11093;0;0;0.1;0.01;0;4.0584;1;0;-1
0;188;-72.1204;-33.9456;-41.5611;10.2288;4482.94;6.15043;0;0;0.1;0.01;0;5.02648;0;0;-1
0;189;-71.5881;-14.5683;-41.6314;8.5;2572.44;5.11093;0;0;0.1;0.01;0;5.38785;1;0;-1
0;190;-72.6802;3.61648;-40.9277;10.2704;4537.86;6.17544;0;0;0.1;0.01;0;7.38595;0;0;-1
0;191;-70.5075;19.0731;-42.0664;9.73679;3866.66;5.85459;0;0;0.1;0.01;0;6.24119;0;0;-1
0;192;-69.9868;37.0819;-42.9182;9.92192;4091.44;5.96591;0;0;0.1;0.01;0;5.68322;0;0;-1
0;193;-72.6587;51.3904;-41.1015;9.59208;3696.81;5.76758;0;0;0.1;0.01;0;3.093;0;0;-1
0;194;-56.9546;-59.2028;-39.9317;10.3288;4615.71;6.21056;0;0;0.1;0.01;0;5.25041;0;0;-1
0;195;-56.7258;-39.4589;-41.8774;9.50868;3601.22;5.71743;0;0;0.1;0.01;0;6.64064;0;0;-1
0;196;-54.1648;-24.6437;-40.9039;9.31218;3382.54;5.59928;0;0;0.1;0.01;0;5.42339;0;0;-1
0;197;-57.4634;-7.32936;-42.0166;10.0834;4294.47;6.063;0;0;0.1;0.01;0;6.99139;0;0;-1
0;198;-55.0607;9.53778;-39.8523;10.2811;4552.05;6.18188;0;0;0.1;0.01;0;6.71351;0;0;-1
0;199;-55.5401;25.8718;-41.5474;9.89022;4052.35;5.94685;0;0;0.1;0.01;0;6.11378;0;0;-1
0;200;-56.9723;42.6505;-40.1059;9.6706;3788.34;5.81479;0;0;0.1;0.01;0;6.52566;0;0;-1
0;201;-54.2531;60.446;-39.5878;9.62047;3729.73;5.78465;0;0;0.1;0.01;0;5.24118;0;0;-1
0;202;-40.5215;-80.6267;-40.9788;8.5;2572.44;5.11093;0;0;0.1;0.01;0;2.97096;1;0;-1
0;203;-41.6805;-65.9005;-39.23;9.46189;3548.32;5.6893;0;0;0.1;0.01;0;6.38213;0;0;-1
0;204;-43.0538;-47.5261;-41.7204;8.5;2572.44;5.11093;0;0;0.1;0.01;0;4.90043;1;0;-1
0;205;-42.5702;-31.6893;-42.2017;8.64528;2706.61;5.19828;0;0;0.1;0.01;0;5.09515;0;0;-1
0;206;-40.2486;-13.4531;-40.6546;9.60474;3711.47;5.77519;0;0;0.1;0.01;0;6.1042;0;0;-1
0;207;-42.0119;1.94701;-39.9952;9.25091;3316.21;5.56244;0;0;0.1;0.01;0;6.47463;0;0;-1
0;208;-41.7816;19.6613;-42.417;8.59492;2659.59;5.168;0;0;0.1;0.01;0;5.91414;0;0;-1
0;209;-41.4531;34.4583;-41.4069;8.78789;2842.77;5.28403;0;0;0.1;0.01;0;5.64173;0;0;-1
0;210;-40.2702;53.6181;-41.2233;9.53739;3633.94;5.73469;0;0;0.1;0.01;0;7.07174;0;0;-1
0;211;-40.8058;68.4808;-42.1352;10.3601;4657.8;6.22938;0;0;0.1;0.01;0;6.08087;0;0;-1
0;212;-27.662;-72.9648;-42.8767;9.39388;3472.35;5.6484;0;0;0.1;0.01;0;6.10716;0;0;-1
0;213;-28.1447;-57.7287;-40.4604;10.4418;4768.86;6.2785;0;0;0.1;0.01;0;7.09481;0;0;-1
0;214;-25.2958;-38.5025;-42.3649;9.23225;3296.18;5.55122;0;0;0.1;0.01;0;5.3287;0;0;-1
0;215;-25.0118;-22.378;-39.8177;9.9908;4177.24;6.00732;0;0;0.1;0.01;0;6.39093;0;0;-1
0;216;-24.7488;-5.1813;-40.6503;8.87426;2927.42;5.33596;0;0;0.1;0.01;0;5.61451;0;0;-1
0;217;-25.4523;9.7605;-41.0411;8.5;2572.44;5.11093;0;0;0.1;0.01;0;4.0433;1;0;-1
0;218;-28.175;27.0155;-42.0129;9.3773;3454;5.63843;0;0;0.1;0.01;0;5.49057;0;0;-1
0;219;-27.2197;44.1211;-42.0972;9.59228;3697.04;5.7677;0;0;0.1;0.01;0;6.1053;0;0;-1
0;220;-27.5541;60.5322;-40.764;9.41372;3494.4;5.66033;0;0;0.1;0.01;0;7.06767;0;0;-1
0;221;-25.0139;77.1702;-42.078;9.57316;3674.98;5.7562;0;0;0.1;0.01;0;5.24577;0;0;-1
0;222;-12.9879;-83.1429;-42.172;8.61093;2674.48;5.17763;0;0;0.1;0.01;0;4.0353;0;0;-1
0;223;-12.9516;-67.6041;-39.7407;10.0617;4266.8;6.04995;0;0;0.1;0.01;0;6.69492;0;0;-1
0;224;-12.3943;-49.3798;-41.8322;9.18212;3242.78;5.52108;0;0;0.1;0.01;0;5.31963;0;0;-1
0;225;-9.78642;-33.3275;-39.8368;9.50911;3601.71;5.71769;0;0;0.1;0.01;0;6.11816;0;0;-1
0;226;-13.0678;-15.5156;-40.7609;8.69144;2750.2;5.22604;0;0;0.1;0.01;0;6.37319;0;0;-1
0;227;-11.067;0.259202;-41.4459;8.66025;2720.7;5.20728;0;0;0.1;0.01;0;5.45246;0;0;-1
0;228;-12.5389;20.0313;-39.3436;9.95302;4130.03;5.98461;0;0;0.1;0.01;0;6.16147;0;0;-1
0;229;-9.96061;34.3129;-39.761;8.5;2572.44;5.11093;0;0;0.1;0.01;0;6.0872;1;0;-1
0;230;-11.5616;52.964;-39.3558;10.1789;4417.65;6.12042;0;0;0.1;0.01;0;6.47129;0;0;-1
0;231;-11.1017;70.7604;-40.0403;9.43087;3513.53;5.67065;0;0;0.1;0.01;0;5.57745;0;0;-1
0;232;-9.78302;87.0995;-39.9596;8.5;2572.44;5.11093;0;0;0.1;0.01;0;2.38791;1;0;-1
0;233;2.82158;-89.5433;-42.0544;9.11671;3173.97;5.48175;0;0;0.1;0.01;0;2.8812;0;0;-1
0;234;4.68014;-74.9279;-41.1659;8.55271;2620.59;5.14262;0;0;0.1;0.01;0;5.17555;0;0;-1
0;235;2.01474;-59.7587;-39.3797;9.47364;3561.55;5.69636;0;0;0.1;0.01;0;5.419;0;0;-1
0;236;3.63001;-40.7662;-39.8065;8.5;2572.44;5.11093;0;0;0.1;0.01;0;4.8496;1;0;-1
0;237;4.67367;-25.2792;-39.5158;9.5216;3615.92;5.7252;0;0;0.1;0.01;0;6.1382;0;0;-1
0;238;1.23377;-8.0783;-42.43;10.2613;4525.8;6.16997;0;0;0.1;0.01;0;6.26607;0;0;-1
0;239;3.21593;10.4502;-41.0118;8.61838;2681.42;5.18211;0;0;0.1;0.01;0;4.37018;0;0;-1
0;240;4.07563;27.1849;-39.4736;8.90471;2957.66;5.35427;0;0;0.1;0.01;0;6.7267;0;0;-1
0;241;1.2281;43.0331;-40.2742;10.0973;4312.25;6.07136;0;0;0.1;0.01;0;7.97609;0;0;-1
0;242;1.52077;60.6214;-40.9759;8.5;2572.44;5.11093;0;0;0.1;0.01;0;5.36225;1;0;-1
0;243;3.95464;76.3824;-41.0724;9.14274;3201.24;5.4974;0;0;0.1;0.01;0;5.26575;0;0;-1
0;244;17.6716;-82.3246;-42.0957;8.5;2572.44;5.11093;0;0;0.1;0.01;0;3.29309;1;0;-1
0;245;18.2131;-65.4526;-39.2888;10.2625;4527.39;6.17069;0;0;0.1;0.01;0;5.88515;0;0;-1
0;246;17.9198;-46.458;-40.8038;8.89095;2943.97;5.346;0;0;0.1;0.01;0;5.26756;0;0;-1
0;247;17.8357;-31.7632;-41.1575;8.5;2572.44;5.11093;0;0;0.1;0.01;0;5.83799;1;0;-1
0;248;19.1004;-15.4972;-41.7749;9.48375;3572.97;5.70244;0;0;0.1;0.01;0;5.92355;0;0;-1
0;249;19.7513;1.94301;-42.1573;9.10927;3166.21;5.47727;0;0;0.1;0.01;0;4.69282;0;0;-1
0;250;17.6633;17.7339;-40.5176;9.27102;3337.88;5.57453;0;0;0.1;0.01;0;5.59908;0;0;-1
0;251;19.0299;36.7142;-42.8425;9.9124;4079.67;5.96018;0;0;0.1;0.01;0;7.63323;0;0;-1
0;252;16.7949;52.0133;-39.6939;10.0976;4312.64;6.07154;0;0;0.1;0.01;0;7.44208;0;0;-1
0;253;18.7603;68.4702;-41.1963;10.3155;4597.9;6.20256;0;0;0.1;0.01;0;5.94276;0;0;-1
0;254;16.4117;87.4208;-41.1271;10.0767;4285.92;6.05897;0;0;0.1;0.01;0;3.14625;0;0;-1
0;255;32.9537;-75.629;-42.5046;8.64912;2710.22;5.20059;0;0;0.1;0.01;0;2.25122;0;0;-1
0;256;30.5633;-56.4908;-40.5222;9.0958;3152.18;5.46917;0;0;0.1;0.01;0;6.27946;0;0;-1
0;257;33.717;-41.1799;-40.4685;10.005;4195.08;6.01586;0;0;0.1;0.01;0;7.65319;0;0;-1
0;258;32.7744;-25.2898;-41.5695;10.1242;4346.81;6.08753;0;0;0.1;0.01;0;7.40572;0;0;-1
0;259;33.7365;-8.05038;-42.0316;8.5;2572.44;5.11093;0;0;0.1;0.01;0;4.72544;1;0;-1
0;260;33.8453;10.0355;-42.293;8.5;2572.44;5.11093;0;0;0.1;0.01;0;5.10125;1;0;-1
0;261;33.8476;29.5207;-39.8792;8.93213;2985.06;5.37076;0;0;0.1;0.01;0;6.03367;0;0;-1
0;262;32.944;46.153;-39.4195;10.038;4236.72;6.0357;0;0;0.1;0.01;0;7.76721;0;0;-1
0;263;33.9163;60.0834;-39.7039;9.38769;3465.49;5.64468;0;0;0.1;0.01;0;6.2081;0;0;-1
0;264;33.5513;79.8405;-40.427;8.95437;3007.42;5.38413;0;0;0.1;0.01;0;2.74557;0;0;-1
0;265;47.8296;-65.2731;-41.6038;8.94443;2997.41;5.37816;0;0;0.1;0.01;0;2.46551;0;0;-1
0;266;47.1425;-47.7062;-39.9501;9.52788;3623.08;5.72898;0;0;0.1;0.01;0;5.80362;0;0;-1
0;267;47.7645;-30.238;-39.2217;10.3176;4600.71;6.20382;0;0;0.1;0.01;0;7.65935;0;0;-1
0;268;46.7898;-14.9391;-42.5862;10.067;4273.55;6.05314;0;0;0.1;0.01;0;7.7782;0;0;-1
0;269;46.0833;2.87538;-42.1812;8.5;2572.44;5.11093;0;0;0.1;0.01;0;6.19933;1;0;-1
0;270;47.7546;16.8716;-43.0414;10.1627;4396.59;6.11068;0;0;0.1;0.01;0;7.43739;0;0;-1
0;271;46.848;37.965;-41.1007;9.52653;3621.54;5.72816;0;0;0.1;0.01;0;6.19086;0;0;-1
0;272;46.7034;52.1422;-42.8716;9.67637;3795.12;5.81826;0;0;0.1;0.01;0;6.60492;0;0;-1
0;273;46.8328;69.2583;-39.8951;9.92643;4097.02;5.96862;0;0;0.1;0.01;0;4.49713;0;0;-1
0;274;60.3761;-55.3644;-39.3273;9.8308;3979.74;5.91112;0;0;0.1;0.01;0;4.74461;0;0;-1
0;275;63.9901;-41.6893;-39.8264;8.94562;2998.61;5.37887;0;0;0.1;0.01;0;4.28149;0;0;-1
0;276;61.2097;-23.358;-39.8341;8.55006;2618.16;5.14103;0;0;0.1;0.01;0;5.54375;0;0;-1
0;277;63.4156;-7.79661;-42.3301;9.67674;3795.56;5.81848;0;0;0.1;0.01;0;6.80311;0;0;-1
0;278;63.6003;8.22789;-39.4667;10.0114;4203.13;6.01971;0;0;0.1;0.01;0;6.559;0;0;-1
0;279;63.0253;26.1919;-42.2739;10.0357;4233.81;6.03432;0;0;0.1;0.01;0;6.07383;0;0;-1
0;280;61.5517;42.1341;-41.193;8.88075;2933.85;5.33987;0;0;0.1;0.01;0;5.08197;0;0;-1
0;281;61.9993;60.4267;-42.4626;9.23144;3295.32;5.55073;0;0;0.1;0.01;0;3.67595;0;0;-1
0;282;74.9425;-32.4941;-43.1672;9.0112;3065.04;5.4183;0;0;0.1;0.01;0;3.21762;0;0;-1
0;283;77.7406;-14.9981;-41.1219;8.62851;2690.89;5.1882;0;0;0.1;0.01;0;4.46649;0;0;-1
0;284;76.3273;-0.0860721;-41.467;10.2851;4557.37;6.18428;0;0;0.1;0.01;0;6.87656;0;0;-1
0;285;78.7418;19.7292;-42.8237;8.99017;3043.63;5.40566;0;0;0.1;0.01;0;3.33192;0;0;-1
0;286;76.5379;34.3372;-41.9455;9.23964;3304.1;5.55566;0;0;0.1;0.01;0;3.54156;0;0;-1
0;287;90.5144;-4.55808;-40.5382;8.7003;2758.62;5.23136;0;0;0.1;0.01;0;2.2325;0;0;-1
0;288;-95.1297;-13.5075;-24.6999;8.77145;2826.85;5.27415;0;0;0.1;0.01;0;3.17477;0;0;-1
0;289;-95.6338;1.24982;-26.0975;9.92316;4092.97;5.96665;0;0;0.1;0.01;0;3.87457;0;0;-1
0;290;-80.8691;-41.5027;-24.6619;9.90428;4069.65;5.9553;0;0;0.1;0.01;0;2.88656;0;0;-1
0;291;-81.7965;-23.4415;-27.3412;9.5595;3659.27;5.74799;0;0;0.1;0.01;0;3.86439;0;0;-1
0;292;-78.906;-4.65625;-26.4838;10.0423;4242.17;6.03829;0;0;0.1;0.01;0;5.5913;0;0;-1
0;293;-82.5739;10.9686;-26.4512;10.1274;4350.93;6.08946;0;0;0.1;0.01;0;6.28526;0;0;-1
0;294;-82.4117;27.6791;-25.1445;10.0349;4232.8;6.03384;0;0;0.1;0.01;0;5.02822;0;0;-1
0;295;-80.4029;44.5611;-28.1079;9.88358;4044.19;5.94285;0;0;0.1;0.01;0;3.28442;0;0;-1
0;296;-64.0824;-67.875;-26.0037;8.5;2572.44;5.11093;0;0;0.1;0.01;0;2.51585;1;0;-1
0;297;-64.3792;-48.9917;-26.1333;8.77835;2833.53;5.27829;0;0;0.1;0.01;0;4.35995;0;0;-1
0;298;-64.5286;-31.2655;-25.4613;9.74862;3880.77;5.8617;0;0;0.1;0.01;0;5.46916;0;0;-1
0;299;-64.4862;-12.8932;-26.996;9.28066;3348.31;5.58033;0;0;0.1;0.01;0;5.55846;0;0;-1
0;300;-66.0792;4.44409;-26.0263;8.5;2572.44;5.11093;0;0;0.1;0.01;0;5.94004;1;0;-1
0;301;-65.473;20.2184;-26.9322;8.59094;2655.89;5.16561;0;0;0.1;0.01;0;5.71219;0;0;-1
0;302;-64.688;35.2166;-27.1706;10.0497;4251.56;6.04274;0;0;0.1;0.01;0;6.30974;0;0;-1
0;303;-64.5497;50.9126;-26.2232;9.27992;3347.51;5.57988;0;0;0.1;0.01;0;5.7508;0;0;-1
0;304;-66.6788;68.6696;-26.7116;9.4554;3541.02;5.68539;0;0;0.1;0.01;0;2.15023;0;0;-1
0;305;-49.7066;-72.4976;-27.7873;8.99661;3050.18;5.40953;0;0;0.1;0.01;0;5.23083;0;0;-1
0;306;-49.6193;-58.1775;-26.2919;9.25063;3315.91;5.56227;0;0;0.1;0.01;0;6.29336;0;0;-1
0;307;-51.543;-39.7144;-26.3426;9.3425;3415.69;5.61751;0;0;0.1;0.01;0;6.00837;0;0;-1
0;308;-52.4108;-23.1183;-27.5487;9.77632;3913.95;5.87836;0;0;0.1;0.01;0;6.55544;0;0;-1
0;309;-50.4848;-7.03376;-27.814;9.73264;3861.72;5.8521;0;0;0.1;0.01;0;6.60927;0;0;-1
0;310;-53.0203;8.6516;-26.3289;8.9409;2993.87;5.37603;0;0;0.1;0.01;0;5.48679;0;0;-1
0;311;-51.1142;26.7864;-24.4665;9.14375;3202.3;5.498;0;0;0.1;0.01;0;5.57837;0;0;-1
0;312;-49.9877;45.5111;-24.8744;9.78011;3918.5;5.88064;0;0;0.1;0.01;0;7.33797;0;0;-1
0;313;-50.6691;62.4901;-25.5815;8.75947;2815.28;5.26694;0;0;0.1;0.01;0;6.08545;0;0;-1
0;314;-51.7902;78.4801;-28.2606;8.72318;2780.44;5.24512;0;0;0.1;0.01;0;2.65442;0;0;-1
0;315;-36.4324;-82.1744;-26.5217;10.3133;4594.96;6.20124;0;0;0.1;0.01;0;6.19637;0;0;-1
0;316;-34.9824;-67.3071;-26.8057;8.88636;2939.41;5.34324;0;0;0.1;0.01;0;6.99103;0;0;-1
0;317;-38.3694;-47.1056;-27.1488;10.1598;4392.83;6.10894;0;0;0.1;0.01;0;5.71171;0;0;-1
0;318;-36.0599;-30.0836;-26.075;9.32899;3400.89;5.60939;0;0;0.1;0.01;0;6.11628;0;0;-1
0;319;-34.6347;-13.7587;-26.8014;8.77558;2830.85;5.27663;0;0;0.1;0.01;0;5.01553;0;0;-1
0;320;-36.5875;4.3135;-27.4485;8.5;2572.44;5.11093;0;0;0.1;0.01;0;4.19371;1;0;-1
0;321;-38.3565;18.5466;-27.4796;9.50184;3593.45;5.71332;0;0;0.1;0.01;0;5.45536;0;0;-1
0;322;-38.2424;34.5841;-25.1768;8.5;2572.44;5.11093;0;0;0.1;0.01;0;5.5031;1;0;-1
0;323;-37.6477;52.2747;-27.868;9.223;3286.29;5.54566;0;0;0.1;0.01;0;6.07355;0;0;-1
0;324;-38.2126;67.7224;-25.7581;8.5;2572.44;5.11093;0;0;0.1;0.01;0;4.48588;1;0;-1
0;325;-35.5381;85.8453;-24.9477;10.2803;4550.99;6.1814;0;0;0.1;0.01;0;3.74793;0;0;-1
0;326;-21.7874;-90.7785;-25.2852;10.3383;4628.45;6.21627;0;0;0.1;0.01;0;3.98719;0;0;-1
0;327;-20.5824;-73.0903;-27.0205;10.1729;4409.84;6.11682;0;0;0.1;0.01;0;8.27739;0;0;-1
0;328;-20.3464;-59.1597;-26.3102;9.74517;3876.65;5.85963;0;0;0.1;0.01;0;7.26782;0;0;-1
0;329;-22.0141;-40.5882;-26.661;8.61701;2680.15;5.18128;0;0;0.1;0.01;0;4.98822;0;0;-1
0;330;-21.3634;-21.1075;-24.9754;10.094;4308.03;6.06938;0;0;0.1;0.01;0;6.84198;0;0;-1
0;331;-19.7185;-5.48151;-28.0842;8.5;2572.44;5.11093;0;0;0.1;0.01;0;4.6494;1;0;-1
0;332;-21.3127;11.8075;-25.7719;8.5;2572.44;5.11093;0;0;0.1;0.01;0;4.00148;1;0;-1
0;333;-22.7773;28.76;-27.7848;8.64731;2708.52;5.1995;0;0;0.1;0.01;0;5.10198;0;0;-1
0;334;-21.269;44.7701;-27.881;9.74786;3879.86;5.86125;0;0;0.1;0.01;0;5.84163;0;0;-1
0;335;-21.692;62.17;-26.6172;9.66986;3787.47;5.81435;0;0;0.1;0.01;0;6.33868;0;0;-1
0;336;-22.8423;78.758;-27.9102;9.43208;3514.88;5.67137;0;0;0.1;0.01;0;5.62957;0;0;-1
0;337;-5.94313;-81.2669;-28.6453;9.37792;3454.68;5.63881;0;0;0.1;0.01;0;6.09156;0;0;-1
0;338;-7.91183;-66.6027;-26.3307;9.47884;3567.42;5.69949;0;0;0.1;0.01;0;6.68776;0;0;-1
0;339;-8.56292;-48.593;-24.3833;9.13807;3196.33;5.49459;0;0;0.1;0.01;0;5.18528;0;0;-1
0;340;-8.20484;-29.6876;-25.547;8.77274;2828.1;5.27492;0;0;0.1;0.01;0;5.56531;0;0;-1
0;341;-6.00993;-13.3234;-27.8112;9.41095;3491.31;5.65867;0;0;0.1;0.01;0;6.59869;0;0;-1
0;342;-5.49376;1.92947;-27.6474;8.53399;2603.42;5.13136;0;0;0.1;0.01;0;5.71086;0;0;-1
0;343;-6.60867;21.1281;-25.6307;9.60397;3710.57;5.77473;0;0;0.1;0.01;0;6.69921;0;0;-1
0;344;-7.09306;35.41;-27.0956;9.34522;3418.67;5.61915;0;0;0.1;0.01;0;7.4835;0;0;-1
0;345;-7.93074;51.51;-26.024;8.65073;2711.73;5.20156;0;0;0.1;0.01;0;5.61159;0;0;-1
0;346;-9.3478;72.1613;-24.4865;8.6207;2683.59;5.1835;0;0;0.1;0.01;0;5.03607;0;0;-1
0;347;-9.09833;88.2399;-25.6669;8.64271;2704.2;5.19674;0;0;0.1;0.01;0;3.97083;0;0;-1
0;348;9.34425;-90.4755;-25.415;10.3115;4592.55;6.20016;0;0;0.1;0.01;0;4.27595;0;0;-1
0;349;6.59701;-75.7948;-25.3164;9.7822;3921.01;5.88189;0;0;0.1;0.01;0;6.67199;0;0;-1
0;350;9.44565;-58.6619;-25.7684;9.33001;3402;5.61;0;0;0.1;0.01;0;5.80827;0;0;-1
0;351;5.72643;-40.0311;-25.3919;9.62018;3729.39;5.78447;0;0;0.1;0.01;0;6.0969;0;0;-1
0;352;8.26203;-25.5185;-26.5923;8.72878;2785.8;5.24849;0;0;0.1;0.01;0;5.85833;0;0;-1
0;353;9.02374;-8.76827;-27.6944;10.2426;4501.11;6.15873;0;0;0.1;0.01;0;6.79775;0;0;-1
0;354;5.51542;9.9357;-25.5123;9.14542;3204.05;5.49901;0;0;0.1;0.01;0;4.58334;0;0;-1
0;355;9.43337;29.3295;-27.6639;10.081;4291.4;6.06156;0;0;0.1;0.01;0;6.86143;0;0;-1
0;356;6.25324;44.0462;-25.242;10.3766;4680.09;6.2393;0;0;0.1;0.01;0;7.19997;0;0;-1
0;357;6.86999;63.4094;-24.6196;10.1832;4423.25;6.12301;0;0;0.1;0.01;0;6.80623;0;0;-1
0;358;5.89549;78.2895;-28.0088;9.05381;3108.73;5.44392;0;0;0.1;0.01;0;5.55709;0;0;-1
0;359;8.24349;95.6172;-26.8428;10.0208;4214.98;6.02536;0;0;0.1;0.01;0;2.9977;0;0;-1
0;360;22.5769;-82.371;-25.2118;9.14669;3205.39;5.49977;0;0;0.1;0.01;0;4.65706;0;0;-1
0;361;23.7034;-65.8982;-25.4779;9.51617;3609.73;5.72193;0;0;0.1;0.01;0;5.43805;0;0;-1
0;362;23.276;-47.2933;-27.4319;10.114;4333.69;6.0814;0;0;0.1;0.01;0;6.25973;0;0;-1
0;363;22.7945;-31.7619;-26.0491;9.7203;3847.05;5.84468;0;0;0.1;0.01;0;6.89773;0;0;-1
0;364;22.1272;-16.0917;-25.5855;10.0142;4206.66;6.02139;0;0;0.1;0.01;0;6.72994;0;0;-1
0;365;22.3152;1.01302;-26.8055;9.03568;3090.09;5.43302;0;0;0.1;0.01;0;5.17084;0;0;-1
0;366;23.3897;18.1884;-28.0129;9.62583;3735.97;5.78787;0;0;0.1;0.01;0;6.25411;0;0;-1
0;367;23.2488;34.9351;-27.5212;9.48752;3577.23;5.70471;0;0;0.1;0.01;0;7.41896;0;0;-1
0;368;20.5944;51.1148;-24.5187;9.78732;3927.17;5.88497;0;0;0.1;0.01;0;6.26179;0;0;-1
0;369;20.2901;69.154;-26.9498;9.41126;3491.66;5.65885;0;0;0.1;0.01;0;5.36224;0;0;-1
0;370;23.3605;84.5734;-24.8067;9.48309;3572.22;5.70204;0;0;0.1;0.01;0;4.90051;0;0;-1
0;371;38.0596;-75.9935;-27.1027;9.08221;3138.07;5.461;0;0;0.1;0.01;0;3.93998;0;0;-1
0;372;35.2264;-56.9155;-27.0392;8.68961;2748.46;5.22494;0;0;0.1;0.01;0;5.60757;0;0;-1
0;373;37.531;-39.9446;-26.8266;9.92192;4091.44;5.96591;0;0;0.1;0.01;0;7.96801;0;0;-1
0;374;37.6905;-23.1707;-27.6916;9.98008;4163.81;6.00088;0;0;0.1;0.01;0;7.59003;0;0;-1
0;375;37.4551;-7.21196;-24.8403;9.68117;3800.77;5.82115;0;0;0.1;0.01;0;6.56949;0;0;-1
0;376;35.1257;8.91414;-26.791;8.8148;2868.97;5.30021;0;0;0.1;0.01;0;5.30767;0;0;-1
0;377;37.2275;25.3867;-24.7133;9.96675;4147.15;5.99286;0;0;0.1;0.01;0;6.87985;0;0;-1
0;378;37.0138;42.1394;-27.0981;9.84583;3998.03;5.92015;0;0;0.1;0.01;0;6.57865;0;0;-1
0;379;38.4501;63.6784;-24.9027;8.5;2572.44;5.11093;0;0;0.1;0.01;0;4.58535;1;0;-1
0;380;36.7482;78.8124;-24.8823;8.5;2572.44;5.11093;0;0;0.1;0.01;0;4.35135;1;0;-1
0;381;50.4404;-66.6497;-24.7827;10.2137;4463.11;6.14135;0;0;0.1;0.01;0;5.56895;0;0;-1
0;382;49.963;-50.7697;-25.2896;10.1728;4409.71;6.11676;0;0;0.1;0.01;0;6.8513;0;0;-1
0;383;50.0737;-33.4185;-25.0318;8.55599;2623.61;5.14459;0;0;0.1;0.01;0;5.20308;0;0;-1
0;384;52.7152;-15.5633;-26.8571;9.21838;3281.35;5.54288;0;0;0.1;0.01;0;6.25938;0;0;-1
0;385;51.821;1.73417;-28.333;10.0155;4208.3;6.02217;0;0;0.1;0.01;0;7.16935;0;0;-1
0;386;50.1075;17.7965;-28.516;9.04577;3100.45;5.43909;0;0;0.1;0.01;0;6.16722;0;0;-1
0;387;50.309;34.8903;-25.0683;9.38364;3461.01;5.64225;0;0;0.1;0.01;0;5.57743;0;0;-1
0;388;52.9809;54.7679;-24.6966;8.65695;2717.59;5.2053;0;0;0.1;0.01;0;4.39638;0;0;-1
0;389;52.2023;72.6217;-26.9379;9.78828;3928.33;5.88555;0;0;0.1;0.01;0;4.37864;0;0;-1
0;390;66.3632;-59.2032;-27.631;8.99162;3045.11;5.40653;0;0;0.1;0.01;0;4.1312;0;0;-1
0;391;66.6355;-42.2256;-25.0385;8.84857;2902.07;5.32052;0;0;0.1;0.01;0;5.48312;0;0;-1
0;392;67.4837;-23.2446;-24.8714;10.3678;4668.19;6.23401;0;0;0.1;0.01;0;6.53869;0;0;-1
0;393;65.5549;-5.60394;-26.9234;8.9529;3005.94;5.38325;0;0;0.1;0.01;0;6.84099;0;0;-1
0;394;66.5816;9.45202;-25.0959;9.2484;3313.51;5.56093;0;0;0.1;0.01;0;5.8237;0;0;-1
0;395;64.8716;25.4076;-25.5997;9.8348;3984.6;5.91352;0;0;0.1;0.01;0;4.80934;0;0;-1
0;396;66.3803;46.5032;-25.9019;10.0347;4232.55;6.03372;0;0;0.1;0.01;0;5.81659;0;0;-1
0;397;65.0744;62.2782;-27.5164;10.0508;4252.95;6.0434;0;0;0.1;0.01;0;4.96954;0;0;-1
0;398;79.4181;-51.268;-25.8209;10.1042;4321.1;6.07551;0;0;0.1;0.01;0;2.17763;0;0;-1
0;399;81.8805;-34.2039;-24.8291;10.2512;4512.45;6.1639;0;0;0.1;0.01;0;3.41558;0;0;-1
0;400;80.7526;-16.8113;-25.347;8.88357;2936.64;5.34156;0;0;0.1;0.01;0;4.46934;0;0;-1
0;401;79.7981;-0.230116;-26.2411;9.30496;3374.68;5.59494;0;0;0.1;0.01;0;4.87251;0;0;-1
0;402;83.2154;17.7931;-25.2744;9.79833;3940.44;5.89159;0;0;0.1;0.01;0;4.14485;0;0;-1
0;403;79.1012;33.7663;-27.9946;8.5;2572.44;5.11093;0;0;0.1;0.01;0;3.36534;1;0;-1
0;404;79.373;54.6236;-26.5441;10.3516;4646.34;6.22427;0;0;0.1;0.01;0;2.70796;0;0;-1
0;405;-98.4424;0.960959;-11.8051;10.2755;4544.62;6.17851;0;0;0.1;0.01;0;3.7047;0;0;-1
0;406;-84.2862;-42.0839;-11.2481;9.08598;3141.98;5.46327;0;0;0.1;0.01;0;3.46755;0;0;-1
0;407;-84.3749;-23.5416;-10.3051;10.4098;4725.15;6.25926;0;0;0.1;0.01;0;5.70479;0;0;-1
0;408;-85.2173;-7.13412;-12.4867;8.91246;2965.39;5.35893;0;0;0.1;0.01;0;5.26908;0;0;-1
0;409;-83.3482;11.6472;-11.9313;10.149;4378.83;6.10245;0;0;0.1;0.01;0;5.92156;0;0;-1
0;410;-84.8106;29.139;-12.4352;8.5;2572.44;5.11093;0;0;0.1;0.01;0;4.12938;1;0;-1
0;411;-84.0297;42.4947;-11.3154;9.39125;3469.44;5.64682;0;0;0.1;0.01;0;4.12784;0;0;-1
0;412;-70.8143;-68.439;-10.0616;8.78734;2842.24;5.2837;0;0;0.1;0.01;0;2.13479;0;0;-1
0;413;-69.2266;-49.2667;-11.9977;9.51949;3613.51;5.72393;0;0;0.1;0.01;0;4.76764;0;0;-1
0;414;-69.8922;-32.5578;-10.1378;9.37135;3447.43;5.63486;0;0;0.1;0.01;0;6.79657;0;0;-1
0;415;-72.164;-15.7383;-11.6958;9.40543;3485.17;5.65535;0;0;0.1;0.01;0;6.58651;0;0;-1
0;416;-70.7962;3.17242;-10.3103;8.76929;2824.76;5.27285;0;0;0.1;0.01;0;6.07214;0;0;-1
0;417;-68.3516;17.3741;-12.9498;8.58719;2652.42;5.16335;0;0;0.1;0.01;0;4.93164;0;0;-1
0;418;-69.4913;36.4726;-11.9846;9.59908;3704.91;5.77179;0;0;0.1;0.01;0;6.34146;0;0;-1
0;419;-71.9164;53.7864;-13.0217;8.9755;3028.76;5.39684;0;0;0.1;0.01;0;4.41771;0;0;-1
0;420;-54.2885;-75.1322;-9.72123;8.85847;2911.82;5.32647;0;0;0.1;0.01;0;3.81387;0;0;-1
0;421;-56.6165;-58.2356;-12.3474;9.39962;3478.72;5.65186;0;0;0.1;0.01;0;5.38482;0;0;-1
0;422;-57.3272;-39.2023;-10.32;8.57706;2643.04;5.15726;0;0;0.1;0.01;0;5.567;0;0;-1
0;423;-57.3122;-23.9563;-11.8585;8.5;2572.44;5.11093;0;0;0.1;0.01;0;5.49221;1;0;-1
0;424;-55.2338;-7.21976;-11.8086;9.00601;3059.75;5.41518;0;0;0.1;0.01;0;5.49888;0;0;-1
0;425;-54.3068;8.601;-12.5461;10.0595;4264.01;6.04863;0;0;0.1;0.01;0;5.98707;0;0;-1
0;426;-57.3372;29.7717;-12.8167;8.5;2572.44;5.11093;0;0;0.1;0.01;0;5.63847;1;0;-1
0;427;-55.1122;44.7189;-11.827;9.28257;3350.37;5.58147;0;0;0.1;0.01;0;6.85748;0;0;-1
0;428;-57.9505;60.033;-10.6881;9.74725;3879.14;5.86088;0;0;0.1;0.01;0;5.44941;0;0;-1
0;429;-42.7906;-83.643;-13.2552;10.0889;4301.5;6.06631;0;0;0.1;0.01;0;4.25679;0;0;-1
0;430;-39.3561;-64.628;-11.5719;9.79525;3936.73;5.88974;0;0;0.1;0.01;0;5.6096;0;0;-1
0;431;-41.0515;-49.355;-10.6877;8.52157;2592.07;5.1239;0;0;0.1;0.01;0;5.07861;0;0;-1
0;432;-41.2235;-32.6057;-12.3655;9.80366;3946.87;5.8948;0;0;0.1;0.01;0;6.1403;0;0;-1
0;433;-42.0829;-14.3472;-13.5188;10.014;4206.41;6.02127;0;0;0.1;0.01;0;6.08329;0;0;-1
0;434;-40.9175;3.07303;-10.7851;9.48602;3575.53;5.70381;0;0;0.1;0.01;0;5.76785;0;0;-1
0;435;-39.402;20.0871;-11.2066;10.0097;4200.99;6.01869;0;0;0.1;0.01;0;6.27707;0;0;-1
0;436;-42.1296;36.9037;-13.172;9.33057;3402.62;5.61034;0;0;0.1;0.01;0;7.20048;0;0;-1
0;437;-42.6538;52.2134;-12.6258;8.5;2572.44;5.11093;0;0;0.1;0.01;0;5.05127;1;0;-1
0;438;-43.0063;70.69;-12.5546;8.74544;2801.78;5.25851;0;0;0.1;0.01;0;4.72282;0;0;-1
0;439;-43.2536;85.1335;-13.3371;8.5;2572.44;5.11093;0;0;0.1;0.01;0;3.42568;1;0;-1
0;440;-27.9025;-93.1806;-13.0865;9.62079;3730.1;5.78484;0;0;0.1;0.01;0;4.31828;0;0;-1
0;441;-28.1468;-76.8692;-13.0017;10.1441;4372.49;6.0995;0;0;0.1;0.01;0;7.05561;0;0;-1
0;442;-24.6966;-56.5735;-12.2857;10.3899;4698.1;6.2473;0;0;0.1;0.01;0;7.30629;0;0;-1
0;443;-27.3675;-41.7533;-10.1889;10.4383;4764.07;6.2764;0;0;0.1;0.01;0;7.63226;0;0;-1
0;444;-26.6306;-22.2864;-11.8646;10.2193;4470.46;6.14472;0;0;0.1;0.01;0;6.64966;0;0;-1
0;445;-24.9576;-7.31103;-10.3193;8.54228;2611.02;5.13635;0;0;0.1;0.01;0;4.69869;0;0;-1
0;446;-25.1408;9.14985;-10.2566;9.43114;3513.83;5.67081;0;0;0.1;0.01;0;5.17445;0;0;-1
0;447;-27.4309;28.4658;-10.5861;10.2555;4518.13;6.16648;0;0;0.1;0.01;0;6.15078;0;0;-1
0;448;-28.3087;42.9577;-10.7721;9.06343;3118.65;5.44971;0;0;0.1;0.01;0;5.62689;0;0;-1
0;449;-24.4455;59.0669;-12.8446;8.80537;2859.77;5.29454;0;0;0.1;0.01;0;4.53461;0;0;-1
0;450;-24.7763;77.7013;-12.2452;9.85517;4009.41;5.92577;0;0;0.1;0.01;0;6.45193;0;0;-1
0;451;-24.8594;94.6712;-14.0167;10.1999;4445.05;6.13305;0;0;0.1;0.01;0;3.54511;0;0;-1
0;452;-13.5486;-83.3074;-11.0885;8.5;2572.44;5.11093;0;0;0.1;0.01;0;4.45322;1;0;-1
0;453;-12.772;-65.4515;-13.2551;8.5;2572.44;5.11093;0;0;0.1;0.01;0;5.52548;1;0;-1
0;454;-12.6939;-48.4369;-9.71146;9.49539;3586.14;5.70944;0;0;0.1;0.01;0;6.60662;0;0;-1
0;455;-11.445;-32.3662;-11.7632;10.4018;4714.27;6.25445;0;0;0.1;0.01;0;7.2576;0;0;-1
0;456;-10.3953;-14.273;-10.7224;8.5;2572.44;5.11093;0;0;0.1;0.01;0;6.06075;1;0;-1
0;457;-10.7185;0.963286;-11.5984;10.2021;4447.92;6.13437;0;0;0.1;0.01;0;7.16068;0;0;-1
0;458;-10.7318;16.9703;-11.6233;9.08701;3143.05;5.46389;0;0;0.1;0.01;0;5.769;0;0;-1
0;459;-11.5892;34.2458;-12.5314;8.56015;2627.44;5.14709;0;0;0.1;0.01;0;4.61905;0;0;-1
0;460;-10.3534;50.9665;-10.6078;8.54843;2616.66;5.14005;0;0;0.1;0.01;0;5.22093;0;0;-1
0;461;-10.5243;67.4173;-11.6344;9.0735;3129.05;5.45576;0;0;0.1;0.01;0;5.90935;0;0;-1
0;462;-11.7005;87.259;-12.4333;8.5;2572.44;5.11093;0;0;0.1;0.01;0;4.79316;1;0;-1
0;463;4.39359;-91.5529;-10.5849;8.69412;2752.74;5.22765;0;0;0.1;0.01;0;3.76459;0;0;-1
0;464;1.54565;-75.9938;-12.1241;8.5;2572.44;5.11093;0;0;0.1;0.01;0;5.48901;1;0;-1
0;465;1.3463;-59.4782;-12.8569;8.86284;2916.13;5.3291;0;0;0.1;0.01;0;6.06245;0;0;-1
0;466;1.68247;-41.2643;-12.6228;9.63019;3741.05;5.79049;0;0;0.1;0.01;0;6.53592;0;0;-1
0;467;1.26434;-21.5669;-10.462;9.21799;3280.93;5.54264;0;0;0.1;0.01;0;6.60864;0;0;-1
0;468;1.59278;-7.44531;-12.1279;8.63646;2698.34;5.19298;0;0;0.1;0.01;0;6.12715;0;0;-1
0;469;3.28063;8.17062;-12.2799;10.1133;4332.79;6.08098;0;0;0.1;0.01;0;6.21136;0;0;-1
0;470;3.19129;25.1262;-13.5516;9.05314;3108.04;5.44352;0;0;0.1;0.01;0;4.72239;0;0;-1
0;471;1.98557;43.7629;-10.4954;9.3009;3370.26;5.5925;0;0;0.1;0.01;0;5.57904;0;0;-1
0;472;2.33162;59.5242;-10.7492;9.45512;3540.71;5.68523;0;0;0.1;0.01;0;6.58772;0;0;-1
0;473;2.70808;76.75;-10.3947;8.91847;2971.39;5.36255;0;0;0.1;0.01;0;6.03205;0;0;-1
0;474;3.09326;94.0399;-11.4629;10.2647;4530.3;6.17202;0;0;0.1;0.01;0;4.46012;0;0;-1
0;475;18.8188;-85.1756;-10.5393;9.35595;3430.46;5.6256;0;0;0.1;0.01;0;5.79975;0;0;-1
0;476;16.0712;-68.1912;-10.515;9.47166;3559.32;5.69517;0;0;0.1;0.01;0;6.35359;0;0;-1
0;477;15.9645;-51.4698;-9.8786;9.86583;4022.44;5.93218;0;0;0.1;0.01;0;5.77935;0;0;-1
0;478;15.5233;-33.389;-10.5182;9.65096;3765.3;5.80298;0;0;0.1;0.01;0;5.74316;0;0;-1
0;479;16.0378;-16.2996;-11.4662;8.57311;2639.39;5.15489;0;0;0.1;0.01;0;5.90904;0;0;-1
0;480;16.4146;1.11801;-11.4598;9.38448;3461.94;5.64275;0;0;0.1;0.01;0;5.57836;0;0;-1
0;481;19.4878;20.9033;-10.8805;9.88972;4051.73;5.94655;0;0;0.1;0.01;0;6.04897;0;0;-1
0;482;19.6217;38.1915;-13.1677;8.5;2572.44;5.11093;0;0;0.1;0.01;0;5.08373;1;0;-1
0;483;18.1848;54.529;-11.4724;8.5;2572.44;5.11093;0;0;0.1;0.01;0;4.93094;1;0;-1
0;484;17.3051;71.4352;-10.3219;10.3965;4707.06;6.25126;0;0;0.1;0.01;0;7.11147;0;0;-1
0;485;15.6989;84.9731;-12.574;8.5;2572.44;5.11093;0;0;0.1;0.01;0;5.45179;1;0;-1
0;486;31.9477;-93.7254;-12.0427;8.83098;2884.8;5.30994;0;0;0.1;0.01;0;1.85683;0;0;-1
0;487;33.3601;-76.6482;-12.3225;9.41174;3492.19;5.65914;0;0;0.1;0.01;0;5.65278;0;0;-1
0;488;32.8911;-55.3904;-10.3502;9.45135;3536.47;5.68296;0;0;0.1;0.01;0;4.9921;0;0;-1
0;489;34.1676;-38.8927;-10.124;9.62386;3733.67;5.78669;0;0;0.1;0.01;0;6.14393;0;0;-1
0;490;31.2305;-21.3588;-12.2764;9.89423;4057.28;5.94926;0;0;0.1;0.01;0;7.10802;0;0;-1
0;491;33.1397;-6.33867;-10.78;8.88235;2935.43;5.34083;0;0;0.1;0.01;0;5.56161;0;0;-1
0;492;33.5025;11.7957;-12.9121;10.3784;4682.52;6.24038;0;0;0.1;0.01;0;7.01835;0;0;-1
0;493;31.4734;29.0496;-10.8302;9.24443;3309.25;5.55854;0;0;0.1;0.01;0;6.82081;0;0;-1
0;494;33.5355;46.2623;-13.2486;9.56238;3662.58;5.74972;0;0;0.1;0.01;0;5.98855;0;0;-1
0;495;32.7921;63.4885;-10.3693;8.6173;2680.42;5.18146;0;0;0.1;0.01;0;5.98524;0;0;-1
0;496;32.263;79.3815;-10.1256;10.0567;4260.45;6.04695;0;0;0.1;0.01;0;6.38689;0;0;-1
0;497;45.967;-82.9372;-10.7886;8.5;2572.44;5.11093;0;0;0.1;0.01;0;4.1546;1;0;-1
0;498;48.1319;-67.8895;-11.4511;9.53328;3629.24;5.73222;0;0;0.1;0.01;0;6.0125;0;0;-1
0;499;47.7019;-47.7289;-11.9631;9.34097;3414.01;5.61659;0;0;0.1;0.01;0;6.11591;0;0;-1
0;500;48.6171;-31.7107;-12.5251;9.05733;3112.36;5.44604;0;0;0.1;0.01;0;5.54046;0;0;-1
0;501;45.555;-14.7379;-10.9474;9.15165;3210.6;5.50275;0;0;0.1;0.01;0;6.26678;0;0;-1
0;502;46.5935;0.435514;-11.0281;10.1585;4391.14;6.10816;0;0;0.1;0.01;0;7.44518;0;0;-1
0;503;47.7349;18.1162;-13.4366;10.1742;4411.53;6.1176;0;0;0.1;0.01;0;7.74628;0;0;-1
0;504;47.8994;34.6524;-10.5443;9.51622;3609.79;5.72196;0;0;0.1;0.01;0;6.42832;0;0;-1
0;505;45.9407;55.1926;-12.5004;8.5;2572.44;5.11093;0;0;0.1;0.01;0;5.01981;1;0;-1
0;506;46.2845;68.4955;-10.0124;9.24156;3306.16;5.55682;0;0;0.1;0.01;0;6.1695;0;0;-1
0;507;47.6928;85.642;-13.0928;8.6403;2701.94;5.19529;0;0;0.1;0.01;0;2.33783;0;0;-1
0;508;61.0929;-74.2506;-11.2886;10.3036;4582.01;6.19541;0;0;0.1;0.01;0;3.19934;0;0;-1
0;509;60.3071;-56.0665;-13.3007;9.61516;3723.56;5.78146;0;0;0.1;0.01;0;6.3942;0;0;-1
0;510;61.4405;-42.1475;-11.6177;9.39919;3478.24;5.6516;0;0;0.1;0.01;0;6.4135;0;0;-1
0;511;62.5795;-25.778;-11.8628;9.28468;3352.66;5.58274;0;0;0.1;0.01;0;5.84277;0;0;-1
0;512;62.7426;-7.6507;-11.5034;9.83406;3983.7;5.91308;0;0;0.1;0.01;0;6.46978;0;0;-1
0;513;60.7359;9.37356;-12.8112;10.2245;4477.29;6.14784;0;0;0.1;0.01;0;6.6584;0;0;-1
0;514;61.9695;28.7539;-10.2207;9.92591;4096.37;5.96831;0;0;0.1;0.01;0;6.30878;0;0;-1
0;515;62.6726;45.9901;-11.1267;9.50542;3597.51;5.71547;0;0;0.1;0.01;0;5.70429;0;0;-1
0;516;63.2345;63.5915;-10.802;10.0981;4313.28;6.07184;0;0;0.1;0.01;0;5.33326;0;0;-1
0;517;61.0471;77.9234;-13.7951;8.90529;2958.24;5.35462;0;0;0.1;0.01;0;2.77318;0;0;-1
0;518;77.6053;-47.5259;-10.8088;8.5;2572.44;5.11093;0;0;0.1;0.01;0;3.89284;1;0;-1
0;519;77.3333;-30.0346;-11.2445;8.60685;2670.68;5.17517;0;0;0.1;0.01;0;5.63019;0;0;-1
0;520;75.2974;-14.44;-10.8547;10.4528;4783.95;6.28512;0;0;0.1;0.01;0;7.80218;0;0;-1
0;521;74.9436;1.12287;-10.9935;8.5;2572.44;5.11093;0;0;0.1;0.01;0;6.16668;1;0;-1
0;522;76.6064;18.0105;-13.3411;8.69993;2758.26;5.23114;0;0;0.1;0.01;0;5.75;0;0;-1
0;523;75.067;34.8511;-12.7139;8.5;2572.44;5.11093;0;0;0.1;0.01;0;5.25303;1;0;-1
0;524;75.3402;51.4823;-10.2327;9.24246;3307.13;5.55736;0;0;0.1;0.01;0;5.72072;0;0;-1
0;525;89.5843;-22.1735;-11.955;8.5;2572.44;5.11093;0;0;0.1;0.01;0;3.79154;1;0;-1
0;526;90.0666;-4.25104;-10.1431;9.67018;3787.85;5.81454;0;0;0.1;0.01;0;4.12317;0;0;-1
0;527;89.5573;12.0101;-11.0216;8.94815;3001.15;5.38039;0;0;0.1;0.01;0;4.80205;0;0;-1
0;528;89.4247;27.0325;-11.2005;8.57982;2645.59;5.15892;0;0;0.1;0.01;0;4.51368;0;0;-1
0;529;89.2375;43.5645;-9.8459;10.0381;4236.85;6.03576;0;0;0.1;0.01;0;3.29347;0;0;-1
0;530;-93.9357;-16.5784;2.39724;9.45997;3546.16;5.68814;0;0;0.1;0.01;0;3.17091;0;0;-1
0;531;-95.6886;2.72898;3.43336;9.65336;3768.11;5.80443;0;0;0.1;0.01;0;3.78366;0;0;-1
0;532;-95.9076;18.6891;2.16251;10.2032;4449.36;6.13504;0;0;0.1;0.01;0;3.23852;0;0;-1
0;533;-79.6769;-55.9199;3.0378;8.5;2572.44;5.11093;0;0;0.1;0.01;0;2.64036;1;0;-1
0;534;-82.6287;-41.5246;4.68243;9.80047;3943.02;5.89288;0;0;0.1;0.01;0;4.17428;0;0;-1
0;535;-80.5992;-23.2246;2.97386;9.80139;3944.13;5.89343;0;0;0.1;0.01;0;6.45376;0;0;-1
0;536;-79.8667;-6.1386;3.71794;9.46528;3552.13;5.69134;0;0;0.1;0.01;0;5.92596;0;0;-1
0;537;-81.7961;10.3558;2.7202;8.90491;2957.86;5.35439;0;0;0.1;0.01;0;4.70724;0;0;-1
0;538;-80.6;25.4917;1.20577;8.5;2572.44;5.11093;0;0;0.1;0.01;0;3.69522;1;0;-1
0;539;-82.6836;44.0732;2.76836;10.2457;4505.19;6.16059;0;0;0.1;0.01;0;4.42221;0;0;-1
0;540;-78.9053;61.1253;3.37528;9.4202;3501.62;5.66423;0;0;0.1;0.01;0;2.56001;0;0;-1
0;541;-63.8844;-65.5098;1.67919;8.86781;2921.04;5.33209;0;0;0.1;0.01;0;4.00891;0;0;-1
0;542;-64.2785;-47.2858;4.4004;10.2617;4526.33;6.17021;0;0;0.1;0.01;0;6.23433;0;0;-1
0;543;-68.3933;-33.0487;3.55611;8.92266;2975.58;5.36507;0;0;0.1;0.01;0;5.7582;0;0;-1
0;544;-67.7971;-14.8218;1.7217;10.4365;4761.6;6.27532;0;0;0.1;0.01;0;6.92757;0;0;-1
0;545;-67.1965;0.399968;3.73737;10.3306;4618.12;6.21164;0;0;0.1;0.01;0;6.93375;0;0;-1
0;546;-64.7315;17.1264;3.36823;10.4477;4776.95;6.28205;0;0;0.1;0.01;0;6.02077;0;0;-1
0;547;-65.1768;36.5241;3.09492;10.4249;4745.74;6.26834;0;0;0.1;0.01;0;6.60419;0;0;-1
0;548;-65.567;52.0294;3.22251;9.47993;3568.65;5.70014;0;0;0.1;0.01;0;5.48052;0;0;-1
0;549;-64.9467;70.4085;3.16232;8.5;2572.44;5.11093;0;0;0.1;0.01;0;2.34848;1;0;-1
0;550;-49.91;-75.3338;3.24492;8.5823;2647.89;5.16041;0;0;0.1;0.01;0;5.0063;0;0;-1
0;551;-50.3447;-59.3876;4.20889;8.71413;2771.79;5.23968;0;0;0.1;0.01;0;5.50708;0;0;-1
0;552;-50.9559;-42.3316;3.33498;8.72965;2786.63;5.24901;0;0;0.1;0.01;0;5.46188;0;0;-1
0;553;-52.1145;-24.473;3.65022;8.58632;2651.61;5.16283;0;0;0.1;0.01;0;4.18451;0;0;-1
0;554;-49.6378;-5.37947;2.14939;8.5;2572.44;5.11093;0;0;0.1;0.01;0;4.35458;1;0;-1
0;555;-52.3037;10.062;3.75506;8.5;2572.44;5.11093;0;0;0.1;0.01;0;4.98769;1;0;-1
0;556;-52.7597;25.8368;2.70179;8.5;2572.44;5.11093;0;0;0.1;0.01;0;5.48565;1;0;-1
0;557;-50.2697;42.9878;5.11564;9.8444;3996.28;5.91929;0;0;0.1;0.01;0;5.97384;0;0;-1
0;558;-50.7545;63.4563;1.83739;9.04923;3104.01;5.44117;0;0;0.1;0.01;0;5.21344;0;0;-1
0;559;-51.4557;78.1194;1.28976;9.76208;3896.87;5.8698;0;0;0.1;0.01;0;4.43734;0;0;-1
0;560;-34.9768;-84.0136;3.44262;9.36644;3442.01;5.6319;0;0;0.1;0.01;0;5.15505;0;0;-1
0;561;-38.4995;-67.3865;3.24702;9.15764;3216.91;5.50636;0;0;0.1;0.01;0;5.35535;0;0;-1
0;562;-36.7066;-50.3908;4.11784;8.5;2572.44;5.11093;0;0;0.1;0.01;0;5.1736;1;0;-1
0;563;-35.8322;-32.6217;2.67534;9.95707;4135.07;5.98704;0;0;0.1;0.01;0;6.05267;0;0;-1
0;564;-38.0761;-14.0883;3.15515;8.97516;3028.41;5.39663;0;0;0.1;0.01;0;4.98471;0;0;-1
0;565;-36.6343;3.18106;4.03671;8.90095;2953.91;5.35201;0;0;0.1;0.01;0;5.8554;0;0;-1
0;566;-38.1415;19.9748;2.91908;10.1518;4382.46;6.10413;0;0;0.1;0.01;0;6.86628;0;0;-1
0;567;-38.1994;36.3096;1.02667;8.89588;2948.87;5.34896;0;0;0.1;0.01;0;5.93079;0;0;-1
0;568;-35.4186;50.8413;2.86435;9.82839;3976.82;5.90967;0;0;0.1;0.01;0;5.01557;0;0;-1
0;569;-35.7494;71.7411;1.33977;10.4423;4769.55;6.2788;0;0;0.1;0.01;0;6.28697;0;0;-1
0;570;-35.33;87.8894;3.29197;9.58234;3685.56;5.76172;0;0;0.1;0.01;0;5.14462;0;0;-1
0;571;-20.7799;-93.6581;1.59924;9.51832;3612.18;5.72323;0;0;0.1;0.01;0;4.31143;0;0;-1
0;572;-20.568;-76.605;4.59664;8.53528;2604.61;5.13214;0;0;0.1;0.01;0;5.26461;0;0;-1
0;573;-23.622;-57.6366;1.54243;9.2155;3278.27;5.54115;0;0;0.1;0.01;0;6.00479;0;0;-1
0;574;-23.2202;-40.3582;2.14419;9.25268;3318.11;5.5635;0;0;0.1;0.01;0;6.41809;0;0;-1
0;575;-21.1697;-23.076;3.57067;8.5;2572.44;5.11093;0;0;0.1;0.01;0;5.39928;1;0;-1
0;576;-20.5793;-5.1934;3.33805;8.55675;2624.31;5.14505;0;0;0.1;0.01;0;6.16249;0;0;-1
0;577;-20.19;9.99132;4.07064;10.1133;4332.79;6.08098;0;0;0.1;0.01;0;6.90045;0;0;-1
0;578;-23.9418;27.5266;1.88558;8.5874;2652.61;5.16348;0;0;0.1;0.01;0;3.99302;0;0;-1
0;579;-19.9327;46.9948;1.8301;9.19996;3261.72;5.5318;0;0;0.1;0.01;0;4.54776;0;0;-1
0;580;-22.0317;63.3252;2.16701;9.89483;4058.01;5.94962;0;0;0.1;0.01;0;6.65769;0;0;-1
0;581;-22.1879;77.5543;1.90835;9.60554;3712.39;5.77567;0;0;0.1;0.01;0;6.19818;0;0;-1
0;582;-23.3666;96.237;1.35457;9.90756;4073.7;5.95727;0;0;0.1;0.01;0;3.41986;0;0;-1
0;583;-7.0706;-98.9517;0.926229;10.0776;4287.06;6.05951;0;0;0.1;0.01;0;2.97457;0;0;-1
0;584;-5.6435;-81.0561;3.71392;8.73414;2790.93;5.25171;0;0;0.1;0.01;0;5.62608;0;0;-1
0;585;-9.08046;-66.6487;2.77261;10.3839;4689.97;6.24369;0;0;0.1;0.01;0;5.75175;0;0;-1
0;586;-7.63428;-49.2542;2.31147;8.64791;2709.08;5.19986;0;0;0.1;0.01;0;5.09603;0;0;-1
0;587;-7.46716;-29.9753;2.51652;9.4445;3528.79;5.67884;0;0;0.1;0.01;0;6.35211;0;0;-1
0;588;-8.78304;-14.1913;3.11346;9.71029;3835.18;5.83866;0;0;0.1;0.01;0;6.88212;0;0;-1
0;589;-7.88644;1.8067;3.7768;8.5;2572.44;5.11093;0;0;0.1;0.01;0;5.90071;1;0;-1
0;590;-6.29914;17.358;1.34251;8.51996;2590.61;5.12293;0;0;0.1;0.01;0;5.93137;0;0;-1
0;591;-6.16551;34.6544;3.69818;9.22465;3288.05;5.54665;0;0;0.1;0.01;0;5.51023;0;0;-1
0;592;-5.76209;51.8047;3.53777;8.5;2572.44;5.11093;0;0;0.1;0.01;0;5.8695;1;0;-1
0;593;-7.56849;71.7866;2.32944;10.3283;4615.04;6.21026;0;0;0.1;0.01;0;6.85485;0;0;-1
0;594;-9.20589;88.3786;3.6845;9.77079;3907.31;5.87503;0;0;0.1;0.01;0;4.97623;0;0;-1
0;595;8.03892;-92.1735;3.10223;8.71605;2773.63;5.24083;0;0;0.1;0.01;0;4.70667;0;0;-1
0;596;8.63628;-76.0903;1.83019;9.61678;3725.44;5.78243;0;0;0.1;0.01;0;7.04001;0;0;-1
0;597;5.95365;-58.9236;1.68765;10.096;4310.59;6.07058;0;0;0.1;0.01;0;6.92049;0;0;-1
0;598;7.03591;-42.7383;3.593;9.83689;3987.15;5.91478;0;0;0.1;0.01;0;6.7277;0;0;-1
0;599;7.54454;-24.9344;1.84783;9.5353;3631.55;5.73344;0;0;0.1;0.01;0;6.5071;0;0;-1
0;600;9.35835;-8.45992;4.44278;10.1237;4346.17;6.08723;0;0;0.1;0.01;0;5.93066;0;0;-1
0;601;5.73564;10.4537;2.77549;8.89902;2951.99;5.35085;0;0;0.1;0.01;0;4.95994;0;0;-1
0;602;7.62879;25.4214;2.12011;9.91149;4078.55;5.95964;0;0;0.1;0.01;0;6.08991;0;0;-1
0;603;8.38156;44.0603;2.3522;8.5;2572.44;5.11093;0;0;0.1;0.01;0;5.04572;1;0;-1
0;604;6.90963;60.3882;1.62229;8.5;2572.44;5.11093;0;0;0.1;0.01;0;5.6583;1;0;-1
0;605;8.8028;76.5028;2.67646;8.62821;2690.61;5.18802;0;0;0.1;0.01;0;5.79901;0;0;-1
0;606;5.61188;97.9033;1.52064;9.70502;3828.93;5.83549;0;0;0.1;0.01;0;2.8269;0;0;-1
0;607;20.4535;-85.2889;2.17614;8.5;2572.44;5.11093;0;0;0.1;0.01;0;4.15164;1;0;-1
0;608;23.706;-66.3228;2.7376;10.1485;4378.19;6.10215;0;0;0.1;0.01;0;5.92347;0;0;-1
0;609;22.3803;-47.3549;4.38342;8.61569;2678.91;5.18049;0;0;0.1;0.01;0;4.58403;0;0;-1
0;610;21.7423;-31.0848;1.47888;8.5;2572.44;5.11093;0;0;0.1;0.01;0;5.79172;1;0;-1
0;611;21.4303;-14.7108;1.49896;8.5;2572.44;5.11093;0;0;0.1;0.01;0;5.46911;1;0;-1
0;612;23.2031;4.33589;1.19676;9.49255;3582.92;5.70773;0;0;0.1;0.01;0;5.44745;0;0;-1
0;613;23.3881;20.8328;4.67461;9.56391;3664.33;5.75064;0;0;0.1;0.01;0;6.8392;0;0;-1
0;614;21.9831;37.2964;4.96264;8.5;2572.44;5.11093;0;0;0.1;0.01;0;5.66049;1;0;-1
0;615;22.7779;51.4222;3.72096;9.88732;4048.78;5.9451;0;0;0.1;0.01;0;6.64268;0;0;-1
0;616;21.134;67.7552;1.65553;9.16445;3224.09;5.51045;0;0;0.1;0.01;0;5.95777;0;0;-1
0;617;21.4038;89.4941;1.13714;10.1186;4339.6;6.08417;0;0;0.1;0.01;0;4.04411;0;0;-1
0;618;38.0407;-75.9277;1.65881;9.44408;3528.32;5.67859;0;0;0.1;0.01;0;6.03111;0;0;-1
0;619;38.5547;-59.6036;4.02631;8.64248;2703.98;5.1966;0;0;0.1;0.01;0;5.22641;0;0;-1
0;620;34.9057;-40.1468;3.41597;8.9796;3032.91;5.3993;0;0;0.1;0.01;0;5.45044;0;0;-1
0;621;35.0492;-25.7255;1.19778;9.54414;3641.66;5.73875;0;0;0.1;0.01;0;6.10646;0;0;-1
0;622;38.0184;-8.85191;4.48189;9.35846;3433.22;5.62711;0;0;0.1;0.01;0;6.01338;0;0;-1
0;623;37.2338;9.08553;1.45465;9.51894;3612.89;5.7236;0;0;0.1;0.01;0;5.74587;0;0;-1
0;624;36.663;27.2528;2.87455;9.98295;4167.4;6.0026;0;0;0.1;0.01;0;6.51409;0;0;-1
0;625;35.9312;44.5349;1.2141;10.3932;4702.58;6.24928;0;0;0.1;0.01;0;6.87962;0;0;-1
0;626;36.0989;62.7046;3.83128;10.293;4567.88;6.18903;0;0;0.1;0.01;0;7.82411;0;0;-1
0;627;37.6636;80.0018;2.52735;10.395;4705.03;6.25036;0;0;0.1;0.01;0;5.1399;0;0;-1
0;628;50.844;-83.5285;2.89734;8.5;2572.44;5.11093;0;0;0.1;0.01;0;2.98939;1;0;-1
0;629;52.1841;-64.6103;4.04369;9.83279;3982.16;5.91231;0;0;0.1;0.01;0;5.58539;0;0;-1
0;630;50.3207;-48.4699;3.261;10.1367;4362.93;6.09505;0;0;0.1;0.01;0;6.36355;0;0;-1
0;631;53.4033;-33.6533;4.795;8.5;2572.44;5.11093;0;0;0.1;0.01;0;5.81177;1;0;-1
0;632;51.3837;-15.8287;2.999;8.60239;2666.53;5.17249;0;0;0.1;0.01;0;5.11895;0;0;-1
0;633;52.1602;1.13358;2.46252;8.51441;2585.55;5.11959;0;0;0.1;0.01;0;5.43428;0;0;-1
0;634;52.3753;17.0494;1.66771;9.47502;3563.11;5.69719;0;0;0.1;0.01;0;7.31085;0;0;-1
0;635;50.1829;34.3869;2.73592;9.80689;3950.78;5.89674;0;0;0.1;0.01;0;6.23245;0;0;-1
0;636;51.3756;54.633;4.69842;8.5;2572.44;5.11093;0;0;0.1;0.01;0;5.01836;1;0;-1
0;637;50.0056;67.7086;3.25692;9.09874;3155.24;5.47094;0;0;0.1;0.01;0;4.70026;0;0;-1
0;638;68.0559;-56.0621;4.68324;9.91865;4087.39;5.96394;0;0;0.1;0.01;0;4.38749;0;0;-1
0;639;67.594;-39.0444;2.40162;9.67029;3787.97;5.81461;0;0;0.1;0.01;0;7.08959;0;0;-1
0;640;64.731;-24.1614;3.89778;8.59961;2663.94;5.17082;0;0;0.1;0.01;0;5.67701;0;0;-1
0;641;67.8207;-6.65805;4.42641;8.5;2572.44;5.11093;0;0;0.1;0.01;0;4.86768;1;0;-1
0;642;65.6279;12.2007;3.83128;10.2544;4516.68;6.16582;0;0;0.1;0.01;0;6.72125;0;0;-1
0;643;65.488;25.9317;3.94455;8.5;2572.44;5.11093;0;0;0.1;0.01;0;6.09883;1;0;-1
0;644;66.9173;44.3116;4.36072;9.40417;3483.77;5.65459;0;0;0.1;0.01;0;5.698;0;0;-1
0;645;67.4205;60.1761;4.32061;9.78995;3930.34;5.88655;0;0;0.1;0.01;0;4.46807;0;0;-1
0;646;82.3313;-47.3932;5.10284;9.16647;3226.23;5.51167;0;0;0.1;0.01;0;3.67545;0;0;-1
0;647;82.1689;-33.1095;3.1826;10.4059;4719.84;6.25692;0;0;0.1;0.01;0;5.82397;0;0;-1
0;648;81.397;-15.7966;3.83865;9.58771;3691.76;5.76495;0;0;0.1;0.01;0;6.49018;0;0;-1
0;649;79.7741;0.0577888;1.87618;9.17655;3236.88;5.51773;0;0;0.1;0.01;0;5.73019;0;0;-1
0;650;80.974;18.2578;2.44803;9.17519;3235.44;5.51691;0;0;0.1;0.01;0;6.64316;0;0;-1
0;651;82.5362;36.1045;4.09347;10.3563;4652.67;6.22709;0;0;0.1;0.01;0;5.55292;0;0;-1
0;652;82.8016;55.3;4.89274;9.98006;4163.78;6.00087;0;0;0.1;0.01;0;2.84928;0;0;-1
0;653;95.8354;-23.3879;2.10113;10.372;4673.86;6.23653;0;0;0.1;0.01;0;3.62932;0;0;-1
0;654;96.3566;-7.5648;4.22179;9.30892;3378.99;5.59732;0;0;0.1;0.01;0;3.40725;0;0;-1
0;655;94.5254;12.1156;1.93224;9.59168;3696.35;5.76734;0;0;0.1;0.01;0;4.21207;0;0;-1
0;656;94.3108;26.6344;4.47958;10.0281;4224.2;6.02975;0;0;0.1;0.01;0;4.46479;0;0;-1
0;657;-86.8366;-40.7541;19.2024;10.0139;4206.28;6.02121;0;0;0.1;0.01;0;3.2219;0;0;-1
0;658;-85.0801;-21.1763;18.559;9.39531;3473.94;5.64926;0;0;0.1;0.01;0;3.28236;0;0;-1
0;659;-84.876;-4.98727;19.2716;9.9256;4095.99;5.96812;0;0;0.1;0.01;0;4.60408;0;0;-1
0;660;-86.6487;10.482;17.1921;9.41782;3498.97;5.6628;0;0;0.1;0.01;0;4.71581;0;0;-1
0;661;-85.725;27.1065;18.3079;8.5;2572.44;5.11093;0;0;0.1;0.01;0;3.21785;1;0;-1
0;662;-84.259;45.33;18.9273;8.68184;2741.09;5.22026;0;0;0.1;0.01;0;2.72767;0;0;-1
0;663;-72.1091;-63.6419;19.845;9.46219;3548.65;5.68948;0;0;0.1;0.01;0;3.35507;0;0;-1
0;664;-70.8116;-48.5604;16.6687;9.04696;3101.68;5.43981;0;0;0.1;0.01;0;6.11209;0;0;-1
0;665;-68.9819;-33.8705;19.1935;8.5;2572.44;5.11093;0;0;0.1;0.01;0;5.46684;1;0;-1
0;666;-71.959;-13.1873;19.0215;9.90376;4069.01;5.95499;0;0;0.1;0.01;0;7.23452;0;0;-1
0;667;-69.3891;2.17285;19.7049;9.7357;3865.36;5.85394;0;0;0.1;0.01;0;6.93133;0;0;-1
0;668;-70.2476;18.6423;19.3012;9.64972;3763.85;5.80224;0;0;0.1;0.01;0;5.80137;0;0;-1
0;669;-70.2936;34.2549;16.7422;8.77909;2834.24;5.27874;0;0;0.1;0.01;0;4.32335;0;0;-1
0;670;-70.2557;52.8844;16.2624;8.5;2572.44;5.11093;0;0;0.1;0.01;0;3.91552;1;0;-1
0;671;-58.0244;-74.9477;17.1192;10.065;4271;6.05194;0;0;0.1;0.01;0;4.51537;0;0;-1
0;672;-57.5004;-58.6527;18.7038;9.47117;3558.77;5.69488;0;0;0.1;0.01;0;6.43797;0;0;-1
0;673;-56.2014;-39.5396;17.4567;10.2399;4497.55;6.1571;0;0;0.1;0.01;0;7.40164;0;0;-1
0;674;-57.0842;-23.2717;16.9159;8.9323;2985.23;5.37086;0;0;0.1;0.01;0;5.73235;0;0;-1
0;675;-55.188;-6.4651;16.0524;9.97374;4155.88;5.99707;0;0;0.1;0.01;0;6.24476;0;0;-1
0;676;-57.126;8.61672;17.4092;8.70387;2762.01;5.23351;0;0;0.1;0.01;0;5.38447;0;0;-1
0;677;-55.3805;26.7721;16.791;9.65507;3770.12;5.80545;0;0;0.1;0.01;0;5.71146;0;0;-1
0;678;-54.974;46.8977;18.9445;8.5;2572.44;5.11093;0;0;0.1;0.01;0;4.35258;1;0;-1
0;679;-53.9909;61.9329;18.2856;8.67427;2733.93;5.21571;0;0;0.1;0.01;0;3.80655;0;0;-1
0;680;-53.7927;78.0483;19.6573;9.60026;3706.27;5.7725;0;0;0.1;0.01;0;2.63927;0;0;-1
0;681;-41.6975;-84.6157;16.8493;9.64536;3758.75;5.79962;0;0;0.1;0.01;0;4.32898;0;0;-1
0;682;-40.6321;-67.4684;17.7339;8.98447;3037.85;5.40223;0;0;0.1;0.01;0;5.51438;0;0;-1
0;683;-40.467;-47.7817;16.7396;9.09298;3149.25;5.46748;0;0;0.1;0.01;0;5.2587;0;0;-1
0;684;-42.5284;-33.0291;18.1987;9.56256;3662.78;5.74983;0;0;0.1;0.01;0;6.35237;0;0;-1
0;685;-42.1558;-13.7528;16.4897;8.5;2572.44;5.11093;0;0;0.1;0.01;0;4.9151;1;0;-1
0;686;-39.9883;2.28011;17.7265;8.8338;2887.56;5.31164;0;0;0.1;0.01;0;5.08319;0;0;-1
0;687;-42.209;18.6863;18.466;8.81873;2872.81;5.30257;0;0;0.1;0.01;0;5.43446;0;0;-1
0;688;-41.1644;33.7388;18.2782;8.97255;3025.77;5.39506;0;0;0.1;0.01;0;5.191;0;0;-1
0;689;-39.7076;53.2117;18.5454;8.97931;3032.62;5.39913;0;0;0.1;0.01;0;4.73875;0;0;-1
0;690;-39.5849;71.4836;16.3972;10.2106;4459.05;6.13949;0;0;0.1;0.01;0;5.90446;0;0;-1
0;691;-41.5967;87.7462;18.5401;8.98874;3042.18;5.4048;0;0;0.1;0.01;0;2.93153;0;0;-1
0;692;-27.7639;-93.4543;16.8265;10.4523;4783.26;6.28482;0;0;0.1;0.01;0;3.97926;0;0;-1
0;693;-27.5091;-72.8545;18.5013;9.83112;3980.13;5.91131;0;0;0.1;0.01;0;6.1654;0;0;-1
0;694;-25.368;-56.7101;16.2748;8.5;2572.44;5.11093;0;0;0.1;0.01;0;4.45053;1;0;-1
0;695;-24.4998;-40.3789;17.8409;8.88227;2935.35;5.34078;0;0;0.1;0.01;0;5.48621;0;0;-1
0;696;-28.3597;-24.7226;16.3154;9.59361;3698.58;5.7685;0;0;0.1;0.01;0;6.04763;0;0;-1
0;697;-28.3815;-7.18465;16.0171;9.33032;3402.34;5.61019;0;0;0.1;0.01;0;5.29327;0;0;-1
0;698;-26.9595;10.6796;16.4879;9.60486;3711.6;5.77526;0;0;0.1;0.01;0;6.0918;0;0;-1
0;699;-27.4537;28.0478;17.3664;9.05772;3112.76;5.44628;0;0;0.1;0.01;0;5.12914;0;0;-1
0;700;-25.4596;45.9275;17.6335;9.58543;3689.13;5.76358;0;0;0.1;0.01;0;5.7659;0;0;-1
0;701;-28.1567;62.0548;16.399;9.01678;3070.74;5.42166;0;0;0.1;0.01;0;5.90238;0;0;-1
0;702;-27.4132;80.4149;16.314;10.1887;4430.42;6.12632;0;0;0.1;0.01;0;5.88948;0;0;-1
0;703;-13.2875;-83.6103;17.6406;9.77088;3907.42;5.87509;0;0;0.1;0.01;0;5.4559;0;0;-1
0;704;-13.7365;-65.6429;17.0213;8.5;2572.44;5.11093;0;0;0.1;0.01;0;4.20891;1;0;-1
0;705;-11.1805;-47.5308;16.2715;9.7905;3931;5.88689;0;0;0.1;0.01;0;5.4506;0;0;-1
0;706;-12.3551;-30.7823;19.3448;8.63701;2698.85;5.19331;0;0;0.1;0.01;0;5.76311;0;0;-1
0;707;-11.5495;-16.1857;17.4715;9.71429;3839.92;5.84106;0;0;0.1;0.01;0;6.34237;0;0;-1
0;708;-13.6696;1.66329;17.1271;10.0878;4300.09;6.06565;0;0;0.1;0.01;0;7.02444;0;0;-1
0;709;-13.1776;20.7907;16.613;10.0841;4295.36;6.06342;0;0;0.1;0.01;0;6.26876;0;0;-1
0;710;-10.9526;37.3176;17.2893;8.97727;3030.55;5.3979;0;0;0.1;0.01;0;5.49382;0;0;-1
0;711;-10.0211;52.3593;18.302;10.1287;4352.61;6.09024;0;0;0.1;0.01;0;6.64139;0;0;-1
0;712;-11.6719;68.428;18.3702;8.59754;2662.02;5.16958;0;0;0.1;0.01;0;5.2077;0;0;-1
0;713;-11.0491;85.2611;18.6725;8.5;2572.44;5.11093;0;0;0.1;0.01;0;3.73809;1;0;-1
0;714;1.68397;-91.9852;17.4381;10.248;4508.23;6.16197;0;0;0.1;0.01;0;3.90906;0;0;-1
0;715;4.58534;-72.272;15.9844;8.68782;2746.76;5.22386;0;0;0.1;0.01;0;5.15347;0;0;-1
0;716;2.81474;-56.9733;17.3289;8.5;2572.44;5.11093;0;0;0.1;0.01;0;5.54495;1;0;-1
0;717;2.96287;-39.8578;16.6705;9.887;4048.39;5.94491;0;0;0.1;0.01;0;6.58525;0;0;-1
0;718;2.38415;-24.467;16.4627;8.82136;2875.38;5.30416;0;0;0.1;0.01;0;5.63519;0;0;-1
0;719;4.97243;-8.37516;17.1155;8.57217;2638.52;5.15432;0;0;0.1;0.01;0;4.74425;0;0;-1
0;720;4.17389;9.65012;16.3836;9.89258;4055.25;5.94826;0;0;0.1;0.01;0;4.89188;0;0;-1
0;721;2.16094;28.5082;16.6384;9.95865;4137.04;5.98799;0;0;0.1;0.01;0;6.24938;0;0;-1
0;722;2.53287;46.1844;15.6151;8.5982;2662.63;5.16997;0;0;0.1;0.01;0;5.80277;0;0;-1
0;723;2.66233;63.402;15.8901;10.4039;4717.12;6.25571;0;0;0.1;0.01;0;6.71157;0;0;-1
0;724;0.996401;77.963;15.937;8.66392;2724.16;5.20949;0;0;0.1;0.01;0;5.68562;0;0;-1
0;725;4.69516;93.0896;17.7668;8.70908;2766.98;5.23664;0;0;0.1;0.01;0;2.89582;0;0;-1
0;726;17.7765;-82.3793;17.1052;10.0453;4245.97;6.04009;0;0;0.1;0.01;0;5.13215;0;0;-1
0;727;15.8028;-64.4103;16.3769;8.5;2572.44;5.11093;0;0;0.1;0.01;0;4.9439;1;0;-1
0;728;16.0227;-50.0863;18.3067;9.61978;3728.93;5.78423;0;0;0.1;0.01;0;5.55465;0;0;-1
0;729;18.931;-33.9814;18.0999;8.5;2572.44;5.11093;0;0;0.1;0.01;0;4.31697;1;0;-1
0;730;18.355;-17.0111;17.3408;9.30503;3374.75;5.59498;0;0;0.1;0.01;0;5.77547;0;0;-1
0;731;17.4608;2.71806;18.4881;8.54447;2613.03;5.13767;0;0;0.1;0.01;0;4.73936;0;0;-1
0;732;16.5767;21.1402;16.2168;9.14026;3198.63;5.49591;0;0;0.1;0.01;0;6.27796;0;0;-1
0;733;16.5135;37.0697;17.4443;8.88866;2941.69;5.34462;0;0;0.1;0.01;0;5.88907;0;0;-1
0;734;19.6665;52.9281;17.696;8.85858;2911.93;5.32654;0;0;0.1;0.01;0;5.1661;0;0;-1
0;735;16.414;69.7773;17.3832;8.51644;2587.4;5.12081;0;0;0.1;0.01;0;5.15497;0;0;-1
0;736;17.9119;85.6793;16.4583;9.17315;3233.29;5.51568;0;0;0.1;0.01;0;3.56721;0;0;-1
0;737;33.1743;-92.488;15.9353;9.05955;3114.64;5.44738;0;0;0.1;0.01;0;1.68889;0;0;-1
0;738;33.7884;-73.7667;16.1021;9.51316;3606.31;5.72013;0;0;0.1;0.01;0;5.47869;0;0;-1
0;739;33.1782;-55.2461;18.0166;9.15668;3215.9;5.50578;0;0;0.1;0.01;0;4.54286;0;0;-1
0;740;33.649;-39.0279;18.0718;8.5;2572.44;5.11093;0;0;0.1;0.01;0;5.33056;1;0;-1
0;741;31.4372;-24.4875;16.3347;9.37929;3456.2;5.63963;0;0;0.1;0.01;0;6.48299;0;0;-1
0;742;30.7121;-8.06087;18.5929;9.30862;3378.66;5.59714;0;0;0.1;0.01;0;5.4966;0;0;-1
0;743;30.5284;11.5649;17.0198;8.87722;2930.35;5.33774;0;0;0.1;0.01;0;5.13255;0;0;-1
0;744;32.0958;26.8734;16.7663;8.78131;2836.39;5.28007;0;0;0.1;0.01;0;5.40288;0;0;-1
0;745;33.2194;45.7673;16.5229;8.5;2572.44;5.11093;0;0;0.1;0.01;0;5.28787;1;0;-1
0;746;30.4909;63.4377;19.4783;9.08213;3137.99;5.46095;0;0;0.1;0.01;0;6.81486;0;0;-1
0;747;30.6491;77.8133;17.8471;9.25776;3323.58;5.56656;0;0;0.1;0.01;0;5.18354;0;0;-1
0;748;45.3117;-81.2462;16.0899;9.99665;4184.58;6.01084;0;0;0.1;0.01;0;4.70907;0;0;-1
0;749;48.9065;-67.6388;17.0083;8.61752;2680.62;5.18159;0;0;0.1;0.01;0;5.08311;0;0;-1
0;750;47.511;-48.1677;18.5901;8.5;2572.44;5.11093;0;0;0.1;0.01;0;4.60253;1;0;-1
0;751;46.7622;-31.8982;16.6132;9.52674;3621.78;5.72829;0;0;0.1;0.01;0;6.82934;0;0;-1
0;752;46.3603;-15.3162;17.5041;9.96599;4146.2;5.99241;0;0;0.1;0.01;0;6.40206;0;0;-1
0;753;46.2066;4.39698;19.4814;9.61473;3723.06;5.7812;0;0;0.1;0.01;0;5.43008;0;0;-1
0;754;48.7901;20.4703;17.3369;9.77667;3914.37;5.87857;0;0;0.1;0.01;0;6.2293;0;0;-1
0;755;46.8576;34.8791;18.9832;8.5;2572.44;5.11093;0;0;0.1;0.01;0;5.23585;1;0;-1
0;756;45.0859;54.0913;16.5902;10.1386;4365.39;6.09619;0;0;0.1;0.01;0;6.57439;0;0;-1
0;757;46.9797;68.981;17.7783;8.7934;2848.13;5.28734;0;0;0.1;0.01;0;5.04291;0;0;-1
0;758;45.9404;86.0532;19.6685;8.5;2572.44;5.11093;0;0;0.1;0.01;0;1.28198;1;0;-1
0;759;61.2229;-75.4461;17.4878;9.74749;3879.42;5.86102;0;0;0.1;0.01;0;2.82166;0;0;-1
0;760;62.3074;-57.9495;18.166;8.5;2572.44;5.11093;0;0;0.1;0.01;0;4.94834;1;0;-1
0;761;62.5622;-38.7109;16.7012;10.097;4311.87;6.07118;0;0;0.1;0.01;0;7.49635;0;0;-1
0;762;60.4211;-24.2752;16.5137;9.90118;4065.83;5.95344;0;0;0.1;0.01;0;7.54556;0;0;-1
0;763;60.3771;-7.40338;16.749;8.93108;2984.01;5.37013;0;0;0.1;0.01;0;4.81222;0;0;-1
0;764;62.4595;10.6027;16.967;9.45392;3539.36;5.6845;0;0;0.1;0.01;0;5.77921;0;0;-1
0;765;61.6872;28.532;16.4774;10.2254;4478.47;6.14838;0;0;0.1;0.01;0;7.22222;0;0;-1
0;766;61.8682;45.2082;19.0364;8.67367;2733.36;5.21535;0;0;0.1;0.01;0;6.07971;0;0;-1
0;767;62.2939;63.6368;19.0421;10.0225;4217.13;6.02638;0;0;0.1;0.01;0;4.83297;0;0;-1
0;768;75.9069;-50.207;19.51;8.70096;2759.24;5.23176;0;0;0.1;0.01;0;3.0137;0;0;-1
0;769;76.0468;-33.4784;18.3425;10.0886;4301.12;6.06613;0;0;0.1;0.01;0;6.13326;0;0;-1
0;770;77.6193;-16.9534;16.7483;8.5;2572.44;5.11093;0;0;0.1;0.01;0;4.96083;1;0;-1
0;771;74.8824;0.855033;19.4042;8.71841;2775.88;5.24225;0;0;0.1;0.01;0;4.44557;0;0;-1
0;772;76.4921;20.1079;16.1851;9.82373;3971.16;5.90687;0;0;0.1;0.01;0;6.53842;0;0;-1
0;773;74.8201;37.9194;19.071;10.3722;4674.14;6.23665;0;0;0.1;0.01;0;6.7357;0;0;-1
0;774;76.5229;52.4261;18.7552;8.77615;2831.4;5.27697;0;0;0.1;0.01;0;4.58119;0;0;-1
0;775;91.5295;-22.0667;18.6367;9.7875;3927.39;5.88508;0;0;0.1;0.01;0;4.34394;0;0;-1
0;776;92.7452;-7.35312;19.9334;8.5;2572.44;5.11093;0;0;0.1;0.01;0;2.61932;1;0;-1
0;777;91.6972;9.32527;16.2211;9.05672;3111.73;5.44567;0;0;0.1;0.01;0;2.5274;0;0;-1
0;778;89.4662;26.8409;17.3956;9.35384;3428.14;5.62433;0;0;0.1;0.01;0;4.07948;0;0;-1
0;779;-93.5854;2.40945;34.5613;8.55786;2625.33;5.14572;0;0;0.1;0.01;0;2.84598;0;0;-1
0;780;-82.0405;-39.7095;31.6332;9.85962;4014.85;5.92845;0;0;0.1;0.01;0;3.15561;0;0;-1
0;781;-79.6845;-25.0891;32.4543;9.32437;3395.84;5.60661;0;0;0.1;0.01;0;4.25316;0;0;-1
0;782;-79.0001;-6.09102;34.0263;9.22038;3283.49;5.54408;0;0;0.1;0.01;0;5.9772;0;0;-1
0;783;-80.1796;10.0434;31.8165;8.73128;2788.19;5.24999;0;0;0.1;0.01;0;4.89393;0;0;-1
0;784;-82.7044;25.8721;30.9218;9.40262;3482.05;5.65366;0;0;0.1;0.01;0;2.74834;0;0;-1
0;785;-79.9034;46.0325;31.3476;8.54151;2610.31;5.13589;0;0;0.1;0.01;0;2.20377;0;0;-1
0;786;-65.9588;-66.8905;33.9545;9.46889;3556.2;5.69351;0;0;0.1;0.01;0;3.41789;0;0;-1
0;787;-66.625;-47.6731;32.2396;9.70994;3834.76;5.83845;0;0;0.1;0.01;0;4.79113;0;0;-1
0;788;-64.3041;-30.7698;34.2087;9.95636;4134.19;5.98661;0;0;0.1;0.01;0;6.55767;0;0;-1
0;789;-66.7731;-15.5643;31.0214;8.5;2572.44;5.11093;0;0;0.1;0.01;0;5.9531;1;0;-1
0;790;-65.608;0.0143995;34.1243;8.9441;2997.08;5.37796;0;0;0.1;0.01;0;5.98575;0;0;-1
0;791;-66.5505;18.1263;33.8928;8.5;2572.44;5.11093;0;0;0.1;0.01;0;4.42915;1;0;-1
0;792;-64.4063;35.17;31.6578;8.58667;2651.94;5.16304;0;0;0.1;0.01;0;4.16573;0;0;-1
0;793;-66.8401;53.0608;33.2069;9.91933;4088.23;5.96435;0;0;0.1;0.01;0;3.57253;0;0;-1
0;794;-53.1862;-73.3241;30.6177;10.1149;4334.84;6.08194;0;0;0.1;0.01;0;4.85282;0;0;-1
0;795;-50.1858;-58.7176;30.9873;9.48167;3570.62;5.70119;0;0;0.1;0.01;0;6.02694;0;0;-1
0;796;-49.8385;-38.4047;31.6523;9.72083;3847.68;5.84499;0;0;0.1;0.01;0;6.12711;0;0;-1
0;797;-52.8082;-21.2946;31.1182;8.5;2572.44;5.11093;0;0;0.1;0.01;0;4.91531;1;0;-1
0;798;-52.706;-7.28908;34.1935;9.66627;3783.25;5.81219;0;0;0.1;0.01;0;4.47825;0;0;-1
0;799;-51.6683;11.8711;31.7753;8.5;2572.44;5.11093;0;0;0.1;0.01;0;4.16196;1;0;-1
0;800;-50.7167;29.4034;32.6089;8.5;2572.44;5.11093;0;0;0.1;0.01;0;5.23762;1;0;-1
0;801;-52.7764;43.3423;33.1272;8.5;2572.44;5.11093;0;0;0.1;0.01;0;5.24194;1;0;-1
0;802;-51.6428;60.0708;33.9711;8.5;2572.44;5.11093;0;0;0.1;0.01;0;4.23822;1;0;-1
0;803;-35.6431;-85.395;34.2824;10.1766;4414.65;6.11904;0;0;0.1;0.01;0;3.63723;0;0;-1
0;804;-38.002;-66.3769;31.2857;8.5;2572.44;5.11093;0;0;0.1;0.01;0;4.55933;1;0;-1
0;805;-37.9458;-47.2923;33.1255;9.74583;3877.44;5.86003;0;0;0.1;0.01;0;5.96629;0;0;-1
0;806;-34.4733;-33.0294;33.029;10.2533;4515.23;6.16516;0;0;0.1;0.01;0;6.52036;0;0;-1
0;807;-35.1764;-16.2771;32.7142;8.8572;2910.57;5.32571;0;0;0.1;0.01;0;4.12872;0;0;-1
0;808;-35.3377;2.97902;32.295;8.80953;2863.83;5.29704;0;0;0.1;0.01;0;4.53456;0;0;-1
0;809;-38.3036;17.6745;32.7573;8.96634;3019.49;5.39133;0;0;0.1;0.01;0;4.90194;0;0;-1
0;810;-36.9786;37.9455;31.6619;9.65063;3764.92;5.80278;0;0;0.1;0.01;0;6.0847;0;0;-1
0;811;-36.8448;52.4703;32.4186;8.9865;3039.91;5.40345;0;0;0.1;0.01;0;5.22351;0;0;-1
0;812;-37.9071;69.1975;32.1245;8.5;2572.44;5.11093;0;0;0.1;0.01;0;3.3553;1;0;-1
0;813;-20.964;-91.0254;34.0216;9.86408;4020.3;5.93113;0;0;0.1;0.01;0;3.76617;0;0;-1
0;814;-22.9202;-74.3053;32.2331;8.5;2572.44;5.11093;0;0;0.1;0.01;0;5.11992;1;0;-1
0;815;-22.837;-57.0531;34.4193;8.61747;2680.57;5.18156;0;0;0.1;0.01;0;4.58487;0;0;-1
0;816;-21.8595;-42.7427;31.8886;8.61331;2676.69;5.17906;0;0;0.1;0.01;0;5.68116;0;0;-1
0;817;-20.4297;-21.6639;31.3815;8.5;2572.44;5.11093;0;0;0.1;0.01;0;3.95887;1;0;-1
0;818;-20.9577;-4.75274;34.0504;9.37895;3455.82;5.63943;0;0;0.1;0.01;0;5.90137;0;0;-1
0;819;-21.7913;11.1907;31.6469;8.93559;2988.53;5.37284;0;0;0.1;0.01;0;5.87776;0;0;-1
0;820;-22.9983;29.367;33.7823;9.49202;3582.32;5.70741;0;0;0.1;0.01;0;5.55474;0;0;-1
0;821;-20.7366;44.2971;33.8143;9.19925;3260.96;5.53138;0;0;0.1;0.01;0;6.29454;0;0;-1
0;822;-20.4334;59.7005;30.9816;8.65751;2718.11;5.20564;0;0;0.1;0.01;0;5.11923;0;0;-1
0;823;-21.7695;76.7173;32.6749;10.0526;4255.24;6.04448;0;0;0.1;0.01;0;4.73797;0;0;-1
0;824;-6.81703;-81.4821;33.0081;10.2345;4490.44;6.15386;0;0;0.1;0.01;0;5.73805;0;0;-1
0;825;-7.57936;-65.8498;32.0433;9.11861;3175.96;5.48289;0;0;0.1;0.01;0;4.85292;0;0;-1
0;826;-8.80754;-46.9393;30.7941;9.1191;3176.47;5.48318;0;0;0.1;0.01;0;5.1516;0;0;-1
0;827;-5.46374;-32.6261;31.1678;8.5;2572.44;5.11093;0;0;0.1;0.01;0;4.74342;1;0;-1
0;828;-8.84373;-13.1767;31.5882;10.4144;4731.42;6.26203;0;0;0.1;0.01;0;6.59248;0;0;-1
0;829;-7.46784;3.47934;31.9496;9.30981;3379.96;5.59785;0;0;0.1;0.01;0;6.08525;0;0;-1
0;830;-6.85259;21.001;33.6348;10.0649;4270.88;6.05188;0;0;0.1;0.01;0;5.67557;0;0;-1
0;831;-7.48136;37.797;34.0836;9.13604;3194.2;5.49337;0;0;0.1;0.01;0;6.14365;0;0;-1
0;832;-5.85438;51.7198;33.6908;8.5;2572.44;5.11093;0;0;0.1;0.01;0;5.49258;1;0;-1
0;833;-7.20365;69.784;32.3997;8.73803;2794.66;5.25405;0;0;0.1;0.01;0;4.34882;0;0;-1
0;834;-6.78099;88.6485;31.1319;8.56897;2635.57;5.1524;0;0;0.1;0.01;0;2.16871;0;0;-1
0;835;8.24802;-89.4409;34.6604;8.757;2812.9;5.26546;0;0;0.1;0.01;0;3.18217;0;0;-1
0;836;7.70591;-74.4742;32.4935;10.4534;4784.77;6.28548;0;0;0.1;0.01;0;7.03386;0;0;-1
0;837;6.34576;-58.9461;31.8214;8.79873;2853.31;5.29055;0;0;0.1;0.01;0;5.10353;0;0;-1
0;838;8.48793;-42.9164;33.1992;10.0561;4259.68;6.04659;0;0;0.1;0.01;0;6.75032;0;0;-1
0;839;6.86114;-23.882;32.7536;8.90408;2957.03;5.35389;0;0;0.1;0.01;0;4.87873;0;0;-1
0;840;7.21439;-6.04514;33.7225;9.87605;4034.95;5.93833;0;0;0.1;0.01;0;6.05242;0;0;-1
0;841;5.64781;8.78586;34.3839;9.10205;3158.68;5.47293;0;0;0.1;0.01;0;4.74255;0;0;-1
0;842;8.33885;27.8172;31.0447;9.25309;3318.55;5.56375;0;0;0.1;0.01;0;5.15928;0;0;-1
0;843;6.7924;42.8913;30.5916;10.1876;4428.99;6.12566;0;0;0.1;0.01;0;6.41994;0;0;-1
0;844;8.63682;61.5735;30.901;8.68436;2743.48;5.22178;0;0;0.1;0.01;0;4.75441;0;0;-1
0;845;9.12089;78.9391;31.9013;9.46328;3549.88;5.69013;0;0;0.1;0.01;0;4.70462;0;0;-1
0;846;23.1441;-82.6647;33.8538;9.93443;4106.93;5.97343;0;0;0.1;0.01;0;4.76727;0;0;-1
0;847;22.6471;-67.9639;33.0012;9.85623;4010.71;5.92641;0;0;0.1;0.01;0;5.40451;0;0;-1
0;848;23.8679;-47.7364;33.3873;8.90151;2954.47;5.35235;0;0;0.1;0.01;0;5.89596;0;0;-1
0;849;21.136;-32.2891;32.4664;10.1635;4397.63;6.11117;0;0;0.1;0.01;0;7.03782;0;0;-1
0;850;22.116;-14.0035;32.2145;10.1553;4386.99;6.10623;0;0;0.1;0.01;0;6.79526;0;0;-1
0;851;22.3357;0.477902;30.9424;8.92445;2977.37;5.36614;0;0;0.1;0.01;0;5.12696;0;0;-1
0;852;23.0085;19.3359;30.4852;9.06881;3124.2;5.45294;0;0;0.1;0.01;0;4.82282;0;0;-1
0;853;22.1119;37.5582;33.9833;9.3486;3422.38;5.62118;0;0;0.1;0.01;0;5.73689;0;0;-1
0;854;23.7967;51.3901;32.5747;9.90615;4071.96;5.95642;0;0;0.1;0.01;0;6.81391;0;0;-1
0;855;22.3274;68.7569;31.0004;8.75237;2808.44;5.26267;0;0;0.1;0.01;0;5.90356;0;0;-1
0;856;20.8535;89.3909;34.2287;9.34689;3420.5;5.62015;0;0;0.1;0.01;0;1.60234;0;0;-1
0;857;35.7845;-74.7244;32.7934;8.5;2572.44;5.11093;0;0;0.1;0.01;0;3.42719;1;0;-1
0;858;37.1875;-55.0857;32.8427;9.55435;3653.36;5.74489;0;0;0.1;0.01;0;5.76175;0;0;-1
0;859;35.5742;-38.4155;30.89;8.5;2572.44;5.11093;0;0;0.1;0.01;0;5.30877;1;0;-1
0;860;37.4995;-21.9841;32.1847;8.5;2572.44;5.11093;0;0;0.1;0.01;0;4.75471;1;0;-1
0;861;35.8984;-4.81502;33.2067;9.17157;3231.62;5.51473;0;0;0.1;0.01;0;5.72677;0;0;-1
0;862;38.7396;9.35146;32.4822;8.59517;2659.82;5.16815;0;0;0.1;0.01;0;4.91493;0;0;-1
0;863;38.1046;25.5611;33.0005;9.81869;3965.06;5.90384;0;0;0.1;0.01;0;5.5939;0;0;-1
0;864;38.3491;43.166;33.0916;9.76301;3897.98;5.87036;0;0;0.1;0.01;0;6.02099;0;0;-1
0;865;35.3798;61.865;33.7045;9.76121;3895.83;5.86927;0;0;0.1;0.01;0;6.62734;0;0;-1
0;866;36.8534;77.2526;32.1622;10.0224;4217;6.02632;0;0;0.1;0.01;0;5.23606;0;0;-1
0;867;52.8312;-64.6653;31.9357;9.06145;3116.6;5.44852;0;0;0.1;0.01;0;3.974;0;0;-1
0;868;53.1684;-49.3385;32.125;9.43641;3519.73;5.67398;0;0;0.1;0.01;0;5.65602;0;0;-1
0;869;52.0712;-33.386;32.4056;9.52844;3623.71;5.72931;0;0;0.1;0.01;0;6.13963;0;0;-1
0;870;51.5455;-17.318;31.5978;9.93219;4104.15;5.97208;0;0;0.1;0.01;0;6.32067;0;0;-1
0;871;53.2115;0.913207;33.8695;10.0205;4214.6;6.02518;0;0;0.1;0.01;0;6.86834;0;0;-1
0;872;52.463;17.8229;33.3853;8.9672;3020.36;5.39185;0;0;0.1;0.01;0;6.01663;0;0;-1
0;873;53.4713;38.1476;32.2422;8.9671;3020.26;5.39179;0;0;0.1;0.01;0;6.03598;0;0;-1
0;874;53.2646;53.1813;33.3264;9.60563;3712.5;5.77573;0;0;0.1;0.01;0;6.96876;0;0;-1
0;875;51.4262;68.3304;32.419;9.14929;3208.12;5.50134;0;0;0.1;0.01;0;4.86843;0;0;-1
0;876;67.2604;-58.0701;32.4315;8.83388;2887.64;5.31168;0;0;0.1;0.01;0;3.29257;0;0;-1
0;877;67.6936;-38.6041;31.552;9.31078;3381.01;5.59844;0;0;0.1;0.01;0;5.34587;0;0;-1
0;878;66.3893;-21.8167;31.9627;9.12977;3187.63;5.4896;0;0;0.1;0.01;0;5.27275;0;0;-1
0;879;66.9426;-4.76876;32.6262;9.85842;4013.38;5.92772;0;0;0.1;0.01;0;5.72593;0;0;-1
0;880;67.2097;10.3597;32.9743;8.94914;3002.15;5.38099;0;0;0.1;0.01;0;6.55047;0;0;-1
0;881;66.2125;28.015;33.7866;8.61621;2679.4;5.1808;0;0;0.1;0.01;0;5.82096;0;0;-1
0;882;67.3155;45.6452;31.0836;9.11558;3172.79;5.48107;0;0;0.1;0.01;0;6.46601;0;0;-1
0;883;67.012;59.4994;32.0771;9.87652;4035.53;5.93861;0;0;0.1;0.01;0;4.75556;0;0;-1
0;884;79.9416;-30.2555;33.8344;9.91075;4077.63;5.95919;0;0;0.1;0.01;0;4.39812;0;0;-1
0;885;80.1754;-15.9654;30.7235;8.8039;2858.34;5.29366;0;0;0.1;0.01;0;4.50596;0;0;-1
0;886;79.6561;3.68532;33.5507;10.0827;4293.58;6.06258;0;0;0.1;0.01;0;4.9492;0;0;-1
0;887;80.7156;19.6993;34.1917;8.73611;2792.82;5.2529;0;0;0.1;0.01;0;3.84826;0;0;-1
0;888;80.542;33.6379;31.9236;8.98096;3034.29;5.40012;0;0;0.1;0.01;0;4.25692;0;0;-1
0;889;-86.352;-6.44458;47.2374;9.7781;3916.08;5.87943;0;0;0.1;0.01;0;3.24455;0;0;-1
0;890;-85.6602;9.8569;47.7982;10.4049;4718.48;6.25632;0;0;0.1;0.01;0;3.02251;0;0;-1
0;891;-69.0203;-49.9828;48.794;10.4318;4755.17;6.27249;0;0;0.1;0.01;0;2.88074;0;0;-1
0;892;-69.3943;-33.7453;47.9846;8.5;2572.44;5.11093;0;0;0.1;0.01;0;4.09504;1;0;-1
0;893;-69.3662;-13.365;47.6935;9.91875;4087.52;5.964;0;0;0.1;0.01;0;5.72734;0;0;-1
0;894;-71.5171;0.838258;46.783;8.91111;2964.04;5.35812;0;0;0.1;0.01;0;5.62233;0;0;-1
0;895;-68.5663;18.0362;47.0573;8.75571;2811.66;5.26468;0;0;0.1;0.01;0;3.93388;0;0;-1
0;896;-70.5791;36.4594;49.3643;9.25688;3322.63;5.56603;0;0;0.1;0.01;0;1.7239;0;0;-1
0;897;-56.6372;-59.6041;46.1514;8.92538;2978.3;5.3667;0;0;0.1;0.01;0;4.10198;0;0;-1
0;898;-57.058;-39.1309;47.6072;9.30218;3371.65;5.59327;0;0;0.1;0.01;0;5.77835;0;0;-1
0;899;-57.0527;-23.2631;47.2617;8.5;2572.44;5.11093;0;0;0.1;0.01;0;5.45345;1;0;-1
0;900;-56.825;-6.91395;48.8067;9.56046;3660.37;5.74857;0;0;0.1;0.01;0;5.90545;0;0;-1
0;901;-54.5971;12.7568;45.9845;8.6949;2753.48;5.22812;0;0;0.1;0.01;0;4.42031;0;0;-1
0;902;-57.7023;29.7435;45.9822;8.5;2572.44;5.11093;0;0;0.1;0.01;0;4.65771;1;0;-1
0;903;-56.3047;45.9439;47.0307;8.5;2572.44;5.11093;0;0;0.1;0.01;0;4.45927;1;0;-1
0;904;-54.4418;61.2999;46.4159;8.73256;2789.42;5.25076;0;0;0.1;0.01;0;3.49957;0;0;-1
0;905;-40.6511;-64.3859;45.8748;8.77308;2828.43;5.27513;0;0;0.1;0.01;0;3.66494;0;0;-1
0;906;-40.4061;-50.5771;48.2029;9.14813;3206.9;5.50064;0;0;0.1;0.01;0;5.15855;0;0;-1
0;907;-43.2005;-30.0715;46.0932;10.1709;4407.24;6.11561;0;0;0.1;0.01;0;6.05271;0;0;-1
0;908;-41.5069;-14.2924;49.0773;8.5;2572.44;5.11093;0;0;0.1;0.01;0;4.98875;1;0;-1
0;909;-41.642;0.773784;49.2634;8.65928;2719.78;5.2067;0;0;0.1;0.01;0;4.60067;0;0;-1
0;910;-42.0977;16.7756;48.2707;10.2808;4551.66;6.1817;0;0;0.1;0.01;0;5.92243;0;0;-1
0;911;-42.3287;35.8774;45.2264;8.59133;2656.26;5.16584;0;0;0.1;0.01;0;4.95014;0;0;-1
0;912;-41.2216;53.2389;48.8996;10.1348;4360.48;6.09391;0;0;0.1;0.01;0;6.53593;0;0;-1
0;913;-42.4866;69.7189;48.0939;9.85071;4003.97;5.92309;0;0;0.1;0.01;0;4.23882;0;0;-1
0;914;-27.829;-76.7436;46.7377;9.0812;3137.03;5.46039;0;0;0.1;0.01;0;2.96224;0;0;-1
0;915;-26.1657;-55.5075;48.3155;8.59395;2658.69;5.16742;0;0;0.1;0.01;0;5.99453;0;0;-1
0;916;-27.684;-41.4889;46.5278;9.63897;3751.29;5.79577;0;0;0.1;0.01;0;7.57587;0;0;-1
0;917;-28.0357;-24.2548;49.4419;8.5;2572.44;5.11093;0;0;0.1;0.01;0;4.80398;1;0;-1
0;918;-25.7056;-8.7931;47.3238;8.5;2572.44;5.11093;0;0;0.1;0.01;0;4.63694;1;0;-1
0;919;-26.6734;12.0292;46.5409;9.92574;4096.16;5.9682;0;0;0.1;0.01;0;5.77869;0;0;-1
0;920;-26.9566;29.5836;48.5554;10.2075;4454.99;6.13762;0;0;0.1;0.01;0;7.06285;0;0;-1
0;921;-26.352;45.1517;48.8365;9.22863;3292.31;5.54904;0;0;0.1;0.01;0;6.11752;0;0;-1
0;922;-25.8907;60.8808;46.5207;10.3198;4603.65;6.20515;0;0;0.1;0.01;0;6.87207;0;0;-1
0;923;-25.5718;79.3377;48.498;9.1597;3219.08;5.50759;0;0;0.1;0.01;0;3.17608;0;0;-1
0;924;-12.3642;-80.7903;46.0141;8.874;2927.16;5.33581;0;0;0.1;0.01;0;3.07184;0;0;-1
0;925;-11.8861;-64.6904;47.9636;8.62741;2689.86;5.18754;0;0;0.1;0.01;0;4.45534;0;0;-1
0;926;-13.4918;-47.9746;46.5689;10.3686;4669.27;6.23449;0;0;0.1;0.01;0;7.51941;0;0;-1
0;927;-12.6917;-33.5685;49.1098;10.005;4195.08;6.01586;0;0;0.1;0.01;0;5.88054;0;0;-1
0;928;-11.4166;-13.8805;48.6907;9.93402;4106.42;5.97318;0;0;0.1;0.01;0;6.77159;0;0;-1
0;929;-11.0367;0.268948;46.1062;9.49154;3581.78;5.70713;0;0;0.1;0.01;0;6.65078;0;0;-1
0;930;-13.1756;19.5118;47.8604;10.0132;4205.4;6.02079;0;0;0.1;0.01;0;6.25782;0;0;-1
0;931;-11.2547;37.0947;49.0576;8.84922;2902.71;5.32091;0;0;0.1;0.01;0;6.4516;0;0;-1
0;932;-12.2017;52.5418;48.7852;9.02879;3083.03;5.42888;0;0;0.1;0.01;0;7.20924;0;0;-1
0;933;-11.7506;69.7927;48.0803;10.1432;4371.33;6.09896;0;0;0.1;0.01;0;5.86667;0;0;-1
0;934;-12.82;86.6148;47.996;8.5;2572.44;5.11093;0;0;0.1;0.01;0;1.6648;1;0;-1
0;935;2.05643;-73.1418;45.88;8.5;2572.44;5.11093;0;0;0.1;0.01;0;4.91081;1;0;-1
0;936;1.61139;-59.4369;46.6221;8.99434;3047.87;5.40817;0;0;0.1;0.01;0;5.60793;0;0;-1
0;937;2.35465;-42.2806;46.9592;9.40872;3488.83;5.65733;0;0;0.1;0.01;0;5.65108;0;0;-1
0;938;1.44498;-22.4099;48.5069;9.3869;3464.62;5.64421;0;0;0.1;0.01;0;5.82014;0;0;-1
0;939;4.31017;-5.39011;49.0416;9.50215;3593.8;5.7135;0;0;0.1;0.01;0;6.81324;0;0;-1
0;940;3.22221;8.86686;49.2394;9.40384;3483.41;5.65439;0;0;0.1;0.01;0;5.80823;0;0;-1
0;941;1.82335;29.6374;47.3222;8.5;2572.44;5.11093;0;0;0.1;0.01;0;5.05092;1;0;-1
0;942;1.08388;45.5429;47.5987;8.53776;2606.88;5.13363;0;0;0.1;0.01;0;6.17272;0;0;-1
0;943;1.48764;60.6191;45.6675;9.03964;3094.15;5.4354;0;0;0.1;0.01;0;5.43551;0;0;-1
0;944;4.93371;79.7308;48.6586;10.1102;4328.8;6.07912;0;0;0.1;0.01;0;3.00367;0;0;-1
0;945;18.9262;-84.4738;48.8932;8.82496;2878.9;5.30632;0;0;0.1;0.01;0;1.95395;0;0;-1
0;946;18.2833;-65.9323;46.7083;9.13393;3191.99;5.4921;0;0;0.1;0.01;0;4.69326;0;0;-1
0;947;16.9281;-49.4145;46.2806;8.5;2572.44;5.11093;0;0;0.1;0.01;0;4.61408;1;0;-1
0;948;19.3954;-34.4004;45.9318;10.2763;4545.68;6.17899;0;0;0.1;0.01;0;6.5664;0;0;-1
0;949;16.1445;-14.8597;48.458;9.22523;3288.67;5.547;0;0;0.1;0.01;0;6.34198;0;0;-1
0;950;18.7778;1.80506;48.5206;8.50641;2578.26;5.11478;0;0;0.1;0.01;0;5.65899;0;0;-1
0;951;17.3895;17.4882;46.7746;9.55479;3653.86;5.74516;0;0;0.1;0.01;0;5.23403;0;0;-1
0;952;16.0244;36.3974;49.0118;8.5;2572.44;5.11093;0;0;0.1;0.01;0;4.95153;1;0;-1
0;953;19.239;50.8502;45.5667;9.03341;3087.76;5.43166;0;0;0.1;0.01;0;5.11147;0;0;-1
0;954;17.4144;71.0967;46.7947;9.52319;3617.73;5.72616;0;0;0.1;0.01;0;4.54246;0;0;-1
0;955;33.2074;-74.275;48.7904;8.9766;3029.87;5.3975;0;0;0.1;0.01;0;3.24446;0;0;-1
0;956;33.1128;-57.1357;47.8278;9.60965;3717.16;5.77814;0;0;0.1;0.01;0;6.04781;0;0;-1
0;957;33.4745;-39.2154;45.8219;9.85133;4004.73;5.92346;0;0;0.1;0.01;0;6.5417;0;0;-1
0;958;30.7984;-22.5118;46.1754;9.98303;4167.5;6.00265;0;0;0.1;0.01;0;6.38834;0;0;-1
0;959;31.9847;-5.04091;47.7737;9.48791;3577.67;5.70494;0;0;0.1;0.01;0;5.83391;0;0;-1
0;960;33.2574;12.0638;47.639;9.44032;3524.1;5.67633;0;0;0.1;0.01;0;5.4775;0;0;-1
0;961;30.682;25.7842;46.9824;9.75134;3884.02;5.86334;0;0;0.1;0.01;0;6.528;0;0;-1
0;962;32.7088;43.2084;48.5125;8.95476;3007.81;5.38437;0;0;0.1;0.01;0;6.11632;0;0;-1
0;963;31.8862;59.3285;48.6098;9.99243;4179.28;6.0083;0;0;0.1;0.01;0;6.93283;0;0;-1
0;964;30.9353;76.2501;47.6987;9.44588;3530.33;5.67967;0;0;0.1;0.01;0;4.12642;0;0;-1
0;965;45.9675;-63.7022;46.5686;8.50235;2574.57;5.11234;0;0;0.1;0.01;0;3.30948;0;0;-1
0;966;46.1751;-47.4718;47.5694;10.2055;4452.37;6.13642;0;0;0.1;0.01;0;6.42907;0;0;-1
0;967;47.6511;-31.4627;46.2893;8.5;2572.44;5.11093;0;0;0.1;0.01;0;5.04403;1;0;-1
0;968;45.23;-13.9398;49.0308;9.26855;3335.22;5.57304;0;0;0.1;0.01;0;5.89034;0;0;-1
0;969;45.8989;-0.221202;45.373;8.5;2572.44;5.11093;0;0;0.1;0.01;0;5.347;1;0;-1
0;970;47.7175;20.7858;46.8797;10.0206;4214.73;6.02524;0;0;0.1;0.01;0;7.16613;0;0;-1
0;971;45.3017;36.6197;48.5891;9.44979;3534.72;5.68202;0;0;0.1;0.01;0;6.8006;0;0;-1
0;972;46.4687;54.7675;49.105;9.69619;3818.49;5.83018;0;0;0.1;0.01;0;5.88089;0;0;-1
0;973;45.6625;72.0051;48.4222;9.86394;4020.13;5.93104;0;0;0.1;0.01;0;3.3421;0;0;-1
0;974;63.6995;-58.7676;46.4809;8.74716;2803.43;5.25954;0;0;0.1;0.01;0;2.38296;0;0;-1
0;975;62.0139;-42.375;47.6469;9.36522;3440.67;5.63117;0;0;0.1;0.01;0;5.04807;0;0;-1
0;976;59.8934;-24.0703;48.5264;8.5;2572.44;5.11093;0;0;0.1;0.01;0;4.85982;1;0;-1
0;977;63.6059;-8.69825;46.8162;10.1425;4370.42;6.09854;0;0;0.1;0.01;0;6.67369;0;0;-1
0;978;60.6629;8.13043;47.149;9.86993;4027.46;5.93465;0;0;0.1;0.01;0;6.38342;0;0;-1
0;979;61.5212;26.8097;46.1089;9.90075;4065.3;5.95318;0;0;0.1;0.01;0;6.42727;0;0;-1
0;980;60.1736;43.6478;46.0428;10.1384;4365.13;6.09607;0;0;0.1;0.01;0;6.2442;0;0;-1
0;981;61.1708;61.0006;46.9914;9.12844;3186.24;5.4888;0;0;0.1;0.01;0;3.76068;0;0;-1
0;982;77.2938;-30.3713;48.647;8.61289;2676.3;5.17881;0;0;0.1;0.01;0;2.6231;0;0;-1
0;983;77.1291;-17.1006;47.7302;8.5;2572.44;5.11093;0;0;0.1;0.01;0;3.16304;1;0;-1
0;984;75.5668;1.83074;46.5474;9.84126;3992.46;5.91741;0;0;0.1;0.01;0;5.04722;0;0;-1
0;985;78.6919;17.337;48.8003;10.0526;4255.24;6.04448;0;0;0.1;0.01;0;4.18411;0;0;-1
0;986;75.281;34.6949;45.9244;10.2898;4563.62;6.18711;0;0;0.1;0.01;0;4.40688;0;0;-1
0;987;-65.6123;-30.2891;62.2627;8.57744;2643.39;5.15749;0;0;0.1;0.01;0;3.43857;0;0;-1
0;988;-66.576;-15.421;63.5528;8.87947;2932.58;5.3391;0;0;0.1;0.01;0;3.54104;0;0;-1
0;989;-66.6926;0.549561;61.3365;8.52153;2592.04;5.12387;0;0;0.1;0.01;0;3.47856;0;0;-1
0;990;-66.1488;19.5133;63.9392;9.60852;3715.85;5.77746;0;0;0.1;0.01;0;3.35602;0;0;-1
0;991;-51.8182;-58.4781;60.4506;9.06277;3117.97;5.44931;0;0;0.1;0.01;0;2.13749;0;0;-1
0;992;-51.4215;-38.7579;63.6247;10.4312;4754.35;6.27213;0;0;0.1;0.01;0;5.19689;0;0;-1
0;993;-50.7475;-24.4996;63.2953;8.99047;3043.94;5.40584;0;0;0.1;0.01;0;6.41267;0;0;-1
0;994;-52.7035;-8.79484;61.3397;8.75928;2815.1;5.26683;0;0;0.1;0.01;0;4.57514;0;0;-1
0;995;-53.4839;10.3274;61.6431;10.3467;4639.75;6.22132;0;0;0.1;0.01;0;5.60436;0;0;-1
0;996;-53.0234;27.1252;62.1142;8.5119;2583.26;5.11808;0;0;0.1;0.01;0;4.04306;0;0;-1
0;997;-51.7522;46.521;61.8014;9.49673;3587.66;5.71025;0;0;0.1;0.01;0;3.02911;0;0;-1
0;998;-36.3711;-47.5583;60.5166;9.31429;3384.84;5.60055;0;0;0.1;0.01;0;6.18385;0;0;-1
0;999;-36.9169;-33.1683;64.1612;8.56914;2635.73;5.1525;0;0;0.1;0.01;0;5.89073;0;0;-1
0;1000;-35.4725;-15.6561;62.6768;9.77893;3917.08;5.87993;0;0;0.1;0.01;0;6.62065;0;0;-1
0;1001;-36.1677;1.45524;63.9658;8.73934;2795.92;5.25484;0;0;0.1;0.01;0;4.87647;0;0;-1
0;1002;-35.0655;19.5873;62.2242;8.80965;2863.94;5.29711;0;0;0.1;0.01;0;5.88806;0;0;-1
0;1003;-35.2268;37.0923;60.6612;9.96828;4149.06;5.99378;0;0;0.1;0.01;0;6.29239;0;0;-1
0;1004;-38.3084;52.2613;63.8427;9.47991;3568.63;5.70013;0;0;0.1;0.01;0;3.943;0;0;-1
0;1005;-38.3163;67.96;60.6977;9.61487;3723.22;5.78128;0;0;0.1;0.01;0;3.18324;0;0;-1
0;1006;-21.3186;-73.2351;63.7709;8.5;2572.44;5.11093;0;0;0.1;0.01;0;1.71227;1;0;-1
0;1007;-23.2931;-57.0296;62.2466;10.4;4711.82;6.25337;0;0;0.1;0.01;0;6.18514;0;0;-1
0;1008;-22.2427;-40.8617;61.3934;10.2717;4539.58;6.17622;0;0;0.1;0.01;0;8.02878;0;0;-1
0;1009;-21.3043;-22.7366;63.6568;8.53442;2603.82;5.13162;0;0;0.1;0.01;0;6.24261;0;0;-1
0;1010;-21.9753;-5.56959;62.1266;10.3597;4657.26;6.22914;0;0;0.1;0.01;0;6.43861;0;0;-1
0;1011;-22.1214;10.5198;60.8575;8.5;2572.44;5.11093;0;0;0.1;0.01;0;3.6314;1;0;-1
0;1012;-23.7878;26.8102;63.5257;9.01866;3072.66;5.42279;0;0;0.1;0.01;0;4.69321;0;0;-1
0;1013;-22.4074;44.4772;62.8113;9.87176;4029.7;5.93575;0;0;0.1;0.01;0;6.7715;0;0;-1
0;1014;-21.833;59.6996;60.1764;8.81698;2871.1;5.30152;0;0;0.1;0.01;0;5.43841;0;0;-1
0;1015;-7.87623;-67.6906;60.3475;8.52518;2595.37;5.12607;0;0;0.1;0.01;0;3.88994;0;0;-1
0;1016;-7.86898;-47.7044;63.1287;10.2311;4485.96;6.15181;0;0;0.1;0.01;0;6.71429;0;0;-1
0;1017;-5.56378;-29.8881;63.3952;9.05885;3113.92;5.44696;0;0;0.1;0.01;0;6.57467;0;0;-1
0;1018;-6.854;-15.3331;60.9706;8.54701;2615.36;5.13919;0;0;0.1;0.01;0;6.62517;0;0;-1
0;1019;-8.78604;0.617352;60.77;8.5;2572.44;5.11093;0;0;0.1;0.01;0;4.71369;1;0;-1
0;1020;-6.95733;20.8315;60.3858;8.92528;2978.2;5.36664;0;0;0.1;0.01;0;4.61536;0;0;-1
0;1021;-8.8311;36.0118;63.5778;9.68264;3802.51;5.82203;0;0;0.1;0.01;0;7.04766;0;0;-1
0;1022;-6.47596;52.1436;61.0316;9.64341;3756.48;5.79844;0;0;0.1;0.01;0;7.58119;0;0;-1
0;1023;-7.43414;67.6688;60.8781;10.3052;4584.14;6.19637;0;0;0.1;0.01;0;4.93538;0;0;-1
0;1024;5.31554;-73.7713;61.9547;8.5;2572.44;5.11093;0;0;0.1;0.01;0;2.23686;1;0;-1
0;1025;6.87176;-57.4075;62.3026;10.176;4413.87;6.11868;0;0;0.1;0.01;0;5.81577;0;0;-1
0;1026;7.74326;-39.3537;61.0349;8.5;2572.44;5.11093;0;0;0.1;0.01;0;4.55301;1;0;-1
0;1027;6.38353;-22.6917;62.3461;9.92312;4092.92;5.96663;0;0;0.1;0.01;0;6.71107;0;0;-1
0;1028;9.17263;-6.37381;62.4685;10.2402;4497.94;6.15728;0;0;0.1;0.01;0;6.85751;0;0;-1
0;1029;8.77932;12.1967;62.2428;8.66534;2725.5;5.21034;0;0;0.1;0.01;0;4.78854;0;0;-1
0;1030;7.91723;26.3191;63.4117;8.5;2572.44;5.11093;0;0;0.1;0.01;0;5.49321;1;0;-1
0;1031;7.42229;42.0731;60.082;10.2988;4575.6;6.19252;0;0;0.1;0.01;0;6.6329;0;0;-1
0;1032;6.63993;63.0875;63.2888;9.3194;3390.41;5.60362;0;0;0.1;0.01;0;4.62188;0;0;-1
0;1033;21.3041;-63.8658;60.9576;8.5;2572.44;5.11093;0;0;0.1;0.01;0;3.70007;1;0;-1
0;1034;23.2558;-50.2973;61.9471;8.5;2572.44;5.11093;0;0;0.1;0.01;0;4.43326;1;0;-1
0;1035;20.9377;-32.3627;61.0322;8.5;2572.44;5.11093;0;0;0.1;0.01;0;3.83352;1;0;-1
0;1036;24.2148;-12.6708;60.3629;8.5;2572.44;5.11093;0;0;0.1;0.01;0;5.40671;1;0;-1
0;1037;20.613;2.95094;61.7812;8.5;2572.44;5.11093;0;0;0.1;0.01;0;5.06356;1;0;-1
0;1038;23.0833;19.7964;63.7377;10.3275;4613.96;6.20978;0;0;0.1;0.01;0;7.34275;0;0;-1
0;1039;21.9257;37.8422;63.152;8.70203;2760.26;5.2324;0;0;0.1;0.01;0;5.68748;0;0;-1
0;1040;21.5777;53.1571;60.4244;8.5;2572.44;5.11093;0;0;0.1;0.01;0;5.29582;1;0;-1
0;1041;22.1358;69.1054;61.3891;9.0674;3122.75;5.4521;0;0;0.1;0.01;0;3.39171;0;0;-1
0;1042;34.6683;-59.7322;63.5339;8.5;2572.44;5.11093;0;0;0.1;0.01;0;2.17343;1;0;-1
0;1043;36.1541;-39.3392;62.5774;9.23923;3303.66;5.55541;0;0;0.1;0.01;0;4.51121;0;0;-1
0;1044;38.1833;-22.8139;61.8937;8.81792;2872.02;5.30209;0;0;0.1;0.01;0;4.89449;0;0;-1
0;1045;35.7977;-5.06065;62.6088;8.95321;3006.25;5.38344;0;0;0.1;0.01;0;4.8043;0;0;-1
0;1046;38.2687;12.2881;61.3804;9.45337;3538.74;5.68417;0;0;0.1;0.01;0;5.6478;0;0;-1
0;1047;37.9523;26.2083;60.2481;8.5;2572.44;5.11093;0;0;0.1;0.01;0;6.73237;1;0;-1
0;1048;35.5197;43.3621;63.5222;9.23679;3301.05;5.55395;0;0;0.1;0.01;0;5.62845;0;0;-1
0;1049;38.6607;60.472;63.3812;9.72555;3853.28;5.84783;0;0;0.1;0.01;0;3.94864;0;0;-1
0;1050;53.4569;-48.7324;61.7467;9.52246;3616.9;5.72572;0;0;0.1;0.01;0;3.22373;0;0;-1
0;1051;50.3656;-33.392;60.8829;8.5;2572.44;5.11093;0;0;0.1;0.01;0;4.87589;1;0;-1
0;1052;51.0265;-15.2809;62.1404;9.58171;3684.83;5.76134;0;0;0.1;0.01;0;5.69869;0;0;-1
0;1053;50.0344;0.79424;62.6981;8.5;2572.44;5.11093;0;0;0.1;0.01;0;4.13004;1;0;-1
0;1054;50.5524;20.6938;60.9283;8.5;2572.44;5.11093;0;0;0.1;0.01;0;5.72311;1;0;-1
0;1055;50.8697;34.8022;61.8171;9.8158;3961.56;5.9021;0;0;0.1;0.01;0;6.01745;0;0;-1
0;1056;53.6945;53.0083;62.7388;10.1404;4367.71;6.09728;0;0;0.1;0.01;0;3.14101;0;0;-1
0;1057;67.078;-40.8606;60.8957;10.4293;4751.76;6.27099;0;0;0.1;0.01;0;2.85267;0;0;-1
0;1058;64.4539;-21.5186;62.1464;8.5;2572.44;5.11093;0;0;0.1;0.01;0;2.95713;1;0;-1
0;1059;64.4394;-5.43681;61.8731;8.5;2572.44;5.11093;0;0;0.1;0.01;0;4.08087;1;0;-1
0;1060;66.7709;9.19717;60.6568;9.7064;3830.57;5.83632;0;0;0.1;0.01;0;3.28698;0;0;-1
0;1061;65.1731;25.0304;60.1641;8.80062;2855.15;5.29169;0;0;0.1;0.01;0;2.81951;0;0;-1
0;1062;-54.4231;-23.7653;75.9836;9.34551;3418.99;5.61932;0;0;0.1;0.01;0;3.60274;0;0;-1
0;1063;-56.5122;-4.69672;78.706;8.5;2572.44;5.11093;0;0;0.1;0.01;0;1.66252;1;0;-1
0;1064;-54.9446;10.6823;76.2477;9.32397;3395.4;5.60637;0;0;0.1;0.01;0;3.9046;0;0;-1
0;1065;-56.4419;29.7261;75.0187;10.447;4775.99;6.28163;0;0;0.1;0.01;0;3.23525;0;0;-1
0;1066;-40.0278;-48.9675;77.0299;8.5;2572.44;5.11093;0;0;0.1;0.01;0;2.24366;1;0;-1
0;1067;-42.2482;-30.7965;77.7943;8.79456;2849.25;5.28804;0;0;0.1;0.01;0;4.74742;0;0;-1
0;1068;-40.4014;-15.9264;75.0994;9.98709;4172.59;6.00509;0;0;0.1;0.01;0;6.54642;0;0;-1
0;1069;-40.4528;2.86922;77.9468;9.51488;3608.27;5.72116;0;0;0.1;0.01;0;5.73035;0;0;-1
0;1070;-41.6346;17.7808;74.6462;8.54694;2615.29;5.13915;0;0;0.1;0.01;0;5.5506;0;0;-1
0;1071;-39.3185;33.6793;76.4786;9.87209;4030.1;5.93594;0;0;0.1;0.01;0;4.14434;0;0;-1
0;1072;-24.3905;-55.1596;76.9426;9.73996;3870.44;5.8565;0;0;0.1;0.01;0;3.46813;0;0;-1
0;1073;-26.2684;-40.8475;74.9506;9.02504;3079.19;5.42663;0;0;0.1;0.01;0;5.50476;0;0;-1
0;1074;-27.4698;-23.1559;76.5349;10.0637;4269.35;6.05116;0;0;0.1;0.01;0;7.01312;0;0;-1
0;1075;-27.2516;-4.52016;77.9007;9.34698;3420.6;5.6202;0;0;0.1;0.01;0;6.54986;0;0;-1
0;1076;-24.9811;12.2919;77.0434;9.04555;3100.23;5.43896;0;0;0.1;0.01;0;5.77504;0;0;-1
0;1077;-25.7857;26.5287;77.3051;9.31413;3384.66;5.60045;0;0;0.1;0.01;0;5.89839;0;0;-1
0;1078;-25.3452;43.7276;77.7653;9.28589;3353.97;5.58347;0;0;0.1;0.01;0;3.80698;0;0;-1
0;1079;-10.0661;-47.8125;76.4024;8.80812;2862.45;5.29619;0;0;0.1;0.01;0;4.92327;0;0;-1
0;1080;-12.4513;-31.1469;76.4163;10.2266;4480.05;6.14911;0;0;0.1;0.01;0;7.478;0;0;-1
0;1081;-12.8015;-16.1702;74.6134;9.40462;3484.27;5.65486;0;0;0.1;0.01;0;7.34999;0;0;-1
0;1082;-13.5677;0.325268;78.4962;10.2202;4471.64;6.14526;0;0;0.1;0.01;0;6.59425;0;0;-1
0;1083;-11.4841;20.5764;78.3185;8.95194;3004.97;5.38267;0;0;0.1;0.01;0;5.81099;0;0;-1
0;1084;-10.8858;36.5087;76.7788;10.0821;4292.81;6.06222;0;0;0.1;0.01;0;7.27564;0;0;-1
0;1085;-11.9915;51.5975;76.314;9.93362;4105.93;5.97294;0;0;0.1;0.01;0;4.78297;0;0;-1
0;1086;3.54403;-58.8467;76.6014;10.3992;4710.73;6.25289;0;0;0.1;0.01;0;3.37232;0;0;-1
0;1087;1.37949;-42.2287;78.4808;8.5;2572.44;5.11093;0;0;0.1;0.01;0;4.97738;1;0;-1
0;1088;4.7693;-23.2436;76.3332;10.0445;4244.96;6.03961;0;0;0.1;0.01;0;6.80656;0;0;-1
0;1089;1.30293;-7.59306;78.2456;9.92445;4094.57;5.96743;0;0;0.1;0.01;0;6.2688;0;0;-1
0;1090;3.27497;11.4168;77.6364;8.90179;2954.75;5.35252;0;0;0.1;0.01;0;4.54051;0;0;-1
0;1091;1.50468;27.3588;77.7807;9.65841;3774.03;5.80746;0;0;0.1;0.01;0;7.23851;0;0;-1
0;1092;2.5404;42.4951;76.4682;10.3015;4579.2;6.19414;0;0;0.1;0.01;0;6.33599;0;0;-1
0;1093;4.04515;61.3702;76.5675;9.70352;3827.16;5.83459;0;0;0.1;0.01;0;3.29124;0;0;-1
0;1094;16.4756;-49.5981;74.9914;8.82222;2876.22;5.30467;0;0;0.1;0.01;0;3.51466;0;0;-1
0;1095;17.4666;-30.7381;77.8454;9.94785;4123.6;5.9815;0;0;0.1;0.01;0;6.04408;0;0;-1
0;1096;18.4965;-13.1228;74.609;9.11763;3174.93;5.4823;0;0;0.1;0.01;0;6.14224;0;0;-1
0;1097;16.7202;3.33962;76.3044;8.78297;2838;5.28107;0;0;0.1;0.01;0;5.25296;0;0;-1
0;1098;18.4103;20.1271;76.7556;8.5;2572.44;5.11093;0;0;0.1;0.01;0;5.81287;1;0;-1
0;1099;18.6034;33.9791;76.0106;10.0972;4312.13;6.0713;0;0;0.1;0.01;0;7.3083;0;0;-1
0;1100;18.5674;54.4278;76.1466;9.59276;3697.6;5.76799;0;0;0.1;0.01;0;3.60109;0;0;-1
0;1101;32.5513;-40.2001;76.4256;10.1849;4425.47;6.12403;0;0;0.1;0.01;0;3.8135;0;0;-1
0;1102;31.2493;-22.9433;78.5561;10.1291;4353.13;6.09048;0;0;0.1;0.01;0;5.58342;0;0;-1
0;1103;31.1766;-5.98606;77.3413;8.5572;2624.72;5.14532;0;0;0.1;0.01;0;5.20048;0;0;-1
0;1104;32.3736;11.7434;76.1719;9.07028;3125.72;5.45383;0;0;0.1;0.01;0;4.46471;0;0;-1
0;1105;34.5158;28.4106;76.648;10.3011;4578.67;6.1939;0;0;0.1;0.01;0;5.87621;0;0;-1
0;1106;30.9541;46.4962;78.1595;10.3268;4613.03;6.20935;0;0;0.1;0.01;0;4.16988;0;0;-1
0;1107;49.0844;-30.397;78.6713;9.26179;3327.92;5.56898;0;0;0.1;0.01;0;1.68867;0;0;-1
0;1108;45.4489;-13.8842;75.3047;8.5304;2600.14;5.12921;0;0;0.1;0.01;0;4.76193;0;0;-1
0;1109;47.443;0.399953;77.9813;8.55106;2619.08;5.14163;0;0;0.1;0.01;0;3.4535;0;0;-1
0;1110;48.319;20.037;74.9205;9.58572;3689.46;5.76375;0;0;0.1;0.01;0;3.86958;0;0;-1
0;1111;49.0119;36.2379;77.4632;8.5;2572.44;5.11093;0;0;0.1;0.01;0;2.34136;1;0;-1
0;1112;60.4422;-6.10434;78.4469;8.5;2572.44;5.11093;0;0;0.1;0.01;0;1.59409;1;0;-1
0;1113;-36.273;-15.7321;89.6408;9.8315;3980.59;5.91154;0;0;0.1;0.01;0;4.24635;0;0;-1
0;1114;-36.4163;1.56475;91.238;8.5;2572.44;5.11093;0;0;0.1;0.01;0;3.9216;1;0;-1
0;1115;-38.4487;16.9533;89.8855;10.0141;4206.53;6.02133;0;0;0.1;0.01;0;3.77035;0;0;-1
0;1116;-21.1014;-24.4717;90.0485;10.4526;4783.67;6.285;0;0;0.1;0.01;0;4.94863;0;0;-1
0;1117;-23.4151;-6.36541;93.0738;10.0382;4236.98;6.03582;0;0;0.1;0.01;0;4.54057;0;0;-1
0;1118;-22.7382;11.6898;89.7681;8.5;2572.44;5.11093;0;0;0.1;0.01;0;4.56382;1;0;-1
0;1119;-21.6252;27.6372;93.3741;10.1704;4406.59;6.11531;0;0;0.1;0.01;0;3.63951;0;0;-1
0;1120;-7.47714;-31.4704;90.7939;9.99572;4183.41;6.01028;0;0;0.1;0.01;0;4.74546;0;0;-1
0;1121;-8.5328;-14.0102;89.4446;9.49792;3589.01;5.71096;0;0;0.1;0.01;0;6.43259;0;0;-1
0;1122;-6.51218;1.18339;92.6584;9.92513;4095.41;5.96784;0;0;0.1;0.01;0;5.31284;0;0;-1
0;1123;-5.80918;19.131;93.316;10.3778;4681.71;6.24002;0;0;0.1;0.01;0;5.37827;0;0;-1
0;1124;-7.61075;35.0414;92.3598;8.5;2572.44;5.11093;0;0;0.1;0.01;0;3.70936;1;0;-1
0;1125;5.41903;-38.5711;92.1445;8.64182;2703.36;5.1962;0;0;0.1;0.01;0;2.77149;0;0;-1
0;1126;6.63433;-23.3647;92.1246;9.97299;4154.94;5.99661;0;0;0.1;0.01;0;4.858;0;0;-1
0;1127;7.326;-5.04023;91.6087;9.76217;3896.98;5.86985;0;0;0.1;0.01;0;4.3708;0;0;-1
0;1128;6.66584;10.8068;91.2157;9.29955;3368.79;5.59168;0;0;0.1;0.01;0;4.12375;0;0;-1
0;1129;6.09899;28.7511;90.057;9.47028;3557.76;5.69434;0;0;0.1;0.01;0;5.33502;0;0;-1
0;1130;23.7588;-31.9716;89.8606;8.5;2572.44;5.11093;0;0;0.1;0.01;0;2.94918;1;0;-1
0;1131;20.7086;-13.4748;89.3565;8.96289;3016.01;5.38926;0;0;0.1;0.01;0;4.82321;0;0;-1
0;1132;22.7943;0.121052;90.1623;8.56343;2630.46;5.14907;0;0;0.1;0.01;0;3.46933;0;0;-1
0;1133;20.0056;20.8208;90.9606;8.88242;2935.5;5.34087;0;0;0.1;0.01;0;3.25381;0;0;-1
0;1134;20.8894;36.7182;90.3438;8.61361;2676.97;5.17924;0;0;0.1;0.01;0;2.71952;0;0;-1
0;1135;37.3228;-7.811;89.7331;9.767;3902.76;5.87276;0;0;0.1;0.01;0;3.63564;0;0;-1
0;1136;35.4273;9.72716;91.16;8.5238;2594.11;5.12524;0;0;0.1;0.01;0;1.96336;0;0;-1
