Time;ID;x;y;z;radius;volume_total;radius_nuclear;contact_ECM;freezer;polarized_fraction;motility;cell_line;Cell_cell;phase;Cycle;NFkB
0;0;-51.3188;-4.60993;-83.4244;8.5;2572.44;5.11093;0;0;0.1;0.01;0;2.64492;1;0;-1
0;1;-37.431;-33.3422;-84.6868;9.8791;4038.69;5.94016;0;0;0.1;0.01;0;2.67571;0;0;-1
0;2;-37.6583;-13.828;-86.4847;8.5;2572.44;5.11093;0;0;0.1;0.01;0;2.65176;1;0;-1
0;3;-38.5093;0.469852;-85.5901;8.93259;2985.53;5.37104;0;0;0.1;0.01;0;2.49693;0;0;-1
0;4;-35.4872;20.606;-84.3361;10.0373;4235.84;6.03528;0;0;0.1;0.01;0;3.05521;0;0;-1
0;5;-21.7983;-40.6268;-87.2639;9.31441;3384.97;5.60062;0;0;0.1;0.01;0;2.80859;0;0;-1
0;6;-20.5465;-22.4;-85.9294;8.72424;2781.45;5.24576;0;0;0.1;0.01;0;4.24061;0;0;-1
0;7;-21.0284;-8.41564;-84.5085;8.68751;2746.47;5.22367;0;0;0.1;0.01;0;4.10743;0;0;-1
0;8;-20.3082;10.714;-85.9743;8.9461;2999.09;5.37916;0;0;0.1;0.01;0;3.39408;0;0;-1
0;9;-22.299;28.7579;-84.0078;9.1147;3171.87;5.48054;0;0;0.1;0.01;0;3.81259;0;0;-1
0;10;-8.84348;-49.3345;-83.415;10.3831;4688.89;6.24321;0;0;0.1;0.01;0;3.61032;0;0;-1
0;11;-7.09911;-30.753;-87.1666;9.25676;3322.5;5.56596;0;0;0.1;0.01;0;4.75088;0;0;-1
0;12;-6.8055;-16.6146;-86.2485;8.92614;2979.06;5.36716;0;0;0.1;0.01;0;5.07858;0;0;-1
0;13;-6.59389;0.143076;-85.5169;10.1914;4433.94;6.12794;0;0;0.1;0.01;0;5.0204;0;0;-1
0;14;-7.56424;20.0305;-83.7596;10.1998;4444.92;6.13299;0;0;0.1;0.01;0;5.00734;0;0;-1
0;15;-7.67656;38.2924;-83.9371;9.71243;3837.71;5.83994;0;0;0.1;0.01;0;3.32051;0;0;-1
0;16;7.44569;-40.8723;-85.953;10.0896;4302.4;6.06673;0;0;0.1;0.01;0;4.84688;0;0;-1
0;17;6.4035;-24.2354;-83.49;10.0954;4309.82;6.07022;0;0;0.1;0.01;0;6.03642;0;0;-1
0;18;8.72385;-6.01717;-85.8384;8.76963;2825.09;5.27305;0;0;0.1;0.01;0;3.89441;0;0;-1
0;19;6.47751;10.9346;-86.7603;8.73724;2793.9;5.25358;0;0;0.1;0.01;0;2.66798;0;0;-1
0;20;7.75183;27.7529;-87.3926;8.84193;2895.54;5.31652;0;0;0.1;0.01;0;3.18336;0;0;-1
0;21;8.87777;45.3833;-83.5769;10.2972;4573.47;6.19156;0;0;0.1;0.01;0;3.80212;0;0;-1
0;22;20.2446;-49.1546;-84.498;9.44966;3534.57;5.68194;0;0;0.1;0.01;0;3.23389;0;0;-1
0;23;23.3373;-34.0326;-86.6644;10.0918;4305.21;6.06805;0;0;0.1;0.01;0;5.1227;0;0;-1
0;24;20.6076;-15.7249;-84.97;8.5;2572.44;5.11093;0;0;0.1;0.01;0;3.28157;1;0;-1
0;25;22.4762;3.45248;-86.8667;8.58914;2654.22;5.16453;0;0;0.1;0.01;0;3.59037;0;0;-1
0;26;23.6329;20.3912;-84.4848;8.88816;2941.2;5.34432;0;0;0.1;0.01;0;4.47578;0;0;-1
0;27;23.5463;37.7411;-84.8658;9.8457;3997.87;5.92008;0;0;0.1;0.01;0;3.69289;0;0;-1
0;28;36.352;-40.1951;-83.6438;9.99562;4183.29;6.01022;0;0;0.1;0.01;0;3.77017;0;0;-1
0;29;35.4695;-25.5474;-86.1225;8.5;2572.44;5.11093;0;0;0.1;0.01;0;3.01572;1;0;-1
0;30;37.2063;-5.59699;-85.299;10.2046;4451.19;6.13588;0;0;0.1;0.01;0;2.52974;0;0;-1
0;31;36.5612;10.8603;-83.9716;10.2277;4481.49;6.14977;0;0;0.1;0.01;0;3.93857;0;0;-1
0;32;37.5872;26.9802;-83.9272;10.0868;4298.82;6.06505;0;0;0.1;0.01;0;4.35833;0;0;-1
0;33;-70.5269;-14.763;-69.3744;9.3986;3477.59;5.65124;0;0;0.1;0.01;0;2.28107;0;0;-1
0;34;-57.8116;-39.4468;-71.3432;9.97762;4160.73;5.9994;0;0;0.1;0.01;0;3.10603;0;0;-1
0;35;-56.6633;-25.1916;-72.4923;9.30194;3371.39;5.59312;0;0;0.1;0.01;0;3.99718;0;0;-1
0;36;-54.7673;-8.89849;-70.8533;8.5;2572.44;5.11093;0;0;0.1;0.01;0;4.50345;1;0;-1
0;37;-56.2958;9.85588;-69.796;10.3383;4628.45;6.21627;0;0;0.1;0.01;0;3.50687;0;0;-1
0;38;-57.7888;28.477;-71.5077;8.5;2572.44;5.11093;0;0;0.1;0.01;0;2.1573;1;0;-1
0;39;-54.6559;46.9025;-68.5784;9.52835;3623.61;5.72926;0;0;0.1;0.01;0;3.24154;0;0;-1
0;40;-41.5503;-51.3122;-72.6811;9.08313;3139.03;5.46155;0;0;0.1;0.01;0;2.1096;0;0;-1
0;41;-41.3986;-30.4531;-70.983;9.44447;3528.75;5.67882;0;0;0.1;0.01;0;5.73829;0;0;-1
0;42;-42.2307;-16.6238;-69.6682;10.4347;4759.14;6.27423;0;0;0.1;0.01;0;6.85662;0;0;-1
0;43;-39.4145;1.73034;-69.102;8.5;2572.44;5.11093;0;0;0.1;0.01;0;4.22106;1;0;-1
0;44;-42.3624;16.7633;-69.0624;8.5;2572.44;5.11093;0;0;0.1;0.01;0;5.51168;1;0;-1
0;45;-42.4235;34.253;-69.8652;9.48534;3574.76;5.7034;0;0;0.1;0.01;0;5.21225;0;0;-1
0;46;-41.2131;53.4632;-69.4104;8.5;2572.44;5.11093;0;0;0.1;0.01;0;3.80515;1;0;-1
0;47;-26.5795;-57.1964;-70.3552;8.69547;2754.02;5.22846;0;0;0.1;0.01;0;4.02491;0;0;-1
0;48;-28.5568;-42.5894;-68.4965;10.4235;4743.83;6.2675;0;0;0.1;0.01;0;6.38692;0;0;-1
0;49;-26.2493;-24.7425;-70.6816;8.78999;2844.81;5.28529;0;0;0.1;0.01;0;5.81364;0;0;-1
0;50;-24.7268;-8.81205;-71.861;8.5;2572.44;5.11093;0;0;0.1;0.01;0;4.47541;1;0;-1
0;51;-26.8793;11.1038;-69.6493;9.33999;3412.93;5.616;0;0;0.1;0.01;0;5.35136;0;0;-1
0;52;-26.0004;26.9272;-69.2384;10.0291;4225.46;6.03035;0;0;0.1;0.01;0;6.56915;0;0;-1
0;53;-27.6133;43.7343;-70.6706;9.33376;3406.11;5.61225;0;0;0.1;0.01;0;4.60031;0;0;-1
0;54;-27.1659;62.1941;-69.8087;9.79464;3935.99;5.88937;0;0;0.1;0.01;0;3.73895;0;0;-1
0;55;-13.5663;-63.8495;-69.0188;9.87774;4037.02;5.93934;0;0;0.1;0.01;0;4.04143;0;0;-1
0;56;-13.8234;-48.1361;-68.3418;8.5;2572.44;5.11093;0;0;0.1;0.01;0;5.72236;1;0;-1
0;57;-11.346;-31.1845;-72.6096;8.91585;2968.77;5.36097;0;0;0.1;0.01;0;5.09962;0;0;-1
0;58;-12.6966;-15.0522;-70.9711;9.29638;3365.35;5.58978;0;0;0.1;0.01;0;6.58911;0;0;-1
0;59;-9.95197;1.96198;-71.7745;9.45092;3535.99;5.6827;0;0;0.1;0.01;0;5.80929;0;0;-1
0;60;-11.6469;16.5839;-70.1471;8.82064;2874.68;5.30372;0;0;0.1;0.01;0;5.34747;0;0;-1
0;61;-11.8822;36.6272;-70.9342;9.09843;3154.92;5.47075;0;0;0.1;0.01;0;4.65099;0;0;-1
0;62;-10.7498;55.0863;-70.3581;9.75011;3882.55;5.8626;0;0;0.1;0.01;0;3.31435;0;0;-1
0;63;2.17871;-56.2444;-69.064;9.01971;3073.73;5.42342;0;0;0.1;0.01;0;4.73978;0;0;-1
0;64;3.94135;-40.1496;-72.0474;8.76763;2823.16;5.27185;0;0;0.1;0.01;0;5.19955;0;0;-1
0;65;2.71603;-22.8982;-68.4998;10.2393;4496.76;6.15674;0;0;0.1;0.01;0;7.06973;0;0;-1
0;66;4.34439;-7.97899;-72.018;9.90275;4067.77;5.95438;0;0;0.1;0.01;0;6.59431;0;0;-1
0;67;2.34819;10.1679;-69.2135;8.5;2572.44;5.11093;0;0;0.1;0.01;0;4.96774;1;0;-1
0;68;4.40081;26.7891;-69.6952;8.5;2572.44;5.11093;0;0;0.1;0.01;0;4.4917;1;0;-1
0;69;4.43551;45.796;-70.5469;9.40266;3482.1;5.65368;0;0;0.1;0.01;0;6.07108;0;0;-1
0;70;3.50512;63.7123;-70.1495;9.87208;4030.09;5.93594;0;0;0.1;0.01;0;3.45588;0;0;-1
0;71;16.3312;-66.2699;-69.8956;9.33398;3406.35;5.61239;0;0;0.1;0.01;0;2.89186;0;0;-1
0;72;15.9677;-47.1681;-70.9247;8.71329;2770.99;5.23917;0;0;0.1;0.01;0;4.7525;0;0;-1
0;73;19.2594;-30.2053;-70.8746;10.2304;4485.04;6.15139;0;0;0.1;0.01;0;6.88978;0;0;-1
0;74;16.4065;-14.0932;-69.2295;8.5;2572.44;5.11093;0;0;0.1;0.01;0;6.69843;1;0;-1
0;75;16.9977;1.22521;-71.3308;9.24351;3308.26;5.55799;0;0;0.1;0.01;0;5.4409;0;0;-1
0;76;16.0008;18.2061;-69.2061;8.72477;2781.96;5.24608;0;0;0.1;0.01;0;4.98871;0;0;-1
0;77;17.3063;35.442;-70.6343;9.03495;3089.34;5.43258;0;0;0.1;0.01;0;5.48817;0;0;-1
0;78;19.4558;55.0768;-70.2789;10.194;4437.34;6.1295;0;0;0.1;0.01;0;4.06601;0;0;-1
0;79;31.0823;-57.7948;-69.4666;8.5;2572.44;5.11093;0;0;0.1;0.01;0;3.36137;1;0;-1
0;80;31.7653;-38.5284;-68.4273;9.87873;4038.24;5.93994;0;0;0.1;0.01;0;6.27456;0;0;-1
0;81;32.0168;-21.8272;-69.6467;8.5;2572.44;5.11093;0;0;0.1;0.01;0;4.9341;1;0;-1
0;82;33.3342;-6.34225;-68.806;9.53103;3626.67;5.73087;0;0;0.1;0.01;0;5.57086;0;0;-1
0;83;30.5722;12.4392;-71.2952;9.73152;3860.39;5.85142;0;0;0.1;0.01;0;6.45311;0;0;-1
0;84;33.6232;28.6054;-68.523;10.0382;4236.98;6.03582;0;0;0.1;0.01;0;6.88793;0;0;-1
0;85;34.0106;43.7455;-71.9744;8.5;2572.44;5.11093;0;0;0.1;0.01;0;4.23378;1;0;-1
0;86;46.3651;-51.2896;-68.9097;9.61922;3728.28;5.7839;0;0;0.1;0.01;0;2.76009;0;0;-1
0;87;45.9825;-30.4824;-71.9495;9.01313;3067.01;5.41946;0;0;0.1;0.01;0;4.33324;0;0;-1
0;88;47.5536;-13.4214;-72.0022;9.9526;4129.51;5.98435;0;0;0.1;0.01;0;4.86458;0;0;-1
0;89;45.3293;1.65097;-69.0571;8.5;2572.44;5.11093;0;0;0.1;0.01;0;5.76158;1;0;-1
0;90;47.3082;17.1303;-68.9528;10.3912;4699.87;6.24808;0;0;0.1;0.01;0;6.38407;0;0;-1
0;91;48.969;36.8807;-71.9487;10.2103;4458.66;6.13931;0;0;0.1;0.01;0;3.53712;0;0;-1
0;92;46.7055;54.1076;-69.0025;8.5;2572.44;5.11093;0;0;0.1;0.01;0;2.53802;1;0;-1
0;93;60.0248;-25.6679;-72.0479;10.0688;4275.84;6.05422;0;0;0.1;0.01;0;2.75287;0;0;-1
0;94;62.5669;-5.60704;-71.9218;8.73835;2794.97;5.25424;0;0;0.1;0.01;0;2.33308;0;0;-1
0;95;61.3305;9.8763;-68.8392;9.81409;3959.49;5.90107;0;0;0.1;0.01;0;3.6342;0;0;-1
0;96;-80.3953;-8.31395;-55.4094;9.69228;3813.88;5.82783;0;0;0.1;0.01;0;2.96296;0;0;-1
0;97;-80.1303;12.4632;-54.3344;8.7296;2786.58;5.24898;0;0;0.1;0.01;0;2.61264;0;0;-1
0;98;-65.7594;-48.423;-54.2744;10.1245;4347.2;6.08771;0;0;0.1;0.01;0;4.68058;0;0;-1
0;99;-67.7002;-33.8778;-55.404;8.95215;3005.18;5.3828;0;0;0.1;0.01;0;3.30645;0;0;-1
0;100;-65.5554;-12.6491;-56.3779;8.50736;2579.13;5.11535;0;0;0.1;0.01;0;4.0016;0;0;-1
0;101;-64.598;1.73453;-53.9679;9.72048;3847.26;5.84478;0;0;0.1;0.01;0;5.33437;0;0;-1
0;102;-68.0138;19.6457;-57.7827;8.68328;2742.46;5.22113;0;0;0.1;0.01;0;3.5332;0;0;-1
0;103;-66.4389;35.4398;-55.5468;8.5;2572.44;5.11093;0;0;0.1;0.01;0;3.49437;1;0;-1
0;104;-52.2514;-59.3438;-54.8716;9.7421;3872.99;5.85778;0;0;0.1;0.01;0;4.06008;0;0;-1
0;105;-52.9145;-42.3695;-57.5548;8.54632;2614.73;5.13878;0;0;0.1;0.01;0;4.59322;0;0;-1
0;106;-51.3215;-24.694;-57.8067;8.5;2572.44;5.11093;0;0;0.1;0.01;0;4.57037;1;0;-1
0;107;-49.8633;-4.79259;-57.1184;9.83619;3986.29;5.91436;0;0;0.1;0.01;0;6.42245;0;0;-1
0;108;-51.748;12.0414;-54.3859;9.7551;3888.52;5.8656;0;0;0.1;0.01;0;7.06053;0;0;-1
0;109;-51.0323;27.8562;-57.811;10.3779;4681.85;6.24008;0;0;0.1;0.01;0;6.92835;0;0;-1
0;110;-52.145;44.8065;-54.0109;9.75705;3890.85;5.86677;0;0;0.1;0.01;0;6.19852;0;0;-1
0;111;-50.5759;59.7341;-54.4339;10.0947;4308.92;6.0698;0;0;0.1;0.01;0;5.15044;0;0;-1
0;112;-38.663;-66.5839;-56.344;9.78686;3926.62;5.8847;0;0;0.1;0.01;0;4.10212;0;0;-1
0;113;-38.372;-51.0473;-54.5703;9.22818;3291.83;5.54877;0;0;0.1;0.01;0;5.19054;0;0;-1
0;114;-36.557;-31.2293;-56.2485;9.62245;3732.03;5.78584;0;0;0.1;0.01;0;6.18034;0;0;-1
0;115;-36.5262;-14.8554;-55.7973;10.2702;4537.59;6.17532;0;0;0.1;0.01;0;6.81619;0;0;-1
0;116;-37.7502;2.4386;-54.3719;8.98033;3033.65;5.39974;0;0;0.1;0.01;0;5.52283;0;0;-1
0;117;-36.0767;20.9939;-57.0189;10.2728;4541.04;6.17689;0;0;0.1;0.01;0;7.53917;0;0;-1
0;118;-35.2076;36.655;-55.0686;8.75833;2814.18;5.26626;0;0;0.1;0.01;0;6.65349;0;0;-1
0;119;-36.9996;51.2801;-56.5105;10.0445;4244.96;6.03961;0;0;0.1;0.01;0;6.94506;0;0;-1
0;120;-35.9263;70.3128;-57.9273;10.4064;4720.52;6.25722;0;0;0.1;0.01;0;4.27337;0;0;-1
0;121;-23.9321;-76.0265;-57.3262;9.56038;3660.28;5.74852;0;0;0.1;0.01;0;3.1446;0;0;-1
0;122;-21.8307;-56.2139;-56.4066;9.42137;3502.92;5.66493;0;0;0.1;0.01;0;6.5111;0;0;-1
0;123;-21.089;-40.4615;-54.8464;10.0066;4197.09;6.01682;0;0;0.1;0.01;0;6.98239;0;0;-1
0;124;-23.6217;-22.5413;-56.7456;9.91108;4078.04;5.95939;0;0;0.1;0.01;0;6.87623;0;0;-1
0;125;-21.5837;-7.1512;-56.3418;8.98657;3039.98;5.40349;0;0;0.1;0.01;0;5.63036;0;0;-1
0;126;-22.4079;9.00191;-55.9875;9.44496;3529.3;5.67912;0;0;0.1;0.01;0;4.80072;0;0;-1
0;127;-21.3976;25.5957;-55.5938;8.61865;2681.68;5.18227;0;0;0.1;0.01;0;5.26629;0;0;-1
0;128;-21.7846;42.3066;-56.7047;8.5;2572.44;5.11093;0;0;0.1;0.01;0;5.12136;1;0;-1
0;129;-22.1148;63.2052;-54.4592;10.3642;4663.33;6.23184;0;0;0.1;0.01;0;7.13682;0;0;-1
0;130;-22.0249;77.9761;-57.0156;9.14647;3205.16;5.49964;0;0;0.1;0.01;0;3.52573;0;0;-1
0;131;-9.28302;-80.7836;-56.0051;8.5;2572.44;5.11093;0;0;0.1;0.01;0;2.47045;1;0;-1
0;132;-5.76955;-65.667;-55.7537;9.0412;3095.76;5.43634;0;0;0.1;0.01;0;4.74583;0;0;-1
0;133;-6.23345;-47.1172;-55.1218;9.62786;3738.33;5.78909;0;0;0.1;0.01;0;5.88197;0;0;-1
0;134;-8.77541;-29.9209;-54.6138;9.80216;3945.06;5.8939;0;0;0.1;0.01;0;5.57568;0;0;-1
0;135;-8.94701;-14.139;-55.4217;8.61231;2675.76;5.17846;0;0;0.1;0.01;0;5.83998;0;0;-1
0;136;-7.06587;0.369824;-56.7132;8.5;2572.44;5.11093;0;0;0.1;0.01;0;5.33838;1;0;-1
0;137;-5.9245;20.9934;-55.1491;10.3787;4682.93;6.24056;0;0;0.1;0.01;0;6.33407;0;0;-1
0;138;-8.23798;36.9516;-55.4879;10.3709;4672.38;6.23587;0;0;0.1;0.01;0;6.41145;0;0;-1
0;139;-5.82812;54.94;-55.1083;10.4463;4775.03;6.28121;0;0;0.1;0.01;0;6.18448;0;0;-1
0;140;-8.71531;70.3261;-55.1327;8.9171;2970.02;5.36172;0;0;0.1;0.01;0;3.30319;0;0;-1
0;141;8.98694;-74.3221;-56.9036;8.95921;3012.3;5.38704;0;0;0.1;0.01;0;3.46714;0;0;-1
0;142;6.86283;-58.0822;-56.2108;9.9375;4110.74;5.97527;0;0;0.1;0.01;0;6.12605;0;0;-1
0;143;7.3437;-41.7017;-54.9323;8.5;2572.44;5.11093;0;0;0.1;0.01;0;4.38072;1;0;-1
0;144;9.4042;-22.7179;-56.6034;9.348;3421.72;5.62082;0;0;0.1;0.01;0;6.49518;0;0;-1
0;145;6.03407;-8.018;-56.8617;9.37777;3454.52;5.63872;0;0;0.1;0.01;0;6.47273;0;0;-1
0;146;5.61108;9.72149;-55.2403;8.95394;3006.98;5.38387;0;0;0.1;0.01;0;4.28034;0;0;-1
0;147;8.44609;27.7514;-53.9551;10.1128;4332.14;6.08068;0;0;0.1;0.01;0;6.67693;0;0;-1
0;148;8.53582;44.9745;-55.9764;10.2821;4553.38;6.18248;0;0;0.1;0.01;0;7.63911;0;0;-1
0;149;8.84136;59.8451;-57.7091;8.76315;2818.83;5.26915;0;0;0.1;0.01;0;5.81118;0;0;-1
0;150;8.5705;79.8444;-54.3424;9.33081;3402.88;5.61048;0;0;0.1;0.01;0;2.80736;0;0;-1
0;151;22.2822;-64.2623;-56.6564;9.79249;3933.4;5.88808;0;0;0.1;0.01;0;4.96834;0;0;-1
0;152;24.1781;-49.9874;-53.7195;8.97699;3030.27;5.39773;0;0;0.1;0.01;0;5.40111;0;0;-1
0;153;20.2895;-32.618;-55.2865;9.10775;3164.62;5.47636;0;0;0.1;0.01;0;5.1539;0;0;-1
0;154;20.5215;-12.7117;-57.3723;9.31056;3380.77;5.5983;0;0;0.1;0.01;0;6.01005;0;0;-1
0;155;23.6295;1.42323;-56.4431;9.29185;3360.43;5.58705;0;0;0.1;0.01;0;5.67939;0;0;-1
0;156;23.7499;20.6598;-55.7433;10.1452;4373.92;6.10016;0;0;0.1;0.01;0;6.42664;0;0;-1
0;157;22.6867;38.2407;-56.2066;10.0929;4306.62;6.06871;0;0;0.1;0.01;0;7.04047;0;0;-1
0;158;22.9293;54.3782;-53.9801;10.4336;4757.64;6.27357;0;0;0.1;0.01;0;7.09788;0;0;-1
0;159;22.0536;70.5661;-57.6939;9.08793;3144.01;5.46444;0;0;0.1;0.01;0;2.47081;0;0;-1
0;160;38.5731;-56.0259;-56.4256;9.06067;3115.8;5.44805;0;0;0.1;0.01;0;4.55528;0;0;-1
0;161;34.9355;-38.358;-54.7195;8.60039;2664.67;5.17129;0;0;0.1;0.01;0;5.32544;0;0;-1
0;162;38.5236;-25.1;-56.4556;9.04343;3098.05;5.43768;0;0;0.1;0.01;0;5.60485;0;0;-1
0;163;37.2063;-5.69621;-54.8363;8.57831;2644.2;5.15801;0;0;0.1;0.01;0;5.96626;0;0;-1
0;164;38.4619;8.3333;-55.4094;9.23354;3297.56;5.55199;0;0;0.1;0.01;0;6.96361;0;0;-1
0;165;38.8658;25.4343;-54.6062;9.85015;4003.29;5.92275;0;0;0.1;0.01;0;6.32699;0;0;-1
0;166;36.7831;46.1473;-56.6485;9.17439;3234.6;5.51643;0;0;0.1;0.01;0;5.85535;0;0;-1
0;167;36.3661;60.7333;-54.1182;8.5;2572.44;5.11093;0;0;0.1;0.01;0;4.53986;1;0;-1
0;168;52.8868;-50.9614;-56.0599;8.97539;3028.65;5.39677;0;0;0.1;0.01;0;3.28733;0;0;-1
0;169;52.0643;-31.0872;-54.1363;9.95776;4135.93;5.98746;0;0;0.1;0.01;0;5.73132;0;0;-1
0;170;52.908;-15.0631;-54.3825;8.5;2572.44;5.11093;0;0;0.1;0.01;0;5.22896;1;0;-1
0;171;52.2509;0.0402162;-54.3847;9.99184;4178.54;6.00795;0;0;0.1;0.01;0;7.5143;0;0;-1
0;172;51.1916;18.0886;-56.0398;9.0008;3054.44;5.41205;0;0;0.1;0.01;0;6.79124;0;0;-1
0;173;52.9404;34.0766;-55.7689;9.24176;3306.38;5.55694;0;0;0.1;0.01;0;5.31063;0;0;-1
0;174;52.6978;55.2612;-56.5058;10.1122;4331.37;6.08032;0;0;0.1;0.01;0;4.26815;0;0;-1
0;175;64.616;-40.8723;-56.6743;9.03274;3087.07;5.43126;0;0;0.1;0.01;0;2.9944;0;0;-1
0;176;67.2844;-25.0825;-56.1071;9.38578;3463.38;5.64353;0;0;0.1;0.01;0;4.42182;0;0;-1
0;177;67.7739;-4.49746;-55.1272;8.5;2572.44;5.11093;0;0;0.1;0.01;0;5.1393;1;0;-1
0;178;65.8304;11.9959;-53.8103;9.54477;3642.38;5.73913;0;0;0.1;0.01;0;5.87346;0;0;-1
0;179;66.0121;26.6448;-55.2773;8.5;2572.44;5.11093;0;0;0.1;0.01;0;3.89059;1;0;-1
0;180;64.7683;46.0625;-54.3205;9.81335;3958.59;5.90062;0;0;0.1;0.01;0;3.39703;0;0;-1
0;181;79.7185;-16.8489;-56.758;10.1836;4423.77;6.12325;0;0;0.1;0.01;0;2.82762;0;0;-1
0;182;82.2236;1.11941;-54.4692;8.92226;2975.18;5.36483;0;0;0.1;0.01;0;2.82682;0;0;-1
0;183;-87.5131;-21.6616;-40.6331;9.37018;3446.14;5.63415;0;0;0.1;0.01;0;3.14609;0;0;-1
0;184;-84.119;-8.17301;-40.1234;10.0307;4227.49;6.03131;0;0;0.1;0.01;0;5.21948;0;0;-1
0;185;-86.3101;12.3509;-39.632;9.63572;3747.5;5.79382;0;0;0.1;0.01;0;4.43946;0;0;-1
0;186;-86.655;29.3354;-39.2315;9.84885;4001.71;5.92197;0;0;0.1;0.01;0;3.00506;0;0;-1
0;187;-70.1785;-48.0373;-39.6399;8.5;2572.44;5.11093;0;0;0.1;0.01;0;4.05851;1;0;-1
0;188;-72.1217;-33.9477;-41.5647;10.2288;4482.94;6.15043;0;0;0.1;0.01;0;5.02689;0;0;-1
0;189;-71.595;-14.5694;-41.6328;8.5;2572.44;5.11093;0;0;0.1;0.01;0;5.38695;1;0;-1
0;190;-72.6785;3.61348;-40.9275;10.2704;4537.86;6.17544;0;0;0.1;0.01;0;7.38516;0;0;-1
0;191;-70.5096;19.0707;-42.0687;9.73679;3866.66;5.85459;0;0;0.1;0.01;0;6.24078;0;0;-1
0;192;-69.9842;37.0779;-42.9186;9.92192;4091.44;5.96591;0;0;0.1;0.01;0;5.68397;0;0;-1
0;193;-72.6601;51.3897;-41.1018;9.59208;3696.81;5.76758;0;0;0.1;0.01;0;3.09309;0;0;-1
0;194;-56.9553;-59.2039;-39.9306;10.3288;4615.71;6.21056;0;0;0.1;0.01;0;5.24926;0;0;-1
0;195;-56.7252;-39.4567;-41.8756;9.50868;3601.22;5.71743;0;0;0.1;0.01;0;6.64271;0;0;-1
0;196;-54.1637;-24.6418;-40.9093;9.31218;3382.54;5.59928;0;0;0.1;0.01;0;5.42108;0;0;-1
0;197;-57.4629;-7.3322;-42.0191;10.0834;4294.47;6.063;0;0;0.1;0.01;0;6.99111;0;0;-1
0;198;-55.0615;9.53666;-39.8524;10.2811;4552.05;6.18188;0;0;0.1;0.01;0;6.71494;0;0;-1
0;199;-55.5417;25.8698;-41.5481;9.89022;4052.35;5.94685;0;0;0.1;0.01;0;6.11281;0;0;-1
0;200;-56.9752;42.6511;-40.1074;9.6706;3788.34;5.81479;0;0;0.1;0.01;0;6.52597;0;0;-1
0;201;-54.2534;60.4478;-39.5929;9.62047;3729.73;5.78465;0;0;0.1;0.01;0;5.24056;0;0;-1
0;202;-40.5204;-80.6265;-40.9873;8.5;2572.44;5.11093;0;0;0.1;0.01;0;2.9696;1;0;-1
0;203;-41.6809;-65.9002;-39.23;9.46189;3548.32;5.6893;0;0;0.1;0.01;0;6.38132;0;0;-1
0;204;-43.0547;-47.521;-41.714;8.5;2572.44;5.11093;0;0;0.1;0.01;0;4.90169;1;0;-1
0;205;-42.5717;-31.6888;-42.2033;8.64528;2706.61;5.19828;0;0;0.1;0.01;0;5.09489;0;0;-1
0;206;-40.2452;-13.4519;-40.6519;9.60474;3711.47;5.77519;0;0;0.1;0.01;0;6.1032;0;0;-1
0;207;-42.0137;1.94974;-39.9947;9.25091;3316.21;5.56244;0;0;0.1;0.01;0;6.47526;0;0;-1
0;208;-41.7835;19.6616;-42.4142;8.59492;2659.59;5.168;0;0;0.1;0.01;0;5.91217;0;0;-1
0;209;-41.4527;34.4605;-41.4139;8.78789;2842.77;5.28403;0;0;0.1;0.01;0;5.64151;0;0;-1
0;210;-40.2677;53.6175;-41.2162;9.53739;3633.94;5.73469;0;0;0.1;0.01;0;7.07281;0;0;-1
0;211;-40.804;68.4778;-42.1353;10.3601;4657.8;6.22938;0;0;0.1;0.01;0;6.08213;0;0;-1
0;212;-27.6588;-72.9664;-42.8824;9.39388;3472.35;5.6484;0;0;0.1;0.01;0;6.10613;0;0;-1
0;213;-28.1445;-57.7307;-40.4611;10.4418;4768.86;6.2785;0;0;0.1;0.01;0;7.09392;0;0;-1
0;214;-25.3012;-38.5069;-42.3658;9.23225;3296.18;5.55122;0;0;0.1;0.01;0;5.32838;0;0;-1
0;215;-25.0112;-22.3763;-39.8145;9.9908;4177.24;6.00732;0;0;0.1;0.01;0;6.38863;0;0;-1
0;216;-24.7454;-5.18142;-40.6537;8.87426;2927.42;5.33596;0;0;0.1;0.01;0;5.61415;0;0;-1
0;217;-25.4482;9.75418;-41.0407;8.5;2572.44;5.11093;0;0;0.1;0.01;0;4.04112;1;0;-1
0;218;-28.1745;27.0158;-42.0174;9.3773;3454;5.63843;0;0;0.1;0.01;0;5.4888;0;0;-1
0;219;-27.2187;44.1245;-42.0976;9.59228;3697.04;5.7677;0;0;0.1;0.01;0;6.10558;0;0;-1
0;220;-27.5538;60.532;-40.7608;9.41372;3494.4;5.66033;0;0;0.1;0.01;0;7.06801;0;0;-1
0;221;-25.0127;77.1709;-42.0782;9.57316;3674.98;5.7562;0;0;0.1;0.01;0;5.24496;0;0;-1
0;222;-12.9906;-83.141;-42.1687;8.61093;2674.48;5.17763;0;0;0.1;0.01;0;4.03826;0;0;-1
0;223;-12.9526;-67.608;-39.7405;10.0617;4266.8;6.04995;0;0;0.1;0.01;0;6.69628;0;0;-1
0;224;-12.395;-49.3795;-41.8326;9.18212;3242.78;5.52108;0;0;0.1;0.01;0;5.31993;0;0;-1
0;225;-9.78781;-33.3274;-39.8376;9.50911;3601.71;5.71769;0;0;0.1;0.01;0;6.11746;0;0;-1
0;226;-13.0694;-15.5092;-40.762;8.69144;2750.2;5.22604;0;0;0.1;0.01;0;6.3741;0;0;-1
0;227;-11.0663;0.257448;-41.4491;8.66025;2720.7;5.20728;0;0;0.1;0.01;0;5.45445;0;0;-1
0;228;-12.5384;20.0286;-39.3418;9.95302;4130.03;5.98461;0;0;0.1;0.01;0;6.16084;0;0;-1
0;229;-9.96344;34.3096;-39.7631;8.5;2572.44;5.11093;0;0;0.1;0.01;0;6.08882;1;0;-1
0;230;-11.5602;52.9661;-39.3568;10.1789;4417.65;6.12042;0;0;0.1;0.01;0;6.47177;0;0;-1
0;231;-11.0982;70.7595;-40.0397;9.43087;3513.53;5.67065;0;0;0.1;0.01;0;5.57545;0;0;-1
0;232;-9.79141;87.102;-39.959;8.5;2572.44;5.11093;0;0;0.1;0.01;0;2.3868;1;0;-1
0;233;2.81879;-89.5416;-42.0495;9.11671;3173.97;5.48175;0;0;0.1;0.01;0;2.88258;0;0;-1
0;234;4.67761;-74.9313;-41.1587;8.55271;2620.59;5.14262;0;0;0.1;0.01;0;5.17795;0;0;-1
0;235;2.01237;-59.7612;-39.3797;9.47364;3561.55;5.69636;0;0;0.1;0.01;0;5.41877;0;0;-1
0;236;3.62651;-40.7651;-39.8031;8.5;2572.44;5.11093;0;0;0.1;0.01;0;4.85008;1;0;-1
0;237;4.67691;-25.2813;-39.5145;9.5216;3615.92;5.7252;0;0;0.1;0.01;0;6.13783;0;0;-1
0;238;1.23393;-8.08081;-42.4284;10.2613;4525.8;6.16997;0;0;0.1;0.01;0;6.2669;0;0;-1
0;239;3.21849;10.4501;-41.0151;8.61838;2681.42;5.18211;0;0;0.1;0.01;0;4.36843;0;0;-1
0;240;4.07271;27.187;-39.4774;8.90471;2957.66;5.35427;0;0;0.1;0.01;0;6.72811;0;0;-1
0;241;1.22619;43.0296;-40.2759;10.0973;4312.25;6.07136;0;0;0.1;0.01;0;7.97736;0;0;-1
0;242;1.52135;60.6198;-40.9774;8.5;2572.44;5.11093;0;0;0.1;0.01;0;5.36379;1;0;-1
0;243;3.95798;76.3831;-41.0747;9.14274;3201.24;5.4974;0;0;0.1;0.01;0;5.26447;0;0;-1
0;244;17.6735;-82.3281;-42.0942;8.5;2572.44;5.11093;0;0;0.1;0.01;0;3.29375;1;0;-1
0;245;18.2137;-65.4556;-39.2897;10.2625;4527.39;6.17069;0;0;0.1;0.01;0;5.8847;0;0;-1
0;246;17.9207;-46.4586;-40.8049;8.89095;2943.97;5.346;0;0;0.1;0.01;0;5.26605;0;0;-1
0;247;17.8355;-31.7634;-41.1559;8.5;2572.44;5.11093;0;0;0.1;0.01;0;5.83799;1;0;-1
0;248;19.0991;-15.4939;-41.7739;9.48375;3572.97;5.70244;0;0;0.1;0.01;0;5.92346;0;0;-1
0;249;19.7513;1.94212;-42.1557;9.10927;3166.21;5.47727;0;0;0.1;0.01;0;4.69279;0;0;-1
0;250;17.6651;17.7368;-40.5168;9.27102;3337.88;5.57453;0;0;0.1;0.01;0;5.59919;0;0;-1
0;251;19.0276;36.7153;-42.8384;9.9124;4079.67;5.96018;0;0;0.1;0.01;0;7.63357;0;0;-1
0;252;16.7942;52.0132;-39.6937;10.0976;4312.64;6.07154;0;0;0.1;0.01;0;7.44139;0;0;-1
0;253;18.7616;68.4674;-41.1961;10.3155;4597.9;6.20256;0;0;0.1;0.01;0;5.94105;0;0;-1
0;254;16.4138;87.4171;-41.1281;10.0767;4285.92;6.05897;0;0;0.1;0.01;0;3.1463;0;0;-1
0;255;32.9542;-75.6315;-42.5061;8.64912;2710.22;5.20059;0;0;0.1;0.01;0;2.25118;0;0;-1
0;256;30.5658;-56.4927;-40.5253;9.0958;3152.18;5.46917;0;0;0.1;0.01;0;6.27904;0;0;-1
0;257;33.7162;-41.1791;-40.4676;10.005;4195.08;6.01586;0;0;0.1;0.01;0;7.65258;0;0;-1
0;258;32.7742;-25.2874;-41.5698;10.1242;4346.81;6.08753;0;0;0.1;0.01;0;7.40564;0;0;-1
0;259;33.7389;-8.05122;-42.0302;8.5;2572.44;5.11093;0;0;0.1;0.01;0;4.72535;1;0;-1
0;260;33.8413;10.0346;-42.29;8.5;2572.44;5.11093;0;0;0.1;0.01;0;5.101;1;0;-1
0;261;33.8504;29.5187;-39.8762;8.93213;2985.06;5.37076;0;0;0.1;0.01;0;6.03226;0;0;-1
0;262;32.9453;46.1544;-39.4189;10.038;4236.72;6.0357;0;0;0.1;0.01;0;7.76699;0;0;-1
0;263;33.9196;60.0839;-39.7042;9.38769;3465.49;5.64468;0;0;0.1;0.01;0;6.20735;0;0;-1
0;264;33.5513;79.84;-40.4261;8.95437;3007.42;5.38413;0;0;0.1;0.01;0;2.74462;0;0;-1
0;265;47.8251;-65.271;-41.6068;8.94443;2997.41;5.37816;0;0;0.1;0.01;0;2.46692;0;0;-1
0;266;47.1411;-47.706;-39.9519;9.52788;3623.08;5.72898;0;0;0.1;0.01;0;5.80368;0;0;-1
0;267;47.765;-30.2378;-39.2225;10.3176;4600.71;6.20382;0;0;0.1;0.01;0;7.65936;0;0;-1
0;268;46.7898;-14.9387;-42.5831;10.067;4273.55;6.05314;0;0;0.1;0.01;0;7.77977;0;0;-1
0;269;46.0837;2.87607;-42.1827;8.5;2572.44;5.11093;0;0;0.1;0.01;0;6.20028;1;0;-1
0;270;47.7576;16.8698;-43.042;10.1627;4396.59;6.11068;0;0;0.1;0.01;0;7.43792;0;0;-1
0;271;46.8474;37.9664;-41.1015;9.52653;3621.54;5.72816;0;0;0.1;0.01;0;6.19053;0;0;-1
0;272;46.7046;52.1408;-42.8747;9.67637;3795.12;5.81826;0;0;0.1;0.01;0;6.6049;0;0;-1
0;273;46.8346;69.2609;-39.8973;9.92643;4097.02;5.96862;0;0;0.1;0.01;0;4.49665;0;0;-1
0;274;60.3737;-55.3631;-39.3257;9.8308;3979.74;5.91112;0;0;0.1;0.01;0;4.7457;0;0;-1
0;275;63.9927;-41.6914;-39.8267;8.94562;2998.61;5.37887;0;0;0.1;0.01;0;4.28016;0;0;-1
0;276;61.2088;-23.3524;-39.8321;8.55006;2618.16;5.14103;0;0;0.1;0.01;0;5.54342;0;0;-1
0;277;63.415;-7.79499;-42.3304;9.67674;3795.56;5.81848;0;0;0.1;0.01;0;6.80373;0;0;-1
0;278;63.6;8.23121;-39.4689;10.0114;4203.13;6.01971;0;0;0.1;0.01;0;6.55937;0;0;-1
0;279;63.0225;26.1916;-42.2769;10.0357;4233.81;6.03432;0;0;0.1;0.01;0;6.07527;0;0;-1
0;280;61.551;42.1359;-41.1938;8.88075;2933.85;5.33987;0;0;0.1;0.01;0;5.08182;0;0;-1
0;281;61.9967;60.4241;-42.4595;9.23144;3295.32;5.55073;0;0;0.1;0.01;0;3.67773;0;0;-1
0;282;74.9457;-32.4966;-43.1698;9.0112;3065.04;5.4183;0;0;0.1;0.01;0;3.21666;0;0;-1
0;283;77.7396;-15.0001;-41.1258;8.62851;2690.89;5.1882;0;0;0.1;0.01;0;4.46654;0;0;-1
0;284;76.3306;-0.0854379;-41.4668;10.2851;4557.37;6.18428;0;0;0.1;0.01;0;6.87616;0;0;-1
0;285;78.7395;19.7242;-42.8207;8.99017;3043.63;5.40566;0;0;0.1;0.01;0;3.33227;0;0;-1
0;286;76.5344;34.3381;-41.9411;9.23964;3304.1;5.55566;0;0;0.1;0.01;0;3.54352;0;0;-1
0;287;90.5187;-4.56008;-40.5369;8.7003;2758.62;5.23136;0;0;0.1;0.01;0;2.23182;0;0;-1
0;288;-95.1292;-13.5095;-24.6978;8.77145;2826.85;5.27415;0;0;0.1;0.01;0;3.17486;0;0;-1
0;289;-95.6356;1.2483;-26.0982;9.92316;4092.97;5.96665;0;0;0.1;0.01;0;3.87389;0;0;-1
0;290;-80.8692;-41.5002;-24.6601;9.90428;4069.65;5.9553;0;0;0.1;0.01;0;2.88653;0;0;-1
0;291;-81.7965;-23.4402;-27.3412;9.5595;3659.27;5.74799;0;0;0.1;0.01;0;3.8645;0;0;-1
0;292;-78.908;-4.65407;-26.484;10.0423;4242.17;6.03829;0;0;0.1;0.01;0;5.59082;0;0;-1
0;293;-82.5764;10.9711;-26.4507;10.1274;4350.93;6.08946;0;0;0.1;0.01;0;6.28554;0;0;-1
0;294;-82.4144;27.6778;-25.1483;10.0349;4232.8;6.03384;0;0;0.1;0.01;0;5.02758;0;0;-1
0;295;-80.4018;44.5633;-28.1157;9.88358;4044.19;5.94285;0;0;0.1;0.01;0;3.284;0;0;-1
0;296;-64.0837;-67.8809;-25.9987;8.5;2572.44;5.11093;0;0;0.1;0.01;0;2.51632;1;0;-1
0;297;-64.38;-48.9923;-26.1291;8.77835;2833.53;5.27829;0;0;0.1;0.01;0;4.35852;0;0;-1
0;298;-64.5293;-31.2643;-25.4634;9.74862;3880.77;5.8617;0;0;0.1;0.01;0;5.46712;0;0;-1
0;299;-64.4854;-12.8911;-26.994;9.28066;3348.31;5.58033;0;0;0.1;0.01;0;5.55837;0;0;-1
0;300;-66.0777;4.44503;-26.0272;8.5;2572.44;5.11093;0;0;0.1;0.01;0;5.94068;1;0;-1
0;301;-65.4733;20.2171;-26.933;8.59094;2655.89;5.16561;0;0;0.1;0.01;0;5.71258;0;0;-1
0;302;-64.6872;35.2197;-27.1699;10.0497;4251.56;6.04274;0;0;0.1;0.01;0;6.30918;0;0;-1
0;303;-64.5475;50.9139;-26.2278;9.27992;3347.51;5.57988;0;0;0.1;0.01;0;5.75103;0;0;-1
0;304;-66.6765;68.6684;-26.708;9.4554;3541.02;5.68539;0;0;0.1;0.01;0;2.15212;0;0;-1
0;305;-49.7068;-72.4977;-27.7853;8.99661;3050.18;5.40953;0;0;0.1;0.01;0;5.22974;0;0;-1
0;306;-49.6166;-58.177;-26.2883;9.25063;3315.91;5.56227;0;0;0.1;0.01;0;6.29379;0;0;-1
0;307;-51.5428;-39.7151;-26.3434;9.3425;3415.69;5.61751;0;0;0.1;0.01;0;6.00807;0;0;-1
0;308;-52.4109;-23.117;-27.5525;9.77632;3913.95;5.87836;0;0;0.1;0.01;0;6.55517;0;0;-1
0;309;-50.4853;-7.03224;-27.8103;9.73264;3861.72;5.8521;0;0;0.1;0.01;0;6.61;0;0;-1
0;310;-53.0207;8.65221;-26.3264;8.9409;2993.87;5.37603;0;0;0.1;0.01;0;5.4877;0;0;-1
0;311;-51.1168;26.7862;-24.4679;9.14375;3202.3;5.498;0;0;0.1;0.01;0;5.57727;0;0;-1
0;312;-49.9869;45.5115;-24.8745;9.78011;3918.5;5.88064;0;0;0.1;0.01;0;7.33723;0;0;-1
0;313;-50.6675;62.4894;-25.5845;8.75947;2815.28;5.26694;0;0;0.1;0.01;0;6.08666;0;0;-1
0;314;-51.7964;78.4805;-28.2552;8.72318;2780.44;5.24512;0;0;0.1;0.01;0;2.65306;0;0;-1
0;315;-36.4323;-82.1782;-26.5174;10.3133;4594.96;6.20124;0;0;0.1;0.01;0;6.19426;0;0;-1
0;316;-34.9816;-67.3057;-26.8041;8.88636;2939.41;5.34324;0;0;0.1;0.01;0;6.98898;0;0;-1
0;317;-38.3688;-47.1076;-27.1462;10.1598;4392.83;6.10894;0;0;0.1;0.01;0;5.7129;0;0;-1
0;318;-36.0573;-30.0864;-26.0723;9.32899;3400.89;5.60939;0;0;0.1;0.01;0;6.11559;0;0;-1
0;319;-34.6337;-13.762;-26.8;8.77558;2830.85;5.27663;0;0;0.1;0.01;0;5.01462;0;0;-1
0;320;-36.585;4.31871;-27.4457;8.5;2572.44;5.11093;0;0;0.1;0.01;0;4.19228;1;0;-1
0;321;-38.3596;18.5461;-27.475;9.50184;3593.45;5.71332;0;0;0.1;0.01;0;5.4531;0;0;-1
0;322;-38.2438;34.5869;-25.1793;8.5;2572.44;5.11093;0;0;0.1;0.01;0;5.50038;1;0;-1
0;323;-37.6468;52.2757;-27.8643;9.223;3286.29;5.54566;0;0;0.1;0.01;0;6.07439;0;0;-1
0;324;-38.2078;67.7251;-25.7611;8.5;2572.44;5.11093;0;0;0.1;0.01;0;4.48731;1;0;-1
0;325;-35.5385;85.8456;-24.9487;10.2803;4550.99;6.1814;0;0;0.1;0.01;0;3.74726;0;0;-1
0;326;-21.7846;-90.7785;-25.2869;10.3383;4628.45;6.21627;0;0;0.1;0.01;0;3.98772;0;0;-1
0;327;-20.5813;-73.09;-27.02;10.1729;4409.84;6.11682;0;0;0.1;0.01;0;8.27678;0;0;-1
0;328;-20.3439;-59.1598;-26.307;9.74517;3876.65;5.85963;0;0;0.1;0.01;0;7.26667;0;0;-1
0;329;-22.0156;-40.5842;-26.6616;8.61701;2680.15;5.18128;0;0;0.1;0.01;0;4.98812;0;0;-1
0;330;-21.3621;-21.1047;-24.9741;10.094;4308.03;6.06938;0;0;0.1;0.01;0;6.8419;0;0;-1
0;331;-19.721;-5.48252;-28.0825;8.5;2572.44;5.11093;0;0;0.1;0.01;0;4.64941;1;0;-1
0;332;-21.3093;11.8066;-25.773;8.5;2572.44;5.11093;0;0;0.1;0.01;0;4.00249;1;0;-1
0;333;-22.7726;28.7616;-27.7826;8.64731;2708.52;5.1995;0;0;0.1;0.01;0;5.10121;0;0;-1
0;334;-21.2682;44.7712;-27.8825;9.74786;3879.86;5.86125;0;0;0.1;0.01;0;5.84152;0;0;-1
0;335;-21.6937;62.173;-26.6132;9.66986;3787.47;5.81435;0;0;0.1;0.01;0;6.3398;0;0;-1
0;336;-22.8422;78.7589;-27.9112;9.43208;3514.88;5.67137;0;0;0.1;0.01;0;5.63108;0;0;-1
0;337;-5.94201;-81.2673;-28.6524;9.37792;3454.68;5.63881;0;0;0.1;0.01;0;6.09373;0;0;-1
0;338;-7.90567;-66.6029;-26.3293;9.47884;3567.42;5.69949;0;0;0.1;0.01;0;6.68975;0;0;-1
0;339;-8.56213;-48.5912;-24.3821;9.13807;3196.33;5.49459;0;0;0.1;0.01;0;5.18684;0;0;-1
0;340;-8.20546;-29.6906;-25.545;8.77274;2828.1;5.27492;0;0;0.1;0.01;0;5.56598;0;0;-1
0;341;-6.01125;-13.3265;-27.8146;9.41095;3491.31;5.65867;0;0;0.1;0.01;0;6.59717;0;0;-1
0;342;-5.49577;1.93207;-27.644;8.53399;2603.42;5.13136;0;0;0.1;0.01;0;5.70867;0;0;-1
0;343;-6.60642;21.13;-25.6295;9.60397;3710.57;5.77473;0;0;0.1;0.01;0;6.70046;0;0;-1
0;344;-7.0916;35.409;-27.0981;9.34522;3418.67;5.61915;0;0;0.1;0.01;0;7.48374;0;0;-1
0;345;-7.93056;51.5135;-26.0259;8.65073;2711.73;5.20156;0;0;0.1;0.01;0;5.6112;0;0;-1
0;346;-9.34653;72.1646;-24.4907;8.6207;2683.59;5.1835;0;0;0.1;0.01;0;5.03799;0;0;-1
0;347;-9.09892;88.2396;-25.6629;8.64271;2704.2;5.19674;0;0;0.1;0.01;0;3.97167;0;0;-1
0;348;9.34626;-90.4745;-25.4105;10.3115;4592.55;6.20016;0;0;0.1;0.01;0;4.27831;0;0;-1
0;349;6.59703;-75.7941;-25.3208;9.7822;3921.01;5.88189;0;0;0.1;0.01;0;6.67566;0;0;-1
0;350;9.44568;-58.6625;-25.7706;9.33001;3402;5.61;0;0;0.1;0.01;0;5.80885;0;0;-1
0;351;5.72617;-40.0307;-25.3994;9.62018;3729.39;5.78447;0;0;0.1;0.01;0;6.09759;0;0;-1
0;352;8.26566;-25.5189;-26.5939;8.72878;2785.8;5.24849;0;0;0.1;0.01;0;5.85997;0;0;-1
0;353;9.0225;-8.76685;-27.6947;10.2426;4501.11;6.15873;0;0;0.1;0.01;0;6.79773;0;0;-1
0;354;5.51558;9.93739;-25.51;9.14542;3204.05;5.49901;0;0;0.1;0.01;0;4.58277;0;0;-1
0;355;9.43605;29.3283;-27.6638;10.081;4291.4;6.06156;0;0;0.1;0.01;0;6.86183;0;0;-1
0;356;6.25327;44.047;-25.2412;10.3766;4680.09;6.2393;0;0;0.1;0.01;0;7.20018;0;0;-1
0;357;6.86925;63.4086;-24.6203;10.1832;4423.25;6.12301;0;0;0.1;0.01;0;6.80639;0;0;-1
0;358;5.89516;78.2845;-28.0023;9.05381;3108.73;5.44392;0;0;0.1;0.01;0;5.55797;0;0;-1
0;359;8.24642;95.6182;-26.8433;10.0208;4214.98;6.02536;0;0;0.1;0.01;0;2.99674;0;0;-1
0;360;22.575;-82.3679;-25.2135;9.14669;3205.39;5.49977;0;0;0.1;0.01;0;4.65853;0;0;-1
0;361;23.7;-65.8975;-25.4743;9.51617;3609.73;5.72193;0;0;0.1;0.01;0;5.43727;0;0;-1
0;362;23.2755;-47.2937;-27.4312;10.114;4333.69;6.0814;0;0;0.1;0.01;0;6.25868;0;0;-1
0;363;22.7947;-31.7625;-26.046;9.7203;3847.05;5.84468;0;0;0.1;0.01;0;6.89655;0;0;-1
0;364;22.1305;-16.0918;-25.5883;10.0142;4206.66;6.02139;0;0;0.1;0.01;0;6.73068;0;0;-1
0;365;22.3173;1.01212;-26.8059;9.03568;3090.09;5.43302;0;0;0.1;0.01;0;5.17163;0;0;-1
0;366;23.3867;18.1891;-28.0135;9.62583;3735.97;5.78787;0;0;0.1;0.01;0;6.254;0;0;-1
0;367;23.2499;34.9355;-27.5207;9.48752;3577.23;5.70471;0;0;0.1;0.01;0;7.42003;0;0;-1
0;368;20.5964;51.1108;-24.5191;9.78732;3927.17;5.88497;0;0;0.1;0.01;0;6.26205;0;0;-1
0;369;20.289;69.1537;-26.9517;9.41126;3491.66;5.65885;0;0;0.1;0.01;0;5.36206;0;0;-1
0;370;23.3596;84.5738;-24.8037;9.48309;3572.22;5.70204;0;0;0.1;0.01;0;4.90051;0;0;-1
0;371;38.0663;-75.9947;-27.1023;9.08221;3138.07;5.461;0;0;0.1;0.01;0;3.93947;0;0;-1
0;372;35.2246;-56.9181;-27.035;8.68961;2748.46;5.22494;0;0;0.1;0.01;0;5.60522;0;0;-1
0;373;37.5329;-39.9432;-26.829;9.92192;4091.44;5.96591;0;0;0.1;0.01;0;7.96667;0;0;-1
0;374;37.6922;-23.1688;-27.6904;9.98008;4163.81;6.00088;0;0;0.1;0.01;0;7.59003;0;0;-1
0;375;37.4544;-7.20905;-24.84;9.68117;3800.77;5.82115;0;0;0.1;0.01;0;6.57006;0;0;-1
0;376;35.1295;8.9138;-26.7907;8.8148;2868.97;5.30021;0;0;0.1;0.01;0;5.30939;0;0;-1
0;377;37.2277;25.3902;-24.7093;9.96675;4147.15;5.99286;0;0;0.1;0.01;0;6.88005;0;0;-1
0;378;37.0147;42.139;-27.0946;9.84583;3998.03;5.92015;0;0;0.1;0.01;0;6.579;0;0;-1
0;379;38.4468;63.6797;-24.9016;8.5;2572.44;5.11093;0;0;0.1;0.01;0;4.58496;1;0;-1
0;380;36.7495;78.8103;-24.8754;8.5;2572.44;5.11093;0;0;0.1;0.01;0;4.35237;1;0;-1
0;381;50.4414;-66.6494;-24.7864;10.2137;4463.11;6.14135;0;0;0.1;0.01;0;5.56924;0;0;-1
0;382;49.9651;-50.7717;-25.2892;10.1728;4409.71;6.11676;0;0;0.1;0.01;0;6.85206;0;0;-1
0;383;50.0723;-33.4184;-25.0303;8.55599;2623.61;5.14459;0;0;0.1;0.01;0;5.20331;0;0;-1
0;384;52.7149;-15.5633;-26.8619;9.21838;3281.35;5.54288;0;0;0.1;0.01;0;6.25939;0;0;-1
0;385;51.8223;1.73461;-28.3334;10.0155;4208.3;6.02217;0;0;0.1;0.01;0;7.16967;0;0;-1
0;386;50.1057;17.7994;-28.5151;9.04577;3100.45;5.43909;0;0;0.1;0.01;0;6.16634;0;0;-1
0;387;50.3091;34.8906;-25.0682;9.38364;3461.01;5.64225;0;0;0.1;0.01;0;5.57794;0;0;-1
0;388;52.9815;54.7687;-24.6958;8.65695;2717.59;5.2053;0;0;0.1;0.01;0;4.39665;0;0;-1
0;389;52.2;72.6209;-26.94;9.78828;3928.33;5.88555;0;0;0.1;0.01;0;4.37871;0;0;-1
0;390;66.3601;-59.205;-27.6316;8.99162;3045.11;5.40653;0;0;0.1;0.01;0;4.13253;0;0;-1
0;391;66.6349;-42.2225;-25.0401;8.84857;2902.07;5.32052;0;0;0.1;0.01;0;5.48317;0;0;-1
0;392;67.4829;-23.2437;-24.8727;10.3678;4668.19;6.23401;0;0;0.1;0.01;0;6.53778;0;0;-1
0;393;65.5559;-5.60062;-26.9229;8.9529;3005.94;5.38325;0;0;0.1;0.01;0;6.84059;0;0;-1
0;394;66.5816;9.45449;-25.0895;9.2484;3313.51;5.56093;0;0;0.1;0.01;0;5.82299;0;0;-1
0;395;64.8729;25.4081;-25.6041;9.8348;3984.6;5.91352;0;0;0.1;0.01;0;4.80895;0;0;-1
0;396;66.3815;46.5046;-25.9038;10.0347;4232.55;6.03372;0;0;0.1;0.01;0;5.81794;0;0;-1
0;397;65.0703;62.2779;-27.5191;10.0508;4252.95;6.0434;0;0;0.1;0.01;0;4.9696;0;0;-1
0;398;79.416;-51.2638;-25.8168;10.1042;4321.1;6.07551;0;0;0.1;0.01;0;2.17897;0;0;-1
0;399;81.8826;-34.2041;-24.8314;10.2512;4512.45;6.1639;0;0;0.1;0.01;0;3.41431;0;0;-1
0;400;80.75;-16.8079;-25.3514;8.88357;2936.64;5.34156;0;0;0.1;0.01;0;4.4682;0;0;-1
0;401;79.7981;-0.229438;-26.2419;9.30496;3374.68;5.59494;0;0;0.1;0.01;0;4.87197;0;0;-1
0;402;83.2173;17.7961;-25.2728;9.79833;3940.44;5.89159;0;0;0.1;0.01;0;4.14566;0;0;-1
0;403;79.0976;33.7603;-27.9935;8.5;2572.44;5.11093;0;0;0.1;0.01;0;3.36674;1;0;-1
0;404;79.3716;54.6222;-26.5436;10.3516;4646.34;6.22427;0;0;0.1;0.01;0;2.70785;0;0;-1
0;405;-98.4434;0.961382;-11.8098;10.2755;4544.62;6.17851;0;0;0.1;0.01;0;3.70446;0;0;-1
0;406;-84.2873;-42.0855;-11.2516;9.08598;3141.98;5.46327;0;0;0.1;0.01;0;3.46725;0;0;-1
0;407;-84.3746;-23.5391;-10.3065;10.4098;4725.15;6.25926;0;0;0.1;0.01;0;5.70453;0;0;-1
0;408;-85.2146;-7.13608;-12.4851;8.91246;2965.39;5.35893;0;0;0.1;0.01;0;5.26874;0;0;-1
0;409;-83.3462;11.648;-11.9316;10.149;4378.83;6.10245;0;0;0.1;0.01;0;5.9221;0;0;-1
0;410;-84.8137;29.1407;-12.4315;8.5;2572.44;5.11093;0;0;0.1;0.01;0;4.12892;1;0;-1
0;411;-84.0318;42.4961;-11.3114;9.39125;3469.44;5.64682;0;0;0.1;0.01;0;4.12671;0;0;-1
0;412;-70.8134;-68.4387;-10.0645;8.78734;2842.24;5.2837;0;0;0.1;0.01;0;2.13658;0;0;-1
0;413;-69.2281;-49.2634;-11.9971;9.51949;3613.51;5.72393;0;0;0.1;0.01;0;4.76772;0;0;-1
0;414;-69.8926;-32.5558;-10.1361;9.37135;3447.43;5.63486;0;0;0.1;0.01;0;6.79689;0;0;-1
0;415;-72.1622;-15.7408;-11.6915;9.40543;3485.17;5.65535;0;0;0.1;0.01;0;6.5865;0;0;-1
0;416;-70.7961;3.17421;-10.3134;8.76929;2824.76;5.27285;0;0;0.1;0.01;0;6.07172;0;0;-1
0;417;-68.3541;17.3756;-12.9516;8.58719;2652.42;5.16335;0;0;0.1;0.01;0;4.93325;0;0;-1
0;418;-69.4939;36.4703;-11.9892;9.59908;3704.91;5.77179;0;0;0.1;0.01;0;6.34091;0;0;-1
0;419;-71.9151;53.7829;-13.0283;8.9755;3028.76;5.39684;0;0;0.1;0.01;0;4.41678;0;0;-1
0;420;-54.2883;-75.1278;-9.72292;8.85847;2911.82;5.32647;0;0;0.1;0.01;0;3.81639;0;0;-1
0;421;-56.6192;-58.239;-12.3458;9.39962;3478.72;5.65186;0;0;0.1;0.01;0;5.38567;0;0;-1
0;422;-57.3311;-39.2018;-10.3163;8.57706;2643.04;5.15726;0;0;0.1;0.01;0;5.56489;0;0;-1
0;423;-57.3101;-23.9557;-11.863;8.5;2572.44;5.11093;0;0;0.1;0.01;0;5.49178;1;0;-1
0;424;-55.2373;-7.21999;-11.8117;9.00601;3059.75;5.41518;0;0;0.1;0.01;0;5.50004;0;0;-1
0;425;-54.3072;8.60147;-12.5454;10.0595;4264.01;6.04863;0;0;0.1;0.01;0;5.98755;0;0;-1
0;426;-57.3419;29.7689;-12.8159;8.5;2572.44;5.11093;0;0;0.1;0.01;0;5.63878;1;0;-1
0;427;-55.1154;44.7194;-11.8262;9.28257;3350.37;5.58147;0;0;0.1;0.01;0;6.85709;0;0;-1
0;428;-57.9507;60.033;-10.6847;9.74725;3879.14;5.86088;0;0;0.1;0.01;0;5.44933;0;0;-1
0;429;-42.7867;-83.6432;-13.2563;10.0889;4301.5;6.06631;0;0;0.1;0.01;0;4.25772;0;0;-1
0;430;-39.3572;-64.6266;-11.5705;9.79525;3936.73;5.88974;0;0;0.1;0.01;0;5.60969;0;0;-1
0;431;-41.0528;-49.3552;-10.6923;8.52157;2592.07;5.1239;0;0;0.1;0.01;0;5.07742;0;0;-1
0;432;-41.2228;-32.6049;-12.3604;9.80366;3946.87;5.8948;0;0;0.1;0.01;0;6.13923;0;0;-1
0;433;-42.0829;-14.3491;-13.5195;10.014;4206.41;6.02127;0;0;0.1;0.01;0;6.08388;0;0;-1
0;434;-40.9211;3.07255;-10.7852;9.48602;3575.53;5.70381;0;0;0.1;0.01;0;5.76848;0;0;-1
0;435;-39.403;20.0866;-11.2071;10.0097;4200.99;6.01869;0;0;0.1;0.01;0;6.27776;0;0;-1
0;436;-42.1299;36.9039;-13.1722;9.33057;3402.62;5.61034;0;0;0.1;0.01;0;7.19957;0;0;-1
0;437;-42.6535;52.2161;-12.6243;8.5;2572.44;5.11093;0;0;0.1;0.01;0;5.05096;1;0;-1
0;438;-43.006;70.6864;-12.5555;8.74544;2801.78;5.25851;0;0;0.1;0.01;0;4.72232;0;0;-1
0;439;-43.2507;85.133;-13.3351;8.5;2572.44;5.11093;0;0;0.1;0.01;0;3.42636;1;0;-1
0;440;-27.9024;-93.1828;-13.0872;9.62079;3730.1;5.78484;0;0;0.1;0.01;0;4.31792;0;0;-1
0;441;-28.1473;-76.8689;-13.0066;10.1441;4372.49;6.0995;0;0;0.1;0.01;0;7.05491;0;0;-1
0;442;-24.6961;-56.5749;-12.2857;10.3899;4698.1;6.2473;0;0;0.1;0.01;0;7.30594;0;0;-1
0;443;-27.3656;-41.7539;-10.1892;10.4383;4764.07;6.2764;0;0;0.1;0.01;0;7.63288;0;0;-1
0;444;-26.6325;-22.2875;-11.8624;10.2193;4470.46;6.14472;0;0;0.1;0.01;0;6.64946;0;0;-1
0;445;-24.9549;-7.3059;-10.3192;8.54228;2611.02;5.13635;0;0;0.1;0.01;0;4.69748;0;0;-1
0;446;-25.1368;9.14881;-10.2565;9.43114;3513.83;5.67081;0;0;0.1;0.01;0;5.1749;0;0;-1
0;447;-27.4326;28.4674;-10.5806;10.2555;4518.13;6.16648;0;0;0.1;0.01;0;6.15157;0;0;-1
0;448;-28.3081;42.958;-10.7742;9.06343;3118.65;5.44971;0;0;0.1;0.01;0;5.6267;0;0;-1
0;449;-24.4436;59.0701;-12.8452;8.80537;2859.77;5.29454;0;0;0.1;0.01;0;4.53599;0;0;-1
0;450;-24.7725;77.7004;-12.2457;9.85517;4009.41;5.92577;0;0;0.1;0.01;0;6.45351;0;0;-1
0;451;-24.8563;94.6722;-14.015;10.1999;4445.05;6.13305;0;0;0.1;0.01;0;3.54536;0;0;-1
0;452;-13.5495;-83.3064;-11.0874;8.5;2572.44;5.11093;0;0;0.1;0.01;0;4.45332;1;0;-1
0;453;-12.7685;-65.4515;-13.2541;8.5;2572.44;5.11093;0;0;0.1;0.01;0;5.52558;1;0;-1
0;454;-12.6943;-48.4373;-9.71236;9.49539;3586.14;5.70944;0;0;0.1;0.01;0;6.60767;0;0;-1
0;455;-11.446;-32.3668;-11.7599;10.4018;4714.27;6.25445;0;0;0.1;0.01;0;7.25803;0;0;-1
0;456;-10.3921;-14.2735;-10.7262;8.5;2572.44;5.11093;0;0;0.1;0.01;0;6.05859;1;0;-1
0;457;-10.7184;0.962972;-11.5998;10.2021;4447.92;6.13437;0;0;0.1;0.01;0;7.16139;0;0;-1
0;458;-10.7315;16.9713;-11.6238;9.08701;3143.05;5.46389;0;0;0.1;0.01;0;5.76851;0;0;-1
0;459;-11.5935;34.2453;-12.5382;8.56015;2627.44;5.14709;0;0;0.1;0.01;0;4.61883;0;0;-1
0;460;-10.3558;50.9692;-10.6078;8.54843;2616.66;5.14005;0;0;0.1;0.01;0;5.22148;0;0;-1
0;461;-10.5254;67.4162;-11.632;9.0735;3129.05;5.45576;0;0;0.1;0.01;0;5.91063;0;0;-1
0;462;-11.6992;87.2561;-12.4357;8.5;2572.44;5.11093;0;0;0.1;0.01;0;4.7954;1;0;-1
0;463;4.39142;-91.5539;-10.5882;8.69412;2752.74;5.22765;0;0;0.1;0.01;0;3.76577;0;0;-1
0;464;1.54808;-75.9955;-12.126;8.5;2572.44;5.11093;0;0;0.1;0.01;0;5.49027;1;0;-1
0;465;1.34668;-59.479;-12.8571;8.86284;2916.13;5.3291;0;0;0.1;0.01;0;6.06351;0;0;-1
0;466;1.67951;-41.2646;-12.6227;9.63019;3741.05;5.79049;0;0;0.1;0.01;0;6.53582;0;0;-1
0;467;1.26773;-21.5689;-10.4688;9.21799;3280.93;5.54264;0;0;0.1;0.01;0;6.60846;0;0;-1
0;468;1.59674;-7.44261;-12.1264;8.63646;2698.34;5.19298;0;0;0.1;0.01;0;6.12616;0;0;-1
0;469;3.27815;8.17295;-12.2785;10.1133;4332.79;6.08098;0;0;0.1;0.01;0;6.21291;0;0;-1
0;470;3.19224;25.1309;-13.5554;9.05314;3108.04;5.44352;0;0;0.1;0.01;0;4.72283;0;0;-1
0;471;1.98664;43.7639;-10.4932;9.3009;3370.26;5.5925;0;0;0.1;0.01;0;5.57866;0;0;-1
0;472;2.33591;59.5222;-10.7515;9.45512;3540.71;5.68523;0;0;0.1;0.01;0;6.58809;0;0;-1
0;473;2.70824;76.7515;-10.3971;8.91847;2971.39;5.36255;0;0;0.1;0.01;0;6.03197;0;0;-1
0;474;3.09669;94.0403;-11.4625;10.2647;4530.3;6.17202;0;0;0.1;0.01;0;4.46;0;0;-1
0;475;18.8172;-85.1778;-10.5364;9.35595;3430.46;5.6256;0;0;0.1;0.01;0;5.80059;0;0;-1
0;476;16.0707;-68.1896;-10.5169;9.47166;3559.32;5.69517;0;0;0.1;0.01;0;6.35434;0;0;-1
0;477;15.9629;-51.468;-9.87453;9.86583;4022.44;5.93218;0;0;0.1;0.01;0;5.77902;0;0;-1
0;478;15.5228;-33.3889;-10.5221;9.65096;3765.3;5.80298;0;0;0.1;0.01;0;5.7429;0;0;-1
0;479;16.0356;-16.3006;-11.4678;8.57311;2639.39;5.15489;0;0;0.1;0.01;0;5.90928;0;0;-1
0;480;16.4175;1.11773;-11.4617;9.38448;3461.94;5.64275;0;0;0.1;0.01;0;5.57893;0;0;-1
0;481;19.4877;20.9019;-10.8765;9.88972;4051.73;5.94655;0;0;0.1;0.01;0;6.04983;0;0;-1
0;482;19.6229;38.1899;-13.1701;8.5;2572.44;5.11093;0;0;0.1;0.01;0;5.08528;1;0;-1
0;483;18.1826;54.5361;-11.4718;8.5;2572.44;5.11093;0;0;0.1;0.01;0;4.93253;1;0;-1
0;484;17.3059;71.4352;-10.3213;10.3965;4707.06;6.25126;0;0;0.1;0.01;0;7.11167;0;0;-1
0;485;15.698;84.9731;-12.573;8.5;2572.44;5.11093;0;0;0.1;0.01;0;5.45153;1;0;-1
0;486;31.9477;-93.7233;-12.0455;8.83098;2884.8;5.30994;0;0;0.1;0.01;0;1.85773;0;0;-1
0;487;33.3616;-76.65;-12.3242;9.41174;3492.19;5.65914;0;0;0.1;0.01;0;5.65212;0;0;-1
0;488;32.8894;-55.3933;-10.3488;9.45135;3536.47;5.68296;0;0;0.1;0.01;0;4.99201;0;0;-1
0;489;34.165;-38.8903;-10.1213;9.62386;3733.67;5.78669;0;0;0.1;0.01;0;6.14361;0;0;-1
0;490;31.2307;-21.3562;-12.2784;9.89423;4057.28;5.94926;0;0;0.1;0.01;0;7.10777;0;0;-1
0;491;33.1372;-6.33972;-10.7768;8.88235;2935.43;5.34083;0;0;0.1;0.01;0;5.56203;0;0;-1
0;492;33.5014;11.798;-12.9141;10.3784;4682.52;6.24038;0;0;0.1;0.01;0;7.01885;0;0;-1
0;493;31.4716;29.0519;-10.835;9.24443;3309.25;5.55854;0;0;0.1;0.01;0;6.82266;0;0;-1
0;494;33.5351;46.2579;-13.2464;9.56238;3662.58;5.74972;0;0;0.1;0.01;0;5.98954;0;0;-1
0;495;32.7889;63.4883;-10.3676;8.6173;2680.42;5.18146;0;0;0.1;0.01;0;5.98522;0;0;-1
0;496;32.2652;79.3808;-10.1294;10.0567;4260.45;6.04695;0;0;0.1;0.01;0;6.38655;0;0;-1
0;497;45.967;-82.9405;-10.7912;8.5;2572.44;5.11093;0;0;0.1;0.01;0;4.1551;1;0;-1
0;498;48.1291;-67.8906;-11.453;9.53328;3629.24;5.73222;0;0;0.1;0.01;0;6.01281;0;0;-1
0;499;47.7014;-47.7338;-11.9673;9.34097;3414.01;5.61659;0;0;0.1;0.01;0;6.11468;0;0;-1
0;500;48.6183;-31.7091;-12.5213;9.05733;3112.36;5.44604;0;0;0.1;0.01;0;5.53919;0;0;-1
0;501;45.558;-14.7393;-10.9484;9.15165;3210.6;5.50275;0;0;0.1;0.01;0;6.26598;0;0;-1
0;502;46.5932;0.437331;-11.0288;10.1585;4391.14;6.10816;0;0;0.1;0.01;0;7.44558;0;0;-1
0;503;47.733;18.1151;-13.4337;10.1742;4411.53;6.1176;0;0;0.1;0.01;0;7.74666;0;0;-1
0;504;47.8991;34.651;-10.5437;9.51622;3609.79;5.72196;0;0;0.1;0.01;0;6.42892;0;0;-1
0;505;45.9394;55.1918;-12.4953;8.5;2572.44;5.11093;0;0;0.1;0.01;0;5.01912;1;0;-1
0;506;46.2891;68.4935;-10.0157;9.24156;3306.16;5.55682;0;0;0.1;0.01;0;6.16983;0;0;-1
0;507;47.6948;85.6412;-13.0984;8.6403;2701.94;5.19529;0;0;0.1;0.01;0;2.33871;0;0;-1
0;508;61.0943;-74.2496;-11.2882;10.3036;4582.01;6.19541;0;0;0.1;0.01;0;3.1981;0;0;-1
0;509;60.3085;-56.0673;-13.3006;9.61516;3723.56;5.78146;0;0;0.1;0.01;0;6.39418;0;0;-1
0;510;61.4425;-42.1503;-11.6159;9.39919;3478.24;5.6516;0;0;0.1;0.01;0;6.41286;0;0;-1
0;511;62.5804;-25.7802;-11.8622;9.28468;3352.66;5.58274;0;0;0.1;0.01;0;5.84178;0;0;-1
0;512;62.7404;-7.65373;-11.5021;9.83406;3983.7;5.91308;0;0;0.1;0.01;0;6.46899;0;0;-1
0;513;60.734;9.37176;-12.8109;10.2245;4477.29;6.14784;0;0;0.1;0.01;0;6.65884;0;0;-1
0;514;61.9712;28.7554;-10.219;9.92591;4096.37;5.96831;0;0;0.1;0.01;0;6.3083;0;0;-1
0;515;62.6719;45.9886;-11.1326;9.50542;3597.51;5.71547;0;0;0.1;0.01;0;5.70297;0;0;-1
0;516;63.2368;63.5927;-10.7988;10.0981;4313.28;6.07184;0;0;0.1;0.01;0;5.33149;0;0;-1
0;517;61.0471;77.9237;-13.7947;8.90529;2958.24;5.35462;0;0;0.1;0.01;0;2.77246;0;0;-1
0;518;77.6059;-47.5318;-10.8075;8.5;2572.44;5.11093;0;0;0.1;0.01;0;3.89157;1;0;-1
0;519;77.3345;-30.0355;-11.2437;8.60685;2670.68;5.17517;0;0;0.1;0.01;0;5.62794;0;0;-1
0;520;75.2984;-14.4404;-10.8536;10.4528;4783.95;6.28512;0;0;0.1;0.01;0;7.80149;0;0;-1
0;521;74.9395;1.12156;-10.995;8.5;2572.44;5.11093;0;0;0.1;0.01;0;6.16653;1;0;-1
0;522;76.6075;18.0125;-13.3364;8.69993;2758.26;5.23114;0;0;0.1;0.01;0;5.7493;0;0;-1
0;523;75.0664;34.8514;-12.7075;8.5;2572.44;5.11093;0;0;0.1;0.01;0;5.25289;1;0;-1
0;524;75.342;51.4826;-10.2327;9.24246;3307.13;5.55736;0;0;0.1;0.01;0;5.71996;0;0;-1
0;525;89.5842;-22.1766;-11.9582;8.5;2572.44;5.11093;0;0;0.1;0.01;0;3.7907;1;0;-1
0;526;90.0674;-4.25498;-10.1483;9.67018;3787.85;5.81454;0;0;0.1;0.01;0;4.12142;0;0;-1
0;527;89.5549;12.0081;-11.0247;8.94815;3001.15;5.38039;0;0;0.1;0.01;0;4.80238;0;0;-1
0;528;89.4288;27.0278;-11.201;8.57982;2645.59;5.15892;0;0;0.1;0.01;0;4.5134;0;0;-1
0;529;89.2391;43.5649;-9.84698;10.0381;4236.85;6.03576;0;0;0.1;0.01;0;3.29292;0;0;-1
0;530;-93.9367;-16.5789;2.39597;9.45997;3546.16;5.68814;0;0;0.1;0.01;0;3.17045;0;0;-1
0;531;-95.6865;2.72592;3.42925;9.65336;3768.11;5.80443;0;0;0.1;0.01;0;3.78362;0;0;-1
0;532;-95.909;18.6886;2.1633;10.2032;4449.36;6.13504;0;0;0.1;0.01;0;3.23829;0;0;-1
0;533;-79.6769;-55.9226;3.03902;8.5;2572.44;5.11093;0;0;0.1;0.01;0;2.63834;1;0;-1
0;534;-82.6283;-41.5214;4.6816;9.80047;3943.02;5.89288;0;0;0.1;0.01;0;4.1754;0;0;-1
0;535;-80.5991;-23.2229;2.97189;9.80139;3944.13;5.89343;0;0;0.1;0.01;0;6.45414;0;0;-1
0;536;-79.8658;-6.13451;3.72478;9.46528;3552.13;5.69134;0;0;0.1;0.01;0;5.9242;0;0;-1
0;537;-81.7961;10.3547;2.71477;8.90491;2957.86;5.35439;0;0;0.1;0.01;0;4.70731;0;0;-1
0;538;-80.6032;25.4947;1.20477;8.5;2572.44;5.11093;0;0;0.1;0.01;0;3.69534;1;0;-1
0;539;-82.6827;44.0761;2.76904;10.2457;4505.19;6.16059;0;0;0.1;0.01;0;4.42211;0;0;-1
0;540;-78.9048;61.1272;3.37393;9.4202;3501.62;5.66423;0;0;0.1;0.01;0;2.55948;0;0;-1
0;541;-63.8842;-65.5089;1.67404;8.86781;2921.04;5.33209;0;0;0.1;0.01;0;4.00751;0;0;-1
0;542;-64.2788;-47.2844;4.39977;10.2617;4526.33;6.17021;0;0;0.1;0.01;0;6.23437;0;0;-1
0;543;-68.3963;-33.0497;3.55609;8.92266;2975.58;5.36507;0;0;0.1;0.01;0;5.75823;0;0;-1
0;544;-67.7971;-14.8226;1.72389;10.4365;4761.6;6.27532;0;0;0.1;0.01;0;6.92596;0;0;-1
0;545;-67.195;0.398269;3.73696;10.3306;4618.12;6.21164;0;0;0.1;0.01;0;6.93301;0;0;-1
0;546;-64.7298;17.1269;3.36862;10.4477;4776.95;6.28205;0;0;0.1;0.01;0;6.0186;0;0;-1
0;547;-65.1828;36.5244;3.09374;10.4249;4745.74;6.26834;0;0;0.1;0.01;0;6.60185;0;0;-1
0;548;-65.5665;52.028;3.22834;9.47993;3568.65;5.70014;0;0;0.1;0.01;0;5.47917;0;0;-1
0;549;-64.9462;70.4097;3.15947;8.5;2572.44;5.11093;0;0;0.1;0.01;0;2.34857;1;0;-1
0;550;-49.9064;-75.3352;3.24085;8.5823;2647.89;5.16041;0;0;0.1;0.01;0;5.00579;0;0;-1
0;551;-50.3443;-59.3882;4.21174;8.71413;2771.79;5.23968;0;0;0.1;0.01;0;5.50535;0;0;-1
0;552;-50.9556;-42.3306;3.34;8.72965;2786.63;5.24901;0;0;0.1;0.01;0;5.4617;0;0;-1
0;553;-52.1115;-24.4717;3.65668;8.58632;2651.61;5.16283;0;0;0.1;0.01;0;4.18513;0;0;-1
0;554;-49.6368;-5.37763;2.15279;8.5;2572.44;5.11093;0;0;0.1;0.01;0;4.35445;1;0;-1
0;555;-52.3018;10.0586;3.75118;8.5;2572.44;5.11093;0;0;0.1;0.01;0;4.98582;1;0;-1
0;556;-52.7537;25.8394;2.70179;8.5;2572.44;5.11093;0;0;0.1;0.01;0;5.48458;1;0;-1
0;557;-50.2672;42.9864;5.1155;9.8444;3996.28;5.91929;0;0;0.1;0.01;0;5.97326;0;0;-1
0;558;-50.7534;63.4576;1.84001;9.04923;3104.01;5.44117;0;0;0.1;0.01;0;5.21381;0;0;-1
0;559;-51.4533;78.119;1.28628;9.76208;3896.87;5.8698;0;0;0.1;0.01;0;4.4366;0;0;-1
0;560;-34.9756;-84.0126;3.44374;9.36644;3442.01;5.6319;0;0;0.1;0.01;0;5.15445;0;0;-1
0;561;-38.5012;-67.3846;3.24505;9.15764;3216.91;5.50636;0;0;0.1;0.01;0;5.35385;0;0;-1
0;562;-36.7056;-50.3915;4.12216;8.5;2572.44;5.11093;0;0;0.1;0.01;0;5.17152;1;0;-1
0;563;-35.8328;-32.6254;2.67888;9.95707;4135.07;5.98704;0;0;0.1;0.01;0;6.05447;0;0;-1
0;564;-38.081;-14.0903;3.15146;8.97516;3028.41;5.39663;0;0;0.1;0.01;0;4.98364;0;0;-1
0;565;-36.6316;3.17827;4.03439;8.90095;2953.91;5.35201;0;0;0.1;0.01;0;5.85641;0;0;-1
0;566;-38.1403;19.9735;2.91518;10.1518;4382.46;6.10413;0;0;0.1;0.01;0;6.86591;0;0;-1
0;567;-38.1991;36.307;1.0262;8.89588;2948.87;5.34896;0;0;0.1;0.01;0;5.93264;0;0;-1
0;568;-35.4174;50.8402;2.86345;9.82839;3976.82;5.90967;0;0;0.1;0.01;0;5.0156;0;0;-1
0;569;-35.7464;71.7422;1.3378;10.4423;4769.55;6.2788;0;0;0.1;0.01;0;6.28717;0;0;-1
0;570;-35.329;87.8905;3.29279;9.58234;3685.56;5.76172;0;0;0.1;0.01;0;5.14444;0;0;-1
0;571;-20.7793;-93.6585;1.60043;9.51832;3612.18;5.72323;0;0;0.1;0.01;0;4.31103;0;0;-1
0;572;-20.5637;-76.6086;4.59594;8.53528;2604.61;5.13214;0;0;0.1;0.01;0;5.26389;0;0;-1
0;573;-23.6192;-57.637;1.5429;9.2155;3278.27;5.54115;0;0;0.1;0.01;0;6.00393;0;0;-1
0;574;-23.2219;-40.3572;2.14359;9.25268;3318.11;5.5635;0;0;0.1;0.01;0;6.41903;0;0;-1
0;575;-21.1668;-23.0804;3.57537;8.5;2572.44;5.11093;0;0;0.1;0.01;0;5.39951;1;0;-1
0;576;-20.5792;-5.19401;3.34116;8.55675;2624.31;5.14505;0;0;0.1;0.01;0;6.16229;0;0;-1
0;577;-20.1903;9.99201;4.06899;10.1133;4332.79;6.08098;0;0;0.1;0.01;0;6.90095;0;0;-1
0;578;-23.9403;27.5204;1.88646;8.5874;2652.61;5.16348;0;0;0.1;0.01;0;3.99321;0;0;-1
0;579;-19.9346;46.997;1.82676;9.19996;3261.72;5.5318;0;0;0.1;0.01;0;4.5475;0;0;-1
0;580;-22.0307;63.3233;2.16604;9.89483;4058.01;5.94962;0;0;0.1;0.01;0;6.65957;0;0;-1
0;581;-22.1861;77.5575;1.90463;9.60554;3712.39;5.77567;0;0;0.1;0.01;0;6.19943;0;0;-1
0;582;-23.3685;96.2367;1.35848;9.90756;4073.7;5.95727;0;0;0.1;0.01;0;3.41958;0;0;-1
0;583;-7.07077;-98.9524;0.927662;10.0776;4287.06;6.05951;0;0;0.1;0.01;0;2.97455;0;0;-1
0;584;-5.64321;-81.057;3.71494;8.73414;2790.93;5.25171;0;0;0.1;0.01;0;5.6261;0;0;-1
0;585;-9.08383;-66.6482;2.77037;10.3839;4689.97;6.24369;0;0;0.1;0.01;0;5.75151;0;0;-1
0;586;-7.63539;-49.255;2.31088;8.64791;2709.08;5.19986;0;0;0.1;0.01;0;5.09611;0;0;-1
0;587;-7.46796;-29.9762;2.51602;9.4445;3528.79;5.67884;0;0;0.1;0.01;0;6.35318;0;0;-1
0;588;-8.78232;-14.1943;3.11588;9.71029;3835.18;5.83866;0;0;0.1;0.01;0;6.8813;0;0;-1
0;589;-7.88932;1.80752;3.77669;8.5;2572.44;5.11093;0;0;0.1;0.01;0;5.90095;1;0;-1
0;590;-6.29853;17.3571;1.34432;8.51996;2590.61;5.12293;0;0;0.1;0.01;0;5.93204;0;0;-1
0;591;-6.16545;34.6511;3.70206;9.22465;3288.05;5.54665;0;0;0.1;0.01;0;5.50783;0;0;-1
0;592;-5.76263;51.7992;3.54028;8.5;2572.44;5.11093;0;0;0.1;0.01;0;5.87017;1;0;-1
0;593;-7.56883;71.785;2.32834;10.3283;4615.04;6.21026;0;0;0.1;0.01;0;6.8552;0;0;-1
0;594;-9.20712;88.3786;3.67929;9.77079;3907.31;5.87503;0;0;0.1;0.01;0;4.97606;0;0;-1
0;595;8.04198;-92.1751;3.09682;8.71605;2773.63;5.24083;0;0;0.1;0.01;0;4.70685;0;0;-1
0;596;8.63589;-76.0926;1.82659;9.61678;3725.44;5.78243;0;0;0.1;0.01;0;7.03946;0;0;-1
0;597;5.95316;-58.9238;1.68547;10.096;4310.59;6.07058;0;0;0.1;0.01;0;6.92012;0;0;-1
0;598;7.03692;-42.7406;3.59082;9.83689;3987.15;5.91478;0;0;0.1;0.01;0;6.72699;0;0;-1
0;599;7.54382;-24.9347;1.84596;9.5353;3631.55;5.73344;0;0;0.1;0.01;0;6.50626;0;0;-1
0;600;9.3573;-8.46198;4.44571;10.1237;4346.17;6.08723;0;0;0.1;0.01;0;5.93086;0;0;-1
0;601;5.73471;10.4498;2.77353;8.89902;2951.99;5.35085;0;0;0.1;0.01;0;4.96055;0;0;-1
0;602;7.62998;25.4213;2.11708;9.91149;4078.55;5.95964;0;0;0.1;0.01;0;6.08784;0;0;-1
0;603;8.38346;44.0659;2.34827;8.5;2572.44;5.11093;0;0;0.1;0.01;0;5.0453;1;0;-1
0;604;6.90977;60.3863;1.62407;8.5;2572.44;5.11093;0;0;0.1;0.01;0;5.65774;1;0;-1
0;605;8.8005;76.5036;2.67801;8.62821;2690.61;5.18802;0;0;0.1;0.01;0;5.79802;0;0;-1
0;606;5.61275;97.9076;1.52602;9.70502;3828.93;5.83549;0;0;0.1;0.01;0;2.82566;0;0;-1
0;607;20.4538;-85.2897;2.17842;8.5;2572.44;5.11093;0;0;0.1;0.01;0;4.15158;1;0;-1
0;608;23.708;-66.3221;2.73892;10.1485;4378.19;6.10215;0;0;0.1;0.01;0;5.92289;0;0;-1
0;609;22.3822;-47.3583;4.38594;8.61569;2678.91;5.18049;0;0;0.1;0.01;0;4.58287;0;0;-1
0;610;21.7433;-31.0866;1.47631;8.5;2572.44;5.11093;0;0;0.1;0.01;0;5.7891;1;0;-1
0;611;21.4301;-14.7075;1.50143;8.5;2572.44;5.11093;0;0;0.1;0.01;0;5.46834;1;0;-1
0;612;23.2025;4.33708;1.19612;9.49255;3582.92;5.70773;0;0;0.1;0.01;0;5.44743;0;0;-1
0;613;23.3873;20.8333;4.67371;9.56391;3664.33;5.75064;0;0;0.1;0.01;0;6.83862;0;0;-1
0;614;21.982;37.2969;4.9608;8.5;2572.44;5.11093;0;0;0.1;0.01;0;5.65954;1;0;-1
0;615;22.777;51.4218;3.72326;9.88732;4048.78;5.9451;0;0;0.1;0.01;0;6.6443;0;0;-1
0;616;21.1361;67.7541;1.65538;9.16445;3224.09;5.51045;0;0;0.1;0.01;0;5.95748;0;0;-1
0;617;21.4042;89.4952;1.13813;10.1186;4339.6;6.08417;0;0;0.1;0.01;0;4.04403;0;0;-1
0;618;38.0425;-75.9251;1.65727;9.44408;3528.32;5.67859;0;0;0.1;0.01;0;6.03258;0;0;-1
0;619;38.5568;-59.5993;4.0284;8.64248;2703.98;5.1966;0;0;0.1;0.01;0;5.22803;0;0;-1
0;620;34.9035;-40.1494;3.41665;8.9796;3032.91;5.3993;0;0;0.1;0.01;0;5.44969;0;0;-1
0;621;35.0456;-25.726;1.20064;9.54414;3641.66;5.73875;0;0;0.1;0.01;0;6.10503;0;0;-1
0;622;38.0193;-8.8507;4.48447;9.35846;3433.22;5.62711;0;0;0.1;0.01;0;6.01263;0;0;-1
0;623;37.2345;9.08733;1.45506;9.51894;3612.89;5.7236;0;0;0.1;0.01;0;5.74726;0;0;-1
0;624;36.6641;27.2523;2.87431;9.98295;4167.4;6.0026;0;0;0.1;0.01;0;6.5141;0;0;-1
0;625;35.9285;44.5359;1.21243;10.3932;4702.58;6.24928;0;0;0.1;0.01;0;6.88025;0;0;-1
0;626;36.1003;62.7068;3.83154;10.293;4567.88;6.18903;0;0;0.1;0.01;0;7.82422;0;0;-1
0;627;37.6633;80.0026;2.52933;10.395;4705.03;6.25036;0;0;0.1;0.01;0;5.138;0;0;-1
0;628;50.8383;-83.5318;2.89928;8.5;2572.44;5.11093;0;0;0.1;0.01;0;2.98811;1;0;-1
0;629;52.1826;-64.6113;4.04562;9.83279;3982.16;5.91231;0;0;0.1;0.01;0;5.58558;0;0;-1
0;630;50.3195;-48.468;3.26059;10.1367;4362.93;6.09505;0;0;0.1;0.01;0;6.36312;0;0;-1
0;631;53.4006;-33.654;4.7947;8.5;2572.44;5.11093;0;0;0.1;0.01;0;5.81155;1;0;-1
0;632;51.3832;-15.827;2.99242;8.60239;2666.53;5.17249;0;0;0.1;0.01;0;5.11755;0;0;-1
0;633;52.159;1.13946;2.46811;8.51441;2585.55;5.11959;0;0;0.1;0.01;0;5.43458;0;0;-1
0;634;52.374;17.0467;1.66738;9.47502;3563.11;5.69719;0;0;0.1;0.01;0;7.31187;0;0;-1
0;635;50.185;34.3864;2.73641;9.80689;3950.78;5.89674;0;0;0.1;0.01;0;6.23217;0;0;-1
0;636;51.3778;54.6321;4.70767;8.5;2572.44;5.11093;0;0;0.1;0.01;0;5.01748;1;0;-1
0;637;50.0079;67.7094;3.25583;9.09874;3155.24;5.47094;0;0;0.1;0.01;0;4.69967;0;0;-1
0;638;68.058;-56.0605;4.68457;9.91865;4087.39;5.96394;0;0;0.1;0.01;0;4.38875;0;0;-1
0;639;67.595;-39.043;2.40695;9.67029;3787.97;5.81461;0;0;0.1;0.01;0;7.08966;0;0;-1
0;640;64.729;-24.1609;3.90141;8.59961;2663.94;5.17082;0;0;0.1;0.01;0;5.67602;0;0;-1
0;641;67.8239;-6.65737;4.4255;8.5;2572.44;5.11093;0;0;0.1;0.01;0;4.86811;1;0;-1
0;642;65.6296;12.2033;3.83404;10.2544;4516.68;6.16582;0;0;0.1;0.01;0;6.72102;0;0;-1
0;643;65.4864;25.9332;3.94488;8.5;2572.44;5.11093;0;0;0.1;0.01;0;6.09828;1;0;-1
0;644;66.9154;44.3159;4.36293;9.40417;3483.77;5.65459;0;0;0.1;0.01;0;5.69732;0;0;-1
0;645;67.4236;60.1785;4.32136;9.78995;3930.34;5.88655;0;0;0.1;0.01;0;4.46637;0;0;-1
0;646;82.3275;-47.3968;5.1034;9.16647;3226.23;5.51167;0;0;0.1;0.01;0;3.67568;0;0;-1
0;647;82.1686;-33.1099;3.18126;10.4059;4719.84;6.25692;0;0;0.1;0.01;0;5.82255;0;0;-1
0;648;81.3975;-15.7991;3.83568;9.58771;3691.76;5.76495;0;0;0.1;0.01;0;6.49034;0;0;-1
0;649;79.7746;0.0553861;1.87688;9.17655;3236.88;5.51773;0;0;0.1;0.01;0;5.7294;0;0;-1
0;650;80.9733;18.2546;2.44617;9.17519;3235.44;5.51691;0;0;0.1;0.01;0;6.64283;0;0;-1
0;651;82.5346;36.1038;4.09185;10.3563;4652.67;6.22709;0;0;0.1;0.01;0;5.55238;0;0;-1
0;652;82.8027;55.3006;4.89498;9.98006;4163.78;6.00087;0;0;0.1;0.01;0;2.84869;0;0;-1
0;653;95.8384;-23.3886;2.10547;10.372;4673.86;6.23653;0;0;0.1;0.01;0;3.6285;0;0;-1
0;654;96.3541;-7.56523;4.21973;9.30892;3378.99;5.59732;0;0;0.1;0.01;0;3.40825;0;0;-1
0;655;94.5254;12.1157;1.93096;9.59168;3696.35;5.76734;0;0;0.1;0.01;0;4.21252;0;0;-1
0;656;94.3098;26.6299;4.4791;10.0281;4224.2;6.02975;0;0;0.1;0.01;0;4.46436;0;0;-1
0;657;-86.8377;-40.7504;19.2009;10.0139;4206.28;6.02121;0;0;0.1;0.01;0;3.22276;0;0;-1
0;658;-85.0788;-21.1764;18.5598;9.39531;3473.94;5.64926;0;0;0.1;0.01;0;3.28215;0;0;-1
0;659;-84.8753;-4.98956;19.2696;9.9256;4095.99;5.96812;0;0;0.1;0.01;0;4.60384;0;0;-1
0;660;-86.6502;10.4809;17.1882;9.41782;3498.97;5.6628;0;0;0.1;0.01;0;4.71436;0;0;-1
0;661;-85.7234;27.1038;18.305;8.5;2572.44;5.11093;0;0;0.1;0.01;0;3.21721;1;0;-1
0;662;-84.2563;45.3278;18.9262;8.68184;2741.09;5.22026;0;0;0.1;0.01;0;2.72819;0;0;-1
0;663;-72.1088;-63.6394;19.846;9.46219;3548.65;5.68948;0;0;0.1;0.01;0;3.35483;0;0;-1
0;664;-70.8123;-48.5632;16.6721;9.04696;3101.68;5.43981;0;0;0.1;0.01;0;6.11223;0;0;-1
0;665;-68.986;-33.8733;19.1885;8.5;2572.44;5.11093;0;0;0.1;0.01;0;5.46935;1;0;-1
0;666;-71.9592;-13.1864;19.019;9.90376;4069.01;5.95499;0;0;0.1;0.01;0;7.23444;0;0;-1
0;667;-69.388;2.17387;19.7059;9.7357;3865.36;5.85394;0;0;0.1;0.01;0;6.93176;0;0;-1
0;668;-70.2471;18.6406;19.3013;9.64972;3763.85;5.80224;0;0;0.1;0.01;0;5.80109;0;0;-1
0;669;-70.291;34.2618;16.746;8.77909;2834.24;5.27874;0;0;0.1;0.01;0;4.32177;0;0;-1
0;670;-70.2541;52.8841;16.2652;8.5;2572.44;5.11093;0;0;0.1;0.01;0;3.91616;1;0;-1
0;671;-58.0227;-74.9491;17.1236;10.065;4271;6.05194;0;0;0.1;0.01;0;4.51418;0;0;-1
0;672;-57.5;-58.6533;18.7042;9.47117;3558.77;5.69488;0;0;0.1;0.01;0;6.43677;0;0;-1
0;673;-56.2027;-39.5356;17.4582;10.2399;4497.55;6.1571;0;0;0.1;0.01;0;7.40274;0;0;-1
0;674;-57.0843;-23.2707;16.9172;8.9323;2985.23;5.37086;0;0;0.1;0.01;0;5.73346;0;0;-1
0;675;-55.1848;-6.46373;16.0521;9.97374;4155.88;5.99707;0;0;0.1;0.01;0;6.24425;0;0;-1
0;676;-57.1283;8.617;17.415;8.70387;2762.01;5.23351;0;0;0.1;0.01;0;5.38361;0;0;-1
0;677;-55.3824;26.7706;16.7946;9.65507;3770.12;5.80545;0;0;0.1;0.01;0;5.70738;0;0;-1
0;678;-54.9749;46.9016;18.9467;8.5;2572.44;5.11093;0;0;0.1;0.01;0;4.35287;1;0;-1
0;679;-53.9889;61.9343;18.2811;8.67427;2733.93;5.21571;0;0;0.1;0.01;0;3.80826;0;0;-1
0;680;-53.7946;78.046;19.659;9.60026;3706.27;5.7725;0;0;0.1;0.01;0;2.6385;0;0;-1
0;681;-41.7015;-84.6171;16.8472;9.64536;3758.75;5.79962;0;0;0.1;0.01;0;4.32781;0;0;-1
0;682;-40.6276;-67.4672;17.7346;8.98447;3037.85;5.40223;0;0;0.1;0.01;0;5.51337;0;0;-1
0;683;-40.4646;-47.7808;16.7409;9.09298;3149.25;5.46748;0;0;0.1;0.01;0;5.26049;0;0;-1
0;684;-42.5295;-33.0287;18.1939;9.56256;3662.78;5.74983;0;0;0.1;0.01;0;6.35495;0;0;-1
0;685;-42.153;-13.7543;16.4919;8.5;2572.44;5.11093;0;0;0.1;0.01;0;4.91607;1;0;-1
0;686;-39.9909;2.27577;17.722;8.8338;2887.56;5.31164;0;0;0.1;0.01;0;5.08329;0;0;-1
0;687;-42.2094;18.688;18.4658;8.81873;2872.81;5.30257;0;0;0.1;0.01;0;5.43255;0;0;-1
0;688;-41.1636;33.7377;18.2806;8.97255;3025.77;5.39506;0;0;0.1;0.01;0;5.18992;0;0;-1
0;689;-39.7094;53.2111;18.5416;8.97931;3032.62;5.39913;0;0;0.1;0.01;0;4.73883;0;0;-1
0;690;-39.5878;71.4833;16.3981;10.2106;4459.05;6.13949;0;0;0.1;0.01;0;5.90387;0;0;-1
0;691;-41.5977;87.7477;18.5474;8.98874;3042.18;5.4048;0;0;0.1;0.01;0;2.92936;0;0;-1
0;692;-27.762;-93.4551;16.8267;10.4523;4783.26;6.28482;0;0;0.1;0.01;0;3.97928;0;0;-1
0;693;-27.5081;-72.8551;18.5041;9.83112;3980.13;5.91131;0;0;0.1;0.01;0;6.16547;0;0;-1
0;694;-25.3733;-56.7084;16.2807;8.5;2572.44;5.11093;0;0;0.1;0.01;0;4.45039;1;0;-1
0;695;-24.503;-40.3802;17.84;8.88227;2935.35;5.34078;0;0;0.1;0.01;0;5.48602;0;0;-1
0;696;-28.3627;-24.725;16.319;9.59361;3698.58;5.7685;0;0;0.1;0.01;0;6.04902;0;0;-1
0;697;-28.3765;-7.18831;16.0125;9.33032;3402.34;5.61019;0;0;0.1;0.01;0;5.29303;0;0;-1
0;698;-26.962;10.6787;16.4889;9.60486;3711.6;5.77526;0;0;0.1;0.01;0;6.09141;0;0;-1
0;699;-27.4513;28.0478;17.3645;9.05772;3112.76;5.44628;0;0;0.1;0.01;0;5.12877;0;0;-1
0;700;-25.459;45.9309;17.6291;9.58543;3689.13;5.76358;0;0;0.1;0.01;0;5.76567;0;0;-1
0;701;-28.1547;62.0575;16.4011;9.01678;3070.74;5.42166;0;0;0.1;0.01;0;5.90432;0;0;-1
0;702;-27.4146;80.4109;16.3119;10.1887;4430.42;6.12632;0;0;0.1;0.01;0;5.89016;0;0;-1
0;703;-13.2919;-83.608;17.6396;9.77088;3907.42;5.87509;0;0;0.1;0.01;0;5.45666;0;0;-1
0;704;-13.7341;-65.6446;17.0208;8.5;2572.44;5.11093;0;0;0.1;0.01;0;4.20872;1;0;-1
0;705;-11.1792;-47.5312;16.2697;9.7905;3931;5.88689;0;0;0.1;0.01;0;5.44979;0;0;-1
0;706;-12.3546;-30.7843;19.3419;8.63701;2698.85;5.19331;0;0;0.1;0.01;0;5.76293;0;0;-1
0;707;-11.5515;-16.1892;17.4723;9.71429;3839.92;5.84106;0;0;0.1;0.01;0;6.34303;0;0;-1
0;708;-13.6719;1.66355;17.1301;10.0878;4300.09;6.06565;0;0;0.1;0.01;0;7.02298;0;0;-1
0;709;-13.1792;20.7894;16.6127;10.0841;4295.36;6.06342;0;0;0.1;0.01;0;6.26952;0;0;-1
0;710;-10.958;37.318;17.2891;8.97727;3030.55;5.3979;0;0;0.1;0.01;0;5.49464;0;0;-1
0;711;-10.021;52.3617;18.3007;10.1287;4352.61;6.09024;0;0;0.1;0.01;0;6.64332;0;0;-1
0;712;-11.6709;68.425;18.3634;8.59754;2662.02;5.16958;0;0;0.1;0.01;0;5.20909;0;0;-1
0;713;-11.05;85.2609;18.6659;8.5;2572.44;5.11093;0;0;0.1;0.01;0;3.73662;1;0;-1
0;714;1.68414;-91.9816;17.433;10.248;4508.23;6.16197;0;0;0.1;0.01;0;3.90867;0;0;-1
0;715;4.58391;-72.2679;15.9865;8.68782;2746.76;5.22386;0;0;0.1;0.01;0;5.15352;0;0;-1
0;716;2.81614;-56.9697;17.3291;8.5;2572.44;5.11093;0;0;0.1;0.01;0;5.54545;1;0;-1
0;717;2.96289;-39.8538;16.6715;9.887;4048.39;5.94491;0;0;0.1;0.01;0;6.58552;0;0;-1
0;718;2.38288;-24.4682;16.4633;8.82136;2875.38;5.30416;0;0;0.1;0.01;0;5.63561;0;0;-1
0;719;4.97292;-8.37399;17.1093;8.57217;2638.52;5.15432;0;0;0.1;0.01;0;4.74404;0;0;-1
0;720;4.17313;9.65061;16.3821;9.89258;4055.25;5.94826;0;0;0.1;0.01;0;4.89189;0;0;-1
0;721;2.16;28.5092;16.6453;9.95865;4137.04;5.98799;0;0;0.1;0.01;0;6.24703;0;0;-1
0;722;2.53415;46.1906;15.6166;8.5982;2662.63;5.16997;0;0;0.1;0.01;0;5.8024;0;0;-1
0;723;2.66156;63.4036;15.8914;10.4039;4717.12;6.25571;0;0;0.1;0.01;0;6.71278;0;0;-1
0;724;0.995303;77.9656;15.9354;8.66392;2724.16;5.20949;0;0;0.1;0.01;0;5.68462;0;0;-1
0;725;4.69728;93.0908;17.77;8.70908;2766.98;5.23664;0;0;0.1;0.01;0;2.89437;0;0;-1
0;726;17.7785;-82.3788;17.1052;10.0453;4245.97;6.04009;0;0;0.1;0.01;0;5.13111;0;0;-1
0;727;15.7989;-64.4082;16.3779;8.5;2572.44;5.11093;0;0;0.1;0.01;0;4.94385;1;0;-1
0;728;16.0248;-50.0876;18.3123;9.61978;3728.93;5.78423;0;0;0.1;0.01;0;5.55448;0;0;-1
0;729;18.9324;-33.9823;18.1032;8.5;2572.44;5.11093;0;0;0.1;0.01;0;4.31426;1;0;-1
0;730;18.3552;-17.0095;17.3411;9.30503;3374.75;5.59498;0;0;0.1;0.01;0;5.77516;0;0;-1
0;731;17.4636;2.71681;18.486;8.54447;2613.03;5.13767;0;0;0.1;0.01;0;4.74086;0;0;-1
0;732;16.5779;21.1385;16.2205;9.14026;3198.63;5.49591;0;0;0.1;0.01;0;6.27502;0;0;-1
0;733;16.5156;37.0726;17.4463;8.88866;2941.69;5.34462;0;0;0.1;0.01;0;5.88724;0;0;-1
0;734;19.6654;52.9306;17.6933;8.85858;2911.93;5.32654;0;0;0.1;0.01;0;5.16726;0;0;-1
0;735;16.4127;69.7758;17.39;8.51644;2587.4;5.12081;0;0;0.1;0.01;0;5.15587;0;0;-1
0;736;17.913;85.6771;16.4552;9.17315;3233.29;5.51568;0;0;0.1;0.01;0;3.56716;0;0;-1
0;737;33.175;-92.486;15.9354;9.05955;3114.64;5.44738;0;0;0.1;0.01;0;1.6898;0;0;-1
0;738;33.7879;-73.7698;16.0986;9.51316;3606.31;5.72013;0;0;0.1;0.01;0;5.47793;0;0;-1
0;739;33.1772;-55.2473;18.0127;9.15668;3215.9;5.50578;0;0;0.1;0.01;0;4.54338;0;0;-1
0;740;33.6486;-39.026;18.0738;8.5;2572.44;5.11093;0;0;0.1;0.01;0;5.3307;1;0;-1
0;741;31.4412;-24.4841;16.3407;9.37929;3456.2;5.63963;0;0;0.1;0.01;0;6.4824;0;0;-1
0;742;30.7104;-8.0586;18.5944;9.30862;3378.66;5.59714;0;0;0.1;0.01;0;5.49858;0;0;-1
0;743;30.5325;11.5672;17.0184;8.87722;2930.35;5.33774;0;0;0.1;0.01;0;5.13299;0;0;-1
0;744;32.0955;26.8752;16.7661;8.78131;2836.39;5.28007;0;0;0.1;0.01;0;5.40248;0;0;-1
0;745;33.2191;45.7697;16.5215;8.5;2572.44;5.11093;0;0;0.1;0.01;0;5.2881;1;0;-1
0;746;30.485;63.44;19.4762;9.08213;3137.99;5.46095;0;0;0.1;0.01;0;6.81537;0;0;-1
0;747;30.651;77.8146;17.8483;9.25776;3323.58;5.56656;0;0;0.1;0.01;0;5.18389;0;0;-1
0;748;45.3085;-81.2484;16.0922;9.99665;4184.58;6.01084;0;0;0.1;0.01;0;4.70935;0;0;-1
0;749;48.9046;-67.6401;17.0062;8.61752;2680.62;5.18159;0;0;0.1;0.01;0;5.08451;0;0;-1
0;750;47.5104;-48.1674;18.593;8.5;2572.44;5.11093;0;0;0.1;0.01;0;4.60402;1;0;-1
0;751;46.7616;-31.8987;16.615;9.52674;3621.78;5.72829;0;0;0.1;0.01;0;6.82955;0;0;-1
0;752;46.3614;-15.3174;17.506;9.96599;4146.2;5.99241;0;0;0.1;0.01;0;6.40136;0;0;-1
0;753;46.2093;4.39615;19.4776;9.61473;3723.06;5.7812;0;0;0.1;0.01;0;5.4318;0;0;-1
0;754;48.7912;20.4695;17.3402;9.77667;3914.37;5.87857;0;0;0.1;0.01;0;6.23029;0;0;-1
0;755;46.8604;34.8797;18.9789;8.5;2572.44;5.11093;0;0;0.1;0.01;0;5.23473;1;0;-1
0;756;45.084;54.0888;16.5855;10.1386;4365.39;6.09619;0;0;0.1;0.01;0;6.57455;0;0;-1
0;757;46.982;68.9747;17.7825;8.7934;2848.13;5.28734;0;0;0.1;0.01;0;5.04239;0;0;-1
0;758;45.9397;86.0496;19.6654;8.5;2572.44;5.11093;0;0;0.1;0.01;0;1.28322;1;0;-1
0;759;61.221;-75.4421;17.4888;9.74749;3879.42;5.86102;0;0;0.1;0.01;0;2.82197;0;0;-1
0;760;62.3076;-57.9522;18.1612;8.5;2572.44;5.11093;0;0;0.1;0.01;0;4.94778;1;0;-1
0;761;62.5595;-38.7123;16.7037;10.097;4311.87;6.07118;0;0;0.1;0.01;0;7.49643;0;0;-1
0;762;60.4207;-24.2783;16.5102;9.90118;4065.83;5.95344;0;0;0.1;0.01;0;7.54625;0;0;-1
0;763;60.3778;-7.4039;16.7485;8.93108;2984.01;5.37013;0;0;0.1;0.01;0;4.81144;0;0;-1
0;764;62.4582;10.6042;16.9673;9.45392;3539.36;5.6845;0;0;0.1;0.01;0;5.78141;0;0;-1
0;765;61.6895;28.532;16.4805;10.2254;4478.47;6.14838;0;0;0.1;0.01;0;7.22254;0;0;-1
0;766;61.8686;45.2118;19.0351;8.67367;2733.36;5.21535;0;0;0.1;0.01;0;6.08139;0;0;-1
0;767;62.2929;63.6372;19.0453;10.0225;4217.13;6.02638;0;0;0.1;0.01;0;4.83437;0;0;-1
0;768;75.9064;-50.2073;19.511;8.70096;2759.24;5.23176;0;0;0.1;0.01;0;3.01329;0;0;-1
0;769;76.0461;-33.4776;18.3428;10.0886;4301.12;6.06613;0;0;0.1;0.01;0;6.13352;0;0;-1
0;770;77.6218;-16.9526;16.7463;8.5;2572.44;5.11093;0;0;0.1;0.01;0;4.96134;1;0;-1
0;771;74.8812;0.852491;19.4068;8.71841;2775.88;5.24225;0;0;0.1;0.01;0;4.44456;0;0;-1
0;772;76.4922;20.1061;16.1857;9.82373;3971.16;5.90687;0;0;0.1;0.01;0;6.5386;0;0;-1
0;773;74.8179;37.9227;19.0706;10.3722;4674.14;6.23665;0;0;0.1;0.01;0;6.73586;0;0;-1
0;774;76.5238;52.4256;18.7563;8.77615;2831.4;5.27697;0;0;0.1;0.01;0;4.58159;0;0;-1
0;775;91.5288;-22.0677;18.643;9.7875;3927.39;5.88508;0;0;0.1;0.01;0;4.34538;0;0;-1
0;776;92.747;-7.35904;19.9276;8.5;2572.44;5.11093;0;0;0.1;0.01;0;2.61972;1;0;-1
0;777;91.6992;9.32529;16.218;9.05672;3111.73;5.44567;0;0;0.1;0.01;0;2.52631;0;0;-1
0;778;89.4653;26.8427;17.3931;9.35384;3428.14;5.62433;0;0;0.1;0.01;0;4.07859;0;0;-1
0;779;-93.5831;2.40813;34.566;8.55786;2625.33;5.14572;0;0;0.1;0.01;0;2.84569;0;0;-1
0;780;-82.0387;-39.7092;31.6327;9.85962;4014.85;5.92845;0;0;0.1;0.01;0;3.15597;0;0;-1
0;781;-79.6838;-25.0885;32.4539;9.32437;3395.84;5.60661;0;0;0.1;0.01;0;4.25334;0;0;-1
0;782;-79.0018;-6.09235;34.0231;9.22038;3283.49;5.54408;0;0;0.1;0.01;0;5.97637;0;0;-1
0;783;-80.1807;10.0413;31.8148;8.73128;2788.19;5.24999;0;0;0.1;0.01;0;4.89418;0;0;-1
0;784;-82.7016;25.8704;30.9217;9.40262;3482.05;5.65366;0;0;0.1;0.01;0;2.74782;0;0;-1
0;785;-79.9033;46.0349;31.349;8.54151;2610.31;5.13589;0;0;0.1;0.01;0;2.20371;0;0;-1
0;786;-65.9604;-66.8891;33.9589;9.46889;3556.2;5.69351;0;0;0.1;0.01;0;3.41792;0;0;-1
0;787;-66.6224;-47.6758;32.2392;9.70994;3834.76;5.83845;0;0;0.1;0.01;0;4.79239;0;0;-1
0;788;-64.3066;-30.7729;34.2026;9.95636;4134.19;5.98661;0;0;0.1;0.01;0;6.55728;0;0;-1
0;789;-66.7719;-15.564;31.0192;8.5;2572.44;5.11093;0;0;0.1;0.01;0;5.95218;1;0;-1
0;790;-65.607;0.0187727;34.1235;8.9441;2997.08;5.37796;0;0;0.1;0.01;0;5.98541;0;0;-1
0;791;-66.5517;18.1368;33.8915;8.5;2572.44;5.11093;0;0;0.1;0.01;0;4.42934;1;0;-1
0;792;-64.4085;35.1711;31.658;8.58667;2651.94;5.16304;0;0;0.1;0.01;0;4.16663;0;0;-1
0;793;-66.8399;53.0588;33.204;9.91933;4088.23;5.96435;0;0;0.1;0.01;0;3.57433;0;0;-1
0;794;-53.1887;-73.3255;30.6191;10.1149;4334.84;6.08194;0;0;0.1;0.01;0;4.85162;0;0;-1
0;795;-50.1862;-58.7173;30.9888;9.48167;3570.62;5.70119;0;0;0.1;0.01;0;6.02621;0;0;-1
0;796;-49.837;-38.3998;31.6533;9.72083;3847.68;5.84499;0;0;0.1;0.01;0;6.12882;0;0;-1
0;797;-52.8075;-21.2979;31.1176;8.5;2572.44;5.11093;0;0;0.1;0.01;0;4.91616;1;0;-1
0;798;-52.7066;-7.28977;34.1919;9.66627;3783.25;5.81219;0;0;0.1;0.01;0;4.4773;0;0;-1
0;799;-51.6677;11.87;31.7811;8.5;2572.44;5.11093;0;0;0.1;0.01;0;4.16106;1;0;-1
0;800;-50.7134;29.4046;32.6111;8.5;2572.44;5.11093;0;0;0.1;0.01;0;5.23847;1;0;-1
0;801;-52.7785;43.3419;33.1286;8.5;2572.44;5.11093;0;0;0.1;0.01;0;5.24131;1;0;-1
0;802;-51.6446;60.0679;33.9712;8.5;2572.44;5.11093;0;0;0.1;0.01;0;4.23905;1;0;-1
0;803;-35.6449;-85.3971;34.283;10.1766;4414.65;6.11904;0;0;0.1;0.01;0;3.63651;0;0;-1
0;804;-37.9988;-66.3775;31.283;8.5;2572.44;5.11093;0;0;0.1;0.01;0;4.55977;1;0;-1
0;805;-37.9459;-47.2912;33.1268;9.74583;3877.44;5.86003;0;0;0.1;0.01;0;5.96638;0;0;-1
0;806;-34.4724;-33.0334;33.0314;10.2533;4515.23;6.16516;0;0;0.1;0.01;0;6.52074;0;0;-1
0;807;-35.1724;-16.2801;32.7138;8.8572;2910.57;5.32571;0;0;0.1;0.01;0;4.12845;0;0;-1
0;808;-35.3365;2.98143;32.2953;8.80953;2863.83;5.29704;0;0;0.1;0.01;0;4.53378;0;0;-1
0;809;-38.3031;17.6761;32.7588;8.96634;3019.49;5.39133;0;0;0.1;0.01;0;4.90199;0;0;-1
0;810;-36.9755;37.9451;31.6603;9.65063;3764.92;5.80278;0;0;0.1;0.01;0;6.08357;0;0;-1
0;811;-36.8444;52.4717;32.4171;8.9865;3039.91;5.40345;0;0;0.1;0.01;0;5.22334;0;0;-1
0;812;-37.9075;69.1908;32.1205;8.5;2572.44;5.11093;0;0;0.1;0.01;0;3.35702;1;0;-1
0;813;-20.9659;-91.0263;34.0211;9.86408;4020.3;5.93113;0;0;0.1;0.01;0;3.76585;0;0;-1
0;814;-22.9265;-74.3046;32.2332;8.5;2572.44;5.11093;0;0;0.1;0.01;0;5.12087;1;0;-1
0;815;-22.8401;-57.0537;34.4205;8.61747;2680.57;5.18156;0;0;0.1;0.01;0;4.58504;0;0;-1
0;816;-21.8589;-42.7423;31.8939;8.61331;2676.69;5.17906;0;0;0.1;0.01;0;5.6795;0;0;-1
0;817;-20.4315;-21.6623;31.3781;8.5;2572.44;5.11093;0;0;0.1;0.01;0;3.95909;1;0;-1
0;818;-20.9599;-4.75426;34.051;9.37895;3455.82;5.63943;0;0;0.1;0.01;0;5.90059;0;0;-1
0;819;-21.7916;11.1912;31.6481;8.93559;2988.53;5.37284;0;0;0.1;0.01;0;5.87798;0;0;-1
0;820;-22.9965;29.3668;33.7811;9.49202;3582.32;5.70741;0;0;0.1;0.01;0;5.55527;0;0;-1
0;821;-20.7354;44.2964;33.8122;9.19925;3260.96;5.53138;0;0;0.1;0.01;0;6.29391;0;0;-1
0;822;-20.4316;59.7006;30.9795;8.65751;2718.11;5.20564;0;0;0.1;0.01;0;5.12078;0;0;-1
0;823;-21.7725;76.7144;32.6733;10.0526;4255.24;6.04448;0;0;0.1;0.01;0;4.73756;0;0;-1
0;824;-6.81964;-81.4811;33.0083;10.2345;4490.44;6.15386;0;0;0.1;0.01;0;5.73728;0;0;-1
0;825;-7.5818;-65.848;32.04;9.11861;3175.96;5.48289;0;0;0.1;0.01;0;4.85249;0;0;-1
0;826;-8.81099;-46.9376;30.7937;9.1191;3176.47;5.48318;0;0;0.1;0.01;0;5.14955;0;0;-1
0;827;-5.46173;-32.6275;31.1697;8.5;2572.44;5.11093;0;0;0.1;0.01;0;4.74346;1;0;-1
0;828;-8.84123;-13.1769;31.5893;10.4144;4731.42;6.26203;0;0;0.1;0.01;0;6.59194;0;0;-1
0;829;-7.46471;3.47721;31.9524;9.30981;3379.96;5.59785;0;0;0.1;0.01;0;6.08602;0;0;-1
0;830;-6.85575;20.9994;33.6339;10.0649;4270.88;6.05188;0;0;0.1;0.01;0;5.67624;0;0;-1
0;831;-7.47909;37.7977;34.0804;9.13604;3194.2;5.49337;0;0;0.1;0.01;0;6.14274;0;0;-1
0;832;-5.85186;51.7253;33.6904;8.5;2572.44;5.11093;0;0;0.1;0.01;0;5.4923;1;0;-1
0;833;-7.20009;69.7858;32.3972;8.73803;2794.66;5.25405;0;0;0.1;0.01;0;4.35012;0;0;-1
0;834;-6.78232;88.6482;31.137;8.56897;2635.57;5.1524;0;0;0.1;0.01;0;2.16736;0;0;-1
0;835;8.24931;-89.4412;34.6629;8.757;2812.9;5.26546;0;0;0.1;0.01;0;3.1816;0;0;-1
0;836;7.70294;-74.4752;32.4972;10.4534;4784.77;6.28548;0;0;0.1;0.01;0;7.03361;0;0;-1
0;837;6.34876;-58.9463;31.8163;8.79873;2853.31;5.29055;0;0;0.1;0.01;0;5.10458;0;0;-1
0;838;8.4878;-42.9163;33.1991;10.0561;4259.68;6.04659;0;0;0.1;0.01;0;6.75077;0;0;-1
0;839;6.86212;-23.881;32.7529;8.90408;2957.03;5.35389;0;0;0.1;0.01;0;4.87943;0;0;-1
0;840;7.21372;-6.04516;33.7238;9.87605;4034.95;5.93833;0;0;0.1;0.01;0;6.05136;0;0;-1
0;841;5.64891;8.79264;34.3795;9.10205;3158.68;5.47293;0;0;0.1;0.01;0;4.74117;0;0;-1
0;842;8.33951;27.818;31.0461;9.25309;3318.55;5.56375;0;0;0.1;0.01;0;5.15926;0;0;-1
0;843;6.79177;42.8932;30.5859;10.1876;4428.99;6.12566;0;0;0.1;0.01;0;6.4207;0;0;-1
0;844;8.63354;61.5753;30.9019;8.68436;2743.48;5.22178;0;0;0.1;0.01;0;4.75583;0;0;-1
0;845;9.12067;78.9382;31.9034;9.46328;3549.88;5.69013;0;0;0.1;0.01;0;4.70476;0;0;-1
0;846;23.1431;-82.6642;33.8585;9.93443;4106.93;5.97343;0;0;0.1;0.01;0;4.76636;0;0;-1
0;847;22.6461;-67.9637;33.004;9.85623;4010.71;5.92641;0;0;0.1;0.01;0;5.40312;0;0;-1
0;848;23.8679;-47.7362;33.3858;8.90151;2954.47;5.35235;0;0;0.1;0.01;0;5.89611;0;0;-1
0;849;21.1365;-32.2891;32.4699;10.1635;4397.63;6.11117;0;0;0.1;0.01;0;7.03926;0;0;-1
0;850;22.117;-14.0065;32.2144;10.1553;4386.99;6.10623;0;0;0.1;0.01;0;6.79782;0;0;-1
0;851;22.3376;0.47928;30.9351;8.92445;2977.37;5.36614;0;0;0.1;0.01;0;5.12728;0;0;-1
0;852;23.0105;19.3358;30.4854;9.06881;3124.2;5.45294;0;0;0.1;0.01;0;4.82331;0;0;-1
0;853;22.1062;37.5576;33.9866;9.3486;3422.38;5.62118;0;0;0.1;0.01;0;5.7383;0;0;-1
0;854;23.7956;51.3861;32.5755;9.90615;4071.96;5.95642;0;0;0.1;0.01;0;6.8128;0;0;-1
0;855;22.3282;68.758;31.0036;8.75237;2808.44;5.26267;0;0;0.1;0.01;0;5.90305;0;0;-1
0;856;20.8568;89.3906;34.2286;9.34689;3420.5;5.62015;0;0;0.1;0.01;0;1.60173;0;0;-1
0;857;35.7845;-74.722;32.7925;8.5;2572.44;5.11093;0;0;0.1;0.01;0;3.42674;1;0;-1
0;858;37.1882;-55.0851;32.8411;9.55435;3653.36;5.74489;0;0;0.1;0.01;0;5.76206;0;0;-1
0;859;35.5724;-38.4155;30.8888;8.5;2572.44;5.11093;0;0;0.1;0.01;0;5.30967;1;0;-1
0;860;37.4958;-21.9771;32.1873;8.5;2572.44;5.11093;0;0;0.1;0.01;0;4.7553;1;0;-1
0;861;35.8988;-4.8133;33.2101;9.17157;3231.62;5.51473;0;0;0.1;0.01;0;5.72578;0;0;-1
0;862;38.7419;9.35544;32.4834;8.59517;2659.82;5.16815;0;0;0.1;0.01;0;4.91402;0;0;-1
0;863;38.1049;25.562;32.9973;9.81869;3965.06;5.90384;0;0;0.1;0.01;0;5.59232;0;0;-1
0;864;38.3486;43.1657;33.0941;9.76301;3897.98;5.87036;0;0;0.1;0.01;0;6.01928;0;0;-1
0;865;35.3797;61.8617;33.7025;9.76121;3895.83;5.86927;0;0;0.1;0.01;0;6.62552;0;0;-1
0;866;36.8556;77.2522;32.1627;10.0224;4217;6.02632;0;0;0.1;0.01;0;5.23624;0;0;-1
0;867;52.8318;-64.6654;31.9317;9.06145;3116.6;5.44852;0;0;0.1;0.01;0;3.97402;0;0;-1
0;868;53.1643;-49.3408;32.1241;9.43641;3519.73;5.67398;0;0;0.1;0.01;0;5.65652;0;0;-1
0;869;52.0712;-33.3869;32.4005;9.52844;3623.71;5.72931;0;0;0.1;0.01;0;6.13981;0;0;-1
0;870;51.5471;-17.3169;31.5967;9.93219;4104.15;5.97208;0;0;0.1;0.01;0;6.32092;0;0;-1
0;871;53.2108;0.915141;33.8709;10.0205;4214.6;6.02518;0;0;0.1;0.01;0;6.86712;0;0;-1
0;872;52.4634;17.8201;33.3844;8.9672;3020.36;5.39185;0;0;0.1;0.01;0;6.01703;0;0;-1
0;873;53.475;38.1463;32.2438;8.9671;3020.26;5.39179;0;0;0.1;0.01;0;6.03621;0;0;-1
0;874;53.2641;53.1808;33.3228;9.60563;3712.5;5.77573;0;0;0.1;0.01;0;6.96863;0;0;-1
0;875;51.4269;68.3347;32.4172;9.14929;3208.12;5.50134;0;0;0.1;0.01;0;4.86752;0;0;-1
0;876;67.258;-58.0695;32.4307;8.83388;2887.64;5.31168;0;0;0.1;0.01;0;3.29178;0;0;-1
0;877;67.6918;-38.6038;31.5528;9.31078;3381.01;5.59844;0;0;0.1;0.01;0;5.34587;0;0;-1
0;878;66.3897;-21.8137;31.9633;9.12977;3187.63;5.4896;0;0;0.1;0.01;0;5.27181;0;0;-1
0;879;66.9421;-4.7694;32.6253;9.85842;4013.38;5.92772;0;0;0.1;0.01;0;5.72477;0;0;-1
0;880;67.21;10.3553;32.9734;8.94914;3002.15;5.38099;0;0;0.1;0.01;0;6.55169;0;0;-1
0;881;66.2114;28.0129;33.7879;8.61621;2679.4;5.1808;0;0;0.1;0.01;0;5.82207;0;0;-1
0;882;67.3149;45.6458;31.0842;9.11558;3172.79;5.48107;0;0;0.1;0.01;0;6.46735;0;0;-1
0;883;67.0117;59.5016;32.079;9.87652;4035.53;5.93861;0;0;0.1;0.01;0;4.75557;0;0;-1
0;884;79.9439;-30.2569;33.8281;9.91075;4077.63;5.95919;0;0;0.1;0.01;0;4.39926;0;0;-1
0;885;80.1763;-15.9666;30.7227;8.8039;2858.34;5.29366;0;0;0.1;0.01;0;4.5063;0;0;-1
0;886;79.6571;3.68588;33.5466;10.0827;4293.58;6.06258;0;0;0.1;0.01;0;4.94782;0;0;-1
0;887;80.714;19.6967;34.189;8.73611;2792.82;5.2529;0;0;0.1;0.01;0;3.84966;0;0;-1
0;888;80.5453;33.6367;31.9231;8.98096;3034.29;5.40012;0;0;0.1;0.01;0;4.25679;0;0;-1
0;889;-86.3545;-6.44582;47.2357;9.7781;3916.08;5.87943;0;0;0.1;0.01;0;3.24437;0;0;-1
0;890;-85.6617;9.85777;47.7954;10.4049;4718.48;6.25632;0;0;0.1;0.01;0;3.0222;0;0;-1
0;891;-69.0184;-49.9854;48.796;10.4318;4755.17;6.27249;0;0;0.1;0.01;0;2.88083;0;0;-1
0;892;-69.3947;-33.7492;47.9858;8.5;2572.44;5.11093;0;0;0.1;0.01;0;4.09327;1;0;-1
0;893;-69.3646;-13.3683;47.6967;9.91875;4087.52;5.964;0;0;0.1;0.01;0;5.72509;0;0;-1
0;894;-71.5185;0.837573;46.7806;8.91111;2964.04;5.35812;0;0;0.1;0.01;0;5.62288;0;0;-1
0;895;-68.5667;18.0349;47.054;8.75571;2811.66;5.26468;0;0;0.1;0.01;0;3.93472;0;0;-1
0;896;-70.5779;36.4598;49.3687;9.25688;3322.63;5.56603;0;0;0.1;0.01;0;1.72428;0;0;-1
0;897;-56.6387;-59.6048;46.1498;8.92538;2978.3;5.3667;0;0;0.1;0.01;0;4.10303;0;0;-1
0;898;-57.0577;-39.1312;47.6042;9.30218;3371.65;5.59327;0;0;0.1;0.01;0;5.77811;0;0;-1
0;899;-57.0469;-23.2627;47.2614;8.5;2572.44;5.11093;0;0;0.1;0.01;0;5.4521;1;0;-1
0;900;-56.8237;-6.91202;48.8101;9.56046;3660.37;5.74857;0;0;0.1;0.01;0;5.90599;0;0;-1
0;901;-54.5973;12.7539;45.9859;8.6949;2753.48;5.22812;0;0;0.1;0.01;0;4.4214;0;0;-1
0;902;-57.7004;29.7429;45.9906;8.5;2572.44;5.11093;0;0;0.1;0.01;0;4.658;1;0;-1
0;903;-56.3058;45.9411;47.0322;8.5;2572.44;5.11093;0;0;0.1;0.01;0;4.46044;1;0;-1
0;904;-54.4424;61.3009;46.4137;8.73256;2789.42;5.25076;0;0;0.1;0.01;0;3.49947;0;0;-1
0;905;-40.6516;-64.3882;45.8798;8.77308;2828.43;5.27513;0;0;0.1;0.01;0;3.66337;0;0;-1
0;906;-40.4049;-50.5755;48.2048;9.14813;3206.9;5.50064;0;0;0.1;0.01;0;5.15883;0;0;-1
0;907;-43.1984;-30.0731;46.0931;10.1709;4407.24;6.11561;0;0;0.1;0.01;0;6.05331;0;0;-1
0;908;-41.5105;-14.2978;49.0836;8.5;2572.44;5.11093;0;0;0.1;0.01;0;4.98884;1;0;-1
0;909;-41.6403;0.773477;49.2612;8.65928;2719.78;5.2067;0;0;0.1;0.01;0;4.60018;0;0;-1
0;910;-42.0987;16.7747;48.27;10.2808;4551.66;6.1817;0;0;0.1;0.01;0;5.9242;0;0;-1
0;911;-42.3275;35.8797;45.2249;8.59133;2656.26;5.16584;0;0;0.1;0.01;0;4.95006;0;0;-1
0;912;-41.2213;53.2385;48.9038;10.1348;4360.48;6.09391;0;0;0.1;0.01;0;6.53488;0;0;-1
0;913;-42.485;69.7218;48.0948;9.85071;4003.97;5.92309;0;0;0.1;0.01;0;4.23721;0;0;-1
0;914;-27.828;-76.7409;46.7366;9.0812;3137.03;5.46039;0;0;0.1;0.01;0;2.96331;0;0;-1
0;915;-26.1668;-55.506;48.3189;8.59395;2658.69;5.16742;0;0;0.1;0.01;0;5.99534;0;0;-1
0;916;-27.687;-41.4889;46.5299;9.63897;3751.29;5.79577;0;0;0.1;0.01;0;7.57737;0;0;-1
0;917;-28.0306;-24.2537;49.4409;8.5;2572.44;5.11093;0;0;0.1;0.01;0;4.80319;1;0;-1
0;918;-25.7029;-8.791;47.3212;8.5;2572.44;5.11093;0;0;0.1;0.01;0;4.63707;1;0;-1
0;919;-26.6742;12.0295;46.5407;9.92574;4096.16;5.9682;0;0;0.1;0.01;0;5.7802;0;0;-1
0;920;-26.9571;29.5813;48.557;10.2075;4454.99;6.13762;0;0;0.1;0.01;0;7.06343;0;0;-1
0;921;-26.3533;45.1532;48.838;9.22863;3292.31;5.54904;0;0;0.1;0.01;0;6.11768;0;0;-1
0;922;-25.8924;60.8782;46.5195;10.3198;4603.65;6.20515;0;0;0.1;0.01;0;6.87251;0;0;-1
0;923;-25.5706;79.3388;48.5015;9.1597;3219.08;5.50759;0;0;0.1;0.01;0;3.17582;0;0;-1
0;924;-12.3638;-80.7868;46.0121;8.874;2927.16;5.33581;0;0;0.1;0.01;0;3.07307;0;0;-1
0;925;-11.8872;-64.6871;47.9613;8.62741;2689.86;5.18754;0;0;0.1;0.01;0;4.45678;0;0;-1
0;926;-13.493;-47.9735;46.5722;10.3686;4669.27;6.23449;0;0;0.1;0.01;0;7.52;0;0;-1
0;927;-12.6892;-33.566;49.107;10.005;4195.08;6.01586;0;0;0.1;0.01;0;5.88287;0;0;-1
0;928;-11.4134;-13.8856;48.6912;9.93402;4106.42;5.97318;0;0;0.1;0.01;0;6.77199;0;0;-1
0;929;-11.037;0.267087;46.1086;9.49154;3581.78;5.70713;0;0;0.1;0.01;0;6.65081;0;0;-1
0;930;-13.1767;19.5122;47.8648;10.0132;4205.4;6.02079;0;0;0.1;0.01;0;6.25906;0;0;-1
0;931;-11.2539;37.094;49.0526;8.84922;2902.71;5.32091;0;0;0.1;0.01;0;6.4506;0;0;-1
0;932;-12.2031;52.544;48.7888;9.02879;3083.03;5.42888;0;0;0.1;0.01;0;7.20862;0;0;-1
0;933;-11.7527;69.7926;48.0764;10.1432;4371.33;6.09896;0;0;0.1;0.01;0;5.86762;0;0;-1
0;934;-12.8187;86.6143;47.9902;8.5;2572.44;5.11093;0;0;0.1;0.01;0;1.66691;1;0;-1
0;935;2.05736;-73.1391;45.8779;8.5;2572.44;5.11093;0;0;0.1;0.01;0;4.91228;1;0;-1
0;936;1.61183;-59.4347;46.622;8.99434;3047.87;5.40817;0;0;0.1;0.01;0;5.60729;0;0;-1
0;937;2.352;-42.2761;46.9572;9.40872;3488.83;5.65733;0;0;0.1;0.01;0;5.65201;0;0;-1
0;938;1.44355;-22.4111;48.5092;9.3869;3464.62;5.64421;0;0;0.1;0.01;0;5.82215;0;0;-1
0;939;4.30807;-5.38612;49.0448;9.50215;3593.8;5.7135;0;0;0.1;0.01;0;6.81131;0;0;-1
0;940;3.22519;8.8647;49.2335;9.40384;3483.41;5.65439;0;0;0.1;0.01;0;5.80878;0;0;-1
0;941;1.82405;29.6392;47.3224;8.5;2572.44;5.11093;0;0;0.1;0.01;0;5.05023;1;0;-1
0;942;1.08257;45.5465;47.5953;8.53776;2606.88;5.13363;0;0;0.1;0.01;0;6.17092;0;0;-1
0;943;1.48753;60.6183;45.6729;9.03964;3094.15;5.4354;0;0;0.1;0.01;0;5.43636;0;0;-1
0;944;4.93165;79.7303;48.658;10.1102;4328.8;6.07912;0;0;0.1;0.01;0;3.00516;0;0;-1
0;945;18.9252;-84.4737;48.8918;8.82496;2878.9;5.30632;0;0;0.1;0.01;0;1.95493;0;0;-1
0;946;18.2816;-65.9313;46.7091;9.13393;3191.99;5.4921;0;0;0.1;0.01;0;4.69364;0;0;-1
0;947;16.9283;-49.4138;46.2887;8.5;2572.44;5.11093;0;0;0.1;0.01;0;4.61255;1;0;-1
0;948;19.3934;-34.4007;45.9334;10.2763;4545.68;6.17899;0;0;0.1;0.01;0;6.56791;0;0;-1
0;949;16.1455;-14.8637;48.4549;9.22523;3288.67;5.547;0;0;0.1;0.01;0;6.34104;0;0;-1
0;950;18.7808;1.8061;48.519;8.50641;2578.26;5.11478;0;0;0.1;0.01;0;5.65696;0;0;-1
0;951;17.3922;17.4873;46.7736;9.55479;3653.86;5.74516;0;0;0.1;0.01;0;5.23508;0;0;-1
0;952;16.0242;36.3978;49.0155;8.5;2572.44;5.11093;0;0;0.1;0.01;0;4.952;1;0;-1
0;953;19.2424;50.8457;45.5622;9.03341;3087.76;5.43166;0;0;0.1;0.01;0;5.11158;0;0;-1
0;954;17.4151;71.099;46.7938;9.52319;3617.73;5.72616;0;0;0.1;0.01;0;4.54285;0;0;-1
0;955;33.207;-74.2747;48.7908;8.9766;3029.87;5.3975;0;0;0.1;0.01;0;3.24358;0;0;-1
0;956;33.1098;-57.1333;47.8283;9.60965;3717.16;5.77814;0;0;0.1;0.01;0;6.04689;0;0;-1
0;957;33.4779;-39.2151;45.822;9.85133;4004.73;5.92346;0;0;0.1;0.01;0;6.54188;0;0;-1
0;958;30.7952;-22.5157;46.1731;9.98303;4167.5;6.00265;0;0;0.1;0.01;0;6.38941;0;0;-1
0;959;31.9827;-5.04199;47.7712;9.48791;3577.67;5.70494;0;0;0.1;0.01;0;5.83352;0;0;-1
0;960;33.2528;12.0632;47.6438;9.44032;3524.1;5.67633;0;0;0.1;0.01;0;5.47923;0;0;-1
0;961;30.6846;25.7839;46.9792;9.75134;3884.02;5.86334;0;0;0.1;0.01;0;6.52862;0;0;-1
0;962;32.7075;43.2065;48.516;8.95476;3007.81;5.38437;0;0;0.1;0.01;0;6.11798;0;0;-1
0;963;31.886;59.3294;48.6118;9.99243;4179.28;6.0083;0;0;0.1;0.01;0;6.932;0;0;-1
0;964;30.9353;76.25;47.7003;9.44588;3530.33;5.67967;0;0;0.1;0.01;0;4.12582;0;0;-1
0;965;45.9677;-63.7028;46.5674;8.50235;2574.57;5.11234;0;0;0.1;0.01;0;3.3084;0;0;-1
0;966;46.1757;-47.4741;47.5679;10.2055;4452.37;6.13642;0;0;0.1;0.01;0;6.42956;0;0;-1
0;967;47.6498;-31.4583;46.2914;8.5;2572.44;5.11093;0;0;0.1;0.01;0;5.04402;1;0;-1
0;968;45.2299;-13.943;49.0272;9.26855;3335.22;5.57304;0;0;0.1;0.01;0;5.89006;0;0;-1
0;969;45.9006;-0.224865;45.3746;8.5;2572.44;5.11093;0;0;0.1;0.01;0;5.34585;1;0;-1
0;970;47.7162;20.7849;46.8801;10.0206;4214.73;6.02524;0;0;0.1;0.01;0;7.16557;0;0;-1
0;971;45.3019;36.6216;48.5878;9.44979;3534.72;5.68202;0;0;0.1;0.01;0;6.80179;0;0;-1
0;972;46.4708;54.7684;49.1038;9.69619;3818.49;5.83018;0;0;0.1;0.01;0;5.8803;0;0;-1
0;973;45.6634;72.0061;48.4189;9.86394;4020.13;5.93104;0;0;0.1;0.01;0;3.34263;0;0;-1
0;974;63.7007;-58.7699;46.4798;8.74716;2803.43;5.25954;0;0;0.1;0.01;0;2.38378;0;0;-1
0;975;62.0138;-42.3755;47.6474;9.36522;3440.67;5.63117;0;0;0.1;0.01;0;5.04809;0;0;-1
0;976;59.8921;-24.0694;48.5262;8.5;2572.44;5.11093;0;0;0.1;0.01;0;4.86114;1;0;-1
0;977;63.6055;-8.7006;46.8143;10.1425;4370.42;6.09854;0;0;0.1;0.01;0;6.67348;0;0;-1
0;978;60.6655;8.13384;47.1512;9.86993;4027.46;5.93465;0;0;0.1;0.01;0;6.38253;0;0;-1
0;979;61.523;26.8106;46.1149;9.90075;4065.3;5.95318;0;0;0.1;0.01;0;6.42664;0;0;-1
0;980;60.1714;43.6479;46.0402;10.1384;4365.13;6.09607;0;0;0.1;0.01;0;6.24452;0;0;-1
0;981;61.1688;61.0043;46.9963;9.12844;3186.24;5.4888;0;0;0.1;0.01;0;3.7585;0;0;-1
0;982;77.2969;-30.3737;48.6431;8.61289;2676.3;5.17881;0;0;0.1;0.01;0;2.62315;0;0;-1
0;983;77.1304;-17.1037;47.7276;8.5;2572.44;5.11093;0;0;0.1;0.01;0;3.16165;1;0;-1
0;984;75.5685;1.83073;46.5488;9.84126;3992.46;5.91741;0;0;0.1;0.01;0;5.04606;0;0;-1
0;985;78.6902;17.3384;48.7963;10.0526;4255.24;6.04448;0;0;0.1;0.01;0;4.18543;0;0;-1
0;986;75.2833;34.6966;45.9205;10.2898;4563.62;6.18711;0;0;0.1;0.01;0;4.40676;0;0;-1
0;987;-65.6116;-30.2919;62.261;8.57744;2643.39;5.15749;0;0;0.1;0.01;0;3.43734;0;0;-1
0;988;-66.5767;-15.4226;63.5496;8.87947;2932.58;5.3391;0;0;0.1;0.01;0;3.54144;0;0;-1
0;989;-66.6903;0.549062;61.3273;8.52153;2592.04;5.12387;0;0;0.1;0.01;0;3.48104;0;0;-1
0;990;-66.1507;19.5127;63.9365;9.60852;3715.85;5.77746;0;0;0.1;0.01;0;3.35501;0;0;-1
0;991;-51.8209;-58.4814;60.4507;9.06277;3117.97;5.44931;0;0;0.1;0.01;0;2.13764;0;0;-1
0;992;-51.416;-38.7616;63.6245;10.4312;4754.35;6.27213;0;0;0.1;0.01;0;5.19839;0;0;-1
0;993;-50.7469;-24.5002;63.3046;8.99047;3043.94;5.40584;0;0;0.1;0.01;0;6.41319;0;0;-1
0;994;-52.7034;-8.79514;61.339;8.75928;2815.1;5.26683;0;0;0.1;0.01;0;4.57653;0;0;-1
0;995;-53.4867;10.3301;61.6431;10.3467;4639.75;6.22132;0;0;0.1;0.01;0;5.60408;0;0;-1
0;996;-53.0193;27.1231;62.1024;8.5119;2583.26;5.11808;0;0;0.1;0.01;0;4.04346;0;0;-1
0;997;-51.7501;46.5253;61.8002;9.49673;3587.66;5.71025;0;0;0.1;0.01;0;3.02855;0;0;-1
0;998;-36.3731;-47.5573;60.5184;9.31429;3384.84;5.60055;0;0;0.1;0.01;0;6.18489;0;0;-1
0;999;-36.9155;-33.1692;64.1659;8.56914;2635.73;5.1525;0;0;0.1;0.01;0;5.89227;0;0;-1
0;1000;-35.4733;-15.6528;62.6717;9.77893;3917.08;5.87993;0;0;0.1;0.01;0;6.62099;0;0;-1
0;1001;-36.1637;1.45291;63.9616;8.73934;2795.92;5.25484;0;0;0.1;0.01;0;4.87458;0;0;-1
0;1002;-35.0656;19.5878;62.2194;8.80965;2863.94;5.29711;0;0;0.1;0.01;0;5.88776;0;0;-1
0;1003;-35.2293;37.0921;60.661;9.96828;4149.06;5.99378;0;0;0.1;0.01;0;6.2934;0;0;-1
0;1004;-38.3026;52.2612;63.8457;9.47991;3568.63;5.70013;0;0;0.1;0.01;0;3.94468;0;0;-1
0;1005;-38.3142;67.959;60.7006;9.61487;3723.22;5.78128;0;0;0.1;0.01;0;3.18247;0;0;-1
0;1006;-21.3186;-73.2311;63.7633;8.5;2572.44;5.11093;0;0;0.1;0.01;0;1.71431;1;0;-1
0;1007;-23.2941;-57.0277;62.2469;10.4;4711.82;6.25337;0;0;0.1;0.01;0;6.18663;0;0;-1
0;1008;-22.24;-40.8635;61.3898;10.2717;4539.58;6.17622;0;0;0.1;0.01;0;8.03034;0;0;-1
0;1009;-21.3025;-22.7383;63.6576;8.53442;2603.82;5.13162;0;0;0.1;0.01;0;6.2439;0;0;-1
0;1010;-21.9755;-5.56782;62.127;10.3597;4657.26;6.22914;0;0;0.1;0.01;0;6.43735;0;0;-1
0;1011;-22.116;10.5198;60.8514;8.5;2572.44;5.11093;0;0;0.1;0.01;0;3.63392;1;0;-1
0;1012;-23.7849;26.8069;63.5238;9.01866;3072.66;5.42279;0;0;0.1;0.01;0;4.69444;0;0;-1
0;1013;-22.4063;44.4743;62.8098;9.87176;4029.7;5.93575;0;0;0.1;0.01;0;6.77254;0;0;-1
0;1014;-21.8321;59.7041;60.1809;8.81698;2871.1;5.30152;0;0;0.1;0.01;0;5.43685;0;0;-1
0;1015;-7.87682;-67.6943;60.3432;8.52518;2595.37;5.12607;0;0;0.1;0.01;0;3.89048;0;0;-1
0;1016;-7.87183;-47.7047;63.1328;10.2311;4485.96;6.15181;0;0;0.1;0.01;0;6.71509;0;0;-1
0;1017;-5.56292;-29.8856;63.3919;9.05885;3113.92;5.44696;0;0;0.1;0.01;0;6.57754;0;0;-1
0;1018;-6.8528;-15.3364;60.9695;8.54701;2615.36;5.13919;0;0;0.1;0.01;0;6.62582;0;0;-1
0;1019;-8.78434;0.623672;60.7723;8.5;2572.44;5.11093;0;0;0.1;0.01;0;4.71227;1;0;-1
0;1020;-6.95553;20.8305;60.3873;8.92528;2978.2;5.36664;0;0;0.1;0.01;0;4.61609;0;0;-1
0;1021;-8.82879;36.0084;63.5755;9.68264;3802.51;5.82203;0;0;0.1;0.01;0;7.04897;0;0;-1
0;1022;-6.4748;52.1424;61.0325;9.64341;3756.48;5.79844;0;0;0.1;0.01;0;7.58143;0;0;-1
0;1023;-7.43192;67.6711;60.8746;10.3052;4584.14;6.19637;0;0;0.1;0.01;0;4.93618;0;0;-1
0;1024;5.31785;-73.7743;61.9516;8.5;2572.44;5.11093;0;0;0.1;0.01;0;2.23634;1;0;-1
0;1025;6.87043;-57.4065;62.3031;10.176;4413.87;6.11868;0;0;0.1;0.01;0;5.81585;0;0;-1
0;1026;7.74011;-39.3553;61.0339;8.5;2572.44;5.11093;0;0;0.1;0.01;0;4.55256;1;0;-1
0;1027;6.381;-22.6919;62.3441;9.92312;4092.92;5.96663;0;0;0.1;0.01;0;6.7115;0;0;-1
0;1028;9.17365;-6.37635;62.4723;10.2402;4497.94;6.15728;0;0;0.1;0.01;0;6.85619;0;0;-1
0;1029;8.77849;12.1962;62.2449;8.66534;2725.5;5.21034;0;0;0.1;0.01;0;4.78673;0;0;-1
0;1030;7.91826;26.3253;63.4099;8.5;2572.44;5.11093;0;0;0.1;0.01;0;5.49514;1;0;-1
0;1031;7.42209;42.0695;60.0818;10.2988;4575.6;6.19252;0;0;0.1;0.01;0;6.63365;0;0;-1
0;1032;6.64032;63.0849;63.2901;9.3194;3390.41;5.60362;0;0;0.1;0.01;0;4.62155;0;0;-1
0;1033;21.3026;-63.8653;60.9622;8.5;2572.44;5.11093;0;0;0.1;0.01;0;3.70013;1;0;-1
0;1034;23.2555;-50.2965;61.9543;8.5;2572.44;5.11093;0;0;0.1;0.01;0;4.43405;1;0;-1
0;1035;20.9401;-32.365;61.0281;8.5;2572.44;5.11093;0;0;0.1;0.01;0;3.83266;1;0;-1
0;1036;24.213;-12.669;60.368;8.5;2572.44;5.11093;0;0;0.1;0.01;0;5.40447;1;0;-1
0;1037;20.6138;2.95269;61.7819;8.5;2572.44;5.11093;0;0;0.1;0.01;0;5.06521;1;0;-1
0;1038;23.0807;19.7958;63.7327;10.3275;4613.96;6.20978;0;0;0.1;0.01;0;7.34201;0;0;-1
0;1039;21.928;37.8401;63.1524;8.70203;2760.26;5.2324;0;0;0.1;0.01;0;5.68904;0;0;-1
0;1040;21.5785;53.1574;60.4216;8.5;2572.44;5.11093;0;0;0.1;0.01;0;5.29523;1;0;-1
0;1041;22.1381;69.1066;61.3918;9.0674;3122.75;5.4521;0;0;0.1;0.01;0;3.39193;0;0;-1
0;1042;34.668;-59.731;63.5328;8.5;2572.44;5.11093;0;0;0.1;0.01;0;2.17511;1;0;-1
0;1043;36.1552;-39.3429;62.5736;9.23923;3303.66;5.55541;0;0;0.1;0.01;0;4.5119;0;0;-1
0;1044;38.1844;-22.8145;61.8952;8.81792;2872.02;5.30209;0;0;0.1;0.01;0;4.89298;0;0;-1
0;1045;35.796;-5.05774;62.609;8.95321;3006.25;5.38344;0;0;0.1;0.01;0;4.80226;0;0;-1
0;1046;38.2688;12.2871;61.3803;9.45337;3538.74;5.68417;0;0;0.1;0.01;0;5.64737;0;0;-1
0;1047;37.9521;26.2091;60.2471;8.5;2572.44;5.11093;0;0;0.1;0.01;0;6.73279;1;0;-1
0;1048;35.5216;43.3615;63.5151;9.23679;3301.05;5.55395;0;0;0.1;0.01;0;5.63021;0;0;-1
0;1049;38.6627;60.4743;63.3815;9.72555;3853.28;5.84783;0;0;0.1;0.01;0;3.9476;0;0;-1
0;1050;53.4574;-48.7348;61.741;9.52246;3616.9;5.72572;0;0;0.1;0.01;0;3.22372;0;0;-1
0;1051;50.3667;-33.3913;60.8818;8.5;2572.44;5.11093;0;0;0.1;0.01;0;4.87587;1;0;-1
0;1052;51.025;-15.2824;62.1377;9.58171;3684.83;5.76134;0;0;0.1;0.01;0;5.69832;0;0;-1
0;1053;50.0338;0.796223;62.6972;8.5;2572.44;5.11093;0;0;0.1;0.01;0;4.12841;1;0;-1
0;1054;50.5516;20.699;60.9257;8.5;2572.44;5.11093;0;0;0.1;0.01;0;5.72352;1;0;-1
0;1055;50.8709;34.8046;61.818;9.8158;3961.56;5.9021;0;0;0.1;0.01;0;6.0167;0;0;-1
0;1056;53.6947;53.0067;62.7397;10.1404;4367.71;6.09728;0;0;0.1;0.01;0;3.14161;0;0;-1
0;1057;67.0772;-40.8578;60.8949;10.4293;4751.76;6.27099;0;0;0.1;0.01;0;2.85211;0;0;-1
0;1058;64.4522;-21.5161;62.1453;8.5;2572.44;5.11093;0;0;0.1;0.01;0;2.95919;1;0;-1
0;1059;64.4378;-5.4362;61.8717;8.5;2572.44;5.11093;0;0;0.1;0.01;0;4.08026;1;0;-1
0;1060;66.7702;9.19875;60.6571;9.7064;3830.57;5.83632;0;0;0.1;0.01;0;3.28622;0;0;-1
0;1061;65.1746;25.0276;60.1617;8.80062;2855.15;5.29169;0;0;0.1;0.01;0;2.81971;0;0;-1
0;1062;-54.4233;-23.7667;75.9832;9.34551;3418.99;5.61932;0;0;0.1;0.01;0;3.60328;0;0;-1
0;1063;-56.5115;-4.70039;78.7064;8.5;2572.44;5.11093;0;0;0.1;0.01;0;1.66244;1;0;-1
0;1064;-54.9421;10.6806;76.2472;9.32397;3395.4;5.60637;0;0;0.1;0.01;0;3.90464;0;0;-1
0;1065;-56.4416;29.7246;75.0151;10.447;4775.99;6.28163;0;0;0.1;0.01;0;3.23428;0;0;-1
0;1066;-40.0262;-48.9609;77.0283;8.5;2572.44;5.11093;0;0;0.1;0.01;0;2.24608;1;0;-1
0;1067;-42.2522;-30.7991;77.7887;8.79456;2849.25;5.28804;0;0;0.1;0.01;0;4.74961;0;0;-1
0;1068;-40.3976;-15.928;75.098;9.98709;4172.59;6.00509;0;0;0.1;0.01;0;6.54627;0;0;-1
0;1069;-40.4527;2.86843;77.9495;9.51488;3608.27;5.72116;0;0;0.1;0.01;0;5.73049;0;0;-1
0;1070;-41.6317;17.7777;74.6445;8.54694;2615.29;5.13915;0;0;0.1;0.01;0;5.54913;0;0;-1
0;1071;-39.3233;33.6811;76.4781;9.87209;4030.1;5.93594;0;0;0.1;0.01;0;4.1424;0;0;-1
0;1072;-24.3892;-55.1628;76.942;9.73996;3870.44;5.8565;0;0;0.1;0.01;0;3.46819;0;0;-1
0;1073;-26.2721;-40.8499;74.948;9.02504;3079.19;5.42663;0;0;0.1;0.01;0;5.50608;0;0;-1
0;1074;-27.4699;-23.1536;76.5306;10.0637;4269.35;6.05116;0;0;0.1;0.01;0;7.01343;0;0;-1
0;1075;-27.2489;-4.52058;77.9;9.34698;3420.6;5.6202;0;0;0.1;0.01;0;6.55017;0;0;-1
0;1076;-24.9795;12.2881;77.0428;9.04555;3100.23;5.43896;0;0;0.1;0.01;0;5.77428;0;0;-1
0;1077;-25.7872;26.5312;77.2965;9.31413;3384.66;5.60045;0;0;0.1;0.01;0;5.89643;0;0;-1
0;1078;-25.3444;43.726;77.7589;9.28589;3353.97;5.58347;0;0;0.1;0.01;0;3.80773;0;0;-1
0;1079;-10.0668;-47.8119;76.4015;8.80812;2862.45;5.29619;0;0;0.1;0.01;0;4.92453;0;0;-1
0;1080;-12.4525;-31.1456;76.4146;10.2266;4480.05;6.14911;0;0;0.1;0.01;0;7.47835;0;0;-1
0;1081;-12.8035;-16.1733;74.616;9.40462;3484.27;5.65486;0;0;0.1;0.01;0;7.35064;0;0;-1
0;1082;-13.5658;0.32718;78.4999;10.2202;4471.64;6.14526;0;0;0.1;0.01;0;6.59443;0;0;-1
0;1083;-11.4812;20.5761;78.322;8.95194;3004.97;5.38267;0;0;0.1;0.01;0;5.81051;0;0;-1
0;1084;-10.888;36.5089;76.7761;10.0821;4292.81;6.06222;0;0;0.1;0.01;0;7.27568;0;0;-1
0;1085;-11.9889;51.5988;76.3111;9.93362;4105.93;5.97294;0;0;0.1;0.01;0;4.7825;0;0;-1
0;1086;3.54396;-58.8467;76.6036;10.3992;4710.73;6.25289;0;0;0.1;0.01;0;3.37213;0;0;-1
0;1087;1.37962;-42.232;78.4801;8.5;2572.44;5.11093;0;0;0.1;0.01;0;4.97601;1;0;-1
0;1088;4.76756;-23.2434;76.3314;10.0445;4244.96;6.03961;0;0;0.1;0.01;0;6.80699;0;0;-1
0;1089;1.3003;-7.59273;78.2469;9.92445;4094.57;5.96743;0;0;0.1;0.01;0;6.26842;0;0;-1
0;1090;3.27282;11.4186;77.6363;8.90179;2954.75;5.35252;0;0;0.1;0.01;0;4.54052;0;0;-1
0;1091;1.50701;27.3613;77.7801;9.65841;3774.03;5.80746;0;0;0.1;0.01;0;7.23913;0;0;-1
0;1092;2.53984;42.4948;76.4653;10.3015;4579.2;6.19414;0;0;0.1;0.01;0;6.33642;0;0;-1
0;1093;4.04359;61.3729;76.5701;9.70352;3827.16;5.83459;0;0;0.1;0.01;0;3.2905;0;0;-1
0;1094;16.4734;-49.6021;74.9939;8.82222;2876.22;5.30467;0;0;0.1;0.01;0;3.51484;0;0;-1
0;1095;17.4662;-30.739;77.8439;9.94785;4123.6;5.9815;0;0;0.1;0.01;0;6.04311;0;0;-1
0;1096;18.498;-13.1235;74.6111;9.11763;3174.93;5.4823;0;0;0.1;0.01;0;6.14135;0;0;-1
0;1097;16.7217;3.34151;76.3019;8.78297;2838;5.28107;0;0;0.1;0.01;0;5.25223;0;0;-1
0;1098;18.4105;20.1291;76.7587;8.5;2572.44;5.11093;0;0;0.1;0.01;0;5.81077;1;0;-1
0;1099;18.6031;33.9792;76.0128;10.0972;4312.13;6.0713;0;0;0.1;0.01;0;7.30736;0;0;-1
0;1100;18.5672;54.4272;76.1452;9.59276;3697.6;5.76799;0;0;0.1;0.01;0;3.60015;0;0;-1
0;1101;32.55;-40.1983;76.4284;10.1849;4425.47;6.12403;0;0;0.1;0.01;0;3.81332;0;0;-1
0;1102;31.2475;-22.9453;78.5561;10.1291;4353.13;6.09048;0;0;0.1;0.01;0;5.58367;0;0;-1
0;1103;31.1805;-5.98846;77.3452;8.5572;2624.72;5.14532;0;0;0.1;0.01;0;5.2004;0;0;-1
0;1104;32.372;11.7413;76.1745;9.07028;3125.72;5.45383;0;0;0.1;0.01;0;4.4632;0;0;-1
0;1105;34.5149;28.4107;76.6476;10.3011;4578.67;6.1939;0;0;0.1;0.01;0;5.87598;0;0;-1
0;1106;30.9564;46.4965;78.1593;10.3268;4613.03;6.20935;0;0;0.1;0.01;0;4.16979;0;0;-1
0;1107;49.0846;-30.3929;78.6668;9.26179;3327.92;5.56898;0;0;0.1;0.01;0;1.68965;0;0;-1
0;1108;45.45;-13.8809;75.3073;8.5304;2600.14;5.12921;0;0;0.1;0.01;0;4.76206;0;0;-1
0;1109;47.4459;0.399256;77.978;8.55106;2619.08;5.14163;0;0;0.1;0.01;0;3.45392;0;0;-1
0;1110;48.318;20.0346;74.9224;9.58572;3689.46;5.76375;0;0;0.1;0.01;0;3.86844;0;0;-1
0;1111;49.0102;36.2408;77.4669;8.5;2572.44;5.11093;0;0;0.1;0.01;0;2.34106;1;0;-1
0;1112;60.4395;-6.10512;78.448;8.5;2572.44;5.11093;0;0;0.1;0.01;0;1.59328;1;0;-1
0;1113;-36.2682;-15.7319;89.64;9.8315;3980.59;5.91154;0;0;0.1;0.01;0;4.2465;0;0;-1
0;1114;-36.4162;1.56688;91.2384;8.5;2572.44;5.11093;0;0;0.1;0.01;0;3.92306;1;0;-1
0;1115;-38.445;16.9535;89.8845;10.0141;4206.53;6.02133;0;0;0.1;0.01;0;3.77172;0;0;-1
0;1116;-21.1032;-24.4698;90.0494;10.4526;4783.67;6.285;0;0;0.1;0.01;0;4.9485;0;0;-1
0;1117;-23.4144;-6.36196;93.0749;10.0382;4236.98;6.03582;0;0;0.1;0.01;0;4.54051;0;0;-1
0;1118;-22.7414;11.6904;89.7657;8.5;2572.44;5.11093;0;0;0.1;0.01;0;4.56456;1;0;-1
0;1119;-21.6263;27.6352;93.3756;10.1704;4406.59;6.11531;0;0;0.1;0.01;0;3.6376;0;0;-1
0;1120;-7.4772;-31.4721;90.7938;9.99572;4183.41;6.01028;0;0;0.1;0.01;0;4.74512;0;0;-1
0;1121;-8.53402;-14.0122;89.4476;9.49792;3589.01;5.71096;0;0;0.1;0.01;0;6.43269;0;0;-1
0;1122;-6.51378;1.17929;92.6639;9.92513;4095.41;5.96784;0;0;0.1;0.01;0;5.31128;0;0;-1
0;1123;-5.81112;19.1327;93.3184;10.3778;4681.71;6.24002;0;0;0.1;0.01;0;5.37805;0;0;-1
0;1124;-7.61173;35.0374;92.3601;8.5;2572.44;5.11093;0;0;0.1;0.01;0;3.71058;1;0;-1
0;1125;5.41647;-38.57;92.1457;8.64182;2703.36;5.1962;0;0;0.1;0.01;0;2.77224;0;0;-1
0;1126;6.63332;-23.3659;92.1219;9.97299;4154.94;5.99661;0;0;0.1;0.01;0;4.85902;0;0;-1
0;1127;7.32602;-5.0406;91.6093;9.76217;3896.98;5.86985;0;0;0.1;0.01;0;4.3708;0;0;-1
0;1128;6.66716;10.8054;91.2134;9.29955;3368.79;5.59168;0;0;0.1;0.01;0;4.12299;0;0;-1
0;1129;6.09517;28.7499;90.059;9.47028;3557.76;5.69434;0;0;0.1;0.01;0;5.33434;0;0;-1
0;1130;23.7563;-31.9683;89.8617;8.5;2572.44;5.11093;0;0;0.1;0.01;0;2.94953;1;0;-1
0;1131;20.7074;-13.4743;89.3577;8.96289;3016.01;5.38926;0;0;0.1;0.01;0;4.82269;0;0;-1
0;1132;22.7934;0.116473;90.1673;8.56343;2630.46;5.14907;0;0;0.1;0.01;0;3.46829;0;0;-1
0;1133;20.0079;20.8222;90.9653;8.88242;2935.5;5.34087;0;0;0.1;0.01;0;3.25232;0;0;-1
0;1134;20.8885;36.7153;90.3449;8.61361;2676.97;5.17924;0;0;0.1;0.01;0;2.71915;0;0;-1
0;1135;37.3231;-7.80849;89.7343;9.767;3902.76;5.87276;0;0;0.1;0.01;0;3.63646;0;0;-1
0;1136;35.4248;9.72848;91.1676;8.5238;2594.11;5.12524;0;0;0.1;0.01;0;1.96235;0;0;-1
