Time;ID;x;y;z;radius;volume_total;radius_nuclear;contact_ECM;freezer;polarized_fraction;motility;cell_line;Cell_cell;phase;Cycle;NFkB
0;0;-51.3165;-4.61186;-83.4219;8.5;2572.44;5.11093;0;0;0.1;0.01;0;2.64727;1;0;-1
0;1;-37.4342;-33.3449;-84.6851;9.8791;4038.69;5.94016;0;0;0.1;0.01;0;2.67535;0;0;-1
0;2;-37.6608;-13.8264;-86.4832;8.5;2572.44;5.11093;0;0;0.1;0.01;0;2.65167;1;0;-1
0;3;-38.5109;0.474643;-85.595;8.93259;2985.53;5.37104;0;0;0.1;0.01;0;2.4961;0;0;-1
0;4;-35.4918;20.6069;-84.3366;10.0373;4235.84;6.03528;0;0;0.1;0.01;0;3.05551;0;0;-1
0;5;-21.8046;-40.632;-87.261;9.31441;3384.97;5.60062;0;0;0.1;0.01;0;2.80673;0;0;-1
0;6;-20.5463;-22.3956;-85.9298;8.72424;2781.45;5.24576;0;0;0.1;0.01;0;4.24044;0;0;-1
0;7;-21.0309;-8.41711;-84.5092;8.68751;2746.47;5.22367;0;0;0.1;0.01;0;4.10818;0;0;-1
0;8;-20.3058;10.7155;-85.9667;8.9461;2999.09;5.37916;0;0;0.1;0.01;0;3.397;0;0;-1
0;9;-22.2978;28.7616;-84.0077;9.1147;3171.87;5.48054;0;0;0.1;0.01;0;3.8131;0;0;-1
0;10;-8.84418;-49.3353;-83.417;10.3831;4688.89;6.24321;0;0;0.1;0.01;0;3.60803;0;0;-1
0;11;-7.09935;-30.7515;-87.1643;9.25676;3322.5;5.56596;0;0;0.1;0.01;0;4.75198;0;0;-1
0;12;-6.80525;-16.6176;-86.2496;8.92614;2979.06;5.36716;0;0;0.1;0.01;0;5.07903;0;0;-1
0;13;-6.59257;0.143264;-85.5152;10.1914;4433.94;6.12794;0;0;0.1;0.01;0;5.0211;0;0;-1
0;14;-7.56422;20.0289;-83.7614;10.1998;4444.92;6.13299;0;0;0.1;0.01;0;5.00684;0;0;-1
0;15;-7.67724;38.2959;-83.9341;9.71243;3837.71;5.83994;0;0;0.1;0.01;0;3.3202;0;0;-1
0;16;7.44515;-40.8698;-85.9498;10.0896;4302.4;6.06673;0;0;0.1;0.01;0;4.84825;0;0;-1
0;17;6.40145;-24.2375;-83.4912;10.0954;4309.82;6.07022;0;0;0.1;0.01;0;6.03623;0;0;-1
0;18;8.72832;-6.02037;-85.8418;8.76963;2825.09;5.27305;0;0;0.1;0.01;0;3.8924;0;0;-1
0;19;6.47966;10.9332;-86.7592;8.73724;2793.9;5.25358;0;0;0.1;0.01;0;2.66772;0;0;-1
0;20;7.75452;27.7564;-87.3879;8.84193;2895.54;5.31652;0;0;0.1;0.01;0;3.18362;0;0;-1
0;21;8.87853;45.3829;-83.5818;10.2972;4573.47;6.19156;0;0;0.1;0.01;0;3.80184;0;0;-1
0;22;20.243;-49.1544;-84.4988;9.44966;3534.57;5.68194;0;0;0.1;0.01;0;3.23402;0;0;-1
0;23;23.3366;-34.037;-86.6659;10.0918;4305.21;6.06805;0;0;0.1;0.01;0;5.12313;0;0;-1
0;24;20.6101;-15.7232;-84.9698;8.5;2572.44;5.11093;0;0;0.1;0.01;0;3.28139;1;0;-1
0;25;22.4777;3.45237;-86.864;8.58914;2654.22;5.16453;0;0;0.1;0.01;0;3.59224;0;0;-1
0;26;23.633;20.3897;-84.4842;8.88816;2941.2;5.34432;0;0;0.1;0.01;0;4.4771;0;0;-1
0;27;23.5503;37.7429;-84.8661;9.8457;3997.87;5.92008;0;0;0.1;0.01;0;3.69214;0;0;-1
0;28;36.3543;-40.194;-83.648;9.99562;4183.29;6.01022;0;0;0.1;0.01;0;3.76818;0;0;-1
0;29;35.466;-25.5446;-86.1252;8.5;2572.44;5.11093;0;0;0.1;0.01;0;3.01568;1;0;-1
0;30;37.2097;-5.5972;-85.3008;10.2046;4451.19;6.13588;0;0;0.1;0.01;0;2.52948;0;0;-1
0;31;36.5609;10.8575;-83.9761;10.2277;4481.49;6.14977;0;0;0.1;0.01;0;3.93821;0;0;-1
0;32;37.5863;26.9791;-83.9277;10.0868;4298.82;6.06505;0;0;0.1;0.01;0;4.35841;0;0;-1
0;33;-70.5286;-14.7625;-69.3704;9.3986;3477.59;5.65124;0;0;0.1;0.01;0;2.28123;0;0;-1
0;34;-57.8125;-39.4476;-71.3427;9.97762;4160.73;5.9994;0;0;0.1;0.01;0;3.10583;0;0;-1
0;35;-56.6671;-25.1905;-72.4944;9.30194;3371.39;5.59312;0;0;0.1;0.01;0;3.99557;0;0;-1
0;36;-54.7629;-8.89936;-70.8542;8.5;2572.44;5.11093;0;0;0.1;0.01;0;4.50342;1;0;-1
0;37;-56.2953;9.8567;-69.7954;10.3383;4628.45;6.21627;0;0;0.1;0.01;0;3.5062;0;0;-1
0;38;-57.7875;28.476;-71.5068;8.5;2572.44;5.11093;0;0;0.1;0.01;0;2.15701;1;0;-1
0;39;-54.6542;46.903;-68.5781;9.52835;3623.61;5.72926;0;0;0.1;0.01;0;3.24035;0;0;-1
0;40;-41.5494;-51.3138;-72.6751;9.08313;3139.03;5.46155;0;0;0.1;0.01;0;2.11268;0;0;-1
0;41;-41.3976;-30.4527;-70.9804;9.44447;3528.75;5.67882;0;0;0.1;0.01;0;5.73862;0;0;-1
0;42;-42.2291;-16.6232;-69.6699;10.4347;4759.14;6.27423;0;0;0.1;0.01;0;6.85703;0;0;-1
0;43;-39.4107;1.73312;-69.1003;8.5;2572.44;5.11093;0;0;0.1;0.01;0;4.22124;1;0;-1
0;44;-42.3795;16.7574;-69.0672;8.5;2572.44;5.11093;0;0;0.1;0.01;0;4.68405;1;0;-1
0;45;-42.4231;34.2515;-69.8678;9.48534;3574.76;5.7034;0;0;0.1;0.01;0;5.21324;0;0;-1
0;46;-41.2098;53.4578;-69.4132;8.5;2572.44;5.11093;0;0;0.1;0.01;0;3.80577;1;0;-1
0;47;-26.5828;-57.1939;-70.3592;8.69547;2754.02;5.22846;0;0;0.1;0.01;0;4.02543;0;0;-1
0;48;-28.5586;-42.5886;-68.4938;10.4235;4743.83;6.2675;0;0;0.1;0.01;0;6.38854;0;0;-1
0;49;-26.2524;-24.7421;-70.6784;8.78999;2844.81;5.28529;0;0;0.1;0.01;0;5.81396;0;0;-1
0;50;-24.7283;-8.81152;-71.8672;8.5;2572.44;5.11093;0;0;0.1;0.01;0;4.47593;1;0;-1
0;51;-26.8809;11.1054;-69.6474;9.33999;3412.93;5.616;0;0;0.1;0.01;0;5.35161;0;0;-1
0;52;-26.0048;26.9281;-69.241;10.0291;4225.46;6.03035;0;0;0.1;0.01;0;6.56867;0;0;-1
0;53;-27.6146;43.7331;-70.673;9.33376;3406.11;5.61225;0;0;0.1;0.01;0;4.60077;0;0;-1
0;54;-27.1656;62.1934;-69.8057;9.79464;3935.99;5.88937;0;0;0.1;0.01;0;3.73823;0;0;-1
0;55;-13.5682;-63.8491;-69.0164;9.87774;4037.02;5.93934;0;0;0.1;0.01;0;4.04215;0;0;-1
0;56;-13.823;-48.1405;-68.3357;8.5;2572.44;5.11093;0;0;0.1;0.01;0;5.72223;1;0;-1
0;57;-11.3457;-31.1864;-72.6107;8.91585;2968.77;5.36097;0;0;0.1;0.01;0;5.09772;0;0;-1
0;58;-12.6997;-15.0523;-70.9691;9.29638;3365.35;5.58978;0;0;0.1;0.01;0;6.58973;0;0;-1
0;59;-9.95392;1.96456;-71.7802;9.45092;3535.99;5.6827;0;0;0.1;0.01;0;5.80996;0;0;-1
0;60;-11.648;16.5857;-70.152;8.82064;2874.68;5.30372;0;0;0.1;0.01;0;5.34556;0;0;-1
0;61;-11.8846;36.6279;-70.9316;9.09843;3154.92;5.47075;0;0;0.1;0.01;0;4.65013;0;0;-1
0;62;-10.7471;55.0833;-70.3613;9.75011;3882.55;5.8626;0;0;0.1;0.01;0;3.31208;0;0;-1
0;63;2.17753;-56.2439;-69.0665;9.01971;3073.73;5.42342;0;0;0.1;0.01;0;4.73992;0;0;-1
0;64;3.94242;-40.1503;-72.0485;8.76763;2823.16;5.27185;0;0;0.1;0.01;0;5.19948;0;0;-1
0;65;2.71772;-22.8964;-68.501;10.2393;4496.76;6.15674;0;0;0.1;0.01;0;7.0699;0;0;-1
0;66;4.33973;-7.9782;-72.0201;9.90275;4067.77;5.95438;0;0;0.1;0.01;0;6.59417;0;0;-1
0;67;2.3531;10.1697;-69.2148;8.5;2572.44;5.11093;0;0;0.1;0.01;0;4.96721;1;0;-1
0;68;4.40525;26.7954;-69.6929;8.5;2572.44;5.11093;0;0;0.1;0.01;0;4.49202;1;0;-1
0;69;4.43962;45.7968;-70.5464;9.40266;3482.1;5.65368;0;0;0.1;0.01;0;6.07166;0;0;-1
0;70;3.50962;63.7143;-70.1486;9.87208;4030.09;5.93594;0;0;0.1;0.01;0;3.45401;0;0;-1
0;71;16.3325;-66.2657;-69.8994;9.33398;3406.35;5.61239;0;0;0.1;0.01;0;2.89216;0;0;-1
0;72;15.9658;-47.1694;-70.9281;8.71329;2770.99;5.23917;0;0;0.1;0.01;0;4.75341;0;0;-1
0;73;19.2586;-30.2033;-70.8793;10.2304;4485.04;6.15139;0;0;0.1;0.01;0;6.88908;0;0;-1
0;74;16.4049;-14.0892;-69.227;8.5;2572.44;5.11093;0;0;0.1;0.01;0;6.69677;1;0;-1
0;75;16.9952;1.22183;-71.3299;9.24351;3308.26;5.55799;0;0;0.1;0.01;0;5.44048;0;0;-1
0;76;16.0034;18.2074;-69.2078;8.72477;2781.96;5.24608;0;0;0.1;0.01;0;4.98766;0;0;-1
0;77;17.3068;35.4448;-70.6331;9.03495;3089.34;5.43258;0;0;0.1;0.01;0;5.48956;0;0;-1
0;78;19.4561;55.0748;-70.2801;10.194;4437.34;6.1295;0;0;0.1;0.01;0;4.06636;0;0;-1
0;79;31.0821;-57.7922;-69.4716;8.5;2572.44;5.11093;0;0;0.1;0.01;0;3.3606;1;0;-1
0;80;31.7652;-38.5304;-68.4274;9.87873;4038.24;5.93994;0;0;0.1;0.01;0;6.27451;0;0;-1
0;81;32.0165;-21.8294;-69.6501;8.5;2572.44;5.11093;0;0;0.1;0.01;0;4.93333;1;0;-1
0;82;33.3345;-6.34212;-68.8062;9.53103;3626.67;5.73087;0;0;0.1;0.01;0;5.57;0;0;-1
0;83;30.5731;12.4407;-71.3025;9.73152;3860.39;5.85142;0;0;0.1;0.01;0;6.45189;0;0;-1
0;84;33.623;28.6039;-68.5233;10.0382;4236.98;6.03582;0;0;0.1;0.01;0;6.88757;0;0;-1
0;85;34.0085;43.7477;-71.9731;8.5;2572.44;5.11093;0;0;0.1;0.01;0;4.2354;1;0;-1
0;86;46.3666;-51.2906;-68.9106;9.61922;3728.28;5.7839;0;0;0.1;0.01;0;2.75888;0;0;-1
0;87;45.9809;-30.4829;-71.9432;9.01313;3067.01;5.41946;0;0;0.1;0.01;0;4.3338;0;0;-1
0;88;47.5542;-13.4213;-72.0008;9.9526;4129.51;5.98435;0;0;0.1;0.01;0;4.86556;0;0;-1
0;89;45.3298;1.65005;-69.0615;8.5;2572.44;5.11093;0;0;0.1;0.01;0;5.76216;1;0;-1
0;90;47.3088;17.1281;-68.9535;10.3912;4699.87;6.24808;0;0;0.1;0.01;0;6.38274;0;0;-1
0;91;48.9705;36.8825;-71.9516;10.2103;4458.66;6.13931;0;0;0.1;0.01;0;3.53451;0;0;-1
0;92;46.7025;54.1101;-68.9999;8.5;2572.44;5.11093;0;0;0.1;0.01;0;2.53858;1;0;-1
0;93;60.0261;-25.6681;-72.0485;10.0688;4275.84;6.05422;0;0;0.1;0.01;0;2.75091;0;0;-1
0;94;62.568;-5.60507;-71.9221;8.73835;2794.97;5.25424;0;0;0.1;0.01;0;2.3348;0;0;-1
0;95;61.3287;9.87391;-68.8395;9.81409;3959.49;5.90107;0;0;0.1;0.01;0;3.63515;0;0;-1
0;96;-80.392;-8.31277;-55.4069;9.69228;3813.88;5.82783;0;0;0.1;0.01;0;2.96384;0;0;-1
0;97;-80.1218;12.4624;-54.3326;8.7296;2786.58;5.24898;0;0;0.1;0.01;0;2.61339;0;0;-1
0;98;-65.7571;-48.4201;-54.275;10.1245;4347.2;6.08771;0;0;0.1;0.01;0;4.68049;0;0;-1
0;99;-67.7048;-33.8782;-55.4153;8.95215;3005.18;5.3828;0;0;0.1;0.01;0;3.30328;0;0;-1
0;100;-65.5569;-12.6509;-56.3767;8.50736;2579.13;5.11535;0;0;0.1;0.01;0;4.00112;0;0;-1
0;101;-64.5967;1.73338;-53.9654;9.72048;3847.26;5.84478;0;0;0.1;0.01;0;5.3334;0;0;-1
0;102;-68.0133;19.6458;-57.7841;8.68328;2742.46;5.22113;0;0;0.1;0.01;0;3.53365;0;0;-1
0;103;-66.4402;35.4425;-55.5449;8.5;2572.44;5.11093;0;0;0.1;0.01;0;3.49281;1;0;-1
0;104;-52.2478;-59.3449;-54.875;9.7421;3872.99;5.85778;0;0;0.1;0.01;0;4.05941;0;0;-1
0;105;-52.9119;-42.3664;-57.5573;8.54632;2614.73;5.13878;0;0;0.1;0.01;0;4.59321;0;0;-1
0;106;-51.3177;-24.6931;-57.8023;8.5;2572.44;5.11093;0;0;0.1;0.01;0;4.56947;1;0;-1
0;107;-49.8612;-4.79482;-57.1248;9.83619;3986.29;5.91436;0;0;0.1;0.01;0;6.42049;0;0;-1
0;108;-51.7463;12.0457;-54.3849;9.7551;3888.52;5.8656;0;0;0.1;0.01;0;7.0599;0;0;-1
0;109;-51.0321;27.8534;-57.8147;10.3779;4681.85;6.24008;0;0;0.1;0.01;0;6.92812;0;0;-1
0;110;-52.1436;44.8029;-54.0101;9.75705;3890.85;5.86677;0;0;0.1;0.01;0;6.19991;0;0;-1
0;111;-50.577;59.7298;-54.4377;10.0947;4308.92;6.0698;0;0;0.1;0.01;0;5.15068;0;0;-1
0;112;-38.6586;-66.5812;-56.3483;9.78686;3926.62;5.8847;0;0;0.1;0.01;0;4.10197;0;0;-1
0;113;-38.3705;-51.0425;-54.5699;9.22818;3291.83;5.54877;0;0;0.1;0.01;0;5.19162;0;0;-1
0;114;-36.5525;-31.2291;-56.2469;9.62245;3732.03;5.78584;0;0;0.1;0.01;0;6.1822;0;0;-1
0;115;-36.5253;-14.8547;-55.7928;10.2702;4537.59;6.17532;0;0;0.1;0.01;0;6.81725;0;0;-1
0;116;-37.7509;2.44062;-54.378;8.98033;3033.65;5.39974;0;0;0.1;0.01;0;5.52329;0;0;-1
0;117;-36.0804;20.9938;-57.0189;10.2728;4541.04;6.17689;0;0;0.1;0.01;0;7.54125;0;0;-1
0;118;-35.2053;36.6514;-55.0668;8.75833;2814.18;5.26626;0;0;0.1;0.01;0;6.65441;0;0;-1
0;119;-37;51.2798;-56.5087;10.0445;4244.96;6.03961;0;0;0.1;0.01;0;6.94526;0;0;-1
0;120;-35.9274;70.313;-57.932;10.4064;4720.52;6.25722;0;0;0.1;0.01;0;4.27236;0;0;-1
0;121;-23.9302;-76.0228;-57.3288;9.56038;3660.28;5.74852;0;0;0.1;0.01;0;3.14449;0;0;-1
0;122;-21.8277;-56.215;-56.4041;9.42137;3502.92;5.66493;0;0;0.1;0.01;0;6.51274;0;0;-1
0;123;-21.0907;-40.4624;-54.8489;10.0066;4197.09;6.01682;0;0;0.1;0.01;0;6.98346;0;0;-1
0;124;-23.6216;-22.5389;-56.7446;9.91108;4078.04;5.95939;0;0;0.1;0.01;0;6.87616;0;0;-1
0;125;-21.586;-7.15324;-56.3441;8.98657;3039.98;5.40349;0;0;0.1;0.01;0;5.6295;0;0;-1
0;126;-22.4069;9.00201;-55.9803;9.44496;3529.3;5.67912;0;0;0.1;0.01;0;4.80099;0;0;-1
0;127;-21.4027;25.5969;-55.5853;8.61865;2681.68;5.18227;0;0;0.1;0.01;0;5.26384;0;0;-1
0;128;-21.7834;42.3075;-56.6988;8.5;2572.44;5.11093;0;0;0.1;0.01;0;5.12074;1;0;-1
0;129;-22.1138;63.2049;-54.4614;10.3642;4663.33;6.23184;0;0;0.1;0.01;0;7.13685;0;0;-1
0;130;-22.0246;77.979;-57.0112;9.14647;3205.16;5.49964;0;0;0.1;0.01;0;3.52635;0;0;-1
0;131;-9.2852;-80.79;-56.0132;8.5;2572.44;5.11093;0;0;0.1;0.01;0;2.46772;1;0;-1
0;132;-5.76826;-65.6688;-55.7506;9.0412;3095.76;5.43634;0;0;0.1;0.01;0;4.74586;0;0;-1
0;133;-6.23424;-47.1148;-55.1202;9.62786;3738.33;5.78909;0;0;0.1;0.01;0;5.88367;0;0;-1
0;134;-8.77188;-29.9198;-54.6138;9.80216;3945.06;5.8939;0;0;0.1;0.01;0;5.57515;0;0;-1
0;135;-8.9452;-14.1393;-55.424;8.61231;2675.76;5.17846;0;0;0.1;0.01;0;5.84018;0;0;-1
0;136;-7.06673;0.369851;-56.7176;8.5;2572.44;5.11093;0;0;0.1;0.01;0;5.33787;1;0;-1
0;137;-5.92553;20.992;-55.1535;10.3787;4682.93;6.24056;0;0;0.1;0.01;0;6.33314;0;0;-1
0;138;-8.23632;36.9514;-55.4922;10.3709;4672.38;6.23587;0;0;0.1;0.01;0;6.41151;0;0;-1
0;139;-5.82971;54.9391;-55.1059;10.4463;4775.03;6.28121;0;0;0.1;0.01;0;6.18331;0;0;-1
0;140;-8.71868;70.3272;-55.1354;8.9171;2970.02;5.36172;0;0;0.1;0.01;0;3.30234;0;0;-1
0;141;8.98513;-74.3225;-56.9043;8.95921;3012.3;5.38704;0;0;0.1;0.01;0;3.46728;0;0;-1
0;142;6.8626;-58.0813;-56.2122;9.9375;4110.74;5.97527;0;0;0.1;0.01;0;6.12536;0;0;-1
0;143;7.343;-41.7047;-54.9341;8.5;2572.44;5.11093;0;0;0.1;0.01;0;4.38107;1;0;-1
0;144;9.40032;-22.7161;-56.6007;9.348;3421.72;5.62082;0;0;0.1;0.01;0;6.49481;0;0;-1
0;145;6.03117;-8.01668;-56.8586;9.37777;3454.52;5.63872;0;0;0.1;0.01;0;6.47341;0;0;-1
0;146;5.61329;9.72052;-55.2381;8.95394;3006.98;5.38387;0;0;0.1;0.01;0;4.28077;0;0;-1
0;147;8.44612;27.7502;-53.9554;10.1128;4332.14;6.08068;0;0;0.1;0.01;0;6.67626;0;0;-1
0;148;8.53507;44.9741;-55.9751;10.2821;4553.38;6.18248;0;0;0.1;0.01;0;7.63922;0;0;-1
0;149;8.84363;59.8439;-57.7138;8.76315;2818.83;5.26915;0;0;0.1;0.01;0;5.80966;0;0;-1
0;150;8.57148;79.8435;-54.3429;9.33081;3402.88;5.61048;0;0;0.1;0.01;0;2.80688;0;0;-1
0;151;22.2797;-64.2598;-56.6591;9.79249;3933.4;5.88808;0;0;0.1;0.01;0;4.9679;0;0;-1
0;152;24.1786;-49.9849;-53.7194;8.97699;3030.27;5.39773;0;0;0.1;0.01;0;5.39985;0;0;-1
0;153;20.2901;-32.616;-55.2863;9.10775;3164.62;5.47636;0;0;0.1;0.01;0;5.15315;0;0;-1
0;154;20.521;-12.7134;-57.368;9.31056;3380.77;5.5983;0;0;0.1;0.01;0;6.00866;0;0;-1
0;155;23.6276;1.42275;-56.4411;9.29185;3360.43;5.58705;0;0;0.1;0.01;0;5.67916;0;0;-1
0;156;23.7506;20.6616;-55.7399;10.1452;4373.92;6.10016;0;0;0.1;0.01;0;6.42638;0;0;-1
0;157;22.6879;38.2412;-56.2116;10.0929;4306.62;6.06871;0;0;0.1;0.01;0;7.04171;0;0;-1
0;158;22.9289;54.3749;-53.9798;10.4336;4757.64;6.27357;0;0;0.1;0.01;0;7.09889;0;0;-1
0;159;22.0539;70.5658;-57.6909;9.08793;3144.01;5.46444;0;0;0.1;0.01;0;2.47049;0;0;-1
0;160;38.5679;-56.0265;-56.4282;9.06067;3115.8;5.44805;0;0;0.1;0.01;0;4.5538;0;0;-1
0;161;34.9361;-38.3574;-54.7221;8.60039;2664.67;5.17129;0;0;0.1;0.01;0;5.32517;0;0;-1
0;162;38.5225;-25.0986;-56.4556;9.04343;3098.05;5.43768;0;0;0.1;0.01;0;5.60506;0;0;-1
0;163;37.2075;-5.6946;-54.8342;8.57831;2644.2;5.15801;0;0;0.1;0.01;0;5.96644;0;0;-1
0;164;38.4604;8.33215;-55.4094;9.23354;3297.56;5.55199;0;0;0.1;0.01;0;6.96313;0;0;-1
0;165;38.8653;25.4347;-54.6057;9.85015;4003.29;5.92275;0;0;0.1;0.01;0;6.32587;0;0;-1
0;166;36.7809;46.1491;-56.6519;9.17439;3234.6;5.51643;0;0;0.1;0.01;0;5.85631;0;0;-1
0;167;36.3663;60.7311;-54.1189;8.5;2572.44;5.11093;0;0;0.1;0.01;0;4.54062;1;0;-1
0;168;52.8862;-50.9574;-56.0593;8.97539;3028.65;5.39677;0;0;0.1;0.01;0;3.28641;0;0;-1
0;169;52.0661;-31.0892;-54.1349;9.95776;4135.93;5.98746;0;0;0.1;0.01;0;5.73169;0;0;-1
0;170;52.9116;-15.0633;-54.3843;8.5;2572.44;5.11093;0;0;0.1;0.01;0;5.229;1;0;-1
0;171;52.2513;0.0361547;-54.3865;9.99184;4178.54;6.00795;0;0;0.1;0.01;0;7.5141;0;0;-1
0;172;51.191;18.0871;-56.0378;9.0008;3054.44;5.41205;0;0;0.1;0.01;0;6.79009;0;0;-1
0;173;52.9394;34.074;-55.7679;9.24176;3306.38;5.55694;0;0;0.1;0.01;0;5.30977;0;0;-1
0;174;52.6958;55.2598;-56.5071;10.1122;4331.37;6.08032;0;0;0.1;0.01;0;4.26878;0;0;-1
0;175;64.6181;-40.8721;-56.6708;9.03274;3087.07;5.43126;0;0;0.1;0.01;0;2.99611;0;0;-1
0;176;67.284;-25.0843;-56.1049;9.38578;3463.38;5.64353;0;0;0.1;0.01;0;4.42175;0;0;-1
0;177;67.7741;-4.49959;-55.1331;8.5;2572.44;5.11093;0;0;0.1;0.01;0;5.13811;1;0;-1
0;178;65.8329;11.9953;-53.811;9.54477;3642.38;5.73913;0;0;0.1;0.01;0;5.87282;0;0;-1
0;179;66.0107;26.6462;-55.2829;8.5;2572.44;5.11093;0;0;0.1;0.01;0;3.88808;1;0;-1
0;180;64.7682;46.0668;-54.3219;9.81335;3958.59;5.90062;0;0;0.1;0.01;0;3.39557;0;0;-1
0;181;79.72;-16.8509;-56.7573;10.1836;4423.77;6.12325;0;0;0.1;0.01;0;2.82665;0;0;-1
0;182;82.2226;1.12111;-54.4712;8.92226;2975.18;5.36483;0;0;0.1;0.01;0;2.82727;0;0;-1
0;183;-87.5176;-21.6621;-40.6279;9.37018;3446.14;5.63415;0;0;0.1;0.01;0;3.14459;0;0;-1
0;184;-84.1182;-8.17048;-40.1238;10.0307;4227.49;6.03131;0;0;0.1;0.01;0;5.21933;0;0;-1
0;185;-86.3102;12.3543;-39.6282;9.63572;3747.5;5.79382;0;0;0.1;0.01;0;4.43995;0;0;-1
0;186;-86.6604;29.3363;-39.2286;9.84885;4001.71;5.92197;0;0;0.1;0.01;0;3.00343;0;0;-1
0;187;-70.182;-48.0411;-39.6428;8.5;2572.44;5.11093;0;0;0.1;0.01;0;4.05724;1;0;-1
0;188;-72.1198;-33.9441;-41.5625;10.2288;4482.94;6.15043;0;0;0.1;0.01;0;5.02626;0;0;-1
0;189;-71.5934;-14.5684;-41.6305;8.5;2572.44;5.11093;0;0;0.1;0.01;0;5.38763;1;0;-1
0;190;-72.681;3.61483;-40.9286;10.2704;4537.86;6.17544;0;0;0.1;0.01;0;7.38637;0;0;-1
0;191;-70.5087;19.0715;-42.0638;9.73679;3866.66;5.85459;0;0;0.1;0.01;0;6.24064;0;0;-1
0;192;-69.9852;37.0807;-42.9207;9.92192;4091.44;5.96591;0;0;0.1;0.01;0;5.68264;0;0;-1
0;193;-72.6577;51.3936;-41.1016;9.59208;3696.81;5.76758;0;0;0.1;0.01;0;3.09331;0;0;-1
0;194;-56.9534;-59.2039;-39.9314;10.3288;4615.71;6.21056;0;0;0.1;0.01;0;5.24932;0;0;-1
0;195;-56.7242;-39.4601;-41.8704;9.50868;3601.22;5.71743;0;0;0.1;0.01;0;6.64072;0;0;-1
0;196;-54.1643;-24.641;-40.908;9.31218;3382.54;5.59928;0;0;0.1;0.01;0;5.42112;0;0;-1
0;197;-57.4642;-7.32922;-42.0194;10.0834;4294.47;6.063;0;0;0.1;0.01;0;6.99027;0;0;-1
0;198;-55.0622;9.53822;-39.8499;10.2811;4552.05;6.18188;0;0;0.1;0.01;0;6.71455;0;0;-1
0;199;-55.5422;25.8722;-41.549;9.89022;4052.35;5.94685;0;0;0.1;0.01;0;6.1147;0;0;-1
0;200;-56.9727;42.6518;-40.1094;9.6706;3788.34;5.81479;0;0;0.1;0.01;0;6.52776;0;0;-1
0;201;-54.2562;60.4479;-39.5909;9.62047;3729.73;5.78465;0;0;0.1;0.01;0;5.2411;0;0;-1
0;202;-40.5188;-80.6266;-40.9849;8.5;2572.44;5.11093;0;0;0.1;0.01;0;2.97048;1;0;-1
0;203;-41.6791;-65.9017;-39.2284;9.46189;3548.32;5.6893;0;0;0.1;0.01;0;6.3814;0;0;-1
0;204;-43.0513;-47.5183;-41.715;8.5;2572.44;5.11093;0;0;0.1;0.01;0;4.90145;1;0;-1
0;205;-42.5711;-31.6889;-42.2073;8.64528;2706.61;5.19828;0;0;0.1;0.01;0;5.09509;0;0;-1
0;206;-40.2483;-13.4527;-40.6547;9.60474;3711.47;5.77519;0;0;0.1;0.01;0;6.10405;0;0;-1
0;207;-42.0096;1.94813;-39.9917;9.25091;3316.21;5.56244;0;0;0.1;0.01;0;6.47467;0;0;-1
0;208;-41.7826;19.6611;-42.4157;8.59492;2659.59;5.168;0;0;0.1;0.01;0;5.91386;0;0;-1
0;209;-41.4529;34.4618;-41.4129;8.78789;2842.77;5.28403;0;0;0.1;0.01;0;5.64349;0;0;-1
0;210;-40.2721;53.6162;-41.2189;9.53739;3633.94;5.73469;0;0;0.1;0.01;0;7.07361;0;0;-1
0;211;-40.807;68.4781;-42.1357;10.3601;4657.8;6.22938;0;0;0.1;0.01;0;6.08108;0;0;-1
0;212;-27.6603;-72.9657;-42.8778;9.39388;3472.35;5.6484;0;0;0.1;0.01;0;6.10807;0;0;-1
0;213;-28.1435;-57.73;-40.4626;10.4418;4768.86;6.2785;0;0;0.1;0.01;0;7.09453;0;0;-1
0;214;-25.2982;-38.5051;-42.3665;9.23225;3296.18;5.55122;0;0;0.1;0.01;0;5.32851;0;0;-1
0;215;-25.0133;-22.3758;-39.8173;9.9908;4177.24;6.00732;0;0;0.1;0.01;0;6.39029;0;0;-1
0;216;-24.7442;-5.18073;-40.6492;8.87426;2927.42;5.33596;0;0;0.1;0.01;0;5.61499;0;0;-1
0;217;-25.4512;9.75896;-41.0476;8.5;2572.44;5.11093;0;0;0.1;0.01;0;4.04248;1;0;-1
0;218;-28.1766;27.0157;-42.0154;9.3773;3454;5.63843;0;0;0.1;0.01;0;5.49152;0;0;-1
0;219;-27.2213;44.1194;-42.1015;9.59228;3697.04;5.7677;0;0;0.1;0.01;0;6.10613;0;0;-1
0;220;-27.558;60.5342;-40.7623;9.41372;3494.4;5.66033;0;0;0.1;0.01;0;7.06672;0;0;-1
0;221;-25.0159;77.1708;-42.0799;9.57316;3674.98;5.7562;0;0;0.1;0.01;0;5.24535;0;0;-1
0;222;-12.9887;-83.1409;-42.1701;8.61093;2674.48;5.17763;0;0;0.1;0.01;0;4.03598;0;0;-1
0;223;-12.9518;-67.605;-39.7393;10.0617;4266.8;6.04995;0;0;0.1;0.01;0;6.69491;0;0;-1
0;224;-12.394;-49.3778;-41.8356;9.18212;3242.78;5.52108;0;0;0.1;0.01;0;5.31946;0;0;-1
0;225;-9.78427;-33.3293;-39.8377;9.50911;3601.71;5.71769;0;0;0.1;0.01;0;6.11662;0;0;-1
0;226;-13.071;-15.5115;-40.7597;8.69144;2750.2;5.22604;0;0;0.1;0.01;0;6.37326;0;0;-1
0;227;-11.0653;0.256481;-41.4475;8.66025;2720.7;5.20728;0;0;0.1;0.01;0;5.45381;0;0;-1
0;228;-12.5367;20.0309;-39.3412;9.95302;4130.03;5.98461;0;0;0.1;0.01;0;6.16149;0;0;-1
0;229;-9.96108;34.3074;-39.7688;8.5;2572.44;5.11093;0;0;0.1;0.01;0;6.0874;1;0;-1
0;230;-11.5621;52.9619;-39.3574;10.1789;4417.65;6.12042;0;0;0.1;0.01;0;6.47057;0;0;-1
0;231;-11.0994;70.7594;-40.0404;9.43087;3513.53;5.67065;0;0;0.1;0.01;0;5.5772;0;0;-1
0;232;-9.78431;87.1025;-39.959;8.5;2572.44;5.11093;0;0;0.1;0.01;0;2.38832;1;0;-1
0;233;2.81726;-89.543;-42.0496;9.11671;3173.97;5.48175;0;0;0.1;0.01;0;2.88099;0;0;-1
0;234;4.67777;-74.93;-41.1622;8.55271;2620.59;5.14262;0;0;0.1;0.01;0;5.17677;0;0;-1
0;235;2.01245;-59.7582;-39.3757;9.47364;3561.55;5.69636;0;0;0.1;0.01;0;5.41898;0;0;-1
0;236;3.62669;-40.7657;-39.8039;8.5;2572.44;5.11093;0;0;0.1;0.01;0;4.84926;1;0;-1
0;237;4.67745;-25.279;-39.5108;9.5216;3615.92;5.7252;0;0;0.1;0.01;0;6.13795;0;0;-1
0;238;1.23422;-8.07981;-42.4295;10.2613;4525.8;6.16997;0;0;0.1;0.01;0;6.26768;0;0;-1
0;239;3.21682;10.4493;-41.0107;8.61838;2681.42;5.18211;0;0;0.1;0.01;0;4.36887;0;0;-1
0;240;4.07076;27.1868;-39.4775;8.90471;2957.66;5.35427;0;0;0.1;0.01;0;6.72736;0;0;-1
0;241;1.22735;43.0314;-40.2748;10.0973;4312.25;6.07136;0;0;0.1;0.01;0;7.97676;0;0;-1
0;242;1.52177;60.6226;-40.9761;8.5;2572.44;5.11093;0;0;0.1;0.01;0;5.36266;1;0;-1
0;243;3.95159;76.3837;-41.0725;9.14274;3201.24;5.4974;0;0;0.1;0.01;0;5.26568;0;0;-1
0;244;17.6726;-82.3261;-42.0976;8.5;2572.44;5.11093;0;0;0.1;0.01;0;3.29261;1;0;-1
0;245;18.2129;-65.4529;-39.2882;10.2625;4527.39;6.17069;0;0;0.1;0.01;0;5.88407;0;0;-1
0;246;17.9198;-46.4565;-40.804;8.89095;2943.97;5.346;0;0;0.1;0.01;0;5.26633;0;0;-1
0;247;17.8387;-31.761;-41.1593;8.5;2572.44;5.11093;0;0;0.1;0.01;0;5.83669;1;0;-1
0;248;19.0968;-15.4936;-41.7712;9.48375;3572.97;5.70244;0;0;0.1;0.01;0;5.92483;0;0;-1
0;249;19.753;1.94273;-42.1561;9.10927;3166.21;5.47727;0;0;0.1;0.01;0;4.69387;0;0;-1
0;250;17.669;17.7336;-40.5167;9.27102;3337.88;5.57453;0;0;0.1;0.01;0;5.59875;0;0;-1
0;251;19.0281;36.7154;-42.8434;9.9124;4079.67;5.96018;0;0;0.1;0.01;0;7.63303;0;0;-1
0;252;16.795;52.0135;-39.6923;10.0976;4312.64;6.07154;0;0;0.1;0.01;0;7.44065;0;0;-1
0;253;18.7595;68.4676;-41.1921;10.3155;4597.9;6.20256;0;0;0.1;0.01;0;5.94199;0;0;-1
0;254;16.4101;87.4191;-41.1302;10.0767;4285.92;6.05897;0;0;0.1;0.01;0;3.1459;0;0;-1
0;255;32.9522;-75.6322;-42.5072;8.64912;2710.22;5.20059;0;0;0.1;0.01;0;2.25229;0;0;-1
0;256;30.5654;-56.4946;-40.5229;9.0958;3152.18;5.46917;0;0;0.1;0.01;0;6.27906;0;0;-1
0;257;33.717;-41.1815;-40.4642;10.005;4195.08;6.01586;0;0;0.1;0.01;0;7.65364;0;0;-1
0;258;32.7768;-25.2881;-41.571;10.1242;4346.81;6.08753;0;0;0.1;0.01;0;7.40549;0;0;-1
0;259;33.7388;-8.0528;-42.0283;8.5;2572.44;5.11093;0;0;0.1;0.01;0;4.72614;1;0;-1
0;260;33.8439;10.0428;-42.2909;8.5;2572.44;5.11093;0;0;0.1;0.01;0;5.10365;1;0;-1
0;261;33.8468;29.5209;-39.8759;8.93213;2985.06;5.37076;0;0;0.1;0.01;0;6.03472;0;0;-1
0;262;32.9451;46.1535;-39.4236;10.038;4236.72;6.0357;0;0;0.1;0.01;0;7.76764;0;0;-1
0;263;33.9182;60.0846;-39.7092;9.38769;3465.49;5.64468;0;0;0.1;0.01;0;6.20675;0;0;-1
0;264;33.5534;79.8396;-40.4242;8.95437;3007.42;5.38413;0;0;0.1;0.01;0;2.74534;0;0;-1
0;265;47.8269;-65.2731;-41.6061;8.94443;2997.41;5.37816;0;0;0.1;0.01;0;2.46605;0;0;-1
0;266;47.1414;-47.7059;-39.9484;9.52788;3623.08;5.72898;0;0;0.1;0.01;0;5.80366;0;0;-1
0;267;47.7644;-30.2385;-39.221;10.3176;4600.71;6.20382;0;0;0.1;0.01;0;7.65913;0;0;-1
0;268;46.7912;-14.9372;-42.5819;10.067;4273.55;6.05314;0;0;0.1;0.01;0;7.77939;0;0;-1
0;269;46.0824;2.87715;-42.1799;8.5;2572.44;5.11093;0;0;0.1;0.01;0;6.19982;1;0;-1
0;270;47.7586;16.8691;-43.0404;10.1627;4396.59;6.11068;0;0;0.1;0.01;0;7.43822;0;0;-1
0;271;46.8464;37.9657;-41.0973;9.52653;3621.54;5.72816;0;0;0.1;0.01;0;6.19073;0;0;-1
0;272;46.7034;52.1393;-42.8753;9.67637;3795.12;5.81826;0;0;0.1;0.01;0;6.60497;0;0;-1
0;273;46.8368;69.259;-39.8972;9.92643;4097.02;5.96862;0;0;0.1;0.01;0;4.49597;0;0;-1
0;274;60.3751;-55.3618;-39.3252;9.8308;3979.74;5.91112;0;0;0.1;0.01;0;4.74594;0;0;-1
0;275;63.9929;-41.6906;-39.8336;8.94562;2998.61;5.37887;0;0;0.1;0.01;0;4.2813;0;0;-1
0;276;61.2071;-23.3565;-39.8342;8.55006;2618.16;5.14103;0;0;0.1;0.01;0;5.54371;0;0;-1
0;277;63.4164;-7.7932;-42.3269;9.67674;3795.56;5.81848;0;0;0.1;0.01;0;6.80242;0;0;-1
0;278;63.5993;8.23086;-39.4676;10.0114;4203.13;6.01971;0;0;0.1;0.01;0;6.55886;0;0;-1
0;279;63.0243;26.1912;-42.2744;10.0357;4233.81;6.03432;0;0;0.1;0.01;0;6.07372;0;0;-1
0;280;61.5544;42.1378;-41.1964;8.88075;2933.85;5.33987;0;0;0.1;0.01;0;5.08089;0;0;-1
0;281;61.9966;60.4251;-42.4638;9.23144;3295.32;5.55073;0;0;0.1;0.01;0;3.67702;0;0;-1
0;282;74.9443;-32.4976;-43.17;9.0112;3065.04;5.4183;0;0;0.1;0.01;0;3.21784;0;0;-1
0;283;77.7406;-14.9999;-41.1238;8.62851;2690.89;5.1882;0;0;0.1;0.01;0;4.46571;0;0;-1
0;284;76.3309;-0.0862082;-41.4691;10.2851;4557.37;6.18428;0;0;0.1;0.01;0;6.87526;0;0;-1
0;285;78.7414;19.7242;-42.8221;8.99017;3043.63;5.40566;0;0;0.1;0.01;0;3.33165;0;0;-1
0;286;76.5359;34.336;-41.9448;9.23964;3304.1;5.55566;0;0;0.1;0.01;0;3.5423;0;0;-1
0;287;90.5156;-4.55956;-40.5353;8.7003;2758.62;5.23136;0;0;0.1;0.01;0;2.23176;0;0;-1
0;288;-95.1279;-13.5067;-24.699;8.77145;2826.85;5.27415;0;0;0.1;0.01;0;3.17576;0;0;-1
0;289;-95.6332;1.24705;-26.0973;9.92316;4092.97;5.96665;0;0;0.1;0.01;0;3.87542;0;0;-1
0;290;-80.8676;-41.4993;-24.6616;9.90428;4069.65;5.9553;0;0;0.1;0.01;0;2.88701;0;0;-1
0;291;-81.7932;-23.4409;-27.3406;9.5595;3659.27;5.74799;0;0;0.1;0.01;0;3.86459;0;0;-1
0;292;-78.9069;-4.6567;-26.486;10.0423;4242.17;6.03829;0;0;0.1;0.01;0;5.59127;0;0;-1
0;293;-82.5753;10.9657;-26.4512;10.1274;4350.93;6.08946;0;0;0.1;0.01;0;6.28549;0;0;-1
0;294;-82.4136;27.6793;-25.1444;10.0349;4232.8;6.03384;0;0;0.1;0.01;0;5.02675;0;0;-1
0;295;-80.4028;44.5609;-28.1113;9.88358;4044.19;5.94285;0;0;0.1;0.01;0;3.28428;0;0;-1
0;296;-64.0853;-67.8795;-25.9979;8.5;2572.44;5.11093;0;0;0.1;0.01;0;2.5161;1;0;-1
0;297;-64.3789;-48.9935;-26.1322;8.77835;2833.53;5.27829;0;0;0.1;0.01;0;4.3585;0;0;-1
0;298;-64.529;-31.2674;-25.4595;9.74862;3880.77;5.8617;0;0;0.1;0.01;0;5.46843;0;0;-1
0;299;-64.4869;-12.8922;-26.9891;9.28066;3348.31;5.58033;0;0;0.1;0.01;0;5.55772;0;0;-1
0;300;-66.079;4.44551;-26.0341;8.5;2572.44;5.11093;0;0;0.1;0.01;0;5.93904;1;0;-1
0;301;-65.4706;20.2203;-26.9314;8.59094;2655.89;5.16561;0;0;0.1;0.01;0;5.7124;0;0;-1
0;302;-64.6852;35.2173;-27.1723;10.0497;4251.56;6.04274;0;0;0.1;0.01;0;6.30927;0;0;-1
0;303;-64.5472;50.9164;-26.2286;9.27992;3347.51;5.57988;0;0;0.1;0.01;0;5.75094;0;0;-1
0;304;-66.6793;68.668;-26.7113;9.4554;3541.02;5.68539;0;0;0.1;0.01;0;2.15166;0;0;-1
0;305;-49.7094;-72.4991;-27.7913;8.99661;3050.18;5.40953;0;0;0.1;0.01;0;5.22803;0;0;-1
0;306;-49.6165;-58.1731;-26.2887;9.25063;3315.91;5.56227;0;0;0.1;0.01;0;6.29355;0;0;-1
0;307;-51.5383;-39.7134;-26.342;9.3425;3415.69;5.61751;0;0;0.1;0.01;0;6.00894;0;0;-1
0;308;-52.409;-23.1177;-27.5498;9.77632;3913.95;5.87836;0;0;0.1;0.01;0;6.55482;0;0;-1
0;309;-50.4828;-7.03241;-27.8125;9.73264;3861.72;5.8521;0;0;0.1;0.01;0;6.60934;0;0;-1
0;310;-53.0204;8.65166;-26.3273;8.9409;2993.87;5.37603;0;0;0.1;0.01;0;5.48745;0;0;-1
0;311;-51.1135;26.7868;-24.4666;9.14375;3202.3;5.498;0;0;0.1;0.01;0;5.5777;0;0;-1
0;312;-49.9883;45.5136;-24.8767;9.78011;3918.5;5.88064;0;0;0.1;0.01;0;7.33709;0;0;-1
0;313;-50.6692;62.4888;-25.5807;8.75947;2815.28;5.26694;0;0;0.1;0.01;0;6.08594;0;0;-1
0;314;-51.7938;78.4849;-28.2549;8.72318;2780.44;5.24512;0;0;0.1;0.01;0;2.65276;0;0;-1
0;315;-36.4319;-82.1756;-26.5183;10.3133;4594.96;6.20124;0;0;0.1;0.01;0;6.19504;0;0;-1
0;316;-34.9823;-67.3077;-26.8047;8.88636;2939.41;5.34324;0;0;0.1;0.01;0;6.99012;0;0;-1
0;317;-38.3673;-47.1091;-27.1466;10.1598;4392.83;6.10894;0;0;0.1;0.01;0;5.71306;0;0;-1
0;318;-36.057;-30.0828;-26.0709;9.32899;3400.89;5.60939;0;0;0.1;0.01;0;6.11615;0;0;-1
0;319;-34.6337;-13.7611;-26.801;8.77558;2830.85;5.27663;0;0;0.1;0.01;0;5.01603;0;0;-1
0;320;-36.5857;4.31507;-27.4503;8.5;2572.44;5.11093;0;0;0.1;0.01;0;4.19291;1;0;-1
0;321;-38.3575;18.5452;-27.4817;9.50184;3593.45;5.71332;0;0;0.1;0.01;0;5.45483;0;0;-1
0;322;-38.2451;34.5864;-25.1817;8.5;2572.44;5.11093;0;0;0.1;0.01;0;5.50112;1;0;-1
0;323;-37.646;52.2776;-27.8663;9.223;3286.29;5.54566;0;0;0.1;0.01;0;6.07419;0;0;-1
0;324;-38.2127;67.7225;-25.7607;8.5;2572.44;5.11093;0;0;0.1;0.01;0;4.4859;1;0;-1
0;325;-35.5378;85.8446;-24.9508;10.2803;4550.99;6.1814;0;0;0.1;0.01;0;3.74696;0;0;-1
0;326;-21.7842;-90.7807;-25.2861;10.3383;4628.45;6.21627;0;0;0.1;0.01;0;3.9867;0;0;-1
0;327;-20.5837;-73.0917;-27.0199;10.1729;4409.84;6.11682;0;0;0.1;0.01;0;8.27674;0;0;-1
0;328;-20.3496;-59.1644;-26.3094;9.74517;3876.65;5.85963;0;0;0.1;0.01;0;7.26686;0;0;-1
0;329;-22.0178;-40.5858;-26.6589;8.61701;2680.15;5.18128;0;0;0.1;0.01;0;4.98758;0;0;-1
0;330;-21.362;-21.1044;-24.9738;10.094;4308.03;6.06938;0;0;0.1;0.01;0;6.84272;0;0;-1
0;331;-19.7216;-5.48426;-28.0844;8.5;2572.44;5.11093;0;0;0.1;0.01;0;4.64992;1;0;-1
0;332;-21.3115;11.8077;-25.7685;8.5;2572.44;5.11093;0;0;0.1;0.01;0;4.00175;1;0;-1
0;333;-22.7789;28.7635;-27.7862;8.64731;2708.52;5.1995;0;0;0.1;0.01;0;5.10124;0;0;-1
0;334;-21.2679;44.7708;-27.8816;9.74786;3879.86;5.86125;0;0;0.1;0.01;0;5.84109;0;0;-1
0;335;-21.6926;62.1722;-26.6141;9.66986;3787.47;5.81435;0;0;0.1;0.01;0;6.33879;0;0;-1
0;336;-22.8401;78.7585;-27.912;9.43208;3514.88;5.67137;0;0;0.1;0.01;0;5.63068;0;0;-1
0;337;-5.94027;-81.2688;-28.6501;9.37792;3454.68;5.63881;0;0;0.1;0.01;0;6.09292;0;0;-1
0;338;-7.90804;-66.6032;-26.3307;9.47884;3567.42;5.69949;0;0;0.1;0.01;0;6.68925;0;0;-1
0;339;-8.56305;-48.5885;-24.3812;9.13807;3196.33;5.49459;0;0;0.1;0.01;0;5.1864;0;0;-1
0;340;-8.20437;-29.6938;-25.5443;8.77274;2828.1;5.27492;0;0;0.1;0.01;0;5.5663;0;0;-1
0;341;-6.01273;-13.3264;-27.8156;9.41095;3491.31;5.65867;0;0;0.1;0.01;0;6.59706;0;0;-1
0;342;-5.49637;1.93159;-27.6485;8.53399;2603.42;5.13136;0;0;0.1;0.01;0;5.70905;0;0;-1
0;343;-6.60716;21.1279;-25.6256;9.60397;3710.57;5.77473;0;0;0.1;0.01;0;6.7;0;0;-1
0;344;-7.09176;35.4065;-27.0979;9.34522;3418.67;5.61915;0;0;0.1;0.01;0;7.48407;0;0;-1
0;345;-7.92928;51.5136;-26.0256;8.65073;2711.73;5.20156;0;0;0.1;0.01;0;5.61118;0;0;-1
0;346;-9.34315;72.163;-24.492;8.6207;2683.59;5.1835;0;0;0.1;0.01;0;5.0369;0;0;-1
0;347;-9.10017;88.2428;-25.6723;8.64271;2704.2;5.19674;0;0;0.1;0.01;0;3.97045;0;0;-1
0;348;9.34707;-90.4746;-25.4125;10.3115;4592.55;6.20016;0;0;0.1;0.01;0;4.27704;0;0;-1
0;349;6.59373;-75.7932;-25.3189;9.7822;3921.01;5.88189;0;0;0.1;0.01;0;6.67396;0;0;-1
0;350;9.44187;-58.6616;-25.7667;9.33001;3402;5.61;0;0;0.1;0.01;0;5.80853;0;0;-1
0;351;5.72699;-40.0335;-25.3947;9.62018;3729.39;5.78447;0;0;0.1;0.01;0;6.09666;0;0;-1
0;352;8.26502;-25.5164;-26.5913;8.72878;2785.8;5.24849;0;0;0.1;0.01;0;5.85949;0;0;-1
0;353;9.02534;-8.76517;-27.6969;10.2426;4501.11;6.15873;0;0;0.1;0.01;0;6.79738;0;0;-1
0;354;5.51391;9.93451;-25.5126;9.14542;3204.05;5.49901;0;0;0.1;0.01;0;4.58347;0;0;-1
0;355;9.43369;29.3306;-27.663;10.081;4291.4;6.06156;0;0;0.1;0.01;0;6.86135;0;0;-1
0;356;6.25438;44.0453;-25.24;10.3766;4680.09;6.2393;0;0;0.1;0.01;0;7.2003;0;0;-1
0;357;6.86892;63.4098;-24.6199;10.1832;4423.25;6.12301;0;0;0.1;0.01;0;6.80646;0;0;-1
0;358;5.89663;78.288;-28.0024;9.05381;3108.73;5.44392;0;0;0.1;0.01;0;5.55796;0;0;-1
0;359;8.24324;95.6203;-26.8406;10.0208;4214.98;6.02536;0;0;0.1;0.01;0;2.99615;0;0;-1
0;360;22.5767;-82.3668;-25.2186;9.14669;3205.39;5.49977;0;0;0.1;0.01;0;4.6583;0;0;-1
0;361;23.6997;-65.8973;-25.4722;9.51617;3609.73;5.72193;0;0;0.1;0.01;0;5.43857;0;0;-1
0;362;23.2748;-47.292;-27.4376;10.114;4333.69;6.0814;0;0;0.1;0.01;0;6.25864;0;0;-1
0;363;22.7931;-31.7619;-26.0469;9.7203;3847.05;5.84468;0;0;0.1;0.01;0;6.89697;0;0;-1
0;364;22.1293;-16.0899;-25.589;10.0142;4206.66;6.02139;0;0;0.1;0.01;0;6.73083;0;0;-1
0;365;22.3181;1.01588;-26.8041;9.03568;3090.09;5.43302;0;0;0.1;0.01;0;5.17153;0;0;-1
0;366;23.3901;18.1894;-28.0131;9.62583;3735.97;5.78787;0;0;0.1;0.01;0;6.25512;0;0;-1
0;367;23.2516;34.9352;-27.5213;9.48752;3577.23;5.70471;0;0;0.1;0.01;0;7.42021;0;0;-1
0;368;20.595;51.1112;-24.5141;9.78732;3927.17;5.88497;0;0;0.1;0.01;0;6.26071;0;0;-1
0;369;20.2905;69.1542;-26.9519;9.41126;3491.66;5.65885;0;0;0.1;0.01;0;5.36165;0;0;-1
0;370;23.3576;84.573;-24.8066;9.48309;3572.22;5.70204;0;0;0.1;0.01;0;4.90101;0;0;-1
0;371;38.0629;-75.9943;-27.1057;9.08221;3138.07;5.461;0;0;0.1;0.01;0;3.93989;0;0;-1
0;372;35.2277;-56.917;-27.0383;8.68961;2748.46;5.22494;0;0;0.1;0.01;0;5.60808;0;0;-1
0;373;37.5308;-39.9424;-26.8223;9.92192;4091.44;5.96591;0;0;0.1;0.01;0;7.96764;0;0;-1
0;374;37.6916;-23.1698;-27.6894;9.98008;4163.81;6.00088;0;0;0.1;0.01;0;7.59122;0;0;-1
0;375;37.4538;-7.20988;-24.8414;9.68117;3800.77;5.82115;0;0;0.1;0.01;0;6.57016;0;0;-1
0;376;35.1274;8.91688;-26.7853;8.8148;2868.97;5.30021;0;0;0.1;0.01;0;5.30795;0;0;-1
0;377;37.2289;25.3881;-24.7112;9.96675;4147.15;5.99286;0;0;0.1;0.01;0;6.88038;0;0;-1
0;378;37.0122;42.1382;-27.0985;9.84583;3998.03;5.92015;0;0;0.1;0.01;0;6.57959;0;0;-1
0;379;38.4483;63.6789;-24.9039;8.5;2572.44;5.11093;0;0;0.1;0.01;0;4.58476;1;0;-1
0;380;36.7493;78.8128;-24.8781;8.5;2572.44;5.11093;0;0;0.1;0.01;0;4.35106;1;0;-1
0;381;50.4409;-66.649;-24.7836;10.2137;4463.11;6.14135;0;0;0.1;0.01;0;5.57049;0;0;-1
0;382;49.9645;-50.7721;-25.2907;10.1728;4409.71;6.11676;0;0;0.1;0.01;0;6.85289;0;0;-1
0;383;50.0745;-33.418;-25.0349;8.55599;2623.61;5.14459;0;0;0.1;0.01;0;5.20401;0;0;-1
0;384;52.7131;-15.5617;-26.855;9.21838;3281.35;5.54288;0;0;0.1;0.01;0;6.26007;0;0;-1
0;385;51.8239;1.7337;-28.335;10.0155;4208.3;6.02217;0;0;0.1;0.01;0;7.17027;0;0;-1
0;386;50.1097;17.7985;-28.518;9.04577;3100.45;5.43909;0;0;0.1;0.01;0;6.16787;0;0;-1
0;387;50.3075;34.8926;-25.0699;9.38364;3461.01;5.64225;0;0;0.1;0.01;0;5.57636;0;0;-1
0;388;52.9786;54.7668;-24.6955;8.65695;2717.59;5.2053;0;0;0.1;0.01;0;4.39703;0;0;-1
0;389;52.2011;72.6209;-26.9403;9.78828;3928.33;5.88555;0;0;0.1;0.01;0;4.37853;0;0;-1
0;390;66.3583;-59.2063;-27.6295;8.99162;3045.11;5.40653;0;0;0.1;0.01;0;4.13231;0;0;-1
0;391;66.6325;-42.2217;-25.0412;8.84857;2902.07;5.32052;0;0;0.1;0.01;0;5.48318;0;0;-1
0;392;67.4845;-23.2419;-24.8706;10.3678;4668.19;6.23401;0;0;0.1;0.01;0;6.53939;0;0;-1
0;393;65.5535;-5.59949;-26.9193;8.9529;3005.94;5.38325;0;0;0.1;0.01;0;6.84085;0;0;-1
0;394;66.5837;9.45502;-25.091;9.2484;3313.51;5.56093;0;0;0.1;0.01;0;5.82368;0;0;-1
0;395;64.8732;25.4101;-25.6041;9.8348;3984.6;5.91352;0;0;0.1;0.01;0;4.80985;0;0;-1
0;396;66.384;46.5063;-25.9038;10.0347;4232.55;6.03372;0;0;0.1;0.01;0;5.81768;0;0;-1
0;397;65.0727;62.2765;-27.5129;10.0508;4252.95;6.0434;0;0;0.1;0.01;0;4.97036;0;0;-1
0;398;79.4175;-51.2627;-25.8192;10.1042;4321.1;6.07551;0;0;0.1;0.01;0;2.17813;0;0;-1
0;399;81.881;-34.2047;-24.8312;10.2512;4512.45;6.1639;0;0;0.1;0.01;0;3.41578;0;0;-1
0;400;80.7483;-16.8135;-25.3479;8.88357;2936.64;5.34156;0;0;0.1;0.01;0;4.46982;0;0;-1
0;401;79.7983;-0.232219;-26.2383;9.30496;3374.68;5.59494;0;0;0.1;0.01;0;4.87161;0;0;-1
0;402;83.2175;17.7952;-25.2715;9.79833;3940.44;5.89159;0;0;0.1;0.01;0;4.14475;0;0;-1
0;403;79.0941;33.7652;-27.9962;8.5;2572.44;5.11093;0;0;0.1;0.01;0;3.36759;1;0;-1
0;404;79.3735;54.623;-26.5441;10.3516;4646.34;6.22427;0;0;0.1;0.01;0;2.70774;0;0;-1
0;405;-98.4413;0.961421;-11.8092;10.2755;4544.62;6.17851;0;0;0.1;0.01;0;3.70527;0;0;-1
0;406;-84.2841;-42.0871;-11.2523;9.08598;3141.98;5.46327;0;0;0.1;0.01;0;3.4677;0;0;-1
0;407;-84.3749;-23.5399;-10.3042;10.4098;4725.15;6.25926;0;0;0.1;0.01;0;5.70389;0;0;-1
0;408;-85.2149;-7.13466;-12.4896;8.91246;2965.39;5.35893;0;0;0.1;0.01;0;5.26797;0;0;-1
0;409;-83.3461;11.6476;-11.9303;10.149;4378.83;6.10245;0;0;0.1;0.01;0;5.92212;0;0;-1
0;410;-84.8164;29.1416;-12.4316;8.5;2572.44;5.11093;0;0;0.1;0.01;0;4.12799;1;0;-1
0;411;-84.0305;42.4971;-11.3145;9.39125;3469.44;5.64682;0;0;0.1;0.01;0;4.12642;0;0;-1
0;412;-70.8142;-68.441;-10.0698;8.78734;2842.24;5.2837;0;0;0.1;0.01;0;2.13492;0;0;-1
0;413;-69.2271;-49.2664;-11.9968;9.51949;3613.51;5.72393;0;0;0.1;0.01;0;4.76719;0;0;-1
0;414;-69.8899;-32.5591;-10.1356;9.37135;3447.43;5.63486;0;0;0.1;0.01;0;6.79729;0;0;-1
0;415;-72.1597;-15.739;-11.6917;9.40543;3485.17;5.65535;0;0;0.1;0.01;0;6.58665;0;0;-1
0;416;-70.797;3.17705;-10.3117;8.76929;2824.76;5.27285;0;0;0.1;0.01;0;6.07084;0;0;-1
0;417;-68.3499;17.3738;-12.952;8.58719;2652.42;5.16335;0;0;0.1;0.01;0;4.93114;0;0;-1
0;418;-69.4925;36.473;-11.9839;9.59908;3704.91;5.77179;0;0;0.1;0.01;0;6.33964;0;0;-1
0;419;-71.9186;53.7873;-13.0257;8.9755;3028.76;5.39684;0;0;0.1;0.01;0;4.41605;0;0;-1
0;420;-54.2926;-75.1337;-9.71953;8.85847;2911.82;5.32647;0;0;0.1;0.01;0;3.8134;0;0;-1
0;421;-56.6184;-58.2388;-12.3448;9.39962;3478.72;5.65186;0;0;0.1;0.01;0;5.38396;0;0;-1
0;422;-57.3281;-39.2032;-10.3178;8.57706;2643.04;5.15726;0;0;0.1;0.01;0;5.56569;0;0;-1
0;423;-57.3146;-23.9573;-11.8646;8.5;2572.44;5.11093;0;0;0.1;0.01;0;5.49358;1;0;-1
0;424;-55.2349;-7.22197;-11.808;9.00601;3059.75;5.41518;0;0;0.1;0.01;0;5.4999;0;0;-1
0;425;-54.3054;8.6024;-12.5419;10.0595;4264.01;6.04863;0;0;0.1;0.01;0;5.98655;0;0;-1
0;426;-57.3458;29.7658;-12.8189;8.5;2572.44;5.11093;0;0;0.1;0.01;0;5.63924;1;0;-1
0;427;-55.1145;44.7205;-11.8263;9.28257;3350.37;5.58147;0;0;0.1;0.01;0;6.85634;0;0;-1
0;428;-57.9511;60.0308;-10.6839;9.74725;3879.14;5.86088;0;0;0.1;0.01;0;5.44865;0;0;-1
0;429;-42.7893;-83.6431;-13.2525;10.0889;4301.5;6.06631;0;0;0.1;0.01;0;4.25672;0;0;-1
0;430;-39.3566;-64.6243;-11.5732;9.79525;3936.73;5.88974;0;0;0.1;0.01;0;5.60835;0;0;-1
0;431;-41.0502;-49.3507;-10.6955;8.52157;2592.07;5.1239;0;0;0.1;0.01;0;5.07815;0;0;-1
0;432;-41.2232;-32.602;-12.3611;9.80366;3946.87;5.8948;0;0;0.1;0.01;0;6.14073;0;0;-1
0;433;-42.0809;-14.346;-13.5196;10.014;4206.41;6.02127;0;0;0.1;0.01;0;6.08388;0;0;-1
0;434;-40.9243;3.07294;-10.7841;9.48602;3575.53;5.70381;0;0;0.1;0.01;0;5.76865;0;0;-1
0;435;-39.4026;20.086;-11.2091;10.0097;4200.99;6.01869;0;0;0.1;0.01;0;6.27627;0;0;-1
0;436;-42.1297;36.9036;-13.1769;9.33057;3402.62;5.61034;0;0;0.1;0.01;0;7.19741;0;0;-1
0;437;-42.6528;52.2156;-12.6245;8.5;2572.44;5.11093;0;0;0.1;0.01;0;5.05028;1;0;-1
0;438;-43.0036;70.6881;-12.5543;8.74544;2801.78;5.25851;0;0;0.1;0.01;0;4.72259;0;0;-1
0;439;-43.2541;85.1322;-13.3329;8.5;2572.44;5.11093;0;0;0.1;0.01;0;3.42558;1;0;-1
0;440;-27.9018;-93.1816;-13.0856;9.62079;3730.1;5.78484;0;0;0.1;0.01;0;4.31822;0;0;-1
0;441;-28.1466;-76.8694;-12.9997;10.1441;4372.49;6.0995;0;0;0.1;0.01;0;7.05518;0;0;-1
0;442;-24.6928;-56.5749;-12.2835;10.3899;4698.1;6.2473;0;0;0.1;0.01;0;7.30672;0;0;-1
0;443;-27.3664;-41.7522;-10.1918;10.4383;4764.07;6.2764;0;0;0.1;0.01;0;7.63273;0;0;-1
0;444;-26.6282;-22.2868;-11.8657;10.2193;4470.46;6.14472;0;0;0.1;0.01;0;6.64916;0;0;-1
0;445;-24.9582;-7.30852;-10.3203;8.54228;2611.02;5.13635;0;0;0.1;0.01;0;4.69758;0;0;-1
0;446;-25.1397;9.14682;-10.2553;9.43114;3513.83;5.67081;0;0;0.1;0.01;0;5.17458;0;0;-1
0;447;-27.4307;28.4663;-10.5812;10.2555;4518.13;6.16648;0;0;0.1;0.01;0;6.14991;0;0;-1
0;448;-28.307;42.9582;-10.7765;9.06343;3118.65;5.44971;0;0;0.1;0.01;0;5.62545;0;0;-1
0;449;-24.441;59.0715;-12.8464;8.80537;2859.77;5.29454;0;0;0.1;0.01;0;4.53455;0;0;-1
0;450;-24.7736;77.7005;-12.2452;9.85517;4009.41;5.92577;0;0;0.1;0.01;0;6.45216;0;0;-1
0;451;-24.8569;94.6721;-14.0162;10.1999;4445.05;6.13305;0;0;0.1;0.01;0;3.54393;0;0;-1
0;452;-13.5463;-83.3088;-11.0908;8.5;2572.44;5.11093;0;0;0.1;0.01;0;4.45354;1;0;-1
0;453;-12.7704;-65.4487;-13.2541;8.5;2572.44;5.11093;0;0;0.1;0.01;0;5.52517;1;0;-1
0;454;-12.6958;-48.435;-9.71205;9.49539;3586.14;5.70944;0;0;0.1;0.01;0;6.60708;0;0;-1
0;455;-11.4474;-32.367;-11.7628;10.4018;4714.27;6.25445;0;0;0.1;0.01;0;7.25843;0;0;-1
0;456;-10.3938;-14.2709;-10.7228;8.5;2572.44;5.11093;0;0;0.1;0.01;0;6.05907;1;0;-1
0;457;-10.7153;0.963786;-11.6017;10.2021;4447.92;6.13437;0;0;0.1;0.01;0;7.15986;0;0;-1
0;458;-10.7324;16.9715;-11.6227;9.08701;3143.05;5.46389;0;0;0.1;0.01;0;5.76954;0;0;-1
0;459;-11.5915;34.244;-12.5376;8.56015;2627.44;5.14709;0;0;0.1;0.01;0;4.61858;0;0;-1
0;460;-10.3539;50.966;-10.608;8.54843;2616.66;5.14005;0;0;0.1;0.01;0;5.22085;0;0;-1
0;461;-10.5243;67.4162;-11.6311;9.0735;3129.05;5.45576;0;0;0.1;0.01;0;5.91009;0;0;-1
0;462;-11.6995;87.2557;-12.4347;8.5;2572.44;5.11093;0;0;0.1;0.01;0;4.79335;1;0;-1
0;463;4.39303;-91.5521;-10.5908;8.69412;2752.74;5.22765;0;0;0.1;0.01;0;3.76466;0;0;-1
0;464;1.54466;-75.9939;-12.126;8.5;2572.44;5.11093;0;0;0.1;0.01;0;5.4898;1;0;-1
0;465;1.34565;-59.4753;-12.8536;8.86284;2916.13;5.3291;0;0;0.1;0.01;0;6.06253;0;0;-1
0;466;1.68152;-41.2626;-12.6232;9.63019;3741.05;5.79049;0;0;0.1;0.01;0;6.53637;0;0;-1
0;467;1.26765;-21.5675;-10.4636;9.21799;3280.93;5.54264;0;0;0.1;0.01;0;6.60784;0;0;-1
0;468;1.59642;-7.4451;-12.1269;8.63646;2698.34;5.19298;0;0;0.1;0.01;0;6.12557;0;0;-1
0;469;3.27912;8.17391;-12.2765;10.1133;4332.79;6.08098;0;0;0.1;0.01;0;6.21227;0;0;-1
0;470;3.1935;25.1319;-13.556;9.05314;3108.04;5.44352;0;0;0.1;0.01;0;4.72462;0;0;-1
0;471;1.98967;43.7643;-10.4992;9.3009;3370.26;5.5925;0;0;0.1;0.01;0;5.57846;0;0;-1
0;472;2.33425;59.5231;-10.7483;9.45512;3540.71;5.68523;0;0;0.1;0.01;0;6.5878;0;0;-1
0;473;2.70752;76.7504;-10.3953;8.91847;2971.39;5.36255;0;0;0.1;0.01;0;6.03149;0;0;-1
0;474;3.09825;94.0414;-11.461;10.2647;4530.3;6.17202;0;0;0.1;0.01;0;4.45825;0;0;-1
0;475;18.8208;-85.1761;-10.5407;9.35595;3430.46;5.6256;0;0;0.1;0.01;0;5.79875;0;0;-1
0;476;16.07;-68.189;-10.5177;9.47166;3559.32;5.69517;0;0;0.1;0.01;0;6.35392;0;0;-1
0;477;15.9669;-51.4679;-9.8729;9.86583;4022.44;5.93218;0;0;0.1;0.01;0;5.77799;0;0;-1
0;478;15.5232;-33.3886;-10.5202;9.65096;3765.3;5.80298;0;0;0.1;0.01;0;5.74322;0;0;-1
0;479;16.0356;-16.301;-11.4691;8.57311;2639.39;5.15489;0;0;0.1;0.01;0;5.90828;0;0;-1
0;480;16.4162;1.11753;-11.462;9.38448;3461.94;5.64275;0;0;0.1;0.01;0;5.57745;0;0;-1
0;481;19.4872;20.9036;-10.8784;9.88972;4051.73;5.94655;0;0;0.1;0.01;0;6.05016;0;0;-1
0;482;19.6264;38.189;-13.1669;8.5;2572.44;5.11093;0;0;0.1;0.01;0;5.08686;1;0;-1
0;483;18.1885;54.5318;-11.4715;8.5;2572.44;5.11093;0;0;0.1;0.01;0;4.93084;1;0;-1
0;484;17.3047;71.436;-10.3195;10.3965;4707.06;6.25126;0;0;0.1;0.01;0;7.11075;0;0;-1
0;485;15.6986;84.9727;-12.5736;8.5;2572.44;5.11093;0;0;0.1;0.01;0;5.45064;1;0;-1
0;486;31.9485;-93.7269;-12.0393;8.83098;2884.8;5.30994;0;0;0.1;0.01;0;1.85633;0;0;-1
0;487;33.3597;-76.6513;-12.3244;9.41174;3492.19;5.65914;0;0;0.1;0.01;0;5.65317;0;0;-1
0;488;32.8917;-55.3944;-10.3546;9.45135;3536.47;5.68296;0;0;0.1;0.01;0;4.99208;0;0;-1
0;489;34.1665;-38.8918;-10.1238;9.62386;3733.67;5.78669;0;0;0.1;0.01;0;6.14374;0;0;-1
0;490;31.2299;-21.3583;-12.2793;9.89423;4057.28;5.94926;0;0;0.1;0.01;0;7.10813;0;0;-1
0;491;33.1387;-6.34052;-10.7794;8.88235;2935.43;5.34083;0;0;0.1;0.01;0;5.56132;0;0;-1
0;492;33.5007;11.7963;-12.9105;10.3784;4682.52;6.24038;0;0;0.1;0.01;0;7.01946;0;0;-1
0;493;31.472;29.0531;-10.8362;9.24443;3309.25;5.55854;0;0;0.1;0.01;0;6.82288;0;0;-1
0;494;33.5365;46.2632;-13.2481;9.56238;3662.58;5.74972;0;0;0.1;0.01;0;5.98985;0;0;-1
0;495;32.7916;63.4891;-10.366;8.6173;2680.42;5.18146;0;0;0.1;0.01;0;5.9868;0;0;-1
0;496;32.2647;79.3795;-10.1233;10.0567;4260.45;6.04695;0;0;0.1;0.01;0;6.38713;0;0;-1
0;497;45.9694;-82.9389;-10.7918;8.5;2572.44;5.11093;0;0;0.1;0.01;0;4.15559;1;0;-1
0;498;48.131;-67.8897;-11.4502;9.53328;3629.24;5.73222;0;0;0.1;0.01;0;6.01343;0;0;-1
0;499;47.7008;-47.7294;-11.9663;9.34097;3414.01;5.61659;0;0;0.1;0.01;0;6.11553;0;0;-1
0;500;48.6163;-31.7069;-12.5266;9.05733;3112.36;5.44604;0;0;0.1;0.01;0;5.54095;0;0;-1
0;501;45.5553;-14.7422;-10.9486;9.15165;3210.6;5.50275;0;0;0.1;0.01;0;6.2675;0;0;-1
0;502;46.5943;0.436762;-11.0267;10.1585;4391.14;6.10816;0;0;0.1;0.01;0;7.44519;0;0;-1
0;503;47.7354;18.1153;-13.4331;10.1742;4411.53;6.1176;0;0;0.1;0.01;0;7.7463;0;0;-1
0;504;47.9004;34.6518;-10.5425;9.51622;3609.79;5.72196;0;0;0.1;0.01;0;6.42807;0;0;-1
0;505;45.9423;55.1963;-12.4981;8.5;2572.44;5.11093;0;0;0.1;0.01;0;5.02003;1;0;-1
0;506;46.2859;68.497;-10.0142;9.24156;3306.16;5.55682;0;0;0.1;0.01;0;6.17059;0;0;-1
0;507;47.6948;85.6431;-13.0949;8.6403;2701.94;5.19529;0;0;0.1;0.01;0;2.33796;0;0;-1
0;508;61.094;-74.2485;-11.2909;10.3036;4582.01;6.19541;0;0;0.1;0.01;0;3.1998;0;0;-1
0;509;60.3074;-56.0682;-13.3036;9.61516;3723.56;5.78146;0;0;0.1;0.01;0;6.39469;0;0;-1
0;510;61.4402;-42.1475;-11.6167;9.39919;3478.24;5.6516;0;0;0.1;0.01;0;6.41317;0;0;-1
0;511;62.5789;-25.7802;-11.8644;9.28468;3352.66;5.58274;0;0;0.1;0.01;0;5.84255;0;0;-1
0;512;62.7426;-7.65043;-11.5026;9.83406;3983.7;5.91308;0;0;0.1;0.01;0;6.46933;0;0;-1
0;513;60.7353;9.37431;-12.8127;10.2245;4477.29;6.14784;0;0;0.1;0.01;0;6.65932;0;0;-1
0;514;61.9714;28.7514;-10.2206;9.92591;4096.37;5.96831;0;0;0.1;0.01;0;6.30834;0;0;-1
0;515;62.672;45.9878;-11.1311;9.50542;3597.51;5.71547;0;0;0.1;0.01;0;5.70358;0;0;-1
0;516;63.2337;63.5892;-10.8007;10.0981;4313.28;6.07184;0;0;0.1;0.01;0;5.33406;0;0;-1
0;517;61.0471;77.9233;-13.7918;8.90529;2958.24;5.35462;0;0;0.1;0.01;0;2.77283;0;0;-1
0;518;77.6028;-47.5284;-10.8069;8.5;2572.44;5.11093;0;0;0.1;0.01;0;3.89216;1;0;-1
0;519;77.3313;-30.0339;-11.2441;8.60685;2670.68;5.17517;0;0;0.1;0.01;0;5.6292;0;0;-1
0;520;75.2972;-14.4392;-10.8534;10.4528;4783.95;6.28512;0;0;0.1;0.01;0;7.80178;0;0;-1
0;521;74.9404;1.12069;-10.9967;8.5;2572.44;5.11093;0;0;0.1;0.01;0;6.1667;1;0;-1
0;522;76.6062;18.0073;-13.3409;8.69993;2758.26;5.23114;0;0;0.1;0.01;0;5.74978;0;0;-1
0;523;75.0673;34.8545;-12.7161;8.5;2572.44;5.11093;0;0;0.1;0.01;0;5.25301;1;0;-1
0;524;75.3419;51.4851;-10.2293;9.24246;3307.13;5.55736;0;0;0.1;0.01;0;5.72055;0;0;-1
0;525;89.5844;-22.178;-11.9579;8.5;2572.44;5.11093;0;0;0.1;0.01;0;3.79036;1;0;-1
0;526;90.0699;-4.25017;-10.1473;9.67018;3787.85;5.81454;0;0;0.1;0.01;0;4.12042;0;0;-1
0;527;89.5577;12.0101;-11.0232;8.94815;3001.15;5.38039;0;0;0.1;0.01;0;4.80101;0;0;-1
0;528;89.4253;27.0295;-11.1968;8.57982;2645.59;5.15892;0;0;0.1;0.01;0;4.51457;0;0;-1
0;529;89.2371;43.5643;-9.84125;10.0381;4236.85;6.03576;0;0;0.1;0.01;0;3.29394;0;0;-1
0;530;-93.9381;-16.5786;2.39758;9.45997;3546.16;5.68814;0;0;0.1;0.01;0;3.16904;0;0;-1
0;531;-95.6868;2.72722;3.43016;9.65336;3768.11;5.80443;0;0;0.1;0.01;0;3.78345;0;0;-1
0;532;-95.9058;18.6854;2.16159;10.2032;4449.36;6.13504;0;0;0.1;0.01;0;3.23968;0;0;-1
0;533;-79.6767;-55.9182;3.03715;8.5;2572.44;5.11093;0;0;0.1;0.01;0;2.63908;1;0;-1
0;534;-82.6241;-41.5203;4.68153;9.80047;3943.02;5.89288;0;0;0.1;0.01;0;4.17656;0;0;-1
0;535;-80.5963;-23.2241;2.97295;9.80139;3944.13;5.89343;0;0;0.1;0.01;0;6.45421;0;0;-1
0;536;-79.8669;-6.13659;3.72722;9.46528;3552.13;5.69134;0;0;0.1;0.01;0;5.92431;0;0;-1
0;537;-81.7945;10.3526;2.71692;8.90491;2957.86;5.35439;0;0;0.1;0.01;0;4.70825;0;0;-1
0;538;-80.6014;25.4912;1.21353;8.5;2572.44;5.11093;0;0;0.1;0.01;0;3.69475;1;0;-1
0;539;-82.6848;44.0735;2.76735;10.2457;4505.19;6.16059;0;0;0.1;0.01;0;4.4213;0;0;-1
0;540;-78.905;61.1277;3.37313;9.4202;3501.62;5.66423;0;0;0.1;0.01;0;2.55899;0;0;-1
0;541;-63.8873;-65.5062;1.68085;8.86781;2921.04;5.33209;0;0;0.1;0.01;0;4.00752;0;0;-1
0;542;-64.2781;-47.2858;4.40035;10.2617;4526.33;6.17021;0;0;0.1;0.01;0;6.23457;0;0;-1
0;543;-68.3962;-33.0489;3.55415;8.92266;2975.58;5.36507;0;0;0.1;0.01;0;5.75867;0;0;-1
0;544;-67.7964;-14.8247;1.72453;10.4365;4761.6;6.27532;0;0;0.1;0.01;0;6.92669;0;0;-1
0;545;-67.1965;0.398179;3.73606;10.3306;4618.12;6.21164;0;0;0.1;0.01;0;6.93389;0;0;-1
0;546;-64.7314;17.1265;3.36741;10.4477;4776.95;6.28205;0;0;0.1;0.01;0;6.02004;0;0;-1
0;547;-65.1781;36.5234;3.09487;10.4249;4745.74;6.26834;0;0;0.1;0.01;0;6.60409;0;0;-1
0;548;-65.5634;52.0297;3.22759;9.47993;3568.65;5.70014;0;0;0.1;0.01;0;5.47979;0;0;-1
0;549;-64.9458;70.4119;3.16691;8.5;2572.44;5.11093;0;0;0.1;0.01;0;2.34932;1;0;-1
0;550;-49.9087;-75.3357;3.23972;8.5823;2647.89;5.16041;0;0;0.1;0.01;0;5.00462;0;0;-1
0;551;-50.3475;-59.3867;4.21361;8.71413;2771.79;5.23968;0;0;0.1;0.01;0;5.50445;0;0;-1
0;552;-50.954;-42.3288;3.33691;8.72965;2786.63;5.24901;0;0;0.1;0.01;0;5.46181;0;0;-1
0;553;-52.1135;-24.4747;3.65238;8.58632;2651.61;5.16283;0;0;0.1;0.01;0;4.18564;0;0;-1
0;554;-49.638;-5.37846;2.15178;8.5;2572.44;5.11093;0;0;0.1;0.01;0;4.3551;1;0;-1
0;555;-52.3028;10.0583;3.75431;8.5;2572.44;5.11093;0;0;0.1;0.01;0;4.98685;1;0;-1
0;556;-52.7532;25.8388;2.69461;8.5;2572.44;5.11093;0;0;0.1;0.01;0;5.48538;1;0;-1
0;557;-50.2689;42.9856;5.11785;9.8444;3996.28;5.91929;0;0;0.1;0.01;0;5.97324;0;0;-1
0;558;-50.7511;63.4568;1.83544;9.04923;3104.01;5.44117;0;0;0.1;0.01;0;5.21348;0;0;-1
0;559;-51.4545;78.1178;1.28612;9.76208;3896.87;5.8698;0;0;0.1;0.01;0;4.43708;0;0;-1
0;560;-34.9787;-84.0159;3.44257;9.36644;3442.01;5.6319;0;0;0.1;0.01;0;5.15555;0;0;-1
0;561;-38.4996;-67.3867;3.24573;9.15764;3216.91;5.50636;0;0;0.1;0.01;0;5.35506;0;0;-1
0;562;-36.701;-50.3916;4.12392;8.5;2572.44;5.11093;0;0;0.1;0.01;0;5.17204;1;0;-1
0;563;-35.8321;-32.6218;2.677;9.95707;4135.07;5.98704;0;0;0.1;0.01;0;6.05372;0;0;-1
0;564;-38.0816;-14.0883;3.15187;8.97516;3028.41;5.39663;0;0;0.1;0.01;0;4.98389;0;0;-1
0;565;-36.6306;3.18235;4.0353;8.90095;2953.91;5.35201;0;0;0.1;0.01;0;5.8562;0;0;-1
0;566;-38.14;19.9744;2.9192;10.1518;4382.46;6.10413;0;0;0.1;0.01;0;6.86635;0;0;-1
0;567;-38.1952;36.3057;1.02695;8.89588;2948.87;5.34896;0;0;0.1;0.01;0;5.93168;0;0;-1
0;568;-35.4167;50.8402;2.8609;9.82839;3976.82;5.90967;0;0;0.1;0.01;0;5.01407;0;0;-1
0;569;-35.7479;71.7426;1.34172;10.4423;4769.55;6.2788;0;0;0.1;0.01;0;6.28683;0;0;-1
0;570;-35.3288;87.8897;3.28955;9.58234;3685.56;5.76172;0;0;0.1;0.01;0;5.14507;0;0;-1
0;571;-20.7816;-93.6581;1.59661;9.51832;3612.18;5.72323;0;0;0.1;0.01;0;4.31129;0;0;-1
0;572;-20.5688;-76.6068;4.5963;8.53528;2604.61;5.13214;0;0;0.1;0.01;0;5.26473;0;0;-1
0;573;-23.621;-57.6404;1.54254;9.2155;3278.27;5.54115;0;0;0.1;0.01;0;6.00408;0;0;-1
0;574;-23.2235;-40.3581;2.14583;9.25268;3318.11;5.5635;0;0;0.1;0.01;0;6.41748;0;0;-1
0;575;-21.1638;-23.0795;3.57216;8.5;2572.44;5.11093;0;0;0.1;0.01;0;5.39931;1;0;-1
0;576;-20.581;-5.19489;3.3397;8.55675;2624.31;5.14505;0;0;0.1;0.01;0;6.16088;0;0;-1
0;577;-20.1922;9.99474;4.07085;10.1133;4332.79;6.08098;0;0;0.1;0.01;0;6.89897;0;0;-1
0;578;-23.938;27.522;1.88858;8.5874;2652.61;5.16348;0;0;0.1;0.01;0;3.99267;0;0;-1
0;579;-19.9332;46.9945;1.83371;9.19996;3261.72;5.5318;0;0;0.1;0.01;0;4.54639;0;0;-1
0;580;-22.0309;63.3225;2.16334;9.89483;4058.01;5.94962;0;0;0.1;0.01;0;6.65678;0;0;-1
0;581;-22.1872;77.5576;1.90795;9.60554;3712.39;5.77567;0;0;0.1;0.01;0;6.19769;0;0;-1
0;582;-23.3688;96.2354;1.3589;9.90756;4073.7;5.95727;0;0;0.1;0.01;0;3.41984;0;0;-1
0;583;-7.07184;-98.9515;0.926324;10.0776;4287.06;6.05951;0;0;0.1;0.01;0;2.97316;0;0;-1
0;584;-5.64401;-81.0529;3.71111;8.73414;2790.93;5.25171;0;0;0.1;0.01;0;5.62435;0;0;-1
0;585;-9.08271;-66.6483;2.77371;10.3839;4689.97;6.24369;0;0;0.1;0.01;0;5.75147;0;0;-1
0;586;-7.63217;-49.2525;2.31151;8.64791;2709.08;5.19986;0;0;0.1;0.01;0;5.09553;0;0;-1
0;587;-7.46546;-29.9734;2.51854;9.4445;3528.79;5.67884;0;0;0.1;0.01;0;6.35223;0;0;-1
0;588;-8.78297;-14.1928;3.11426;9.71029;3835.18;5.83866;0;0;0.1;0.01;0;6.88102;0;0;-1
0;589;-7.88723;1.8079;3.77689;8.5;2572.44;5.11093;0;0;0.1;0.01;0;5.89983;1;0;-1
0;590;-6.29593;17.3573;1.34035;8.51996;2590.61;5.12293;0;0;0.1;0.01;0;5.93164;0;0;-1
0;591;-6.16607;34.6547;3.70242;9.22465;3288.05;5.54665;0;0;0.1;0.01;0;5.50836;0;0;-1
0;592;-5.76064;51.8003;3.54222;8.5;2572.44;5.11093;0;0;0.1;0.01;0;5.87043;1;0;-1
0;593;-7.56739;71.7855;2.3272;10.3283;4615.04;6.21026;0;0;0.1;0.01;0;6.85478;0;0;-1
0;594;-9.20712;88.3803;3.68164;9.77079;3907.31;5.87503;0;0;0.1;0.01;0;4.97482;0;0;-1
0;595;8.04312;-92.1748;3.10133;8.71605;2773.63;5.24083;0;0;0.1;0.01;0;4.70537;0;0;-1
0;596;8.63668;-76.0895;1.82715;9.61678;3725.44;5.78243;0;0;0.1;0.01;0;7.03909;0;0;-1
0;597;5.95482;-58.9244;1.68906;10.096;4310.59;6.07058;0;0;0.1;0.01;0;6.92004;0;0;-1
0;598;7.03811;-42.7387;3.58801;9.83689;3987.15;5.91478;0;0;0.1;0.01;0;6.72747;0;0;-1
0;599;7.5482;-24.9373;1.84819;9.5353;3631.55;5.73344;0;0;0.1;0.01;0;6.50677;0;0;-1
0;600;9.35561;-8.46108;4.4458;10.1237;4346.17;6.08723;0;0;0.1;0.01;0;5.92998;0;0;-1
0;601;5.73589;10.4504;2.77524;8.89902;2951.99;5.35085;0;0;0.1;0.01;0;4.96046;0;0;-1
0;602;7.62936;25.4203;2.11706;9.91149;4078.55;5.95964;0;0;0.1;0.01;0;6.08826;0;0;-1
0;603;8.38283;44.0617;2.34822;8.5;2572.44;5.11093;0;0;0.1;0.01;0;5.04546;1;0;-1
0;604;6.90865;60.3875;1.62786;8.5;2572.44;5.11093;0;0;0.1;0.01;0;5.65647;1;0;-1
0;605;8.80362;76.5069;2.67941;8.62821;2690.61;5.18802;0;0;0.1;0.01;0;5.79801;0;0;-1
0;606;5.61327;97.9069;1.52779;9.70502;3828.93;5.83549;0;0;0.1;0.01;0;2.82587;0;0;-1
0;607;20.4537;-85.2892;2.17761;8.5;2572.44;5.11093;0;0;0.1;0.01;0;4.15206;1;0;-1
0;608;23.7066;-66.3257;2.74017;10.1485;4378.19;6.10215;0;0;0.1;0.01;0;5.92377;0;0;-1
0;609;22.3809;-47.3531;4.38208;8.61569;2678.91;5.18049;0;0;0.1;0.01;0;4.58362;0;0;-1
0;610;21.7428;-31.0886;1.47565;8.5;2572.44;5.11093;0;0;0.1;0.01;0;5.79046;1;0;-1
0;611;21.4302;-14.7112;1.49866;8.5;2572.44;5.11093;0;0;0.1;0.01;0;5.46769;1;0;-1
0;612;23.2034;4.33881;1.20024;9.49255;3582.92;5.70773;0;0;0.1;0.01;0;5.44643;0;0;-1
0;613;23.3871;20.8324;4.67341;9.56391;3664.33;5.75064;0;0;0.1;0.01;0;6.83781;0;0;-1
0;614;21.9864;37.2973;4.958;8.5;2572.44;5.11093;0;0;0.1;0.01;0;5.65912;1;0;-1
0;615;22.7765;51.4256;3.7203;9.88732;4048.78;5.9451;0;0;0.1;0.01;0;6.64448;0;0;-1
0;616;21.1353;67.7544;1.65825;9.16445;3224.09;5.51045;0;0;0.1;0.01;0;5.95865;0;0;-1
0;617;21.4056;89.4959;1.13529;10.1186;4339.6;6.08417;0;0;0.1;0.01;0;4.04409;0;0;-1
0;618;38.0431;-75.9257;1.65458;9.44408;3528.32;5.67859;0;0;0.1;0.01;0;6.03227;0;0;-1
0;619;38.5535;-59.6035;4.0284;8.64248;2703.98;5.1966;0;0;0.1;0.01;0;5.22665;0;0;-1
0;620;34.9044;-40.1467;3.41295;8.9796;3032.91;5.3993;0;0;0.1;0.01;0;5.4493;0;0;-1
0;621;35.0456;-25.7225;1.20131;9.54414;3641.66;5.73875;0;0;0.1;0.01;0;6.1071;0;0;-1
0;622;38.0176;-8.85051;4.48259;9.35846;3433.22;5.62711;0;0;0.1;0.01;0;6.01351;0;0;-1
0;623;37.2339;9.08577;1.45239;9.51894;3612.89;5.7236;0;0;0.1;0.01;0;5.74691;0;0;-1
0;624;36.6639;27.2496;2.87077;9.98295;4167.4;6.0026;0;0;0.1;0.01;0;6.5132;0;0;-1
0;625;35.9297;44.5351;1.21047;10.3932;4702.58;6.24928;0;0;0.1;0.01;0;6.88006;0;0;-1
0;626;36.1005;62.7053;3.83025;10.293;4567.88;6.18903;0;0;0.1;0.01;0;7.82536;0;0;-1
0;627;37.6631;80.0035;2.5269;10.395;4705.03;6.25036;0;0;0.1;0.01;0;5.13911;0;0;-1
0;628;50.8428;-83.5321;2.89532;8.5;2572.44;5.11093;0;0;0.1;0.01;0;2.98868;1;0;-1
0;629;52.1844;-64.6108;4.04651;9.83279;3982.16;5.91231;0;0;0.1;0.01;0;5.5859;0;0;-1
0;630;50.3201;-48.4693;3.25838;10.1367;4362.93;6.09505;0;0;0.1;0.01;0;6.36214;0;0;-1
0;631;53.4032;-33.6504;4.79261;8.5;2572.44;5.11093;0;0;0.1;0.01;0;5.81216;1;0;-1
0;632;51.3807;-15.8255;2.99736;8.60239;2666.53;5.17249;0;0;0.1;0.01;0;5.11807;0;0;-1
0;633;52.1613;1.13824;2.46487;8.51441;2585.55;5.11959;0;0;0.1;0.01;0;5.43505;0;0;-1
0;634;52.3761;17.0482;1.66828;9.47502;3563.11;5.69719;0;0;0.1;0.01;0;7.31238;0;0;-1
0;635;50.1851;34.3879;2.73737;9.80689;3950.78;5.89674;0;0;0.1;0.01;0;6.23249;0;0;-1
0;636;51.3797;54.631;4.70327;8.5;2572.44;5.11093;0;0;0.1;0.01;0;5.01682;1;0;-1
0;637;50.0054;67.7102;3.25821;9.09874;3155.24;5.47094;0;0;0.1;0.01;0;4.69997;0;0;-1
0;638;68.0565;-56.0631;4.6848;9.91865;4087.39;5.96394;0;0;0.1;0.01;0;4.38768;0;0;-1
0;639;67.5953;-39.0454;2.40541;9.67029;3787.97;5.81461;0;0;0.1;0.01;0;7.08857;0;0;-1
0;640;64.7295;-24.1557;3.90216;8.59961;2663.94;5.17082;0;0;0.1;0.01;0;5.67592;0;0;-1
0;641;67.8263;-6.65414;4.4296;8.5;2572.44;5.11093;0;0;0.1;0.01;0;4.86798;1;0;-1
0;642;65.6287;12.1994;3.83371;10.2544;4516.68;6.16582;0;0;0.1;0.01;0;6.72033;0;0;-1
0;643;65.4872;25.9358;3.94229;8.5;2572.44;5.11093;0;0;0.1;0.01;0;6.09818;1;0;-1
0;644;66.9191;44.3128;4.36196;9.40417;3483.77;5.65459;0;0;0.1;0.01;0;5.69825;0;0;-1
0;645;67.4209;60.1787;4.32246;9.78995;3930.34;5.88655;0;0;0.1;0.01;0;4.46584;0;0;-1
0;646;82.3311;-47.3938;5.10453;9.16647;3226.23;5.51167;0;0;0.1;0.01;0;3.67493;0;0;-1
0;647;82.1691;-33.1103;3.184;10.4059;4719.84;6.25692;0;0;0.1;0.01;0;5.822;0;0;-1
0;648;81.3918;-15.7969;3.84063;9.58771;3691.76;5.76495;0;0;0.1;0.01;0;6.48874;0;0;-1
0;649;79.7764;0.0574416;1.87767;9.17655;3236.88;5.51773;0;0;0.1;0.01;0;5.72925;0;0;-1
0;650;80.9732;18.2548;2.44453;9.17519;3235.44;5.51691;0;0;0.1;0.01;0;6.64278;0;0;-1
0;651;82.5352;36.1054;4.09196;10.3563;4652.67;6.22709;0;0;0.1;0.01;0;5.55371;0;0;-1
0;652;82.8008;55.2978;4.89789;9.98006;4163.78;6.00087;0;0;0.1;0.01;0;2.84976;0;0;-1
0;653;95.8373;-23.3868;2.10513;10.372;4673.86;6.23653;0;0;0.1;0.01;0;3.62848;0;0;-1
0;654;96.3561;-7.56563;4.22672;9.30892;3378.99;5.59732;0;0;0.1;0.01;0;3.40792;0;0;-1
0;655;94.525;12.1152;1.93105;9.59168;3696.35;5.76734;0;0;0.1;0.01;0;4.2131;0;0;-1
0;656;94.3125;26.6336;4.4836;10.0281;4224.2;6.02975;0;0;0.1;0.01;0;4.464;0;0;-1
0;657;-86.836;-40.7505;19.1967;10.0139;4206.28;6.02121;0;0;0.1;0.01;0;3.22233;0;0;-1
0;658;-85.0794;-21.1774;18.5581;9.39531;3473.94;5.64926;0;0;0.1;0.01;0;3.2825;0;0;-1
0;659;-84.8781;-4.99029;19.2687;9.9256;4095.99;5.96812;0;0;0.1;0.01;0;4.60364;0;0;-1
0;660;-86.6488;10.4819;17.1919;9.41782;3498.97;5.6628;0;0;0.1;0.01;0;4.71468;0;0;-1
0;661;-85.7232;27.1091;18.3034;8.5;2572.44;5.11093;0;0;0.1;0.01;0;3.21859;1;0;-1
0;662;-84.2541;45.327;18.9285;8.68184;2741.09;5.22026;0;0;0.1;0.01;0;2.72913;0;0;-1
0;663;-72.1075;-63.6404;19.8455;9.46219;3548.65;5.68948;0;0;0.1;0.01;0;3.35605;0;0;-1
0;664;-70.8104;-48.565;16.6679;9.04696;3101.68;5.43981;0;0;0.1;0.01;0;6.11215;0;0;-1
0;665;-68.9845;-33.8709;19.1858;8.5;2572.44;5.11093;0;0;0.1;0.01;0;5.46732;1;0;-1
0;666;-71.9589;-13.1858;19.0185;9.90376;4069.01;5.95499;0;0;0.1;0.01;0;7.23543;0;0;-1
0;667;-69.3893;2.1736;19.7057;9.7357;3865.36;5.85394;0;0;0.1;0.01;0;6.93256;0;0;-1
0;668;-70.2482;18.6416;19.3047;9.64972;3763.85;5.80224;0;0;0.1;0.01;0;5.80214;0;0;-1
0;669;-70.2939;34.2548;16.7407;8.77909;2834.24;5.27874;0;0;0.1;0.01;0;4.32424;0;0;-1
0;670;-70.2562;52.8858;16.2636;8.5;2572.44;5.11093;0;0;0.1;0.01;0;3.91561;1;0;-1
0;671;-58.022;-74.9489;17.1196;10.065;4271;6.05194;0;0;0.1;0.01;0;4.51365;0;0;-1
0;672;-57.4979;-58.6519;18.7041;9.47117;3558.77;5.69488;0;0;0.1;0.01;0;6.43825;0;0;-1
0;673;-56.2007;-39.5356;17.4573;10.2399;4497.55;6.1571;0;0;0.1;0.01;0;7.40194;0;0;-1
0;674;-57.0834;-23.2695;16.917;8.9323;2985.23;5.37086;0;0;0.1;0.01;0;5.73315;0;0;-1
0;675;-55.1858;-6.46425;16.0519;9.97374;4155.88;5.99707;0;0;0.1;0.01;0;6.24486;0;0;-1
0;676;-57.1277;8.61647;17.4088;8.70387;2762.01;5.23351;0;0;0.1;0.01;0;5.38453;0;0;-1
0;677;-55.3811;26.7728;16.7944;9.65507;3770.12;5.80545;0;0;0.1;0.01;0;5.70867;0;0;-1
0;678;-54.9755;46.9007;18.9446;8.5;2572.44;5.11093;0;0;0.1;0.01;0;4.35238;1;0;-1
0;679;-53.9914;61.9342;18.2831;8.67427;2733.93;5.21571;0;0;0.1;0.01;0;3.8084;0;0;-1
0;680;-53.7963;78.0475;19.6582;9.60026;3706.27;5.7725;0;0;0.1;0.01;0;2.63954;0;0;-1
0;681;-41.6984;-84.6179;16.8498;9.64536;3758.75;5.79962;0;0;0.1;0.01;0;4.32835;0;0;-1
0;682;-40.6294;-67.4693;17.7322;8.98447;3037.85;5.40223;0;0;0.1;0.01;0;5.51317;0;0;-1
0;683;-40.4658;-47.7802;16.7417;9.09298;3149.25;5.46748;0;0;0.1;0.01;0;5.25967;0;0;-1
0;684;-42.5283;-33.0305;18.1929;9.56256;3662.78;5.74983;0;0;0.1;0.01;0;6.35413;0;0;-1
0;685;-42.1537;-13.7566;16.4876;8.5;2572.44;5.11093;0;0;0.1;0.01;0;4.91648;1;0;-1
0;686;-39.9929;2.27746;17.7231;8.8338;2887.56;5.31164;0;0;0.1;0.01;0;5.08405;0;0;-1
0;687;-42.2122;18.6857;18.4611;8.81873;2872.81;5.30257;0;0;0.1;0.01;0;5.43269;0;0;-1
0;688;-41.1626;33.7371;18.2764;8.97255;3025.77;5.39506;0;0;0.1;0.01;0;5.19011;0;0;-1
0;689;-39.7055;53.2132;18.5422;8.97931;3032.62;5.39913;0;0;0.1;0.01;0;4.73804;0;0;-1
0;690;-39.5887;71.4844;16.4013;10.2106;4459.05;6.13949;0;0;0.1;0.01;0;5.9036;0;0;-1
0;691;-41.5976;87.7454;18.5427;8.98874;3042.18;5.4048;0;0;0.1;0.01;0;2.93071;0;0;-1
0;692;-27.7611;-93.456;16.8275;10.4523;4783.26;6.28482;0;0;0.1;0.01;0;3.9795;0;0;-1
0;693;-27.5115;-72.8549;18.5012;9.83112;3980.13;5.91131;0;0;0.1;0.01;0;6.16646;0;0;-1
0;694;-25.3701;-56.7089;16.2735;8.5;2572.44;5.11093;0;0;0.1;0.01;0;4.45071;1;0;-1
0;695;-24.5052;-40.3794;17.8398;8.88227;2935.35;5.34078;0;0;0.1;0.01;0;5.4865;0;0;-1
0;696;-28.3602;-24.7228;16.3156;9.59361;3698.58;5.7685;0;0;0.1;0.01;0;6.04765;0;0;-1
0;697;-28.3798;-7.18652;16.0129;9.33032;3402.34;5.61019;0;0;0.1;0.01;0;5.29269;0;0;-1
0;698;-26.9589;10.6786;16.4908;9.60486;3711.6;5.77526;0;0;0.1;0.01;0;6.09126;0;0;-1
0;699;-27.4528;28.0465;17.3613;9.05772;3112.76;5.44628;0;0;0.1;0.01;0;5.12886;0;0;-1
0;700;-25.4595;45.9303;17.6336;9.58543;3689.13;5.76358;0;0;0.1;0.01;0;5.76614;0;0;-1
0;701;-28.1567;62.0611;16.4075;9.01678;3070.74;5.42166;0;0;0.1;0.01;0;5.90465;0;0;-1
0;702;-27.4131;80.411;16.3137;10.1887;4430.42;6.12632;0;0;0.1;0.01;0;5.891;0;0;-1
0;703;-13.2889;-83.6072;17.642;9.77088;3907.42;5.87509;0;0;0.1;0.01;0;5.45635;0;0;-1
0;704;-13.7329;-65.6458;17.0257;8.5;2572.44;5.11093;0;0;0.1;0.01;0;4.20864;1;0;-1
0;705;-11.1795;-47.5339;16.2696;9.7905;3931;5.88689;0;0;0.1;0.01;0;5.44938;0;0;-1
0;706;-12.3548;-30.7829;19.3396;8.63701;2698.85;5.19331;0;0;0.1;0.01;0;5.76212;0;0;-1
0;707;-11.5497;-16.1872;17.4754;9.71429;3839.92;5.84106;0;0;0.1;0.01;0;6.34335;0;0;-1
0;708;-13.6705;1.66308;17.1301;10.0878;4300.09;6.06565;0;0;0.1;0.01;0;7.02412;0;0;-1
0;709;-13.1786;20.7915;16.6157;10.0841;4295.36;6.06342;0;0;0.1;0.01;0;6.2701;0;0;-1
0;710;-10.9552;37.3199;17.2938;8.97727;3030.55;5.3979;0;0;0.1;0.01;0;5.49646;0;0;-1
0;711;-10.0205;52.3615;18.2998;10.1287;4352.61;6.09024;0;0;0.1;0.01;0;6.64295;0;0;-1
0;712;-11.6681;68.4216;18.3735;8.59754;2662.02;5.16958;0;0;0.1;0.01;0;5.20697;0;0;-1
0;713;-11.0522;85.2576;18.6716;8.5;2572.44;5.11093;0;0;0.1;0.01;0;3.73776;1;0;-1
0;714;1.68577;-91.9838;17.4378;10.248;4508.23;6.16197;0;0;0.1;0.01;0;3.90811;0;0;-1
0;715;4.58395;-72.2718;15.9829;8.68782;2746.76;5.22386;0;0;0.1;0.01;0;5.15406;0;0;-1
0;716;2.81885;-56.9675;17.3318;8.5;2572.44;5.11093;0;0;0.1;0.01;0;5.54559;1;0;-1
0;717;2.96502;-39.853;16.6729;9.887;4048.39;5.94491;0;0;0.1;0.01;0;6.58565;0;0;-1
0;718;2.38486;-24.4661;16.4657;8.82136;2875.38;5.30416;0;0;0.1;0.01;0;5.63669;0;0;-1
0;719;4.97117;-8.37479;17.1111;8.57217;2638.52;5.15432;0;0;0.1;0.01;0;4.74502;0;0;-1
0;720;4.17407;9.65088;16.383;9.89258;4055.25;5.94826;0;0;0.1;0.01;0;4.89177;0;0;-1
0;721;2.15912;28.5073;16.6401;9.95865;4137.04;5.98799;0;0;0.1;0.01;0;6.24822;0;0;-1
0;722;2.5319;46.1867;15.6202;8.5982;2662.63;5.16997;0;0;0.1;0.01;0;5.80368;0;0;-1
0;723;2.66183;63.4053;15.8909;10.4039;4717.12;6.25571;0;0;0.1;0.01;0;6.71294;0;0;-1
0;724;0.994629;77.964;15.9344;8.66392;2724.16;5.20949;0;0;0.1;0.01;0;5.68395;0;0;-1
0;725;4.69445;93.088;17.7725;8.70908;2766.98;5.23664;0;0;0.1;0.01;0;2.89521;0;0;-1
0;726;17.7781;-82.3788;17.1066;10.0453;4245.97;6.04009;0;0;0.1;0.01;0;5.13228;0;0;-1
0;727;15.7981;-64.4111;16.3795;8.5;2572.44;5.11093;0;0;0.1;0.01;0;4.94321;1;0;-1
0;728;16.0227;-50.0861;18.3072;9.61978;3728.93;5.78423;0;0;0.1;0.01;0;5.5536;0;0;-1
0;729;18.9341;-33.9817;18.1038;8.5;2572.44;5.11093;0;0;0.1;0.01;0;4.31448;1;0;-1
0;730;18.3545;-17.0105;17.3406;9.30503;3374.75;5.59498;0;0;0.1;0.01;0;5.77535;0;0;-1
0;731;17.4615;2.71766;18.4924;8.54447;2613.03;5.13767;0;0;0.1;0.01;0;4.73959;0;0;-1
0;732;16.5765;21.1378;16.2206;9.14026;3198.63;5.49591;0;0;0.1;0.01;0;6.27577;0;0;-1
0;733;16.5164;37.0725;17.4418;8.88866;2941.69;5.34462;0;0;0.1;0.01;0;5.88758;0;0;-1
0;734;19.6616;52.9299;17.6946;8.85858;2911.93;5.32654;0;0;0.1;0.01;0;5.16753;0;0;-1
0;735;16.4178;69.7749;17.3868;8.51644;2587.4;5.12081;0;0;0.1;0.01;0;5.15608;0;0;-1
0;736;17.9149;85.6761;16.4554;9.17315;3233.29;5.51568;0;0;0.1;0.01;0;3.5672;0;0;-1
0;737;33.1762;-92.4865;15.938;9.05955;3114.64;5.44738;0;0;0.1;0.01;0;1.68944;0;0;-1
0;738;33.7872;-73.7666;16.0978;9.51316;3606.31;5.72013;0;0;0.1;0.01;0;5.47731;0;0;-1
0;739;33.1781;-55.2454;18.0167;9.15668;3215.9;5.50578;0;0;0.1;0.01;0;4.54193;0;0;-1
0;740;33.651;-39.0282;18.075;8.5;2572.44;5.11093;0;0;0.1;0.01;0;5.33052;1;0;-1
0;741;31.4393;-24.4876;16.3352;9.37929;3456.2;5.63963;0;0;0.1;0.01;0;6.4828;0;0;-1
0;742;30.7121;-8.0613;18.5946;9.30862;3378.66;5.59714;0;0;0.1;0.01;0;5.49749;0;0;-1
0;743;30.5313;11.5686;17.0238;8.87722;2930.35;5.33774;0;0;0.1;0.01;0;5.13273;0;0;-1
0;744;32.0923;26.8771;16.7685;8.78131;2836.39;5.28007;0;0;0.1;0.01;0;5.40242;0;0;-1
0;745;33.2174;45.7701;16.5246;8.5;2572.44;5.11093;0;0;0.1;0.01;0;5.28817;1;0;-1
0;746;30.491;63.4361;19.4753;9.08213;3137.99;5.46095;0;0;0.1;0.01;0;6.81637;0;0;-1
0;747;30.6463;77.8152;17.851;9.25776;3323.58;5.56656;0;0;0.1;0.01;0;5.18414;0;0;-1
0;748;45.3105;-81.2476;16.0918;9.99665;4184.58;6.01084;0;0;0.1;0.01;0;4.70799;0;0;-1
0;749;48.9048;-67.6358;17.0056;8.61752;2680.62;5.18159;0;0;0.1;0.01;0;5.08371;0;0;-1
0;750;47.5118;-48.1687;18.5969;8.5;2572.44;5.11093;0;0;0.1;0.01;0;4.60403;1;0;-1
0;751;46.7603;-31.8991;16.6101;9.52674;3621.78;5.72829;0;0;0.1;0.01;0;6.82964;0;0;-1
0;752;46.3592;-15.3175;17.5054;9.96599;4146.2;5.99241;0;0;0.1;0.01;0;6.40301;0;0;-1
0;753;46.207;4.3928;19.4797;9.61473;3723.06;5.7812;0;0;0.1;0.01;0;5.43136;0;0;-1
0;754;48.7891;20.4688;17.3388;9.77667;3914.37;5.87857;0;0;0.1;0.01;0;6.22956;0;0;-1
0;755;46.8601;34.8814;18.9851;8.5;2572.44;5.11093;0;0;0.1;0.01;0;5.23579;1;0;-1
0;756;45.0837;54.0913;16.5866;10.1386;4365.39;6.09619;0;0;0.1;0.01;0;6.57518;0;0;-1
0;757;46.9782;68.977;17.782;8.7934;2848.13;5.28734;0;0;0.1;0.01;0;5.04376;0;0;-1
0;758;45.9412;86.051;19.6685;8.5;2572.44;5.11093;0;0;0.1;0.01;0;1.28209;1;0;-1
0;759;61.2223;-75.4462;17.4862;9.74749;3879.42;5.86102;0;0;0.1;0.01;0;2.82185;0;0;-1
0;760;62.3063;-57.9525;18.1627;8.5;2572.44;5.11093;0;0;0.1;0.01;0;4.94974;1;0;-1
0;761;62.5617;-38.7133;16.6999;10.097;4311.87;6.07118;0;0;0.1;0.01;0;7.49605;0;0;-1
0;762;60.4199;-24.2774;16.5089;9.90118;4065.83;5.95344;0;0;0.1;0.01;0;7.54555;0;0;-1
0;763;60.3759;-7.40176;16.7523;8.93108;2984.01;5.37013;0;0;0.1;0.01;0;4.81165;0;0;-1
0;764;62.456;10.6015;16.9679;9.45392;3539.36;5.6845;0;0;0.1;0.01;0;5.78032;0;0;-1
0;765;61.6867;28.5338;16.4774;10.2254;4478.47;6.14838;0;0;0.1;0.01;0;7.2224;0;0;-1
0;766;61.865;45.2085;19.0377;8.67367;2733.36;5.21535;0;0;0.1;0.01;0;6.07935;0;0;-1
0;767;62.2913;63.6369;19.0441;10.0225;4217.13;6.02638;0;0;0.1;0.01;0;4.83295;0;0;-1
0;768;75.9065;-50.2117;19.5067;8.70096;2759.24;5.23176;0;0;0.1;0.01;0;3.01375;0;0;-1
0;769;76.0469;-33.4783;18.3466;10.0886;4301.12;6.06613;0;0;0.1;0.01;0;6.13306;0;0;-1
0;770;77.6189;-16.953;16.7488;8.5;2572.44;5.11093;0;0;0.1;0.01;0;4.96153;1;0;-1
0;771;74.8823;0.854543;19.4098;8.71841;2775.88;5.24225;0;0;0.1;0.01;0;4.44612;0;0;-1
0;772;76.4924;20.1052;16.1849;9.82373;3971.16;5.90687;0;0;0.1;0.01;0;6.53725;0;0;-1
0;773;74.8223;37.9208;19.0706;10.3722;4674.14;6.23665;0;0;0.1;0.01;0;6.73486;0;0;-1
0;774;76.5253;52.4243;18.7566;8.77615;2831.4;5.27697;0;0;0.1;0.01;0;4.58123;0;0;-1
0;775;91.5319;-22.0681;18.6364;9.7875;3927.39;5.88508;0;0;0.1;0.01;0;4.34451;0;0;-1
0;776;92.746;-7.35499;19.9324;8.5;2572.44;5.11093;0;0;0.1;0.01;0;2.62068;1;0;-1
0;777;91.6993;9.32795;16.22;9.05672;3111.73;5.44567;0;0;0.1;0.01;0;2.52698;0;0;-1
0;778;89.4632;26.8391;17.3948;9.35384;3428.14;5.62433;0;0;0.1;0.01;0;4.08037;0;0;-1
0;779;-93.5858;2.40979;34.5631;8.55786;2625.33;5.14572;0;0;0.1;0.01;0;2.84542;0;0;-1
0;780;-82.0396;-39.7114;31.6319;9.85962;4014.85;5.92845;0;0;0.1;0.01;0;3.15483;0;0;-1
0;781;-79.6887;-25.0904;32.4563;9.32437;3395.84;5.60661;0;0;0.1;0.01;0;4.25193;0;0;-1
0;782;-79.0037;-6.08966;34.0242;9.22038;3283.49;5.54408;0;0;0.1;0.01;0;5.97773;0;0;-1
0;783;-80.1783;10.0439;31.8158;8.73128;2788.19;5.24999;0;0;0.1;0.01;0;4.89517;0;0;-1
0;784;-82.7015;25.8697;30.9225;9.40262;3482.05;5.65366;0;0;0.1;0.01;0;2.7489;0;0;-1
0;785;-79.9056;46.0354;31.3499;8.54151;2610.31;5.13589;0;0;0.1;0.01;0;2.20327;0;0;-1
0;786;-65.9597;-66.8895;33.9571;9.46889;3556.2;5.69351;0;0;0.1;0.01;0;3.41769;0;0;-1
0;787;-66.628;-47.6786;32.2398;9.70994;3834.76;5.83845;0;0;0.1;0.01;0;4.79103;0;0;-1
0;788;-64.3035;-30.7685;34.2039;9.95636;4134.19;5.98661;0;0;0.1;0.01;0;6.55732;0;0;-1
0;789;-66.7767;-15.5672;31.0171;8.5;2572.44;5.11093;0;0;0.1;0.01;0;5.95228;1;0;-1
0;790;-65.6119;0.0144198;34.1249;8.9441;2997.08;5.37796;0;0;0.1;0.01;0;5.98601;0;0;-1
0;791;-66.5521;18.1304;33.8922;8.5;2572.44;5.11093;0;0;0.1;0.01;0;4.43154;1;0;-1
0;792;-64.4104;35.1676;31.6591;8.58667;2651.94;5.16304;0;0;0.1;0.01;0;4.16594;0;0;-1
0;793;-66.8402;53.0573;33.2024;9.91933;4088.23;5.96435;0;0;0.1;0.01;0;3.57325;0;0;-1
0;794;-53.1854;-73.3245;30.6191;10.1149;4334.84;6.08194;0;0;0.1;0.01;0;4.85108;0;0;-1
0;795;-50.1879;-58.7153;30.9863;9.48167;3570.62;5.70119;0;0;0.1;0.01;0;6.02564;0;0;-1
0;796;-49.8369;-38.4027;31.6524;9.72083;3847.68;5.84499;0;0;0.1;0.01;0;6.12797;0;0;-1
0;797;-52.8006;-21.2948;31.1196;8.5;2572.44;5.11093;0;0;0.1;0.01;0;4.91611;1;0;-1
0;798;-52.7081;-7.29119;34.1948;9.66627;3783.25;5.81219;0;0;0.1;0.01;0;4.4785;0;0;-1
0;799;-51.6685;11.8708;31.779;8.5;2572.44;5.11093;0;0;0.1;0.01;0;4.16129;1;0;-1
0;800;-50.7143;29.4008;32.6127;8.5;2572.44;5.11093;0;0;0.1;0.01;0;5.23809;1;0;-1
0;801;-52.7798;43.338;33.1296;8.5;2572.44;5.11093;0;0;0.1;0.01;0;5.2405;1;0;-1
0;802;-51.6409;60.066;33.9698;8.5;2572.44;5.11093;0;0;0.1;0.01;0;4.23795;1;0;-1
0;803;-35.6414;-85.3953;34.2814;10.1766;4414.65;6.11904;0;0;0.1;0.01;0;3.63877;0;0;-1
0;804;-38.0025;-66.3791;31.2832;8.5;2572.44;5.11093;0;0;0.1;0.01;0;4.55921;1;0;-1
0;805;-37.9449;-47.294;33.1297;9.74583;3877.44;5.86003;0;0;0.1;0.01;0;5.96637;0;0;-1
0;806;-34.4745;-33.0316;33.0314;10.2533;4515.23;6.16516;0;0;0.1;0.01;0;6.52027;0;0;-1
0;807;-35.1759;-16.2778;32.7117;8.8572;2910.57;5.32571;0;0;0.1;0.01;0;4.12972;0;0;-1
0;808;-35.3381;2.97835;32.296;8.80953;2863.83;5.29704;0;0;0.1;0.01;0;4.53401;0;0;-1
0;809;-38.3045;17.6698;32.7593;8.96634;3019.49;5.39133;0;0;0.1;0.01;0;4.90108;0;0;-1
0;810;-36.9805;37.9442;31.6612;9.65063;3764.92;5.80278;0;0;0.1;0.01;0;6.08217;0;0;-1
0;811;-36.8412;52.4714;32.4158;8.9865;3039.91;5.40345;0;0;0.1;0.01;0;5.22411;0;0;-1
0;812;-37.9043;69.1964;32.121;8.5;2572.44;5.11093;0;0;0.1;0.01;0;3.35679;1;0;-1
0;813;-20.9669;-91.0253;34.0187;9.86408;4020.3;5.93113;0;0;0.1;0.01;0;3.76679;0;0;-1
0;814;-22.9263;-74.3063;32.2304;8.5;2572.44;5.11093;0;0;0.1;0.01;0;5.12041;1;0;-1
0;815;-22.8327;-57.0508;34.4203;8.61747;2680.57;5.18156;0;0;0.1;0.01;0;4.58454;0;0;-1
0;816;-21.8602;-42.7422;31.8881;8.61331;2676.69;5.17906;0;0;0.1;0.01;0;5.67871;0;0;-1
0;817;-20.4334;-21.6639;31.38;8.5;2572.44;5.11093;0;0;0.1;0.01;0;3.95837;1;0;-1
0;818;-20.9587;-4.75691;34.0475;9.37895;3455.82;5.63943;0;0;0.1;0.01;0;5.90044;0;0;-1
0;819;-21.7917;11.1915;31.6479;8.93559;2988.53;5.37284;0;0;0.1;0.01;0;5.87752;0;0;-1
0;820;-22.9983;29.3679;33.7788;9.49202;3582.32;5.70741;0;0;0.1;0.01;0;5.55452;0;0;-1
0;821;-20.7327;44.299;33.8141;9.19925;3260.96;5.53138;0;0;0.1;0.01;0;6.29568;0;0;-1
0;822;-20.431;59.698;30.9819;8.65751;2718.11;5.20564;0;0;0.1;0.01;0;5.12136;0;0;-1
0;823;-21.7694;76.7173;32.6723;10.0526;4255.24;6.04448;0;0;0.1;0.01;0;4.73904;0;0;-1
0;824;-6.81922;-81.4815;33.0088;10.2345;4490.44;6.15386;0;0;0.1;0.01;0;5.73725;0;0;-1
0;825;-7.58074;-65.8509;32.0404;9.11861;3175.96;5.48289;0;0;0.1;0.01;0;4.85343;0;0;-1
0;826;-8.80875;-46.9427;30.7939;9.1191;3176.47;5.48318;0;0;0.1;0.01;0;5.15106;0;0;-1
0;827;-5.45779;-32.628;31.1697;8.5;2572.44;5.11093;0;0;0.1;0.01;0;4.7431;1;0;-1
0;828;-8.84361;-13.176;31.5852;10.4144;4731.42;6.26203;0;0;0.1;0.01;0;6.59209;0;0;-1
0;829;-7.46624;3.4752;31.9505;9.30981;3379.96;5.59785;0;0;0.1;0.01;0;6.08548;0;0;-1
0;830;-6.85341;20.9986;33.6343;10.0649;4270.88;6.05188;0;0;0.1;0.01;0;5.67631;0;0;-1
0;831;-7.48064;37.7981;34.0791;9.13604;3194.2;5.49337;0;0;0.1;0.01;0;6.1428;0;0;-1
0;832;-5.8498;51.7268;33.6881;8.5;2572.44;5.11093;0;0;0.1;0.01;0;5.49191;1;0;-1
0;833;-7.19961;69.7842;32.4037;8.73803;2794.66;5.25405;0;0;0.1;0.01;0;4.35068;0;0;-1
0;834;-6.78254;88.6495;31.1339;8.56897;2635.57;5.1524;0;0;0.1;0.01;0;2.16857;0;0;-1
0;835;8.24869;-89.4379;34.6586;8.757;2812.9;5.26546;0;0;0.1;0.01;0;3.18291;0;0;-1
0;836;7.70266;-74.4754;32.496;10.4534;4784.77;6.28548;0;0;0.1;0.01;0;7.03398;0;0;-1
0;837;6.34354;-58.9465;31.8174;8.79873;2853.31;5.29055;0;0;0.1;0.01;0;5.10336;0;0;-1
0;838;8.48866;-42.9138;33.2017;10.0561;4259.68;6.04659;0;0;0.1;0.01;0;6.75204;0;0;-1
0;839;6.865;-23.882;32.7543;8.90408;2957.03;5.35389;0;0;0.1;0.01;0;4.87954;0;0;-1
0;840;7.21272;-6.04575;33.723;9.87605;4034.95;5.93833;0;0;0.1;0.01;0;6.0517;0;0;-1
0;841;5.64742;8.79102;34.3837;9.10205;3158.68;5.47293;0;0;0.1;0.01;0;4.74293;0;0;-1
0;842;8.33811;27.8192;31.0455;9.25309;3318.55;5.56375;0;0;0.1;0.01;0;5.15898;0;0;-1
0;843;6.79488;42.8925;30.5895;10.1876;4428.99;6.12566;0;0;0.1;0.01;0;6.42071;0;0;-1
0;844;8.63747;61.5739;30.9034;8.68436;2743.48;5.22178;0;0;0.1;0.01;0;4.75718;0;0;-1
0;845;9.1227;78.935;31.9071;9.46328;3549.88;5.69013;0;0;0.1;0.01;0;4.70479;0;0;-1
0;846;23.1419;-82.6629;33.8573;9.93443;4106.93;5.97343;0;0;0.1;0.01;0;4.76659;0;0;-1
0;847;22.65;-67.9661;33.0077;9.85623;4010.71;5.92641;0;0;0.1;0.01;0;5.40275;0;0;-1
0;848;23.8689;-47.7347;33.3885;8.90151;2954.47;5.35235;0;0;0.1;0.01;0;5.89645;0;0;-1
0;849;21.1373;-32.289;32.4674;10.1635;4397.63;6.11117;0;0;0.1;0.01;0;7.03852;0;0;-1
0;850;22.1168;-14.004;32.2148;10.1553;4386.99;6.10623;0;0;0.1;0.01;0;6.79573;0;0;-1
0;851;22.3342;0.47878;30.9404;8.92445;2977.37;5.36614;0;0;0.1;0.01;0;5.12703;0;0;-1
0;852;23.0083;19.3351;30.4846;9.06881;3124.2;5.45294;0;0;0.1;0.01;0;4.82419;0;0;-1
0;853;22.1107;37.5585;33.9817;9.3486;3422.38;5.62118;0;0;0.1;0.01;0;5.73595;0;0;-1
0;854;23.797;51.3893;32.5767;9.90615;4071.96;5.95642;0;0;0.1;0.01;0;6.81243;0;0;-1
0;855;22.3249;68.7571;30.9982;8.75237;2808.44;5.26267;0;0;0.1;0.01;0;5.90392;0;0;-1
0;856;20.8555;89.3903;34.2258;9.34689;3420.5;5.62015;0;0;0.1;0.01;0;1.60328;0;0;-1
0;857;35.7854;-74.7228;32.7956;8.5;2572.44;5.11093;0;0;0.1;0.01;0;3.42608;1;0;-1
0;858;37.1879;-55.0851;32.8406;9.55435;3653.36;5.74489;0;0;0.1;0.01;0;5.76247;0;0;-1
0;859;35.5774;-38.4147;30.8891;8.5;2572.44;5.11093;0;0;0.1;0.01;0;5.30925;1;0;-1
0;860;37.5009;-21.9796;32.1841;8.5;2572.44;5.11093;0;0;0.1;0.01;0;4.75438;1;0;-1
0;861;35.902;-4.81416;33.2069;9.17157;3231.62;5.51473;0;0;0.1;0.01;0;5.72589;0;0;-1
0;862;38.7372;9.35574;32.4826;8.59517;2659.82;5.16815;0;0;0.1;0.01;0;4.9137;0;0;-1
0;863;38.1026;25.5607;32.9973;9.81869;3965.06;5.90384;0;0;0.1;0.01;0;5.59288;0;0;-1
0;864;38.3517;43.1666;33.0911;9.76301;3897.98;5.87036;0;0;0.1;0.01;0;6.01953;0;0;-1
0;865;35.3793;61.8647;33.7072;9.76121;3895.83;5.86927;0;0;0.1;0.01;0;6.62616;0;0;-1
0;866;36.8546;77.2517;32.1585;10.0224;4217;6.02632;0;0;0.1;0.01;0;5.23678;0;0;-1
0;867;52.8325;-64.6637;31.9358;9.06145;3116.6;5.44852;0;0;0.1;0.01;0;3.97401;0;0;-1
0;868;53.1648;-49.341;32.1224;9.43641;3519.73;5.67398;0;0;0.1;0.01;0;5.6572;0;0;-1
0;869;52.0709;-33.3847;32.4033;9.52844;3623.71;5.72931;0;0;0.1;0.01;0;6.1402;0;0;-1
0;870;51.5474;-17.3159;31.5999;9.93219;4104.15;5.97208;0;0;0.1;0.01;0;6.32114;0;0;-1
0;871;53.2101;0.915827;33.8724;10.0205;4214.6;6.02518;0;0;0.1;0.01;0;6.86776;0;0;-1
0;872;52.4632;17.8217;33.3849;8.9672;3020.36;5.39185;0;0;0.1;0.01;0;6.01712;0;0;-1
0;873;53.4737;38.1458;32.2384;8.9671;3020.26;5.39179;0;0;0.1;0.01;0;6.0372;0;0;-1
0;874;53.264;53.1791;33.3227;9.60563;3712.5;5.77573;0;0;0.1;0.01;0;6.96899;0;0;-1
0;875;51.4247;68.3318;32.4195;9.14929;3208.12;5.50134;0;0;0.1;0.01;0;4.86799;0;0;-1
0;876;67.2571;-58.0717;32.429;8.83388;2887.64;5.31168;0;0;0.1;0.01;0;3.29266;0;0;-1
0;877;67.6942;-38.6017;31.5503;9.31078;3381.01;5.59844;0;0;0.1;0.01;0;5.34515;0;0;-1
0;878;66.3909;-21.8142;31.967;9.12977;3187.63;5.4896;0;0;0.1;0.01;0;5.2724;0;0;-1
0;879;66.9409;-4.76798;32.6259;9.85842;4013.38;5.92772;0;0;0.1;0.01;0;5.72519;0;0;-1
0;880;67.2102;10.3593;32.9753;8.94914;3002.15;5.38099;0;0;0.1;0.01;0;6.55157;0;0;-1
0;881;66.2083;28.0123;33.787;8.61621;2679.4;5.1808;0;0;0.1;0.01;0;5.81955;0;0;-1
0;882;67.3148;45.6458;31.0857;9.11558;3172.79;5.48107;0;0;0.1;0.01;0;6.46584;0;0;-1
0;883;67.0128;59.5016;32.078;9.87652;4035.53;5.93861;0;0;0.1;0.01;0;4.75508;0;0;-1
0;884;79.9431;-30.2575;33.8359;9.91075;4077.63;5.95919;0;0;0.1;0.01;0;4.39809;0;0;-1
0;885;80.1782;-15.9656;30.7232;8.8039;2858.34;5.29366;0;0;0.1;0.01;0;4.50566;0;0;-1
0;886;79.658;3.68701;33.5474;10.0827;4293.58;6.06258;0;0;0.1;0.01;0;4.94783;0;0;-1
0;887;80.7158;19.6976;34.193;8.73611;2792.82;5.2529;0;0;0.1;0.01;0;3.84906;0;0;-1
0;888;80.5452;33.6367;31.9244;8.98096;3034.29;5.40012;0;0;0.1;0.01;0;4.25589;0;0;-1
0;889;-86.3537;-6.44429;47.2352;9.7781;3916.08;5.87943;0;0;0.1;0.01;0;3.24523;0;0;-1
0;890;-85.6621;9.85592;47.7986;10.4049;4718.48;6.25632;0;0;0.1;0.01;0;3.02286;0;0;-1
0;891;-69.0179;-49.984;48.7963;10.4318;4755.17;6.27249;0;0;0.1;0.01;0;2.88101;0;0;-1
0;892;-69.3906;-33.746;47.981;8.5;2572.44;5.11093;0;0;0.1;0.01;0;4.09481;1;0;-1
0;893;-69.3601;-13.3638;47.6919;9.91875;4087.52;5.964;0;0;0.1;0.01;0;5.7279;0;0;-1
0;894;-71.5176;0.833655;46.7814;8.91111;2964.04;5.35812;0;0;0.1;0.01;0;5.62241;0;0;-1
0;895;-68.5679;18.0391;47.0535;8.75571;2811.66;5.26468;0;0;0.1;0.01;0;3.93361;0;0;-1
0;896;-70.5777;36.4591;49.3624;9.25688;3322.63;5.56603;0;0;0.1;0.01;0;1.7249;0;0;-1
0;897;-56.6365;-59.6049;46.1513;8.92538;2978.3;5.3667;0;0;0.1;0.01;0;4.10201;0;0;-1
0;898;-57.0591;-39.1336;47.605;9.30218;3371.65;5.59327;0;0;0.1;0.01;0;5.77788;0;0;-1
0;899;-57.0504;-23.2626;47.2543;8.5;2572.44;5.11093;0;0;0.1;0.01;0;5.45172;1;0;-1
0;900;-56.8222;-6.91139;48.8084;9.56046;3660.37;5.74857;0;0;0.1;0.01;0;5.90513;0;0;-1
0;901;-54.5997;12.7577;45.9822;8.6949;2753.48;5.22812;0;0;0.1;0.01;0;4.41938;0;0;-1
0;902;-57.7021;29.7434;45.9849;8.5;2572.44;5.11093;0;0;0.1;0.01;0;4.65888;1;0;-1
0;903;-56.3053;45.9459;47.0316;8.5;2572.44;5.11093;0;0;0.1;0.01;0;4.45977;1;0;-1
0;904;-54.4392;61.299;46.4121;8.73256;2789.42;5.25076;0;0;0.1;0.01;0;3.50008;0;0;-1
0;905;-40.6511;-64.3859;45.8806;8.77308;2828.43;5.27513;0;0;0.1;0.01;0;3.66341;0;0;-1
0;906;-40.4034;-50.576;48.2051;9.14813;3206.9;5.50064;0;0;0.1;0.01;0;5.15923;0;0;-1
0;907;-43.2004;-30.0727;46.0962;10.1709;4407.24;6.11561;0;0;0.1;0.01;0;6.05345;0;0;-1
0;908;-41.5034;-14.294;49.076;8.5;2572.44;5.11093;0;0;0.1;0.01;0;4.98793;1;0;-1
0;909;-41.6392;0.772522;49.2653;8.65928;2719.78;5.2067;0;0;0.1;0.01;0;4.60053;0;0;-1
0;910;-42.0968;16.775;48.2713;10.2808;4551.66;6.1817;0;0;0.1;0.01;0;5.92313;0;0;-1
0;911;-42.3296;35.8756;45.2258;8.59133;2656.26;5.16584;0;0;0.1;0.01;0;4.94942;0;0;-1
0;912;-41.2203;53.2405;48.9029;10.1348;4360.48;6.09391;0;0;0.1;0.01;0;6.5358;0;0;-1
0;913;-42.4851;69.7216;48.0972;9.85071;4003.97;5.92309;0;0;0.1;0.01;0;4.23725;0;0;-1
0;914;-27.8287;-76.7446;46.7353;9.0812;3137.03;5.46039;0;0;0.1;0.01;0;2.96268;0;0;-1
0;915;-26.1697;-55.5039;48.3199;8.59395;2658.69;5.16742;0;0;0.1;0.01;0;5.99638;0;0;-1
0;916;-27.687;-41.4898;46.5269;9.63897;3751.29;5.79577;0;0;0.1;0.01;0;7.57677;0;0;-1
0;917;-28.0321;-24.2561;49.4362;8.5;2572.44;5.11093;0;0;0.1;0.01;0;4.80376;1;0;-1
0;918;-25.7022;-8.79444;47.3237;8.5;2572.44;5.11093;0;0;0.1;0.01;0;4.63779;1;0;-1
0;919;-26.6736;12.0288;46.5409;9.92574;4096.16;5.9682;0;0;0.1;0.01;0;5.7792;0;0;-1
0;920;-26.9558;29.5847;48.5517;10.2075;4454.99;6.13762;0;0;0.1;0.01;0;7.06252;0;0;-1
0;921;-26.3517;45.1527;48.8364;9.22863;3292.31;5.54904;0;0;0.1;0.01;0;6.11791;0;0;-1
0;922;-25.8922;60.879;46.52;10.3198;4603.65;6.20515;0;0;0.1;0.01;0;6.87317;0;0;-1
0;923;-25.5713;79.3345;48.4985;9.1597;3219.08;5.50759;0;0;0.1;0.01;0;3.17638;0;0;-1
0;924;-12.3621;-80.7861;46.0162;8.874;2927.16;5.33581;0;0;0.1;0.01;0;3.07119;0;0;-1
0;925;-11.8834;-64.6868;47.959;8.62741;2689.86;5.18754;0;0;0.1;0.01;0;4.45529;0;0;-1
0;926;-13.4906;-47.9734;46.5689;10.3686;4669.27;6.23449;0;0;0.1;0.01;0;7.51933;0;0;-1
0;927;-12.6906;-33.5675;49.1061;10.005;4195.08;6.01586;0;0;0.1;0.01;0;5.88097;0;0;-1
0;928;-11.4136;-13.8849;48.6895;9.93402;4106.42;5.97318;0;0;0.1;0.01;0;6.7724;0;0;-1
0;929;-11.036;0.272027;46.1108;9.49154;3581.78;5.70713;0;0;0.1;0.01;0;6.64992;0;0;-1
0;930;-13.1756;19.5111;47.8622;10.0132;4205.4;6.02079;0;0;0.1;0.01;0;6.25841;0;0;-1
0;931;-11.2546;37.095;49.0518;8.84922;2902.71;5.32091;0;0;0.1;0.01;0;6.45047;0;0;-1
0;932;-12.2017;52.5417;48.788;9.02879;3083.03;5.42888;0;0;0.1;0.01;0;7.20814;0;0;-1
0;933;-11.7518;69.7915;48.0788;10.1432;4371.33;6.09896;0;0;0.1;0.01;0;5.86784;0;0;-1
0;934;-12.819;86.6135;47.9945;8.5;2572.44;5.11093;0;0;0.1;0.01;0;1.66606;1;0;-1
0;935;2.05723;-73.1382;45.8831;8.5;2572.44;5.11093;0;0;0.1;0.01;0;4.91216;1;0;-1
0;936;1.61468;-59.4347;46.6212;8.99434;3047.87;5.40817;0;0;0.1;0.01;0;5.60873;0;0;-1
0;937;2.35193;-42.2783;46.9577;9.40872;3488.83;5.65733;0;0;0.1;0.01;0;5.65174;0;0;-1
0;938;1.44486;-22.4075;48.5046;9.3869;3464.62;5.64421;0;0;0.1;0.01;0;5.82078;0;0;-1
0;939;4.3073;-5.38927;49.0446;9.50215;3593.8;5.7135;0;0;0.1;0.01;0;6.81277;0;0;-1
0;940;3.22549;8.86638;49.2361;9.40384;3483.41;5.65439;0;0;0.1;0.01;0;5.80837;0;0;-1
0;941;1.82183;29.6392;47.3241;8.5;2572.44;5.11093;0;0;0.1;0.01;0;5.05038;1;0;-1
0;942;1.08928;45.5434;47.6014;8.53776;2606.88;5.13363;0;0;0.1;0.01;0;6.17071;0;0;-1
0;943;1.4902;60.6213;45.668;9.03964;3094.15;5.4354;0;0;0.1;0.01;0;5.43586;0;0;-1
0;944;4.9341;79.729;48.6591;10.1102;4328.8;6.07912;0;0;0.1;0.01;0;3.0059;0;0;-1
0;945;18.9272;-84.4747;48.8919;8.82496;2878.9;5.30632;0;0;0.1;0.01;0;1.95402;0;0;-1
0;946;18.2821;-65.9354;46.7102;9.13393;3191.99;5.4921;0;0;0.1;0.01;0;4.69427;0;0;-1
0;947;16.9273;-49.4156;46.2822;8.5;2572.44;5.11093;0;0;0.1;0.01;0;4.61368;1;0;-1
0;948;19.3941;-34.402;45.9332;10.2763;4545.68;6.17899;0;0;0.1;0.01;0;6.5675;0;0;-1
0;949;16.1481;-14.8607;48.4596;9.22523;3288.67;5.547;0;0;0.1;0.01;0;6.3419;0;0;-1
0;950;18.7803;1.80433;48.5231;8.50641;2578.26;5.11478;0;0;0.1;0.01;0;5.65846;0;0;-1
0;951;17.3908;17.4871;46.7728;9.55479;3653.86;5.74516;0;0;0.1;0.01;0;5.23338;0;0;-1
0;952;16.0237;36.4005;49.0115;8.5;2572.44;5.11093;0;0;0.1;0.01;0;4.95138;1;0;-1
0;953;19.2436;50.849;45.5663;9.03341;3087.76;5.43166;0;0;0.1;0.01;0;5.11221;0;0;-1
0;954;17.4151;71.0962;46.7937;9.52319;3617.73;5.72616;0;0;0.1;0.01;0;4.5442;0;0;-1
0;955;33.2068;-74.2713;48.795;8.9766;3029.87;5.3975;0;0;0.1;0.01;0;3.24516;0;0;-1
0;956;33.1092;-57.1316;47.8299;9.60965;3717.16;5.77814;0;0;0.1;0.01;0;6.04754;0;0;-1
0;957;33.4737;-39.2142;45.8223;9.85133;4004.73;5.92346;0;0;0.1;0.01;0;6.54254;0;0;-1
0;958;30.7976;-22.5141;46.1729;9.98303;4167.5;6.00265;0;0;0.1;0.01;0;6.38912;0;0;-1
0;959;31.9816;-5.04357;47.7735;9.48791;3577.67;5.70494;0;0;0.1;0.01;0;5.83467;0;0;-1
0;960;33.2576;12.0649;47.6432;9.44032;3524.1;5.67633;0;0;0.1;0.01;0;5.478;0;0;-1
0;961;30.685;25.7861;46.981;9.75134;3884.02;5.86334;0;0;0.1;0.01;0;6.52669;0;0;-1
0;962;32.711;43.2081;48.516;8.95476;3007.81;5.38437;0;0;0.1;0.01;0;6.11615;0;0;-1
0;963;31.8821;59.3291;48.6116;9.99243;4179.28;6.0083;0;0;0.1;0.01;0;6.93256;0;0;-1
0;964;30.9329;76.2515;47.699;9.44588;3530.33;5.67967;0;0;0.1;0.01;0;4.12624;0;0;-1
0;965;45.9664;-63.7013;46.5708;8.50235;2574.57;5.11234;0;0;0.1;0.01;0;3.30877;0;0;-1
0;966;46.1768;-47.4739;47.5684;10.2055;4452.37;6.13642;0;0;0.1;0.01;0;6.42899;0;0;-1
0;967;47.6509;-31.4627;46.2913;8.5;2572.44;5.11093;0;0;0.1;0.01;0;5.04391;1;0;-1
0;968;45.2305;-13.944;49.031;9.26855;3335.22;5.57304;0;0;0.1;0.01;0;5.8901;0;0;-1
0;969;45.8979;-0.223359;45.3754;8.5;2572.44;5.11093;0;0;0.1;0.01;0;5.34682;1;0;-1
0;970;47.7162;20.7847;46.8777;10.0206;4214.73;6.02524;0;0;0.1;0.01;0;7.16491;0;0;-1
0;971;45.3045;36.6211;48.589;9.44979;3534.72;5.68202;0;0;0.1;0.01;0;6.8;0;0;-1
0;972;46.4697;54.7681;49.1067;9.69619;3818.49;5.83018;0;0;0.1;0.01;0;5.88101;0;0;-1
0;973;45.6637;72.0068;48.4202;9.86394;4020.13;5.93104;0;0;0.1;0.01;0;3.34222;0;0;-1
0;974;63.7021;-58.7669;46.4827;8.74716;2803.43;5.25954;0;0;0.1;0.01;0;2.38262;0;0;-1
0;975;62.0081;-42.3749;47.6494;9.36522;3440.67;5.63117;0;0;0.1;0.01;0;5.04856;0;0;-1
0;976;59.8897;-24.0728;48.5213;8.5;2572.44;5.11093;0;0;0.1;0.01;0;4.86103;1;0;-1
0;977;63.604;-8.69896;46.8153;10.1425;4370.42;6.09854;0;0;0.1;0.01;0;6.67338;0;0;-1
0;978;60.6626;8.1317;47.1499;9.86993;4027.46;5.93465;0;0;0.1;0.01;0;6.38241;0;0;-1
0;979;61.5239;26.8088;46.1127;9.90075;4065.3;5.95318;0;0;0.1;0.01;0;6.42639;0;0;-1
0;980;60.1729;43.6484;46.0367;10.1384;4365.13;6.09607;0;0;0.1;0.01;0;6.24465;0;0;-1
0;981;61.1661;61.002;46.998;9.12844;3186.24;5.4888;0;0;0.1;0.01;0;3.7602;0;0;-1
0;982;77.3005;-30.3696;48.6457;8.61289;2676.3;5.17881;0;0;0.1;0.01;0;2.62188;0;0;-1
0;983;77.131;-17.099;47.7289;8.5;2572.44;5.11093;0;0;0.1;0.01;0;3.16187;1;0;-1
0;984;75.5677;1.8318;46.5476;9.84126;3992.46;5.91741;0;0;0.1;0.01;0;5.04626;0;0;-1
0;985;78.6896;17.3403;48.7972;10.0526;4255.24;6.04448;0;0;0.1;0.01;0;4.18507;0;0;-1
0;986;75.2839;34.6973;45.9247;10.2898;4563.62;6.18711;0;0;0.1;0.01;0;4.40564;0;0;-1
0;987;-65.6133;-30.2904;62.2596;8.57744;2643.39;5.15749;0;0;0.1;0.01;0;3.43765;0;0;-1
0;988;-66.5766;-15.4237;63.5527;8.87947;2932.58;5.3391;0;0;0.1;0.01;0;3.53908;0;0;-1
0;989;-66.6923;0.547692;61.3382;8.52153;2592.04;5.12387;0;0;0.1;0.01;0;3.47883;0;0;-1
0;990;-66.1496;19.5141;63.9377;9.60852;3715.85;5.77746;0;0;0.1;0.01;0;3.35545;0;0;-1
0;991;-51.8178;-58.4789;60.4508;9.06277;3117.97;5.44931;0;0;0.1;0.01;0;2.13779;0;0;-1
0;992;-51.4166;-38.7578;63.6263;10.4312;4754.35;6.27213;0;0;0.1;0.01;0;5.19871;0;0;-1
0;993;-50.7486;-24.5029;63.302;8.99047;3043.94;5.40584;0;0;0.1;0.01;0;6.41054;0;0;-1
0;994;-52.7049;-8.78957;61.3337;8.75928;2815.1;5.26683;0;0;0.1;0.01;0;4.57308;0;0;-1
0;995;-53.4865;10.3267;61.6448;10.3467;4639.75;6.22132;0;0;0.1;0.01;0;5.60241;0;0;-1
0;996;-53.0232;27.1217;62.1029;8.5119;2583.26;5.11808;0;0;0.1;0.01;0;4.04186;0;0;-1
0;997;-51.7502;46.5244;61.8018;9.49673;3587.66;5.71025;0;0;0.1;0.01;0;3.02919;0;0;-1
0;998;-36.3731;-47.558;60.5213;9.31429;3384.84;5.60055;0;0;0.1;0.01;0;6.18648;0;0;-1
0;999;-36.9154;-33.1703;64.1646;8.56914;2635.73;5.1525;0;0;0.1;0.01;0;5.8915;0;0;-1
0;1000;-35.4742;-15.6567;62.6715;9.77893;3917.08;5.87993;0;0;0.1;0.01;0;6.61996;0;0;-1
0;1001;-36.1669;1.45712;63.9666;8.73934;2795.92;5.25484;0;0;0.1;0.01;0;4.87726;0;0;-1
0;1002;-35.0659;19.591;62.2224;8.80965;2863.94;5.29711;0;0;0.1;0.01;0;5.88853;0;0;-1
0;1003;-35.228;37.0934;60.6632;9.96828;4149.06;5.99378;0;0;0.1;0.01;0;6.29272;0;0;-1
0;1004;-38.3066;52.2593;63.8427;9.47991;3568.63;5.70013;0;0;0.1;0.01;0;3.94465;0;0;-1
0;1005;-38.3181;67.9569;60.698;9.61487;3723.22;5.78128;0;0;0.1;0.01;0;3.18418;0;0;-1
0;1006;-21.3202;-73.2354;63.7655;8.5;2572.44;5.11093;0;0;0.1;0.01;0;1.71197;1;0;-1
0;1007;-23.2931;-57.0299;62.2435;10.4;4711.82;6.25337;0;0;0.1;0.01;0;6.18645;0;0;-1
0;1008;-22.2437;-40.8629;61.3956;10.2717;4539.58;6.17622;0;0;0.1;0.01;0;8.02975;0;0;-1
0;1009;-21.302;-22.7342;63.6635;8.53442;2603.82;5.13162;0;0;0.1;0.01;0;6.24326;0;0;-1
0;1010;-21.9763;-5.56956;62.1232;10.3597;4657.26;6.22914;0;0;0.1;0.01;0;6.43774;0;0;-1
0;1011;-22.1227;10.5227;60.8536;8.5;2572.44;5.11093;0;0;0.1;0.01;0;3.63153;1;0;-1
0;1012;-23.7844;26.8063;63.524;9.01866;3072.66;5.42279;0;0;0.1;0.01;0;4.69412;0;0;-1
0;1013;-22.4101;44.4753;62.8115;9.87176;4029.7;5.93575;0;0;0.1;0.01;0;6.77079;0;0;-1
0;1014;-21.8351;59.704;60.1808;8.81698;2871.1;5.30152;0;0;0.1;0.01;0;5.43687;0;0;-1
0;1015;-7.87708;-67.688;60.3475;8.52518;2595.37;5.12607;0;0;0.1;0.01;0;3.89013;0;0;-1
0;1016;-7.87144;-47.7028;63.1285;10.2311;4485.96;6.15181;0;0;0.1;0.01;0;6.71363;0;0;-1
0;1017;-5.56607;-29.884;63.3967;9.05885;3113.92;5.44696;0;0;0.1;0.01;0;6.57607;0;0;-1
0;1018;-6.84968;-15.334;60.9693;8.54701;2615.36;5.13919;0;0;0.1;0.01;0;6.62733;0;0;-1
0;1019;-8.78105;0.613761;60.77;8.5;2572.44;5.11093;0;0;0.1;0.01;0;4.71337;1;0;-1
0;1020;-6.95553;20.8349;60.3912;8.92528;2978.2;5.36664;0;0;0.1;0.01;0;4.61536;0;0;-1
0;1021;-8.83242;36.0085;63.5746;9.68264;3802.51;5.82203;0;0;0.1;0.01;0;7.04926;0;0;-1
0;1022;-6.4763;52.143;61.0321;9.64341;3756.48;5.79844;0;0;0.1;0.01;0;7.58024;0;0;-1
0;1023;-7.435;67.6695;60.8756;10.3052;4584.14;6.19637;0;0;0.1;0.01;0;4.93591;0;0;-1
0;1024;5.31662;-73.7704;61.949;8.5;2572.44;5.11093;0;0;0.1;0.01;0;2.23767;1;0;-1
0;1025;6.87283;-57.4066;62.3038;10.176;4413.87;6.11868;0;0;0.1;0.01;0;5.81577;0;0;-1
0;1026;7.74309;-39.3539;61.0356;8.5;2572.44;5.11093;0;0;0.1;0.01;0;4.55309;1;0;-1
0;1027;6.38317;-22.6918;62.3467;9.92312;4092.92;5.96663;0;0;0.1;0.01;0;6.71269;0;0;-1
0;1028;9.17395;-6.37466;62.4714;10.2402;4497.94;6.15728;0;0;0.1;0.01;0;6.85833;0;0;-1
0;1029;8.78054;12.1964;62.2433;8.66534;2725.5;5.21034;0;0;0.1;0.01;0;4.78827;0;0;-1
0;1030;7.91306;26.3241;63.413;8.5;2572.44;5.11093;0;0;0.1;0.01;0;5.49342;1;0;-1
0;1031;7.42133;42.0724;60.0831;10.2988;4575.6;6.19252;0;0;0.1;0.01;0;6.63327;0;0;-1
0;1032;6.6399;63.0875;63.2912;9.3194;3390.41;5.60362;0;0;0.1;0.01;0;4.62189;0;0;-1
0;1033;21.3044;-63.867;60.9621;8.5;2572.44;5.11093;0;0;0.1;0.01;0;3.70103;1;0;-1
0;1034;23.2545;-50.2971;61.954;8.5;2572.44;5.11093;0;0;0.1;0.01;0;4.43439;1;0;-1
0;1035;20.9341;-32.3595;61.0321;8.5;2572.44;5.11093;0;0;0.1;0.01;0;3.83356;1;0;-1
0;1036;24.2138;-12.6681;60.3627;8.5;2572.44;5.11093;0;0;0.1;0.01;0;5.40718;1;0;-1
0;1037;20.6099;2.95276;61.7801;8.5;2572.44;5.11093;0;0;0.1;0.01;0;5.06484;1;0;-1
0;1038;23.0804;19.7959;63.7352;10.3275;4613.96;6.20978;0;0;0.1;0.01;0;7.34215;0;0;-1
0;1039;21.9263;37.8445;63.1505;8.70203;2760.26;5.2324;0;0;0.1;0.01;0;5.68633;0;0;-1
0;1040;21.5793;53.1595;60.4229;8.5;2572.44;5.11093;0;0;0.1;0.01;0;5.29545;1;0;-1
0;1041;22.1359;69.1085;61.3948;9.0674;3122.75;5.4521;0;0;0.1;0.01;0;3.39083;0;0;-1
0;1042;34.667;-59.7323;63.5385;8.5;2572.44;5.11093;0;0;0.1;0.01;0;2.17437;1;0;-1
0;1043;36.1547;-39.3432;62.5747;9.23923;3303.66;5.55541;0;0;0.1;0.01;0;4.51108;0;0;-1
0;1044;38.1818;-22.8131;61.8962;8.81792;2872.02;5.30209;0;0;0.1;0.01;0;4.89382;0;0;-1
0;1045;35.7973;-5.05709;62.6093;8.95321;3006.25;5.38344;0;0;0.1;0.01;0;4.80289;0;0;-1
0;1046;38.267;12.2909;61.3848;9.45337;3538.74;5.68417;0;0;0.1;0.01;0;5.64855;0;0;-1
0;1047;37.9543;26.2092;60.2561;8.5;2572.44;5.11093;0;0;0.1;0.01;0;6.73272;1;0;-1
0;1048;35.5215;43.3626;63.5186;9.23679;3301.05;5.55395;0;0;0.1;0.01;0;5.62957;0;0;-1
0;1049;38.6619;60.4757;63.3802;9.72555;3853.28;5.84783;0;0;0.1;0.01;0;3.94742;0;0;-1
0;1050;53.4588;-48.7324;61.7472;9.52246;3616.9;5.72572;0;0;0.1;0.01;0;3.22366;0;0;-1
0;1051;50.3674;-33.3912;60.8854;8.5;2572.44;5.11093;0;0;0.1;0.01;0;4.87591;1;0;-1
0;1052;51.025;-15.2815;62.1426;9.58171;3684.83;5.76134;0;0;0.1;0.01;0;5.69857;0;0;-1
0;1053;50.036;0.795316;62.6954;8.5;2572.44;5.11093;0;0;0.1;0.01;0;4.12985;1;0;-1
0;1054;50.5521;20.6968;60.9259;8.5;2572.44;5.11093;0;0;0.1;0.01;0;5.72382;1;0;-1
0;1055;50.8722;34.8039;61.8199;9.8158;3961.56;5.9021;0;0;0.1;0.01;0;6.01751;0;0;-1
0;1056;53.6948;53.0069;62.7367;10.1404;4367.71;6.09728;0;0;0.1;0.01;0;3.14254;0;0;-1
0;1057;67.0767;-40.8568;60.8973;10.4293;4751.76;6.27099;0;0;0.1;0.01;0;2.85178;0;0;-1
0;1058;64.4531;-21.5148;62.1436;8.5;2572.44;5.11093;0;0;0.1;0.01;0;2.95904;1;0;-1
0;1059;64.4426;-5.43704;61.8728;8.5;2572.44;5.11093;0;0;0.1;0.01;0;4.08148;1;0;-1
0;1060;66.771;9.19628;60.6592;9.7064;3830.57;5.83632;0;0;0.1;0.01;0;3.28598;0;0;-1
0;1061;65.1734;25.0285;60.1647;8.80062;2855.15;5.29169;0;0;0.1;0.01;0;2.82003;0;0;-1
0;1062;-54.4204;-23.7682;75.9837;9.34551;3418.99;5.61932;0;0;0.1;0.01;0;3.60199;0;0;-1
0;1063;-56.5083;-4.70191;78.7048;8.5;2572.44;5.11093;0;0;0.1;0.01;0;1.66287;1;0;-1
0;1064;-54.9459;10.6815;76.2476;9.32397;3395.4;5.60637;0;0;0.1;0.01;0;3.9043;0;0;-1
0;1065;-56.4412;29.7258;75.017;10.447;4775.99;6.28163;0;0;0.1;0.01;0;3.23337;0;0;-1
0;1066;-40.0265;-48.9624;77.0215;8.5;2572.44;5.11093;0;0;0.1;0.01;0;2.24766;1;0;-1
0;1067;-42.2474;-30.7983;77.7962;8.79456;2849.25;5.28804;0;0;0.1;0.01;0;4.74948;0;0;-1
0;1068;-40.3979;-15.923;75.0967;9.98709;4172.59;6.00509;0;0;0.1;0.01;0;6.54601;0;0;-1
0;1069;-40.4533;2.86874;77.948;9.51488;3608.27;5.72116;0;0;0.1;0.01;0;5.73212;0;0;-1
0;1070;-41.6341;17.7766;74.644;8.54694;2615.29;5.13915;0;0;0.1;0.01;0;5.55017;0;0;-1
0;1071;-39.3223;33.681;76.4785;9.87209;4030.1;5.93594;0;0;0.1;0.01;0;4.14223;0;0;-1
0;1072;-24.3916;-55.1619;76.9384;9.73996;3870.44;5.8565;0;0;0.1;0.01;0;3.4687;0;0;-1
0;1073;-26.274;-40.8485;74.9504;9.02504;3079.19;5.42663;0;0;0.1;0.01;0;5.50638;0;0;-1
0;1074;-27.4711;-23.1558;76.5342;10.0637;4269.35;6.05116;0;0;0.1;0.01;0;7.01432;0;0;-1
0;1075;-27.2518;-4.52005;77.8985;9.34698;3420.6;5.6202;0;0;0.1;0.01;0;6.5497;0;0;-1
0;1076;-24.984;12.289;77.0459;9.04555;3100.23;5.43896;0;0;0.1;0.01;0;5.77518;0;0;-1
0;1077;-25.7873;26.5318;77.2982;9.31413;3384.66;5.60045;0;0;0.1;0.01;0;5.89626;0;0;-1
0;1078;-25.3419;43.7263;77.7709;9.28589;3353.97;5.58347;0;0;0.1;0.01;0;3.80648;0;0;-1
0;1079;-10.0662;-47.8108;76.4003;8.80812;2862.45;5.29619;0;0;0.1;0.01;0;4.92351;0;0;-1
0;1080;-12.4537;-31.1452;76.4159;10.2266;4480.05;6.14911;0;0;0.1;0.01;0;7.47945;0;0;-1
0;1081;-12.801;-16.1739;74.613;9.40462;3484.27;5.65486;0;0;0.1;0.01;0;7.35181;0;0;-1
0;1082;-13.5646;0.325457;78.4979;10.2202;4471.64;6.14526;0;0;0.1;0.01;0;6.59385;0;0;-1
0;1083;-11.483;20.5726;78.3266;8.95194;3004.97;5.38267;0;0;0.1;0.01;0;5.80999;0;0;-1
0;1084;-10.887;36.5086;76.7767;10.0821;4292.81;6.06222;0;0;0.1;0.01;0;7.27601;0;0;-1
0;1085;-11.9903;51.5975;76.3114;9.93362;4105.93;5.97294;0;0;0.1;0.01;0;4.7832;0;0;-1
0;1086;3.54219;-58.8477;76.6008;10.3992;4710.73;6.25289;0;0;0.1;0.01;0;3.37216;0;0;-1
0;1087;1.37855;-42.2311;78.4845;8.5;2572.44;5.11093;0;0;0.1;0.01;0;4.97629;1;0;-1
0;1088;4.76975;-23.2446;76.3317;10.0445;4244.96;6.03961;0;0;0.1;0.01;0;6.8077;0;0;-1
0;1089;1.30217;-7.59457;78.2437;9.92445;4094.57;5.96743;0;0;0.1;0.01;0;6.26915;0;0;-1
0;1090;3.27277;11.4168;77.6338;8.90179;2954.75;5.35252;0;0;0.1;0.01;0;4.53911;0;0;-1
0;1091;1.50566;27.3618;77.779;9.65841;3774.03;5.80746;0;0;0.1;0.01;0;7.23928;0;0;-1
0;1092;2.54089;42.4945;76.4703;10.3015;4579.2;6.19414;0;0;0.1;0.01;0;6.33684;0;0;-1
0;1093;4.04384;61.3726;76.5686;9.70352;3827.16;5.83459;0;0;0.1;0.01;0;3.29172;0;0;-1
0;1094;16.4713;-49.5993;74.9893;8.82222;2876.22;5.30467;0;0;0.1;0.01;0;3.51649;0;0;-1
0;1095;17.4657;-30.7381;77.844;9.94785;4123.6;5.9815;0;0;0.1;0.01;0;6.04527;0;0;-1
0;1096;18.4996;-13.1235;74.6084;9.11763;3174.93;5.4823;0;0;0.1;0.01;0;6.14175;0;0;-1
0;1097;16.722;3.3388;76.3012;8.78297;2838;5.28107;0;0;0.1;0.01;0;5.25281;0;0;-1
0;1098;18.4105;20.1226;76.7565;8.5;2572.44;5.11093;0;0;0.1;0.01;0;5.81047;1;0;-1
0;1099;18.6022;33.9806;76.0122;10.0972;4312.13;6.0713;0;0;0.1;0.01;0;7.30642;0;0;-1
0;1100;18.5656;54.429;76.1471;9.59276;3697.6;5.76799;0;0;0.1;0.01;0;3.60048;0;0;-1
0;1101;32.5503;-40.2004;76.4259;10.1849;4425.47;6.12403;0;0;0.1;0.01;0;3.81295;0;0;-1
0;1102;31.2462;-22.9456;78.5534;10.1291;4353.13;6.09048;0;0;0.1;0.01;0;5.58368;0;0;-1
0;1103;31.1786;-5.98402;77.3455;8.5572;2624.72;5.14532;0;0;0.1;0.01;0;5.20099;0;0;-1
0;1104;32.3711;11.7451;76.1735;9.07028;3125.72;5.45383;0;0;0.1;0.01;0;4.46444;0;0;-1
0;1105;34.5151;28.4099;76.6456;10.3011;4578.67;6.1939;0;0;0.1;0.01;0;5.877;0;0;-1
0;1106;30.9549;46.4971;78.1632;10.3268;4613.03;6.20935;0;0;0.1;0.01;0;4.16811;0;0;-1
0;1107;49.0843;-30.3969;78.6679;9.26179;3327.92;5.56898;0;0;0.1;0.01;0;1.69061;0;0;-1
0;1108;45.447;-13.8853;75.3095;8.5304;2600.14;5.12921;0;0;0.1;0.01;0;4.76172;0;0;-1
0;1109;47.4448;0.397592;77.9807;8.55106;2619.08;5.14163;0;0;0.1;0.01;0;3.45284;0;0;-1
0;1110;48.3184;20.0363;74.9194;9.58572;3689.46;5.76375;0;0;0.1;0.01;0;3.87087;0;0;-1
0;1111;49.0099;36.2378;77.4631;8.5;2572.44;5.11093;0;0;0.1;0.01;0;2.343;1;0;-1
0;1112;60.4403;-6.10597;78.4394;8.5;2572.44;5.11093;0;0;0.1;0.01;0;1.5955;1;0;-1
0;1113;-36.2706;-15.7306;89.6367;9.8315;3980.59;5.91154;0;0;0.1;0.01;0;4.24705;0;0;-1
0;1114;-36.4117;1.56721;91.2419;8.5;2572.44;5.11093;0;0;0.1;0.01;0;3.92244;1;0;-1
0;1115;-38.4485;16.9516;89.8845;10.0141;4206.53;6.02133;0;0;0.1;0.01;0;3.77139;0;0;-1
0;1116;-21.1021;-24.4694;90.0472;10.4526;4783.67;6.285;0;0;0.1;0.01;0;4.94928;0;0;-1
0;1117;-23.4137;-6.36236;93.0721;10.0382;4236.98;6.03582;0;0;0.1;0.01;0;4.5413;0;0;-1
0;1118;-22.7399;11.6915;89.7684;8.5;2572.44;5.11093;0;0;0.1;0.01;0;4.56343;1;0;-1
0;1119;-21.6281;27.6361;93.373;10.1704;4406.59;6.11531;0;0;0.1;0.01;0;3.63861;0;0;-1
0;1120;-7.477;-31.4716;90.7945;9.99572;4183.41;6.01028;0;0;0.1;0.01;0;4.74538;0;0;-1
0;1121;-8.5349;-14.0113;89.4448;9.49792;3589.01;5.71096;0;0;0.1;0.01;0;6.43312;0;0;-1
0;1122;-6.51434;1.18162;92.6608;9.92513;4095.41;5.96784;0;0;0.1;0.01;0;5.31241;0;0;-1
0;1123;-5.8074;19.1315;93.3199;10.3778;4681.71;6.24002;0;0;0.1;0.01;0;5.37792;0;0;-1
0;1124;-7.61211;35.0396;92.3559;8.5;2572.44;5.11093;0;0;0.1;0.01;0;3.71058;1;0;-1
0;1125;5.42059;-38.5705;92.1404;8.64182;2703.36;5.1962;0;0;0.1;0.01;0;2.77363;0;0;-1
0;1126;6.63459;-23.3678;92.1223;9.97299;4154.94;5.99661;0;0;0.1;0.01;0;4.85886;0;0;-1
0;1127;7.32989;-5.04285;91.6067;9.76217;3896.98;5.86985;0;0;0.1;0.01;0;4.37107;0;0;-1
0;1128;6.66509;10.8078;91.2172;9.29955;3368.79;5.59168;0;0;0.1;0.01;0;4.12139;0;0;-1
0;1129;6.0967;28.7503;90.0579;9.47028;3557.76;5.69434;0;0;0.1;0.01;0;5.33315;0;0;-1
0;1130;23.7582;-31.9686;89.8575;8.5;2572.44;5.11093;0;0;0.1;0.01;0;2.95003;1;0;-1
0;1131;20.7094;-13.4709;89.3545;8.96289;3016.01;5.38926;0;0;0.1;0.01;0;4.82303;0;0;-1
0;1132;22.7942;0.119695;90.1646;8.56343;2630.46;5.14907;0;0;0.1;0.01;0;3.46935;0;0;-1
0;1133;20.0113;20.8206;90.9644;8.88242;2935.5;5.34087;0;0;0.1;0.01;0;3.25207;0;0;-1
0;1134;20.8866;36.715;90.3471;8.61361;2676.97;5.17924;0;0;0.1;0.01;0;2.71898;0;0;-1
0;1135;37.3223;-7.80883;89.7321;9.767;3902.76;5.87276;0;0;0.1;0.01;0;3.63741;0;0;-1
0;1136;35.4262;9.72797;91.1685;8.5238;2594.11;5.12524;0;0;0.1;0.01;0;1.96325;0;0;-1
