Time;ID;x;y;z;radius;volume_total;radius_nuclear;contact_ECM;freezer;polarized_fraction;motility;cell_line;Cell_cell;phase;Cycle;NFkB
0;0;-51.318;-4.6143;-83.4206;8.5;2572.44;5.11093;0;0;0.1;0.01;0;2.64665;1;0;-1
0;1;-37.4321;-33.3457;-84.6844;9.8791;4038.69;5.94016;0;0;0.1;0.01;0;2.67522;0;0;-1
0;2;-37.6612;-13.8251;-86.483;8.5;2572.44;5.11093;0;0;0.1;0.01;0;2.65108;1;0;-1
0;3;-38.5094;0.470051;-85.5902;8.93259;2985.53;5.37104;0;0;0.1;0.01;0;2.49619;0;0;-1
0;4;-35.4913;20.6068;-84.3379;10.0373;4235.84;6.03528;0;0;0.1;0.01;0;3.0544;0;0;-1
0;5;-21.7997;-40.6281;-87.258;9.31441;3384.97;5.60062;0;0;0.1;0.01;0;2.80896;0;0;-1
0;6;-20.5445;-22.3994;-85.9331;8.72424;2781.45;5.24576;0;0;0.1;0.01;0;4.23926;0;0;-1
0;7;-21.0286;-8.41517;-84.5077;8.68751;2746.47;5.22367;0;0;0.1;0.01;0;4.10765;0;0;-1
0;8;-20.3065;10.7193;-85.9786;8.9461;2999.09;5.37916;0;0;0.1;0.01;0;3.39319;0;0;-1
0;9;-22.2964;28.7601;-84.0051;9.1147;3171.87;5.48054;0;0;0.1;0.01;0;3.81305;0;0;-1
0;10;-8.84591;-49.3331;-83.4163;10.3831;4688.89;6.24321;0;0;0.1;0.01;0;3.6103;0;0;-1
0;11;-7.09688;-30.7545;-87.1632;9.25676;3322.5;5.56596;0;0;0.1;0.01;0;4.75385;0;0;-1
0;12;-6.80937;-16.6162;-86.2536;8.92614;2979.06;5.36716;0;0;0.1;0.01;0;5.07729;0;0;-1
0;13;-6.59089;0.140398;-85.5153;10.1914;4433.94;6.12794;0;0;0.1;0.01;0;5.01977;0;0;-1
0;14;-7.56501;20.0324;-83.7596;10.1998;4444.92;6.13299;0;0;0.1;0.01;0;5.00673;0;0;-1
0;15;-7.67566;38.2922;-83.9356;9.71243;3837.71;5.83994;0;0;0.1;0.01;0;3.32111;0;0;-1
0;16;7.44379;-40.8701;-85.9515;10.0896;4302.4;6.06673;0;0;0.1;0.01;0;4.8473;0;0;-1
0;17;6.40487;-24.2344;-83.4869;10.0954;4309.82;6.07022;0;0;0.1;0.01;0;6.03786;0;0;-1
0;18;8.72652;-6.0207;-85.8393;8.76963;2825.09;5.27305;0;0;0.1;0.01;0;3.89341;0;0;-1
0;19;6.47836;10.9343;-86.7547;8.73724;2793.9;5.25358;0;0;0.1;0.01;0;2.6689;0;0;-1
0;20;7.75412;27.7518;-87.3906;8.84193;2895.54;5.31652;0;0;0.1;0.01;0;3.18371;0;0;-1
0;21;8.87843;45.3833;-83.5808;10.2972;4573.47;6.19156;0;0;0.1;0.01;0;3.80074;0;0;-1
0;22;20.2416;-49.1526;-84.4999;9.44966;3534.57;5.68194;0;0;0.1;0.01;0;3.23352;0;0;-1
0;23;23.3379;-34.0362;-86.6658;10.0918;4305.21;6.06805;0;0;0.1;0.01;0;5.12321;0;0;-1
0;24;20.608;-15.727;-84.97;8.5;2572.44;5.11093;0;0;0.1;0.01;0;3.28139;1;0;-1
0;25;22.4794;3.4537;-86.8687;8.58914;2654.22;5.16453;0;0;0.1;0.01;0;3.5893;0;0;-1
0;26;23.6312;20.3933;-84.4845;8.88816;2941.2;5.34432;0;0;0.1;0.01;0;4.47723;0;0;-1
0;27;23.5489;37.7411;-84.8604;9.8457;3997.87;5.92008;0;0;0.1;0.01;0;3.69367;0;0;-1
0;28;36.355;-40.195;-83.6481;9.99562;4183.29;6.01022;0;0;0.1;0.01;0;3.7682;0;0;-1
0;29;35.4682;-25.5461;-86.1266;8.5;2572.44;5.11093;0;0;0.1;0.01;0;3.01409;1;0;-1
0;30;37.2097;-5.59729;-85.3024;10.2046;4451.19;6.13588;0;0;0.1;0.01;0;2.5285;0;0;-1
0;31;36.5607;10.8583;-83.9717;10.2277;4481.49;6.14977;0;0;0.1;0.01;0;3.93871;0;0;-1
0;32;37.5876;26.9788;-83.9289;10.0868;4298.82;6.06505;0;0;0.1;0.01;0;4.35781;0;0;-1
0;33;-70.5244;-14.7622;-69.377;9.3986;3477.59;5.65124;0;0;0.1;0.01;0;2.28099;0;0;-1
0;34;-57.8076;-39.4457;-71.3428;9.97762;4160.73;5.9994;0;0;0.1;0.01;0;3.10657;0;0;-1
0;35;-56.6653;-25.1891;-72.4903;9.30194;3371.39;5.59312;0;0;0.1;0.01;0;3.9974;0;0;-1
0;36;-54.7623;-8.89805;-70.8534;8.5;2572.44;5.11093;0;0;0.1;0.01;0;4.50495;1;0;-1
0;37;-56.2949;9.85449;-69.7953;10.3383;4628.45;6.21627;0;0;0.1;0.01;0;3.50588;0;0;-1
0;38;-57.787;28.4736;-71.5075;8.5;2572.44;5.11093;0;0;0.1;0.01;0;2.15658;1;0;-1
0;39;-54.6569;46.904;-68.5799;9.52835;3623.61;5.72926;0;0;0.1;0.01;0;3.23997;0;0;-1
0;40;-41.5499;-51.3147;-72.6766;9.08313;3139.03;5.46155;0;0;0.1;0.01;0;2.11241;0;0;-1
0;41;-41.3975;-30.4525;-70.981;9.44447;3528.75;5.67882;0;0;0.1;0.01;0;5.73967;0;0;-1
0;42;-42.232;-16.625;-69.6707;10.4347;4759.14;6.27423;0;0;0.1;0.01;0;6.85728;0;0;-1
0;43;-39.413;1.73052;-69.0973;8.5;2572.44;5.11093;0;0;0.1;0.01;0;4.22193;1;0;-1
0;44;-42.3649;16.761;-69.0643;8.5;2572.44;5.11093;0;0;0.1;0.01;0;5.5122;1;0;-1
0;45;-42.423;34.2538;-69.8638;9.48534;3574.76;5.7034;0;0;0.1;0.01;0;5.21268;0;0;-1
0;46;-41.2145;53.4626;-69.4165;8.5;2572.44;5.11093;0;0;0.1;0.01;0;3.80413;1;0;-1
0;47;-26.5805;-57.196;-70.3581;8.69547;2754.02;5.22846;0;0;0.1;0.01;0;4.02451;0;0;-1
0;48;-28.5598;-42.5889;-68.4947;10.4235;4743.83;6.2675;0;0;0.1;0.01;0;6.38766;0;0;-1
0;49;-26.252;-24.7388;-70.6776;8.78999;2844.81;5.28529;0;0;0.1;0.01;0;5.81339;0;0;-1
0;50;-24.7274;-8.81212;-71.8617;8.5;2572.44;5.11093;0;0;0.1;0.01;0;4.47479;1;0;-1
0;51;-26.8809;11.1022;-69.654;9.33999;3412.93;5.616;0;0;0.1;0.01;0;5.34821;0;0;-1
0;52;-26.0059;26.9272;-69.2386;10.0291;4225.46;6.03035;0;0;0.1;0.01;0;6.56825;0;0;-1
0;53;-27.6183;43.7342;-70.6745;9.33376;3406.11;5.61225;0;0;0.1;0.01;0;4.60063;0;0;-1
0;54;-27.1664;62.1951;-69.8093;9.79464;3935.99;5.88937;0;0;0.1;0.01;0;3.73847;0;0;-1
0;55;-13.5695;-63.8493;-69.0202;9.87774;4037.02;5.93934;0;0;0.1;0.01;0;4.04136;0;0;-1
0;56;-13.8256;-48.1355;-68.3369;8.5;2572.44;5.11093;0;0;0.1;0.01;0;5.7217;1;0;-1
0;57;-11.3429;-31.1861;-72.6132;8.91585;2968.77;5.36097;0;0;0.1;0.01;0;5.09877;0;0;-1
0;58;-12.6988;-15.0506;-70.9684;9.29638;3365.35;5.58978;0;0;0.1;0.01;0;6.5896;0;0;-1
0;59;-9.95128;1.96301;-71.7777;9.45092;3535.99;5.6827;0;0;0.1;0.01;0;5.80896;0;0;-1
0;60;-11.646;16.5845;-70.1491;8.82064;2874.68;5.30372;0;0;0.1;0.01;0;5.34489;0;0;-1
0;61;-11.8817;36.6285;-70.9292;9.09843;3154.92;5.47075;0;0;0.1;0.01;0;4.64997;0;0;-1
0;62;-10.7504;55.0804;-70.3577;9.75011;3882.55;5.8626;0;0;0.1;0.01;0;3.31278;0;0;-1
0;63;2.1763;-56.2447;-69.0682;9.01971;3073.73;5.42342;0;0;0.1;0.01;0;4.73827;0;0;-1
0;64;3.94214;-40.1487;-72.048;8.76763;2823.16;5.27185;0;0;0.1;0.01;0;5.19877;0;0;-1
0;65;2.71698;-22.8953;-68.5029;10.2393;4496.76;6.15674;0;0;0.1;0.01;0;7.0706;0;0;-1
0;66;4.34243;-7.97922;-72.019;9.90275;4067.77;5.95438;0;0;0.1;0.01;0;6.59516;0;0;-1
0;67;2.35253;10.17;-69.2183;8.5;2572.44;5.11093;0;0;0.1;0.01;0;4.96719;1;0;-1
0;68;4.40126;26.7924;-69.6896;8.5;2572.44;5.11093;0;0;0.1;0.01;0;4.49271;1;0;-1
0;69;4.43765;45.7949;-70.5439;9.40266;3482.1;5.65368;0;0;0.1;0.01;0;6.07198;0;0;-1
0;70;3.50527;63.7171;-70.1471;9.87208;4030.09;5.93594;0;0;0.1;0.01;0;3.45366;0;0;-1
0;71;16.3304;-66.2701;-69.8976;9.33398;3406.35;5.61239;0;0;0.1;0.01;0;2.89138;0;0;-1
0;72;15.9702;-47.1706;-70.9228;8.71329;2770.99;5.23917;0;0;0.1;0.01;0;4.75213;0;0;-1
0;73;19.2574;-30.2052;-70.8782;10.2304;4485.04;6.15139;0;0;0.1;0.01;0;6.88955;0;0;-1
0;74;16.41;-14.0901;-69.2314;8.5;2572.44;5.11093;0;0;0.1;0.01;0;6.69884;1;0;-1
0;75;16.9956;1.21946;-71.329;9.24351;3308.26;5.55799;0;0;0.1;0.01;0;5.4414;0;0;-1
0;76;16.0041;18.209;-69.207;8.72477;2781.96;5.24608;0;0;0.1;0.01;0;4.98876;0;0;-1
0;77;17.3069;35.4437;-70.6353;9.03495;3089.34;5.43258;0;0;0.1;0.01;0;5.48936;0;0;-1
0;78;19.4547;55.0734;-70.2796;10.194;4437.34;6.1295;0;0;0.1;0.01;0;4.06652;0;0;-1
0;79;31.0817;-57.7958;-69.4678;8.5;2572.44;5.11093;0;0;0.1;0.01;0;3.36017;1;0;-1
0;80;31.7661;-38.5285;-68.4278;9.87873;4038.24;5.93994;0;0;0.1;0.01;0;6.27443;0;0;-1
0;81;32.0148;-21.8251;-69.6493;8.5;2572.44;5.11093;0;0;0.1;0.01;0;4.93244;1;0;-1
0;82;33.3352;-6.3418;-68.8073;9.53103;3626.67;5.73087;0;0;0.1;0.01;0;5.5714;0;0;-1
0;83;30.5703;12.4407;-71.2993;9.73152;3860.39;5.85142;0;0;0.1;0.01;0;6.45234;0;0;-1
0;84;33.6222;28.6038;-68.5221;10.0382;4236.98;6.03582;0;0;0.1;0.01;0;6.88799;0;0;-1
0;85;34.0102;43.7457;-71.9718;8.5;2572.44;5.11093;0;0;0.1;0.01;0;4.2349;1;0;-1
0;86;46.3651;-51.2901;-68.9067;9.61922;3728.28;5.7839;0;0;0.1;0.01;0;2.75934;0;0;-1
0;87;45.9822;-30.484;-71.9422;9.01313;3067.01;5.41946;0;0;0.1;0.01;0;4.33277;0;0;-1
0;88;47.5556;-13.4199;-72.0001;9.9526;4129.51;5.98435;0;0;0.1;0.01;0;4.86528;0;0;-1
0;89;45.3288;1.65046;-69.0626;8.5;2572.44;5.11093;0;0;0.1;0.01;0;5.76226;1;0;-1
0;90;47.3062;17.1281;-68.9551;10.3912;4699.87;6.24808;0;0;0.1;0.01;0;6.38361;0;0;-1
0;91;48.9699;36.8824;-71.9496;10.2103;4458.66;6.13931;0;0;0.1;0.01;0;3.53534;0;0;-1
0;92;46.6971;54.1092;-69.0022;8.5;2572.44;5.11093;0;0;0.1;0.01;0;2.53899;1;0;-1
0;93;60.0252;-25.6652;-72.0496;10.0688;4275.84;6.05422;0;0;0.1;0.01;0;2.75275;0;0;-1
0;94;62.5628;-5.60878;-71.922;8.73835;2794.97;5.25424;0;0;0.1;0.01;0;2.33593;0;0;-1
0;95;61.3306;9.87489;-68.8404;9.81409;3959.49;5.90107;0;0;0.1;0.01;0;3.63385;0;0;-1
0;96;-80.3942;-8.31405;-55.4111;9.69228;3813.88;5.82783;0;0;0.1;0.01;0;2.96136;0;0;-1
0;97;-80.1263;12.4612;-54.3349;8.7296;2786.58;5.24898;0;0;0.1;0.01;0;2.61374;0;0;-1
0;98;-65.756;-48.4239;-54.2756;10.1245;4347.2;6.08771;0;0;0.1;0.01;0;4.6801;0;0;-1
0;99;-67.7015;-33.8776;-55.4093;8.95215;3005.18;5.3828;0;0;0.1;0.01;0;3.30392;0;0;-1
0;100;-65.5539;-12.6526;-56.3809;8.50736;2579.13;5.11535;0;0;0.1;0.01;0;3.9997;0;0;-1
0;101;-64.5961;1.73281;-53.9621;9.72048;3847.26;5.84478;0;0;0.1;0.01;0;5.33451;0;0;-1
0;102;-68.0169;19.6462;-57.7821;8.68328;2742.46;5.22113;0;0;0.1;0.01;0;3.53362;0;0;-1
0;103;-66.4437;35.4401;-55.5508;8.5;2572.44;5.11093;0;0;0.1;0.01;0;3.4919;1;0;-1
0;104;-52.2523;-59.3471;-54.8725;9.7421;3872.99;5.85778;0;0;0.1;0.01;0;4.05916;0;0;-1
0;105;-52.9107;-42.3685;-57.5564;8.54632;2614.73;5.13878;0;0;0.1;0.01;0;4.59328;0;0;-1
0;106;-51.3179;-24.6948;-57.8067;8.5;2572.44;5.11093;0;0;0.1;0.01;0;4.57132;1;0;-1
0;107;-49.8601;-4.79544;-57.121;9.83619;3986.29;5.91436;0;0;0.1;0.01;0;6.42135;0;0;-1
0;108;-51.7484;12.0422;-54.3836;9.7551;3888.52;5.8656;0;0;0.1;0.01;0;7.06047;0;0;-1
0;109;-51.0336;27.856;-57.8133;10.3779;4681.85;6.24008;0;0;0.1;0.01;0;6.92709;0;0;-1
0;110;-52.1448;44.8083;-54.0145;9.75705;3890.85;5.86677;0;0;0.1;0.01;0;6.19688;0;0;-1
0;111;-50.5759;59.7311;-54.4365;10.0947;4308.92;6.0698;0;0;0.1;0.01;0;5.15102;0;0;-1
0;112;-38.6602;-66.5824;-56.3513;9.78686;3926.62;5.8847;0;0;0.1;0.01;0;4.10026;0;0;-1
0;113;-38.3691;-51.0461;-54.5647;9.22818;3291.83;5.54877;0;0;0.1;0.01;0;5.19152;0;0;-1
0;114;-36.5532;-31.2291;-56.2447;9.62245;3732.03;5.78584;0;0;0.1;0.01;0;6.18325;0;0;-1
0;115;-36.5249;-14.8551;-55.7953;10.2702;4537.59;6.17532;0;0;0.1;0.01;0;6.81756;0;0;-1
0;116;-37.75;2.43669;-54.373;8.98033;3033.65;5.39974;0;0;0.1;0.01;0;5.52247;0;0;-1
0;117;-36.0802;20.9959;-57.018;10.2728;4541.04;6.17689;0;0;0.1;0.01;0;7.53955;0;0;-1
0;118;-35.2043;36.6514;-55.0635;8.75833;2814.18;5.26626;0;0;0.1;0.01;0;6.65458;0;0;-1
0;119;-36.9972;51.2808;-56.5057;10.0445;4244.96;6.03961;0;0;0.1;0.01;0;6.94546;0;0;-1
0;120;-35.9261;70.3144;-57.9299;10.4064;4720.52;6.25722;0;0;0.1;0.01;0;4.27311;0;0;-1
0;121;-23.9305;-76.0242;-57.3267;9.56038;3660.28;5.74852;0;0;0.1;0.01;0;3.14435;0;0;-1
0;122;-21.829;-56.2154;-56.4053;9.42137;3502.92;5.66493;0;0;0.1;0.01;0;6.51076;0;0;-1
0;123;-21.0914;-40.4631;-54.8498;10.0066;4197.09;6.01682;0;0;0.1;0.01;0;6.98258;0;0;-1
0;124;-23.6243;-22.5412;-56.7401;9.91108;4078.04;5.95939;0;0;0.1;0.01;0;6.87621;0;0;-1
0;125;-21.5811;-7.15077;-56.3399;8.98657;3039.98;5.40349;0;0;0.1;0.01;0;5.63149;0;0;-1
0;126;-22.4081;9.00161;-55.9863;9.44496;3529.3;5.67912;0;0;0.1;0.01;0;4.79983;0;0;-1
0;127;-21.4028;25.5951;-55.5841;8.61865;2681.68;5.18227;0;0;0.1;0.01;0;5.26406;0;0;-1
0;128;-21.7857;42.3053;-56.7053;8.5;2572.44;5.11093;0;0;0.1;0.01;0;5.12222;1;0;-1
0;129;-22.1144;63.2061;-54.4609;10.3642;4663.33;6.23184;0;0;0.1;0.01;0;7.13697;0;0;-1
0;130;-22.0256;77.976;-57.0186;9.14647;3205.16;5.49964;0;0;0.1;0.01;0;3.52633;0;0;-1
0;131;-9.28875;-80.7881;-56.0056;8.5;2572.44;5.11093;0;0;0.1;0.01;0;2.469;1;0;-1
0;132;-5.76704;-65.6676;-55.7495;9.0412;3095.76;5.43634;0;0;0.1;0.01;0;4.74558;0;0;-1
0;133;-6.23219;-47.1148;-55.1225;9.62786;3738.33;5.78909;0;0;0.1;0.01;0;5.88235;0;0;-1
0;134;-8.77187;-29.9207;-54.6171;9.80216;3945.06;5.8939;0;0;0.1;0.01;0;5.57464;0;0;-1
0;135;-8.94586;-14.1416;-55.4233;8.61231;2675.76;5.17846;0;0;0.1;0.01;0;5.84095;0;0;-1
0;136;-7.06818;0.36716;-56.7194;8.5;2572.44;5.11093;0;0;0.1;0.01;0;5.33893;1;0;-1
0;137;-5.9236;20.9942;-55.1513;10.3787;4682.93;6.24056;0;0;0.1;0.01;0;6.33351;0;0;-1
0;138;-8.23757;36.9515;-55.4875;10.3709;4672.38;6.23587;0;0;0.1;0.01;0;6.41254;0;0;-1
0;139;-5.82968;54.9383;-55.1063;10.4463;4775.03;6.28121;0;0;0.1;0.01;0;6.18425;0;0;-1
0;140;-8.72136;70.327;-55.1301;8.9171;2970.02;5.36172;0;0;0.1;0.01;0;3.30301;0;0;-1
0;141;8.98395;-74.324;-56.9;8.95921;3012.3;5.38704;0;0;0.1;0.01;0;3.46673;0;0;-1
0;142;6.86243;-58.0823;-56.2146;9.9375;4110.74;5.97527;0;0;0.1;0.01;0;6.12513;0;0;-1
0;143;7.3431;-41.7053;-54.9311;8.5;2572.44;5.11093;0;0;0.1;0.01;0;4.38008;1;0;-1
0;144;9.40388;-22.7183;-56.6014;9.348;3421.72;5.62082;0;0;0.1;0.01;0;6.49426;0;0;-1
0;145;6.03104;-8.01527;-56.8582;9.37777;3454.52;5.63872;0;0;0.1;0.01;0;6.472;0;0;-1
0;146;5.61264;9.72294;-55.2422;8.95394;3006.98;5.38387;0;0;0.1;0.01;0;4.28;0;0;-1
0;147;8.44242;27.751;-53.9534;10.1128;4332.14;6.08068;0;0;0.1;0.01;0;6.67656;0;0;-1
0;148;8.53503;44.9741;-55.975;10.2821;4553.38;6.18248;0;0;0.1;0.01;0;7.63943;0;0;-1
0;149;8.84206;59.8417;-57.7186;8.76315;2818.83;5.26915;0;0;0.1;0.01;0;5.80922;0;0;-1
0;150;8.56801;79.8401;-54.3407;9.33081;3402.88;5.61048;0;0;0.1;0.01;0;2.80761;0;0;-1
0;151;22.2796;-64.2601;-56.6569;9.79249;3933.4;5.88808;0;0;0.1;0.01;0;4.9678;0;0;-1
0;152;24.1806;-49.9865;-53.7212;8.97699;3030.27;5.39773;0;0;0.1;0.01;0;5.40056;0;0;-1
0;153;20.2934;-32.614;-55.2853;9.10775;3164.62;5.47636;0;0;0.1;0.01;0;5.15475;0;0;-1
0;154;20.5195;-12.7126;-57.3674;9.31056;3380.77;5.5983;0;0;0.1;0.01;0;6.01003;0;0;-1
0;155;23.6305;1.41877;-56.4434;9.29185;3360.43;5.58705;0;0;0.1;0.01;0;5.68159;0;0;-1
0;156;23.7525;20.6571;-55.7399;10.1452;4373.92;6.10016;0;0;0.1;0.01;0;6.42674;0;0;-1
0;157;22.6867;38.2405;-56.2073;10.0929;4306.62;6.06871;0;0;0.1;0.01;0;7.04087;0;0;-1
0;158;22.9274;54.3759;-53.979;10.4336;4757.64;6.27357;0;0;0.1;0.01;0;7.09896;0;0;-1
0;159;22.0554;70.5673;-57.6945;9.08793;3144.01;5.46444;0;0;0.1;0.01;0;2.47045;0;0;-1
0;160;38.5699;-56.0266;-56.4244;9.06067;3115.8;5.44805;0;0;0.1;0.01;0;4.55434;0;0;-1
0;161;34.9362;-38.3603;-54.7213;8.60039;2664.67;5.17129;0;0;0.1;0.01;0;5.32534;0;0;-1
0;162;38.5255;-25.1007;-56.4535;9.04343;3098.05;5.43768;0;0;0.1;0.01;0;5.60437;0;0;-1
0;163;37.2057;-5.69251;-54.8346;8.57831;2644.2;5.15801;0;0;0.1;0.01;0;5.96608;0;0;-1
0;164;38.4565;8.33388;-55.4104;9.23354;3297.56;5.55199;0;0;0.1;0.01;0;6.96414;0;0;-1
0;165;38.8688;25.4346;-54.6062;9.85015;4003.29;5.92275;0;0;0.1;0.01;0;6.32683;0;0;-1
0;166;36.7831;46.1476;-56.6474;9.17439;3234.6;5.51643;0;0;0.1;0.01;0;5.85693;0;0;-1
0;167;36.3672;60.7308;-54.1211;8.5;2572.44;5.11093;0;0;0.1;0.01;0;4.54005;1;0;-1
0;168;52.8861;-50.9592;-56.0542;8.97539;3028.65;5.39677;0;0;0.1;0.01;0;3.28814;0;0;-1
0;169;52.0654;-31.0903;-54.1366;9.95776;4135.93;5.98746;0;0;0.1;0.01;0;5.73124;0;0;-1
0;170;52.9074;-15.0647;-54.3789;8.5;2572.44;5.11093;0;0;0.1;0.01;0;5.22858;1;0;-1
0;171;52.2509;0.0416354;-54.3894;9.99184;4178.54;6.00795;0;0;0.1;0.01;0;7.51514;0;0;-1
0;172;51.192;18.0873;-56.0432;9.0008;3054.44;5.41205;0;0;0.1;0.01;0;6.79109;0;0;-1
0;173;52.9405;34.0761;-55.7647;9.24176;3306.38;5.55694;0;0;0.1;0.01;0;5.31135;0;0;-1
0;174;52.6979;55.2591;-56.5083;10.1122;4331.37;6.08032;0;0;0.1;0.01;0;4.26854;0;0;-1
0;175;64.6179;-40.8723;-56.6767;9.03274;3087.07;5.43126;0;0;0.1;0.01;0;2.9943;0;0;-1
0;176;67.2839;-25.0829;-56.1101;9.38578;3463.38;5.64353;0;0;0.1;0.01;0;4.41962;0;0;-1
0;177;67.7699;-4.50009;-55.1295;8.5;2572.44;5.11093;0;0;0.1;0.01;0;5.13922;1;0;-1
0;178;65.8312;11.9961;-53.8067;9.54477;3642.38;5.73913;0;0;0.1;0.01;0;5.87433;0;0;-1
0;179;66.0105;26.6427;-55.2781;8.5;2572.44;5.11093;0;0;0.1;0.01;0;3.88951;1;0;-1
0;180;64.7679;46.064;-54.3209;9.81335;3958.59;5.90062;0;0;0.1;0.01;0;3.39628;0;0;-1
0;181;79.7173;-16.8482;-56.7584;10.1836;4423.77;6.12325;0;0;0.1;0.01;0;2.82799;0;0;-1
0;182;82.2215;1.12205;-54.4694;8.92226;2975.18;5.36483;0;0;0.1;0.01;0;2.8272;0;0;-1
0;183;-87.5155;-21.6641;-40.6309;9.37018;3446.14;5.63415;0;0;0.1;0.01;0;3.14462;0;0;-1
0;184;-84.1176;-8.17287;-40.1246;10.0307;4227.49;6.03131;0;0;0.1;0.01;0;5.21918;0;0;-1
0;185;-86.3088;12.3526;-39.6292;9.63572;3747.5;5.79382;0;0;0.1;0.01;0;4.43982;0;0;-1
0;186;-86.6591;29.3365;-39.2275;9.84885;4001.71;5.92197;0;0;0.1;0.01;0;3.00488;0;0;-1
0;187;-70.18;-48.0408;-39.6396;8.5;2572.44;5.11093;0;0;0.1;0.01;0;4.05752;1;0;-1
0;188;-72.1212;-33.9483;-41.5647;10.2288;4482.94;6.15043;0;0;0.1;0.01;0;5.02592;0;0;-1
0;189;-71.5921;-14.5693;-41.629;8.5;2572.44;5.11093;0;0;0.1;0.01;0;5.38662;1;0;-1
0;190;-72.6788;3.6149;-40.9303;10.2704;4537.86;6.17544;0;0;0.1;0.01;0;7.38602;0;0;-1
0;191;-70.5096;19.0738;-42.0651;9.73679;3866.66;5.85459;0;0;0.1;0.01;0;6.24191;0;0;-1
0;192;-69.9867;37.0815;-42.918;9.92192;4091.44;5.96591;0;0;0.1;0.01;0;5.6834;0;0;-1
0;193;-72.659;51.3903;-41.1063;9.59208;3696.81;5.76758;0;0;0.1;0.01;0;3.09306;0;0;-1
0;194;-56.9542;-59.2037;-39.9327;10.3288;4615.71;6.21056;0;0;0.1;0.01;0;5.25057;0;0;-1
0;195;-56.7236;-39.4575;-41.8705;9.50868;3601.22;5.71743;0;0;0.1;0.01;0;6.64149;0;0;-1
0;196;-54.1662;-24.6421;-40.9084;9.31218;3382.54;5.59928;0;0;0.1;0.01;0;5.42096;0;0;-1
0;197;-57.4644;-7.32676;-42.0155;10.0834;4294.47;6.063;0;0;0.1;0.01;0;6.9922;0;0;-1
0;198;-55.061;9.538;-39.8533;10.2811;4552.05;6.18188;0;0;0.1;0.01;0;6.71537;0;0;-1
0;199;-55.5423;25.8688;-41.5503;9.89022;4052.35;5.94685;0;0;0.1;0.01;0;6.11381;0;0;-1
0;200;-56.9713;42.6515;-40.1061;9.6706;3788.34;5.81479;0;0;0.1;0.01;0;6.52577;0;0;-1
0;201;-54.2513;60.447;-39.5929;9.62047;3729.73;5.78465;0;0;0.1;0.01;0;5.24027;0;0;-1
0;202;-40.5199;-80.6262;-40.9833;8.5;2572.44;5.11093;0;0;0.1;0.01;0;2.97106;1;0;-1
0;203;-41.6816;-65.8986;-39.2262;9.46189;3548.32;5.6893;0;0;0.1;0.01;0;6.38122;0;0;-1
0;204;-43.0534;-47.5217;-41.7135;8.5;2572.44;5.11093;0;0;0.1;0.01;0;4.90106;1;0;-1
0;205;-42.5721;-31.688;-42.2053;8.64528;2706.61;5.19828;0;0;0.1;0.01;0;5.09431;0;0;-1
0;206;-40.2479;-13.4524;-40.6529;9.60474;3711.47;5.77519;0;0;0.1;0.01;0;6.10344;0;0;-1
0;207;-42.0122;1.9499;-39.994;9.25091;3316.21;5.56244;0;0;0.1;0.01;0;6.47572;0;0;-1
0;208;-41.7846;19.6586;-42.4178;8.59492;2659.59;5.168;0;0;0.1;0.01;0;5.9144;0;0;-1
0;209;-41.4507;34.4579;-41.4093;8.78789;2842.77;5.28403;0;0;0.1;0.01;0;5.64129;0;0;-1
0;210;-40.2697;53.6155;-41.2228;9.53739;3633.94;5.73469;0;0;0.1;0.01;0;7.07258;0;0;-1
0;211;-40.8047;68.4794;-42.1347;10.3601;4657.8;6.22938;0;0;0.1;0.01;0;6.08246;0;0;-1
0;212;-27.66;-72.9665;-42.8732;9.39388;3472.35;5.6484;0;0;0.1;0.01;0;6.10699;0;0;-1
0;213;-28.1435;-57.7293;-40.4561;10.4418;4768.86;6.2785;0;0;0.1;0.01;0;7.09526;0;0;-1
0;214;-25.2973;-38.5066;-42.3695;9.23225;3296.18;5.55122;0;0;0.1;0.01;0;5.32891;0;0;-1
0;215;-25.0101;-22.3778;-39.818;9.9908;4177.24;6.00732;0;0;0.1;0.01;0;6.38966;0;0;-1
0;216;-24.7467;-5.17886;-40.65;8.87426;2927.42;5.33596;0;0;0.1;0.01;0;5.61474;0;0;-1
0;217;-25.45;9.76085;-41.0402;8.5;2572.44;5.11093;0;0;0.1;0.01;0;4.04115;1;0;-1
0;218;-28.1761;27.0148;-42.0144;9.3773;3454;5.63843;0;0;0.1;0.01;0;5.49027;0;0;-1
0;219;-27.2183;44.1198;-42.1003;9.59228;3697.04;5.7677;0;0;0.1;0.01;0;6.10604;0;0;-1
0;220;-27.5577;60.5346;-40.764;9.41372;3494.4;5.66033;0;0;0.1;0.01;0;7.0675;0;0;-1
0;221;-25.0135;77.1697;-42.0806;9.57316;3674.98;5.7562;0;0;0.1;0.01;0;5.24634;0;0;-1
0;222;-12.9898;-83.1447;-42.1639;8.61093;2674.48;5.17763;0;0;0.1;0.01;0;4.03724;0;0;-1
0;223;-12.9521;-67.6064;-39.7399;10.0617;4266.8;6.04995;0;0;0.1;0.01;0;6.69575;0;0;-1
0;224;-12.394;-49.3807;-41.8335;9.18212;3242.78;5.52108;0;0;0.1;0.01;0;5.32011;0;0;-1
0;225;-9.78644;-33.3291;-39.8339;9.50911;3601.71;5.71769;0;0;0.1;0.01;0;6.11701;0;0;-1
0;226;-13.0731;-15.5117;-40.7563;8.69144;2750.2;5.22604;0;0;0.1;0.01;0;6.37291;0;0;-1
0;227;-11.0638;0.252307;-41.4523;8.66025;2720.7;5.20728;0;0;0.1;0.01;0;5.4539;0;0;-1
0;228;-12.5364;20.0327;-39.3442;9.95302;4130.03;5.98461;0;0;0.1;0.01;0;6.16004;0;0;-1
0;229;-9.95841;34.3087;-39.7691;8.5;2572.44;5.11093;0;0;0.1;0.01;0;6.08791;1;0;-1
0;230;-11.5604;52.9623;-39.3554;10.1789;4417.65;6.12042;0;0;0.1;0.01;0;6.4724;0;0;-1
0;231;-11.1012;70.7607;-40.037;9.43087;3513.53;5.67065;0;0;0.1;0.01;0;5.57736;0;0;-1
0;232;-9.7912;87.1021;-39.9587;8.5;2572.44;5.11093;0;0;0.1;0.01;0;2.38833;1;0;-1
0;233;2.82139;-89.5427;-42.0515;9.11671;3173.97;5.48175;0;0;0.1;0.01;0;2.88206;0;0;-1
0;234;4.67862;-74.927;-41.1576;8.55271;2620.59;5.14262;0;0;0.1;0.01;0;5.17847;0;0;-1
0;235;2.01277;-59.7568;-39.3799;9.47364;3561.55;5.69636;0;0;0.1;0.01;0;5.41871;0;0;-1
0;236;3.62761;-40.7652;-39.8024;8.5;2572.44;5.11093;0;0;0.1;0.01;0;4.85083;1;0;-1
0;237;4.67755;-25.2806;-39.5129;9.5216;3615.92;5.7252;0;0;0.1;0.01;0;6.13765;0;0;-1
0;238;1.23437;-8.08063;-42.4296;10.2613;4525.8;6.16997;0;0;0.1;0.01;0;6.26667;0;0;-1
0;239;3.22065;10.4484;-41.0137;8.61838;2681.42;5.18211;0;0;0.1;0.01;0;4.36777;0;0;-1
0;240;4.07362;27.1882;-39.4751;8.90471;2957.66;5.35427;0;0;0.1;0.01;0;6.72801;0;0;-1
0;241;1.22655;43.0307;-40.2771;10.0973;4312.25;6.07136;0;0;0.1;0.01;0;7.97826;0;0;-1
0;242;1.51829;60.6212;-40.9718;8.5;2572.44;5.11093;0;0;0.1;0.01;0;5.36311;1;0;-1
0;243;3.95474;76.3826;-41.0729;9.14274;3201.24;5.4974;0;0;0.1;0.01;0;5.26561;0;0;-1
0;244;17.6741;-82.325;-42.0966;8.5;2572.44;5.11093;0;0;0.1;0.01;0;3.2947;1;0;-1
0;245;18.2152;-65.4544;-39.2859;10.2625;4527.39;6.17069;0;0;0.1;0.01;0;5.88513;0;0;-1
0;246;17.9205;-46.4596;-40.8005;8.89095;2943.97;5.346;0;0;0.1;0.01;0;5.26748;0;0;-1
0;247;17.8383;-31.7633;-41.1624;8.5;2572.44;5.11093;0;0;0.1;0.01;0;5.83983;1;0;-1
0;248;19.0994;-15.4969;-41.7707;9.48375;3572.97;5.70244;0;0;0.1;0.01;0;5.92444;0;0;-1
0;249;19.7498;1.94312;-42.1596;9.10927;3166.21;5.47727;0;0;0.1;0.01;0;4.69247;0;0;-1
0;250;17.6646;17.7329;-40.5172;9.27102;3337.88;5.57453;0;0;0.1;0.01;0;5.59757;0;0;-1
0;251;19.0286;36.7151;-42.8445;9.9124;4079.67;5.96018;0;0;0.1;0.01;0;7.63262;0;0;-1
0;252;16.7964;52.0118;-39.69;10.0976;4312.64;6.07154;0;0;0.1;0.01;0;7.44151;0;0;-1
0;253;18.7604;68.4693;-41.1955;10.3155;4597.9;6.20256;0;0;0.1;0.01;0;5.94116;0;0;-1
0;254;16.4101;87.4174;-41.1248;10.0767;4285.92;6.05897;0;0;0.1;0.01;0;3.14702;0;0;-1
0;255;32.9546;-75.6307;-42.5049;8.64912;2710.22;5.20059;0;0;0.1;0.01;0;2.2507;0;0;-1
0;256;30.5606;-56.4913;-40.5193;9.0958;3152.18;5.46917;0;0;0.1;0.01;0;6.27858;0;0;-1
0;257;33.7135;-41.1793;-40.4679;10.005;4195.08;6.01586;0;0;0.1;0.01;0;7.65287;0;0;-1
0;258;32.7718;-25.2899;-41.5669;10.1242;4346.81;6.08753;0;0;0.1;0.01;0;7.40587;0;0;-1
0;259;33.7392;-8.05175;-42.0322;8.5;2572.44;5.11093;0;0;0.1;0.01;0;4.72453;1;0;-1
0;260;33.8434;10.0357;-42.2921;8.5;2572.44;5.11093;0;0;0.1;0.01;0;5.10101;1;0;-1
0;261;33.8499;29.523;-39.88;8.93213;2985.06;5.37076;0;0;0.1;0.01;0;6.03248;0;0;-1
0;262;32.9436;46.1515;-39.4204;10.038;4236.72;6.0357;0;0;0.1;0.01;0;7.76752;0;0;-1
0;263;33.9172;60.0833;-39.7084;9.38769;3465.49;5.64468;0;0;0.1;0.01;0;6.2066;0;0;-1
0;264;33.5543;79.8437;-40.4272;8.95437;3007.42;5.38413;0;0;0.1;0.01;0;2.74404;0;0;-1
0;265;47.8271;-65.2734;-41.6058;8.94443;2997.41;5.37816;0;0;0.1;0.01;0;2.4664;0;0;-1
0;266;47.1413;-47.7054;-39.952;9.52788;3623.08;5.72898;0;0;0.1;0.01;0;5.80426;0;0;-1
0;267;47.7642;-30.2391;-39.2214;10.3176;4600.71;6.20382;0;0;0.1;0.01;0;7.65991;0;0;-1
0;268;46.7909;-14.9407;-42.5822;10.067;4273.55;6.05314;0;0;0.1;0.01;0;7.77807;0;0;-1
0;269;46.0828;2.87764;-42.1866;8.5;2572.44;5.11093;0;0;0.1;0.01;0;6.19927;1;0;-1
0;270;47.7567;16.8721;-43.0432;10.1627;4396.59;6.11068;0;0;0.1;0.01;0;7.43792;0;0;-1
0;271;46.846;37.9664;-41.1004;9.52653;3621.54;5.72816;0;0;0.1;0.01;0;6.19243;0;0;-1
0;272;46.7044;52.14;-42.8741;9.67637;3795.12;5.81826;0;0;0.1;0.01;0;6.60479;0;0;-1
0;273;46.833;69.2597;-39.8978;9.92643;4097.02;5.96862;0;0;0.1;0.01;0;4.49561;0;0;-1
0;274;60.3761;-55.3614;-39.3292;9.8308;3979.74;5.91112;0;0;0.1;0.01;0;4.74603;0;0;-1
0;275;63.9945;-41.6934;-39.8277;8.94562;2998.61;5.37887;0;0;0.1;0.01;0;4.28121;0;0;-1
0;276;61.2081;-23.3574;-39.8279;8.55006;2618.16;5.14103;0;0;0.1;0.01;0;5.54141;0;0;-1
0;277;63.4149;-7.79573;-42.3314;9.67674;3795.56;5.81848;0;0;0.1;0.01;0;6.80221;0;0;-1
0;278;63.5979;8.22818;-39.4693;10.0114;4203.13;6.01971;0;0;0.1;0.01;0;6.55976;0;0;-1
0;279;63.0243;26.1898;-42.2758;10.0357;4233.81;6.03432;0;0;0.1;0.01;0;6.07393;0;0;-1
0;280;61.5502;42.1347;-41.1973;8.88075;2933.85;5.33987;0;0;0.1;0.01;0;5.08276;0;0;-1
0;281;61.9964;60.4226;-42.4613;9.23144;3295.32;5.55073;0;0;0.1;0.01;0;3.67771;0;0;-1
0;282;74.9431;-32.4977;-43.1685;9.0112;3065.04;5.4183;0;0;0.1;0.01;0;3.21605;0;0;-1
0;283;77.7442;-14.9996;-41.1224;8.62851;2690.89;5.1882;0;0;0.1;0.01;0;4.46344;0;0;-1
0;284;76.3312;-0.0856736;-41.4675;10.2851;4557.37;6.18428;0;0;0.1;0.01;0;6.87631;0;0;-1
0;285;78.742;19.7253;-42.8249;8.99017;3043.63;5.40566;0;0;0.1;0.01;0;3.33068;0;0;-1
0;286;76.537;34.3374;-41.9444;9.23964;3304.1;5.55566;0;0;0.1;0.01;0;3.5406;0;0;-1
0;287;90.5164;-4.55581;-40.5352;8.7003;2758.62;5.23136;0;0;0.1;0.01;0;2.2325;0;0;-1
0;288;-95.1313;-13.5103;-24.7005;8.77145;2826.85;5.27415;0;0;0.1;0.01;0;3.17513;0;0;-1
0;289;-95.6313;1.25007;-26.0966;9.92316;4092.97;5.96665;0;0;0.1;0.01;0;3.87572;0;0;-1
0;290;-80.87;-41.5004;-24.6571;9.90428;4069.65;5.9553;0;0;0.1;0.01;0;2.88691;0;0;-1
0;291;-81.7983;-23.4422;-27.345;9.5595;3659.27;5.74799;0;0;0.1;0.01;0;3.86437;0;0;-1
0;292;-78.9084;-4.65531;-26.4845;10.0423;4242.17;6.03829;0;0;0.1;0.01;0;5.59159;0;0;-1
0;293;-82.5743;10.9707;-26.4529;10.1274;4350.93;6.08946;0;0;0.1;0.01;0;6.28613;0;0;-1
0;294;-82.4149;27.6795;-25.1434;10.0349;4232.8;6.03384;0;0;0.1;0.01;0;5.02713;0;0;-1
0;295;-80.4018;44.5595;-28.1127;9.88358;4044.19;5.94285;0;0;0.1;0.01;0;3.28448;0;0;-1
0;296;-64.0811;-67.8786;-25.9977;8.5;2572.44;5.11093;0;0;0.1;0.01;0;2.51845;1;0;-1
0;297;-64.3796;-48.9962;-26.132;8.77835;2833.53;5.27829;0;0;0.1;0.01;0;4.3583;0;0;-1
0;298;-64.5296;-31.2631;-25.4632;9.74862;3880.77;5.8617;0;0;0.1;0.01;0;5.46644;0;0;-1
0;299;-64.4857;-12.8905;-26.9931;9.28066;3348.31;5.58033;0;0;0.1;0.01;0;5.55845;0;0;-1
0;300;-66.0781;4.44375;-26.0326;8.5;2572.44;5.11093;0;0;0.1;0.01;0;5.94033;1;0;-1
0;301;-65.4721;20.2182;-26.9389;8.59094;2655.89;5.16561;0;0;0.1;0.01;0;5.7119;0;0;-1
0;302;-64.6866;35.2179;-27.1743;10.0497;4251.56;6.04274;0;0;0.1;0.01;0;6.31059;0;0;-1
0;303;-64.547;50.9132;-26.2288;9.27992;3347.51;5.57988;0;0;0.1;0.01;0;5.75089;0;0;-1
0;304;-66.6792;68.6695;-26.7109;9.4554;3541.02;5.68539;0;0;0.1;0.01;0;2.1501;0;0;-1
0;305;-49.7086;-72.5004;-27.7954;8.99661;3050.18;5.40953;0;0;0.1;0.01;0;5.22914;0;0;-1
0;306;-49.6166;-58.1788;-26.2865;9.25063;3315.91;5.56227;0;0;0.1;0.01;0;6.29406;0;0;-1
0;307;-51.5398;-39.7129;-26.3413;9.3425;3415.69;5.61751;0;0;0.1;0.01;0;6.00788;0;0;-1
0;308;-52.4111;-23.1169;-27.552;9.77632;3913.95;5.87836;0;0;0.1;0.01;0;6.55529;0;0;-1
0;309;-50.4846;-7.035;-27.8089;9.73264;3861.72;5.8521;0;0;0.1;0.01;0;6.61114;0;0;-1
0;310;-53.0165;8.65052;-26.3271;8.9409;2993.87;5.37603;0;0;0.1;0.01;0;5.48916;0;0;-1
0;311;-51.1157;26.79;-24.4713;9.14375;3202.3;5.498;0;0;0.1;0.01;0;5.57816;0;0;-1
0;312;-49.9921;45.5124;-24.8724;9.78011;3918.5;5.88064;0;0;0.1;0.01;0;7.33802;0;0;-1
0;313;-50.6658;62.4909;-25.5785;8.75947;2815.28;5.26694;0;0;0.1;0.01;0;6.08428;0;0;-1
0;314;-51.7938;78.4818;-28.2568;8.72318;2780.44;5.24512;0;0;0.1;0.01;0;2.65317;0;0;-1
0;315;-36.4313;-82.1756;-26.5181;10.3133;4594.96;6.20124;0;0;0.1;0.01;0;6.1966;0;0;-1
0;316;-34.9834;-67.3067;-26.7999;8.88636;2939.41;5.34324;0;0;0.1;0.01;0;6.99097;0;0;-1
0;317;-38.3685;-47.1071;-27.1466;10.1598;4392.83;6.10894;0;0;0.1;0.01;0;5.71212;0;0;-1
0;318;-36.0565;-30.0862;-26.072;9.32899;3400.89;5.60939;0;0;0.1;0.01;0;6.11469;0;0;-1
0;319;-34.6318;-13.7598;-26.8005;8.77558;2830.85;5.27663;0;0;0.1;0.01;0;5.01562;0;0;-1
0;320;-36.5878;4.31474;-27.4483;8.5;2572.44;5.11093;0;0;0.1;0.01;0;4.19464;1;0;-1
0;321;-38.3576;18.5461;-27.4787;9.50184;3593.45;5.71332;0;0;0.1;0.01;0;5.45523;0;0;-1
0;322;-38.2432;34.5859;-25.1753;8.5;2572.44;5.11093;0;0;0.1;0.01;0;5.50249;1;0;-1
0;323;-37.6479;52.2768;-27.8671;9.223;3286.29;5.54566;0;0;0.1;0.01;0;6.07253;0;0;-1
0;324;-38.2112;67.7271;-25.7636;8.5;2572.44;5.11093;0;0;0.1;0.01;0;4.48608;1;0;-1
0;325;-35.5405;85.8449;-24.9507;10.2803;4550.99;6.1814;0;0;0.1;0.01;0;3.74686;0;0;-1
0;326;-21.7857;-90.7771;-25.2903;10.3383;4628.45;6.21627;0;0;0.1;0.01;0;3.98769;0;0;-1
0;327;-20.5834;-73.0876;-27.0235;10.1729;4409.84;6.11682;0;0;0.1;0.01;0;8.27797;0;0;-1
0;328;-20.3457;-59.1592;-26.3094;9.74517;3876.65;5.85963;0;0;0.1;0.01;0;7.2678;0;0;-1
0;329;-22.0199;-40.5906;-26.6609;8.61701;2680.15;5.18128;0;0;0.1;0.01;0;4.98812;0;0;-1
0;330;-21.3634;-21.105;-24.9769;10.094;4308.03;6.06938;0;0;0.1;0.01;0;6.84222;0;0;-1
0;331;-19.7198;-5.48141;-28.0842;8.5;2572.44;5.11093;0;0;0.1;0.01;0;4.65045;1;0;-1
0;332;-21.3128;11.8056;-25.7713;8.5;2572.44;5.11093;0;0;0.1;0.01;0;4.00107;1;0;-1
0;333;-22.779;28.7647;-27.7833;8.64731;2708.52;5.1995;0;0;0.1;0.01;0;5.10137;0;0;-1
0;334;-21.2691;44.7691;-27.8801;9.74786;3879.86;5.86125;0;0;0.1;0.01;0;5.84117;0;0;-1
0;335;-21.6892;62.1725;-26.6126;9.66986;3787.47;5.81435;0;0;0.1;0.01;0;6.33875;0;0;-1
0;336;-22.8413;78.7596;-27.9121;9.43208;3514.88;5.67137;0;0;0.1;0.01;0;5.63147;0;0;-1
0;337;-5.93863;-81.2694;-28.6509;9.37792;3454.68;5.63881;0;0;0.1;0.01;0;6.09397;0;0;-1
0;338;-7.90854;-66.6072;-26.3288;9.47884;3567.42;5.69949;0;0;0.1;0.01;0;6.68885;0;0;-1
0;339;-8.56362;-48.5892;-24.3806;9.13807;3196.33;5.49459;0;0;0.1;0.01;0;5.1859;0;0;-1
0;340;-8.20453;-29.6872;-25.5447;8.77274;2828.1;5.27492;0;0;0.1;0.01;0;5.5651;0;0;-1
0;341;-6.01135;-13.3239;-27.811;9.41095;3491.31;5.65867;0;0;0.1;0.01;0;6.59871;0;0;-1
0;342;-5.4957;1.92823;-27.6483;8.53399;2603.42;5.13136;0;0;0.1;0.01;0;5.70955;0;0;-1
0;343;-6.60992;21.1257;-25.6297;9.60397;3710.57;5.77473;0;0;0.1;0.01;0;6.69832;0;0;-1
0;344;-7.09321;35.4088;-27.0988;9.34522;3418.67;5.61915;0;0;0.1;0.01;0;7.48423;0;0;-1
0;345;-7.92901;51.5163;-26.0299;8.65073;2711.73;5.20156;0;0;0.1;0.01;0;5.61233;0;0;-1
0;346;-9.34317;72.163;-24.4877;8.6207;2683.59;5.1835;0;0;0.1;0.01;0;5.03815;0;0;-1
0;347;-9.10001;88.2387;-25.6655;8.64271;2704.2;5.19674;0;0;0.1;0.01;0;3.9724;0;0;-1
0;348;9.34665;-90.4729;-25.4134;10.3115;4592.55;6.20016;0;0;0.1;0.01;0;4.27793;0;0;-1
0;349;6.59643;-75.7927;-25.3194;9.7822;3921.01;5.88189;0;0;0.1;0.01;0;6.67553;0;0;-1
0;350;9.44357;-58.6618;-25.7681;9.33001;3402;5.61;0;0;0.1;0.01;0;5.80819;0;0;-1
0;351;5.72669;-40.0296;-25.3957;9.62018;3729.39;5.78447;0;0;0.1;0.01;0;6.09847;0;0;-1
0;352;8.2651;-25.5177;-26.5922;8.72878;2785.8;5.24849;0;0;0.1;0.01;0;5.85968;0;0;-1
0;353;9.02269;-8.76504;-27.6931;10.2426;4501.11;6.15873;0;0;0.1;0.01;0;6.79781;0;0;-1
0;354;5.51505;9.93712;-25.5087;9.14542;3204.05;5.49901;0;0;0.1;0.01;0;4.58312;0;0;-1
0;355;9.43567;29.3283;-27.6616;10.081;4291.4;6.06156;0;0;0.1;0.01;0;6.86067;0;0;-1
0;356;6.25156;44.0457;-25.2435;10.3766;4680.09;6.2393;0;0;0.1;0.01;0;7.20106;0;0;-1
0;357;6.87106;63.4083;-24.6244;10.1832;4423.25;6.12301;0;0;0.1;0.01;0;6.80701;0;0;-1
0;358;5.895;78.2873;-28.0034;9.05381;3108.73;5.44392;0;0;0.1;0.01;0;5.55899;0;0;-1
0;359;8.24683;95.6182;-26.8443;10.0208;4214.98;6.02536;0;0;0.1;0.01;0;2.99665;0;0;-1
0;360;22.5769;-82.3666;-25.2176;9.14669;3205.39;5.49977;0;0;0.1;0.01;0;4.65852;0;0;-1
0;361;23.699;-65.8956;-25.4729;9.51617;3609.73;5.72193;0;0;0.1;0.01;0;5.43817;0;0;-1
0;362;23.273;-47.2908;-27.4352;10.114;4333.69;6.0814;0;0;0.1;0.01;0;6.25953;0;0;-1
0;363;22.7912;-31.7616;-26.0488;9.7203;3847.05;5.84468;0;0;0.1;0.01;0;6.89767;0;0;-1
0;364;22.1279;-16.0898;-25.5883;10.0142;4206.66;6.02139;0;0;0.1;0.01;0;6.72979;0;0;-1
0;365;22.3196;1.01446;-26.8031;9.03568;3090.09;5.43302;0;0;0.1;0.01;0;5.17036;0;0;-1
0;366;23.388;18.1907;-28.015;9.62583;3735.97;5.78787;0;0;0.1;0.01;0;6.2533;0;0;-1
0;367;23.2499;34.9369;-27.5174;9.48752;3577.23;5.70471;0;0;0.1;0.01;0;7.41923;0;0;-1
0;368;20.5948;51.1132;-24.5163;9.78732;3927.17;5.88497;0;0;0.1;0.01;0;6.2612;0;0;-1
0;369;20.2898;69.1529;-26.9515;9.41126;3491.66;5.65885;0;0;0.1;0.01;0;5.36142;0;0;-1
0;370;23.3598;84.5712;-24.8057;9.48309;3572.22;5.70204;0;0;0.1;0.01;0;4.90121;0;0;-1
0;371;38.0676;-75.9956;-27.1017;9.08221;3138.07;5.461;0;0;0.1;0.01;0;3.93972;0;0;-1
0;372;35.2277;-56.917;-27.0369;8.68961;2748.46;5.22494;0;0;0.1;0.01;0;5.60569;0;0;-1
0;373;37.5338;-39.9423;-26.8247;9.92192;4091.44;5.96591;0;0;0.1;0.01;0;7.96704;0;0;-1
0;374;37.6936;-23.1663;-27.6874;9.98008;4163.81;6.00088;0;0;0.1;0.01;0;7.58981;0;0;-1
0;375;37.4539;-7.2098;-24.8421;9.68117;3800.77;5.82115;0;0;0.1;0.01;0;6.56941;0;0;-1
0;376;35.1303;8.91668;-26.787;8.8148;2868.97;5.30021;0;0;0.1;0.01;0;5.30885;0;0;-1
0;377;37.2295;25.3897;-24.7108;9.96675;4147.15;5.99286;0;0;0.1;0.01;0;6.87959;0;0;-1
0;378;37.0153;42.1394;-27.0958;9.84583;3998.03;5.92015;0;0;0.1;0.01;0;6.57866;0;0;-1
0;379;38.451;63.6762;-24.9006;8.5;2572.44;5.11093;0;0;0.1;0.01;0;4.58476;1;0;-1
0;380;36.7518;78.8133;-24.8773;8.5;2572.44;5.11093;0;0;0.1;0.01;0;4.35083;1;0;-1
0;381;50.4406;-66.6488;-24.7858;10.2137;4463.11;6.14135;0;0;0.1;0.01;0;5.56955;0;0;-1
0;382;49.9659;-50.7721;-25.2914;10.1728;4409.71;6.11676;0;0;0.1;0.01;0;6.85214;0;0;-1
0;383;50.0738;-33.4178;-25.0317;8.55599;2623.61;5.14459;0;0;0.1;0.01;0;5.20389;0;0;-1
0;384;52.7169;-15.5635;-26.8569;9.21838;3281.35;5.54288;0;0;0.1;0.01;0;6.25924;0;0;-1
0;385;51.8214;1.73521;-28.3338;10.0155;4208.3;6.02217;0;0;0.1;0.01;0;7.1691;0;0;-1
0;386;50.108;17.7954;-28.5132;9.04577;3100.45;5.43909;0;0;0.1;0.01;0;6.16718;0;0;-1
0;387;50.3088;34.8939;-25.0712;9.38364;3461.01;5.64225;0;0;0.1;0.01;0;5.57594;0;0;-1
0;388;52.9829;54.7718;-24.6945;8.65695;2717.59;5.2053;0;0;0.1;0.01;0;4.39688;0;0;-1
0;389;52.2026;72.6237;-26.9442;9.78828;3928.33;5.88555;0;0;0.1;0.01;0;4.37687;0;0;-1
0;390;66.3603;-59.207;-27.6336;8.99162;3045.11;5.40653;0;0;0.1;0.01;0;4.13175;0;0;-1
0;391;66.6342;-42.2244;-25.0413;8.84857;2902.07;5.32052;0;0;0.1;0.01;0;5.4837;0;0;-1
0;392;67.4849;-23.2457;-24.8692;10.3678;4668.19;6.23401;0;0;0.1;0.01;0;6.53803;0;0;-1
0;393;65.5582;-5.59976;-26.9278;8.9529;3005.94;5.38325;0;0;0.1;0.01;0;6.841;0;0;-1
0;394;66.5812;9.45446;-25.0933;9.2484;3313.51;5.56093;0;0;0.1;0.01;0;5.82309;0;0;-1
0;395;64.8724;25.4075;-25.6014;9.8348;3984.6;5.91352;0;0;0.1;0.01;0;4.80952;0;0;-1
0;396;66.3805;46.5058;-25.9032;10.0347;4232.55;6.03372;0;0;0.1;0.01;0;5.81699;0;0;-1
0;397;65.0732;62.2784;-27.5156;10.0508;4252.95;6.0434;0;0;0.1;0.01;0;4.96899;0;0;-1
0;398;79.4178;-51.2652;-25.82;10.1042;4321.1;6.07551;0;0;0.1;0.01;0;2.17756;0;0;-1
0;399;81.8783;-34.2072;-24.8307;10.2512;4512.45;6.1639;0;0;0.1;0.01;0;3.41481;0;0;-1
0;400;80.747;-16.8087;-25.3471;8.88357;2936.64;5.34156;0;0;0.1;0.01;0;4.4702;0;0;-1
0;401;79.7992;-0.233254;-26.2413;9.30496;3374.68;5.59494;0;0;0.1;0.01;0;4.87206;0;0;-1
0;402;83.2169;17.7953;-25.2725;9.79833;3940.44;5.89159;0;0;0.1;0.01;0;4.14503;0;0;-1
0;403;79.0962;33.7657;-27.989;8.5;2572.44;5.11093;0;0;0.1;0.01;0;3.3658;1;0;-1
0;404;79.3727;54.6236;-26.5455;10.3516;4646.34;6.22427;0;0;0.1;0.01;0;2.70761;0;0;-1
0;405;-98.4426;0.961513;-11.8072;10.2755;4544.62;6.17851;0;0;0.1;0.01;0;3.70436;0;0;-1
0;406;-84.2839;-42.0848;-11.2508;9.08598;3141.98;5.46327;0;0;0.1;0.01;0;3.46899;0;0;-1
0;407;-84.3737;-23.5389;-10.3042;10.4098;4725.15;6.25926;0;0;0.1;0.01;0;5.70535;0;0;-1
0;408;-85.2188;-7.13527;-12.4914;8.91246;2965.39;5.35893;0;0;0.1;0.01;0;5.26845;0;0;-1
0;409;-83.3458;11.646;-11.9328;10.149;4378.83;6.10245;0;0;0.1;0.01;0;5.92271;0;0;-1
0;410;-84.8121;29.1406;-12.4283;8.5;2572.44;5.11093;0;0;0.1;0.01;0;4.13033;1;0;-1
0;411;-84.0319;42.4962;-11.3154;9.39125;3469.44;5.64682;0;0;0.1;0.01;0;4.12704;0;0;-1
0;412;-70.8124;-68.4397;-10.0638;8.78734;2842.24;5.2837;0;0;0.1;0.01;0;2.13512;0;0;-1
0;413;-69.2295;-49.2648;-11.9977;9.51949;3613.51;5.72393;0;0;0.1;0.01;0;4.76755;0;0;-1
0;414;-69.8942;-32.5585;-10.1362;9.37135;3447.43;5.63486;0;0;0.1;0.01;0;6.79702;0;0;-1
0;415;-72.166;-15.7407;-11.6904;9.40543;3485.17;5.65535;0;0;0.1;0.01;0;6.58515;0;0;-1
0;416;-70.7971;3.17084;-10.3103;8.76929;2824.76;5.27285;0;0;0.1;0.01;0;6.0712;0;0;-1
0;417;-68.3534;17.3739;-12.9525;8.58719;2652.42;5.16335;0;0;0.1;0.01;0;4.93089;0;0;-1
0;418;-69.494;36.4717;-11.9874;9.59908;3704.91;5.77179;0;0;0.1;0.01;0;6.34092;0;0;-1
0;419;-71.9161;53.7842;-13.0239;8.9755;3028.76;5.39684;0;0;0.1;0.01;0;4.41734;0;0;-1
0;420;-54.2886;-75.1355;-9.7239;8.85847;2911.82;5.32647;0;0;0.1;0.01;0;3.81356;0;0;-1
0;421;-56.6165;-58.2363;-12.3478;9.39962;3478.72;5.65186;0;0;0.1;0.01;0;5.38494;0;0;-1
0;422;-57.3266;-39.201;-10.3194;8.57706;2643.04;5.15726;0;0;0.1;0.01;0;5.5649;0;0;-1
0;423;-57.3099;-23.9563;-11.8604;8.5;2572.44;5.11093;0;0;0.1;0.01;0;5.49115;1;0;-1
0;424;-55.2373;-7.22009;-11.8097;9.00601;3059.75;5.41518;0;0;0.1;0.01;0;5.50037;0;0;-1
0;425;-54.3068;8.60154;-12.5429;10.0595;4264.01;6.04863;0;0;0.1;0.01;0;5.98776;0;0;-1
0;426;-57.3381;29.7716;-12.8182;8.5;2572.44;5.11093;0;0;0.1;0.01;0;5.63827;1;0;-1
0;427;-55.1146;44.7204;-11.8303;9.28257;3350.37;5.58147;0;0;0.1;0.01;0;6.85808;0;0;-1
0;428;-57.9516;60.0324;-10.6856;9.74725;3879.14;5.86088;0;0;0.1;0.01;0;5.44918;0;0;-1
0;429;-42.787;-83.6416;-13.256;10.0889;4301.5;6.06631;0;0;0.1;0.01;0;4.25801;0;0;-1
0;430;-39.3563;-64.6279;-11.5683;9.79525;3936.73;5.88974;0;0;0.1;0.01;0;5.60923;0;0;-1
0;431;-41.0529;-49.3536;-10.6873;8.52157;2592.07;5.1239;0;0;0.1;0.01;0;5.08007;0;0;-1
0;432;-41.2244;-32.606;-12.3596;9.80366;3946.87;5.8948;0;0;0.1;0.01;0;6.1409;0;0;-1
0;433;-42.0818;-14.3472;-13.5205;10.014;4206.41;6.02127;0;0;0.1;0.01;0;6.08355;0;0;-1
0;434;-40.9236;3.06888;-10.7883;9.48602;3575.53;5.70381;0;0;0.1;0.01;0;5.76962;0;0;-1
0;435;-39.401;20.0876;-11.2089;10.0097;4200.99;6.01869;0;0;0.1;0.01;0;6.27634;0;0;-1
0;436;-42.1291;36.9046;-13.1699;9.33057;3402.62;5.61034;0;0;0.1;0.01;0;7.1994;0;0;-1
0;437;-42.6537;52.2176;-12.6241;8.5;2572.44;5.11093;0;0;0.1;0.01;0;5.0511;1;0;-1
0;438;-43.0056;70.6903;-12.55;8.74544;2801.78;5.25851;0;0;0.1;0.01;0;4.72265;0;0;-1
0;439;-43.2539;85.1287;-13.334;8.5;2572.44;5.11093;0;0;0.1;0.01;0;3.42587;1;0;-1
0;440;-27.9031;-93.1817;-13.0873;9.62079;3730.1;5.78484;0;0;0.1;0.01;0;4.31774;0;0;-1
0;441;-28.1462;-76.8719;-13.0077;10.1441;4372.49;6.0995;0;0;0.1;0.01;0;7.05512;0;0;-1
0;442;-24.6946;-56.5738;-12.2871;10.3899;4698.1;6.2473;0;0;0.1;0.01;0;7.30659;0;0;-1
0;443;-27.3676;-41.7521;-10.1899;10.4383;4764.07;6.2764;0;0;0.1;0.01;0;7.63248;0;0;-1
0;444;-26.6291;-22.2849;-11.8657;10.2193;4470.46;6.14472;0;0;0.1;0.01;0;6.64897;0;0;-1
0;445;-24.9549;-7.30706;-10.3211;8.54228;2611.02;5.13635;0;0;0.1;0.01;0;4.69824;0;0;-1
0;446;-25.1432;9.14697;-10.2549;9.43114;3513.83;5.67081;0;0;0.1;0.01;0;5.17516;0;0;-1
0;447;-27.4299;28.4674;-10.5856;10.2555;4518.13;6.16648;0;0;0.1;0.01;0;6.15087;0;0;-1
0;448;-28.3084;42.9605;-10.7772;9.06343;3118.65;5.44971;0;0;0.1;0.01;0;5.6263;0;0;-1
0;449;-24.4428;59.0666;-12.8463;8.80537;2859.77;5.29454;0;0;0.1;0.01;0;4.53487;0;0;-1
0;450;-24.776;77.7013;-12.2467;9.85517;4009.41;5.92577;0;0;0.1;0.01;0;6.45221;0;0;-1
0;451;-24.8564;94.6716;-14.015;10.1999;4445.05;6.13305;0;0;0.1;0.01;0;3.5445;0;0;-1
0;452;-13.5501;-83.3052;-11.0891;8.5;2572.44;5.11093;0;0;0.1;0.01;0;4.45336;1;0;-1
0;453;-12.7708;-65.4486;-13.2511;8.5;2572.44;5.11093;0;0;0.1;0.01;0;5.52469;1;0;-1
0;454;-12.6944;-48.4362;-9.71353;9.49539;3586.14;5.70944;0;0;0.1;0.01;0;6.60653;0;0;-1
0;455;-11.4433;-32.3654;-11.7623;10.4018;4714.27;6.25445;0;0;0.1;0.01;0;7.2567;0;0;-1
0;456;-10.3967;-14.2727;-10.7244;8.5;2572.44;5.11093;0;0;0.1;0.01;0;6.05994;1;0;-1
0;457;-10.7186;0.963225;-11.6021;10.2021;4447.92;6.13437;0;0;0.1;0.01;0;7.16015;0;0;-1
0;458;-10.7327;16.9708;-11.6196;9.08701;3143.05;5.46389;0;0;0.1;0.01;0;5.76913;0;0;-1
0;459;-11.5959;34.2419;-12.5408;8.56015;2627.44;5.14709;0;0;0.1;0.01;0;4.61919;0;0;-1
0;460;-10.3569;50.968;-10.6083;8.54843;2616.66;5.14005;0;0;0.1;0.01;0;5.22059;0;0;-1
0;461;-10.5256;67.4207;-11.6312;9.0735;3129.05;5.45576;0;0;0.1;0.01;0;5.91022;0;0;-1
0;462;-11.7005;87.2546;-12.4341;8.5;2572.44;5.11093;0;0;0.1;0.01;0;4.79567;1;0;-1
0;463;4.3925;-91.5519;-10.586;8.69412;2752.74;5.22765;0;0;0.1;0.01;0;3.76632;0;0;-1
0;464;1.54341;-75.9963;-12.1292;8.5;2572.44;5.11093;0;0;0.1;0.01;0;5.49016;1;0;-1
0;465;1.34684;-59.4782;-12.8577;8.86284;2916.13;5.3291;0;0;0.1;0.01;0;6.0615;0;0;-1
0;466;1.68116;-41.2646;-12.6229;9.63019;3741.05;5.79049;0;0;0.1;0.01;0;6.53547;0;0;-1
0;467;1.26495;-21.5695;-10.4666;9.21799;3280.93;5.54264;0;0;0.1;0.01;0;6.60806;0;0;-1
0;468;1.59566;-7.44582;-12.1254;8.63646;2698.34;5.19298;0;0;0.1;0.01;0;6.12655;0;0;-1
0;469;3.28168;8.17362;-12.2803;10.1133;4332.79;6.08098;0;0;0.1;0.01;0;6.21241;0;0;-1
0;470;3.19118;25.1319;-13.5513;9.05314;3108.04;5.44352;0;0;0.1;0.01;0;4.72446;0;0;-1
0;471;1.98903;43.7634;-10.4969;9.3009;3370.26;5.5925;0;0;0.1;0.01;0;5.57729;0;0;-1
0;472;2.33179;59.5222;-10.7525;9.45512;3540.71;5.68523;0;0;0.1;0.01;0;6.58626;0;0;-1
0;473;2.70839;76.7529;-10.395;8.91847;2971.39;5.36255;0;0;0.1;0.01;0;6.03208;0;0;-1
0;474;3.09587;94.0411;-11.4643;10.2647;4530.3;6.17202;0;0;0.1;0.01;0;4.45956;0;0;-1
0;475;18.8185;-85.1782;-10.5393;9.35595;3430.46;5.6256;0;0;0.1;0.01;0;5.79883;0;0;-1
0;476;16.0703;-68.1915;-10.5159;9.47166;3559.32;5.69517;0;0;0.1;0.01;0;6.3538;0;0;-1
0;477;15.9669;-51.4683;-9.87264;9.86583;4022.44;5.93218;0;0;0.1;0.01;0;5.77797;0;0;-1
0;478;15.522;-33.3914;-10.5212;9.65096;3765.3;5.80298;0;0;0.1;0.01;0;5.74293;0;0;-1
0;479;16.0379;-16.299;-11.4621;8.57311;2639.39;5.15489;0;0;0.1;0.01;0;5.90922;0;0;-1
0;480;16.4143;1.11754;-11.4621;9.38448;3461.94;5.64275;0;0;0.1;0.01;0;5.58006;0;0;-1
0;481;19.4866;20.9011;-10.8796;9.88972;4051.73;5.94655;0;0;0.1;0.01;0;6.04934;0;0;-1
0;482;19.6232;38.1878;-13.1659;8.5;2572.44;5.11093;0;0;0.1;0.01;0;5.08477;1;0;-1
0;483;18.1853;54.532;-11.4712;8.5;2572.44;5.11093;0;0;0.1;0.01;0;4.92976;1;0;-1
0;484;17.3042;71.4342;-10.3221;10.3965;4707.06;6.25126;0;0;0.1;0.01;0;7.11132;0;0;-1
0;485;15.6984;84.9712;-12.5742;8.5;2572.44;5.11093;0;0;0.1;0.01;0;5.45163;1;0;-1
0;486;31.9446;-93.7273;-12.0418;8.83098;2884.8;5.30994;0;0;0.1;0.01;0;1.85614;0;0;-1
0;487;33.3595;-76.6497;-12.3222;9.41174;3492.19;5.65914;0;0;0.1;0.01;0;5.65235;0;0;-1
0;488;32.8882;-55.391;-10.3503;9.45135;3536.47;5.68296;0;0;0.1;0.01;0;4.99097;0;0;-1
0;489;34.1657;-38.8919;-10.1272;9.62386;3733.67;5.78669;0;0;0.1;0.01;0;6.14411;0;0;-1
0;490;31.2321;-21.3593;-12.2759;9.89423;4057.28;5.94926;0;0;0.1;0.01;0;7.10848;0;0;-1
0;491;33.1365;-6.33891;-10.7748;8.88235;2935.43;5.34083;0;0;0.1;0.01;0;5.56224;0;0;-1
0;492;33.5017;11.7963;-12.9109;10.3784;4682.52;6.24038;0;0;0.1;0.01;0;7.0182;0;0;-1
0;493;31.4745;29.0508;-10.8358;9.24443;3309.25;5.55854;0;0;0.1;0.01;0;6.82221;0;0;-1
0;494;33.5367;46.2618;-13.2472;9.56238;3662.58;5.74972;0;0;0.1;0.01;0;5.98887;0;0;-1
0;495;32.7882;63.4854;-10.365;8.6173;2680.42;5.18146;0;0;0.1;0.01;0;5.98486;0;0;-1
0;496;32.2647;79.3823;-10.1268;10.0567;4260.45;6.04695;0;0;0.1;0.01;0;6.38542;0;0;-1
0;497;45.9655;-82.9367;-10.7917;8.5;2572.44;5.11093;0;0;0.1;0.01;0;4.15543;1;0;-1
0;498;48.1303;-67.8887;-11.4527;9.53328;3629.24;5.73222;0;0;0.1;0.01;0;6.01287;0;0;-1
0;499;47.7;-47.7294;-11.9668;9.34097;3414.01;5.61659;0;0;0.1;0.01;0;6.11506;0;0;-1
0;500;48.6137;-31.7114;-12.5232;9.05733;3112.36;5.44604;0;0;0.1;0.01;0;5.54104;0;0;-1
0;501;45.5572;-14.739;-10.9482;9.15165;3210.6;5.50275;0;0;0.1;0.01;0;6.26724;0;0;-1
0;502;46.5962;0.435012;-11.0275;10.1585;4391.14;6.10816;0;0;0.1;0.01;0;7.44538;0;0;-1
0;503;47.7366;18.1166;-13.4362;10.1742;4411.53;6.1176;0;0;0.1;0.01;0;7.74707;0;0;-1
0;504;47.8991;34.653;-10.5433;9.51622;3609.79;5.72196;0;0;0.1;0.01;0;6.42829;0;0;-1
0;505;45.9455;55.1948;-12.4952;8.5;2572.44;5.11093;0;0;0.1;0.01;0;5.01937;1;0;-1
0;506;46.2869;68.4962;-10.0124;9.24156;3306.16;5.55682;0;0;0.1;0.01;0;6.16952;0;0;-1
0;507;47.6992;85.6447;-13.0892;8.6403;2701.94;5.19529;0;0;0.1;0.01;0;2.33684;0;0;-1
0;508;61.0961;-74.2479;-11.2872;10.3036;4582.01;6.19541;0;0;0.1;0.01;0;3.19849;0;0;-1
0;509;60.308;-56.0691;-13.3008;9.61516;3723.56;5.78146;0;0;0.1;0.01;0;6.39382;0;0;-1
0;510;61.441;-42.1482;-11.6201;9.39919;3478.24;5.6516;0;0;0.1;0.01;0;6.41179;0;0;-1
0;511;62.5796;-25.78;-11.8636;9.28468;3352.66;5.58274;0;0;0.1;0.01;0;5.84274;0;0;-1
0;512;62.7426;-7.64932;-11.5039;9.83406;3983.7;5.91308;0;0;0.1;0.01;0;6.4698;0;0;-1
0;513;60.7336;9.37272;-12.809;10.2245;4477.29;6.14784;0;0;0.1;0.01;0;6.65878;0;0;-1
0;514;61.969;28.7524;-10.2201;9.92591;4096.37;5.96831;0;0;0.1;0.01;0;6.30828;0;0;-1
0;515;62.6751;45.9892;-11.1267;9.50542;3597.51;5.71547;0;0;0.1;0.01;0;5.70446;0;0;-1
0;516;63.237;63.5907;-10.8002;10.0981;4313.28;6.07184;0;0;0.1;0.01;0;5.33266;0;0;-1
0;517;61.0499;77.9224;-13.7884;8.90529;2958.24;5.35462;0;0;0.1;0.01;0;2.77229;0;0;-1
0;518;77.6055;-47.5315;-10.8029;8.5;2572.44;5.11093;0;0;0.1;0.01;0;3.89028;1;0;-1
0;519;77.335;-30.0324;-11.243;8.60685;2670.68;5.17517;0;0;0.1;0.01;0;5.62872;0;0;-1
0;520;75.2977;-14.4403;-10.8543;10.4528;4783.95;6.28512;0;0;0.1;0.01;0;7.80245;0;0;-1
0;521;74.9368;1.11771;-10.9967;8.5;2572.44;5.11093;0;0;0.1;0.01;0;6.16731;1;0;-1
0;522;76.6081;18.0115;-13.3405;8.69993;2758.26;5.23114;0;0;0.1;0.01;0;5.7487;0;0;-1
0;523;75.0655;34.8533;-12.7127;8.5;2572.44;5.11093;0;0;0.1;0.01;0;5.25493;1;0;-1
0;524;75.3413;51.4787;-10.2317;9.24246;3307.13;5.55736;0;0;0.1;0.01;0;5.7222;0;0;-1
0;525;89.5843;-22.1779;-11.9576;8.5;2572.44;5.11093;0;0;0.1;0.01;0;3.78963;1;0;-1
0;526;90.0697;-4.24885;-10.1449;9.67018;3787.85;5.81454;0;0;0.1;0.01;0;4.12037;0;0;-1
0;527;89.5553;12.0093;-11.0203;8.94815;3001.15;5.38039;0;0;0.1;0.01;0;4.80346;0;0;-1
0;528;89.4272;27.0311;-11.199;8.57982;2645.59;5.15892;0;0;0.1;0.01;0;4.51436;0;0;-1
0;529;89.2363;43.5665;-9.84178;10.0381;4236.85;6.03576;0;0;0.1;0.01;0;3.29485;0;0;-1
0;530;-93.9371;-16.5775;2.39879;9.45997;3546.16;5.68814;0;0;0.1;0.01;0;3.1698;0;0;-1
0;531;-95.6862;2.72882;3.4351;9.65336;3768.11;5.80443;0;0;0.1;0.01;0;3.78316;0;0;-1
0;532;-95.906;18.6859;2.16166;10.2032;4449.36;6.13504;0;0;0.1;0.01;0;3.2395;0;0;-1
0;533;-79.6748;-55.9213;3.03618;8.5;2572.44;5.11093;0;0;0.1;0.01;0;2.64005;1;0;-1
0;534;-82.6263;-41.5208;4.67886;9.80047;3943.02;5.89288;0;0;0.1;0.01;0;4.17649;0;0;-1
0;535;-80.5974;-23.2255;2.97392;9.80139;3944.13;5.89343;0;0;0.1;0.01;0;6.45482;0;0;-1
0;536;-79.8668;-6.13661;3.72594;9.46528;3552.13;5.69134;0;0;0.1;0.01;0;5.92447;0;0;-1
0;537;-81.796;10.3562;2.71359;8.90491;2957.86;5.35439;0;0;0.1;0.01;0;4.70831;0;0;-1
0;538;-80.6003;25.4922;1.20214;8.5;2572.44;5.11093;0;0;0.1;0.01;0;3.69547;1;0;-1
0;539;-82.6809;44.0773;2.7679;10.2457;4505.19;6.16059;0;0;0.1;0.01;0;4.42226;0;0;-1
0;540;-78.9065;61.1294;3.37311;9.4202;3501.62;5.66423;0;0;0.1;0.01;0;2.55903;0;0;-1
0;541;-63.8842;-65.5097;1.68247;8.86781;2921.04;5.33209;0;0;0.1;0.01;0;4.00784;0;0;-1
0;542;-64.2776;-47.2866;4.40133;10.2617;4526.33;6.17021;0;0;0.1;0.01;0;6.23323;0;0;-1
0;543;-68.3963;-33.0496;3.55398;8.92266;2975.58;5.36507;0;0;0.1;0.01;0;5.75955;0;0;-1
0;544;-67.7983;-14.822;1.72483;10.4365;4761.6;6.27532;0;0;0.1;0.01;0;6.92697;0;0;-1
0;545;-67.1945;0.399055;3.73835;10.3306;4618.12;6.21164;0;0;0.1;0.01;0;6.93348;0;0;-1
0;546;-64.7322;17.1277;3.36697;10.4477;4776.95;6.28205;0;0;0.1;0.01;0;6.01921;0;0;-1
0;547;-65.1787;36.5248;3.09382;10.4249;4745.74;6.26834;0;0;0.1;0.01;0;6.60285;0;0;-1
0;548;-65.5668;52.0282;3.22483;9.47993;3568.65;5.70014;0;0;0.1;0.01;0;5.48028;0;0;-1
0;549;-64.9462;70.4111;3.16854;8.5;2572.44;5.11093;0;0;0.1;0.01;0;2.34961;1;0;-1
0;550;-49.91;-75.3359;3.24033;8.5823;2647.89;5.16041;0;0;0.1;0.01;0;5.00624;0;0;-1
0;551;-50.3406;-59.3886;4.20809;8.71413;2771.79;5.23968;0;0;0.1;0.01;0;5.50639;0;0;-1
0;552;-50.9524;-42.3277;3.3388;8.72965;2786.63;5.24901;0;0;0.1;0.01;0;5.46282;0;0;-1
0;553;-52.1156;-24.473;3.65417;8.58632;2651.61;5.16283;0;0;0.1;0.01;0;4.18539;0;0;-1
0;554;-49.6401;-5.37573;2.15069;8.5;2572.44;5.11093;0;0;0.1;0.01;0;4.35375;1;0;-1
0;555;-52.3044;10.0585;3.75029;8.5;2572.44;5.11093;0;0;0.1;0.01;0;4.98605;1;0;-1
0;556;-52.7535;25.8374;2.70145;8.5;2572.44;5.11093;0;0;0.1;0.01;0;5.48534;1;0;-1
0;557;-50.2721;42.9868;5.11203;9.8444;3996.28;5.91929;0;0;0.1;0.01;0;5.97407;0;0;-1
0;558;-50.7531;63.4593;1.8359;9.04923;3104.01;5.44117;0;0;0.1;0.01;0;5.21427;0;0;-1
0;559;-51.4556;78.1175;1.28733;9.76208;3896.87;5.8698;0;0;0.1;0.01;0;4.43794;0;0;-1
0;560;-34.9774;-84.0126;3.44337;9.36644;3442.01;5.6319;0;0;0.1;0.01;0;5.15467;0;0;-1
0;561;-38.5003;-67.383;3.24971;9.15764;3216.91;5.50636;0;0;0.1;0.01;0;5.35586;0;0;-1
0;562;-36.7016;-50.3921;4.12117;8.5;2572.44;5.11093;0;0;0.1;0.01;0;5.17548;1;0;-1
0;563;-35.8331;-32.6221;2.67888;9.95707;4135.07;5.98704;0;0;0.1;0.01;0;6.0543;0;0;-1
0;564;-38.0751;-14.0901;3.15396;8.97516;3028.41;5.39663;0;0;0.1;0.01;0;4.98272;0;0;-1
0;565;-36.6339;3.18066;4.03818;8.90095;2953.91;5.35201;0;0;0.1;0.01;0;5.85492;0;0;-1
0;566;-38.1372;19.9766;2.91723;10.1518;4382.46;6.10413;0;0;0.1;0.01;0;6.86701;0;0;-1
0;567;-38.1968;36.3074;1.02986;8.89588;2948.87;5.34896;0;0;0.1;0.01;0;5.93184;0;0;-1
0;568;-35.4166;50.8403;2.86347;9.82839;3976.82;5.90967;0;0;0.1;0.01;0;5.01499;0;0;-1
0;569;-35.747;71.7418;1.34283;10.4423;4769.55;6.2788;0;0;0.1;0.01;0;6.28639;0;0;-1
0;570;-35.327;87.8887;3.29332;9.58234;3685.56;5.76172;0;0;0.1;0.01;0;5.14491;0;0;-1
0;571;-20.7808;-93.6598;1.60319;9.51832;3612.18;5.72323;0;0;0.1;0.01;0;4.31079;0;0;-1
0;572;-20.5652;-76.6049;4.59379;8.53528;2604.61;5.13214;0;0;0.1;0.01;0;5.26524;0;0;-1
0;573;-23.6215;-57.6363;1.54238;9.2155;3278.27;5.54115;0;0;0.1;0.01;0;6.00561;0;0;-1
0;574;-23.2203;-40.3604;2.14385;9.25268;3318.11;5.5635;0;0;0.1;0.01;0;6.41832;0;0;-1
0;575;-21.1645;-23.0828;3.56809;8.5;2572.44;5.11093;0;0;0.1;0.01;0;5.39838;1;0;-1
0;576;-20.5789;-5.19058;3.34199;8.55675;2624.31;5.14505;0;0;0.1;0.01;0;6.16077;0;0;-1
0;577;-20.1926;9.99292;4.06983;10.1133;4332.79;6.08098;0;0;0.1;0.01;0;6.89999;0;0;-1
0;578;-23.9387;27.522;1.88727;8.5874;2652.61;5.16348;0;0;0.1;0.01;0;3.99258;0;0;-1
0;579;-19.9325;46.9955;1.83119;9.19996;3261.72;5.5318;0;0;0.1;0.01;0;4.54621;0;0;-1
0;580;-22.0267;63.3261;2.16261;9.89483;4058.01;5.94962;0;0;0.1;0.01;0;6.65779;0;0;-1
0;581;-22.1831;77.5564;1.9077;9.60554;3712.39;5.77567;0;0;0.1;0.01;0;6.19982;0;0;-1
0;582;-23.3646;96.2352;1.35511;9.90756;4073.7;5.95727;0;0;0.1;0.01;0;3.42043;0;0;-1
0;583;-7.07101;-98.9506;0.922788;10.0776;4287.06;6.05951;0;0;0.1;0.01;0;2.97437;0;0;-1
0;584;-5.64639;-81.0515;3.71268;8.73414;2790.93;5.25171;0;0;0.1;0.01;0;5.62629;0;0;-1
0;585;-9.08256;-66.6473;2.77215;10.3839;4689.97;6.24369;0;0;0.1;0.01;0;5.75204;0;0;-1
0;586;-7.63448;-49.2528;2.3165;8.64791;2709.08;5.19986;0;0;0.1;0.01;0;5.09539;0;0;-1
0;587;-7.46458;-29.9748;2.51959;9.4445;3528.79;5.67884;0;0;0.1;0.01;0;6.35372;0;0;-1
0;588;-8.78125;-14.1926;3.11811;9.71029;3835.18;5.83866;0;0;0.1;0.01;0;6.88109;0;0;-1
0;589;-7.8879;1.80751;3.77974;8.5;2572.44;5.11093;0;0;0.1;0.01;0;5.89917;1;0;-1
0;590;-6.2974;17.3614;1.34037;8.51996;2590.61;5.12293;0;0;0.1;0.01;0;5.93116;0;0;-1
0;591;-6.16395;34.6558;3.70395;9.22465;3288.05;5.54665;0;0;0.1;0.01;0;5.50934;0;0;-1
0;592;-5.76201;51.8009;3.54303;8.5;2572.44;5.11093;0;0;0.1;0.01;0;5.87042;1;0;-1
0;593;-7.56646;71.784;2.32942;10.3283;4615.04;6.21026;0;0;0.1;0.01;0;6.8568;0;0;-1
0;594;-9.20747;88.378;3.6806;9.77079;3907.31;5.87503;0;0;0.1;0.01;0;4.97661;0;0;-1
0;595;8.03723;-92.1733;3.09938;8.71605;2773.63;5.24083;0;0;0.1;0.01;0;4.70703;0;0;-1
0;596;8.63578;-76.0931;1.82716;9.61678;3725.44;5.78243;0;0;0.1;0.01;0;7.03998;0;0;-1
0;597;5.95383;-58.9236;1.68551;10.096;4310.59;6.07058;0;0;0.1;0.01;0;6.91876;0;0;-1
0;598;7.03362;-42.7382;3.59048;9.83689;3987.15;5.91478;0;0;0.1;0.01;0;6.727;0;0;-1
0;599;7.54569;-24.9354;1.8476;9.5353;3631.55;5.73344;0;0;0.1;0.01;0;6.5063;0;0;-1
0;600;9.35689;-8.46049;4.44088;10.1237;4346.17;6.08723;0;0;0.1;0.01;0;5.93053;0;0;-1
0;601;5.73702;10.4539;2.77388;8.89902;2951.99;5.35085;0;0;0.1;0.01;0;4.95984;0;0;-1
0;602;7.62967;25.4206;2.11719;9.91149;4078.55;5.95964;0;0;0.1;0.01;0;6.08898;0;0;-1
0;603;8.37863;44.0611;2.3533;8.5;2572.44;5.11093;0;0;0.1;0.01;0;5.04619;1;0;-1
0;604;6.90927;60.3887;1.62462;8.5;2572.44;5.11093;0;0;0.1;0.01;0;5.65654;1;0;-1
0;605;8.80457;76.5047;2.67885;8.62821;2690.61;5.18802;0;0;0.1;0.01;0;5.79913;0;0;-1
0;606;5.61216;97.9072;1.52019;9.70502;3828.93;5.83549;0;0;0.1;0.01;0;2.82508;0;0;-1
0;607;20.4529;-85.2887;2.181;8.5;2572.44;5.11093;0;0;0.1;0.01;0;4.15225;1;0;-1
0;608;23.706;-66.3246;2.73817;10.1485;4378.19;6.10215;0;0;0.1;0.01;0;5.92299;0;0;-1
0;609;22.3815;-47.3555;4.38864;8.61569;2678.91;5.18049;0;0;0.1;0.01;0;4.58341;0;0;-1
0;610;21.74;-31.0894;1.47458;8.5;2572.44;5.11093;0;0;0.1;0.01;0;5.78985;1;0;-1
0;611;21.433;-14.7055;1.49518;8.5;2572.44;5.11093;0;0;0.1;0.01;0;5.46915;1;0;-1
0;612;23.2042;4.33804;1.19654;9.49255;3582.92;5.70773;0;0;0.1;0.01;0;5.44733;0;0;-1
0;613;23.3915;20.8322;4.67596;9.56391;3664.33;5.75064;0;0;0.1;0.01;0;6.83845;0;0;-1
0;614;21.9814;37.296;4.96038;8.5;2572.44;5.11093;0;0;0.1;0.01;0;5.65879;1;0;-1
0;615;22.7755;51.4198;3.72678;9.88732;4048.78;5.9451;0;0;0.1;0.01;0;6.64325;0;0;-1
0;616;21.1372;67.7542;1.65314;9.16445;3224.09;5.51045;0;0;0.1;0.01;0;5.95768;0;0;-1
0;617;21.4053;89.4915;1.13725;10.1186;4339.6;6.08417;0;0;0.1;0.01;0;4.04427;0;0;-1
0;618;38.039;-75.929;1.6583;9.44408;3528.32;5.67859;0;0;0.1;0.01;0;6.03128;0;0;-1
0;619;38.5574;-59.6003;4.02934;8.64248;2703.98;5.1966;0;0;0.1;0.01;0;5.22641;0;0;-1
0;620;34.9038;-40.1444;3.41416;8.9796;3032.91;5.3993;0;0;0.1;0.01;0;5.44979;0;0;-1
0;621;35.045;-25.7262;1.19978;9.54414;3641.66;5.73875;0;0;0.1;0.01;0;6.10672;0;0;-1
0;622;38.021;-8.85181;4.48161;9.35846;3433.22;5.62711;0;0;0.1;0.01;0;6.01388;0;0;-1
0;623;37.2347;9.08827;1.45636;9.51894;3612.89;5.7236;0;0;0.1;0.01;0;5.74697;0;0;-1
0;624;36.6651;27.2517;2.87508;9.98295;4167.4;6.0026;0;0;0.1;0.01;0;6.51335;0;0;-1
0;625;35.9277;44.5337;1.21281;10.3932;4702.58;6.24928;0;0;0.1;0.01;0;6.87931;0;0;-1
0;626;36.1009;62.7025;3.83004;10.293;4567.88;6.18903;0;0;0.1;0.01;0;7.82411;0;0;-1
0;627;37.6651;80.0021;2.52896;10.395;4705.03;6.25036;0;0;0.1;0.01;0;5.13914;0;0;-1
0;628;50.8412;-83.5283;2.8971;8.5;2572.44;5.11093;0;0;0.1;0.01;0;2.98901;1;0;-1
0;629;52.1849;-64.6095;4.04303;9.83279;3982.16;5.91231;0;0;0.1;0.01;0;5.58574;0;0;-1
0;630;50.317;-48.4693;3.26134;10.1367;4362.93;6.09505;0;0;0.1;0.01;0;6.36244;0;0;-1
0;631;53.4014;-33.6501;4.79089;8.5;2572.44;5.11093;0;0;0.1;0.01;0;5.8122;1;0;-1
0;632;51.3824;-15.8298;2.99215;8.60239;2666.53;5.17249;0;0;0.1;0.01;0;5.11791;0;0;-1
0;633;52.1609;1.1344;2.46822;8.51441;2585.55;5.11959;0;0;0.1;0.01;0;5.43584;0;0;-1
0;634;52.3757;17.0436;1.66497;9.47502;3563.11;5.69719;0;0;0.1;0.01;0;7.31207;0;0;-1
0;635;50.1841;34.3867;2.7349;9.80689;3950.78;5.89674;0;0;0.1;0.01;0;6.23296;0;0;-1
0;636;51.3828;54.6314;4.70045;8.5;2572.44;5.11093;0;0;0.1;0.01;0;5.01867;1;0;-1
0;637;50.0056;67.7088;3.26289;9.09874;3155.24;5.47094;0;0;0.1;0.01;0;4.70034;0;0;-1
0;638;68.0574;-56.0637;4.6851;9.91865;4087.39;5.96394;0;0;0.1;0.01;0;4.38739;0;0;-1
0;639;67.5932;-39.0428;2.40137;9.67029;3787.97;5.81461;0;0;0.1;0.01;0;7.08909;0;0;-1
0;640;64.7341;-24.1597;3.90153;8.59961;2663.94;5.17082;0;0;0.1;0.01;0;5.67831;0;0;-1
0;641;67.826;-6.65727;4.4208;8.5;2572.44;5.11093;0;0;0.1;0.01;0;4.86841;1;0;-1
0;642;65.6303;12.2007;3.83505;10.2544;4516.68;6.16582;0;0;0.1;0.01;0;6.72075;0;0;-1
0;643;65.487;25.9331;3.94253;8.5;2572.44;5.11093;0;0;0.1;0.01;0;6.09893;1;0;-1
0;644;66.916;44.3144;4.35918;9.40417;3483.77;5.65459;0;0;0.1;0.01;0;5.69775;0;0;-1
0;645;67.4223;60.1796;4.32343;9.78995;3930.34;5.88655;0;0;0.1;0.01;0;4.46617;0;0;-1
0;646;82.3288;-47.3961;5.1049;9.16647;3226.23;5.51167;0;0;0.1;0.01;0;3.67539;0;0;-1
0;647;82.1692;-33.1085;3.18531;10.4059;4719.84;6.25692;0;0;0.1;0.01;0;5.82396;0;0;-1
0;648;81.3954;-15.7958;3.84169;9.58771;3691.76;5.76495;0;0;0.1;0.01;0;6.48899;0;0;-1
0;649;79.7768;0.0567526;1.87589;9.17655;3236.88;5.51773;0;0;0.1;0.01;0;5.72883;0;0;-1
0;650;80.9754;18.2576;2.44936;9.17519;3235.44;5.51691;0;0;0.1;0.01;0;6.64346;0;0;-1
0;651;82.5347;36.1078;4.09239;10.3563;4652.67;6.22709;0;0;0.1;0.01;0;5.55364;0;0;-1
0;652;82.8006;55.298;4.89312;9.98006;4163.78;6.00087;0;0;0.1;0.01;0;2.85017;0;0;-1
0;653;95.8386;-23.3877;2.10056;10.372;4673.86;6.23653;0;0;0.1;0.01;0;3.62848;0;0;-1
0;654;96.3559;-7.56626;4.22131;9.30892;3378.99;5.59732;0;0;0.1;0.01;0;3.4066;0;0;-1
0;655;94.5253;12.1172;1.93574;9.59168;3696.35;5.76734;0;0;0.1;0.01;0;4.21363;0;0;-1
0;656;94.3114;26.6323;4.47502;10.0281;4224.2;6.02975;0;0;0.1;0.01;0;4.46556;0;0;-1
0;657;-86.8343;-40.7497;19.2009;10.0139;4206.28;6.02121;0;0;0.1;0.01;0;3.22242;0;0;-1
0;658;-85.0777;-21.1757;18.559;9.39531;3473.94;5.64926;0;0;0.1;0.01;0;3.28336;0;0;-1
0;659;-84.878;-4.98836;19.2719;9.9256;4095.99;5.96812;0;0;0.1;0.01;0;4.60353;0;0;-1
0;660;-86.6512;10.4811;17.1901;9.41782;3498.97;5.6628;0;0;0.1;0.01;0;4.71478;0;0;-1
0;661;-85.7225;27.1055;18.3077;8.5;2572.44;5.11093;0;0;0.1;0.01;0;3.21728;1;0;-1
0;662;-84.2582;45.3265;18.9269;8.68184;2741.09;5.22026;0;0;0.1;0.01;0;2.72752;0;0;-1
0;663;-72.11;-63.6373;19.8449;9.46219;3548.65;5.68948;0;0;0.1;0.01;0;3.35673;0;0;-1
0;664;-70.8106;-48.5622;16.6735;9.04696;3101.68;5.43981;0;0;0.1;0.01;0;6.11243;0;0;-1
0;665;-68.9847;-33.8732;19.1837;8.5;2572.44;5.11093;0;0;0.1;0.01;0;5.46868;1;0;-1
0;666;-71.9584;-13.1867;19.0201;9.90376;4069.01;5.95499;0;0;0.1;0.01;0;7.23586;0;0;-1
0;667;-69.3887;2.17327;19.7052;9.7357;3865.36;5.85394;0;0;0.1;0.01;0;6.93176;0;0;-1
0;668;-70.2508;18.6408;19.2997;9.64972;3763.85;5.80224;0;0;0.1;0.01;0;5.8015;0;0;-1
0;669;-70.2931;34.2566;16.7419;8.77909;2834.24;5.27874;0;0;0.1;0.01;0;4.32207;0;0;-1
0;670;-70.2513;52.8848;16.2649;8.5;2572.44;5.11093;0;0;0.1;0.01;0;3.9148;1;0;-1
0;671;-58.0224;-74.9478;17.1187;10.065;4271;6.05194;0;0;0.1;0.01;0;4.51512;0;0;-1
0;672;-57.4993;-58.6563;18.7095;9.47117;3558.77;5.69488;0;0;0.1;0.01;0;6.43797;0;0;-1
0;673;-56.2041;-39.5348;17.4556;10.2399;4497.55;6.1571;0;0;0.1;0.01;0;7.4027;0;0;-1
0;674;-57.0858;-23.2732;16.9143;8.9323;2985.23;5.37086;0;0;0.1;0.01;0;5.73415;0;0;-1
0;675;-55.1835;-6.4663;16.0523;9.97374;4155.88;5.99707;0;0;0.1;0.01;0;6.24432;0;0;-1
0;676;-57.1292;8.61822;17.4102;8.70387;2762.01;5.23351;0;0;0.1;0.01;0;5.38342;0;0;-1
0;677;-55.3824;26.7724;16.7937;9.65507;3770.12;5.80545;0;0;0.1;0.01;0;5.70856;0;0;-1
0;678;-54.9698;46.8997;18.9406;8.5;2572.44;5.11093;0;0;0.1;0.01;0;4.35189;1;0;-1
0;679;-53.9863;61.9365;18.2807;8.67427;2733.93;5.21571;0;0;0.1;0.01;0;3.8081;0;0;-1
0;680;-53.7961;78.0476;19.6573;9.60026;3706.27;5.7725;0;0;0.1;0.01;0;2.63955;0;0;-1
0;681;-41.6962;-84.6167;16.8477;9.64536;3758.75;5.79962;0;0;0.1;0.01;0;4.329;0;0;-1
0;682;-40.6326;-67.4715;17.7336;8.98447;3037.85;5.40223;0;0;0.1;0.01;0;5.51479;0;0;-1
0;683;-40.4619;-47.7796;16.7362;9.09298;3149.25;5.46748;0;0;0.1;0.01;0;5.25841;0;0;-1
0;684;-42.5285;-33.0288;18.1951;9.56256;3662.78;5.74983;0;0;0.1;0.01;0;6.3547;0;0;-1
0;685;-42.1572;-13.7569;16.4915;8.5;2572.44;5.11093;0;0;0.1;0.01;0;4.91511;1;0;-1
0;686;-39.9907;2.27708;17.7257;8.8338;2887.56;5.31164;0;0;0.1;0.01;0;5.08301;0;0;-1
0;687;-42.2112;18.6815;18.4588;8.81873;2872.81;5.30257;0;0;0.1;0.01;0;5.43357;0;0;-1
0;688;-41.1669;33.7365;18.2749;8.97255;3025.77;5.39506;0;0;0.1;0.01;0;5.19088;0;0;-1
0;689;-39.7057;53.2137;18.5391;8.97931;3032.62;5.39913;0;0;0.1;0.01;0;4.73797;0;0;-1
0;690;-39.5876;71.4855;16.4018;10.2106;4459.05;6.13949;0;0;0.1;0.01;0;5.90335;0;0;-1
0;691;-41.5955;87.7476;18.5404;8.98874;3042.18;5.4048;0;0;0.1;0.01;0;2.93139;0;0;-1
0;692;-27.7606;-93.4562;16.8297;10.4523;4783.26;6.28482;0;0;0.1;0.01;0;3.97943;0;0;-1
0;693;-27.5085;-72.8547;18.5001;9.83112;3980.13;5.91131;0;0;0.1;0.01;0;6.16611;0;0;-1
0;694;-25.3716;-56.7073;16.2789;8.5;2572.44;5.11093;0;0;0.1;0.01;0;4.44953;1;0;-1
0;695;-24.5033;-40.3748;17.8398;8.88227;2935.35;5.34078;0;0;0.1;0.01;0;5.48724;0;0;-1
0;696;-28.3594;-24.7252;16.3189;9.59361;3698.58;5.7685;0;0;0.1;0.01;0;6.04844;0;0;-1
0;697;-28.3779;-7.18696;16.0147;9.33032;3402.34;5.61019;0;0;0.1;0.01;0;5.29219;0;0;-1
0;698;-26.961;10.6788;16.488;9.60486;3711.6;5.77526;0;0;0.1;0.01;0;6.09242;0;0;-1
0;699;-27.4537;28.0513;17.3639;9.05772;3112.76;5.44628;0;0;0.1;0.01;0;5.13042;0;0;-1
0;700;-25.4622;45.93;17.6335;9.58543;3689.13;5.76358;0;0;0.1;0.01;0;5.76633;0;0;-1
0;701;-28.1566;62.0568;16.4021;9.01678;3070.74;5.42166;0;0;0.1;0.01;0;5.90379;0;0;-1
0;702;-27.4114;80.4131;16.3117;10.1887;4430.42;6.12632;0;0;0.1;0.01;0;5.89117;0;0;-1
0;703;-13.2919;-83.6071;17.6385;9.77088;3907.42;5.87509;0;0;0.1;0.01;0;5.45801;0;0;-1
0;704;-13.7355;-65.6455;17.0231;8.5;2572.44;5.11093;0;0;0.1;0.01;0;4.20982;1;0;-1
0;705;-11.1806;-47.5329;16.2676;9.7905;3931;5.88689;0;0;0.1;0.01;0;5.45048;0;0;-1
0;706;-12.3561;-30.7854;19.3463;8.63701;2698.85;5.19331;0;0;0.1;0.01;0;5.76309;0;0;-1
0;707;-11.5482;-16.1918;17.476;9.71429;3839.92;5.84106;0;0;0.1;0.01;0;6.34203;0;0;-1
0;708;-13.6687;1.66156;17.1286;10.0878;4300.09;6.06565;0;0;0.1;0.01;0;7.02404;0;0;-1
0;709;-13.1798;20.7892;16.6136;10.0841;4295.36;6.06342;0;0;0.1;0.01;0;6.26896;0;0;-1
0;710;-10.9542;37.3181;17.2962;8.97727;3030.55;5.3979;0;0;0.1;0.01;0;5.49464;0;0;-1
0;711;-10.0207;52.3605;18.3042;10.1287;4352.61;6.09024;0;0;0.1;0.01;0;6.64277;0;0;-1
0;712;-11.6722;68.4251;18.3687;8.59754;2662.02;5.16958;0;0;0.1;0.01;0;5.20884;0;0;-1
0;713;-11.0494;85.2568;18.6684;8.5;2572.44;5.11093;0;0;0.1;0.01;0;3.73868;1;0;-1
0;714;1.68272;-91.9837;17.4337;10.248;4508.23;6.16197;0;0;0.1;0.01;0;3.90854;0;0;-1
0;715;4.58483;-72.274;15.9802;8.68782;2746.76;5.22386;0;0;0.1;0.01;0;5.1544;0;0;-1
0;716;2.81964;-56.9743;17.3326;8.5;2572.44;5.11093;0;0;0.1;0.01;0;5.54432;1;0;-1
0;717;2.96197;-39.8555;16.6733;9.887;4048.39;5.94491;0;0;0.1;0.01;0;6.5852;0;0;-1
0;718;2.38333;-24.4643;16.4664;8.82136;2875.38;5.30416;0;0;0.1;0.01;0;5.63657;0;0;-1
0;719;4.97476;-8.37004;17.11;8.57217;2638.52;5.15432;0;0;0.1;0.01;0;4.7447;0;0;-1
0;720;4.17471;9.65043;16.3856;9.89258;4055.25;5.94826;0;0;0.1;0.01;0;4.89237;0;0;-1
0;721;2.15976;28.5076;16.6402;9.95865;4137.04;5.98799;0;0;0.1;0.01;0;6.2475;0;0;-1
0;722;2.534;46.1862;15.6166;8.5982;2662.63;5.16997;0;0;0.1;0.01;0;5.80465;0;0;-1
0;723;2.66025;63.4025;15.8916;10.4039;4717.12;6.25571;0;0;0.1;0.01;0;6.71371;0;0;-1
0;724;0.993307;77.9607;15.9335;8.66392;2724.16;5.20949;0;0;0.1;0.01;0;5.68456;0;0;-1
0;725;4.69476;93.0892;17.7738;8.70908;2766.98;5.23664;0;0;0.1;0.01;0;2.89382;0;0;-1
0;726;17.7767;-82.3804;17.1072;10.0453;4245.97;6.04009;0;0;0.1;0.01;0;5.13138;0;0;-1
0;727;15.798;-64.415;16.3794;8.5;2572.44;5.11093;0;0;0.1;0.01;0;4.94373;1;0;-1
0;728;16.0257;-50.0866;18.3107;9.61978;3728.93;5.78423;0;0;0.1;0.01;0;5.55456;0;0;-1
0;729;18.9363;-33.9818;18.1037;8.5;2572.44;5.11093;0;0;0.1;0.01;0;4.31444;1;0;-1
0;730;18.354;-17.0116;17.3463;9.30503;3374.75;5.59498;0;0;0.1;0.01;0;5.77564;0;0;-1
0;731;17.4617;2.71659;18.4929;8.54447;2613.03;5.13767;0;0;0.1;0.01;0;4.7417;0;0;-1
0;732;16.5788;21.1368;16.2184;9.14026;3198.63;5.49591;0;0;0.1;0.01;0;6.27631;0;0;-1
0;733;16.5136;37.0725;17.4449;8.88866;2941.69;5.34462;0;0;0.1;0.01;0;5.88849;0;0;-1
0;734;19.6638;52.9303;17.6955;8.85858;2911.93;5.32654;0;0;0.1;0.01;0;5.16921;0;0;-1
0;735;16.4133;69.7733;17.3874;8.51644;2587.4;5.12081;0;0;0.1;0.01;0;5.1558;0;0;-1
0;736;17.9158;85.6724;16.4549;9.17315;3233.29;5.51568;0;0;0.1;0.01;0;3.56664;0;0;-1
0;737;33.1737;-92.4878;15.933;9.05955;3114.64;5.44738;0;0;0.1;0.01;0;1.68991;0;0;-1
0;738;33.7868;-73.7676;16.099;9.51316;3606.31;5.72013;0;0;0.1;0.01;0;5.47648;0;0;-1
0;739;33.1749;-55.2443;18.0148;9.15668;3215.9;5.50578;0;0;0.1;0.01;0;4.54285;0;0;-1
0;740;33.6504;-39.0277;18.0754;8.5;2572.44;5.11093;0;0;0.1;0.01;0;5.3324;1;0;-1
0;741;31.4378;-24.4871;16.3404;9.37929;3456.2;5.63963;0;0;0.1;0.01;0;6.48158;0;0;-1
0;742;30.7094;-8.0628;18.5953;9.30862;3378.66;5.59714;0;0;0.1;0.01;0;5.49791;0;0;-1
0;743;30.5301;11.5677;17.017;8.87722;2930.35;5.33774;0;0;0.1;0.01;0;5.1336;0;0;-1
0;744;32.0952;26.8754;16.7688;8.78131;2836.39;5.28007;0;0;0.1;0.01;0;5.40303;0;0;-1
0;745;33.2179;45.7707;16.5249;8.5;2572.44;5.11093;0;0;0.1;0.01;0;5.28943;1;0;-1
0;746;30.4876;63.4368;19.4791;9.08213;3137.99;5.46095;0;0;0.1;0.01;0;6.8164;0;0;-1
0;747;30.6489;77.8118;17.848;9.25776;3323.58;5.56656;0;0;0.1;0.01;0;5.18458;0;0;-1
0;748;45.3097;-81.2479;16.0891;9.99665;4184.58;6.01084;0;0;0.1;0.01;0;4.70873;0;0;-1
0;749;48.907;-67.6411;17.0077;8.61752;2680.62;5.18159;0;0;0.1;0.01;0;5.08213;0;0;-1
0;750;47.51;-48.1694;18.5925;8.5;2572.44;5.11093;0;0;0.1;0.01;0;4.60388;1;0;-1
0;751;46.7621;-31.903;16.6158;9.52674;3621.78;5.72829;0;0;0.1;0.01;0;6.82771;0;0;-1
0;752;46.3603;-15.3156;17.5024;9.96599;4146.2;5.99241;0;0;0.1;0.01;0;6.40043;0;0;-1
0;753;46.2069;4.39662;19.4773;9.61473;3723.06;5.7812;0;0;0.1;0.01;0;5.43062;0;0;-1
0;754;48.7887;20.4711;17.3391;9.77667;3914.37;5.87857;0;0;0.1;0.01;0;6.22912;0;0;-1
0;755;46.8587;34.8834;18.9836;8.5;2572.44;5.11093;0;0;0.1;0.01;0;5.2377;1;0;-1
0;756;45.0838;54.0913;16.5864;10.1386;4365.39;6.09619;0;0;0.1;0.01;0;6.57484;0;0;-1
0;757;46.9776;68.9771;17.7807;8.7934;2848.13;5.28734;0;0;0.1;0.01;0;5.04341;0;0;-1
0;758;45.9398;86.0452;19.6666;8.5;2572.44;5.11093;0;0;0.1;0.01;0;1.28353;1;0;-1
0;759;61.2227;-75.4447;17.4891;9.74749;3879.42;5.86102;0;0;0.1;0.01;0;2.82147;0;0;-1
0;760;62.3053;-57.9545;18.1639;8.5;2572.44;5.11093;0;0;0.1;0.01;0;4.94909;1;0;-1
0;761;62.5639;-38.7148;16.6991;10.097;4311.87;6.07118;0;0;0.1;0.01;0;7.49568;0;0;-1
0;762;60.4213;-24.2765;16.5109;9.90118;4065.83;5.95344;0;0;0.1;0.01;0;7.54424;0;0;-1
0;763;60.3752;-7.3998;16.7473;8.93108;2984.01;5.37013;0;0;0.1;0.01;0;4.8099;0;0;-1
0;764;62.4605;10.6014;16.9657;9.45392;3539.36;5.6845;0;0;0.1;0.01;0;5.78019;0;0;-1
0;765;61.6861;28.5323;16.4774;10.2254;4478.47;6.14838;0;0;0.1;0.01;0;7.22281;0;0;-1
0;766;61.8646;45.2093;19.0357;8.67367;2733.36;5.21535;0;0;0.1;0.01;0;6.07949;0;0;-1
0;767;62.2925;63.6366;19.0466;10.0225;4217.13;6.02638;0;0;0.1;0.01;0;4.83314;0;0;-1
0;768;75.9075;-50.2093;19.5101;8.70096;2759.24;5.23176;0;0;0.1;0.01;0;3.01364;0;0;-1
0;769;76.048;-33.4784;18.3433;10.0886;4301.12;6.06613;0;0;0.1;0.01;0;6.13433;0;0;-1
0;770;77.6201;-16.9546;16.7451;8.5;2572.44;5.11093;0;0;0.1;0.01;0;4.96148;1;0;-1
0;771;74.8811;0.855252;19.4106;8.71841;2775.88;5.24225;0;0;0.1;0.01;0;4.44268;0;0;-1
0;772;76.4892;20.1104;16.1854;9.82373;3971.16;5.90687;0;0;0.1;0.01;0;6.53841;0;0;-1
0;773;74.821;37.9196;19.0709;10.3722;4674.14;6.23665;0;0;0.1;0.01;0;6.73483;0;0;-1
0;774;76.5226;52.4245;18.7581;8.77615;2831.4;5.27697;0;0;0.1;0.01;0;4.58044;0;0;-1
0;775;91.53;-22.0679;18.6345;9.7875;3927.39;5.88508;0;0;0.1;0.01;0;4.346;0;0;-1
0;776;92.7482;-7.35831;19.9409;8.5;2572.44;5.11093;0;0;0.1;0.01;0;2.6178;1;0;-1
0;777;91.7028;9.32584;16.2223;9.05672;3111.73;5.44567;0;0;0.1;0.01;0;2.52468;0;0;-1
0;778;89.4662;26.8389;17.3876;9.35384;3428.14;5.62433;0;0;0.1;0.01;0;4.07943;0;0;-1
0;779;-93.5862;2.41007;34.5654;8.55786;2625.33;5.14572;0;0;0.1;0.01;0;2.84466;0;0;-1
0;780;-82.0388;-39.7094;31.6363;9.85962;4014.85;5.92845;0;0;0.1;0.01;0;3.15493;0;0;-1
0;781;-79.6879;-25.0864;32.4567;9.32437;3395.84;5.60661;0;0;0.1;0.01;0;4.25094;0;0;-1
0;782;-79.0007;-6.0911;34.0225;9.22038;3283.49;5.54408;0;0;0.1;0.01;0;5.97804;0;0;-1
0;783;-80.1768;10.0442;31.8165;8.73128;2788.19;5.24999;0;0;0.1;0.01;0;4.89444;0;0;-1
0;784;-82.7036;25.8752;30.9231;9.40262;3482.05;5.65366;0;0;0.1;0.01;0;2.74742;0;0;-1
0;785;-79.9022;46.0353;31.3464;8.54151;2610.31;5.13589;0;0;0.1;0.01;0;2.20485;0;0;-1
0;786;-65.9547;-66.8908;33.9561;9.46889;3556.2;5.69351;0;0;0.1;0.01;0;3.4193;0;0;-1
0;787;-66.6257;-47.6771;32.2378;9.70994;3834.76;5.83845;0;0;0.1;0.01;0;4.79161;0;0;-1
0;788;-64.3031;-30.7708;34.2031;9.95636;4134.19;5.98661;0;0;0.1;0.01;0;6.55603;0;0;-1
0;789;-66.7743;-15.5644;31.0168;8.5;2572.44;5.11093;0;0;0.1;0.01;0;5.95211;1;0;-1
0;790;-65.6107;0.0149582;34.1275;8.9441;2997.08;5.37796;0;0;0.1;0.01;0;5.98526;0;0;-1
0;791;-66.5498;18.1316;33.8904;8.5;2572.44;5.11093;0;0;0.1;0.01;0;4.43014;1;0;-1
0;792;-64.4072;35.1702;31.656;8.58667;2651.94;5.16304;0;0;0.1;0.01;0;4.1661;0;0;-1
0;793;-66.8387;53.0604;33.2011;9.91933;4088.23;5.96435;0;0;0.1;0.01;0;3.57309;0;0;-1
0;794;-53.187;-73.325;30.6154;10.1149;4334.84;6.08194;0;0;0.1;0.01;0;4.85285;0;0;-1
0;795;-50.1829;-58.7148;30.987;9.48167;3570.62;5.70119;0;0;0.1;0.01;0;6.02608;0;0;-1
0;796;-49.8373;-38.4024;31.6516;9.72083;3847.68;5.84499;0;0;0.1;0.01;0;6.12787;0;0;-1
0;797;-52.8031;-21.2948;31.1226;8.5;2572.44;5.11093;0;0;0.1;0.01;0;4.91542;1;0;-1
0;798;-52.7065;-7.28805;34.1932;9.66627;3783.25;5.81219;0;0;0.1;0.01;0;4.47743;0;0;-1
0;799;-51.6664;11.8724;31.7791;8.5;2572.44;5.11093;0;0;0.1;0.01;0;4.16077;1;0;-1
0;800;-50.7144;29.4021;32.611;8.5;2572.44;5.11093;0;0;0.1;0.01;0;5.23705;1;0;-1
0;801;-52.7804;43.3437;33.1293;8.5;2572.44;5.11093;0;0;0.1;0.01;0;5.24065;1;0;-1
0;802;-51.643;60.0659;33.9746;8.5;2572.44;5.11093;0;0;0.1;0.01;0;4.23803;1;0;-1
0;803;-35.6437;-85.3966;34.2811;10.1766;4414.65;6.11904;0;0;0.1;0.01;0;3.63681;0;0;-1
0;804;-38.0031;-66.3784;31.2839;8.5;2572.44;5.11093;0;0;0.1;0.01;0;4.55874;1;0;-1
0;805;-37.9457;-47.2911;33.1275;9.74583;3877.44;5.86003;0;0;0.1;0.01;0;5.96544;0;0;-1
0;806;-34.4728;-33.0301;33.0284;10.2533;4515.23;6.16516;0;0;0.1;0.01;0;6.5208;0;0;-1
0;807;-35.1756;-16.2752;32.7143;8.8572;2910.57;5.32571;0;0;0.1;0.01;0;4.13025;0;0;-1
0;808;-35.3367;2.98213;32.2951;8.80953;2863.83;5.29704;0;0;0.1;0.01;0;4.53505;0;0;-1
0;809;-38.3004;17.6753;32.7588;8.96634;3019.49;5.39133;0;0;0.1;0.01;0;4.90322;0;0;-1
0;810;-36.9774;37.9439;31.6627;9.65063;3764.92;5.80278;0;0;0.1;0.01;0;6.08279;0;0;-1
0;811;-36.8433;52.4712;32.4194;8.9865;3039.91;5.40345;0;0;0.1;0.01;0;5.22392;0;0;-1
0;812;-37.9041;69.1949;32.1253;8.5;2572.44;5.11093;0;0;0.1;0.01;0;3.35708;1;0;-1
0;813;-20.9653;-91.0251;34.0181;9.86408;4020.3;5.93113;0;0;0.1;0.01;0;3.76573;0;0;-1
0;814;-22.9227;-74.3013;32.2342;8.5;2572.44;5.11093;0;0;0.1;0.01;0;5.11871;1;0;-1
0;815;-22.8344;-57.05;34.4214;8.61747;2680.57;5.18156;0;0;0.1;0.01;0;4.58652;0;0;-1
0;816;-21.8579;-42.7409;31.8854;8.61331;2676.69;5.17906;0;0;0.1;0.01;0;5.68029;0;0;-1
0;817;-20.4317;-21.6643;31.3783;8.5;2572.44;5.11093;0;0;0.1;0.01;0;3.95915;1;0;-1
0;818;-20.957;-4.75336;34.0479;9.37895;3455.82;5.63943;0;0;0.1;0.01;0;5.901;0;0;-1
0;819;-21.7912;11.1938;31.6452;8.93559;2988.53;5.37284;0;0;0.1;0.01;0;5.87862;0;0;-1
0;820;-22.9957;29.3679;33.7816;9.49202;3582.32;5.70741;0;0;0.1;0.01;0;5.5556;0;0;-1
0;821;-20.7373;44.2952;33.8138;9.19925;3260.96;5.53138;0;0;0.1;0.01;0;6.29518;0;0;-1
0;822;-20.4318;59.6976;30.9823;8.65751;2718.11;5.20564;0;0;0.1;0.01;0;5.12074;0;0;-1
0;823;-21.7705;76.7144;32.672;10.0526;4255.24;6.04448;0;0;0.1;0.01;0;4.73788;0;0;-1
0;824;-6.81913;-81.4827;33.003;10.2345;4490.44;6.15386;0;0;0.1;0.01;0;5.73677;0;0;-1
0;825;-7.57981;-65.848;32.0371;9.11861;3175.96;5.48289;0;0;0.1;0.01;0;4.85137;0;0;-1
0;826;-8.80901;-46.9426;30.7979;9.1191;3176.47;5.48318;0;0;0.1;0.01;0;5.14978;0;0;-1
0;827;-5.45946;-32.6296;31.1706;8.5;2572.44;5.11093;0;0;0.1;0.01;0;4.74328;1;0;-1
0;828;-8.84177;-13.1764;31.5904;10.4144;4731.42;6.26203;0;0;0.1;0.01;0;6.59238;0;0;-1
0;829;-7.46583;3.4753;31.9484;9.30981;3379.96;5.59785;0;0;0.1;0.01;0;6.08579;0;0;-1
0;830;-6.85261;20.9996;33.6362;10.0649;4270.88;6.05188;0;0;0.1;0.01;0;5.67569;0;0;-1
0;831;-7.48114;37.798;34.0861;9.13604;3194.2;5.49337;0;0;0.1;0.01;0;6.14347;0;0;-1
0;832;-5.85206;51.7247;33.6917;8.5;2572.44;5.11093;0;0;0.1;0.01;0;5.49111;1;0;-1
0;833;-7.20218;69.7821;32.3973;8.73803;2794.66;5.25405;0;0;0.1;0.01;0;4.34983;0;0;-1
0;834;-6.7852;88.65;31.1346;8.56897;2635.57;5.1524;0;0;0.1;0.01;0;2.16701;0;0;-1
0;835;8.24799;-89.4388;34.6636;8.757;2812.9;5.26546;0;0;0.1;0.01;0;3.18244;0;0;-1
0;836;7.70511;-74.4734;32.4967;10.4534;4784.77;6.28548;0;0;0.1;0.01;0;7.03359;0;0;-1
0;837;6.3463;-58.9465;31.8147;8.79873;2853.31;5.29055;0;0;0.1;0.01;0;5.10469;0;0;-1
0;838;8.48809;-42.9153;33.2019;10.0561;4259.68;6.04659;0;0;0.1;0.01;0;6.75253;0;0;-1
0;839;6.86614;-23.8847;32.75;8.90408;2957.03;5.35389;0;0;0.1;0.01;0;4.88049;0;0;-1
0;840;7.21228;-6.04629;33.7224;9.87605;4034.95;5.93833;0;0;0.1;0.01;0;6.05211;0;0;-1
0;841;5.64665;8.78967;34.3785;9.10205;3158.68;5.47293;0;0;0.1;0.01;0;4.74165;0;0;-1
0;842;8.33832;27.8204;31.0468;9.25309;3318.55;5.56375;0;0;0.1;0.01;0;5.15955;0;0;-1
0;843;6.79134;42.8913;30.5892;10.1876;4428.99;6.12566;0;0;0.1;0.01;0;6.42039;0;0;-1
0;844;8.63871;61.5748;30.8991;8.68436;2743.48;5.22178;0;0;0.1;0.01;0;4.75622;0;0;-1
0;845;9.1232;78.9357;31.9041;9.46328;3549.88;5.69013;0;0;0.1;0.01;0;4.70337;0;0;-1
0;846;23.1454;-82.6656;33.8567;9.93443;4106.93;5.97343;0;0;0.1;0.01;0;4.76539;0;0;-1
0;847;22.6494;-67.9637;33.0112;9.85623;4010.71;5.92641;0;0;0.1;0.01;0;5.40335;0;0;-1
0;848;23.8693;-47.7353;33.3868;8.90151;2954.47;5.35235;0;0;0.1;0.01;0;5.89756;0;0;-1
0;849;21.1354;-32.2909;32.4686;10.1635;4397.63;6.11117;0;0;0.1;0.01;0;7.04078;0;0;-1
0;850;22.1176;-14.0038;32.2151;10.1553;4386.99;6.10623;0;0;0.1;0.01;0;6.79782;0;0;-1
0;851;22.3388;0.477298;30.9372;8.92445;2977.37;5.36614;0;0;0.1;0.01;0;5.127;0;0;-1
0;852;23.0075;19.3388;30.4862;9.06881;3124.2;5.45294;0;0;0.1;0.01;0;4.82282;0;0;-1
0;853;22.1077;37.557;33.9848;9.3486;3422.38;5.62118;0;0;0.1;0.01;0;5.73693;0;0;-1
0;854;23.7961;51.3916;32.5735;9.90615;4071.96;5.95642;0;0;0.1;0.01;0;6.81372;0;0;-1
0;855;22.3307;68.7548;31.0009;8.75237;2808.44;5.26267;0;0;0.1;0.01;0;5.90428;0;0;-1
0;856;20.8573;89.3903;34.2251;9.34689;3420.5;5.62015;0;0;0.1;0.01;0;1.60214;0;0;-1
0;857;35.7827;-74.7228;32.7968;8.5;2572.44;5.11093;0;0;0.1;0.01;0;3.4269;1;0;-1
0;858;37.1885;-55.088;32.8409;9.55435;3653.36;5.74489;0;0;0.1;0.01;0;5.76182;0;0;-1
0;859;35.5699;-38.4191;30.8894;8.5;2572.44;5.11093;0;0;0.1;0.01;0;5.30913;1;0;-1
0;860;37.4965;-21.98;32.1869;8.5;2572.44;5.11093;0;0;0.1;0.01;0;4.75377;1;0;-1
0;861;35.8981;-4.81209;33.207;9.17157;3231.62;5.51473;0;0;0.1;0.01;0;5.72605;0;0;-1
0;862;38.7412;9.35211;32.4837;8.59517;2659.82;5.16815;0;0;0.1;0.01;0;4.91426;0;0;-1
0;863;38.1025;25.5643;32.9959;9.81869;3965.06;5.90384;0;0;0.1;0.01;0;5.59415;0;0;-1
0;864;38.3513;43.1657;33.0914;9.76301;3897.98;5.87036;0;0;0.1;0.01;0;6.01967;0;0;-1
0;865;35.3755;61.8622;33.7035;9.76121;3895.83;5.86927;0;0;0.1;0.01;0;6.625;0;0;-1
0;866;36.8562;77.2525;32.1623;10.0224;4217;6.02632;0;0;0.1;0.01;0;5.23552;0;0;-1
0;867;52.8288;-64.6664;31.9354;9.06145;3116.6;5.44852;0;0;0.1;0.01;0;3.97359;0;0;-1
0;868;53.1646;-49.3387;32.1233;9.43641;3519.73;5.67398;0;0;0.1;0.01;0;5.65556;0;0;-1
0;869;52.0682;-33.3882;32.4082;9.52844;3623.71;5.72931;0;0;0.1;0.01;0;6.13865;0;0;-1
0;870;51.5449;-17.3196;31.6008;9.93219;4104.15;5.97208;0;0;0.1;0.01;0;6.31951;0;0;-1
0;871;53.2136;0.916071;33.8737;10.0205;4214.6;6.02518;0;0;0.1;0.01;0;6.86718;0;0;-1
0;872;52.4644;17.8237;33.3898;8.9672;3020.36;5.39185;0;0;0.1;0.01;0;6.01646;0;0;-1
0;873;53.4718;38.1462;32.2372;8.9671;3020.26;5.39179;0;0;0.1;0.01;0;6.03673;0;0;-1
0;874;53.2645;53.1802;33.3265;9.60563;3712.5;5.77573;0;0;0.1;0.01;0;6.96813;0;0;-1
0;875;51.4248;68.3311;32.4171;9.14929;3208.12;5.50134;0;0;0.1;0.01;0;4.86721;0;0;-1
0;876;67.2583;-58.0702;32.4243;8.83388;2887.64;5.31168;0;0;0.1;0.01;0;3.29234;0;0;-1
0;877;67.6947;-38.6017;31.5515;9.31078;3381.01;5.59844;0;0;0.1;0.01;0;5.34565;0;0;-1
0;878;66.3899;-21.816;31.9668;9.12977;3187.63;5.4896;0;0;0.1;0.01;0;5.27199;0;0;-1
0;879;66.942;-4.76964;32.6242;9.85842;4013.38;5.92772;0;0;0.1;0.01;0;5.72451;0;0;-1
0;880;67.2091;10.3568;32.9732;8.94914;3002.15;5.38099;0;0;0.1;0.01;0;6.55112;0;0;-1
0;881;66.2096;28.0118;33.784;8.61621;2679.4;5.1808;0;0;0.1;0.01;0;5.82087;0;0;-1
0;882;67.318;45.6432;31.0862;9.11558;3172.79;5.48107;0;0;0.1;0.01;0;6.46611;0;0;-1
0;883;67.0149;59.5018;32.0767;9.87652;4035.53;5.93861;0;0;0.1;0.01;0;4.75449;0;0;-1
0;884;79.9444;-30.2559;33.8289;9.91075;4077.63;5.95919;0;0;0.1;0.01;0;4.39865;0;0;-1
0;885;80.178;-15.9689;30.727;8.8039;2858.34;5.29366;0;0;0.1;0.01;0;4.50496;0;0;-1
0;886;79.6578;3.68876;33.55;10.0827;4293.58;6.06258;0;0;0.1;0.01;0;4.94808;0;0;-1
0;887;80.7134;19.7017;34.1954;8.73611;2792.82;5.2529;0;0;0.1;0.01;0;3.84857;0;0;-1
0;888;80.5436;33.6392;31.9239;8.98096;3034.29;5.40012;0;0;0.1;0.01;0;4.25669;0;0;-1
0;889;-86.352;-6.44437;47.233;9.7781;3916.08;5.87943;0;0;0.1;0.01;0;3.24564;0;0;-1
0;890;-85.6609;9.85486;47.7962;10.4049;4718.48;6.25632;0;0;0.1;0.01;0;3.02392;0;0;-1
0;891;-69.02;-49.9835;48.7952;10.4318;4755.17;6.27249;0;0;0.1;0.01;0;2.88074;0;0;-1
0;892;-69.3927;-33.7474;47.9863;8.5;2572.44;5.11093;0;0;0.1;0.01;0;4.09442;1;0;-1
0;893;-69.3639;-13.3641;47.697;9.91875;4087.52;5.964;0;0;0.1;0.01;0;5.72516;0;0;-1
0;894;-71.5181;0.837667;46.7776;8.91111;2964.04;5.35812;0;0;0.1;0.01;0;5.62355;0;0;-1
0;895;-68.5677;18.0358;47.0522;8.75571;2811.66;5.26468;0;0;0.1;0.01;0;3.93405;0;0;-1
0;896;-70.5792;36.4599;49.3608;9.25688;3322.63;5.56603;0;0;0.1;0.01;0;1.72423;0;0;-1
0;897;-56.6365;-59.6083;46.1474;8.92538;2978.3;5.3667;0;0;0.1;0.01;0;4.10189;0;0;-1
0;898;-57.0571;-39.132;47.6038;9.30218;3371.65;5.59327;0;0;0.1;0.01;0;5.7776;0;0;-1
0;899;-57.0521;-23.2653;47.2586;8.5;2572.44;5.11093;0;0;0.1;0.01;0;5.45145;1;0;-1
0;900;-56.8232;-6.90836;48.8091;9.56046;3660.37;5.74857;0;0;0.1;0.01;0;5.90513;0;0;-1
0;901;-54.5985;12.7575;45.9864;8.6949;2753.48;5.22812;0;0;0.1;0.01;0;4.41982;0;0;-1
0;902;-57.702;29.7422;45.9882;8.5;2572.44;5.11093;0;0;0.1;0.01;0;4.65836;1;0;-1
0;903;-56.3009;45.9412;47.032;8.5;2572.44;5.11093;0;0;0.1;0.01;0;4.45942;1;0;-1
0;904;-54.4404;61.2991;46.4159;8.73256;2789.42;5.25076;0;0;0.1;0.01;0;3.49923;0;0;-1
0;905;-40.649;-64.382;45.8807;8.77308;2828.43;5.27513;0;0;0.1;0.01;0;3.66459;0;0;-1
0;906;-40.4049;-50.5785;48.2083;9.14813;3206.9;5.50064;0;0;0.1;0.01;0;5.16007;0;0;-1
0;907;-43.2012;-30.0698;46.0953;10.1709;4407.24;6.11561;0;0;0.1;0.01;0;6.05325;0;0;-1
0;908;-41.5081;-14.2972;49.0769;8.5;2572.44;5.11093;0;0;0.1;0.01;0;4.98823;1;0;-1
0;909;-41.64;0.770214;49.2653;8.65928;2719.78;5.2067;0;0;0.1;0.01;0;4.6001;0;0;-1
0;910;-42.0962;16.7755;48.2702;10.2808;4551.66;6.1817;0;0;0.1;0.01;0;5.92213;0;0;-1
0;911;-42.3279;35.8811;45.2294;8.59133;2656.26;5.16584;0;0;0.1;0.01;0;4.94967;0;0;-1
0;912;-41.2177;53.2387;48.9015;10.1348;4360.48;6.09391;0;0;0.1;0.01;0;6.53605;0;0;-1
0;913;-42.4869;69.7195;48.0971;9.85071;4003.97;5.92309;0;0;0.1;0.01;0;4.2383;0;0;-1
0;914;-27.8312;-76.7436;46.7394;9.0812;3137.03;5.46039;0;0;0.1;0.01;0;2.96112;0;0;-1
0;915;-26.1689;-55.5044;48.316;8.59395;2658.69;5.16742;0;0;0.1;0.01;0;5.99669;0;0;-1
0;916;-27.6854;-41.4903;46.5282;9.63897;3751.29;5.79577;0;0;0.1;0.01;0;7.57669;0;0;-1
0;917;-28.0332;-24.2545;49.438;8.5;2572.44;5.11093;0;0;0.1;0.01;0;4.80434;1;0;-1
0;918;-25.7054;-8.79348;47.3262;8.5;2572.44;5.11093;0;0;0.1;0.01;0;4.63773;1;0;-1
0;919;-26.6741;12.0301;46.5374;9.92574;4096.16;5.9682;0;0;0.1;0.01;0;5.77937;0;0;-1
0;920;-26.9581;29.5845;48.557;10.2075;4454.99;6.13762;0;0;0.1;0.01;0;7.06337;0;0;-1
0;921;-26.3518;45.1541;48.8393;9.22863;3292.31;5.54904;0;0;0.1;0.01;0;6.11902;0;0;-1
0;922;-25.8938;60.8818;46.519;10.3198;4603.65;6.20515;0;0;0.1;0.01;0;6.87352;0;0;-1
0;923;-25.5711;79.3358;48.5014;9.1597;3219.08;5.50759;0;0;0.1;0.01;0;3.1755;0;0;-1
0;924;-12.3641;-80.7901;46.0143;8.874;2927.16;5.33581;0;0;0.1;0.01;0;3.06974;0;0;-1
0;925;-11.8846;-64.6857;47.9602;8.62741;2689.86;5.18754;0;0;0.1;0.01;0;4.45595;0;0;-1
0;926;-13.4927;-47.9743;46.5681;10.3686;4669.27;6.23449;0;0;0.1;0.01;0;7.52122;0;0;-1
0;927;-12.6936;-33.567;49.1096;10.005;4195.08;6.01586;0;0;0.1;0.01;0;5.88121;0;0;-1
0;928;-11.4142;-13.8834;48.6898;9.93402;4106.42;5.97318;0;0;0.1;0.01;0;6.77066;0;0;-1
0;929;-11.0365;0.268887;46.1058;9.49154;3581.78;5.70713;0;0;0.1;0.01;0;6.65048;0;0;-1
0;930;-13.1739;19.5093;47.8625;10.0132;4205.4;6.02079;0;0;0.1;0.01;0;6.25749;0;0;-1
0;931;-11.2573;37.0961;49.0536;8.84922;2902.71;5.32091;0;0;0.1;0.01;0;6.45118;0;0;-1
0;932;-12.2004;52.544;48.7884;9.02879;3083.03;5.42888;0;0;0.1;0.01;0;7.21008;0;0;-1
0;933;-11.7501;69.7926;48.0793;10.1432;4371.33;6.09896;0;0;0.1;0.01;0;5.86716;0;0;-1
0;934;-12.8175;86.6171;47.9948;8.5;2572.44;5.11093;0;0;0.1;0.01;0;1.66558;1;0;-1
0;935;2.05643;-73.1389;45.881;8.5;2572.44;5.11093;0;0;0.1;0.01;0;4.91112;1;0;-1
0;936;1.61276;-59.4336;46.6212;8.99434;3047.87;5.40817;0;0;0.1;0.01;0;5.60783;0;0;-1
0;937;2.35285;-42.276;46.9558;9.40872;3488.83;5.65733;0;0;0.1;0.01;0;5.65207;0;0;-1
0;938;1.44711;-22.4074;48.5075;9.3869;3464.62;5.64421;0;0;0.1;0.01;0;5.82082;0;0;-1
0;939;4.3089;-5.38531;49.0426;9.50215;3593.8;5.7135;0;0;0.1;0.01;0;6.81252;0;0;-1
0;940;3.22432;8.86769;49.2404;9.40384;3483.41;5.65439;0;0;0.1;0.01;0;5.80802;0;0;-1
0;941;1.82103;29.6355;47.3233;8.5;2572.44;5.11093;0;0;0.1;0.01;0;5.04993;1;0;-1
0;942;1.08707;45.5409;47.6024;8.53776;2606.88;5.13363;0;0;0.1;0.01;0;6.17197;0;0;-1
0;943;1.48864;60.6206;45.6751;9.03964;3094.15;5.4354;0;0;0.1;0.01;0;5.43582;0;0;-1
0;944;4.93467;79.7304;48.657;10.1102;4328.8;6.07912;0;0;0.1;0.01;0;3.00461;0;0;-1
0;945;18.9251;-84.4734;48.8961;8.82496;2878.9;5.30632;0;0;0.1;0.01;0;1.95412;0;0;-1
0;946;18.2802;-65.9284;46.7119;9.13393;3191.99;5.4921;0;0;0.1;0.01;0;4.69472;0;0;-1
0;947;16.929;-49.412;46.2854;8.5;2572.44;5.11093;0;0;0.1;0.01;0;4.61397;1;0;-1
0;948;19.3952;-34.4009;45.9293;10.2763;4545.68;6.17899;0;0;0.1;0.01;0;6.5689;0;0;-1
0;949;16.1488;-14.8587;48.4558;9.22523;3288.67;5.547;0;0;0.1;0.01;0;6.34166;0;0;-1
0;950;18.776;1.80664;48.5226;8.50641;2578.26;5.11478;0;0;0.1;0.01;0;5.65917;0;0;-1
0;951;17.3905;17.4877;46.773;9.55479;3653.86;5.74516;0;0;0.1;0.01;0;5.23369;0;0;-1
0;952;16.0234;36.3982;49.0158;8.5;2572.44;5.11093;0;0;0.1;0.01;0;4.9522;1;0;-1
0;953;19.2404;50.8469;45.5661;9.03341;3087.76;5.43166;0;0;0.1;0.01;0;5.1124;0;0;-1
0;954;17.4141;71.0988;46.7973;9.52319;3617.73;5.72616;0;0;0.1;0.01;0;4.54174;0;0;-1
0;955;33.2074;-74.2753;48.7914;8.9766;3029.87;5.3975;0;0;0.1;0.01;0;3.24499;0;0;-1
0;956;33.1094;-57.1379;47.8288;9.60965;3717.16;5.77814;0;0;0.1;0.01;0;6.04762;0;0;-1
0;957;33.4752;-39.213;45.8226;9.85133;4004.73;5.92346;0;0;0.1;0.01;0;6.5417;0;0;-1
0;958;30.7944;-22.5176;46.1738;9.98303;4167.5;6.00265;0;0;0.1;0.01;0;6.38823;0;0;-1
0;959;31.9825;-5.0339;47.7704;9.48791;3577.67;5.70494;0;0;0.1;0.01;0;5.83332;0;0;-1
0;960;33.2571;12.0614;47.6394;9.44032;3524.1;5.67633;0;0;0.1;0.01;0;5.47739;0;0;-1
0;961;30.6845;25.7844;46.9797;9.75134;3884.02;5.86334;0;0;0.1;0.01;0;6.52776;0;0;-1
0;962;32.7074;43.2071;48.5182;8.95476;3007.81;5.38437;0;0;0.1;0.01;0;6.11655;0;0;-1
0;963;31.8867;59.3307;48.6158;9.99243;4179.28;6.0083;0;0;0.1;0.01;0;6.93172;0;0;-1
0;964;30.9358;76.2519;47.7012;9.44588;3530.33;5.67967;0;0;0.1;0.01;0;4.12513;0;0;-1
0;965;45.9665;-63.7072;46.5721;8.50235;2574.57;5.11234;0;0;0.1;0.01;0;3.30794;0;0;-1
0;966;46.1764;-47.4741;47.5719;10.2055;4452.37;6.13642;0;0;0.1;0.01;0;6.4281;0;0;-1
0;967;47.6533;-31.4599;46.2927;8.5;2572.44;5.11093;0;0;0.1;0.01;0;5.04406;1;0;-1
0;968;45.2326;-13.9423;49.0269;9.26855;3335.22;5.57304;0;0;0.1;0.01;0;5.88911;0;0;-1
0;969;45.9016;-0.222451;45.3757;8.5;2572.44;5.11093;0;0;0.1;0.01;0;5.34697;1;0;-1
0;970;47.7153;20.7867;46.8771;10.0206;4214.73;6.02524;0;0;0.1;0.01;0;7.1655;0;0;-1
0;971;45.3037;36.6205;48.5853;9.44979;3534.72;5.68202;0;0;0.1;0.01;0;6.79947;0;0;-1
0;972;46.4706;54.7682;49.1057;9.69619;3818.49;5.83018;0;0;0.1;0.01;0;5.88096;0;0;-1
0;973;45.6638;72.0041;48.4212;9.86394;4020.13;5.93104;0;0;0.1;0.01;0;3.34235;0;0;-1
0;974;63.7034;-58.7735;46.4817;8.74716;2803.43;5.25954;0;0;0.1;0.01;0;2.38001;0;0;-1
0;975;62.0137;-42.3739;47.6463;9.36522;3440.67;5.63117;0;0;0.1;0.01;0;5.04849;0;0;-1
0;976;59.8939;-24.071;48.5243;8.5;2572.44;5.11093;0;0;0.1;0.01;0;4.86207;1;0;-1
0;977;63.6085;-8.69992;46.8165;10.1425;4370.42;6.09854;0;0;0.1;0.01;0;6.67415;0;0;-1
0;978;60.6638;8.13489;47.1503;9.86993;4027.46;5.93465;0;0;0.1;0.01;0;6.38311;0;0;-1
0;979;61.5238;26.8125;46.1134;9.90075;4065.3;5.95318;0;0;0.1;0.01;0;6.42617;0;0;-1
0;980;60.1736;43.6505;46.0422;10.1384;4365.13;6.09607;0;0;0.1;0.01;0;6.24355;0;0;-1
0;981;61.1702;61.0012;46.9946;9.12844;3186.24;5.4888;0;0;0.1;0.01;0;3.7599;0;0;-1
0;982;77.2941;-30.3719;48.647;8.61289;2676.3;5.17881;0;0;0.1;0.01;0;2.62297;0;0;-1
0;983;77.1304;-17.0996;47.7281;8.5;2572.44;5.11093;0;0;0.1;0.01;0;3.16322;1;0;-1
0;984;75.5659;1.83181;46.5492;9.84126;3992.46;5.91741;0;0;0.1;0.01;0;5.04787;0;0;-1
0;985;78.6907;17.3388;48.8004;10.0526;4255.24;6.04448;0;0;0.1;0.01;0;4.18466;0;0;-1
0;986;75.2844;34.6974;45.9231;10.2898;4563.62;6.18711;0;0;0.1;0.01;0;4.4068;0;0;-1
0;987;-65.6106;-30.2924;62.2591;8.57744;2643.39;5.15749;0;0;0.1;0.01;0;3.43808;0;0;-1
0;988;-66.573;-15.4218;63.551;8.87947;2932.58;5.3391;0;0;0.1;0.01;0;3.54149;0;0;-1
0;989;-66.6908;0.547626;61.336;8.52153;2592.04;5.12387;0;0;0.1;0.01;0;3.48012;0;0;-1
0;990;-66.1523;19.5132;63.937;9.60852;3715.85;5.77746;0;0;0.1;0.01;0;3.35459;0;0;-1
0;991;-51.8176;-58.4794;60.4485;9.06277;3117.97;5.44931;0;0;0.1;0.01;0;2.13807;0;0;-1
0;992;-51.4168;-38.7603;63.6251;10.4312;4754.35;6.27213;0;0;0.1;0.01;0;5.19812;0;0;-1
0;993;-50.7498;-24.5013;63.3034;8.99047;3043.94;5.40584;0;0;0.1;0.01;0;6.41131;0;0;-1
0;994;-52.7062;-8.78844;61.3391;8.75928;2815.1;5.26683;0;0;0.1;0.01;0;4.57248;0;0;-1
0;995;-53.4864;10.3249;61.6478;10.3467;4639.75;6.22132;0;0;0.1;0.01;0;5.60314;0;0;-1
0;996;-53.0264;27.1248;62.1093;8.5119;2583.26;5.11808;0;0;0.1;0.01;0;4.04097;0;0;-1
0;997;-51.7504;46.5216;61.805;9.49673;3587.66;5.71025;0;0;0.1;0.01;0;3.02872;0;0;-1
0;998;-36.3712;-47.5562;60.5163;9.31429;3384.84;5.60055;0;0;0.1;0.01;0;6.18553;0;0;-1
0;999;-36.9149;-33.1657;64.1661;8.56914;2635.73;5.1525;0;0;0.1;0.01;0;5.89108;0;0;-1
0;1000;-35.4719;-15.6548;62.6754;9.77893;3917.08;5.87993;0;0;0.1;0.01;0;6.61952;0;0;-1
0;1001;-36.1637;1.45713;63.9683;8.73934;2795.92;5.25484;0;0;0.1;0.01;0;4.87661;0;0;-1
0;1002;-35.0667;19.5891;62.2201;8.80965;2863.94;5.29711;0;0;0.1;0.01;0;5.88722;0;0;-1
0;1003;-35.228;37.0924;60.6619;9.96828;4149.06;5.99378;0;0;0.1;0.01;0;6.29341;0;0;-1
0;1004;-38.304;52.2616;63.8434;9.47991;3568.63;5.70013;0;0;0.1;0.01;0;3.94491;0;0;-1
0;1005;-38.3157;67.9583;60.6963;9.61487;3723.22;5.78128;0;0;0.1;0.01;0;3.18372;0;0;-1
0;1006;-21.3198;-73.2306;63.7647;8.5;2572.44;5.11093;0;0;0.1;0.01;0;1.71352;1;0;-1
0;1007;-23.2923;-57.0263;62.2426;10.4;4711.82;6.25337;0;0;0.1;0.01;0;6.18789;0;0;-1
0;1008;-22.2392;-40.8635;61.3932;10.2717;4539.58;6.17622;0;0;0.1;0.01;0;8.02972;0;0;-1
0;1009;-21.3047;-22.7355;63.6588;8.53442;2603.82;5.13162;0;0;0.1;0.01;0;6.2428;0;0;-1
0;1010;-21.9749;-5.56663;62.1255;10.3597;4657.26;6.22914;0;0;0.1;0.01;0;6.4371;0;0;-1
0;1011;-22.119;10.5181;60.8553;8.5;2572.44;5.11093;0;0;0.1;0.01;0;3.63253;1;0;-1
0;1012;-23.7868;26.8073;63.5229;9.01866;3072.66;5.42279;0;0;0.1;0.01;0;4.69406;0;0;-1
0;1013;-22.407;44.4765;62.8079;9.87176;4029.7;5.93575;0;0;0.1;0.01;0;6.77291;0;0;-1
0;1014;-21.8344;59.6993;60.1734;8.81698;2871.1;5.30152;0;0;0.1;0.01;0;5.43966;0;0;-1
0;1015;-7.87835;-67.694;60.346;8.52518;2595.37;5.12607;0;0;0.1;0.01;0;3.88992;0;0;-1
0;1016;-7.87103;-47.7045;63.1289;10.2311;4485.96;6.15181;0;0;0.1;0.01;0;6.71415;0;0;-1
0;1017;-5.56344;-29.8891;63.3958;9.05885;3113.92;5.44696;0;0;0.1;0.01;0;6.57612;0;0;-1
0;1018;-6.84718;-15.3355;60.9695;8.54701;2615.36;5.13919;0;0;0.1;0.01;0;6.62564;0;0;-1
0;1019;-8.78417;0.620664;60.7705;8.5;2572.44;5.11093;0;0;0.1;0.01;0;4.71276;1;0;-1
0;1020;-6.95828;20.8328;60.3917;8.92528;2978.2;5.36664;0;0;0.1;0.01;0;4.61553;0;0;-1
0;1021;-8.83257;36.0099;63.5783;9.68264;3802.51;5.82203;0;0;0.1;0.01;0;7.04857;0;0;-1
0;1022;-6.47502;52.1446;61.0314;9.64341;3756.48;5.79844;0;0;0.1;0.01;0;7.58238;0;0;-1
0;1023;-7.4337;67.6704;60.875;10.3052;4584.14;6.19637;0;0;0.1;0.01;0;4.93621;0;0;-1
0;1024;5.31624;-73.7741;61.9507;8.5;2572.44;5.11093;0;0;0.1;0.01;0;2.23714;1;0;-1
0;1025;6.8722;-57.407;62.3029;10.176;4413.87;6.11868;0;0;0.1;0.01;0;5.81587;0;0;-1
0;1026;7.74181;-39.3527;61.0382;8.5;2572.44;5.11093;0;0;0.1;0.01;0;4.55293;1;0;-1
0;1027;6.38357;-22.693;62.3421;9.92312;4092.92;5.96663;0;0;0.1;0.01;0;6.71052;0;0;-1
0;1028;9.17304;-6.37518;62.4675;10.2402;4497.94;6.15728;0;0;0.1;0.01;0;6.85803;0;0;-1
0;1029;8.77876;12.1987;62.2406;8.66534;2725.5;5.21034;0;0;0.1;0.01;0;4.78725;0;0;-1
0;1030;7.91599;26.324;63.4144;8.5;2572.44;5.11093;0;0;0.1;0.01;0;5.49247;1;0;-1
0;1031;7.42624;42.0734;60.0832;10.2988;4575.6;6.19252;0;0;0.1;0.01;0;6.6341;0;0;-1
0;1032;6.63747;63.0847;63.2943;9.3194;3390.41;5.60362;0;0;0.1;0.01;0;4.62205;0;0;-1
0;1033;21.3008;-63.8675;60.9587;8.5;2572.44;5.11093;0;0;0.1;0.01;0;3.70021;1;0;-1
0;1034;23.2584;-50.2971;61.9501;8.5;2572.44;5.11093;0;0;0.1;0.01;0;4.43395;1;0;-1
0;1035;20.9377;-32.3656;61.0336;8.5;2572.44;5.11093;0;0;0.1;0.01;0;3.83258;1;0;-1
0;1036;24.2151;-12.6691;60.3622;8.5;2572.44;5.11093;0;0;0.1;0.01;0;5.40511;1;0;-1
0;1037;20.6151;2.95241;61.7786;8.5;2572.44;5.11093;0;0;0.1;0.01;0;5.06451;1;0;-1
0;1038;23.0827;19.7967;63.733;10.3275;4613.96;6.20978;0;0;0.1;0.01;0;7.34112;0;0;-1
0;1039;21.9283;37.8413;63.1504;8.70203;2760.26;5.2324;0;0;0.1;0.01;0;5.68858;0;0;-1
0;1040;21.5816;53.1561;60.421;8.5;2572.44;5.11093;0;0;0.1;0.01;0;5.29664;1;0;-1
0;1041;22.1342;69.1077;61.3924;9.0674;3122.75;5.4521;0;0;0.1;0.01;0;3.39051;0;0;-1
0;1042;34.6678;-59.7262;63.536;8.5;2572.44;5.11093;0;0;0.1;0.01;0;2.17453;1;0;-1
0;1043;36.1553;-39.3442;62.5761;9.23923;3303.66;5.55541;0;0;0.1;0.01;0;4.51282;0;0;-1
0;1044;38.185;-22.812;61.9005;8.81792;2872.02;5.30209;0;0;0.1;0.01;0;4.89353;0;0;-1
0;1045;35.7955;-5.05901;62.6078;8.95321;3006.25;5.38344;0;0;0.1;0.01;0;4.8037;0;0;-1
0;1046;38.271;12.2887;61.3802;9.45337;3538.74;5.68417;0;0;0.1;0.01;0;5.64813;0;0;-1
0;1047;37.9529;26.2081;60.2557;8.5;2572.44;5.11093;0;0;0.1;0.01;0;6.7317;1;0;-1
0;1048;35.5229;43.3629;63.5235;9.23679;3301.05;5.55395;0;0;0.1;0.01;0;5.6298;0;0;-1
0;1049;38.6616;60.4729;63.3822;9.72555;3853.28;5.84783;0;0;0.1;0.01;0;3.94913;0;0;-1
0;1050;53.4587;-48.7327;61.745;9.52246;3616.9;5.72572;0;0;0.1;0.01;0;3.22331;0;0;-1
0;1051;50.3685;-33.3939;60.8833;8.5;2572.44;5.11093;0;0;0.1;0.01;0;4.87592;1;0;-1
0;1052;51.0251;-15.2804;62.1372;9.58171;3684.83;5.76134;0;0;0.1;0.01;0;5.69835;0;0;-1
0;1053;50.0351;0.794993;62.6961;8.5;2572.44;5.11093;0;0;0.1;0.01;0;4.12944;1;0;-1
0;1054;50.553;20.6965;60.9295;8.5;2572.44;5.11093;0;0;0.1;0.01;0;5.72266;1;0;-1
0;1055;50.8732;34.8036;61.8179;9.8158;3961.56;5.9021;0;0;0.1;0.01;0;6.01734;0;0;-1
0;1056;53.6956;53.0078;62.739;10.1404;4367.71;6.09728;0;0;0.1;0.01;0;3.14176;0;0;-1
0;1057;67.0785;-40.8598;60.8962;10.4293;4751.76;6.27099;0;0;0.1;0.01;0;2.85264;0;0;-1
0;1058;64.454;-21.5186;62.1409;8.5;2572.44;5.11093;0;0;0.1;0.01;0;2.95846;1;0;-1
0;1059;64.4419;-5.43762;61.869;8.5;2572.44;5.11093;0;0;0.1;0.01;0;4.08087;1;0;-1
0;1060;66.7719;9.19789;60.6523;9.7064;3830.57;5.83632;0;0;0.1;0.01;0;3.28803;0;0;-1
0;1061;65.1702;25.0314;60.1642;8.80062;2855.15;5.29169;0;0;0.1;0.01;0;2.82009;0;0;-1
0;1062;-54.4236;-23.7648;75.9855;9.34551;3418.99;5.61932;0;0;0.1;0.01;0;3.60283;0;0;-1
0;1063;-56.5124;-4.69895;78.7096;8.5;2572.44;5.11093;0;0;0.1;0.01;0;1.66162;1;0;-1
0;1064;-54.9439;10.6809;76.2434;9.32397;3395.4;5.60637;0;0;0.1;0.01;0;3.90534;0;0;-1
0;1065;-56.4402;29.7238;75.0192;10.447;4775.99;6.28163;0;0;0.1;0.01;0;3.23461;0;0;-1
0;1066;-40.0282;-48.9635;77.0261;8.5;2572.44;5.11093;0;0;0.1;0.01;0;2.24648;1;0;-1
0;1067;-42.2507;-30.7949;77.7947;8.79456;2849.25;5.28804;0;0;0.1;0.01;0;4.74924;0;0;-1
0;1068;-40.3975;-15.9255;75.0985;9.98709;4172.59;6.00509;0;0;0.1;0.01;0;6.54553;0;0;-1
0;1069;-40.4543;2.86774;77.9499;9.51488;3608.27;5.72116;0;0;0.1;0.01;0;5.73106;0;0;-1
0;1070;-41.6311;17.7773;74.6478;8.54694;2615.29;5.13915;0;0;0.1;0.01;0;5.55001;0;0;-1
0;1071;-39.3197;33.6818;76.4766;9.87209;4030.1;5.93594;0;0;0.1;0.01;0;4.14367;0;0;-1
0;1072;-24.3934;-55.1615;76.9406;9.73996;3870.44;5.8565;0;0;0.1;0.01;0;3.46838;0;0;-1
0;1073;-26.2722;-40.8505;74.9511;9.02504;3079.19;5.42663;0;0;0.1;0.01;0;5.50444;0;0;-1
0;1074;-27.4677;-23.1551;76.5356;10.0637;4269.35;6.05116;0;0;0.1;0.01;0;7.01385;0;0;-1
0;1075;-27.2491;-4.51616;77.9013;9.34698;3420.6;5.6202;0;0;0.1;0.01;0;6.55077;0;0;-1
0;1076;-24.9805;12.2923;77.0417;9.04555;3100.23;5.43896;0;0;0.1;0.01;0;5.77638;0;0;-1
0;1077;-25.7878;26.5307;77.3039;9.31413;3384.66;5.60045;0;0;0.1;0.01;0;5.89792;0;0;-1
0;1078;-25.3413;43.7271;77.7638;9.28589;3353.97;5.58347;0;0;0.1;0.01;0;3.80713;0;0;-1
0;1079;-10.0652;-47.8133;76.4035;8.80812;2862.45;5.29619;0;0;0.1;0.01;0;4.92246;0;0;-1
0;1080;-12.4506;-31.1409;76.4166;10.2266;4480.05;6.14911;0;0;0.1;0.01;0;7.47908;0;0;-1
0;1081;-12.8029;-16.1704;74.6137;9.40462;3484.27;5.65486;0;0;0.1;0.01;0;7.35096;0;0;-1
0;1082;-13.5672;0.326613;78.5002;10.2202;4471.64;6.14526;0;0;0.1;0.01;0;6.59512;0;0;-1
0;1083;-11.4826;20.573;78.3209;8.95194;3004.97;5.38267;0;0;0.1;0.01;0;5.81182;0;0;-1
0;1084;-10.8867;36.5072;76.7759;10.0821;4292.81;6.06222;0;0;0.1;0.01;0;7.27613;0;0;-1
0;1085;-11.9871;51.5961;76.312;9.93362;4105.93;5.97294;0;0;0.1;0.01;0;4.78312;0;0;-1
0;1086;3.54453;-58.846;76.6027;10.3992;4710.73;6.25289;0;0;0.1;0.01;0;3.37117;0;0;-1
0;1087;1.37764;-42.2238;78.4822;8.5;2572.44;5.11093;0;0;0.1;0.01;0;4.97794;1;0;-1
0;1088;4.76904;-23.2433;76.3305;10.0445;4244.96;6.03961;0;0;0.1;0.01;0;6.80869;0;0;-1
0;1089;1.29849;-7.59558;78.2478;9.92445;4094.57;5.96743;0;0;0.1;0.01;0;6.2693;0;0;-1
0;1090;3.27428;11.418;77.6346;8.90179;2954.75;5.35252;0;0;0.1;0.01;0;4.53986;0;0;-1
0;1091;1.5034;27.3577;77.7823;9.65841;3774.03;5.80746;0;0;0.1;0.01;0;7.23941;0;0;-1
0;1092;2.54243;42.4955;76.4655;10.3015;4579.2;6.19414;0;0;0.1;0.01;0;6.33747;0;0;-1
0;1093;4.04319;61.3725;76.5712;9.70352;3827.16;5.83459;0;0;0.1;0.01;0;3.29164;0;0;-1
0;1094;16.4719;-49.5997;74.9935;8.82222;2876.22;5.30467;0;0;0.1;0.01;0;3.51465;0;0;-1
0;1095;17.4685;-30.7379;77.8456;9.94785;4123.6;5.9815;0;0;0.1;0.01;0;6.04465;0;0;-1
0;1096;18.4955;-13.1186;74.6075;9.11763;3174.93;5.4823;0;0;0.1;0.01;0;6.14178;0;0;-1
0;1097;16.7182;3.33705;76.3041;8.78297;2838;5.28107;0;0;0.1;0.01;0;5.25126;0;0;-1
0;1098;18.4115;20.1262;76.7573;8.5;2572.44;5.11093;0;0;0.1;0.01;0;5.81022;1;0;-1
0;1099;18.6044;33.98;76.0125;10.0972;4312.13;6.0713;0;0;0.1;0.01;0;7.30729;0;0;-1
0;1100;18.5646;54.4257;76.1454;9.59276;3697.6;5.76799;0;0;0.1;0.01;0;3.6015;0;0;-1
0;1101;32.5498;-40.2008;76.4262;10.1849;4425.47;6.12403;0;0;0.1;0.01;0;3.81357;0;0;-1
0;1102;31.2493;-22.9444;78.5567;10.1291;4353.13;6.09048;0;0;0.1;0.01;0;5.58387;0;0;-1
0;1103;31.1798;-5.98753;77.3441;8.5572;2624.72;5.14532;0;0;0.1;0.01;0;5.2012;0;0;-1
0;1104;32.374;11.7416;76.1702;9.07028;3125.72;5.45383;0;0;0.1;0.01;0;4.46293;0;0;-1
0;1105;34.515;28.4088;76.6468;10.3011;4578.67;6.1939;0;0;0.1;0.01;0;5.87641;0;0;-1
0;1106;30.9559;46.4977;78.1623;10.3268;4613.03;6.20935;0;0;0.1;0.01;0;4.16861;0;0;-1
0;1107;49.0849;-30.3939;78.6663;9.26179;3327.92;5.56898;0;0;0.1;0.01;0;1.69087;0;0;-1
0;1108;45.4493;-13.881;75.3018;8.5304;2600.14;5.12921;0;0;0.1;0.01;0;4.76408;0;0;-1
0;1109;47.4444;0.398041;77.9809;8.55106;2619.08;5.14163;0;0;0.1;0.01;0;3.45372;0;0;-1
0;1110;48.3225;20.0371;74.9196;9.58572;3689.46;5.76375;0;0;0.1;0.01;0;3.86976;0;0;-1
0;1111;49.0083;36.2396;77.4646;8.5;2572.44;5.11093;0;0;0.1;0.01;0;2.34164;1;0;-1
0;1112;60.4406;-6.10473;78.4394;8.5;2572.44;5.11093;0;0;0.1;0.01;0;1.59553;1;0;-1
0;1113;-36.2687;-15.7324;89.6397;9.8315;3980.59;5.91154;0;0;0.1;0.01;0;4.24667;0;0;-1
0;1114;-36.4121;1.56412;91.2386;8.5;2572.44;5.11093;0;0;0.1;0.01;0;3.92295;1;0;-1
0;1115;-38.4463;16.9534;89.8897;10.0141;4206.53;6.02133;0;0;0.1;0.01;0;3.76973;0;0;-1
0;1116;-21.1011;-24.4705;90.0483;10.4526;4783.67;6.285;0;0;0.1;0.01;0;4.94921;0;0;-1
0;1117;-23.4133;-6.36136;93.0743;10.0382;4236.98;6.03582;0;0;0.1;0.01;0;4.54127;0;0;-1
0;1118;-22.7384;11.6874;89.7631;8.5;2572.44;5.11093;0;0;0.1;0.01;0;4.56606;1;0;-1
0;1119;-21.6281;27.6336;93.3739;10.1704;4406.59;6.11531;0;0;0.1;0.01;0;3.63891;0;0;-1
0;1120;-7.47572;-31.4702;90.7946;9.99572;4183.41;6.01028;0;0;0.1;0.01;0;4.74537;0;0;-1
0;1121;-8.53331;-14.0099;89.4461;9.49792;3589.01;5.71096;0;0;0.1;0.01;0;6.4339;0;0;-1
0;1122;-6.51337;1.18104;92.6634;9.92513;4095.41;5.96784;0;0;0.1;0.01;0;5.31247;0;0;-1
0;1123;-5.80851;19.13;93.321;10.3778;4681.71;6.24002;0;0;0.1;0.01;0;5.37754;0;0;-1
0;1124;-7.61085;35.0402;92.353;8.5;2572.44;5.11093;0;0;0.1;0.01;0;3.71147;1;0;-1
0;1125;5.42086;-38.5671;92.1413;8.64182;2703.36;5.1962;0;0;0.1;0.01;0;2.77417;0;0;-1
0;1126;6.63516;-23.3649;92.1208;9.97299;4154.94;5.99661;0;0;0.1;0.01;0;4.85997;0;0;-1
0;1127;7.32767;-5.04184;91.6073;9.76217;3896.98;5.86985;0;0;0.1;0.01;0;4.37179;0;0;-1
0;1128;6.66613;10.8064;91.2149;9.29955;3368.79;5.59168;0;0;0.1;0.01;0;4.12294;0;0;-1
0;1129;6.09799;28.7516;90.0533;9.47028;3557.76;5.69434;0;0;0.1;0.01;0;5.33621;0;0;-1
0;1130;23.7571;-31.9707;89.8599;8.5;2572.44;5.11093;0;0;0.1;0.01;0;2.95012;1;0;-1
0;1131;20.7107;-13.4774;89.354;8.96289;3016.01;5.38926;0;0;0.1;0.01;0;4.82394;0;0;-1
0;1132;22.7934;0.118303;90.1633;8.56343;2630.46;5.14907;0;0;0.1;0.01;0;3.4685;0;0;-1
0;1133;20.0094;20.8226;90.9621;8.88242;2935.5;5.34087;0;0;0.1;0.01;0;3.25337;0;0;-1
0;1134;20.8913;36.7153;90.3483;8.61361;2676.97;5.17924;0;0;0.1;0.01;0;2.71906;0;0;-1
0;1135;37.3215;-7.80881;89.7305;9.767;3902.76;5.87276;0;0;0.1;0.01;0;3.63662;0;0;-1
0;1136;35.4294;9.72867;91.1718;8.5238;2594.11;5.12524;0;0;0.1;0.01;0;1.96143;0;0;-1
