Time;ID;x;y;z;radius;volume_total;radius_nuclear;contact_ECM;freezer;polarized_fraction;motility;cell_line;Cell_cell;phase;Cycle;NFkB
0;0;-51.3193;-4.61451;-83.4251;8.5;2572.44;5.11093;0;0;0.1;0.01;0;2.64473;1;0;-1
0;1;-37.4325;-33.3432;-84.6863;9.8791;4038.69;5.94016;0;0;0.1;0.01;0;2.67565;0;0;-1
0;2;-37.6581;-13.8319;-86.489;8.5;2572.44;5.11093;0;0;0.1;0.01;0;2.65056;1;0;-1
0;3;-38.5095;0.467567;-85.5968;8.93259;2985.53;5.37104;0;0;0.1;0.01;0;2.49501;0;0;-1
0;4;-35.4877;20.6068;-84.3368;10.0373;4235.84;6.03528;0;0;0.1;0.01;0;3.05459;0;0;-1
0;5;-21.8037;-40.6269;-87.2622;9.31441;3384.97;5.60062;0;0;0.1;0.01;0;2.80864;0;0;-1
0;6;-20.5462;-22.3985;-85.9306;8.72424;2781.45;5.24576;0;0;0.1;0.01;0;4.24101;0;0;-1
0;7;-21.0278;-8.41639;-84.5111;8.68751;2746.47;5.22367;0;0;0.1;0.01;0;4.10735;0;0;-1
0;8;-20.3032;10.7175;-85.9743;8.9461;2999.09;5.37916;0;0;0.1;0.01;0;3.39571;0;0;-1
0;9;-22.2983;28.7598;-84.0081;9.1147;3171.87;5.48054;0;0;0.1;0.01;0;3.81254;0;0;-1
0;10;-8.84414;-49.3355;-83.4185;10.3831;4688.89;6.24321;0;0;0.1;0.01;0;3.60875;0;0;-1
0;11;-7.09672;-30.7542;-87.1668;9.25676;3322.5;5.56596;0;0;0.1;0.01;0;4.75229;0;0;-1
0;12;-6.80337;-16.6189;-86.2509;8.92614;2979.06;5.36716;0;0;0.1;0.01;0;5.07755;0;0;-1
0;13;-6.59237;0.142104;-85.5164;10.1914;4433.94;6.12794;0;0;0.1;0.01;0;5.02041;0;0;-1
0;14;-7.56583;20.0332;-83.7611;10.1998;4444.92;6.13299;0;0;0.1;0.01;0;5.00669;0;0;-1
0;15;-7.67443;38.2929;-83.9344;9.71243;3837.71;5.83994;0;0;0.1;0.01;0;3.32118;0;0;-1
0;16;7.4443;-40.8721;-85.9524;10.0896;4302.4;6.06673;0;0;0.1;0.01;0;4.84766;0;0;-1
0;17;6.40129;-24.2362;-83.4868;10.0954;4309.82;6.07022;0;0;0.1;0.01;0;6.03643;0;0;-1
0;18;8.72653;-6.01877;-85.8384;8.76963;2825.09;5.27305;0;0;0.1;0.01;0;3.89194;0;0;-1
0;19;6.48009;10.936;-86.7583;8.73724;2793.9;5.25358;0;0;0.1;0.01;0;2.66772;0;0;-1
0;20;7.75615;27.755;-87.3899;8.84193;2895.54;5.31652;0;0;0.1;0.01;0;3.18439;0;0;-1
0;21;8.87723;45.3852;-83.579;10.2972;4573.47;6.19156;0;0;0.1;0.01;0;3.80137;0;0;-1
0;22;20.2428;-49.155;-84.4965;9.44966;3534.57;5.68194;0;0;0.1;0.01;0;3.23554;0;0;-1
0;23;23.3391;-34.0378;-86.6671;10.0918;4305.21;6.06805;0;0;0.1;0.01;0;5.12304;0;0;-1
0;24;20.6115;-15.727;-84.9684;8.5;2572.44;5.11093;0;0;0.1;0.01;0;3.281;1;0;-1
0;25;22.4768;3.45395;-86.8632;8.58914;2654.22;5.16453;0;0;0.1;0.01;0;3.59137;0;0;-1
0;26;23.6301;20.3889;-84.4846;8.88816;2941.2;5.34432;0;0;0.1;0.01;0;4.47798;0;0;-1
0;27;23.5467;37.7404;-84.8613;9.8457;3997.87;5.92008;0;0;0.1;0.01;0;3.6933;0;0;-1
0;28;36.3518;-40.1915;-83.6487;9.99562;4183.29;6.01022;0;0;0.1;0.01;0;3.76917;0;0;-1
0;29;35.4674;-25.5464;-86.1312;8.5;2572.44;5.11093;0;0;0.1;0.01;0;3.01464;1;0;-1
0;30;37.2118;-5.59995;-85.2981;10.2046;4451.19;6.13588;0;0;0.1;0.01;0;2.53001;0;0;-1
0;31;36.559;10.8586;-83.9674;10.2277;4481.49;6.14977;0;0;0.1;0.01;0;3.93975;0;0;-1
0;32;37.588;26.9783;-83.9265;10.0868;4298.82;6.06505;0;0;0.1;0.01;0;4.35814;0;0;-1
0;33;-70.5279;-14.7632;-69.3735;9.3986;3477.59;5.65124;0;0;0.1;0.01;0;2.28054;0;0;-1
0;34;-57.81;-39.4489;-71.3457;9.97762;4160.73;5.9994;0;0;0.1;0.01;0;3.1044;0;0;-1
0;35;-56.6669;-25.1929;-72.491;9.30194;3371.39;5.59312;0;0;0.1;0.01;0;3.99606;0;0;-1
0;36;-54.7626;-8.8975;-70.852;8.5;2572.44;5.11093;0;0;0.1;0.01;0;4.50362;1;0;-1
0;37;-56.2965;9.8548;-69.7922;10.3383;4628.45;6.21627;0;0;0.1;0.01;0;3.50653;0;0;-1
0;38;-57.7901;28.4777;-71.5051;8.5;2572.44;5.11093;0;0;0.1;0.01;0;2.15638;1;0;-1
0;39;-54.6532;46.9022;-68.5798;9.52835;3623.61;5.72926;0;0;0.1;0.01;0;3.24189;0;0;-1
0;40;-41.548;-51.3127;-72.6764;9.08313;3139.03;5.46155;0;0;0.1;0.01;0;2.11122;0;0;-1
0;41;-41.3935;-30.453;-70.982;9.44447;3528.75;5.67882;0;0;0.1;0.01;0;5.73713;0;0;-1
0;42;-42.2329;-16.6243;-69.6684;10.4347;4759.14;6.27423;0;0;0.1;0.01;0;6.85553;0;0;-1
0;43;-39.4144;1.73394;-69.0989;8.5;2572.44;5.11093;0;0;0.1;0.01;0;4.21989;1;0;-1
0;44;-42.3625;16.76;-69.0601;8.5;2572.44;5.11093;0;0;0.1;0.01;0;5.51271;1;0;-1
0;45;-42.4239;34.2495;-69.8616;9.48534;3574.76;5.7034;0;0;0.1;0.01;0;5.21336;0;0;-1
0;46;-41.2179;53.4616;-69.4143;8.5;2572.44;5.11093;0;0;0.1;0.01;0;3.80519;1;0;-1
0;47;-26.5823;-57.1979;-70.3566;8.69547;2754.02;5.22846;0;0;0.1;0.01;0;4.02396;0;0;-1
0;48;-28.5597;-42.5903;-68.4935;10.4235;4743.83;6.2675;0;0;0.1;0.01;0;6.38705;0;0;-1
0;49;-26.2483;-24.7376;-70.6818;8.78999;2844.81;5.28529;0;0;0.1;0.01;0;5.81303;0;0;-1
0;50;-24.7278;-8.81378;-71.8632;8.5;2572.44;5.11093;0;0;0.1;0.01;0;4.47438;1;0;-1
0;51;-26.8784;11.1071;-69.6554;9.33999;3412.93;5.616;0;0;0.1;0.01;0;5.35141;0;0;-1
0;52;-26.0041;26.9262;-69.2405;10.0291;4225.46;6.03035;0;0;0.1;0.01;0;6.56908;0;0;-1
0;53;-27.6148;43.7326;-70.673;9.33376;3406.11;5.61225;0;0;0.1;0.01;0;4.5995;0;0;-1
0;54;-27.1663;62.1955;-69.8041;9.79464;3935.99;5.88937;0;0;0.1;0.01;0;3.73918;0;0;-1
0;55;-13.5677;-63.8499;-69.0204;9.87774;4037.02;5.93934;0;0;0.1;0.01;0;4.04078;0;0;-1
0;56;-13.8202;-48.134;-68.3368;8.5;2572.44;5.11093;0;0;0.1;0.01;0;5.72158;1;0;-1
0;57;-11.3474;-31.1901;-72.6105;8.91585;2968.77;5.36097;0;0;0.1;0.01;0;5.09801;0;0;-1
0;58;-12.6984;-15.049;-70.9687;9.29638;3365.35;5.58978;0;0;0.1;0.01;0;6.58839;0;0;-1
0;59;-9.95072;1.96515;-71.7806;9.45092;3535.99;5.6827;0;0;0.1;0.01;0;5.80992;0;0;-1
0;60;-11.6492;16.5881;-70.1488;8.82064;2874.68;5.30372;0;0;0.1;0.01;0;5.3464;0;0;-1
0;61;-11.8833;36.6278;-70.9313;9.09843;3154.92;5.47075;0;0;0.1;0.01;0;4.65111;0;0;-1
0;62;-10.7508;55.0829;-70.3565;9.75011;3882.55;5.8626;0;0;0.1;0.01;0;3.3127;0;0;-1
0;63;2.17575;-56.2445;-69.0634;9.01971;3073.73;5.42342;0;0;0.1;0.01;0;4.73893;0;0;-1
0;64;3.94517;-40.148;-72.0472;8.76763;2823.16;5.27185;0;0;0.1;0.01;0;5.19879;0;0;-1
0;65;2.71932;-22.8962;-68.5007;10.2393;4496.76;6.15674;0;0;0.1;0.01;0;7.0698;0;0;-1
0;66;4.33889;-7.97775;-72.0145;9.90275;4067.77;5.95438;0;0;0.1;0.01;0;6.59517;0;0;-1
0;67;2.35115;10.1671;-69.2164;8.5;2572.44;5.11093;0;0;0.1;0.01;0;4.96665;1;0;-1
0;68;4.4024;26.7903;-69.6933;8.5;2572.44;5.11093;0;0;0.1;0.01;0;4.49074;1;0;-1
0;69;4.43792;45.7982;-70.5476;9.40266;3482.1;5.65368;0;0;0.1;0.01;0;6.0705;0;0;-1
0;70;3.50658;63.7176;-70.1463;9.87208;4030.09;5.93594;0;0;0.1;0.01;0;3.45299;0;0;-1
0;71;16.3332;-66.2699;-69.8956;9.33398;3406.35;5.61239;0;0;0.1;0.01;0;2.89179;0;0;-1
0;72;15.9691;-47.1701;-70.9253;8.71329;2770.99;5.23917;0;0;0.1;0.01;0;4.75276;0;0;-1
0;73;19.2575;-30.2053;-70.8797;10.2304;4485.04;6.15139;0;0;0.1;0.01;0;6.89055;0;0;-1
0;74;16.406;-14.0908;-69.2255;8.5;2572.44;5.11093;0;0;0.1;0.01;0;6.69873;1;0;-1
0;75;16.9945;1.22067;-71.3254;9.24351;3308.26;5.55799;0;0;0.1;0.01;0;5.4417;0;0;-1
0;76;16.0046;18.208;-69.2059;8.72477;2781.96;5.24608;0;0;0.1;0.01;0;4.98881;0;0;-1
0;77;17.3111;35.4444;-70.6355;9.03495;3089.34;5.43258;0;0;0.1;0.01;0;5.48842;0;0;-1
0;78;19.456;55.0743;-70.2761;10.194;4437.34;6.1295;0;0;0.1;0.01;0;4.06737;0;0;-1
0;79;31.0815;-57.7944;-69.471;8.5;2572.44;5.11093;0;0;0.1;0.01;0;3.3604;1;0;-1
0;80;31.7652;-38.5313;-68.4294;9.87873;4038.24;5.93994;0;0;0.1;0.01;0;6.27482;0;0;-1
0;81;32.0183;-21.8223;-69.6479;8.5;2572.44;5.11093;0;0;0.1;0.01;0;4.93274;1;0;-1
0;82;33.3349;-6.34023;-68.8058;9.53103;3626.67;5.73087;0;0;0.1;0.01;0;5.57062;0;0;-1
0;83;30.5743;12.4403;-71.2985;9.73152;3860.39;5.85142;0;0;0.1;0.01;0;6.45349;0;0;-1
0;84;33.6232;28.6031;-68.5192;10.0382;4236.98;6.03582;0;0;0.1;0.01;0;6.88817;0;0;-1
0;85;34.0092;43.7496;-71.9684;8.5;2572.44;5.11093;0;0;0.1;0.01;0;4.23504;1;0;-1
0;86;46.3663;-51.2912;-68.906;9.61922;3728.28;5.7839;0;0;0.1;0.01;0;2.75933;0;0;-1
0;87;45.9804;-30.4857;-71.9447;9.01313;3067.01;5.41946;0;0;0.1;0.01;0;4.33382;0;0;-1
0;88;47.558;-13.4204;-72;9.9526;4129.51;5.98435;0;0;0.1;0.01;0;4.86555;0;0;-1
0;89;45.3324;1.65423;-69.0596;8.5;2572.44;5.11093;0;0;0.1;0.01;0;5.76221;1;0;-1
0;90;47.3071;17.1305;-68.9534;10.3912;4699.87;6.24808;0;0;0.1;0.01;0;6.38451;0;0;-1
0;91;48.9703;36.8805;-71.9542;10.2103;4458.66;6.13931;0;0;0.1;0.01;0;3.53469;0;0;-1
0;92;46.7017;54.1095;-69.0059;8.5;2572.44;5.11093;0;0;0.1;0.01;0;2.53729;1;0;-1
0;93;60.0215;-25.6693;-72.0474;10.0688;4275.84;6.05422;0;0;0.1;0.01;0;2.75302;0;0;-1
0;94;62.5674;-5.60753;-71.9189;8.73835;2794.97;5.25424;0;0;0.1;0.01;0;2.33496;0;0;-1
0;95;61.3293;9.87372;-68.84;9.81409;3959.49;5.90107;0;0;0.1;0.01;0;3.63481;0;0;-1
0;96;-80.3921;-8.31525;-55.411;9.69228;3813.88;5.82783;0;0;0.1;0.01;0;2.96275;0;0;-1
0;97;-80.1262;12.4595;-54.3326;8.7296;2786.58;5.24898;0;0;0.1;0.01;0;2.6124;0;0;-1
0;98;-65.7591;-48.4218;-54.2762;10.1245;4347.2;6.08771;0;0;0.1;0.01;0;4.68028;0;0;-1
0;99;-67.7034;-33.876;-55.4066;8.95215;3005.18;5.3828;0;0;0.1;0.01;0;3.30402;0;0;-1
0;100;-65.5561;-12.6505;-56.3783;8.50736;2579.13;5.11535;0;0;0.1;0.01;0;4.00113;0;0;-1
0;101;-64.5989;1.7352;-53.964;9.72048;3847.26;5.84478;0;0;0.1;0.01;0;5.33453;0;0;-1
0;102;-68.014;19.6468;-57.7799;8.68328;2742.46;5.22113;0;0;0.1;0.01;0;3.53494;0;0;-1
0;103;-66.4416;35.4405;-55.5475;8.5;2572.44;5.11093;0;0;0.1;0.01;0;3.49263;1;0;-1
0;104;-52.2534;-59.3469;-54.8735;9.7421;3872.99;5.85778;0;0;0.1;0.01;0;4.05942;0;0;-1
0;105;-52.9145;-42.3696;-57.5556;8.54632;2614.73;5.13878;0;0;0.1;0.01;0;4.59114;0;0;-1
0;106;-51.3188;-24.6909;-57.8026;8.5;2572.44;5.11093;0;0;0.1;0.01;0;4.56851;1;0;-1
0;107;-49.8617;-4.79498;-57.1196;9.83619;3986.29;5.91436;0;0;0.1;0.01;0;6.4212;0;0;-1
0;108;-51.7484;12.0415;-54.3856;9.7551;3888.52;5.8656;0;0;0.1;0.01;0;7.06127;0;0;-1
0;109;-51.0327;27.8561;-57.811;10.3779;4681.85;6.24008;0;0;0.1;0.01;0;6.9291;0;0;-1
0;110;-52.1423;44.8051;-54.0113;9.75705;3890.85;5.86677;0;0;0.1;0.01;0;6.19955;0;0;-1
0;111;-50.5758;59.7321;-54.4353;10.0947;4308.92;6.0698;0;0;0.1;0.01;0;5.1515;0;0;-1
0;112;-38.6628;-66.5834;-56.349;9.78686;3926.62;5.8847;0;0;0.1;0.01;0;4.10073;0;0;-1
0;113;-38.3686;-51.0452;-54.5664;9.22818;3291.83;5.54877;0;0;0.1;0.01;0;5.1913;0;0;-1
0;114;-36.5537;-31.2286;-56.2451;9.62245;3732.03;5.78584;0;0;0.1;0.01;0;6.18116;0;0;-1
0;115;-36.5248;-14.8534;-55.7912;10.2702;4537.59;6.17532;0;0;0.1;0.01;0;6.81635;0;0;-1
0;116;-37.7509;2.44033;-54.3768;8.98033;3033.65;5.39974;0;0;0.1;0.01;0;5.52288;0;0;-1
0;117;-36.0787;20.9935;-57.0189;10.2728;4541.04;6.17689;0;0;0.1;0.01;0;7.54166;0;0;-1
0;118;-35.2059;36.6524;-55.0676;8.75833;2814.18;5.26626;0;0;0.1;0.01;0;6.65474;0;0;-1
0;119;-36.9978;51.2789;-56.511;10.0445;4244.96;6.03961;0;0;0.1;0.01;0;6.94551;0;0;-1
0;120;-35.9275;70.3126;-57.9342;10.4064;4720.52;6.25722;0;0;0.1;0.01;0;4.27259;0;0;-1
0;121;-23.9334;-76.0238;-57.3316;9.56038;3660.28;5.74852;0;0;0.1;0.01;0;3.14341;0;0;-1
0;122;-21.8295;-56.2111;-56.404;9.42137;3502.92;5.66493;0;0;0.1;0.01;0;6.51101;0;0;-1
0;123;-21.0905;-40.4634;-54.8455;10.0066;4197.09;6.01682;0;0;0.1;0.01;0;6.98385;0;0;-1
0;124;-23.6217;-22.5387;-56.742;9.91108;4078.04;5.95939;0;0;0.1;0.01;0;6.87548;0;0;-1
0;125;-21.5846;-7.14911;-56.3429;8.98657;3039.98;5.40349;0;0;0.1;0.01;0;5.63028;0;0;-1
0;126;-22.4091;8.9965;-55.9859;9.44496;3529.3;5.67912;0;0;0.1;0.01;0;4.8008;0;0;-1
0;127;-21.4024;25.5972;-55.5864;8.61865;2681.68;5.18227;0;0;0.1;0.01;0;5.26557;0;0;-1
0;128;-21.7848;42.3068;-56.7034;8.5;2572.44;5.11093;0;0;0.1;0.01;0;5.12163;1;0;-1
0;129;-22.1148;63.2044;-54.4572;10.3642;4663.33;6.23184;0;0;0.1;0.01;0;7.13741;0;0;-1
0;130;-22.025;77.9777;-57.0123;9.14647;3205.16;5.49964;0;0;0.1;0.01;0;3.52632;0;0;-1
0;131;-9.28769;-80.7868;-56.0118;8.5;2572.44;5.11093;0;0;0.1;0.01;0;2.46881;1;0;-1
0;132;-5.76822;-65.6703;-55.7508;9.0412;3095.76;5.43634;0;0;0.1;0.01;0;4.74593;0;0;-1
0;133;-6.23169;-47.1166;-55.1218;9.62786;3738.33;5.78909;0;0;0.1;0.01;0;5.88365;0;0;-1
0;134;-8.7733;-29.9192;-54.6128;9.80216;3945.06;5.8939;0;0;0.1;0.01;0;5.5756;0;0;-1
0;135;-8.94537;-14.1384;-55.4228;8.61231;2675.76;5.17846;0;0;0.1;0.01;0;5.84012;0;0;-1
0;136;-7.06905;0.37029;-56.72;8.5;2572.44;5.11093;0;0;0.1;0.01;0;5.33774;1;0;-1
0;137;-5.92326;20.9946;-55.1503;10.3787;4682.93;6.24056;0;0;0.1;0.01;0;6.33289;0;0;-1
0;138;-8.23881;36.9517;-55.4928;10.3709;4672.38;6.23587;0;0;0.1;0.01;0;6.41097;0;0;-1
0;139;-5.83179;54.9379;-55.1053;10.4463;4775.03;6.28121;0;0;0.1;0.01;0;6.18269;0;0;-1
0;140;-8.71746;70.3277;-55.1291;8.9171;2970.02;5.36172;0;0;0.1;0.01;0;3.30247;0;0;-1
0;141;8.98447;-74.3215;-56.9019;8.95921;3012.3;5.38704;0;0;0.1;0.01;0;3.46768;0;0;-1
0;142;6.85995;-58.0792;-56.215;9.9375;4110.74;5.97527;0;0;0.1;0.01;0;6.12603;0;0;-1
0;143;7.3428;-41.7046;-54.9301;8.5;2572.44;5.11093;0;0;0.1;0.01;0;4.38101;1;0;-1
0;144;9.40248;-22.7155;-56.6036;9.348;3421.72;5.62082;0;0;0.1;0.01;0;6.49517;0;0;-1
0;145;6.03355;-8.01846;-56.8593;9.37777;3454.52;5.63872;0;0;0.1;0.01;0;6.47357;0;0;-1
0;146;5.61059;9.72269;-55.2405;8.95394;3006.98;5.38387;0;0;0.1;0.01;0;4.27936;0;0;-1
0;147;8.44421;27.7527;-53.9531;10.1128;4332.14;6.08068;0;0;0.1;0.01;0;6.67667;0;0;-1
0;148;8.53602;44.975;-55.9766;10.2821;4553.38;6.18248;0;0;0.1;0.01;0;7.63841;0;0;-1
0;149;8.84406;59.846;-57.7141;8.76315;2818.83;5.26915;0;0;0.1;0.01;0;5.80974;0;0;-1
0;150;8.57083;79.8413;-54.3383;9.33081;3402.88;5.61048;0;0;0.1;0.01;0;2.8088;0;0;-1
0;151;22.2803;-64.262;-56.6578;9.79249;3933.4;5.88808;0;0;0.1;0.01;0;4.96755;0;0;-1
0;152;24.1772;-49.9847;-53.7179;8.97699;3030.27;5.39773;0;0;0.1;0.01;0;5.39988;0;0;-1
0;153;20.29;-32.6147;-55.2905;9.10775;3164.62;5.47636;0;0;0.1;0.01;0;5.15204;0;0;-1
0;154;20.5241;-12.7132;-57.3684;9.31056;3380.77;5.5983;0;0;0.1;0.01;0;6.01051;0;0;-1
0;155;23.6303;1.41967;-56.4412;9.29185;3360.43;5.58705;0;0;0.1;0.01;0;5.68186;0;0;-1
0;156;23.7501;20.6585;-55.7391;10.1452;4373.92;6.10016;0;0;0.1;0.01;0;6.42583;0;0;-1
0;157;22.687;38.2414;-56.2087;10.0929;4306.62;6.06871;0;0;0.1;0.01;0;7.04104;0;0;-1
0;158;22.9262;54.3778;-53.9782;10.4336;4757.64;6.27357;0;0;0.1;0.01;0;7.09893;0;0;-1
0;159;22.0549;70.5664;-57.6911;9.08793;3144.01;5.46444;0;0;0.1;0.01;0;2.47133;0;0;-1
0;160;38.5707;-56.0243;-56.4281;9.06067;3115.8;5.44805;0;0;0.1;0.01;0;4.55418;0;0;-1
0;161;34.9397;-38.3576;-54.7247;8.60039;2664.67;5.17129;0;0;0.1;0.01;0;5.32468;0;0;-1
0;162;38.5238;-25.0994;-56.4592;9.04343;3098.05;5.43768;0;0;0.1;0.01;0;5.60587;0;0;-1
0;163;37.2053;-5.69168;-54.8303;8.57831;2644.2;5.15801;0;0;0.1;0.01;0;5.96623;0;0;-1
0;164;38.4615;8.33438;-55.4071;9.23354;3297.56;5.55199;0;0;0.1;0.01;0;6.96423;0;0;-1
0;165;38.8654;25.4346;-54.6056;9.85015;4003.29;5.92275;0;0;0.1;0.01;0;6.3257;0;0;-1
0;166;36.785;46.147;-56.6495;9.17439;3234.6;5.51643;0;0;0.1;0.01;0;5.8555;0;0;-1
0;167;36.3652;60.7349;-54.1188;8.5;2572.44;5.11093;0;0;0.1;0.01;0;4.53958;1;0;-1
0;168;52.8879;-50.9591;-56.0557;8.97539;3028.65;5.39677;0;0;0.1;0.01;0;3.28788;0;0;-1
0;169;52.0659;-31.0902;-54.1361;9.95776;4135.93;5.98746;0;0;0.1;0.01;0;5.73246;0;0;-1
0;170;52.9063;-15.0646;-54.3821;8.5;2572.44;5.11093;0;0;0.1;0.01;0;5.22837;1;0;-1
0;171;52.2501;0.0399036;-54.3879;9.99184;4178.54;6.00795;0;0;0.1;0.01;0;7.51447;0;0;-1
0;172;51.1896;18.0874;-56.0386;9.0008;3054.44;5.41205;0;0;0.1;0.01;0;6.79041;0;0;-1
0;173;52.9425;34.0784;-55.7673;9.24176;3306.38;5.55694;0;0;0.1;0.01;0;5.30988;0;0;-1
0;174;52.6948;55.2606;-56.504;10.1122;4331.37;6.08032;0;0;0.1;0.01;0;4.26888;0;0;-1
0;175;64.6151;-40.8737;-56.6776;9.03274;3087.07;5.43126;0;0;0.1;0.01;0;2.99412;0;0;-1
0;176;67.2836;-25.0831;-56.1058;9.38578;3463.38;5.64353;0;0;0.1;0.01;0;4.42053;0;0;-1
0;177;67.7734;-4.496;-55.132;8.5;2572.44;5.11093;0;0;0.1;0.01;0;5.13863;1;0;-1
0;178;65.8328;11.9956;-53.8098;9.54477;3642.38;5.73913;0;0;0.1;0.01;0;5.87434;0;0;-1
0;179;66.0135;26.6433;-55.2783;8.5;2572.44;5.11093;0;0;0.1;0.01;0;3.8893;1;0;-1
0;180;64.7676;46.0624;-54.3195;9.81335;3958.59;5.90062;0;0;0.1;0.01;0;3.39707;0;0;-1
0;181;79.7178;-16.8505;-56.7563;10.1836;4423.77;6.12325;0;0;0.1;0.01;0;2.82615;0;0;-1
0;182;82.2216;1.12207;-54.4675;8.92226;2975.18;5.36483;0;0;0.1;0.01;0;2.82772;0;0;-1
0;183;-87.5153;-21.661;-40.6282;9.37018;3446.14;5.63415;0;0;0.1;0.01;0;3.14553;0;0;-1
0;184;-84.1176;-8.17188;-40.1247;10.0307;4227.49;6.03131;0;0;0.1;0.01;0;5.21847;0;0;-1
0;185;-86.3088;12.349;-39.627;9.63572;3747.5;5.79382;0;0;0.1;0.01;0;4.43959;0;0;-1
0;186;-86.6562;29.3368;-39.2296;9.84885;4001.71;5.92197;0;0;0.1;0.01;0;3.00404;0;0;-1
0;187;-70.1811;-48.04;-39.6397;8.5;2572.44;5.11093;0;0;0.1;0.01;0;4.05736;1;0;-1
0;188;-72.1227;-33.947;-41.5625;10.2288;4482.94;6.15043;0;0;0.1;0.01;0;5.0265;0;0;-1
0;189;-71.5891;-14.5669;-41.6326;8.5;2572.44;5.11093;0;0;0.1;0.01;0;5.38714;1;0;-1
0;190;-72.6793;3.61656;-40.929;10.2704;4537.86;6.17544;0;0;0.1;0.01;0;7.38647;0;0;-1
0;191;-70.5084;19.0752;-42.066;9.73679;3866.66;5.85459;0;0;0.1;0.01;0;6.24232;0;0;-1
0;192;-69.9836;37.0779;-42.9217;9.92192;4091.44;5.96591;0;0;0.1;0.01;0;5.68274;0;0;-1
0;193;-72.6575;51.3916;-41.0995;9.59208;3696.81;5.76758;0;0;0.1;0.01;0;3.09344;0;0;-1
0;194;-56.9539;-59.2038;-39.9343;10.3288;4615.71;6.21056;0;0;0.1;0.01;0;5.2501;0;0;-1
0;195;-56.7248;-39.4607;-41.8736;9.50868;3601.22;5.71743;0;0;0.1;0.01;0;6.64099;0;0;-1
0;196;-54.1664;-24.6431;-40.9071;9.31218;3382.54;5.59928;0;0;0.1;0.01;0;5.4206;0;0;-1
0;197;-57.4637;-7.32784;-42.0147;10.0834;4294.47;6.063;0;0;0.1;0.01;0;6.99155;0;0;-1
0;198;-55.0631;9.53951;-39.8539;10.2811;4552.05;6.18188;0;0;0.1;0.01;0;6.71491;0;0;-1
0;199;-55.5415;25.8707;-41.5487;9.89022;4052.35;5.94685;0;0;0.1;0.01;0;6.11451;0;0;-1
0;200;-56.9728;42.6517;-40.1076;9.6706;3788.34;5.81479;0;0;0.1;0.01;0;6.52617;0;0;-1
0;201;-54.2519;60.4476;-39.5935;9.62047;3729.73;5.78465;0;0;0.1;0.01;0;5.24144;0;0;-1
0;202;-40.5177;-80.625;-40.982;8.5;2572.44;5.11093;0;0;0.1;0.01;0;2.97109;1;0;-1
0;203;-41.6796;-65.9013;-39.2292;9.46189;3548.32;5.6893;0;0;0.1;0.01;0;6.3826;0;0;-1
0;204;-43.0548;-47.5227;-41.7147;8.5;2572.44;5.11093;0;0;0.1;0.01;0;4.90154;1;0;-1
0;205;-42.5694;-31.6905;-42.2043;8.64528;2706.61;5.19828;0;0;0.1;0.01;0;5.09345;0;0;-1
0;206;-40.2502;-13.4553;-40.6523;9.60474;3711.47;5.77519;0;0;0.1;0.01;0;6.10402;0;0;-1
0;207;-42.0094;1.9511;-39.9944;9.25091;3316.21;5.56244;0;0;0.1;0.01;0;6.47349;0;0;-1
0;208;-41.7817;19.661;-42.419;8.59492;2659.59;5.168;0;0;0.1;0.01;0;5.91432;0;0;-1
0;209;-41.4513;34.4571;-41.4107;8.78789;2842.77;5.28403;0;0;0.1;0.01;0;5.64305;0;0;-1
0;210;-40.2725;53.6154;-41.2221;9.53739;3633.94;5.73469;0;0;0.1;0.01;0;7.07307;0;0;-1
0;211;-40.8084;68.4801;-42.1397;10.3601;4657.8;6.22938;0;0;0.1;0.01;0;6.08094;0;0;-1
0;212;-27.661;-72.9648;-42.8777;9.39388;3472.35;5.6484;0;0;0.1;0.01;0;6.10712;0;0;-1
0;213;-28.1457;-57.7293;-40.46;10.4418;4768.86;6.2785;0;0;0.1;0.01;0;7.09433;0;0;-1
0;214;-25.2967;-38.5032;-42.3695;9.23225;3296.18;5.55122;0;0;0.1;0.01;0;5.32803;0;0;-1
0;215;-25.0088;-22.3751;-39.819;9.9908;4177.24;6.00732;0;0;0.1;0.01;0;6.39054;0;0;-1
0;216;-24.7443;-5.18008;-40.6513;8.87426;2927.42;5.33596;0;0;0.1;0.01;0;5.61386;0;0;-1
0;217;-25.4493;9.75894;-41.0442;8.5;2572.44;5.11093;0;0;0.1;0.01;0;4.04085;1;0;-1
0;218;-28.1753;27.0148;-42.0151;9.3773;3454;5.63843;0;0;0.1;0.01;0;5.49118;0;0;-1
0;219;-27.2184;44.1217;-42.0957;9.59228;3697.04;5.7677;0;0;0.1;0.01;0;6.10539;0;0;-1
0;220;-27.5587;60.5345;-40.7609;9.41372;3494.4;5.66033;0;0;0.1;0.01;0;7.06712;0;0;-1
0;221;-25.0129;77.1699;-42.0802;9.57316;3674.98;5.7562;0;0;0.1;0.01;0;5.24626;0;0;-1
0;222;-12.9893;-83.1414;-42.1715;8.61093;2674.48;5.17763;0;0;0.1;0.01;0;4.0355;0;0;-1
0;223;-12.9502;-67.6076;-39.739;10.0617;4266.8;6.04995;0;0;0.1;0.01;0;6.69493;0;0;-1
0;224;-12.3954;-49.379;-41.8348;9.18212;3242.78;5.52108;0;0;0.1;0.01;0;5.32012;0;0;-1
0;225;-9.78479;-33.3277;-39.8352;9.50911;3601.71;5.71769;0;0;0.1;0.01;0;6.11748;0;0;-1
0;226;-13.0686;-15.5131;-40.7578;8.69144;2750.2;5.22604;0;0;0.1;0.01;0;6.37393;0;0;-1
0;227;-11.0631;0.257581;-41.4506;8.66025;2720.7;5.20728;0;0;0.1;0.01;0;5.4535;0;0;-1
0;228;-12.5353;20.035;-39.3401;9.95302;4130.03;5.98461;0;0;0.1;0.01;0;6.16034;0;0;-1
0;229;-9.96524;34.3125;-39.7651;8.5;2572.44;5.11093;0;0;0.1;0.01;0;6.08809;1;0;-1
0;230;-11.5621;52.9638;-39.3567;10.1789;4417.65;6.12042;0;0;0.1;0.01;0;6.47143;0;0;-1
0;231;-11.0996;70.758;-40.0343;9.43087;3513.53;5.67065;0;0;0.1;0.01;0;5.57754;0;0;-1
0;232;-9.7867;87.1006;-39.9602;8.5;2572.44;5.11093;0;0;0.1;0.01;0;2.38792;1;0;-1
0;233;2.8182;-89.5427;-42.0529;9.11671;3173.97;5.48175;0;0;0.1;0.01;0;2.88081;0;0;-1
0;234;4.68021;-74.928;-41.1622;8.55271;2620.59;5.14262;0;0;0.1;0.01;0;5.17575;0;0;-1
0;235;2.00903;-59.7558;-39.3796;9.47364;3561.55;5.69636;0;0;0.1;0.01;0;5.41919;0;0;-1
0;236;3.62545;-40.7667;-39.8039;8.5;2572.44;5.11093;0;0;0.1;0.01;0;4.85077;1;0;-1
0;237;4.67355;-25.2804;-39.513;9.5216;3615.92;5.7252;0;0;0.1;0.01;0;6.13849;0;0;-1
0;238;1.2351;-8.08051;-42.4282;10.2613;4525.8;6.16997;0;0;0.1;0.01;0;6.26714;0;0;-1
0;239;3.21528;10.4499;-41.0096;8.61838;2681.42;5.18211;0;0;0.1;0.01;0;4.36861;0;0;-1
0;240;4.07406;27.1886;-39.4817;8.90471;2957.66;5.35427;0;0;0.1;0.01;0;6.72879;0;0;-1
0;241;1.22555;43.0304;-40.2757;10.0973;4312.25;6.07136;0;0;0.1;0.01;0;7.97767;0;0;-1
0;242;1.51965;60.62;-40.9703;8.5;2572.44;5.11093;0;0;0.1;0.01;0;5.36165;1;0;-1
0;243;3.95603;76.3829;-41.0701;9.14274;3201.24;5.4974;0;0;0.1;0.01;0;5.26557;0;0;-1
0;244;17.6719;-82.3264;-42.0935;8.5;2572.44;5.11093;0;0;0.1;0.01;0;3.2936;1;0;-1
0;245;18.2134;-65.4518;-39.2901;10.2625;4527.39;6.17069;0;0;0.1;0.01;0;5.8846;0;0;-1
0;246;17.9186;-46.4615;-40.8029;8.89095;2943.97;5.346;0;0;0.1;0.01;0;5.2666;0;0;-1
0;247;17.839;-31.7633;-41.1597;8.5;2572.44;5.11093;0;0;0.1;0.01;0;5.83712;1;0;-1
0;248;19.0974;-15.4964;-41.7698;9.48375;3572.97;5.70244;0;0;0.1;0.01;0;5.92425;0;0;-1
0;249;19.7531;1.94063;-42.1585;9.10927;3166.21;5.47727;0;0;0.1;0.01;0;4.69355;0;0;-1
0;250;17.6627;17.7362;-40.5145;9.27102;3337.88;5.57453;0;0;0.1;0.01;0;5.5992;0;0;-1
0;251;19.0285;36.7159;-42.8406;9.9124;4079.67;5.96018;0;0;0.1;0.01;0;7.63511;0;0;-1
0;252;16.794;52.0137;-39.6909;10.0976;4312.64;6.07154;0;0;0.1;0.01;0;7.442;0;0;-1
0;253;18.7606;68.4661;-41.1966;10.3155;4597.9;6.20256;0;0;0.1;0.01;0;5.94205;0;0;-1
0;254;16.4137;87.4205;-41.129;10.0767;4285.92;6.05897;0;0;0.1;0.01;0;3.14654;0;0;-1
0;255;32.954;-75.6303;-42.5034;8.64912;2710.22;5.20059;0;0;0.1;0.01;0;2.2514;0;0;-1
0;256;30.5642;-56.4917;-40.5231;9.0958;3152.18;5.46917;0;0;0.1;0.01;0;6.27899;0;0;-1
0;257;33.7165;-41.1805;-40.4638;10.005;4195.08;6.01586;0;0;0.1;0.01;0;7.65344;0;0;-1
0;258;32.7753;-25.2901;-41.5707;10.1242;4346.81;6.08753;0;0;0.1;0.01;0;7.40471;0;0;-1
0;259;33.7367;-8.04506;-42.0297;8.5;2572.44;5.11093;0;0;0.1;0.01;0;4.72477;1;0;-1
0;260;33.8428;10.027;-42.2905;8.5;2572.44;5.11093;0;0;0.1;0.01;0;5.10007;1;0;-1
0;261;33.851;29.519;-39.8791;8.93213;2985.06;5.37076;0;0;0.1;0.01;0;6.03171;0;0;-1
0;262;32.9434;46.1552;-39.4233;10.038;4236.72;6.0357;0;0;0.1;0.01;0;7.76787;0;0;-1
0;263;33.9202;60.0848;-39.7025;9.38769;3465.49;5.64468;0;0;0.1;0.01;0;6.20719;0;0;-1
0;264;33.5518;79.8386;-40.4274;8.95437;3007.42;5.38413;0;0;0.1;0.01;0;2.74467;0;0;-1
0;265;47.8246;-65.2723;-41.6007;8.94443;2997.41;5.37816;0;0;0.1;0.01;0;2.46757;0;0;-1
0;266;47.143;-47.7044;-39.951;9.52788;3623.08;5.72898;0;0;0.1;0.01;0;5.80352;0;0;-1
0;267;47.763;-30.2388;-39.2217;10.3176;4600.71;6.20382;0;0;0.1;0.01;0;7.66041;0;0;-1
0;268;46.7898;-14.9424;-42.5874;10.067;4273.55;6.05314;0;0;0.1;0.01;0;7.77849;0;0;-1
0;269;46.0849;2.87667;-42.1814;8.5;2572.44;5.11093;0;0;0.1;0.01;0;6.20061;1;0;-1
0;270;47.757;16.8702;-43.0409;10.1627;4396.59;6.11068;0;0;0.1;0.01;0;7.43762;0;0;-1
0;271;46.8491;37.9704;-41.1004;9.52653;3621.54;5.72816;0;0;0.1;0.01;0;6.19073;0;0;-1
0;272;46.7038;52.1406;-42.8772;9.67637;3795.12;5.81826;0;0;0.1;0.01;0;6.6057;0;0;-1
0;273;46.8342;69.2614;-39.8997;9.92643;4097.02;5.96862;0;0;0.1;0.01;0;4.49735;0;0;-1
0;274;60.3759;-55.3652;-39.3293;9.8308;3979.74;5.91112;0;0;0.1;0.01;0;4.74548;0;0;-1
0;275;63.9919;-41.6882;-39.8234;8.94562;2998.61;5.37887;0;0;0.1;0.01;0;4.28172;0;0;-1
0;276;61.205;-23.3579;-39.8333;8.55006;2618.16;5.14103;0;0;0.1;0.01;0;5.54413;0;0;-1
0;277;63.4153;-7.79528;-42.3259;9.67674;3795.56;5.81848;0;0;0.1;0.01;0;6.80256;0;0;-1
0;278;63.6013;8.2285;-39.467;10.0114;4203.13;6.01971;0;0;0.1;0.01;0;6.5606;0;0;-1
0;279;63.0225;26.1908;-42.2754;10.0357;4233.81;6.03432;0;0;0.1;0.01;0;6.07459;0;0;-1
0;280;61.5515;42.1359;-41.1983;8.88075;2933.85;5.33987;0;0;0.1;0.01;0;5.08301;0;0;-1
0;281;61.9973;60.4255;-42.4625;9.23144;3295.32;5.55073;0;0;0.1;0.01;0;3.67713;0;0;-1
0;282;74.9427;-32.4934;-43.1696;9.0112;3065.04;5.4183;0;0;0.1;0.01;0;3.21814;0;0;-1
0;283;77.741;-15.0014;-41.1189;8.62851;2690.89;5.1882;0;0;0.1;0.01;0;4.46561;0;0;-1
0;284;76.3295;-0.0851909;-41.467;10.2851;4557.37;6.18428;0;0;0.1;0.01;0;6.87728;0;0;-1
0;285;78.7395;19.7262;-42.8252;8.99017;3043.63;5.40566;0;0;0.1;0.01;0;3.3323;0;0;-1
0;286;76.5345;34.3386;-41.9436;9.23964;3304.1;5.55566;0;0;0.1;0.01;0;3.54259;0;0;-1
0;287;90.5168;-4.55917;-40.5367;8.7003;2758.62;5.23136;0;0;0.1;0.01;0;2.23179;0;0;-1
0;288;-95.1311;-13.511;-24.6992;8.77145;2826.85;5.27415;0;0;0.1;0.01;0;3.17465;0;0;-1
0;289;-95.6356;1.24918;-26.0972;9.92316;4092.97;5.96665;0;0;0.1;0.01;0;3.87458;0;0;-1
0;290;-80.8671;-41.5035;-24.6583;9.90428;4069.65;5.9553;0;0;0.1;0.01;0;2.88735;0;0;-1
0;291;-81.7953;-23.4422;-27.3457;9.5595;3659.27;5.74799;0;0;0.1;0.01;0;3.86436;0;0;-1
0;292;-78.9074;-4.65606;-26.4834;10.0423;4242.17;6.03829;0;0;0.1;0.01;0;5.59192;0;0;-1
0;293;-82.5742;10.9725;-26.4512;10.1274;4350.93;6.08946;0;0;0.1;0.01;0;6.28628;0;0;-1
0;294;-82.4141;27.6798;-25.1437;10.0349;4232.8;6.03384;0;0;0.1;0.01;0;5.02725;0;0;-1
0;295;-80.4007;44.563;-28.111;9.88358;4044.19;5.94285;0;0;0.1;0.01;0;3.28404;0;0;-1
0;296;-64.0826;-67.8784;-26.0039;8.5;2572.44;5.11093;0;0;0.1;0.01;0;2.51597;1;0;-1
0;297;-64.3776;-48.9945;-26.1257;8.77835;2833.53;5.27829;0;0;0.1;0.01;0;4.35957;0;0;-1
0;298;-64.5303;-31.2643;-25.4603;9.74862;3880.77;5.8617;0;0;0.1;0.01;0;5.46843;0;0;-1
0;299;-64.4881;-12.8956;-26.9927;9.28066;3348.31;5.58033;0;0;0.1;0.01;0;5.55902;0;0;-1
0;300;-66.0775;4.44179;-26.0355;8.5;2572.44;5.11093;0;0;0.1;0.01;0;5.93987;1;0;-1
0;301;-65.4703;20.2188;-26.9305;8.59094;2655.89;5.16561;0;0;0.1;0.01;0;5.71341;0;0;-1
0;302;-64.6862;35.2183;-27.173;10.0497;4251.56;6.04274;0;0;0.1;0.01;0;6.30957;0;0;-1
0;303;-64.5489;50.916;-26.2282;9.27992;3347.51;5.57988;0;0;0.1;0.01;0;5.75009;0;0;-1
0;304;-66.6794;68.668;-26.7104;9.4554;3541.02;5.68539;0;0;0.1;0.01;0;2.15067;0;0;-1
0;305;-49.7084;-72.4983;-27.7914;8.99661;3050.18;5.40953;0;0;0.1;0.01;0;5.22959;0;0;-1
0;306;-49.6169;-58.1746;-26.292;9.25063;3315.91;5.56227;0;0;0.1;0.01;0;6.29477;0;0;-1
0;307;-51.5408;-39.7133;-26.3437;9.3425;3415.69;5.61751;0;0;0.1;0.01;0;6.00957;0;0;-1
0;308;-52.4098;-23.1189;-27.5476;9.77632;3913.95;5.87836;0;0;0.1;0.01;0;6.55608;0;0;-1
0;309;-50.4815;-7.0366;-27.811;9.73264;3861.72;5.8521;0;0;0.1;0.01;0;6.60915;0;0;-1
0;310;-53.0191;8.65494;-26.3272;8.9409;2993.87;5.37603;0;0;0.1;0.01;0;5.48711;0;0;-1
0;311;-51.1146;26.7861;-24.4703;9.14375;3202.3;5.498;0;0;0.1;0.01;0;5.57885;0;0;-1
0;312;-49.9887;45.5108;-24.8734;9.78011;3918.5;5.88064;0;0;0.1;0.01;0;7.33751;0;0;-1
0;313;-50.6685;62.4863;-25.5796;8.75947;2815.28;5.26694;0;0;0.1;0.01;0;6.08546;0;0;-1
0;314;-51.7949;78.482;-28.2541;8.72318;2780.44;5.24512;0;0;0.1;0.01;0;2.65154;0;0;-1
0;315;-36.4309;-82.1734;-26.5199;10.3133;4594.96;6.20124;0;0;0.1;0.01;0;6.19671;0;0;-1
0;316;-34.9856;-67.3031;-26.8034;8.88636;2939.41;5.34324;0;0;0.1;0.01;0;6.99021;0;0;-1
0;317;-38.3703;-47.1072;-27.1431;10.1598;4392.83;6.10894;0;0;0.1;0.01;0;5.71276;0;0;-1
0;318;-36.0578;-30.0831;-26.07;9.32899;3400.89;5.60939;0;0;0.1;0.01;0;6.11672;0;0;-1
0;319;-34.6364;-13.7608;-26.7999;8.77558;2830.85;5.27663;0;0;0.1;0.01;0;5.01557;0;0;-1
0;320;-36.5855;4.31333;-27.4427;8.5;2572.44;5.11093;0;0;0.1;0.01;0;4.19224;1;0;-1
0;321;-38.3604;18.548;-27.4811;9.50184;3593.45;5.71332;0;0;0.1;0.01;0;5.45468;0;0;-1
0;322;-38.2452;34.5845;-25.1741;8.5;2572.44;5.11093;0;0;0.1;0.01;0;5.50239;1;0;-1
0;323;-37.6495;52.2756;-27.8674;9.223;3286.29;5.54566;0;0;0.1;0.01;0;6.07357;0;0;-1
0;324;-38.2083;67.7232;-25.7655;8.5;2572.44;5.11093;0;0;0.1;0.01;0;4.48685;1;0;-1
0;325;-35.5403;85.8438;-24.9522;10.2803;4550.99;6.1814;0;0;0.1;0.01;0;3.74699;0;0;-1
0;326;-21.786;-90.7758;-25.2876;10.3383;4628.45;6.21627;0;0;0.1;0.01;0;3.98862;0;0;-1
0;327;-20.5841;-73.0899;-27.0235;10.1729;4409.84;6.11682;0;0;0.1;0.01;0;8.27653;0;0;-1
0;328;-20.3455;-59.1639;-26.3108;9.74517;3876.65;5.85963;0;0;0.1;0.01;0;7.26644;0;0;-1
0;329;-22.0208;-40.5883;-26.659;8.61701;2680.15;5.18128;0;0;0.1;0.01;0;4.98646;0;0;-1
0;330;-21.3628;-21.1033;-24.9733;10.094;4308.03;6.06938;0;0;0.1;0.01;0;6.84293;0;0;-1
0;331;-19.721;-5.48548;-28.0823;8.5;2572.44;5.11093;0;0;0.1;0.01;0;4.64973;1;0;-1
0;332;-21.3109;11.8074;-25.7771;8.5;2572.44;5.11093;0;0;0.1;0.01;0;4.00051;1;0;-1
0;333;-22.777;28.761;-27.7837;8.64731;2708.52;5.1995;0;0;0.1;0.01;0;5.10243;0;0;-1
0;334;-21.2681;44.7695;-27.8766;9.74786;3879.86;5.86125;0;0;0.1;0.01;0;5.84241;0;0;-1
0;335;-21.6946;62.1717;-26.6136;9.66986;3787.47;5.81435;0;0;0.1;0.01;0;6.33933;0;0;-1
0;336;-22.845;78.7581;-27.9099;9.43208;3514.88;5.67137;0;0;0.1;0.01;0;5.63097;0;0;-1
0;337;-5.94135;-81.2683;-28.6498;9.37792;3454.68;5.63881;0;0;0.1;0.01;0;6.09279;0;0;-1
0;338;-7.90585;-66.6036;-26.329;9.47884;3567.42;5.69949;0;0;0.1;0.01;0;6.68939;0;0;-1
0;339;-8.56292;-48.589;-24.3803;9.13807;3196.33;5.49459;0;0;0.1;0.01;0;5.18551;0;0;-1
0;340;-8.20544;-29.6895;-25.5443;8.77274;2828.1;5.27492;0;0;0.1;0.01;0;5.56587;0;0;-1
0;341;-6.01162;-13.3258;-27.8122;9.41095;3491.31;5.65867;0;0;0.1;0.01;0;6.59849;0;0;-1
0;342;-5.49473;1.92674;-27.648;8.53399;2603.42;5.13136;0;0;0.1;0.01;0;5.70974;0;0;-1
0;343;-6.6062;21.1286;-25.6283;9.60397;3710.57;5.77473;0;0;0.1;0.01;0;6.69929;0;0;-1
0;344;-7.09263;35.408;-27.0952;9.34522;3418.67;5.61915;0;0;0.1;0.01;0;7.48473;0;0;-1
0;345;-7.93185;51.5111;-26.0266;8.65073;2711.73;5.20156;0;0;0.1;0.01;0;5.61154;0;0;-1
0;346;-9.34207;72.1662;-24.4907;8.6207;2683.59;5.1835;0;0;0.1;0.01;0;5.03857;0;0;-1
0;347;-9.09902;88.2414;-25.6708;8.64271;2704.2;5.19674;0;0;0.1;0.01;0;3.96985;0;0;-1
0;348;9.34745;-90.4766;-25.408;10.3115;4592.55;6.20016;0;0;0.1;0.01;0;4.27663;0;0;-1
0;349;6.59513;-75.7941;-25.3216;9.7822;3921.01;5.88189;0;0;0.1;0.01;0;6.67467;0;0;-1
0;350;9.44476;-58.662;-25.7692;9.33001;3402;5.61;0;0;0.1;0.01;0;5.80922;0;0;-1
0;351;5.72665;-40.0302;-25.3982;9.62018;3729.39;5.78447;0;0;0.1;0.01;0;6.09775;0;0;-1
0;352;8.26796;-25.5212;-26.5945;8.72878;2785.8;5.24849;0;0;0.1;0.01;0;5.86098;0;0;-1
0;353;9.02403;-8.76516;-27.6925;10.2426;4501.11;6.15873;0;0;0.1;0.01;0;6.79856;0;0;-1
0;354;5.51374;9.93607;-25.5109;9.14542;3204.05;5.49901;0;0;0.1;0.01;0;4.58348;0;0;-1
0;355;9.43548;29.3298;-27.6663;10.081;4291.4;6.06156;0;0;0.1;0.01;0;6.86236;0;0;-1
0;356;6.25242;44.0465;-25.2434;10.3766;4680.09;6.2393;0;0;0.1;0.01;0;7.20109;0;0;-1
0;357;6.87018;63.4097;-24.6206;10.1832;4423.25;6.12301;0;0;0.1;0.01;0;6.80796;0;0;-1
0;358;5.89569;78.2838;-28.0053;9.05381;3108.73;5.44392;0;0;0.1;0.01;0;5.55831;0;0;-1
0;359;8.2432;95.6165;-26.8456;10.0208;4214.98;6.02536;0;0;0.1;0.01;0;2.99665;0;0;-1
0;360;22.5776;-82.3681;-25.2162;9.14669;3205.39;5.49977;0;0;0.1;0.01;0;4.65872;0;0;-1
0;361;23.6995;-65.8969;-25.4751;9.51617;3609.73;5.72193;0;0;0.1;0.01;0;5.43851;0;0;-1
0;362;23.277;-47.2913;-27.4361;10.114;4333.69;6.0814;0;0;0.1;0.01;0;6.25903;0;0;-1
0;363;22.7939;-31.7605;-26.0461;9.7203;3847.05;5.84468;0;0;0.1;0.01;0;6.89752;0;0;-1
0;364;22.1277;-16.0919;-25.5867;10.0142;4206.66;6.02139;0;0;0.1;0.01;0;6.72989;0;0;-1
0;365;22.3171;1.01305;-26.8079;9.03568;3090.09;5.43302;0;0;0.1;0.01;0;5.17048;0;0;-1
0;366;23.3885;18.1886;-28.0136;9.62583;3735.97;5.78787;0;0;0.1;0.01;0;6.25358;0;0;-1
0;367;23.2488;34.9352;-27.5237;9.48752;3577.23;5.70471;0;0;0.1;0.01;0;7.41908;0;0;-1
0;368;20.5942;51.111;-24.5189;9.78732;3927.17;5.88497;0;0;0.1;0.01;0;6.26178;0;0;-1
0;369;20.2906;69.1525;-26.9483;9.41126;3491.66;5.65885;0;0;0.1;0.01;0;5.36297;0;0;-1
0;370;23.3579;84.5748;-24.8075;9.48309;3572.22;5.70204;0;0;0.1;0.01;0;4.89956;0;0;-1
0;371;38.0649;-75.9951;-27.103;9.08221;3138.07;5.461;0;0;0.1;0.01;0;3.94122;0;0;-1
0;372;35.2269;-56.918;-27.0363;8.68961;2748.46;5.22494;0;0;0.1;0.01;0;5.60662;0;0;-1
0;373;37.5313;-39.9408;-26.8274;9.92192;4091.44;5.96591;0;0;0.1;0.01;0;7.96756;0;0;-1
0;374;37.6927;-23.1673;-27.6894;9.98008;4163.81;6.00088;0;0;0.1;0.01;0;7.59035;0;0;-1
0;375;37.4569;-7.20703;-24.8406;9.68117;3800.77;5.82115;0;0;0.1;0.01;0;6.56918;0;0;-1
0;376;35.1278;8.9151;-26.7882;8.8148;2868.97;5.30021;0;0;0.1;0.01;0;5.30872;0;0;-1
0;377;37.2267;25.3871;-24.7118;9.96675;4147.15;5.99286;0;0;0.1;0.01;0;6.87875;0;0;-1
0;378;37.0158;42.1394;-27.0971;9.84583;3998.03;5.92015;0;0;0.1;0.01;0;6.5792;0;0;-1
0;379;38.4497;63.6794;-24.9062;8.5;2572.44;5.11093;0;0;0.1;0.01;0;4.58628;1;0;-1
0;380;36.7486;78.8083;-24.8792;8.5;2572.44;5.11093;0;0;0.1;0.01;0;4.35298;1;0;-1
0;381;50.4385;-66.6508;-24.7853;10.2137;4463.11;6.14135;0;0;0.1;0.01;0;5.56967;0;0;-1
0;382;49.9627;-50.7718;-25.2925;10.1728;4409.71;6.11676;0;0;0.1;0.01;0;6.85262;0;0;-1
0;383;50.0716;-33.4134;-25.0285;8.55599;2623.61;5.14459;0;0;0.1;0.01;0;5.20425;0;0;-1
0;384;52.7147;-15.5626;-26.8633;9.21838;3281.35;5.54288;0;0;0.1;0.01;0;6.2591;0;0;-1
0;385;51.8221;1.73437;-28.333;10.0155;4208.3;6.02217;0;0;0.1;0.01;0;7.16856;0;0;-1
0;386;50.1089;17.7966;-28.5143;9.04577;3100.45;5.43909;0;0;0.1;0.01;0;6.16727;0;0;-1
0;387;50.3077;34.8917;-25.0726;9.38364;3461.01;5.64225;0;0;0.1;0.01;0;5.57712;0;0;-1
0;388;52.979;54.7649;-24.6945;8.65695;2717.59;5.2053;0;0;0.1;0.01;0;4.39617;0;0;-1
0;389;52.1988;72.6236;-26.9422;9.78828;3928.33;5.88555;0;0;0.1;0.01;0;4.3787;0;0;-1
0;390;66.3584;-59.1996;-27.6329;8.99162;3045.11;5.40653;0;0;0.1;0.01;0;4.13284;0;0;-1
0;391;66.6317;-42.2233;-25.0398;8.84857;2902.07;5.32052;0;0;0.1;0.01;0;5.48486;0;0;-1
0;392;67.4825;-23.2453;-24.8721;10.3678;4668.19;6.23401;0;0;0.1;0.01;0;6.53853;0;0;-1
0;393;65.5571;-5.6009;-26.924;8.9529;3005.94;5.38325;0;0;0.1;0.01;0;6.84089;0;0;-1
0;394;66.5841;9.45373;-25.0948;9.2484;3313.51;5.56093;0;0;0.1;0.01;0;5.82278;0;0;-1
0;395;64.8734;25.4078;-25.6023;9.8348;3984.6;5.91352;0;0;0.1;0.01;0;4.80936;0;0;-1
0;396;66.3812;46.5072;-25.9051;10.0347;4232.55;6.03372;0;0;0.1;0.01;0;5.81655;0;0;-1
0;397;65.0718;62.2785;-27.5178;10.0508;4252.95;6.0434;0;0;0.1;0.01;0;4.96859;0;0;-1
0;398;79.4172;-51.2626;-25.8191;10.1042;4321.1;6.07551;0;0;0.1;0.01;0;2.17792;0;0;-1
0;399;81.8783;-34.2053;-24.8327;10.2512;4512.45;6.1639;0;0;0.1;0.01;0;3.41483;0;0;-1
0;400;80.748;-16.8117;-25.3517;8.88357;2936.64;5.34156;0;0;0.1;0.01;0;4.46982;0;0;-1
0;401;79.7984;-0.227896;-26.2404;9.30496;3374.68;5.59494;0;0;0.1;0.01;0;4.87188;0;0;-1
0;402;83.2178;17.7956;-25.2674;9.79833;3940.44;5.89159;0;0;0.1;0.01;0;4.14582;0;0;-1
0;403;79.095;33.7633;-27.9964;8.5;2572.44;5.11093;0;0;0.1;0.01;0;3.36611;1;0;-1
0;404;79.373;54.6255;-26.54;10.3516;4646.34;6.22427;0;0;0.1;0.01;0;2.70776;0;0;-1
0;405;-98.4417;0.961665;-11.8065;10.2755;4544.62;6.17851;0;0;0.1;0.01;0;3.7051;0;0;-1
0;406;-84.2833;-42.0844;-11.2465;9.08598;3141.98;5.46327;0;0;0.1;0.01;0;3.4692;0;0;-1
0;407;-84.375;-23.538;-10.3073;10.4098;4725.15;6.25926;0;0;0.1;0.01;0;5.70365;0;0;-1
0;408;-85.2159;-7.1345;-12.4847;8.91246;2965.39;5.35893;0;0;0.1;0.01;0;5.26827;0;0;-1
0;409;-83.3468;11.6472;-11.9345;10.149;4378.83;6.10245;0;0;0.1;0.01;0;5.92223;0;0;-1
0;410;-84.8106;29.1456;-12.4289;8.5;2572.44;5.11093;0;0;0.1;0.01;0;4.12955;1;0;-1
0;411;-84.0319;42.499;-11.3173;9.39125;3469.44;5.64682;0;0;0.1;0.01;0;4.12705;0;0;-1
0;412;-70.8144;-68.4356;-10.0661;8.78734;2842.24;5.2837;0;0;0.1;0.01;0;2.13548;0;0;-1
0;413;-69.2297;-49.2655;-11.9969;9.51949;3613.51;5.72393;0;0;0.1;0.01;0;4.76911;0;0;-1
0;414;-69.89;-32.5587;-10.1349;9.37135;3447.43;5.63486;0;0;0.1;0.01;0;6.79717;0;0;-1
0;415;-72.1621;-15.7388;-11.6956;9.40543;3485.17;5.65535;0;0;0.1;0.01;0;6.58625;0;0;-1
0;416;-70.798;3.17321;-10.312;8.76929;2824.76;5.27285;0;0;0.1;0.01;0;6.07134;0;0;-1
0;417;-68.3533;17.374;-12.9526;8.58719;2652.42;5.16335;0;0;0.1;0.01;0;4.93155;0;0;-1
0;418;-69.4929;36.471;-11.9859;9.59908;3704.91;5.77179;0;0;0.1;0.01;0;6.34022;0;0;-1
0;419;-71.9186;53.7855;-13.0231;8.9755;3028.76;5.39684;0;0;0.1;0.01;0;4.41753;0;0;-1
0;420;-54.289;-75.1306;-9.72597;8.85847;2911.82;5.32647;0;0;0.1;0.01;0;3.81419;0;0;-1
0;421;-56.6185;-58.236;-12.3484;9.39962;3478.72;5.65186;0;0;0.1;0.01;0;5.38541;0;0;-1
0;422;-57.3255;-39.2037;-10.3238;8.57706;2643.04;5.15726;0;0;0.1;0.01;0;5.56617;0;0;-1
0;423;-57.3134;-23.9541;-11.8674;8.5;2572.44;5.11093;0;0;0.1;0.01;0;5.49264;1;0;-1
0;424;-55.2384;-7.2197;-11.8102;9.00601;3059.75;5.41518;0;0;0.1;0.01;0;5.50028;0;0;-1
0;425;-54.3056;8.60136;-12.5428;10.0595;4264.01;6.04863;0;0;0.1;0.01;0;5.98717;0;0;-1
0;426;-57.3404;29.7689;-12.8205;8.5;2572.44;5.11093;0;0;0.1;0.01;0;5.63826;1;0;-1
0;427;-55.1136;44.7227;-11.8268;9.28257;3350.37;5.58147;0;0;0.1;0.01;0;6.8572;0;0;-1
0;428;-57.9507;60.0321;-10.686;9.74725;3879.14;5.86088;0;0;0.1;0.01;0;5.45093;0;0;-1
0;429;-42.7894;-83.6457;-13.256;10.0889;4301.5;6.06631;0;0;0.1;0.01;0;4.25746;0;0;-1
0;430;-39.355;-64.6247;-11.572;9.79525;3936.73;5.88974;0;0;0.1;0.01;0;5.61041;0;0;-1
0;431;-41.051;-49.3512;-10.6913;8.52157;2592.07;5.1239;0;0;0.1;0.01;0;5.08022;0;0;-1
0;432;-41.2223;-32.6028;-12.3671;9.80366;3946.87;5.8948;0;0;0.1;0.01;0;6.14082;0;0;-1
0;433;-42.0835;-14.3467;-13.5202;10.014;4206.41;6.02127;0;0;0.1;0.01;0;6.08459;0;0;-1
0;434;-40.9214;3.07383;-10.7863;9.48602;3575.53;5.70381;0;0;0.1;0.01;0;5.76915;0;0;-1
0;435;-39.4035;20.0886;-11.2061;10.0097;4200.99;6.01869;0;0;0.1;0.01;0;6.2777;0;0;-1
0;436;-42.1298;36.9058;-13.1672;9.33057;3402.62;5.61034;0;0;0.1;0.01;0;7.1998;0;0;-1
0;437;-42.6549;52.2119;-12.6253;8.5;2572.44;5.11093;0;0;0.1;0.01;0;5.05302;1;0;-1
0;438;-43.0068;70.6852;-12.5494;8.74544;2801.78;5.25851;0;0;0.1;0.01;0;4.72099;0;0;-1
0;439;-43.2513;85.1338;-13.334;8.5;2572.44;5.11093;0;0;0.1;0.01;0;3.4248;1;0;-1
0;440;-27.9023;-93.1803;-13.0875;9.62079;3730.1;5.78484;0;0;0.1;0.01;0;4.31848;0;0;-1
0;441;-28.1487;-76.873;-13.0046;10.1441;4372.49;6.0995;0;0;0.1;0.01;0;7.05546;0;0;-1
0;442;-24.6981;-56.5743;-12.283;10.3899;4698.1;6.2473;0;0;0.1;0.01;0;7.30703;0;0;-1
0;443;-27.3665;-41.7547;-10.1886;10.4383;4764.07;6.2764;0;0;0.1;0.01;0;7.63362;0;0;-1
0;444;-26.6309;-22.2862;-11.8667;10.2193;4470.46;6.14472;0;0;0.1;0.01;0;6.6494;0;0;-1
0;445;-24.9562;-7.31123;-10.3195;8.54228;2611.02;5.13635;0;0;0.1;0.01;0;4.69839;0;0;-1
0;446;-25.1405;9.14421;-10.2564;9.43114;3513.83;5.67081;0;0;0.1;0.01;0;5.17417;0;0;-1
0;447;-27.4298;28.4637;-10.5846;10.2555;4518.13;6.16648;0;0;0.1;0.01;0;6.15138;0;0;-1
0;448;-28.3056;42.9578;-10.7776;9.06343;3118.65;5.44971;0;0;0.1;0.01;0;5.62704;0;0;-1
0;449;-24.4463;59.0707;-12.8439;8.80537;2859.77;5.29454;0;0;0.1;0.01;0;4.53487;0;0;-1
0;450;-24.773;77.7015;-12.2454;9.85517;4009.41;5.92577;0;0;0.1;0.01;0;6.45154;0;0;-1
0;451;-24.8604;94.672;-14.0171;10.1999;4445.05;6.13305;0;0;0.1;0.01;0;3.54444;0;0;-1
0;452;-13.5462;-83.3062;-11.0872;8.5;2572.44;5.11093;0;0;0.1;0.01;0;4.453;1;0;-1
0;453;-12.7753;-65.4508;-13.2505;8.5;2572.44;5.11093;0;0;0.1;0.01;0;5.52494;1;0;-1
0;454;-12.6956;-48.4372;-9.71277;9.49539;3586.14;5.70944;0;0;0.1;0.01;0;6.60712;0;0;-1
0;455;-11.446;-32.3643;-11.7617;10.4018;4714.27;6.25445;0;0;0.1;0.01;0;7.25758;0;0;-1
0;456;-10.3958;-14.2753;-10.7248;8.5;2572.44;5.11093;0;0;0.1;0.01;0;6.06055;1;0;-1
0;457;-10.7164;0.961374;-11.6031;10.2021;4447.92;6.13437;0;0;0.1;0.01;0;7.1602;0;0;-1
0;458;-10.7331;16.9683;-11.6204;9.08701;3143.05;5.46389;0;0;0.1;0.01;0;5.76875;0;0;-1
0;459;-11.5962;34.2431;-12.5394;8.56015;2627.44;5.14709;0;0;0.1;0.01;0;4.6202;0;0;-1
0;460;-10.3543;50.9678;-10.6108;8.54843;2616.66;5.14005;0;0;0.1;0.01;0;5.22148;0;0;-1
0;461;-10.5264;67.4152;-11.6322;9.0735;3129.05;5.45576;0;0;0.1;0.01;0;5.90968;0;0;-1
0;462;-11.6995;87.2553;-12.435;8.5;2572.44;5.11093;0;0;0.1;0.01;0;4.7941;1;0;-1
0;463;4.39472;-91.5547;-10.5853;8.69412;2752.74;5.22765;0;0;0.1;0.01;0;3.76552;0;0;-1
0;464;1.54566;-75.9965;-12.1285;8.5;2572.44;5.11093;0;0;0.1;0.01;0;5.49005;1;0;-1
0;465;1.34586;-59.4788;-12.8591;8.86284;2916.13;5.3291;0;0;0.1;0.01;0;6.06158;0;0;-1
0;466;1.67856;-41.261;-12.6223;9.63019;3741.05;5.79049;0;0;0.1;0.01;0;6.53521;0;0;-1
0;467;1.2676;-21.568;-10.4652;9.21799;3280.93;5.54264;0;0;0.1;0.01;0;6.60817;0;0;-1
0;468;1.59529;-7.44683;-12.1291;8.63646;2698.34;5.19298;0;0;0.1;0.01;0;6.12663;0;0;-1
0;469;3.28156;8.17239;-12.2817;10.1133;4332.79;6.08098;0;0;0.1;0.01;0;6.21212;0;0;-1
0;470;3.18917;25.1313;-13.5582;9.05314;3108.04;5.44352;0;0;0.1;0.01;0;4.72285;0;0;-1
0;471;1.98956;43.7635;-10.4952;9.3009;3370.26;5.5925;0;0;0.1;0.01;0;5.57795;0;0;-1
0;472;2.33457;59.5202;-10.7522;9.45512;3540.71;5.68523;0;0;0.1;0.01;0;6.58775;0;0;-1
0;473;2.7048;76.7467;-10.396;8.91847;2971.39;5.36255;0;0;0.1;0.01;0;6.03296;0;0;-1
0;474;3.09744;94.0415;-11.4628;10.2647;4530.3;6.17202;0;0;0.1;0.01;0;4.45802;0;0;-1
0;475;18.8172;-85.1776;-10.5412;9.35595;3430.46;5.6256;0;0;0.1;0.01;0;5.79983;0;0;-1
0;476;16.07;-68.1897;-10.5154;9.47166;3559.32;5.69517;0;0;0.1;0.01;0;6.35374;0;0;-1
0;477;15.9636;-51.4669;-9.87443;9.86583;4022.44;5.93218;0;0;0.1;0.01;0;5.77787;0;0;-1
0;478;15.5248;-33.3905;-10.5228;9.65096;3765.3;5.80298;0;0;0.1;0.01;0;5.74287;0;0;-1
0;479;16.0362;-16.2998;-11.4663;8.57311;2639.39;5.15489;0;0;0.1;0.01;0;5.90933;0;0;-1
0;480;16.419;1.11914;-11.4589;9.38448;3461.94;5.64275;0;0;0.1;0.01;0;5.5789;0;0;-1
0;481;19.4882;20.9029;-10.8761;9.88972;4051.73;5.94655;0;0;0.1;0.01;0;6.04892;0;0;-1
0;482;19.6223;38.1909;-13.1665;8.5;2572.44;5.11093;0;0;0.1;0.01;0;5.08329;1;0;-1
0;483;18.1854;54.5355;-11.4709;8.5;2572.44;5.11093;0;0;0.1;0.01;0;4.93174;1;0;-1
0;484;17.3039;71.4383;-10.3218;10.3965;4707.06;6.25126;0;0;0.1;0.01;0;7.11132;0;0;-1
0;485;15.6975;84.9766;-12.5726;8.5;2572.44;5.11093;0;0;0.1;0.01;0;5.44989;1;0;-1
0;486;31.9475;-93.7261;-12.0406;8.83098;2884.8;5.30994;0;0;0.1;0.01;0;1.85614;0;0;-1
0;487;33.3601;-76.6479;-12.3241;9.41174;3492.19;5.65914;0;0;0.1;0.01;0;5.65354;0;0;-1
0;488;32.8862;-55.392;-10.3535;9.45135;3536.47;5.68296;0;0;0.1;0.01;0;4.99216;0;0;-1
0;489;34.169;-38.8905;-10.1206;9.62386;3733.67;5.78669;0;0;0.1;0.01;0;6.14483;0;0;-1
0;490;31.2322;-21.3583;-12.2778;9.89423;4057.28;5.94926;0;0;0.1;0.01;0;7.10873;0;0;-1
0;491;33.1366;-6.33928;-10.7764;8.88235;2935.43;5.34083;0;0;0.1;0.01;0;5.56165;0;0;-1
0;492;33.5013;11.7966;-12.9113;10.3784;4682.52;6.24038;0;0;0.1;0.01;0;7.01868;0;0;-1
0;493;31.4719;29.0512;-10.8324;9.24443;3309.25;5.55854;0;0;0.1;0.01;0;6.82049;0;0;-1
0;494;33.5357;46.2625;-13.2478;9.56238;3662.58;5.74972;0;0;0.1;0.01;0;5.98787;0;0;-1
0;495;32.7913;63.4891;-10.3685;8.6173;2680.42;5.18146;0;0;0.1;0.01;0;5.98493;0;0;-1
0;496;32.2654;79.3815;-10.1261;10.0567;4260.45;6.04695;0;0;0.1;0.01;0;6.38552;0;0;-1
0;497;45.9653;-82.9342;-10.7946;8.5;2572.44;5.11093;0;0;0.1;0.01;0;4.15739;1;0;-1
0;498;48.1314;-67.8904;-11.4518;9.53328;3629.24;5.73222;0;0;0.1;0.01;0;6.0135;0;0;-1
0;499;47.6991;-47.7318;-11.9647;9.34097;3414.01;5.61659;0;0;0.1;0.01;0;6.11487;0;0;-1
0;500;48.6165;-31.7103;-12.524;9.05733;3112.36;5.44604;0;0;0.1;0.01;0;5.54108;0;0;-1
0;501;45.5562;-14.739;-10.949;9.15165;3210.6;5.50275;0;0;0.1;0.01;0;6.26595;0;0;-1
0;502;46.5947;0.436733;-11.0267;10.1585;4391.14;6.10816;0;0;0.1;0.01;0;7.44455;0;0;-1
0;503;47.7368;18.1174;-13.4331;10.1742;4411.53;6.1176;0;0;0.1;0.01;0;7.74649;0;0;-1
0;504;47.9013;34.6536;-10.5454;9.51622;3609.79;5.72196;0;0;0.1;0.01;0;6.42796;0;0;-1
0;505;45.9407;55.1955;-12.4989;8.5;2572.44;5.11093;0;0;0.1;0.01;0;5.01938;1;0;-1
0;506;46.2875;68.4964;-10.0128;9.24156;3306.16;5.55682;0;0;0.1;0.01;0;6.16926;0;0;-1
0;507;47.6961;85.6456;-13.1027;8.6403;2701.94;5.19529;0;0;0.1;0.01;0;2.33719;0;0;-1
0;508;61.0946;-74.2483;-11.284;10.3036;4582.01;6.19541;0;0;0.1;0.01;0;3.19812;0;0;-1
0;509;60.3067;-56.0653;-13.3033;9.61516;3723.56;5.78146;0;0;0.1;0.01;0;6.39356;0;0;-1
0;510;61.4408;-42.1469;-11.6197;9.39919;3478.24;5.6516;0;0;0.1;0.01;0;6.41252;0;0;-1
0;511;62.579;-25.7835;-11.8646;9.28468;3352.66;5.58274;0;0;0.1;0.01;0;5.84224;0;0;-1
0;512;62.7414;-7.65052;-11.4978;9.83406;3983.7;5.91308;0;0;0.1;0.01;0;6.46675;0;0;-1
0;513;60.7349;9.37269;-12.8105;10.2245;4477.29;6.14784;0;0;0.1;0.01;0;6.6576;0;0;-1
0;514;61.9703;28.7528;-10.2212;9.92591;4096.37;5.96831;0;0;0.1;0.01;0;6.30827;0;0;-1
0;515;62.6733;45.9884;-11.1298;9.50542;3597.51;5.71547;0;0;0.1;0.01;0;5.70253;0;0;-1
0;516;63.2357;63.5904;-10.799;10.0981;4313.28;6.07184;0;0;0.1;0.01;0;5.33225;0;0;-1
0;517;61.0466;77.9228;-13.7918;8.90529;2958.24;5.35462;0;0;0.1;0.01;0;2.77243;0;0;-1
0;518;77.6014;-47.5321;-10.8046;8.5;2572.44;5.11093;0;0;0.1;0.01;0;3.89178;1;0;-1
0;519;77.336;-30.0348;-11.242;8.60685;2670.68;5.17517;0;0;0.1;0.01;0;5.62817;0;0;-1
0;520;75.3004;-14.4415;-10.8537;10.4528;4783.95;6.28512;0;0;0.1;0.01;0;7.80122;0;0;-1
0;521;74.9413;1.11722;-10.9932;8.5;2572.44;5.11093;0;0;0.1;0.01;0;6.16618;1;0;-1
0;522;76.6099;18.0123;-13.337;8.69993;2758.26;5.23114;0;0;0.1;0.01;0;5.75004;0;0;-1
0;523;75.0665;34.8528;-12.7115;8.5;2572.44;5.11093;0;0;0.1;0.01;0;5.25311;1;0;-1
0;524;75.3415;51.4849;-10.2312;9.24246;3307.13;5.55736;0;0;0.1;0.01;0;5.71999;0;0;-1
0;525;89.5855;-22.1741;-11.9592;8.5;2572.44;5.11093;0;0;0.1;0.01;0;3.78986;1;0;-1
0;526;90.0699;-4.25037;-10.1463;9.67018;3787.85;5.81454;0;0;0.1;0.01;0;4.1206;0;0;-1
0;527;89.5543;12.01;-11.0173;8.94815;3001.15;5.38039;0;0;0.1;0.01;0;4.80404;0;0;-1
0;528;89.4241;27.0302;-11.1975;8.57982;2645.59;5.15892;0;0;0.1;0.01;0;4.51629;0;0;-1
0;529;89.2375;43.5629;-9.84477;10.0381;4236.85;6.03576;0;0;0.1;0.01;0;3.29333;0;0;-1
0;530;-93.9376;-16.579;2.39606;9.45997;3546.16;5.68814;0;0;0.1;0.01;0;3.16973;0;0;-1
0;531;-95.6884;2.72878;3.43034;9.65336;3768.11;5.80443;0;0;0.1;0.01;0;3.78273;0;0;-1
0;532;-95.9087;18.6865;2.16121;10.2032;4449.36;6.13504;0;0;0.1;0.01;0;3.23823;0;0;-1
0;533;-79.6744;-55.9196;3.03359;8.5;2572.44;5.11093;0;0;0.1;0.01;0;2.64057;1;0;-1
0;534;-82.6275;-41.5195;4.68253;9.80047;3943.02;5.89288;0;0;0.1;0.01;0;4.17545;0;0;-1
0;535;-80.6;-23.2269;2.97213;9.80139;3944.13;5.89343;0;0;0.1;0.01;0;6.45337;0;0;-1
0;536;-79.8665;-6.13342;3.72484;9.46528;3552.13;5.69134;0;0;0.1;0.01;0;5.92292;0;0;-1
0;537;-81.7948;10.356;2.71651;8.90491;2957.86;5.35439;0;0;0.1;0.01;0;4.70752;0;0;-1
0;538;-80.6001;25.4914;1.21095;8.5;2572.44;5.11093;0;0;0.1;0.01;0;3.69427;1;0;-1
0;539;-82.6828;44.0748;2.7711;10.2457;4505.19;6.16059;0;0;0.1;0.01;0;4.42212;0;0;-1
0;540;-78.9028;61.1277;3.37876;9.4202;3501.62;5.66423;0;0;0.1;0.01;0;2.55983;0;0;-1
0;541;-63.883;-65.5068;1.68217;8.86781;2921.04;5.33209;0;0;0.1;0.01;0;4.00888;0;0;-1
0;542;-64.2782;-47.2883;4.40242;10.2617;4526.33;6.17021;0;0;0.1;0.01;0;6.23305;0;0;-1
0;543;-68.3953;-33.0471;3.55377;8.92266;2975.58;5.36507;0;0;0.1;0.01;0;5.75718;0;0;-1
0;544;-67.7965;-14.8225;1.72358;10.4365;4761.6;6.27532;0;0;0.1;0.01;0;6.92605;0;0;-1
0;545;-67.194;0.398497;3.73493;10.3306;4618.12;6.21164;0;0;0.1;0.01;0;6.93317;0;0;-1
0;546;-64.7297;17.1265;3.36743;10.4477;4776.95;6.28205;0;0;0.1;0.01;0;6.02016;0;0;-1
0;547;-65.1802;36.5253;3.09396;10.4249;4745.74;6.26834;0;0;0.1;0.01;0;6.60308;0;0;-1
0;548;-65.5663;52.0291;3.22677;9.47993;3568.65;5.70014;0;0;0.1;0.01;0;5.48003;0;0;-1
0;549;-64.9442;70.4088;3.16883;8.5;2572.44;5.11093;0;0;0.1;0.01;0;2.35071;1;0;-1
0;550;-49.9092;-75.3326;3.23842;8.5823;2647.89;5.16041;0;0;0.1;0.01;0;5.00546;0;0;-1
0;551;-50.3423;-59.3866;4.20876;8.71413;2771.79;5.23968;0;0;0.1;0.01;0;5.50716;0;0;-1
0;552;-50.9546;-42.3298;3.33902;8.72965;2786.63;5.24901;0;0;0.1;0.01;0;5.46126;0;0;-1
0;553;-52.1145;-24.4736;3.65713;8.58632;2651.61;5.16283;0;0;0.1;0.01;0;4.18467;0;0;-1
0;554;-49.6372;-5.37698;2.14892;8.5;2572.44;5.11093;0;0;0.1;0.01;0;4.3537;1;0;-1
0;555;-52.3006;10.058;3.75279;8.5;2572.44;5.11093;0;0;0.1;0.01;0;4.98743;1;0;-1
0;556;-52.757;25.8366;2.69537;8.5;2572.44;5.11093;0;0;0.1;0.01;0;5.48534;1;0;-1
0;557;-50.2676;42.9859;5.1132;9.8444;3996.28;5.91929;0;0;0.1;0.01;0;5.97393;0;0;-1
0;558;-50.7557;63.4569;1.83562;9.04923;3104.01;5.44117;0;0;0.1;0.01;0;5.21427;0;0;-1
0;559;-51.4561;78.1178;1.28845;9.76208;3896.87;5.8698;0;0;0.1;0.01;0;4.43719;0;0;-1
0;560;-34.9759;-84.014;3.44156;9.36644;3442.01;5.6319;0;0;0.1;0.01;0;5.15563;0;0;-1
0;561;-38.4988;-67.3827;3.24533;9.15764;3216.91;5.50636;0;0;0.1;0.01;0;5.35489;0;0;-1
0;562;-36.7022;-50.3908;4.12362;8.5;2572.44;5.11093;0;0;0.1;0.01;0;5.17468;1;0;-1
0;563;-35.8311;-32.6253;2.67629;9.95707;4135.07;5.98704;0;0;0.1;0.01;0;6.05313;0;0;-1
0;564;-38.0783;-14.09;3.15477;8.97516;3028.41;5.39663;0;0;0.1;0.01;0;4.98324;0;0;-1
0;565;-36.6326;3.18323;4.03462;8.90095;2953.91;5.35201;0;0;0.1;0.01;0;5.85535;0;0;-1
0;566;-38.1388;19.9784;2.9188;10.1518;4382.46;6.10413;0;0;0.1;0.01;0;6.86635;0;0;-1
0;567;-38.195;36.3048;1.02573;8.89588;2948.87;5.34896;0;0;0.1;0.01;0;5.93272;0;0;-1
0;568;-35.4176;50.8411;2.8657;9.82839;3976.82;5.90967;0;0;0.1;0.01;0;5.01445;0;0;-1
0;569;-35.7484;71.7398;1.34378;10.4423;4769.55;6.2788;0;0;0.1;0.01;0;6.28716;0;0;-1
0;570;-35.3277;87.8912;3.29234;9.58234;3685.56;5.76172;0;0;0.1;0.01;0;5.14463;0;0;-1
0;571;-20.7816;-93.6565;1.59901;9.51832;3612.18;5.72323;0;0;0.1;0.01;0;4.31284;0;0;-1
0;572;-20.5651;-76.6053;4.59683;8.53528;2604.61;5.13214;0;0;0.1;0.01;0;5.26483;0;0;-1
0;573;-23.6224;-57.6381;1.53854;9.2155;3278.27;5.54115;0;0;0.1;0.01;0;6.0062;0;0;-1
0;574;-23.2199;-40.3609;2.14385;9.25268;3318.11;5.5635;0;0;0.1;0.01;0;6.4181;0;0;-1
0;575;-21.1645;-23.0773;3.57449;8.5;2572.44;5.11093;0;0;0.1;0.01;0;5.39818;1;0;-1
0;576;-20.5772;-5.19528;3.34159;8.55675;2624.31;5.14505;0;0;0.1;0.01;0;6.16203;0;0;-1
0;577;-20.1903;9.99087;4.07138;10.1133;4332.79;6.08098;0;0;0.1;0.01;0;6.90053;0;0;-1
0;578;-23.9401;27.5257;1.88851;8.5874;2652.61;5.16348;0;0;0.1;0.01;0;3.99345;0;0;-1
0;579;-19.935;46.9949;1.83003;9.19996;3261.72;5.5318;0;0;0.1;0.01;0;4.54619;0;0;-1
0;580;-22.032;63.3267;2.16538;9.89483;4058.01;5.94962;0;0;0.1;0.01;0;6.65825;0;0;-1
0;581;-22.1877;77.5566;1.90696;9.60554;3712.39;5.77567;0;0;0.1;0.01;0;6.19901;0;0;-1
0;582;-23.3645;96.2359;1.35718;9.90756;4073.7;5.95727;0;0;0.1;0.01;0;3.42004;0;0;-1
0;583;-7.07293;-98.9498;0.928665;10.0776;4287.06;6.05951;0;0;0.1;0.01;0;2.97532;0;0;-1
0;584;-5.64452;-81.0565;3.7144;8.73414;2790.93;5.25171;0;0;0.1;0.01;0;5.62629;0;0;-1
0;585;-9.08038;-66.6476;2.77411;10.3839;4689.97;6.24369;0;0;0.1;0.01;0;5.75102;0;0;-1
0;586;-7.63098;-49.2515;2.3108;8.64791;2709.08;5.19986;0;0;0.1;0.01;0;5.09583;0;0;-1
0;587;-7.46806;-29.9745;2.5191;9.4445;3528.79;5.67884;0;0;0.1;0.01;0;6.35239;0;0;-1
0;588;-8.78182;-14.1922;3.11908;9.71029;3835.18;5.83866;0;0;0.1;0.01;0;6.88088;0;0;-1
0;589;-7.88796;1.80394;3.77302;8.5;2572.44;5.11093;0;0;0.1;0.01;0;5.90057;1;0;-1
0;590;-6.29813;17.3564;1.34045;8.51996;2590.61;5.12293;0;0;0.1;0.01;0;5.93079;0;0;-1
0;591;-6.16469;34.6546;3.70424;9.22465;3288.05;5.54665;0;0;0.1;0.01;0;5.50824;0;0;-1
0;592;-5.76477;51.798;3.5419;8.5;2572.44;5.11093;0;0;0.1;0.01;0;5.86863;1;0;-1
0;593;-7.56732;71.7852;2.32879;10.3283;4615.04;6.21026;0;0;0.1;0.01;0;6.85477;0;0;-1
0;594;-9.21026;88.379;3.68133;9.77079;3907.31;5.87503;0;0;0.1;0.01;0;4.97552;0;0;-1
0;595;8.03978;-92.1757;3.10236;8.71605;2773.63;5.24083;0;0;0.1;0.01;0;4.70638;0;0;-1
0;596;8.63603;-76.0928;1.82931;9.61678;3725.44;5.78243;0;0;0.1;0.01;0;7.03938;0;0;-1
0;597;5.95459;-58.9246;1.69063;10.096;4310.59;6.07058;0;0;0.1;0.01;0;6.91893;0;0;-1
0;598;7.03668;-42.7411;3.59372;9.83689;3987.15;5.91478;0;0;0.1;0.01;0;6.72698;0;0;-1
0;599;7.54642;-24.9374;1.85077;9.5353;3631.55;5.73344;0;0;0.1;0.01;0;6.5058;0;0;-1
0;600;9.35593;-8.45987;4.44166;10.1237;4346.17;6.08723;0;0;0.1;0.01;0;5.93049;0;0;-1
0;601;5.73719;10.4523;2.77584;8.89902;2951.99;5.35085;0;0;0.1;0.01;0;4.96026;0;0;-1
0;602;7.62881;25.4211;2.11933;9.91149;4078.55;5.95964;0;0;0.1;0.01;0;6.08818;0;0;-1
0;603;8.38445;44.0588;2.35174;8.5;2572.44;5.11093;0;0;0.1;0.01;0;5.04463;1;0;-1
0;604;6.91159;60.3899;1.6208;8.5;2572.44;5.11093;0;0;0.1;0.01;0;5.65681;1;0;-1
0;605;8.80116;76.5033;2.68354;8.62821;2690.61;5.18802;0;0;0.1;0.01;0;5.79722;0;0;-1
0;606;5.61132;97.9074;1.52166;9.70502;3828.93;5.83549;0;0;0.1;0.01;0;2.82607;0;0;-1
0;607;20.4526;-85.2861;2.17819;8.5;2572.44;5.11093;0;0;0.1;0.01;0;4.15263;1;0;-1
0;608;23.7067;-66.325;2.73944;10.1485;4378.19;6.10215;0;0;0.1;0.01;0;5.9231;0;0;-1
0;609;22.3819;-47.3566;4.3804;8.61569;2678.91;5.18049;0;0;0.1;0.01;0;4.58251;0;0;-1
0;610;21.7442;-31.0862;1.47943;8.5;2572.44;5.11093;0;0;0.1;0.01;0;5.79022;1;0;-1
0;611;21.4309;-14.7059;1.49452;8.5;2572.44;5.11093;0;0;0.1;0.01;0;5.46892;1;0;-1
0;612;23.2017;4.33711;1.20224;9.49255;3582.92;5.70773;0;0;0.1;0.01;0;5.44834;0;0;-1
0;613;23.3895;20.8325;4.67218;9.56391;3664.33;5.75064;0;0;0.1;0.01;0;6.83886;0;0;-1
0;614;21.9838;37.2994;4.96708;8.5;2572.44;5.11093;0;0;0.1;0.01;0;5.66027;1;0;-1
0;615;22.776;51.4229;3.72421;9.88732;4048.78;5.9451;0;0;0.1;0.01;0;6.64381;0;0;-1
0;616;21.1345;67.7524;1.6553;9.16445;3224.09;5.51045;0;0;0.1;0.01;0;5.95768;0;0;-1
0;617;21.4045;89.497;1.14061;10.1186;4339.6;6.08417;0;0;0.1;0.01;0;4.04352;0;0;-1
0;618;38.0424;-75.9263;1.65725;9.44408;3528.32;5.67859;0;0;0.1;0.01;0;6.03252;0;0;-1
0;619;38.5557;-59.6036;4.02641;8.64248;2703.98;5.1966;0;0;0.1;0.01;0;5.22568;0;0;-1
0;620;34.9032;-40.1464;3.41506;8.9796;3032.91;5.3993;0;0;0.1;0.01;0;5.4494;0;0;-1
0;621;35.0449;-25.7224;1.19887;9.54414;3641.66;5.73875;0;0;0.1;0.01;0;6.10611;0;0;-1
0;622;38.0193;-8.85214;4.48444;9.35846;3433.22;5.62711;0;0;0.1;0.01;0;6.01257;0;0;-1
0;623;37.2349;9.08757;1.45398;9.51894;3612.89;5.7236;0;0;0.1;0.01;0;5.74654;0;0;-1
0;624;36.6647;27.2512;2.87279;9.98295;4167.4;6.0026;0;0;0.1;0.01;0;6.51393;0;0;-1
0;625;35.9289;44.5355;1.2145;10.3932;4702.58;6.24928;0;0;0.1;0.01;0;6.87896;0;0;-1
0;626;36.101;62.7059;3.83063;10.293;4567.88;6.18903;0;0;0.1;0.01;0;7.82484;0;0;-1
0;627;37.661;80.0029;2.52838;10.395;4705.03;6.25036;0;0;0.1;0.01;0;5.13838;0;0;-1
0;628;50.8424;-83.5275;2.89607;8.5;2572.44;5.11093;0;0;0.1;0.01;0;2.98939;1;0;-1
0;629;52.1832;-64.6117;4.04776;9.83279;3982.16;5.91231;0;0;0.1;0.01;0;5.58507;0;0;-1
0;630;50.32;-48.4662;3.2594;10.1367;4362.93;6.09505;0;0;0.1;0.01;0;6.36195;0;0;-1
0;631;53.4025;-33.6509;4.79386;8.5;2572.44;5.11093;0;0;0.1;0.01;0;5.812;1;0;-1
0;632;51.3832;-15.8294;2.99752;8.60239;2666.53;5.17249;0;0;0.1;0.01;0;5.11818;0;0;-1
0;633;52.1578;1.13734;2.46713;8.51441;2585.55;5.11959;0;0;0.1;0.01;0;5.43396;0;0;-1
0;634;52.3752;17.0495;1.66631;9.47502;3563.11;5.69719;0;0;0.1;0.01;0;7.31179;0;0;-1
0;635;50.182;34.3882;2.73709;9.80689;3950.78;5.89674;0;0;0.1;0.01;0;6.2323;0;0;-1
0;636;51.3785;54.6315;4.70125;8.5;2572.44;5.11093;0;0;0.1;0.01;0;5.01791;1;0;-1
0;637;50.0059;67.7095;3.25955;9.09874;3155.24;5.47094;0;0;0.1;0.01;0;4.70003;0;0;-1
0;638;68.0576;-56.0606;4.68183;9.91865;4087.39;5.96394;0;0;0.1;0.01;0;4.38757;0;0;-1
0;639;67.5961;-39.0416;2.40528;9.67029;3787.97;5.81461;0;0;0.1;0.01;0;7.08991;0;0;-1
0;640;64.7288;-24.1619;3.89667;8.59961;2663.94;5.17082;0;0;0.1;0.01;0;5.67672;0;0;-1
0;641;67.8228;-6.6595;4.42825;8.5;2572.44;5.11093;0;0;0.1;0.01;0;4.868;1;0;-1
0;642;65.6307;12.1996;3.83539;10.2544;4516.68;6.16582;0;0;0.1;0.01;0;6.72067;0;0;-1
0;643;65.4867;25.9347;3.94203;8.5;2572.44;5.11093;0;0;0.1;0.01;0;6.09759;1;0;-1
0;644;66.9165;44.3124;4.35793;9.40417;3483.77;5.65459;0;0;0.1;0.01;0;5.69821;0;0;-1
0;645;67.4239;60.1799;4.32326;9.78995;3930.34;5.88655;0;0;0.1;0.01;0;4.46684;0;0;-1
0;646;82.3323;-47.394;5.10228;9.16647;3226.23;5.51167;0;0;0.1;0.01;0;3.67437;0;0;-1
0;647;82.1697;-33.112;3.18361;10.4059;4719.84;6.25692;0;0;0.1;0.01;0;5.823;0;0;-1
0;648;81.395;-15.7973;3.83873;9.58771;3691.76;5.76495;0;0;0.1;0.01;0;6.48948;0;0;-1
0;649;79.7723;0.0532756;1.87673;9.17655;3236.88;5.51773;0;0;0.1;0.01;0;5.72937;0;0;-1
0;650;80.9752;18.2548;2.44535;9.17519;3235.44;5.51691;0;0;0.1;0.01;0;6.6437;0;0;-1
0;651;82.5361;36.1035;4.09547;10.3563;4652.67;6.22709;0;0;0.1;0.01;0;5.5522;0;0;-1
0;652;82.7997;55.2994;4.89699;9.98006;4163.78;6.00087;0;0;0.1;0.01;0;2.8493;0;0;-1
0;653;95.836;-23.3872;2.0981;10.372;4673.86;6.23653;0;0;0.1;0.01;0;3.62885;0;0;-1
0;654;96.3539;-7.56586;4.22247;9.30892;3378.99;5.59732;0;0;0.1;0.01;0;3.40811;0;0;-1
0;655;94.5246;12.1144;1.93412;9.59168;3696.35;5.76734;0;0;0.1;0.01;0;4.21334;0;0;-1
0;656;94.3123;26.6302;4.47918;10.0281;4224.2;6.02975;0;0;0.1;0.01;0;4.46506;0;0;-1
0;657;-86.8386;-40.7508;19.2017;10.0139;4206.28;6.02121;0;0;0.1;0.01;0;3.22209;0;0;-1
0;658;-85.0802;-21.1785;18.5572;9.39531;3473.94;5.64926;0;0;0.1;0.01;0;3.28272;0;0;-1
0;659;-84.8774;-4.98722;19.2691;9.9256;4095.99;5.96812;0;0;0.1;0.01;0;4.60346;0;0;-1
0;660;-86.6494;10.4781;17.1897;9.41782;3498.97;5.6628;0;0;0.1;0.01;0;4.71425;0;0;-1
0;661;-85.7237;27.1094;18.3079;8.5;2572.44;5.11093;0;0;0.1;0.01;0;3.21578;1;0;-1
0;662;-84.257;45.3311;18.929;8.68184;2741.09;5.22026;0;0;0.1;0.01;0;2.72848;0;0;-1
0;663;-72.1055;-63.6387;19.8383;9.46219;3548.65;5.68948;0;0;0.1;0.01;0;3.35679;0;0;-1
0;664;-70.8139;-48.562;16.6721;9.04696;3101.68;5.43981;0;0;0.1;0.01;0;6.11141;0;0;-1
0;665;-68.9832;-33.8719;19.188;8.5;2572.44;5.11093;0;0;0.1;0.01;0;5.46803;1;0;-1
0;666;-71.9589;-13.1889;19.0209;9.90376;4069.01;5.95499;0;0;0.1;0.01;0;7.23518;0;0;-1
0;667;-69.3901;2.17413;19.707;9.7357;3865.36;5.85394;0;0;0.1;0.01;0;6.93282;0;0;-1
0;668;-70.2503;18.6388;19.2993;9.64972;3763.85;5.80224;0;0;0.1;0.01;0;5.80183;0;0;-1
0;669;-70.2931;34.2579;16.7427;8.77909;2834.24;5.27874;0;0;0.1;0.01;0;4.32221;0;0;-1
0;670;-70.2576;52.8853;16.2658;8.5;2572.44;5.11093;0;0;0.1;0.01;0;3.91545;1;0;-1
0;671;-58.0212;-74.9468;17.1204;10.065;4271;6.05194;0;0;0.1;0.01;0;4.51512;0;0;-1
0;672;-57.4994;-58.654;18.7019;9.47117;3558.77;5.69488;0;0;0.1;0.01;0;6.4382;0;0;-1
0;673;-56.2033;-39.5346;17.4571;10.2399;4497.55;6.1571;0;0;0.1;0.01;0;7.40168;0;0;-1
0;674;-57.0873;-23.2676;16.9141;8.9323;2985.23;5.37086;0;0;0.1;0.01;0;5.73416;0;0;-1
0;675;-55.1852;-6.46517;16.0535;9.97374;4155.88;5.99707;0;0;0.1;0.01;0;6.24436;0;0;-1
0;676;-57.1295;8.61708;17.4112;8.70387;2762.01;5.23351;0;0;0.1;0.01;0;5.38391;0;0;-1
0;677;-55.3836;26.7714;16.7928;9.65507;3770.12;5.80545;0;0;0.1;0.01;0;5.70937;0;0;-1
0;678;-54.9687;46.8986;18.9426;8.5;2572.44;5.11093;0;0;0.1;0.01;0;4.35089;1;0;-1
0;679;-53.9878;61.9341;18.2879;8.67427;2733.93;5.21571;0;0;0.1;0.01;0;3.80731;0;0;-1
0;680;-53.7988;78.0473;19.6549;9.60026;3706.27;5.7725;0;0;0.1;0.01;0;2.63995;0;0;-1
0;681;-41.6972;-84.6164;16.8467;9.64536;3758.75;5.79962;0;0;0.1;0.01;0;4.32846;0;0;-1
0;682;-40.6313;-67.4692;17.7366;8.98447;3037.85;5.40223;0;0;0.1;0.01;0;5.51542;0;0;-1
0;683;-40.4654;-47.7812;16.7385;9.09298;3149.25;5.46748;0;0;0.1;0.01;0;5.25967;0;0;-1
0;684;-42.5293;-33.0294;18.1966;9.56256;3662.78;5.74983;0;0;0.1;0.01;0;6.35433;0;0;-1
0;685;-42.1532;-13.7589;16.492;8.5;2572.44;5.11093;0;0;0.1;0.01;0;4.91705;1;0;-1
0;686;-39.9896;2.27908;17.7234;8.8338;2887.56;5.31164;0;0;0.1;0.01;0;5.08233;0;0;-1
0;687;-42.213;18.6845;18.4646;8.81873;2872.81;5.30257;0;0;0.1;0.01;0;5.43361;0;0;-1
0;688;-41.1637;33.7369;18.2761;8.97255;3025.77;5.39506;0;0;0.1;0.01;0;5.19103;0;0;-1
0;689;-39.7061;53.2137;18.5439;8.97931;3032.62;5.39913;0;0;0.1;0.01;0;4.73854;0;0;-1
0;690;-39.5862;71.4847;16.3991;10.2106;4459.05;6.13949;0;0;0.1;0.01;0;5.90448;0;0;-1
0;691;-41.5946;87.7436;18.5417;8.98874;3042.18;5.4048;0;0;0.1;0.01;0;2.93097;0;0;-1
0;692;-27.7625;-93.4552;16.8265;10.4523;4783.26;6.28482;0;0;0.1;0.01;0;3.97999;0;0;-1
0;693;-27.5103;-72.8547;18.5002;9.83112;3980.13;5.91131;0;0;0.1;0.01;0;6.16649;0;0;-1
0;694;-25.3742;-56.7115;16.2769;8.5;2572.44;5.11093;0;0;0.1;0.01;0;4.45004;1;0;-1
0;695;-24.4988;-40.3797;17.8431;8.88227;2935.35;5.34078;0;0;0.1;0.01;0;5.48456;0;0;-1
0;696;-28.3601;-24.7223;16.3178;9.59361;3698.58;5.7685;0;0;0.1;0.01;0;6.04896;0;0;-1
0;697;-28.3813;-7.18614;16.0145;9.33032;3402.34;5.61019;0;0;0.1;0.01;0;5.29356;0;0;-1
0;698;-26.9598;10.6783;16.4868;9.60486;3711.6;5.77526;0;0;0.1;0.01;0;6.09203;0;0;-1
0;699;-27.4533;28.0494;17.3643;9.05772;3112.76;5.44628;0;0;0.1;0.01;0;5.12949;0;0;-1
0;700;-25.46;45.9293;17.6364;9.58543;3689.13;5.76358;0;0;0.1;0.01;0;5.76645;0;0;-1
0;701;-28.1561;62.0575;16.3982;9.01678;3070.74;5.42166;0;0;0.1;0.01;0;5.9038;0;0;-1
0;702;-27.4143;80.4122;16.3134;10.1887;4430.42;6.12632;0;0;0.1;0.01;0;5.89116;0;0;-1
0;703;-13.2919;-83.6117;17.6371;9.77088;3907.42;5.87509;0;0;0.1;0.01;0;5.45653;0;0;-1
0;704;-13.7354;-65.6429;17.022;8.5;2572.44;5.11093;0;0;0.1;0.01;0;4.20795;1;0;-1
0;705;-11.1802;-47.5334;16.2677;9.7905;3931;5.88689;0;0;0.1;0.01;0;5.45015;0;0;-1
0;706;-12.3547;-30.7854;19.3452;8.63701;2698.85;5.19331;0;0;0.1;0.01;0;5.76321;0;0;-1
0;707;-11.549;-16.1873;17.4766;9.71429;3839.92;5.84106;0;0;0.1;0.01;0;6.34226;0;0;-1
0;708;-13.6712;1.66388;17.1248;10.0878;4300.09;6.06565;0;0;0.1;0.01;0;7.02377;0;0;-1
0;709;-13.1778;20.7897;16.6137;10.0841;4295.36;6.06342;0;0;0.1;0.01;0;6.2697;0;0;-1
0;710;-10.9556;37.3193;17.2896;8.97727;3030.55;5.3979;0;0;0.1;0.01;0;5.49533;0;0;-1
0;711;-10.0207;52.3591;18.2993;10.1287;4352.61;6.09024;0;0;0.1;0.01;0;6.6422;0;0;-1
0;712;-11.6688;68.4248;18.3716;8.59754;2662.02;5.16958;0;0;0.1;0.01;0;5.2078;0;0;-1
0;713;-11.0509;85.2569;18.6716;8.5;2572.44;5.11093;0;0;0.1;0.01;0;3.73883;1;0;-1
0;714;1.68202;-91.9863;17.4357;10.248;4508.23;6.16197;0;0;0.1;0.01;0;3.90842;0;0;-1
0;715;4.58538;-72.2726;15.9833;8.68782;2746.76;5.22386;0;0;0.1;0.01;0;5.15291;0;0;-1
0;716;2.81682;-56.9675;17.3328;8.5;2572.44;5.11093;0;0;0.1;0.01;0;5.54568;1;0;-1
0;717;2.9626;-39.8534;16.6713;9.887;4048.39;5.94491;0;0;0.1;0.01;0;6.58686;0;0;-1
0;718;2.38392;-24.4699;16.4664;8.82136;2875.38;5.30416;0;0;0.1;0.01;0;5.63626;0;0;-1
0;719;4.97576;-8.37405;17.1116;8.57217;2638.52;5.15432;0;0;0.1;0.01;0;4.74438;0;0;-1
0;720;4.17244;9.65076;16.3867;9.89258;4055.25;5.94826;0;0;0.1;0.01;0;4.89162;0;0;-1
0;721;2.16076;28.5079;16.6437;9.95865;4137.04;5.98799;0;0;0.1;0.01;0;6.24838;0;0;-1
0;722;2.533;46.1875;15.6198;8.5982;2662.63;5.16997;0;0;0.1;0.01;0;5.80209;0;0;-1
0;723;2.66107;63.4032;15.8931;10.4039;4717.12;6.25571;0;0;0.1;0.01;0;6.71212;0;0;-1
0;724;0.994605;77.9651;15.9389;8.66392;2724.16;5.20949;0;0;0.1;0.01;0;5.68578;0;0;-1
0;725;4.69482;93.0914;17.7723;8.70908;2766.98;5.23664;0;0;0.1;0.01;0;2.89397;0;0;-1
0;726;17.7791;-82.3792;17.1052;10.0453;4245.97;6.04009;0;0;0.1;0.01;0;5.13176;0;0;-1
0;727;15.801;-64.4115;16.3813;8.5;2572.44;5.11093;0;0;0.1;0.01;0;4.94312;1;0;-1
0;728;16.0224;-50.0844;18.3067;9.61978;3728.93;5.78423;0;0;0.1;0.01;0;5.55412;0;0;-1
0;729;18.9343;-33.9838;18.1069;8.5;2572.44;5.11093;0;0;0.1;0.01;0;4.3138;1;0;-1
0;730;18.3543;-17.0122;17.3426;9.30503;3374.75;5.59498;0;0;0.1;0.01;0;5.77609;0;0;-1
0;731;17.463;2.71349;18.4889;8.54447;2613.03;5.13767;0;0;0.1;0.01;0;4.7404;0;0;-1
0;732;16.5789;21.1428;16.2201;9.14026;3198.63;5.49591;0;0;0.1;0.01;0;6.27578;0;0;-1
0;733;16.5146;37.0686;17.4469;8.88866;2941.69;5.34462;0;0;0.1;0.01;0;5.88874;0;0;-1
0;734;19.6664;52.9282;17.697;8.85858;2911.93;5.32654;0;0;0.1;0.01;0;5.16797;0;0;-1
0;735;16.4114;69.7733;17.3869;8.51644;2587.4;5.12081;0;0;0.1;0.01;0;5.15521;0;0;-1
0;736;17.9161;85.6773;16.4591;9.17315;3233.29;5.51568;0;0;0.1;0.01;0;3.56722;0;0;-1
0;737;33.1722;-92.4872;15.9306;9.05955;3114.64;5.44738;0;0;0.1;0.01;0;1.68911;0;0;-1
0;738;33.7879;-73.766;16.1012;9.51316;3606.31;5.72013;0;0;0.1;0.01;0;5.47801;0;0;-1
0;739;33.1789;-55.2455;18.0182;9.15668;3215.9;5.50578;0;0;0.1;0.01;0;4.54202;0;0;-1
0;740;33.6548;-39.0298;18.0744;8.5;2572.44;5.11093;0;0;0.1;0.01;0;5.33031;1;0;-1
0;741;31.4368;-24.4859;16.3368;9.37929;3456.2;5.63963;0;0;0.1;0.01;0;6.48301;0;0;-1
0;742;30.7092;-8.06189;18.5976;9.30862;3378.66;5.59714;0;0;0.1;0.01;0;5.49836;0;0;-1
0;743;30.5314;11.5694;17.016;8.87722;2930.35;5.33774;0;0;0.1;0.01;0;5.13261;0;0;-1
0;744;32.0944;26.8775;16.7702;8.78131;2836.39;5.28007;0;0;0.1;0.01;0;5.40192;0;0;-1
0;745;33.2146;45.7702;16.5263;8.5;2572.44;5.11093;0;0;0.1;0.01;0;5.29031;1;0;-1
0;746;30.4887;63.4355;19.4814;9.08213;3137.99;5.46095;0;0;0.1;0.01;0;6.8164;0;0;-1
0;747;30.6511;77.8135;17.8495;9.25776;3323.58;5.56656;0;0;0.1;0.01;0;5.18419;0;0;-1
0;748;45.312;-81.2459;16.0904;9.99665;4184.58;6.01084;0;0;0.1;0.01;0;4.70817;0;0;-1
0;749;48.903;-67.6397;17.01;8.61752;2680.62;5.18159;0;0;0.1;0.01;0;5.08355;0;0;-1
0;750;47.509;-48.1651;18.5973;8.5;2572.44;5.11093;0;0;0.1;0.01;0;4.60531;1;0;-1
0;751;46.7624;-31.8997;16.6164;9.52674;3621.78;5.72829;0;0;0.1;0.01;0;6.83076;0;0;-1
0;752;46.3579;-15.3196;17.5038;9.96599;4146.2;5.99241;0;0;0.1;0.01;0;6.40247;0;0;-1
0;753;46.2055;4.39669;19.4818;9.61473;3723.06;5.7812;0;0;0.1;0.01;0;5.43011;0;0;-1
0;754;48.79;20.4695;17.3394;9.77667;3914.37;5.87857;0;0;0.1;0.01;0;6.22875;0;0;-1
0;755;46.8611;34.88;18.9865;8.5;2572.44;5.11093;0;0;0.1;0.01;0;5.23545;1;0;-1
0;756;45.0847;54.0905;16.5892;10.1386;4365.39;6.09619;0;0;0.1;0.01;0;6.57526;0;0;-1
0;757;46.9779;68.978;17.7791;8.7934;2848.13;5.28734;0;0;0.1;0.01;0;5.04504;0;0;-1
0;758;45.9415;86.0504;19.6744;8.5;2572.44;5.11093;0;0;0.1;0.01;0;1.28235;1;0;-1
0;759;61.2214;-75.4444;17.4929;9.74749;3879.42;5.86102;0;0;0.1;0.01;0;2.82074;0;0;-1
0;760;62.3083;-57.9512;18.1613;8.5;2572.44;5.11093;0;0;0.1;0.01;0;4.94692;1;0;-1
0;761;62.5611;-38.7149;16.7022;10.097;4311.87;6.07118;0;0;0.1;0.01;0;7.49737;0;0;-1
0;762;60.4196;-24.2794;16.5119;9.90118;4065.83;5.95344;0;0;0.1;0.01;0;7.54706;0;0;-1
0;763;60.3745;-7.40614;16.7501;8.93108;2984.01;5.37013;0;0;0.1;0.01;0;4.81082;0;0;-1
0;764;62.459;10.6035;16.967;9.45392;3539.36;5.6845;0;0;0.1;0.01;0;5.77931;0;0;-1
0;765;61.6857;28.5322;16.475;10.2254;4478.47;6.14838;0;0;0.1;0.01;0;7.22246;0;0;-1
0;766;61.8697;45.2111;19.0364;8.67367;2733.36;5.21535;0;0;0.1;0.01;0;6.08079;0;0;-1
0;767;62.2917;63.6347;19.0449;10.0225;4217.13;6.02638;0;0;0.1;0.01;0;4.83378;0;0;-1
0;768;75.9084;-50.2075;19.5156;8.70096;2759.24;5.23176;0;0;0.1;0.01;0;3.01282;0;0;-1
0;769;76.0467;-33.4797;18.3431;10.0886;4301.12;6.06613;0;0;0.1;0.01;0;6.13355;0;0;-1
0;770;77.6204;-16.9562;16.745;8.5;2572.44;5.11093;0;0;0.1;0.01;0;4.96073;1;0;-1
0;771;74.8832;0.852348;19.4109;8.71841;2775.88;5.24225;0;0;0.1;0.01;0;4.44455;0;0;-1
0;772;76.4906;20.1044;16.1859;9.82373;3971.16;5.90687;0;0;0.1;0.01;0;6.53617;0;0;-1
0;773;74.8193;37.9204;19.0714;10.3722;4674.14;6.23665;0;0;0.1;0.01;0;6.73487;0;0;-1
0;774;76.52;52.4257;18.7548;8.77615;2831.4;5.27697;0;0;0.1;0.01;0;4.58287;0;0;-1
0;775;91.5288;-22.0696;18.6379;9.7875;3927.39;5.88508;0;0;0.1;0.01;0;4.34517;0;0;-1
0;776;92.7485;-7.35789;19.933;8.5;2572.44;5.11093;0;0;0.1;0.01;0;2.61949;1;0;-1
0;777;91.6993;9.32596;16.2191;9.05672;3111.73;5.44567;0;0;0.1;0.01;0;2.52694;0;0;-1
0;778;89.4675;26.842;17.3953;9.35384;3428.14;5.62433;0;0;0.1;0.01;0;4.07738;0;0;-1
0;779;-93.5855;2.40788;34.5651;8.55786;2625.33;5.14572;0;0;0.1;0.01;0;2.84536;0;0;-1
0;780;-82.0393;-39.7098;31.6334;9.85962;4014.85;5.92845;0;0;0.1;0.01;0;3.15569;0;0;-1
0;781;-79.6817;-25.0876;32.4529;9.32437;3395.84;5.60661;0;0;0.1;0.01;0;4.2551;0;0;-1
0;782;-78.9996;-6.09504;34.0263;9.22038;3283.49;5.54408;0;0;0.1;0.01;0;5.97779;0;0;-1
0;783;-80.18;10.0435;31.8154;8.73128;2788.19;5.24999;0;0;0.1;0.01;0;4.89452;0;0;-1
0;784;-82.7035;25.8721;30.9233;9.40262;3482.05;5.65366;0;0;0.1;0.01;0;2.74718;0;0;-1
0;785;-79.9031;46.0381;31.3448;8.54151;2610.31;5.13589;0;0;0.1;0.01;0;2.20391;0;0;-1
0;786;-65.9612;-66.8896;33.9575;9.46889;3556.2;5.69351;0;0;0.1;0.01;0;3.41649;0;0;-1
0;787;-66.6271;-47.675;32.2397;9.70994;3834.76;5.83845;0;0;0.1;0.01;0;4.79081;0;0;-1
0;788;-64.3041;-30.7695;34.2089;9.95636;4134.19;5.98661;0;0;0.1;0.01;0;6.55809;0;0;-1
0;789;-66.7728;-15.5643;31.0133;8.5;2572.44;5.11093;0;0;0.1;0.01;0;5.95416;1;0;-1
0;790;-65.61;0.016154;34.1271;8.9441;2997.08;5.37796;0;0;0.1;0.01;0;5.98561;0;0;-1
0;791;-66.5509;18.1284;33.8879;8.5;2572.44;5.11093;0;0;0.1;0.01;0;4.4302;1;0;-1
0;792;-64.406;35.169;31.6596;8.58667;2651.94;5.16304;0;0;0.1;0.01;0;4.16558;0;0;-1
0;793;-66.8396;53.0611;33.202;9.91933;4088.23;5.96435;0;0;0.1;0.01;0;3.57279;0;0;-1
0;794;-53.185;-73.3252;30.6169;10.1149;4334.84;6.08194;0;0;0.1;0.01;0;4.85197;0;0;-1
0;795;-50.1857;-58.715;30.9849;9.48167;3570.62;5.70119;0;0;0.1;0.01;0;6.02654;0;0;-1
0;796;-49.8367;-38.4019;31.6516;9.72083;3847.68;5.84499;0;0;0.1;0.01;0;6.12815;0;0;-1
0;797;-52.8036;-21.2974;31.1147;8.5;2572.44;5.11093;0;0;0.1;0.01;0;4.91621;1;0;-1
0;798;-52.7057;-7.29031;34.1953;9.66627;3783.25;5.81219;0;0;0.1;0.01;0;4.47825;0;0;-1
0;799;-51.6657;11.8707;31.7814;8.5;2572.44;5.11093;0;0;0.1;0.01;0;4.16148;1;0;-1
0;800;-50.7149;29.4039;32.6069;8.5;2572.44;5.11093;0;0;0.1;0.01;0;5.23763;1;0;-1
0;801;-52.777;43.3419;33.1282;8.5;2572.44;5.11093;0;0;0.1;0.01;0;5.24127;1;0;-1
0;802;-51.6394;60.0707;33.9731;8.5;2572.44;5.11093;0;0;0.1;0.01;0;4.2385;1;0;-1
0;803;-35.6433;-85.3986;34.2844;10.1766;4414.65;6.11904;0;0;0.1;0.01;0;3.63615;0;0;-1
0;804;-38.0022;-66.3756;31.2823;8.5;2572.44;5.11093;0;0;0.1;0.01;0;4.55993;1;0;-1
0;805;-37.9454;-47.2925;33.1271;9.74583;3877.44;5.86003;0;0;0.1;0.01;0;5.96579;0;0;-1
0;806;-34.4736;-33.0294;33.0278;10.2533;4515.23;6.16516;0;0;0.1;0.01;0;6.5212;0;0;-1
0;807;-35.1754;-16.2796;32.7077;8.8572;2910.57;5.32571;0;0;0.1;0.01;0;4.13048;0;0;-1
0;808;-35.3371;2.97776;32.2965;8.80953;2863.83;5.29704;0;0;0.1;0.01;0;4.53496;0;0;-1
0;809;-38.3022;17.6717;32.7576;8.96634;3019.49;5.39133;0;0;0.1;0.01;0;4.90153;0;0;-1
0;810;-36.98;37.9462;31.66;9.65063;3764.92;5.80278;0;0;0.1;0.01;0;6.08288;0;0;-1
0;811;-36.8429;52.4713;32.4172;8.9865;3039.91;5.40345;0;0;0.1;0.01;0;5.22426;0;0;-1
0;812;-37.9066;69.1949;32.1259;8.5;2572.44;5.11093;0;0;0.1;0.01;0;3.35657;1;0;-1
0;813;-20.9664;-91.0278;34.0231;9.86408;4020.3;5.93113;0;0;0.1;0.01;0;3.7645;0;0;-1
0;814;-22.9283;-74.2992;32.2321;8.5;2572.44;5.11093;0;0;0.1;0.01;0;5.11851;1;0;-1
0;815;-22.8331;-57.0568;34.421;8.61747;2680.57;5.18156;0;0;0.1;0.01;0;4.58539;0;0;-1
0;816;-21.8606;-42.7435;31.8923;8.61331;2676.69;5.17906;0;0;0.1;0.01;0;5.67957;0;0;-1
0;817;-20.4344;-21.6658;31.3779;8.5;2572.44;5.11093;0;0;0.1;0.01;0;3.96066;1;0;-1
0;818;-20.9584;-4.75431;34.0501;9.37895;3455.82;5.63943;0;0;0.1;0.01;0;5.90081;0;0;-1
0;819;-21.7919;11.1912;31.6467;8.93559;2988.53;5.37284;0;0;0.1;0.01;0;5.87743;0;0;-1
0;820;-22.9958;29.3688;33.7819;9.49202;3582.32;5.70741;0;0;0.1;0.01;0;5.55446;0;0;-1
0;821;-20.7379;44.3011;33.8142;9.19925;3260.96;5.53138;0;0;0.1;0.01;0;6.29463;0;0;-1
0;822;-20.4355;59.7004;30.982;8.65751;2718.11;5.20564;0;0;0.1;0.01;0;5.12047;0;0;-1
0;823;-21.7693;76.7156;32.6734;10.0526;4255.24;6.04448;0;0;0.1;0.01;0;4.73884;0;0;-1
0;824;-6.81782;-81.4819;33.0071;10.2345;4490.44;6.15386;0;0;0.1;0.01;0;5.7368;0;0;-1
0;825;-7.57977;-65.8513;32.0399;9.11861;3175.96;5.48289;0;0;0.1;0.01;0;4.85353;0;0;-1
0;826;-8.80806;-46.942;30.7948;9.1191;3176.47;5.48318;0;0;0.1;0.01;0;5.15133;0;0;-1
0;827;-5.46008;-32.6296;31.168;8.5;2572.44;5.11093;0;0;0.1;0.01;0;4.74402;1;0;-1
0;828;-8.84126;-13.1767;31.59;10.4144;4731.42;6.26203;0;0;0.1;0.01;0;6.59198;0;0;-1
0;829;-7.46549;3.47662;31.9496;9.30981;3379.96;5.59785;0;0;0.1;0.01;0;6.08517;0;0;-1
0;830;-6.85535;21.0012;33.6337;10.0649;4270.88;6.05188;0;0;0.1;0.01;0;5.67596;0;0;-1
0;831;-7.48108;37.7973;34.0799;9.13604;3194.2;5.49337;0;0;0.1;0.01;0;6.14358;0;0;-1
0;832;-5.84962;51.7254;33.6905;8.5;2572.44;5.11093;0;0;0.1;0.01;0;5.4925;1;0;-1
0;833;-7.19939;69.7842;32.3984;8.73803;2794.66;5.25405;0;0;0.1;0.01;0;4.35085;0;0;-1
0;834;-6.78164;88.6481;31.1304;8.56897;2635.57;5.1524;0;0;0.1;0.01;0;2.16899;0;0;-1
0;835;8.24656;-89.4366;34.6573;8.757;2812.9;5.26546;0;0;0.1;0.01;0;3.1831;0;0;-1
0;836;7.70399;-74.4736;32.4968;10.4534;4784.77;6.28548;0;0;0.1;0.01;0;7.03416;0;0;-1
0;837;6.34496;-58.9452;31.8166;8.79873;2853.31;5.29055;0;0;0.1;0.01;0;5.10421;0;0;-1
0;838;8.48614;-42.9158;33.2038;10.0561;4259.68;6.04659;0;0;0.1;0.01;0;6.75221;0;0;-1
0;839;6.86436;-23.8849;32.7524;8.90408;2957.03;5.35389;0;0;0.1;0.01;0;4.88046;0;0;-1
0;840;7.21259;-6.04532;33.7203;9.87605;4034.95;5.93833;0;0;0.1;0.01;0;6.05214;0;0;-1
0;841;5.64752;8.79265;34.3835;9.10205;3158.68;5.47293;0;0;0.1;0.01;0;4.74186;0;0;-1
0;842;8.33853;27.8173;31.0468;9.25309;3318.55;5.56375;0;0;0.1;0.01;0;5.15921;0;0;-1
0;843;6.79294;42.8939;30.5937;10.1876;4428.99;6.12566;0;0;0.1;0.01;0;6.42056;0;0;-1
0;844;8.63952;61.5759;30.9035;8.68436;2743.48;5.22178;0;0;0.1;0.01;0;4.75823;0;0;-1
0;845;9.12164;78.9343;31.9052;9.46328;3549.88;5.69013;0;0;0.1;0.01;0;4.70614;0;0;-1
0;846;23.1442;-82.6638;33.8552;9.93443;4106.93;5.97343;0;0;0.1;0.01;0;4.76639;0;0;-1
0;847;22.6495;-67.9626;33.0087;9.85623;4010.71;5.92641;0;0;0.1;0.01;0;5.40374;0;0;-1
0;848;23.8673;-47.7339;33.384;8.90151;2954.47;5.35235;0;0;0.1;0.01;0;5.89654;0;0;-1
0;849;21.1355;-32.2882;32.4702;10.1635;4397.63;6.11117;0;0;0.1;0.01;0;7.0402;0;0;-1
0;850;22.1144;-14.0049;32.2174;10.1553;4386.99;6.10623;0;0;0.1;0.01;0;6.79684;0;0;-1
0;851;22.3376;0.4842;30.9395;8.92445;2977.37;5.36614;0;0;0.1;0.01;0;5.12703;0;0;-1
0;852;23.0055;19.3353;30.4872;9.06881;3124.2;5.45294;0;0;0.1;0.01;0;4.82378;0;0;-1
0;853;22.1103;37.5585;33.9895;9.3486;3422.38;5.62118;0;0;0.1;0.01;0;5.73783;0;0;-1
0;854;23.7955;51.3885;32.5732;9.90615;4071.96;5.95642;0;0;0.1;0.01;0;6.81454;0;0;-1
0;855;22.3266;68.7585;31.0054;8.75237;2808.44;5.26267;0;0;0.1;0.01;0;5.90416;0;0;-1
0;856;20.8537;89.3898;34.2246;9.34689;3420.5;5.62015;0;0;0.1;0.01;0;1.60244;0;0;-1
0;857;35.784;-74.722;32.7963;8.5;2572.44;5.11093;0;0;0.1;0.01;0;3.427;1;0;-1
0;858;37.1879;-55.0858;32.8415;9.55435;3653.36;5.74489;0;0;0.1;0.01;0;5.76269;0;0;-1
0;859;35.5734;-38.4143;30.8887;8.5;2572.44;5.11093;0;0;0.1;0.01;0;5.311;1;0;-1
0;860;37.4962;-21.9813;32.183;8.5;2572.44;5.11093;0;0;0.1;0.01;0;4.75598;1;0;-1
0;861;35.8986;-4.81431;33.2054;9.17157;3231.62;5.51473;0;0;0.1;0.01;0;5.72569;0;0;-1
0;862;38.7435;9.3532;32.49;8.59517;2659.82;5.16815;0;0;0.1;0.01;0;4.9152;0;0;-1
0;863;38.1041;25.561;33.0003;9.81869;3965.06;5.90384;0;0;0.1;0.01;0;5.59362;0;0;-1
0;864;38.3525;43.1661;33.093;9.76301;3897.98;5.87036;0;0;0.1;0.01;0;6.0215;0;0;-1
0;865;35.3804;61.8615;33.7018;9.76121;3895.83;5.86927;0;0;0.1;0.01;0;6.62704;0;0;-1
0;866;36.8585;77.2497;32.1592;10.0224;4217;6.02632;0;0;0.1;0.01;0;5.23752;0;0;-1
0;867;52.8278;-64.6676;31.9375;9.06145;3116.6;5.44852;0;0;0.1;0.01;0;3.97314;0;0;-1
0;868;53.1685;-49.3401;32.1226;9.43641;3519.73;5.67398;0;0;0.1;0.01;0;5.65659;0;0;-1
0;869;52.069;-33.3863;32.402;9.52844;3623.71;5.72931;0;0;0.1;0.01;0;6.14093;0;0;-1
0;870;51.5457;-17.3174;31.5972;9.93219;4104.15;5.97208;0;0;0.1;0.01;0;6.32098;0;0;-1
0;871;53.2119;0.913788;33.8721;10.0205;4214.6;6.02518;0;0;0.1;0.01;0;6.86817;0;0;-1
0;872;52.4612;17.8194;33.3887;8.9672;3020.36;5.39185;0;0;0.1;0.01;0;6.01597;0;0;-1
0;873;53.4735;38.1492;32.2361;8.9671;3020.26;5.39179;0;0;0.1;0.01;0;6.03652;0;0;-1
0;874;53.2633;53.1787;33.3245;9.60563;3712.5;5.77573;0;0;0.1;0.01;0;6.96987;0;0;-1
0;875;51.424;68.3305;32.4222;9.14929;3208.12;5.50134;0;0;0.1;0.01;0;4.86843;0;0;-1
0;876;67.259;-58.0691;32.4305;8.83388;2887.64;5.31168;0;0;0.1;0.01;0;3.29206;0;0;-1
0;877;67.6921;-38.6015;31.5484;9.31078;3381.01;5.59844;0;0;0.1;0.01;0;5.34742;0;0;-1
0;878;66.391;-21.8154;31.969;9.12977;3187.63;5.4896;0;0;0.1;0.01;0;5.27272;0;0;-1
0;879;66.9423;-4.76977;32.6264;9.85842;4013.38;5.92772;0;0;0.1;0.01;0;5.726;0;0;-1
0;880;67.2125;10.3586;32.9761;8.94914;3002.15;5.38099;0;0;0.1;0.01;0;6.55153;0;0;-1
0;881;66.2105;28.0146;33.7862;8.61621;2679.4;5.1808;0;0;0.1;0.01;0;5.82021;0;0;-1
0;882;67.3145;45.6446;31.0881;9.11558;3172.79;5.48107;0;0;0.1;0.01;0;6.46698;0;0;-1
0;883;67.0144;59.5015;32.0803;9.87652;4035.53;5.93861;0;0;0.1;0.01;0;4.75476;0;0;-1
0;884;79.9412;-30.2579;33.8285;9.91075;4077.63;5.95919;0;0;0.1;0.01;0;4.39865;0;0;-1
0;885;80.1778;-15.964;30.7204;8.8039;2858.34;5.29366;0;0;0.1;0.01;0;4.50616;0;0;-1
0;886;79.6576;3.68689;33.5511;10.0827;4293.58;6.06258;0;0;0.1;0.01;0;4.9487;0;0;-1
0;887;80.7175;19.6967;34.1941;8.73611;2792.82;5.2529;0;0;0.1;0.01;0;3.84848;0;0;-1
0;888;80.5429;33.6372;31.9269;8.98096;3034.29;5.40012;0;0;0.1;0.01;0;4.25587;0;0;-1
0;889;-86.3544;-6.44475;47.2349;9.7781;3916.08;5.87943;0;0;0.1;0.01;0;3.24488;0;0;-1
0;890;-85.6618;9.85549;47.7961;10.4049;4718.48;6.25632;0;0;0.1;0.01;0;3.02205;0;0;-1
0;891;-69.0191;-49.9836;48.7957;10.4318;4755.17;6.27249;0;0;0.1;0.01;0;2.88009;0;0;-1
0;892;-69.3921;-33.7464;47.9849;8.5;2572.44;5.11093;0;0;0.1;0.01;0;4.09601;1;0;-1
0;893;-69.3636;-13.3669;47.6932;9.91875;4087.52;5.964;0;0;0.1;0.01;0;5.7275;0;0;-1
0;894;-71.5189;0.836943;46.7794;8.91111;2964.04;5.35812;0;0;0.1;0.01;0;5.62204;0;0;-1
0;895;-68.5644;18.0381;47.0538;8.75571;2811.66;5.26468;0;0;0.1;0.01;0;3.93407;0;0;-1
0;896;-70.5772;36.457;49.3623;9.25688;3322.63;5.56603;0;0;0.1;0.01;0;1.72508;0;0;-1
0;897;-56.6375;-59.6062;46.1488;8.92538;2978.3;5.3667;0;0;0.1;0.01;0;4.10095;0;0;-1
0;898;-57.0586;-39.1313;47.6053;9.30218;3371.65;5.59327;0;0;0.1;0.01;0;5.77802;0;0;-1
0;899;-57.0499;-23.2625;47.2633;8.5;2572.44;5.11093;0;0;0.1;0.01;0;5.45395;1;0;-1
0;900;-56.8245;-6.9123;48.8088;9.56046;3660.37;5.74857;0;0;0.1;0.01;0;5.90624;0;0;-1
0;901;-54.5953;12.7549;45.9826;8.6949;2753.48;5.22812;0;0;0.1;0.01;0;4.42023;0;0;-1
0;902;-57.6988;29.7434;45.9857;8.5;2572.44;5.11093;0;0;0.1;0.01;0;4.65804;1;0;-1
0;903;-56.3019;45.9423;47.0309;8.5;2572.44;5.11093;0;0;0.1;0.01;0;4.46066;1;0;-1
0;904;-54.4412;61.3005;46.4173;8.73256;2789.42;5.25076;0;0;0.1;0.01;0;3.49959;0;0;-1
0;905;-40.6511;-64.3876;45.8721;8.77308;2828.43;5.27513;0;0;0.1;0.01;0;3.66495;0;0;-1
0;906;-40.4021;-50.5796;48.2057;9.14813;3206.9;5.50064;0;0;0.1;0.01;0;5.15904;0;0;-1
0;907;-43.2004;-30.0724;46.0946;10.1709;4407.24;6.11561;0;0;0.1;0.01;0;6.05269;0;0;-1
0;908;-41.5092;-14.2948;49.0773;8.5;2572.44;5.11093;0;0;0.1;0.01;0;4.98833;1;0;-1
0;909;-41.64;0.770494;49.2594;8.65928;2719.78;5.2067;0;0;0.1;0.01;0;4.60083;0;0;-1
0;910;-42.0963;16.7754;48.2688;10.2808;4551.66;6.1817;0;0;0.1;0.01;0;5.92257;0;0;-1
0;911;-42.3289;35.8754;45.2275;8.59133;2656.26;5.16584;0;0;0.1;0.01;0;4.94971;0;0;-1
0;912;-41.2199;53.2374;48.8992;10.1348;4360.48;6.09391;0;0;0.1;0.01;0;6.53666;0;0;-1
0;913;-42.4816;69.7201;48.0987;9.85071;4003.97;5.92309;0;0;0.1;0.01;0;4.23899;0;0;-1
0;914;-27.8304;-76.7455;46.7368;9.0812;3137.03;5.46039;0;0;0.1;0.01;0;2.96218;0;0;-1
0;915;-26.1712;-55.5048;48.3148;8.59395;2658.69;5.16742;0;0;0.1;0.01;0;5.99571;0;0;-1
0;916;-27.685;-41.4891;46.5291;9.63897;3751.29;5.79577;0;0;0.1;0.01;0;7.57633;0;0;-1
0;917;-28.0311;-24.2534;49.432;8.5;2572.44;5.11093;0;0;0.1;0.01;0;4.80278;1;0;-1
0;918;-25.7035;-8.79269;47.3269;8.5;2572.44;5.11093;0;0;0.1;0.01;0;4.63693;1;0;-1
0;919;-26.673;12.0286;46.5387;9.92574;4096.16;5.9682;0;0;0.1;0.01;0;5.7786;0;0;-1
0;920;-26.9568;29.5852;48.5556;10.2075;4454.99;6.13762;0;0;0.1;0.01;0;7.06254;0;0;-1
0;921;-26.3531;45.1534;48.8425;9.22863;3292.31;5.54904;0;0;0.1;0.01;0;6.11673;0;0;-1
0;922;-25.8943;60.8802;46.5186;10.3198;4603.65;6.20515;0;0;0.1;0.01;0;6.87273;0;0;-1
0;923;-25.5688;79.3383;48.4978;9.1597;3219.08;5.50759;0;0;0.1;0.01;0;3.17638;0;0;-1
0;924;-12.3657;-80.7879;46.0127;8.874;2927.16;5.33581;0;0;0.1;0.01;0;3.07086;0;0;-1
0;925;-11.8812;-64.6866;47.9629;8.62741;2689.86;5.18754;0;0;0.1;0.01;0;4.45454;0;0;-1
0;926;-13.4929;-47.9732;46.5693;10.3686;4669.27;6.23449;0;0;0.1;0.01;0;7.52029;0;0;-1
0;927;-12.6909;-33.569;49.1079;10.005;4195.08;6.01586;0;0;0.1;0.01;0;5.8817;0;0;-1
0;928;-11.4135;-13.8844;48.6865;9.93402;4106.42;5.97318;0;0;0.1;0.01;0;6.77073;0;0;-1
0;929;-11.0362;0.270032;46.1093;9.49154;3581.78;5.70713;0;0;0.1;0.01;0;6.65012;0;0;-1
0;930;-13.1749;19.5104;47.8634;10.0132;4205.4;6.02079;0;0;0.1;0.01;0;6.25795;0;0;-1
0;931;-11.2548;37.095;49.0542;8.84922;2902.71;5.32091;0;0;0.1;0.01;0;6.45073;0;0;-1
0;932;-12.1981;52.5434;48.7863;9.02879;3083.03;5.42888;0;0;0.1;0.01;0;7.20856;0;0;-1
0;933;-11.7517;69.79;48.0757;10.1432;4371.33;6.09896;0;0;0.1;0.01;0;5.86793;0;0;-1
0;934;-12.8173;86.6158;47.9911;8.5;2572.44;5.11093;0;0;0.1;0.01;0;1.666;1;0;-1
0;935;2.05638;-73.1409;45.8769;8.5;2572.44;5.11093;0;0;0.1;0.01;0;4.91222;1;0;-1
0;936;1.61078;-59.4365;46.6219;8.99434;3047.87;5.40817;0;0;0.1;0.01;0;5.60808;0;0;-1
0;937;2.35376;-42.279;46.9576;9.40872;3488.83;5.65733;0;0;0.1;0.01;0;5.6523;0;0;-1
0;938;1.4452;-22.4083;48.5032;9.3869;3464.62;5.64421;0;0;0.1;0.01;0;5.82072;0;0;-1
0;939;4.3112;-5.38954;49.0448;9.50215;3593.8;5.7135;0;0;0.1;0.01;0;6.81172;0;0;-1
0;940;3.22513;8.86782;49.2407;9.40384;3483.41;5.65439;0;0;0.1;0.01;0;5.80627;0;0;-1
0;941;1.82448;29.6381;47.325;8.5;2572.44;5.11093;0;0;0.1;0.01;0;5.04905;1;0;-1
0;942;1.07994;45.5431;47.6009;8.53776;2606.88;5.13363;0;0;0.1;0.01;0;6.17258;0;0;-1
0;943;1.48796;60.6208;45.6677;9.03964;3094.15;5.4354;0;0;0.1;0.01;0;5.43651;0;0;-1
0;944;4.93363;79.7297;48.6576;10.1102;4328.8;6.07912;0;0;0.1;0.01;0;3.00472;0;0;-1
0;945;18.9277;-84.473;48.894;8.82496;2878.9;5.30632;0;0;0.1;0.01;0;1.95418;0;0;-1
0;946;18.28;-65.9345;46.7112;9.13393;3191.99;5.4921;0;0;0.1;0.01;0;4.69427;0;0;-1
0;947;16.9297;-49.4156;46.2847;8.5;2572.44;5.11093;0;0;0.1;0.01;0;4.6127;1;0;-1
0;948;19.3937;-34.4018;45.9293;10.2763;4545.68;6.17899;0;0;0.1;0.01;0;6.56742;0;0;-1
0;949;16.1481;-14.8598;48.4565;9.22523;3288.67;5.547;0;0;0.1;0.01;0;6.34235;0;0;-1
0;950;18.78;1.80524;48.5208;8.50641;2578.26;5.11478;0;0;0.1;0.01;0;5.65793;0;0;-1
0;951;17.3922;17.4876;46.7736;9.55479;3653.86;5.74516;0;0;0.1;0.01;0;5.23353;0;0;-1
0;952;16.028;36.4017;49.0127;8.5;2572.44;5.11093;0;0;0.1;0.01;0;4.95255;1;0;-1
0;953;19.2425;50.8471;45.5645;9.03341;3087.76;5.43166;0;0;0.1;0.01;0;5.11363;0;0;-1
0;954;17.4137;71.0944;46.7917;9.52319;3617.73;5.72616;0;0;0.1;0.01;0;4.54425;0;0;-1
0;955;33.209;-74.276;48.7917;8.9766;3029.87;5.3975;0;0;0.1;0.01;0;3.24351;0;0;-1
0;956;33.1105;-57.1344;47.8252;9.60965;3717.16;5.77814;0;0;0.1;0.01;0;6.04613;0;0;-1
0;957;33.4758;-39.2114;45.8202;9.85133;4004.73;5.92346;0;0;0.1;0.01;0;6.5415;0;0;-1
0;958;30.7981;-22.5133;46.1761;9.98303;4167.5;6.00265;0;0;0.1;0.01;0;6.38942;0;0;-1
0;959;31.9819;-5.04322;47.7715;9.48791;3577.67;5.70494;0;0;0.1;0.01;0;5.83394;0;0;-1
0;960;33.2566;12.0628;47.6366;9.44032;3524.1;5.67633;0;0;0.1;0.01;0;5.47905;0;0;-1
0;961;30.6854;25.7855;46.9793;9.75134;3884.02;5.86334;0;0;0.1;0.01;0;6.52867;0;0;-1
0;962;32.7086;43.207;48.5122;8.95476;3007.81;5.38437;0;0;0.1;0.01;0;6.11867;0;0;-1
0;963;31.8855;59.3297;48.6122;9.99243;4179.28;6.0083;0;0;0.1;0.01;0;6.93252;0;0;-1
0;964;30.935;76.2529;47.6949;9.44588;3530.33;5.67967;0;0;0.1;0.01;0;4.12663;0;0;-1
0;965;45.9676;-63.7029;46.5692;8.50235;2574.57;5.11234;0;0;0.1;0.01;0;3.30871;0;0;-1
0;966;46.1771;-47.4723;47.5692;10.2055;4452.37;6.13642;0;0;0.1;0.01;0;6.42875;0;0;-1
0;967;47.6515;-31.4616;46.2936;8.5;2572.44;5.11093;0;0;0.1;0.01;0;5.04289;1;0;-1
0;968;45.2313;-13.9418;49.0283;9.26855;3335.22;5.57304;0;0;0.1;0.01;0;5.88824;0;0;-1
0;969;45.899;-0.219202;45.3747;8.5;2572.44;5.11093;0;0;0.1;0.01;0;5.34698;1;0;-1
0;970;47.7171;20.7849;46.883;10.0206;4214.73;6.02524;0;0;0.1;0.01;0;7.16761;0;0;-1
0;971;45.2997;36.6209;48.5865;9.44979;3534.72;5.68202;0;0;0.1;0.01;0;6.80069;0;0;-1
0;972;46.4701;54.7673;49.1046;9.69619;3818.49;5.83018;0;0;0.1;0.01;0;5.88183;0;0;-1
0;973;45.6622;72.0061;48.4248;9.86394;4020.13;5.93104;0;0;0.1;0.01;0;3.34239;0;0;-1
0;974;63.6996;-58.7686;46.4822;8.74716;2803.43;5.25954;0;0;0.1;0.01;0;2.38275;0;0;-1
0;975;62.0104;-42.3765;47.6497;9.36522;3440.67;5.63117;0;0;0.1;0.01;0;5.04788;0;0;-1
0;976;59.8952;-24.0704;48.5192;8.5;2572.44;5.11093;0;0;0.1;0.01;0;4.86073;1;0;-1
0;977;63.608;-8.7013;46.8157;10.1425;4370.42;6.09854;0;0;0.1;0.01;0;6.67461;0;0;-1
0;978;60.6625;8.13221;47.1508;9.86993;4027.46;5.93465;0;0;0.1;0.01;0;6.38457;0;0;-1
0;979;61.5219;26.8098;46.1112;9.90075;4065.3;5.95318;0;0;0.1;0.01;0;6.42632;0;0;-1
0;980;60.1719;43.6494;46.0395;10.1384;4365.13;6.09607;0;0;0.1;0.01;0;6.24416;0;0;-1
0;981;61.1696;61.003;46.992;9.12844;3186.24;5.4888;0;0;0.1;0.01;0;3.75974;0;0;-1
0;982;77.2927;-30.3701;48.6453;8.61289;2676.3;5.17881;0;0;0.1;0.01;0;2.62326;0;0;-1
0;983;77.1303;-17.0988;47.7316;8.5;2572.44;5.11093;0;0;0.1;0.01;0;3.16343;1;0;-1
0;984;75.5648;1.82843;46.5487;9.84126;3992.46;5.91741;0;0;0.1;0.01;0;5.04832;0;0;-1
0;985;78.6898;17.3389;48.8009;10.0526;4255.24;6.04448;0;0;0.1;0.01;0;4.18518;0;0;-1
0;986;75.2849;34.6954;45.923;10.2898;4563.62;6.18711;0;0;0.1;0.01;0;4.40668;0;0;-1
0;987;-65.6136;-30.2896;62.2617;8.57744;2643.39;5.15749;0;0;0.1;0.01;0;3.43743;0;0;-1
0;988;-66.5797;-15.4231;63.5498;8.87947;2932.58;5.3391;0;0;0.1;0.01;0;3.54098;0;0;-1
0;989;-66.6879;0.548057;61.3388;8.52153;2592.04;5.12387;0;0;0.1;0.01;0;3.48041;0;0;-1
0;990;-66.1489;19.514;63.9336;9.60852;3715.85;5.77746;0;0;0.1;0.01;0;3.35576;0;0;-1
0;991;-51.8178;-58.4816;60.4507;9.06277;3117.97;5.44931;0;0;0.1;0.01;0;2.13661;0;0;-1
0;992;-51.4178;-38.7571;63.623;10.4312;4754.35;6.27213;0;0;0.1;0.01;0;5.19843;0;0;-1
0;993;-50.747;-24.4973;63.3009;8.99047;3043.94;5.40584;0;0;0.1;0.01;0;6.41253;0;0;-1
0;994;-52.7059;-8.79293;61.3374;8.75928;2815.1;5.26683;0;0;0.1;0.01;0;4.57493;0;0;-1
0;995;-53.4874;10.3276;61.642;10.3467;4639.75;6.22132;0;0;0.1;0.01;0;5.60393;0;0;-1
0;996;-53.021;27.1245;62.1078;8.5119;2583.26;5.11808;0;0;0.1;0.01;0;4.04367;0;0;-1
0;997;-51.7524;46.5235;61.7974;9.49673;3587.66;5.71025;0;0;0.1;0.01;0;3.02873;0;0;-1
0;998;-36.3716;-47.5547;60.5195;9.31429;3384.84;5.60055;0;0;0.1;0.01;0;6.18587;0;0;-1
0;999;-36.9187;-33.1712;64.164;8.56914;2635.73;5.1525;0;0;0.1;0.01;0;5.89;0;0;-1
0;1000;-35.4725;-15.6574;62.6759;9.77893;3917.08;5.87993;0;0;0.1;0.01;0;6.61898;0;0;-1
0;1001;-36.1645;1.45474;63.9631;8.73934;2795.92;5.25484;0;0;0.1;0.01;0;4.87463;0;0;-1
0;1002;-35.0668;19.5906;62.219;8.80965;2863.94;5.29711;0;0;0.1;0.01;0;5.88844;0;0;-1
0;1003;-35.2286;37.0908;60.6613;9.96828;4149.06;5.99378;0;0;0.1;0.01;0;6.29338;0;0;-1
0;1004;-38.3051;52.2588;63.842;9.47991;3568.63;5.70013;0;0;0.1;0.01;0;3.94453;0;0;-1
0;1005;-38.3143;67.9585;60.7004;9.61487;3723.22;5.78128;0;0;0.1;0.01;0;3.1829;0;0;-1
0;1006;-21.319;-73.2331;63.7692;8.5;2572.44;5.11093;0;0;0.1;0.01;0;1.71183;1;0;-1
0;1007;-23.2949;-57.0281;62.2444;10.4;4711.82;6.25337;0;0;0.1;0.01;0;6.18572;0;0;-1
0;1008;-22.2426;-40.8631;61.3913;10.2717;4539.58;6.17622;0;0;0.1;0.01;0;8.02797;0;0;-1
0;1009;-21.3026;-22.7338;63.6598;8.53442;2603.82;5.13162;0;0;0.1;0.01;0;6.241;0;0;-1
0;1010;-21.9744;-5.56691;62.1263;10.3597;4657.26;6.22914;0;0;0.1;0.01;0;6.43728;0;0;-1
0;1011;-22.1206;10.5196;60.8528;8.5;2572.44;5.11093;0;0;0.1;0.01;0;3.63257;1;0;-1
0;1012;-23.7863;26.8088;63.5249;9.01866;3072.66;5.42279;0;0;0.1;0.01;0;4.69417;0;0;-1
0;1013;-22.4058;44.4762;62.8114;9.87176;4029.7;5.93575;0;0;0.1;0.01;0;6.77196;0;0;-1
0;1014;-21.8302;59.7044;60.1759;8.81698;2871.1;5.30152;0;0;0.1;0.01;0;5.43697;0;0;-1
0;1015;-7.87591;-67.6913;60.3521;8.52518;2595.37;5.12607;0;0;0.1;0.01;0;3.88931;0;0;-1
0;1016;-7.8707;-47.7043;63.1302;10.2311;4485.96;6.15181;0;0;0.1;0.01;0;6.7143;0;0;-1
0;1017;-5.56095;-29.8884;63.3953;9.05885;3113.92;5.44696;0;0;0.1;0.01;0;6.57527;0;0;-1
0;1018;-6.84998;-15.3338;60.9675;8.54701;2615.36;5.13919;0;0;0.1;0.01;0;6.62522;0;0;-1
0;1019;-8.78355;0.617678;60.7744;8.5;2572.44;5.11093;0;0;0.1;0.01;0;4.71204;1;0;-1
0;1020;-6.95912;20.8343;60.3898;8.92528;2978.2;5.36664;0;0;0.1;0.01;0;4.61583;0;0;-1
0;1021;-8.83159;36.0097;63.5765;9.68264;3802.51;5.82203;0;0;0.1;0.01;0;7.04966;0;0;-1
0;1022;-6.47473;52.1432;61.033;9.64341;3756.48;5.79844;0;0;0.1;0.01;0;7.58103;0;0;-1
0;1023;-7.43156;67.6731;60.8746;10.3052;4584.14;6.19637;0;0;0.1;0.01;0;4.93387;0;0;-1
0;1024;5.31861;-73.7672;61.9517;8.5;2572.44;5.11093;0;0;0.1;0.01;0;2.23831;1;0;-1
0;1025;6.87205;-57.4085;62.3012;10.176;4413.87;6.11868;0;0;0.1;0.01;0;5.8169;0;0;-1
0;1026;7.74219;-39.3515;61.0376;8.5;2572.44;5.11093;0;0;0.1;0.01;0;4.55288;1;0;-1
0;1027;6.38366;-22.6913;62.3449;9.92312;4092.92;5.96663;0;0;0.1;0.01;0;6.71205;0;0;-1
0;1028;9.17431;-6.37472;62.4711;10.2402;4497.94;6.15728;0;0;0.1;0.01;0;6.8572;0;0;-1
0;1029;8.7828;12.1984;62.2486;8.66534;2725.5;5.21034;0;0;0.1;0.01;0;4.78786;0;0;-1
0;1030;7.92048;26.3226;63.4107;8.5;2572.44;5.11093;0;0;0.1;0.01;0;5.49422;1;0;-1
0;1031;7.42597;42.0726;60.0831;10.2988;4575.6;6.19252;0;0;0.1;0.01;0;6.63377;0;0;-1
0;1032;6.64071;63.0867;63.2934;9.3194;3390.41;5.60362;0;0;0.1;0.01;0;4.62115;0;0;-1
0;1033;21.3019;-63.8666;60.9648;8.5;2572.44;5.11093;0;0;0.1;0.01;0;3.70079;1;0;-1
0;1034;23.2556;-50.2959;61.9506;8.5;2572.44;5.11093;0;0;0.1;0.01;0;4.43428;1;0;-1
0;1035;20.9396;-32.3623;61.0303;8.5;2572.44;5.11093;0;0;0.1;0.01;0;3.83336;1;0;-1
0;1036;24.2123;-12.6734;60.364;8.5;2572.44;5.11093;0;0;0.1;0.01;0;5.40634;1;0;-1
0;1037;20.6109;2.95153;61.7789;8.5;2572.44;5.11093;0;0;0.1;0.01;0;5.06234;1;0;-1
0;1038;23.0835;19.7973;63.7345;10.3275;4613.96;6.20978;0;0;0.1;0.01;0;7.34195;0;0;-1
0;1039;21.9268;37.8445;63.1494;8.70203;2760.26;5.2324;0;0;0.1;0.01;0;5.68837;0;0;-1
0;1040;21.576;53.1616;60.4214;8.5;2572.44;5.11093;0;0;0.1;0.01;0;5.29552;1;0;-1
0;1041;22.1376;69.1085;61.3877;9.0674;3122.75;5.4521;0;0;0.1;0.01;0;3.39066;0;0;-1
0;1042;34.6634;-59.7339;63.5376;8.5;2572.44;5.11093;0;0;0.1;0.01;0;2.17425;1;0;-1
0;1043;36.1559;-39.3415;62.5781;9.23923;3303.66;5.55541;0;0;0.1;0.01;0;4.5111;0;0;-1
0;1044;38.1832;-22.8145;61.8966;8.81792;2872.02;5.30209;0;0;0.1;0.01;0;4.89367;0;0;-1
0;1045;35.7947;-5.05866;62.6128;8.95321;3006.25;5.38344;0;0;0.1;0.01;0;4.801;0;0;-1
0;1046;38.2684;12.289;61.3815;9.45337;3538.74;5.68417;0;0;0.1;0.01;0;5.64677;0;0;-1
0;1047;37.9496;26.2117;60.2542;8.5;2572.44;5.11093;0;0;0.1;0.01;0;6.73201;1;0;-1
0;1048;35.5214;43.3635;63.5173;9.23679;3301.05;5.55395;0;0;0.1;0.01;0;5.62969;0;0;-1
0;1049;38.661;60.4726;63.3801;9.72555;3853.28;5.84783;0;0;0.1;0.01;0;3.94832;0;0;-1
0;1050;53.4573;-48.734;61.7462;9.52246;3616.9;5.72572;0;0;0.1;0.01;0;3.22417;0;0;-1
0;1051;50.3693;-33.3922;60.8844;8.5;2572.44;5.11093;0;0;0.1;0.01;0;4.87517;1;0;-1
0;1052;51.0275;-15.2856;62.1412;9.58171;3684.83;5.76134;0;0;0.1;0.01;0;5.69754;0;0;-1
0;1053;50.0361;0.792191;62.6918;8.5;2572.44;5.11093;0;0;0.1;0.01;0;4.12967;1;0;-1
0;1054;50.5527;20.6968;60.9293;8.5;2572.44;5.11093;0;0;0.1;0.01;0;5.72287;1;0;-1
0;1055;50.8699;34.8058;61.817;9.8158;3961.56;5.9021;0;0;0.1;0.01;0;6.01769;0;0;-1
0;1056;53.6979;53.0085;62.7364;10.1404;4367.71;6.09728;0;0;0.1;0.01;0;3.14102;0;0;-1
0;1057;67.0764;-40.8579;60.8981;10.4293;4751.76;6.27099;0;0;0.1;0.01;0;2.85278;0;0;-1
0;1058;64.4549;-21.5187;62.1452;8.5;2572.44;5.11093;0;0;0.1;0.01;0;2.95839;1;0;-1
0;1059;64.4385;-5.43842;61.8664;8.5;2572.44;5.11093;0;0;0.1;0.01;0;4.08176;1;0;-1
0;1060;66.7732;9.19847;60.657;9.7064;3830.57;5.83632;0;0;0.1;0.01;0;3.28681;0;0;-1
0;1061;65.1724;25.0306;60.1612;8.80062;2855.15;5.29169;0;0;0.1;0.01;0;2.82063;0;0;-1
0;1062;-54.423;-23.7649;75.9843;9.34551;3418.99;5.61932;0;0;0.1;0.01;0;3.60281;0;0;-1
0;1063;-56.5091;-4.7041;78.7054;8.5;2572.44;5.11093;0;0;0.1;0.01;0;1.66189;1;0;-1
0;1064;-54.9427;10.6822;76.2424;9.32397;3395.4;5.60637;0;0;0.1;0.01;0;3.90522;0;0;-1
0;1065;-56.4415;29.725;75.015;10.447;4775.99;6.28163;0;0;0.1;0.01;0;3.23493;0;0;-1
0;1066;-40.0291;-48.9652;77.026;8.5;2572.44;5.11093;0;0;0.1;0.01;0;2.24562;1;0;-1
0;1067;-42.2525;-30.7991;77.7953;8.79456;2849.25;5.28804;0;0;0.1;0.01;0;4.74821;0;0;-1
0;1068;-40.3995;-15.9274;75.0985;9.98709;4172.59;6.00509;0;0;0.1;0.01;0;6.54589;0;0;-1
0;1069;-40.4522;2.86971;77.9467;9.51488;3608.27;5.72116;0;0;0.1;0.01;0;5.73012;0;0;-1
0;1070;-41.6356;17.781;74.6421;8.54694;2615.29;5.13915;0;0;0.1;0.01;0;5.55125;0;0;-1
0;1071;-39.3207;33.6813;76.4776;9.87209;4030.1;5.93594;0;0;0.1;0.01;0;4.14451;0;0;-1
0;1072;-24.3915;-55.1626;76.9391;9.73996;3870.44;5.8565;0;0;0.1;0.01;0;3.46858;0;0;-1
0;1073;-26.2722;-40.8476;74.9503;9.02504;3079.19;5.42663;0;0;0.1;0.01;0;5.50446;0;0;-1
0;1074;-27.4714;-23.1553;76.5356;10.0637;4269.35;6.05116;0;0;0.1;0.01;0;7.01308;0;0;-1
0;1075;-27.2501;-4.5204;77.9014;9.34698;3420.6;5.6202;0;0;0.1;0.01;0;6.54882;0;0;-1
0;1076;-24.9839;12.2911;77.0427;9.04555;3100.23;5.43896;0;0;0.1;0.01;0;5.77568;0;0;-1
0;1077;-25.7889;26.5305;77.3022;9.31413;3384.66;5.60045;0;0;0.1;0.01;0;5.8987;0;0;-1
0;1078;-25.3437;43.7247;77.7664;9.28589;3353.97;5.58347;0;0;0.1;0.01;0;3.8076;0;0;-1
0;1079;-10.0681;-47.8153;76.402;8.80812;2862.45;5.29619;0;0;0.1;0.01;0;4.92285;0;0;-1
0;1080;-12.4537;-31.1424;76.4187;10.2266;4480.05;6.14911;0;0;0.1;0.01;0;7.47813;0;0;-1
0;1081;-12.8021;-16.1721;74.6163;9.40462;3484.27;5.65486;0;0;0.1;0.01;0;7.35063;0;0;-1
0;1082;-13.565;0.328313;78.4999;10.2202;4471.64;6.14526;0;0;0.1;0.01;0;6.59435;0;0;-1
0;1083;-11.4837;20.5723;78.3185;8.95194;3004.97;5.38267;0;0;0.1;0.01;0;5.81035;0;0;-1
0;1084;-10.8864;36.5074;76.7749;10.0821;4292.81;6.06222;0;0;0.1;0.01;0;7.276;0;0;-1
0;1085;-11.9895;51.596;76.3097;9.93362;4105.93;5.97294;0;0;0.1;0.01;0;4.78328;0;0;-1
0;1086;3.54277;-58.8456;76.6019;10.3992;4710.73;6.25289;0;0;0.1;0.01;0;3.37257;0;0;-1
0;1087;1.37536;-42.2296;78.4844;8.5;2572.44;5.11093;0;0;0.1;0.01;0;4.97686;1;0;-1
0;1088;4.76674;-23.2434;76.3296;10.0445;4244.96;6.03961;0;0;0.1;0.01;0;6.80795;0;0;-1
0;1089;1.30216;-7.59581;78.2472;9.92445;4094.57;5.96743;0;0;0.1;0.01;0;6.26879;0;0;-1
0;1090;3.27274;11.4205;77.6383;8.90179;2954.75;5.35252;0;0;0.1;0.01;0;4.54205;0;0;-1
0;1091;1.50531;27.3607;77.7761;9.65841;3774.03;5.80746;0;0;0.1;0.01;0;7.23906;0;0;-1
0;1092;2.54044;42.4941;76.4686;10.3015;4579.2;6.19414;0;0;0.1;0.01;0;6.33631;0;0;-1
0;1093;4.04461;61.3692;76.5696;9.70352;3827.16;5.83459;0;0;0.1;0.01;0;3.29095;0;0;-1
0;1094;16.4737;-49.597;74.9911;8.82222;2876.22;5.30467;0;0;0.1;0.01;0;3.5155;0;0;-1
0;1095;17.4673;-30.7376;77.8431;9.94785;4123.6;5.9815;0;0;0.1;0.01;0;6.04393;0;0;-1
0;1096;18.4987;-13.1246;74.6098;9.11763;3174.93;5.4823;0;0;0.1;0.01;0;6.14099;0;0;-1
0;1097;16.7218;3.34082;76.3103;8.78297;2838;5.28107;0;0;0.1;0.01;0;5.25128;0;0;-1
0;1098;18.4079;20.1265;76.7578;8.5;2572.44;5.11093;0;0;0.1;0.01;0;5.81322;1;0;-1
0;1099;18.6041;33.9788;76.0111;10.0972;4312.13;6.0713;0;0;0.1;0.01;0;7.30665;0;0;-1
0;1100;18.5682;54.4245;76.1435;9.59276;3697.6;5.76799;0;0;0.1;0.01;0;3.601;0;0;-1
0;1101;32.5499;-40.2007;76.4284;10.1849;4425.47;6.12403;0;0;0.1;0.01;0;3.81428;0;0;-1
0;1102;31.2488;-22.9468;78.5523;10.1291;4353.13;6.09048;0;0;0.1;0.01;0;5.58398;0;0;-1
0;1103;31.1794;-5.98533;77.3419;8.5572;2624.72;5.14532;0;0;0.1;0.01;0;5.2003;0;0;-1
0;1104;32.374;11.7466;76.1732;9.07028;3125.72;5.45383;0;0;0.1;0.01;0;4.46252;0;0;-1
0;1105;34.5143;28.4094;76.6469;10.3011;4578.67;6.1939;0;0;0.1;0.01;0;5.87615;0;0;-1
0;1106;30.9575;46.4971;78.1599;10.3268;4613.03;6.20935;0;0;0.1;0.01;0;4.16779;0;0;-1
0;1107;49.0836;-30.3953;78.6711;9.26179;3327.92;5.56898;0;0;0.1;0.01;0;1.69052;0;0;-1
0;1108;45.4505;-13.886;75.3077;8.5304;2600.14;5.12921;0;0;0.1;0.01;0;4.76165;0;0;-1
0;1109;47.4433;0.397786;77.9778;8.55106;2619.08;5.14163;0;0;0.1;0.01;0;3.45398;0;0;-1
0;1110;48.3195;20.037;74.9204;9.58572;3689.46;5.76375;0;0;0.1;0.01;0;3.86936;0;0;-1
0;1111;49.0124;36.2398;77.4588;8.5;2572.44;5.11093;0;0;0.1;0.01;0;2.3422;1;0;-1
0;1112;60.4379;-6.10635;78.4429;8.5;2572.44;5.11093;0;0;0.1;0.01;0;1.59459;1;0;-1
0;1113;-36.2704;-15.731;89.6376;9.8315;3980.59;5.91154;0;0;0.1;0.01;0;4.24709;0;0;-1
0;1114;-36.4149;1.56539;91.2428;8.5;2572.44;5.11093;0;0;0.1;0.01;0;3.92062;1;0;-1
0;1115;-38.4474;16.9533;89.884;10.0141;4206.53;6.02133;0;0;0.1;0.01;0;3.77161;0;0;-1
0;1116;-21.1051;-24.4718;90.0506;10.4526;4783.67;6.285;0;0;0.1;0.01;0;4.94844;0;0;-1
0;1117;-23.4135;-6.36407;93.0767;10.0382;4236.98;6.03582;0;0;0.1;0.01;0;4.54062;0;0;-1
0;1118;-22.7364;11.6918;89.7622;8.5;2572.44;5.11093;0;0;0.1;0.01;0;4.56558;1;0;-1
0;1119;-21.629;27.6356;93.3747;10.1704;4406.59;6.11531;0;0;0.1;0.01;0;3.63795;0;0;-1
0;1120;-7.47684;-31.4729;90.7934;9.99572;4183.41;6.01028;0;0;0.1;0.01;0;4.74633;0;0;-1
0;1121;-8.53225;-14.0115;89.4486;9.49792;3589.01;5.71096;0;0;0.1;0.01;0;6.43308;0;0;-1
0;1122;-6.51343;1.17936;92.6641;9.92513;4095.41;5.96784;0;0;0.1;0.01;0;5.31203;0;0;-1
0;1123;-5.81173;19.1305;93.3202;10.3778;4681.71;6.24002;0;0;0.1;0.01;0;5.37728;0;0;-1
0;1124;-7.61298;35.0413;92.3641;8.5;2572.44;5.11093;0;0;0.1;0.01;0;3.70684;1;0;-1
0;1125;5.41753;-38.569;92.1448;8.64182;2703.36;5.1962;0;0;0.1;0.01;0;2.77198;0;0;-1
0;1126;6.63437;-23.367;92.1238;9.97299;4154.94;5.99661;0;0;0.1;0.01;0;4.85912;0;0;-1
0;1127;7.32821;-5.0421;91.6117;9.76217;3896.98;5.86985;0;0;0.1;0.01;0;4.37056;0;0;-1
0;1128;6.66526;10.8075;91.2129;9.29955;3368.79;5.59168;0;0;0.1;0.01;0;4.12345;0;0;-1
0;1129;6.09408;28.7502;90.0584;9.47028;3557.76;5.69434;0;0;0.1;0.01;0;5.33322;0;0;-1
0;1130;23.7552;-31.9705;89.86;8.5;2572.44;5.11093;0;0;0.1;0.01;0;2.94956;1;0;-1
0;1131;20.7076;-13.4738;89.3569;8.96289;3016.01;5.38926;0;0;0.1;0.01;0;4.82236;0;0;-1
0;1132;22.7933;0.117705;90.1664;8.56343;2630.46;5.14907;0;0;0.1;0.01;0;3.46794;0;0;-1
0;1133;20.0099;20.8209;90.961;8.88242;2935.5;5.34087;0;0;0.1;0.01;0;3.25241;0;0;-1
0;1134;20.8909;36.7155;90.347;8.61361;2676.97;5.17924;0;0;0.1;0.01;0;2.71833;0;0;-1
0;1135;37.3235;-7.80819;89.7315;9.767;3902.76;5.87276;0;0;0.1;0.01;0;3.63712;0;0;-1
0;1136;35.4244;9.72414;91.1681;8.5238;2594.11;5.12524;0;0;0.1;0.01;0;1.96293;0;0;-1
