Time;ID;x;y;z;radius;volume_total;radius_nuclear;contact_ECM;freezer;polarized_fraction;motility;cell_line;Cell_cell;phase;Cycle;NFkB
0;0;-51.3173;-4.61252;-83.4187;8.5;2572.44;5.11093;0;0;0.1;0.01;0;2.64654;1;0;-1
0;1;-37.434;-33.3432;-84.6847;9.8791;4038.69;5.94016;0;0;0.1;0.01;0;2.6758;0;0;-1
0;2;-37.6566;-13.8257;-86.4886;8.5;2572.44;5.11093;0;0;0.1;0.01;0;2.65173;1;0;-1
0;3;-38.5091;0.472272;-85.5941;8.93259;2985.53;5.37104;0;0;0.1;0.01;0;2.49553;0;0;-1
0;4;-35.4921;20.6074;-84.336;10.0373;4235.84;6.03528;0;0;0.1;0.01;0;3.05397;0;0;-1
0;5;-21.7996;-40.632;-87.2586;9.31441;3384.97;5.60062;0;0;0.1;0.01;0;2.80821;0;0;-1
0;6;-20.5478;-22.3986;-85.9318;8.72424;2781.45;5.24576;0;0;0.1;0.01;0;4.23991;0;0;-1
0;7;-21.0314;-8.41851;-84.5143;8.68751;2746.47;5.22367;0;0;0.1;0.01;0;4.10676;0;0;-1
0;8;-20.3028;10.7155;-85.9696;8.9461;2999.09;5.37916;0;0;0.1;0.01;0;3.3953;0;0;-1
0;9;-22.2974;28.7592;-84.006;9.1147;3171.87;5.48054;0;0;0.1;0.01;0;3.81289;0;0;-1
0;10;-8.84427;-49.3338;-83.42;10.3831;4688.89;6.24321;0;0;0.1;0.01;0;3.60815;0;0;-1
0;11;-7.09849;-30.75;-87.16;9.25676;3322.5;5.56596;0;0;0.1;0.01;0;4.75368;0;0;-1
0;12;-6.80748;-16.6188;-86.2512;8.92614;2979.06;5.36716;0;0;0.1;0.01;0;5.07806;0;0;-1
0;13;-6.59211;0.140207;-85.5119;10.1914;4433.94;6.12794;0;0;0.1;0.01;0;5.0212;0;0;-1
0;14;-7.56693;20.0339;-83.761;10.1998;4444.92;6.13299;0;0;0.1;0.01;0;5.00769;0;0;-1
0;15;-7.67441;38.2922;-83.9333;9.71243;3837.71;5.83994;0;0;0.1;0.01;0;3.32159;0;0;-1
0;16;7.44629;-40.8702;-85.9528;10.0896;4302.4;6.06673;0;0;0.1;0.01;0;4.84753;0;0;-1
0;17;6.40414;-24.2364;-83.486;10.0954;4309.82;6.07022;0;0;0.1;0.01;0;6.03856;0;0;-1
0;18;8.72469;-6.01833;-85.8348;8.76963;2825.09;5.27305;0;0;0.1;0.01;0;3.89296;0;0;-1
0;19;6.47869;10.9367;-86.7542;8.73724;2793.9;5.25358;0;0;0.1;0.01;0;2.66797;0;0;-1
0;20;7.75511;27.7541;-87.3917;8.84193;2895.54;5.31652;0;0;0.1;0.01;0;3.18343;0;0;-1
0;21;8.87854;45.3821;-83.5785;10.2972;4573.47;6.19156;0;0;0.1;0.01;0;3.80144;0;0;-1
0;22;20.2422;-49.1571;-84.4944;9.44966;3534.57;5.68194;0;0;0.1;0.01;0;3.23355;0;0;-1
0;23;23.3366;-34.0364;-86.6634;10.0918;4305.21;6.06805;0;0;0.1;0.01;0;5.12311;0;0;-1
0;24;20.6099;-15.7292;-84.9663;8.5;2572.44;5.11093;0;0;0.1;0.01;0;3.28131;1;0;-1
0;25;22.4795;3.4548;-86.8621;8.58914;2654.22;5.16453;0;0;0.1;0.01;0;3.59122;0;0;-1
0;26;23.6308;20.3906;-84.4839;8.88816;2941.2;5.34432;0;0;0.1;0.01;0;4.47775;0;0;-1
0;27;23.5476;37.7423;-84.8627;9.8457;3997.87;5.92008;0;0;0.1;0.01;0;3.69289;0;0;-1
0;28;36.3543;-40.1925;-83.647;9.99562;4183.29;6.01022;0;0;0.1;0.01;0;3.76872;0;0;-1
0;29;35.4685;-25.5481;-86.1245;8.5;2572.44;5.11093;0;0;0.1;0.01;0;3.01684;1;0;-1
0;30;37.2096;-5.59877;-85.3008;10.2046;4451.19;6.13588;0;0;0.1;0.01;0;2.52851;0;0;-1
0;31;36.5597;10.8588;-83.9715;10.2277;4481.49;6.14977;0;0;0.1;0.01;0;3.93878;0;0;-1
0;32;37.5877;26.9793;-83.9284;10.0868;4298.82;6.06505;0;0;0.1;0.01;0;4.35727;0;0;-1
0;33;-70.5247;-14.7657;-69.3726;9.3986;3477.59;5.65124;0;0;0.1;0.01;0;2.28039;0;0;-1
0;34;-57.8104;-39.4504;-71.3443;9.97762;4160.73;5.9994;0;0;0.1;0.01;0;3.10507;0;0;-1
0;35;-56.6664;-25.1898;-72.487;9.30194;3371.39;5.59312;0;0;0.1;0.01;0;3.9971;0;0;-1
0;36;-54.7616;-8.89833;-70.8544;8.5;2572.44;5.11093;0;0;0.1;0.01;0;4.50408;1;0;-1
0;37;-56.2936;9.85465;-69.7945;10.3383;4628.45;6.21627;0;0;0.1;0.01;0;3.50723;0;0;-1
0;38;-57.7867;28.476;-71.5046;8.5;2572.44;5.11093;0;0;0.1;0.01;0;2.15637;1;0;-1
0;39;-54.6534;46.9061;-68.5795;9.52835;3623.61;5.72926;0;0;0.1;0.01;0;3.23978;0;0;-1
0;40;-41.5496;-51.3115;-72.6721;9.08313;3139.03;5.46155;0;0;0.1;0.01;0;2.11395;0;0;-1
0;41;-41.3992;-30.4507;-70.986;9.44447;3528.75;5.67882;0;0;0.1;0.01;0;5.73803;0;0;-1
0;42;-42.2312;-16.6255;-69.6695;10.4347;4759.14;6.27423;0;0;0.1;0.01;0;6.85695;0;0;-1
0;43;-39.4141;1.73316;-69.0982;8.5;2572.44;5.11093;0;0;0.1;0.01;0;4.22189;1;0;-1
0;44;-42.3762;16.7516;-69.0654;8.5;2572.44;5.11093;0;0;0.1;0.01;0;4.68368;1;0;-1
0;45;-42.4218;34.2503;-69.8626;9.48534;3574.76;5.7034;0;0;0.1;0.01;0;5.21244;0;0;-1
0;46;-41.2107;53.4631;-69.4143;8.5;2572.44;5.11093;0;0;0.1;0.01;0;3.80435;1;0;-1
0;47;-26.5795;-57.1943;-70.3553;8.69547;2754.02;5.22846;0;0;0.1;0.01;0;4.02723;0;0;-1
0;48;-28.5584;-42.5913;-68.4948;10.4235;4743.83;6.2675;0;0;0.1;0.01;0;6.38836;0;0;-1
0;49;-26.2519;-24.7463;-70.681;8.78999;2844.81;5.28529;0;0;0.1;0.01;0;5.8133;0;0;-1
0;50;-24.7308;-8.81515;-71.8642;8.5;2572.44;5.11093;0;0;0.1;0.01;0;4.47479;1;0;-1
0;51;-26.8785;11.1073;-69.6492;9.33999;3412.93;5.616;0;0;0.1;0.01;0;5.35129;0;0;-1
0;52;-26.0023;26.9259;-69.2378;10.0291;4225.46;6.03035;0;0;0.1;0.01;0;6.56944;0;0;-1
0;53;-27.6161;43.7319;-70.6725;9.33376;3406.11;5.61225;0;0;0.1;0.01;0;4.60016;0;0;-1
0;54;-27.1655;62.1942;-69.8062;9.79464;3935.99;5.88937;0;0;0.1;0.01;0;3.73928;0;0;-1
0;55;-13.5697;-63.8505;-69.0184;9.87774;4037.02;5.93934;0;0;0.1;0.01;0;4.04145;0;0;-1
0;56;-13.8252;-48.1401;-68.3368;8.5;2572.44;5.11093;0;0;0.1;0.01;0;5.72124;1;0;-1
0;57;-11.3461;-31.1845;-72.613;8.91585;2968.77;5.36097;0;0;0.1;0.01;0;5.09828;0;0;-1
0;58;-12.6955;-15.0481;-70.9686;9.29638;3365.35;5.58978;0;0;0.1;0.01;0;6.58877;0;0;-1
0;59;-9.9509;1.96402;-71.7746;9.45092;3535.99;5.6827;0;0;0.1;0.01;0;5.80947;0;0;-1
0;60;-11.6486;16.5852;-70.1507;8.82064;2874.68;5.30372;0;0;0.1;0.01;0;5.3472;0;0;-1
0;61;-11.8791;36.6277;-70.9308;9.09843;3154.92;5.47075;0;0;0.1;0.01;0;4.65044;0;0;-1
0;62;-10.7469;55.0849;-70.361;9.75011;3882.55;5.8626;0;0;0.1;0.01;0;3.31245;0;0;-1
0;63;2.18019;-56.2443;-69.0673;9.01971;3073.73;5.42342;0;0;0.1;0.01;0;4.73708;0;0;-1
0;64;3.94355;-40.1494;-72.0492;8.76763;2823.16;5.27185;0;0;0.1;0.01;0;5.19947;0;0;-1
0;65;2.71618;-22.8987;-68.5043;10.2393;4496.76;6.15674;0;0;0.1;0.01;0;7.07122;0;0;-1
0;66;4.34079;-7.97722;-72.0177;9.90275;4067.77;5.95438;0;0;0.1;0.01;0;6.59657;0;0;-1
0;67;2.34866;10.1703;-69.2187;8.5;2572.44;5.11093;0;0;0.1;0.01;0;4.96853;1;0;-1
0;68;4.40266;26.7864;-69.6898;8.5;2572.44;5.11093;0;0;0.1;0.01;0;4.49162;1;0;-1
0;69;4.43589;45.7963;-70.5438;9.40266;3482.1;5.65368;0;0;0.1;0.01;0;6.07201;0;0;-1
0;70;3.50694;63.7157;-70.1478;9.87208;4030.09;5.93594;0;0;0.1;0.01;0;3.4542;0;0;-1
0;71;16.3296;-66.2687;-69.8997;9.33398;3406.35;5.61239;0;0;0.1;0.01;0;2.89166;0;0;-1
0;72;15.9644;-47.1677;-70.9227;8.71329;2770.99;5.23917;0;0;0.1;0.01;0;4.75337;0;0;-1
0;73;19.2585;-30.2045;-70.8791;10.2304;4485.04;6.15139;0;0;0.1;0.01;0;6.89092;0;0;-1
0;74;16.4033;-14.0923;-69.2272;8.5;2572.44;5.11093;0;0;0.1;0.01;0;6.69886;1;0;-1
0;75;16.9952;1.22032;-71.3273;9.24351;3308.26;5.55799;0;0;0.1;0.01;0;5.44195;0;0;-1
0;76;16.0034;18.2073;-69.208;8.72477;2781.96;5.24608;0;0;0.1;0.01;0;4.98794;0;0;-1
0;77;17.3078;35.4421;-70.6342;9.03495;3089.34;5.43258;0;0;0.1;0.01;0;5.48824;0;0;-1
0;78;19.455;55.0764;-70.2817;10.194;4437.34;6.1295;0;0;0.1;0.01;0;4.06579;0;0;-1
0;79;31.0816;-57.7944;-69.4657;8.5;2572.44;5.11093;0;0;0.1;0.01;0;3.36099;1;0;-1
0;80;31.7648;-38.5257;-68.426;9.87873;4038.24;5.93994;0;0;0.1;0.01;0;6.27534;0;0;-1
0;81;32.0204;-21.8296;-69.6512;8.5;2572.44;5.11093;0;0;0.1;0.01;0;4.93439;1;0;-1
0;82;33.3356;-6.34135;-68.8056;9.53103;3626.67;5.73087;0;0;0.1;0.01;0;5.56987;0;0;-1
0;83;30.5737;12.4387;-71.3026;9.73152;3860.39;5.85142;0;0;0.1;0.01;0;6.45294;0;0;-1
0;84;33.6252;28.6025;-68.5214;10.0382;4236.98;6.03582;0;0;0.1;0.01;0;6.88724;0;0;-1
0;85;34.0102;43.7442;-71.9719;8.5;2572.44;5.11093;0;0;0.1;0.01;0;4.23533;1;0;-1
0;86;46.3628;-51.2941;-68.9074;9.61922;3728.28;5.7839;0;0;0.1;0.01;0;2.75967;0;0;-1
0;87;45.9801;-30.4826;-71.9429;9.01313;3067.01;5.41946;0;0;0.1;0.01;0;4.33579;0;0;-1
0;88;47.5551;-13.4219;-71.9967;9.9526;4129.51;5.98435;0;0;0.1;0.01;0;4.86691;0;0;-1
0;89;45.3285;1.65133;-69.0565;8.5;2572.44;5.11093;0;0;0.1;0.01;0;5.76302;1;0;-1
0;90;47.3078;17.1264;-68.954;10.3912;4699.87;6.24808;0;0;0.1;0.01;0;6.38295;0;0;-1
0;91;48.969;36.8831;-71.9506;10.2103;4458.66;6.13931;0;0;0.1;0.01;0;3.53554;0;0;-1
0;92;46.7056;54.1071;-69.0056;8.5;2572.44;5.11093;0;0;0.1;0.01;0;2.53714;1;0;-1
0;93;60.0244;-25.6674;-72.0475;10.0688;4275.84;6.05422;0;0;0.1;0.01;0;2.75244;0;0;-1
0;94;62.5622;-5.60989;-71.9215;8.73835;2794.97;5.25424;0;0;0.1;0.01;0;2.335;0;0;-1
0;95;61.328;9.87204;-68.8428;9.81409;3959.49;5.90107;0;0;0.1;0.01;0;3.63396;0;0;-1
0;96;-80.3942;-8.31259;-55.4064;9.69228;3813.88;5.82783;0;0;0.1;0.01;0;2.96303;0;0;-1
0;97;-80.1234;12.4642;-54.3365;8.7296;2786.58;5.24898;0;0;0.1;0.01;0;2.61329;0;0;-1
0;98;-65.7597;-48.4232;-54.2767;10.1245;4347.2;6.08771;0;0;0.1;0.01;0;4.67916;0;0;-1
0;99;-67.6992;-33.8759;-55.4084;8.95215;3005.18;5.3828;0;0;0.1;0.01;0;3.30505;0;0;-1
0;100;-65.5554;-12.6513;-56.3775;8.50736;2579.13;5.11535;0;0;0.1;0.01;0;4.00111;0;0;-1
0;101;-64.6;1.73547;-53.9658;9.72048;3847.26;5.84478;0;0;0.1;0.01;0;5.33403;0;0;-1
0;102;-68.013;19.6461;-57.7798;8.68328;2742.46;5.22113;0;0;0.1;0.01;0;3.53505;0;0;-1
0;103;-66.4459;35.4378;-55.5474;8.5;2572.44;5.11093;0;0;0.1;0.01;0;3.49107;1;0;-1
0;104;-52.2508;-59.3444;-54.8752;9.7421;3872.99;5.85778;0;0;0.1;0.01;0;4.06034;0;0;-1
0;105;-52.9109;-42.368;-57.5529;8.54632;2614.73;5.13878;0;0;0.1;0.01;0;4.5937;0;0;-1
0;106;-51.3187;-24.6926;-57.8002;8.5;2572.44;5.11093;0;0;0.1;0.01;0;4.57023;1;0;-1
0;107;-49.8607;-4.79247;-57.1223;9.83619;3986.29;5.91436;0;0;0.1;0.01;0;6.42187;0;0;-1
0;108;-51.7491;12.0408;-54.3865;9.7551;3888.52;5.8656;0;0;0.1;0.01;0;7.06036;0;0;-1
0;109;-51.0309;27.8551;-57.8096;10.3779;4681.85;6.24008;0;0;0.1;0.01;0;6.92767;0;0;-1
0;110;-52.1445;44.8073;-54.0093;9.75705;3890.85;5.86677;0;0;0.1;0.01;0;6.19696;0;0;-1
0;111;-50.5756;59.733;-54.4381;10.0947;4308.92;6.0698;0;0;0.1;0.01;0;5.15067;0;0;-1
0;112;-38.6603;-66.581;-56.3494;9.78686;3926.62;5.8847;0;0;0.1;0.01;0;4.10187;0;0;-1
0;113;-38.3706;-51.0441;-54.5709;9.22818;3291.83;5.54877;0;0;0.1;0.01;0;5.19287;0;0;-1
0;114;-36.5531;-31.2284;-56.2454;9.62245;3732.03;5.78584;0;0;0.1;0.01;0;6.18204;0;0;-1
0;115;-36.5241;-14.8548;-55.7949;10.2702;4537.59;6.17532;0;0;0.1;0.01;0;6.8166;0;0;-1
0;116;-37.7516;2.43707;-54.3745;8.98033;3033.65;5.39974;0;0;0.1;0.01;0;5.52313;0;0;-1
0;117;-36.0793;20.9951;-57.0185;10.2728;4541.04;6.17689;0;0;0.1;0.01;0;7.54137;0;0;-1
0;118;-35.2019;36.6511;-55.0629;8.75833;2814.18;5.26626;0;0;0.1;0.01;0;6.65477;0;0;-1
0;119;-36.9969;51.2787;-56.5072;10.0445;4244.96;6.03961;0;0;0.1;0.01;0;6.94543;0;0;-1
0;120;-35.929;70.3122;-57.9299;10.4064;4720.52;6.25722;0;0;0.1;0.01;0;4.27351;0;0;-1
0;121;-23.9304;-76.0245;-57.3289;9.56038;3660.28;5.74852;0;0;0.1;0.01;0;3.14436;0;0;-1
0;122;-21.8296;-56.2129;-56.4066;9.42137;3502.92;5.66493;0;0;0.1;0.01;0;6.51211;0;0;-1
0;123;-21.0904;-40.4643;-54.8469;10.0066;4197.09;6.01682;0;0;0.1;0.01;0;6.98312;0;0;-1
0;124;-23.6211;-22.5403;-56.7417;9.91108;4078.04;5.95939;0;0;0.1;0.01;0;6.87608;0;0;-1
0;125;-21.5835;-7.15195;-56.3424;8.98657;3039.98;5.40349;0;0;0.1;0.01;0;5.62931;0;0;-1
0;126;-22.4095;9.00063;-55.9823;9.44496;3529.3;5.67912;0;0;0.1;0.01;0;4.80063;0;0;-1
0;127;-21.3992;25.5956;-55.59;8.61865;2681.68;5.18227;0;0;0.1;0.01;0;5.26633;0;0;-1
0;128;-21.7823;42.3064;-56.7033;8.5;2572.44;5.11093;0;0;0.1;0.01;0;5.12153;1;0;-1
0;129;-22.1148;63.2058;-54.4643;10.3642;4663.33;6.23184;0;0;0.1;0.01;0;7.13555;0;0;-1
0;130;-22.0275;77.9766;-57.0142;9.14647;3205.16;5.49964;0;0;0.1;0.01;0;3.52584;0;0;-1
0;131;-9.28112;-80.7869;-56.0079;8.5;2572.44;5.11093;0;0;0.1;0.01;0;2.46985;1;0;-1
0;132;-5.76986;-65.6708;-55.7543;9.0412;3095.76;5.43634;0;0;0.1;0.01;0;4.74625;0;0;-1
0;133;-6.23225;-47.1153;-55.1221;9.62786;3738.33;5.78909;0;0;0.1;0.01;0;5.8817;0;0;-1
0;134;-8.77196;-29.9189;-54.611;9.80216;3945.06;5.8939;0;0;0.1;0.01;0;5.57517;0;0;-1
0;135;-8.94546;-14.1413;-55.4232;8.61231;2675.76;5.17846;0;0;0.1;0.01;0;5.84043;0;0;-1
0;136;-7.06562;0.36931;-56.7222;8.5;2572.44;5.11093;0;0;0.1;0.01;0;5.33932;1;0;-1
0;137;-5.92461;20.9933;-55.1479;10.3787;4682.93;6.24056;0;0;0.1;0.01;0;6.33308;0;0;-1
0;138;-8.23691;36.9513;-55.4907;10.3709;4672.38;6.23587;0;0;0.1;0.01;0;6.4119;0;0;-1
0;139;-5.82941;54.9384;-55.1091;10.4463;4775.03;6.28121;0;0;0.1;0.01;0;6.1828;0;0;-1
0;140;-8.71724;70.3275;-55.1364;8.9171;2970.02;5.36172;0;0;0.1;0.01;0;3.30073;0;0;-1
0;141;8.98558;-74.3208;-56.8994;8.95921;3012.3;5.38704;0;0;0.1;0.01;0;3.46929;0;0;-1
0;142;6.8634;-58.0816;-56.2109;9.9375;4110.74;5.97527;0;0;0.1;0.01;0;6.12597;0;0;-1
0;143;7.34518;-41.7021;-54.9332;8.5;2572.44;5.11093;0;0;0.1;0.01;0;4.38078;1;0;-1
0;144;9.40226;-22.7174;-56.6028;9.348;3421.72;5.62082;0;0;0.1;0.01;0;6.49602;0;0;-1
0;145;6.03348;-8.01604;-56.8623;9.37777;3454.52;5.63872;0;0;0.1;0.01;0;6.47501;0;0;-1
0;146;5.61057;9.72034;-55.2397;8.95394;3006.98;5.38387;0;0;0.1;0.01;0;4.28023;0;0;-1
0;147;8.4449;27.7501;-53.9521;10.1128;4332.14;6.08068;0;0;0.1;0.01;0;6.67608;0;0;-1
0;148;8.53466;44.9746;-55.9724;10.2821;4553.38;6.18248;0;0;0.1;0.01;0;7.63866;0;0;-1
0;149;8.84331;59.8446;-57.7135;8.76315;2818.83;5.26915;0;0;0.1;0.01;0;5.80977;0;0;-1
0;150;8.56904;79.8471;-54.3408;9.33081;3402.88;5.61048;0;0;0.1;0.01;0;2.80707;0;0;-1
0;151;22.2805;-64.262;-56.6567;9.79249;3933.4;5.88808;0;0;0.1;0.01;0;4.96833;0;0;-1
0;152;24.18;-49.9836;-53.7223;8.97699;3030.27;5.39773;0;0;0.1;0.01;0;5.40083;0;0;-1
0;153;20.2906;-32.6126;-55.2885;9.10775;3164.62;5.47636;0;0;0.1;0.01;0;5.15407;0;0;-1
0;154;20.5199;-12.7122;-57.3691;9.31056;3380.77;5.5983;0;0;0.1;0.01;0;6.00957;0;0;-1
0;155;23.6288;1.42156;-56.4422;9.29185;3360.43;5.58705;0;0;0.1;0.01;0;5.67996;0;0;-1
0;156;23.7531;20.6585;-55.7413;10.1452;4373.92;6.10016;0;0;0.1;0.01;0;6.42658;0;0;-1
0;157;22.6865;38.2408;-56.2076;10.0929;4306.62;6.06871;0;0;0.1;0.01;0;7.04077;0;0;-1
0;158;22.9264;54.3759;-53.9779;10.4336;4757.64;6.27357;0;0;0.1;0.01;0;7.09881;0;0;-1
0;159;22.0543;70.5652;-57.6925;9.08793;3144.01;5.46444;0;0;0.1;0.01;0;2.47121;0;0;-1
0;160;38.5706;-56.0277;-56.4252;9.06067;3115.8;5.44805;0;0;0.1;0.01;0;4.55399;0;0;-1
0;161;34.9363;-38.3587;-54.7234;8.60039;2664.67;5.17129;0;0;0.1;0.01;0;5.32419;0;0;-1
0;162;38.5266;-25.1016;-56.456;9.04343;3098.05;5.43768;0;0;0.1;0.01;0;5.60585;0;0;-1
0;163;37.2117;-5.69093;-54.8325;8.57831;2644.2;5.15801;0;0;0.1;0.01;0;5.96792;0;0;-1
0;164;38.4575;8.33383;-55.4116;9.23354;3297.56;5.55199;0;0;0.1;0.01;0;6.96388;0;0;-1
0;165;38.8665;25.4341;-54.605;9.85015;4003.29;5.92275;0;0;0.1;0.01;0;6.3263;0;0;-1
0;166;36.7809;46.147;-56.6498;9.17439;3234.6;5.51643;0;0;0.1;0.01;0;5.85484;0;0;-1
0;167;36.3637;60.7305;-54.1219;8.5;2572.44;5.11093;0;0;0.1;0.01;0;4.53864;1;0;-1
0;168;52.8867;-50.9573;-56.0565;8.97539;3028.65;5.39677;0;0;0.1;0.01;0;3.2879;0;0;-1
0;169;52.0673;-31.0894;-54.1332;9.95776;4135.93;5.98746;0;0;0.1;0.01;0;5.73185;0;0;-1
0;170;52.9073;-15.0613;-54.3811;8.5;2572.44;5.11093;0;0;0.1;0.01;0;5.22943;1;0;-1
0;171;52.2511;0.0386264;-54.3865;9.99184;4178.54;6.00795;0;0;0.1;0.01;0;7.51527;0;0;-1
0;172;51.192;18.0904;-56.0389;9.0008;3054.44;5.41205;0;0;0.1;0.01;0;6.79049;0;0;-1
0;173;52.9414;34.0751;-55.7674;9.24176;3306.38;5.55694;0;0;0.1;0.01;0;5.31079;0;0;-1
0;174;52.6979;55.26;-56.5029;10.1122;4331.37;6.08032;0;0;0.1;0.01;0;4.26903;0;0;-1
0;175;64.6169;-40.8711;-56.6766;9.03274;3087.07;5.43126;0;0;0.1;0.01;0;2.99526;0;0;-1
0;176;67.2822;-25.0828;-56.1108;9.38578;3463.38;5.64353;0;0;0.1;0.01;0;4.42078;0;0;-1
0;177;67.7732;-4.50053;-55.1286;8.5;2572.44;5.11093;0;0;0.1;0.01;0;5.13866;1;0;-1
0;178;65.8319;11.9967;-53.8072;9.54477;3642.38;5.73913;0;0;0.1;0.01;0;5.8742;0;0;-1
0;179;66.0124;26.6416;-55.2747;8.5;2572.44;5.11093;0;0;0.1;0.01;0;3.89062;1;0;-1
0;180;64.7689;46.0639;-54.32;9.81335;3958.59;5.90062;0;0;0.1;0.01;0;3.39754;0;0;-1
0;181;79.7162;-16.8506;-56.7542;10.1836;4423.77;6.12325;0;0;0.1;0.01;0;2.82808;0;0;-1
0;182;82.2215;1.12179;-54.4685;8.92226;2975.18;5.36483;0;0;0.1;0.01;0;2.82707;0;0;-1
0;183;-87.5144;-21.6586;-40.626;9.37018;3446.14;5.63415;0;0;0.1;0.01;0;3.14596;0;0;-1
0;184;-84.1167;-8.17236;-40.124;10.0307;4227.49;6.03131;0;0;0.1;0.01;0;5.21981;0;0;-1
0;185;-86.3103;12.3526;-39.6278;9.63572;3747.5;5.79382;0;0;0.1;0.01;0;4.43987;0;0;-1
0;186;-86.6559;29.3353;-39.2275;9.84885;4001.71;5.92197;0;0;0.1;0.01;0;3.00501;0;0;-1
0;187;-70.1794;-48.038;-39.6383;8.5;2572.44;5.11093;0;0;0.1;0.01;0;4.05806;1;0;-1
0;188;-72.121;-33.9488;-41.5634;10.2288;4482.94;6.15043;0;0;0.1;0.01;0;5.02623;0;0;-1
0;189;-71.5886;-14.5674;-41.6307;8.5;2572.44;5.11093;0;0;0.1;0.01;0;5.38646;1;0;-1
0;190;-72.6799;3.61669;-40.9317;10.2704;4537.86;6.17544;0;0;0.1;0.01;0;7.38564;0;0;-1
0;191;-70.5086;19.0716;-42.065;9.73679;3866.66;5.85459;0;0;0.1;0.01;0;6.24203;0;0;-1
0;192;-69.9871;37.079;-42.915;9.92192;4091.44;5.96591;0;0;0.1;0.01;0;5.68414;0;0;-1
0;193;-72.6574;51.3907;-41.1014;9.59208;3696.81;5.76758;0;0;0.1;0.01;0;3.0943;0;0;-1
0;194;-56.9528;-59.2028;-39.9327;10.3288;4615.71;6.21056;0;0;0.1;0.01;0;5.24934;0;0;-1
0;195;-56.7258;-39.456;-41.8704;9.50868;3601.22;5.71743;0;0;0.1;0.01;0;6.64298;0;0;-1
0;196;-54.1647;-24.6441;-40.9088;9.31218;3382.54;5.59928;0;0;0.1;0.01;0;5.42265;0;0;-1
0;197;-57.4641;-7.32736;-42.0189;10.0834;4294.47;6.063;0;0;0.1;0.01;0;6.99059;0;0;-1
0;198;-55.0635;9.53936;-39.8488;10.2811;4552.05;6.18188;0;0;0.1;0.01;0;6.71458;0;0;-1
0;199;-55.541;25.8728;-41.5486;9.89022;4052.35;5.94685;0;0;0.1;0.01;0;6.11459;0;0;-1
0;200;-56.9728;42.6527;-40.1066;9.6706;3788.34;5.81479;0;0;0.1;0.01;0;6.52641;0;0;-1
0;201;-54.2524;60.4476;-39.5914;9.62047;3729.73;5.78465;0;0;0.1;0.01;0;5.24068;0;0;-1
0;202;-40.5152;-80.6219;-40.9842;8.5;2572.44;5.11093;0;0;0.1;0.01;0;2.97154;1;0;-1
0;203;-41.6831;-65.9008;-39.2303;9.46189;3548.32;5.6893;0;0;0.1;0.01;0;6.38092;0;0;-1
0;204;-43.0528;-47.5204;-41.7195;8.5;2572.44;5.11093;0;0;0.1;0.01;0;4.90192;1;0;-1
0;205;-42.5752;-31.6895;-42.2036;8.64528;2706.61;5.19828;0;0;0.1;0.01;0;5.09639;0;0;-1
0;206;-40.251;-13.4522;-40.65;9.60474;3711.47;5.77519;0;0;0.1;0.01;0;6.10412;0;0;-1
0;207;-42.0114;1.94972;-39.993;9.25091;3316.21;5.56244;0;0;0.1;0.01;0;6.47469;0;0;-1
0;208;-41.7811;19.6598;-42.4199;8.59492;2659.59;5.168;0;0;0.1;0.01;0;5.91418;0;0;-1
0;209;-41.4523;34.4573;-41.4099;8.78789;2842.77;5.28403;0;0;0.1;0.01;0;5.64259;0;0;-1
0;210;-40.2703;53.614;-41.2206;9.53739;3633.94;5.73469;0;0;0.1;0.01;0;7.07206;0;0;-1
0;211;-40.8053;68.4791;-42.1376;10.3601;4657.8;6.22938;0;0;0.1;0.01;0;6.08088;0;0;-1
0;212;-27.6587;-72.9666;-42.8723;9.39388;3472.35;5.6484;0;0;0.1;0.01;0;6.10806;0;0;-1
0;213;-28.1438;-57.7312;-40.4602;10.4418;4768.86;6.2785;0;0;0.1;0.01;0;7.09374;0;0;-1
0;214;-25.2995;-38.5073;-42.3717;9.23225;3296.18;5.55122;0;0;0.1;0.01;0;5.32906;0;0;-1
0;215;-25.0113;-22.3783;-39.8146;9.9908;4177.24;6.00732;0;0;0.1;0.01;0;6.38932;0;0;-1
0;216;-24.746;-5.17829;-40.652;8.87426;2927.42;5.33596;0;0;0.1;0.01;0;5.61362;0;0;-1
0;217;-25.4534;9.75789;-41.0434;8.5;2572.44;5.11093;0;0;0.1;0.01;0;4.04196;1;0;-1
0;218;-28.1766;27.0193;-42.017;9.3773;3454;5.63843;0;0;0.1;0.01;0;5.48991;0;0;-1
0;219;-27.2164;44.124;-42.0978;9.59228;3697.04;5.7677;0;0;0.1;0.01;0;6.10565;0;0;-1
0;220;-27.5568;60.5352;-40.7626;9.41372;3494.4;5.66033;0;0;0.1;0.01;0;7.06618;0;0;-1
0;221;-25.0145;77.1728;-42.0814;9.57316;3674.98;5.7562;0;0;0.1;0.01;0;5.24447;0;0;-1
0;222;-12.9901;-83.1441;-42.1714;8.61093;2674.48;5.17763;0;0;0.1;0.01;0;4.03728;0;0;-1
0;223;-12.9508;-67.6057;-39.7411;10.0617;4266.8;6.04995;0;0;0.1;0.01;0;6.69557;0;0;-1
0;224;-12.3974;-49.377;-41.8356;9.18212;3242.78;5.52108;0;0;0.1;0.01;0;5.31935;0;0;-1
0;225;-9.78569;-33.3293;-39.8333;9.50911;3601.71;5.71769;0;0;0.1;0.01;0;6.1177;0;0;-1
0;226;-13.0696;-15.5095;-40.7591;8.69144;2750.2;5.22604;0;0;0.1;0.01;0;6.37235;0;0;-1
0;227;-11.0657;0.259098;-41.4484;8.66025;2720.7;5.20728;0;0;0.1;0.01;0;5.45257;0;0;-1
0;228;-12.5358;20.0308;-39.343;9.95302;4130.03;5.98461;0;0;0.1;0.01;0;6.16081;0;0;-1
0;229;-9.95975;34.3131;-39.7645;8.5;2572.44;5.11093;0;0;0.1;0.01;0;6.08815;1;0;-1
0;230;-11.5607;52.9638;-39.3543;10.1789;4417.65;6.12042;0;0;0.1;0.01;0;6.47126;0;0;-1
0;231;-11.0981;70.7612;-40.04;9.43087;3513.53;5.67065;0;0;0.1;0.01;0;5.57518;0;0;-1
0;232;-9.78806;87.103;-39.9626;8.5;2572.44;5.11093;0;0;0.1;0.01;0;2.38686;1;0;-1
0;233;2.81856;-89.543;-42.0506;9.11671;3173.97;5.48175;0;0;0.1;0.01;0;2.88254;0;0;-1
0;234;4.6762;-74.9302;-41.1668;8.55271;2620.59;5.14262;0;0;0.1;0.01;0;5.17648;0;0;-1
0;235;2.01324;-59.7582;-39.3801;9.47364;3561.55;5.69636;0;0;0.1;0.01;0;5.41816;0;0;-1
0;236;3.62925;-40.7661;-39.8074;8.5;2572.44;5.11093;0;0;0.1;0.01;0;4.8504;1;0;-1
0;237;4.67399;-25.2818;-39.5138;9.5216;3615.92;5.7252;0;0;0.1;0.01;0;6.13896;0;0;-1
0;238;1.23433;-8.07964;-42.4304;10.2613;4525.8;6.16997;0;0;0.1;0.01;0;6.26714;0;0;-1
0;239;3.21708;10.4438;-41.0097;8.61838;2681.42;5.18211;0;0;0.1;0.01;0;4.36987;0;0;-1
0;240;4.07405;27.1866;-39.4738;8.90471;2957.66;5.35427;0;0;0.1;0.01;0;6.72756;0;0;-1
0;241;1.22679;43.0278;-40.2757;10.0973;4312.25;6.07136;0;0;0.1;0.01;0;7.97714;0;0;-1
0;242;1.52128;60.6204;-40.9702;8.5;2572.44;5.11093;0;0;0.1;0.01;0;5.3616;1;0;-1
0;243;3.95898;76.382;-41.0723;9.14274;3201.24;5.4974;0;0;0.1;0.01;0;5.26535;0;0;-1
0;244;17.6698;-82.3255;-42.096;8.5;2572.44;5.11093;0;0;0.1;0.01;0;3.29376;1;0;-1
0;245;18.2154;-65.4521;-39.2882;10.2625;4527.39;6.17069;0;0;0.1;0.01;0;5.88432;0;0;-1
0;246;17.9191;-46.4595;-40.8017;8.89095;2943.97;5.346;0;0;0.1;0.01;0;5.26673;0;0;-1
0;247;17.8329;-31.762;-41.1571;8.5;2572.44;5.11093;0;0;0.1;0.01;0;5.83792;1;0;-1
0;248;19.0959;-15.4958;-41.7742;9.48375;3572.97;5.70244;0;0;0.1;0.01;0;5.92388;0;0;-1
0;249;19.7504;1.94022;-42.154;9.10927;3166.21;5.47727;0;0;0.1;0.01;0;4.69341;0;0;-1
0;250;17.6634;17.7299;-40.5187;9.27102;3337.88;5.57453;0;0;0.1;0.01;0;5.59875;0;0;-1
0;251;19.0287;36.7158;-42.8372;9.9124;4079.67;5.96018;0;0;0.1;0.01;0;7.63399;0;0;-1
0;252;16.7948;52.0138;-39.6925;10.0976;4312.64;6.07154;0;0;0.1;0.01;0;7.44212;0;0;-1
0;253;18.7632;68.4678;-41.1971;10.3155;4597.9;6.20256;0;0;0.1;0.01;0;5.9417;0;0;-1
0;254;16.4121;87.4189;-41.1293;10.0767;4285.92;6.05897;0;0;0.1;0.01;0;3.14615;0;0;-1
0;255;32.951;-75.6322;-42.5078;8.64912;2710.22;5.20059;0;0;0.1;0.01;0;2.25087;0;0;-1
0;256;30.5652;-56.4904;-40.5214;9.0958;3152.18;5.46917;0;0;0.1;0.01;0;6.27855;0;0;-1
0;257;33.7151;-41.182;-40.4637;10.005;4195.08;6.01586;0;0;0.1;0.01;0;7.65169;0;0;-1
0;258;32.7751;-25.2868;-41.5691;10.1242;4346.81;6.08753;0;0;0.1;0.01;0;7.4039;0;0;-1
0;259;33.7357;-8.04914;-42.033;8.5;2572.44;5.11093;0;0;0.1;0.01;0;4.72536;1;0;-1
0;260;33.8438;10.0409;-42.2895;8.5;2572.44;5.11093;0;0;0.1;0.01;0;5.10265;1;0;-1
0;261;33.8467;29.5185;-39.8762;8.93213;2985.06;5.37076;0;0;0.1;0.01;0;6.0339;0;0;-1
0;262;32.9446;46.1521;-39.42;10.038;4236.72;6.0357;0;0;0.1;0.01;0;7.76727;0;0;-1
0;263;33.917;60.0855;-39.7075;9.38769;3465.49;5.64468;0;0;0.1;0.01;0;6.20716;0;0;-1
0;264;33.5552;79.8397;-40.429;8.95437;3007.42;5.38413;0;0;0.1;0.01;0;2.74389;0;0;-1
0;265;47.8296;-65.2726;-41.6098;8.94443;2997.41;5.37816;0;0;0.1;0.01;0;2.4655;0;0;-1
0;266;47.1417;-47.7053;-39.9494;9.52788;3623.08;5.72898;0;0;0.1;0.01;0;5.80343;0;0;-1
0;267;47.7655;-30.2393;-39.221;10.3176;4600.71;6.20382;0;0;0.1;0.01;0;7.65908;0;0;-1
0;268;46.7907;-14.9394;-42.5855;10.067;4273.55;6.05314;0;0;0.1;0.01;0;7.77924;0;0;-1
0;269;46.08;2.87417;-42.1854;8.5;2572.44;5.11093;0;0;0.1;0.01;0;6.19981;1;0;-1
0;270;47.7572;16.872;-43.0404;10.1627;4396.59;6.11068;0;0;0.1;0.01;0;7.43883;0;0;-1
0;271;46.8495;37.9666;-41.1006;9.52653;3621.54;5.72816;0;0;0.1;0.01;0;6.19125;0;0;-1
0;272;46.7022;52.1401;-42.8767;9.67637;3795.12;5.81826;0;0;0.1;0.01;0;6.60477;0;0;-1
0;273;46.8355;69.2631;-39.8943;9.92643;4097.02;5.96862;0;0;0.1;0.01;0;4.49543;0;0;-1
0;274;60.3756;-55.3646;-39.3278;9.8308;3979.74;5.91112;0;0;0.1;0.01;0;4.74543;0;0;-1
0;275;63.9968;-41.6925;-39.8263;8.94562;2998.61;5.37887;0;0;0.1;0.01;0;4.28047;0;0;-1
0;276;61.21;-23.3574;-39.8335;8.55006;2618.16;5.14103;0;0;0.1;0.01;0;5.54284;0;0;-1
0;277;63.4171;-7.7947;-42.3289;9.67674;3795.56;5.81848;0;0;0.1;0.01;0;6.80268;0;0;-1
0;278;63.5988;8.22906;-39.4694;10.0114;4203.13;6.01971;0;0;0.1;0.01;0;6.5606;0;0;-1
0;279;63.0202;26.1907;-42.2762;10.0357;4233.81;6.03432;0;0;0.1;0.01;0;6.07645;0;0;-1
0;280;61.5519;42.1376;-41.1965;8.88075;2933.85;5.33987;0;0;0.1;0.01;0;5.08302;0;0;-1
0;281;61.9982;60.4238;-42.4669;9.23144;3295.32;5.55073;0;0;0.1;0.01;0;3.67627;0;0;-1
0;282;74.9419;-32.4968;-43.1693;9.0112;3065.04;5.4183;0;0;0.1;0.01;0;3.21817;0;0;-1
0;283;77.7434;-15.0006;-41.1228;8.62851;2690.89;5.1882;0;0;0.1;0.01;0;4.46577;0;0;-1
0;284;76.329;-0.0848513;-41.469;10.2851;4557.37;6.18428;0;0;0.1;0.01;0;6.87736;0;0;-1
0;285;78.7396;19.725;-42.8242;8.99017;3043.63;5.40566;0;0;0.1;0.01;0;3.33192;0;0;-1
0;286;76.5334;34.3366;-41.9409;9.23964;3304.1;5.55566;0;0;0.1;0.01;0;3.54197;0;0;-1
0;287;90.5168;-4.56174;-40.5399;8.7003;2758.62;5.23136;0;0;0.1;0.01;0;2.23189;0;0;-1
0;288;-95.1323;-13.5069;-24.7028;8.77145;2826.85;5.27415;0;0;0.1;0.01;0;3.17434;0;0;-1
0;289;-95.6332;1.24806;-26.0981;9.92316;4092.97;5.96665;0;0;0.1;0.01;0;3.8758;0;0;-1
0;290;-80.8691;-41.5033;-24.6611;9.90428;4069.65;5.9553;0;0;0.1;0.01;0;2.88625;0;0;-1
0;291;-81.7944;-23.4397;-27.3418;9.5595;3659.27;5.74799;0;0;0.1;0.01;0;3.86365;0;0;-1
0;292;-78.9092;-4.65575;-26.486;10.0423;4242.17;6.03829;0;0;0.1;0.01;0;5.59005;0;0;-1
0;293;-82.5764;10.9711;-26.4536;10.1274;4350.93;6.08946;0;0;0.1;0.01;0;6.28567;0;0;-1
0;294;-82.4133;27.6799;-25.1437;10.0349;4232.8;6.03384;0;0;0.1;0.01;0;5.02823;0;0;-1
0;295;-80.403;44.5633;-28.1122;9.88358;4044.19;5.94285;0;0;0.1;0.01;0;3.28439;0;0;-1
0;296;-64.0803;-67.8751;-26.0027;8.5;2572.44;5.11093;0;0;0.1;0.01;0;2.51687;1;0;-1
0;297;-64.3795;-48.9917;-26.1287;8.77835;2833.53;5.27829;0;0;0.1;0.01;0;4.35917;0;0;-1
0;298;-64.5294;-31.265;-25.4638;9.74862;3880.77;5.8617;0;0;0.1;0.01;0;5.46854;0;0;-1
0;299;-64.4857;-12.8957;-26.988;9.28066;3348.31;5.58033;0;0;0.1;0.01;0;5.55717;0;0;-1
0;300;-66.0774;4.4459;-26.0304;8.5;2572.44;5.11093;0;0;0.1;0.01;0;5.93943;1;0;-1
0;301;-65.4731;20.2177;-26.9318;8.59094;2655.89;5.16561;0;0;0.1;0.01;0;5.71351;0;0;-1
0;302;-64.6873;35.2175;-27.173;10.0497;4251.56;6.04274;0;0;0.1;0.01;0;6.31078;0;0;-1
0;303;-64.5466;50.9151;-26.2252;9.27992;3347.51;5.57988;0;0;0.1;0.01;0;5.75073;0;0;-1
0;304;-66.68;68.6676;-26.7098;9.4554;3541.02;5.68539;0;0;0.1;0.01;0;2.15014;0;0;-1
0;305;-49.7094;-72.5008;-27.7851;8.99661;3050.18;5.40953;0;0;0.1;0.01;0;5.2294;0;0;-1
0;306;-49.6159;-58.1743;-26.287;9.25063;3315.91;5.56227;0;0;0.1;0.01;0;6.29399;0;0;-1
0;307;-51.5406;-39.7123;-26.3446;9.3425;3415.69;5.61751;0;0;0.1;0.01;0;6.00985;0;0;-1
0;308;-52.4097;-23.1183;-27.5516;9.77632;3913.95;5.87836;0;0;0.1;0.01;0;6.55673;0;0;-1
0;309;-50.4854;-7.03475;-27.8107;9.73264;3861.72;5.8521;0;0;0.1;0.01;0;6.60942;0;0;-1
0;310;-53.0204;8.65311;-26.3248;8.9409;2993.87;5.37603;0;0;0.1;0.01;0;5.48721;0;0;-1
0;311;-51.1167;26.7875;-24.4693;9.14375;3202.3;5.498;0;0;0.1;0.01;0;5.5786;0;0;-1
0;312;-49.9891;45.512;-24.8742;9.78011;3918.5;5.88064;0;0;0.1;0.01;0;7.33855;0;0;-1
0;313;-50.6693;62.4888;-25.5815;8.75947;2815.28;5.26694;0;0;0.1;0.01;0;6.08614;0;0;-1
0;314;-51.7923;78.4795;-28.2575;8.72318;2780.44;5.24512;0;0;0.1;0.01;0;2.65406;0;0;-1
0;315;-36.4302;-82.179;-26.5185;10.3133;4594.96;6.20124;0;0;0.1;0.01;0;6.19539;0;0;-1
0;316;-34.9856;-67.3072;-26.8025;8.88636;2939.41;5.34324;0;0;0.1;0.01;0;6.99061;0;0;-1
0;317;-38.3692;-47.1095;-27.1495;10.1598;4392.83;6.10894;0;0;0.1;0.01;0;5.71135;0;0;-1
0;318;-36.0571;-30.0854;-26.0756;9.32899;3400.89;5.60939;0;0;0.1;0.01;0;6.1161;0;0;-1
0;319;-34.635;-13.759;-26.8016;8.77558;2830.85;5.27663;0;0;0.1;0.01;0;5.01567;0;0;-1
0;320;-36.5868;4.31503;-27.4476;8.5;2572.44;5.11093;0;0;0.1;0.01;0;4.1923;1;0;-1
0;321;-38.3598;18.5459;-27.4771;9.50184;3593.45;5.71332;0;0;0.1;0.01;0;5.45289;0;0;-1
0;322;-38.2425;34.5893;-25.1735;8.5;2572.44;5.11093;0;0;0.1;0.01;0;5.50073;1;0;-1
0;323;-37.6483;52.2778;-27.8641;9.223;3286.29;5.54566;0;0;0.1;0.01;0;6.07384;0;0;-1
0;324;-38.2121;67.7252;-25.7604;8.5;2572.44;5.11093;0;0;0.1;0.01;0;4.48647;1;0;-1
0;325;-35.5406;85.8438;-24.9521;10.2803;4550.99;6.1814;0;0;0.1;0.01;0;3.74723;0;0;-1
0;326;-21.7838;-90.7761;-25.2892;10.3383;4628.45;6.21627;0;0;0.1;0.01;0;3.98853;0;0;-1
0;327;-20.582;-73.0921;-27.0235;10.1729;4409.84;6.11682;0;0;0.1;0.01;0;8.27789;0;0;-1
0;328;-20.3456;-59.1629;-26.3066;9.74517;3876.65;5.85963;0;0;0.1;0.01;0;7.26709;0;0;-1
0;329;-22.0165;-40.5838;-26.6597;8.61701;2680.15;5.18128;0;0;0.1;0.01;0;4.98731;0;0;-1
0;330;-21.3642;-21.1056;-24.9768;10.094;4308.03;6.06938;0;0;0.1;0.01;0;6.84291;0;0;-1
0;331;-19.7209;-5.48475;-28.0831;8.5;2572.44;5.11093;0;0;0.1;0.01;0;4.65028;1;0;-1
0;332;-21.3075;11.8053;-25.7709;8.5;2572.44;5.11093;0;0;0.1;0.01;0;4.00208;1;0;-1
0;333;-22.7747;28.7604;-27.7833;8.64731;2708.52;5.1995;0;0;0.1;0.01;0;5.10067;0;0;-1
0;334;-21.2681;44.7701;-27.8779;9.74786;3879.86;5.86125;0;0;0.1;0.01;0;5.84167;0;0;-1
0;335;-21.6934;62.1698;-26.6142;9.66986;3787.47;5.81435;0;0;0.1;0.01;0;6.33848;0;0;-1
0;336;-22.8442;78.7586;-27.9088;9.43208;3514.88;5.67137;0;0;0.1;0.01;0;5.62926;0;0;-1
0;337;-5.94288;-81.2656;-28.6495;9.37792;3454.68;5.63881;0;0;0.1;0.01;0;6.09434;0;0;-1
0;338;-7.90882;-66.6045;-26.3329;9.47884;3567.42;5.69949;0;0;0.1;0.01;0;6.68932;0;0;-1
0;339;-8.56439;-48.5915;-24.3792;9.13807;3196.33;5.49459;0;0;0.1;0.01;0;5.18515;0;0;-1
0;340;-8.20433;-29.6898;-25.5457;8.77274;2828.1;5.27492;0;0;0.1;0.01;0;5.56705;0;0;-1
0;341;-6.01175;-13.3248;-27.8101;9.41095;3491.31;5.65867;0;0;0.1;0.01;0;6.59813;0;0;-1
0;342;-5.49562;1.92891;-27.6484;8.53399;2603.42;5.13136;0;0;0.1;0.01;0;5.70966;0;0;-1
0;343;-6.60682;21.1306;-25.6324;9.60397;3710.57;5.77473;0;0;0.1;0.01;0;6.70013;0;0;-1
0;344;-7.09613;35.4082;-27.0988;9.34522;3418.67;5.61915;0;0;0.1;0.01;0;7.48497;0;0;-1
0;345;-7.93127;51.5167;-26.0241;8.65073;2711.73;5.20156;0;0;0.1;0.01;0;5.61215;0;0;-1
0;346;-9.34431;72.1611;-24.4863;8.6207;2683.59;5.1835;0;0;0.1;0.01;0;5.03633;0;0;-1
0;347;-9.09872;88.2436;-25.6668;8.64271;2704.2;5.19674;0;0;0.1;0.01;0;3.9707;0;0;-1
0;348;9.34611;-90.4743;-25.4099;10.3115;4592.55;6.20016;0;0;0.1;0.01;0;4.27778;0;0;-1
0;349;6.59548;-75.7965;-25.3162;9.7822;3921.01;5.88189;0;0;0.1;0.01;0;6.67374;0;0;-1
0;350;9.4439;-58.6619;-25.7684;9.33001;3402;5.61;0;0;0.1;0.01;0;5.80827;0;0;-1
0;351;5.72637;-40.0317;-25.3967;9.62018;3729.39;5.78447;0;0;0.1;0.01;0;6.09878;0;0;-1
0;352;8.26362;-25.5188;-26.5927;8.72878;2785.8;5.24849;0;0;0.1;0.01;0;5.86103;0;0;-1
0;353;9.024;-8.76618;-27.6947;10.2426;4501.11;6.15873;0;0;0.1;0.01;0;6.79725;0;0;-1
0;354;5.51549;9.93298;-25.5153;9.14542;3204.05;5.49901;0;0;0.1;0.01;0;4.58387;0;0;-1
0;355;9.43507;29.3295;-27.6637;10.081;4291.4;6.06156;0;0;0.1;0.01;0;6.86226;0;0;-1
0;356;6.25135;44.0462;-25.2404;10.3766;4680.09;6.2393;0;0;0.1;0.01;0;7.20122;0;0;-1
0;357;6.87146;63.4078;-24.6224;10.1832;4423.25;6.12301;0;0;0.1;0.01;0;6.80751;0;0;-1
0;358;5.89402;78.287;-28.0037;9.05381;3108.73;5.44392;0;0;0.1;0.01;0;5.55785;0;0;-1
0;359;8.24206;95.6172;-26.8459;10.0208;4214.98;6.02536;0;0;0.1;0.01;0;2.99641;0;0;-1
0;360;22.5769;-82.3693;-25.2194;9.14669;3205.39;5.49977;0;0;0.1;0.01;0;4.65775;0;0;-1
0;361;23.7018;-65.8987;-25.472;9.51617;3609.73;5.72193;0;0;0.1;0.01;0;5.43844;0;0;-1
0;362;23.2743;-47.2923;-27.4307;10.114;4333.69;6.0814;0;0;0.1;0.01;0;6.25987;0;0;-1
0;363;22.7923;-31.7629;-26.0452;9.7203;3847.05;5.84468;0;0;0.1;0.01;0;6.89699;0;0;-1
0;364;22.1285;-16.0921;-25.5852;10.0142;4206.66;6.02139;0;0;0.1;0.01;0;6.72965;0;0;-1
0;365;22.318;1.0152;-26.805;9.03568;3090.09;5.43302;0;0;0.1;0.01;0;5.17145;0;0;-1
0;366;23.3867;18.1892;-28.0132;9.62583;3735.97;5.78787;0;0;0.1;0.01;0;6.25408;0;0;-1
0;367;23.2476;34.9363;-27.5236;9.48752;3577.23;5.70471;0;0;0.1;0.01;0;7.41892;0;0;-1
0;368;20.597;51.1109;-24.5176;9.78732;3927.17;5.88497;0;0;0.1;0.01;0;6.26238;0;0;-1
0;369;20.2906;69.1507;-26.9517;9.41126;3491.66;5.65885;0;0;0.1;0.01;0;5.362;0;0;-1
0;370;23.3577;84.5714;-24.803;9.48309;3572.22;5.70204;0;0;0.1;0.01;0;4.89975;0;0;-1
0;371;38.0641;-75.9915;-27.1011;9.08221;3138.07;5.461;0;0;0.1;0.01;0;3.94128;0;0;-1
0;372;35.2259;-56.9176;-27.0377;8.68961;2748.46;5.22494;0;0;0.1;0.01;0;5.60755;0;0;-1
0;373;37.5313;-39.9444;-26.8228;9.92192;4091.44;5.96591;0;0;0.1;0.01;0;7.96737;0;0;-1
0;374;37.6932;-23.1669;-27.6863;9.98008;4163.81;6.00088;0;0;0.1;0.01;0;7.59003;0;0;-1
0;375;37.4564;-7.21184;-24.8393;9.68117;3800.77;5.82115;0;0;0.1;0.01;0;6.57023;0;0;-1
0;376;35.1291;8.91571;-26.7879;8.8148;2868.97;5.30021;0;0;0.1;0.01;0;5.30798;0;0;-1
0;377;37.2279;25.3865;-24.7091;9.96675;4147.15;5.99286;0;0;0.1;0.01;0;6.87812;0;0;-1
0;378;37.0148;42.1398;-27.1001;9.84583;3998.03;5.92015;0;0;0.1;0.01;0;6.57843;0;0;-1
0;379;38.4491;63.675;-24.9013;8.5;2572.44;5.11093;0;0;0.1;0.01;0;4.58587;1;0;-1
0;380;36.752;78.8129;-24.8757;8.5;2572.44;5.11093;0;0;0.1;0.01;0;4.35205;1;0;-1
0;381;50.4386;-66.6489;-24.7837;10.2137;4463.11;6.14135;0;0;0.1;0.01;0;5.57007;0;0;-1
0;382;49.9633;-50.7735;-25.2892;10.1728;4409.71;6.11676;0;0;0.1;0.01;0;6.85307;0;0;-1
0;383;50.0737;-33.4189;-25.0318;8.55599;2623.61;5.14459;0;0;0.1;0.01;0;5.20419;0;0;-1
0;384;52.7138;-15.5637;-26.8625;9.21838;3281.35;5.54288;0;0;0.1;0.01;0;6.25936;0;0;-1
0;385;51.8216;1.73799;-28.3358;10.0155;4208.3;6.02217;0;0;0.1;0.01;0;7.16864;0;0;-1
0;386;50.109;17.7981;-28.5156;9.04577;3100.45;5.43909;0;0;0.1;0.01;0;6.16716;0;0;-1
0;387;50.308;34.8926;-25.0722;9.38364;3461.01;5.64225;0;0;0.1;0.01;0;5.57739;0;0;-1
0;388;52.981;54.7676;-24.6951;8.65695;2717.59;5.2053;0;0;0.1;0.01;0;4.39684;0;0;-1
0;389;52.202;72.6218;-26.94;9.78828;3928.33;5.88555;0;0;0.1;0.01;0;4.37889;0;0;-1
0;390;66.3595;-59.2035;-27.6306;8.99162;3045.11;5.40653;0;0;0.1;0.01;0;4.13311;0;0;-1
0;391;66.6341;-42.2271;-25.0381;8.84857;2902.07;5.32052;0;0;0.1;0.01;0;5.48517;0;0;-1
0;392;67.4838;-23.2462;-24.8696;10.3678;4668.19;6.23401;0;0;0.1;0.01;0;6.53794;0;0;-1
0;393;65.5574;-5.60117;-26.9264;8.9529;3005.94;5.38325;0;0;0.1;0.01;0;6.84009;0;0;-1
0;394;66.5843;9.45654;-25.0948;9.2484;3313.51;5.56093;0;0;0.1;0.01;0;5.8231;0;0;-1
0;395;64.875;25.4098;-25.6012;9.8348;3984.6;5.91352;0;0;0.1;0.01;0;4.81059;0;0;-1
0;396;66.3793;46.5055;-25.9017;10.0347;4232.55;6.03372;0;0;0.1;0.01;0;5.81757;0;0;-1
0;397;65.0704;62.2791;-27.5176;10.0508;4252.95;6.0434;0;0;0.1;0.01;0;4.96888;0;0;-1
0;398;79.4149;-51.2643;-25.8197;10.1042;4321.1;6.07551;0;0;0.1;0.01;0;2.17888;0;0;-1
0;399;81.8812;-34.2031;-24.8299;10.2512;4512.45;6.1639;0;0;0.1;0.01;0;3.41471;0;0;-1
0;400;80.7489;-16.8106;-25.3493;8.88357;2936.64;5.34156;0;0;0.1;0.01;0;4.46909;0;0;-1
0;401;79.7968;-0.232929;-26.2414;9.30496;3374.68;5.59494;0;0;0.1;0.01;0;4.87141;0;0;-1
0;402;83.2138;17.7939;-25.2703;9.79833;3940.44;5.89159;0;0;0.1;0.01;0;4.14683;0;0;-1
0;403;79.0965;33.7657;-27.9907;8.5;2572.44;5.11093;0;0;0.1;0.01;0;3.36631;1;0;-1
0;404;79.3731;54.6237;-26.5444;10.3516;4646.34;6.22427;0;0;0.1;0.01;0;2.70689;0;0;-1
0;405;-98.4443;0.96217;-11.8106;10.2755;4544.62;6.17851;0;0;0.1;0.01;0;3.70372;0;0;-1
0;406;-84.281;-42.0846;-11.2519;9.08598;3141.98;5.46327;0;0;0.1;0.01;0;3.46722;0;0;-1
0;407;-84.3756;-23.5398;-10.3051;10.4098;4725.15;6.25926;0;0;0.1;0.01;0;5.70293;0;0;-1
0;408;-85.2136;-7.13333;-12.4836;8.91246;2965.39;5.35893;0;0;0.1;0.01;0;5.26781;0;0;-1
0;409;-83.348;11.6469;-11.9323;10.149;4378.83;6.10245;0;0;0.1;0.01;0;5.92243;0;0;-1
0;410;-84.8142;29.1418;-12.4328;8.5;2572.44;5.11093;0;0;0.1;0.01;0;4.1298;1;0;-1
0;411;-84.0289;42.4981;-11.3148;9.39125;3469.44;5.64682;0;0;0.1;0.01;0;4.12736;0;0;-1
0;412;-70.8161;-68.4399;-10.0683;8.78734;2842.24;5.2837;0;0;0.1;0.01;0;2.13371;0;0;-1
0;413;-69.2281;-49.2669;-11.9945;9.51949;3613.51;5.72393;0;0;0.1;0.01;0;4.76686;0;0;-1
0;414;-69.8903;-32.5557;-10.1386;9.37135;3447.43;5.63486;0;0;0.1;0.01;0;6.79629;0;0;-1
0;415;-72.1638;-15.7411;-11.6923;9.40543;3485.17;5.65535;0;0;0.1;0.01;0;6.58698;0;0;-1
0;416;-70.7999;3.17264;-10.3123;8.76929;2824.76;5.27285;0;0;0.1;0.01;0;6.0718;0;0;-1
0;417;-68.3525;17.3748;-12.9504;8.58719;2652.42;5.16335;0;0;0.1;0.01;0;4.93156;0;0;-1
0;418;-69.4929;36.4684;-11.9867;9.59908;3704.91;5.77179;0;0;0.1;0.01;0;6.33988;0;0;-1
0;419;-71.9171;53.7835;-13.021;8.9755;3028.76;5.39684;0;0;0.1;0.01;0;4.41677;0;0;-1
0;420;-54.2913;-75.1336;-9.72455;8.85847;2911.82;5.32647;0;0;0.1;0.01;0;3.81269;0;0;-1
0;421;-56.6163;-58.2326;-12.3465;9.39962;3478.72;5.65186;0;0;0.1;0.01;0;5.38504;0;0;-1
0;422;-57.3281;-39.1997;-10.3232;8.57706;2643.04;5.15726;0;0;0.1;0.01;0;5.56697;0;0;-1
0;423;-57.3107;-23.9568;-11.8594;8.5;2572.44;5.11093;0;0;0.1;0.01;0;5.49347;1;0;-1
0;424;-55.2373;-7.21913;-11.8098;9.00601;3059.75;5.41518;0;0;0.1;0.01;0;5.50106;0;0;-1
0;425;-54.3049;8.6022;-12.5412;10.0595;4264.01;6.04863;0;0;0.1;0.01;0;5.9888;0;0;-1
0;426;-57.3385;29.7701;-12.8214;8.5;2572.44;5.11093;0;0;0.1;0.01;0;5.63936;1;0;-1
0;427;-55.1122;44.724;-11.8295;9.28257;3350.37;5.58147;0;0;0.1;0.01;0;6.85721;0;0;-1
0;428;-57.9478;60.033;-10.6874;9.74725;3879.14;5.86088;0;0;0.1;0.01;0;5.4501;0;0;-1
0;429;-42.7881;-83.6425;-13.2538;10.0889;4301.5;6.06631;0;0;0.1;0.01;0;4.25758;0;0;-1
0;430;-39.354;-64.6263;-11.57;9.79525;3936.73;5.88974;0;0;0.1;0.01;0;5.60946;0;0;-1
0;431;-41.0536;-49.3539;-10.6893;8.52157;2592.07;5.1239;0;0;0.1;0.01;0;5.07844;0;0;-1
0;432;-41.2247;-32.6041;-12.364;9.80366;3946.87;5.8948;0;0;0.1;0.01;0;6.13922;0;0;-1
0;433;-42.0826;-14.3471;-13.5192;10.014;4206.41;6.02127;0;0;0.1;0.01;0;6.08383;0;0;-1
0;434;-40.9192;3.07087;-10.7844;9.48602;3575.53;5.70381;0;0;0.1;0.01;0;5.76956;0;0;-1
0;435;-39.4061;20.0886;-11.2035;10.0097;4200.99;6.01869;0;0;0.1;0.01;0;6.27773;0;0;-1
0;436;-42.1319;36.9073;-13.1697;9.33057;3402.62;5.61034;0;0;0.1;0.01;0;7.19921;0;0;-1
0;437;-42.6526;52.2154;-12.6288;8.5;2572.44;5.11093;0;0;0.1;0.01;0;5.05225;1;0;-1
0;438;-43.0031;70.688;-12.5588;8.74544;2801.78;5.25851;0;0;0.1;0.01;0;4.72365;0;0;-1
0;439;-43.2548;85.1325;-13.3378;8.5;2572.44;5.11093;0;0;0.1;0.01;0;3.42495;1;0;-1
0;440;-27.8994;-93.1825;-13.0845;9.62079;3730.1;5.78484;0;0;0.1;0.01;0;4.31782;0;0;-1
0;441;-28.1464;-76.8704;-13.0027;10.1441;4372.49;6.0995;0;0;0.1;0.01;0;7.05544;0;0;-1
0;442;-24.6946;-56.5739;-12.2847;10.3899;4698.1;6.2473;0;0;0.1;0.01;0;7.30652;0;0;-1
0;443;-27.3664;-41.7551;-10.1896;10.4383;4764.07;6.2764;0;0;0.1;0.01;0;7.63147;0;0;-1
0;444;-26.6317;-22.2861;-11.8643;10.2193;4470.46;6.14472;0;0;0.1;0.01;0;6.64809;0;0;-1
0;445;-24.9523;-7.30701;-10.3242;8.54228;2611.02;5.13635;0;0;0.1;0.01;0;4.69756;0;0;-1
0;446;-25.1406;9.14576;-10.259;9.43114;3513.83;5.67081;0;0;0.1;0.01;0;5.17385;0;0;-1
0;447;-27.4315;28.4665;-10.583;10.2555;4518.13;6.16648;0;0;0.1;0.01;0;6.15023;0;0;-1
0;448;-28.3071;42.9609;-10.7716;9.06343;3118.65;5.44971;0;0;0.1;0.01;0;5.62667;0;0;-1
0;449;-24.4451;59.0705;-12.8427;8.80537;2859.77;5.29454;0;0;0.1;0.01;0;4.53607;0;0;-1
0;450;-24.774;77.6988;-12.2433;9.85517;4009.41;5.92577;0;0;0.1;0.01;0;6.45177;0;0;-1
0;451;-24.8554;94.6716;-14.0164;10.1999;4445.05;6.13305;0;0;0.1;0.01;0;3.54454;0;0;-1
0;452;-13.5505;-83.3066;-11.0914;8.5;2572.44;5.11093;0;0;0.1;0.01;0;4.45326;1;0;-1
0;453;-12.7714;-65.4495;-13.2538;8.5;2572.44;5.11093;0;0;0.1;0.01;0;5.52558;1;0;-1
0;454;-12.6944;-48.4395;-9.71192;9.49539;3586.14;5.70944;0;0;0.1;0.01;0;6.60657;0;0;-1
0;455;-11.4466;-32.3667;-11.762;10.4018;4714.27;6.25445;0;0;0.1;0.01;0;7.25821;0;0;-1
0;456;-10.3952;-14.2718;-10.7234;8.5;2572.44;5.11093;0;0;0.1;0.01;0;6.05941;1;0;-1
0;457;-10.7178;0.964242;-11.6066;10.2021;4447.92;6.13437;0;0;0.1;0.01;0;7.15993;0;0;-1
0;458;-10.731;16.9717;-11.6236;9.08701;3143.05;5.46389;0;0;0.1;0.01;0;5.76889;0;0;-1
0;459;-11.5912;34.2467;-12.5405;8.56015;2627.44;5.14709;0;0;0.1;0.01;0;4.61992;0;0;-1
0;460;-10.3534;50.9682;-10.6081;8.54843;2616.66;5.14005;0;0;0.1;0.01;0;5.22288;0;0;-1
0;461;-10.5246;67.4141;-11.6287;9.0735;3129.05;5.45576;0;0;0.1;0.01;0;5.90982;0;0;-1
0;462;-11.6984;87.2588;-12.435;8.5;2572.44;5.11093;0;0;0.1;0.01;0;4.79368;1;0;-1
0;463;4.39363;-91.5513;-10.5904;8.69412;2752.74;5.22765;0;0;0.1;0.01;0;3.76474;0;0;-1
0;464;1.5448;-75.9944;-12.1276;8.5;2572.44;5.11093;0;0;0.1;0.01;0;5.48901;1;0;-1
0;465;1.34586;-59.4789;-12.8559;8.86284;2916.13;5.3291;0;0;0.1;0.01;0;6.06179;0;0;-1
0;466;1.68168;-41.2596;-12.6213;9.63019;3741.05;5.79049;0;0;0.1;0.01;0;6.53663;0;0;-1
0;467;1.26634;-21.5717;-10.4689;9.21799;3280.93;5.54264;0;0;0.1;0.01;0;6.60966;0;0;-1
0;468;1.59665;-7.44618;-12.1227;8.63646;2698.34;5.19298;0;0;0.1;0.01;0;6.12584;0;0;-1
0;469;3.28044;8.17428;-12.2773;10.1133;4332.79;6.08098;0;0;0.1;0.01;0;6.21077;0;0;-1
0;470;3.18732;25.1292;-13.5535;9.05314;3108.04;5.44352;0;0;0.1;0.01;0;4.72389;0;0;-1
0;471;1.98531;43.7636;-10.5001;9.3009;3370.26;5.5925;0;0;0.1;0.01;0;5.57969;0;0;-1
0;472;2.33455;59.5248;-10.7493;9.45512;3540.71;5.68523;0;0;0.1;0.01;0;6.58829;0;0;-1
0;473;2.70766;76.7508;-10.3981;8.91847;2971.39;5.36255;0;0;0.1;0.01;0;6.03251;0;0;-1
0;474;3.09618;94.0395;-11.4645;10.2647;4530.3;6.17202;0;0;0.1;0.01;0;4.4595;0;0;-1
0;475;18.8197;-85.1773;-10.5408;9.35595;3430.46;5.6256;0;0;0.1;0.01;0;5.79817;0;0;-1
0;476;16.0736;-68.191;-10.5156;9.47166;3559.32;5.69517;0;0;0.1;0.01;0;6.35269;0;0;-1
0;477;15.9645;-51.4698;-9.87436;9.86583;4022.44;5.93218;0;0;0.1;0.01;0;5.77861;0;0;-1
0;478;15.5257;-33.3894;-10.524;9.65096;3765.3;5.80298;0;0;0.1;0.01;0;5.74456;0;0;-1
0;479;16.0348;-16.2959;-11.4676;8.57311;2639.39;5.15489;0;0;0.1;0.01;0;5.9094;0;0;-1
0;480;16.4168;1.1178;-11.4582;9.38448;3461.94;5.64275;0;0;0.1;0.01;0;5.57908;0;0;-1
0;481;19.4885;20.9026;-10.8788;9.88972;4051.73;5.94655;0;0;0.1;0.01;0;6.04921;0;0;-1
0;482;19.6187;38.1903;-13.1692;8.5;2572.44;5.11093;0;0;0.1;0.01;0;5.08503;1;0;-1
0;483;18.1815;54.5302;-11.4733;8.5;2572.44;5.11093;0;0;0.1;0.01;0;4.93232;1;0;-1
0;484;17.3063;71.4372;-10.3222;10.3965;4707.06;6.25126;0;0;0.1;0.01;0;7.11117;0;0;-1
0;485;15.6971;84.9729;-12.57;8.5;2572.44;5.11093;0;0;0.1;0.01;0;5.45108;1;0;-1
0;486;31.9478;-93.7265;-12.0414;8.83098;2884.8;5.30994;0;0;0.1;0.01;0;1.85616;0;0;-1
0;487;33.3593;-76.6489;-12.3244;9.41174;3492.19;5.65914;0;0;0.1;0.01;0;5.65284;0;0;-1
0;488;32.8903;-55.3924;-10.3518;9.45135;3536.47;5.68296;0;0;0.1;0.01;0;4.9934;0;0;-1
0;489;34.1683;-38.8897;-10.1247;9.62386;3733.67;5.78669;0;0;0.1;0.01;0;6.14542;0;0;-1
0;490;31.2321;-21.3574;-12.2781;9.89423;4057.28;5.94926;0;0;0.1;0.01;0;7.109;0;0;-1
0;491;33.136;-6.34;-10.7818;8.88235;2935.43;5.34083;0;0;0.1;0.01;0;5.56177;0;0;-1
0;492;33.5008;11.7928;-12.9099;10.3784;4682.52;6.24038;0;0;0.1;0.01;0;7.01831;0;0;-1
0;493;31.4725;29.0515;-10.8298;9.24443;3309.25;5.55854;0;0;0.1;0.01;0;6.81958;0;0;-1
0;494;33.5331;46.2605;-13.2471;9.56238;3662.58;5.74972;0;0;0.1;0.01;0;5.98874;0;0;-1
0;495;32.7907;63.486;-10.367;8.6173;2680.42;5.18146;0;0;0.1;0.01;0;5.9862;0;0;-1
0;496;32.2654;79.379;-10.1262;10.0567;4260.45;6.04695;0;0;0.1;0.01;0;6.38691;0;0;-1
0;497;45.97;-82.938;-10.7927;8.5;2572.44;5.11093;0;0;0.1;0.01;0;4.15488;1;0;-1
0;498;48.1311;-67.8894;-11.4518;9.53328;3629.24;5.73222;0;0;0.1;0.01;0;6.01297;0;0;-1
0;499;47.6993;-47.734;-11.9669;9.34097;3414.01;5.61659;0;0;0.1;0.01;0;6.11598;0;0;-1
0;500;48.616;-31.709;-12.5264;9.05733;3112.36;5.44604;0;0;0.1;0.01;0;5.54056;0;0;-1
0;501;45.556;-14.7376;-10.9505;9.15165;3210.6;5.50275;0;0;0.1;0.01;0;6.26751;0;0;-1
0;502;46.594;0.436912;-11.0241;10.1585;4391.14;6.10816;0;0;0.1;0.01;0;7.44595;0;0;-1
0;503;47.735;18.116;-13.4326;10.1742;4411.53;6.1176;0;0;0.1;0.01;0;7.74634;0;0;-1
0;504;47.8998;34.6501;-10.5458;9.51622;3609.79;5.72196;0;0;0.1;0.01;0;6.42753;0;0;-1
0;505;45.9428;55.1917;-12.4976;8.5;2572.44;5.11093;0;0;0.1;0.01;0;5.02089;1;0;-1
0;506;46.284;68.4952;-10.0129;9.24156;3306.16;5.55682;0;0;0.1;0.01;0;6.17073;0;0;-1
0;507;47.6966;85.6432;-13.0959;8.6403;2701.94;5.19529;0;0;0.1;0.01;0;2.33833;0;0;-1
0;508;61.0927;-74.2503;-11.2902;10.3036;4582.01;6.19541;0;0;0.1;0.01;0;3.19861;0;0;-1
0;509;60.3062;-56.0665;-13.2992;9.61516;3723.56;5.78146;0;0;0.1;0.01;0;6.39531;0;0;-1
0;510;61.4405;-42.1495;-11.6202;9.39919;3478.24;5.6516;0;0;0.1;0.01;0;6.41288;0;0;-1
0;511;62.5789;-25.7813;-11.865;9.28468;3352.66;5.58274;0;0;0.1;0.01;0;5.84224;0;0;-1
0;512;62.7407;-7.65469;-11.5032;9.83406;3983.7;5.91308;0;0;0.1;0.01;0;6.46695;0;0;-1
0;513;60.7336;9.37299;-12.816;10.2245;4477.29;6.14784;0;0;0.1;0.01;0;6.65763;0;0;-1
0;514;61.9703;28.7526;-10.2222;9.92591;4096.37;5.96831;0;0;0.1;0.01;0;6.30842;0;0;-1
0;515;62.6701;45.989;-11.1323;9.50542;3597.51;5.71547;0;0;0.1;0.01;0;5.70466;0;0;-1
0;516;63.2352;63.5913;-10.801;10.0981;4313.28;6.07184;0;0;0.1;0.01;0;5.33277;0;0;-1
0;517;61.0461;77.9247;-13.7929;8.90529;2958.24;5.35462;0;0;0.1;0.01;0;2.77218;0;0;-1
0;518;77.6037;-47.5254;-10.8057;8.5;2572.44;5.11093;0;0;0.1;0.01;0;3.89289;1;0;-1
0;519;77.3339;-30.0348;-11.2444;8.60685;2670.68;5.17517;0;0;0.1;0.01;0;5.62952;0;0;-1
0;520;75.2984;-14.4403;-10.8548;10.4528;4783.95;6.28512;0;0;0.1;0.01;0;7.80128;0;0;-1
0;521;74.9382;1.1199;-10.9919;8.5;2572.44;5.11093;0;0;0.1;0.01;0;6.16511;1;0;-1
0;522;76.6089;18.0093;-13.3384;8.69993;2758.26;5.23114;0;0;0.1;0.01;0;5.74951;0;0;-1
0;523;75.0669;34.8558;-12.7119;8.5;2572.44;5.11093;0;0;0.1;0.01;0;5.25548;1;0;-1
0;524;75.3421;51.4814;-10.2316;9.24246;3307.13;5.55736;0;0;0.1;0.01;0;5.72031;0;0;-1
0;525;89.5829;-22.1745;-11.953;8.5;2572.44;5.11093;0;0;0.1;0.01;0;3.79145;1;0;-1
0;526;90.0707;-4.25083;-10.1437;9.67018;3787.85;5.81454;0;0;0.1;0.01;0;4.11973;0;0;-1
0;527;89.5565;12.0109;-11.0236;8.94815;3001.15;5.38039;0;0;0.1;0.01;0;4.80277;0;0;-1
0;528;89.4253;27.0313;-11.1996;8.57982;2645.59;5.15892;0;0;0.1;0.01;0;4.5143;0;0;-1
0;529;89.2367;43.5649;-9.84387;10.0381;4236.85;6.03576;0;0;0.1;0.01;0;3.29462;0;0;-1
0;530;-93.9374;-16.5796;2.39984;9.45997;3546.16;5.68814;0;0;0.1;0.01;0;3.1688;0;0;-1
0;531;-95.6869;2.72751;3.43235;9.65336;3768.11;5.80443;0;0;0.1;0.01;0;3.78368;0;0;-1
0;532;-95.9072;18.685;2.1604;10.2032;4449.36;6.13504;0;0;0.1;0.01;0;3.24003;0;0;-1
0;533;-79.6732;-55.9221;3.0398;8.5;2572.44;5.11093;0;0;0.1;0.01;0;2.64108;1;0;-1
0;534;-82.6285;-41.5214;4.684;9.80047;3943.02;5.89288;0;0;0.1;0.01;0;4.17411;0;0;-1
0;535;-80.5961;-23.2255;2.97374;9.80139;3944.13;5.89343;0;0;0.1;0.01;0;6.45421;0;0;-1
0;536;-79.8659;-6.13477;3.72321;9.46528;3552.13;5.69134;0;0;0.1;0.01;0;5.92424;0;0;-1
0;537;-81.7956;10.3545;2.71502;8.90491;2957.86;5.35439;0;0;0.1;0.01;0;4.70851;0;0;-1
0;538;-80.6045;25.4935;1.20488;8.5;2572.44;5.11093;0;0;0.1;0.01;0;3.69624;1;0;-1
0;539;-82.6832;44.0745;2.76899;10.2457;4505.19;6.16059;0;0;0.1;0.01;0;4.4217;0;0;-1
0;540;-78.9059;61.127;3.37713;9.4202;3501.62;5.66423;0;0;0.1;0.01;0;2.55922;0;0;-1
0;541;-63.8888;-65.5075;1.67966;8.86781;2921.04;5.33209;0;0;0.1;0.01;0;4.008;0;0;-1
0;542;-64.278;-47.2851;4.39837;10.2617;4526.33;6.17021;0;0;0.1;0.01;0;6.23551;0;0;-1
0;543;-68.3928;-33.0506;3.55229;8.92266;2975.58;5.36507;0;0;0.1;0.01;0;5.75896;0;0;-1
0;544;-67.7966;-14.8228;1.72249;10.4365;4761.6;6.27532;0;0;0.1;0.01;0;6.92755;0;0;-1
0;545;-67.1927;0.398875;3.73512;10.3306;4618.12;6.21164;0;0;0.1;0.01;0;6.93418;0;0;-1
0;546;-64.7305;17.1287;3.3654;10.4477;4776.95;6.28205;0;0;0.1;0.01;0;6.02035;0;0;-1
0;547;-65.1778;36.5247;3.09514;10.4249;4745.74;6.26834;0;0;0.1;0.01;0;6.60267;0;0;-1
0;548;-65.5628;52.0303;3.22807;9.47993;3568.65;5.70014;0;0;0.1;0.01;0;5.47997;0;0;-1
0;549;-64.945;70.41;3.17087;8.5;2572.44;5.11093;0;0;0.1;0.01;0;2.34949;1;0;-1
0;550;-49.9067;-75.3349;3.2421;8.5823;2647.89;5.16041;0;0;0.1;0.01;0;5.0058;0;0;-1
0;551;-50.3461;-59.39;4.20985;8.71413;2771.79;5.23968;0;0;0.1;0.01;0;5.50666;0;0;-1
0;552;-50.9583;-42.3317;3.34049;8.72965;2786.63;5.24901;0;0;0.1;0.01;0;5.46189;0;0;-1
0;553;-52.1145;-24.4763;3.65337;8.58632;2651.61;5.16283;0;0;0.1;0.01;0;4.18501;0;0;-1
0;554;-49.6381;-5.37357;2.14649;8.5;2572.44;5.11093;0;0;0.1;0.01;0;4.35423;1;0;-1
0;555;-52.3022;10.0594;3.74784;8.5;2572.44;5.11093;0;0;0.1;0.01;0;4.9884;1;0;-1
0;556;-52.7556;25.8389;2.70004;8.5;2572.44;5.11093;0;0;0.1;0.01;0;5.48604;1;0;-1
0;557;-50.2698;42.9873;5.11509;9.8444;3996.28;5.91929;0;0;0.1;0.01;0;5.97294;0;0;-1
0;558;-50.7547;63.4579;1.83606;9.04923;3104.01;5.44117;0;0;0.1;0.01;0;5.21414;0;0;-1
0;559;-51.4555;78.118;1.28544;9.76208;3896.87;5.8698;0;0;0.1;0.01;0;4.43684;0;0;-1
0;560;-34.9786;-84.0119;3.44496;9.36644;3442.01;5.6319;0;0;0.1;0.01;0;5.15558;0;0;-1
0;561;-38.5023;-67.3827;3.24678;9.15764;3216.91;5.50636;0;0;0.1;0.01;0;5.35463;0;0;-1
0;562;-36.702;-50.3896;4.11811;8.5;2572.44;5.11093;0;0;0.1;0.01;0;5.17381;1;0;-1
0;563;-35.8347;-32.6228;2.67858;9.95707;4135.07;5.98704;0;0;0.1;0.01;0;6.05259;0;0;-1
0;564;-38.0819;-14.0922;3.15709;8.97516;3028.41;5.39663;0;0;0.1;0.01;0;4.98277;0;0;-1
0;565;-36.6335;3.18008;4.03211;8.90095;2953.91;5.35201;0;0;0.1;0.01;0;5.85527;0;0;-1
0;566;-38.1384;19.9749;2.9205;10.1518;4382.46;6.10413;0;0;0.1;0.01;0;6.86728;0;0;-1
0;567;-38.1983;36.3066;1.03113;8.89588;2948.87;5.34896;0;0;0.1;0.01;0;5.9325;0;0;-1
0;568;-35.4188;50.8435;2.86336;9.82839;3976.82;5.90967;0;0;0.1;0.01;0;5.01411;0;0;-1
0;569;-35.748;71.7416;1.34068;10.4423;4769.55;6.2788;0;0;0.1;0.01;0;6.28653;0;0;-1
0;570;-35.3286;87.8909;3.28859;9.58234;3685.56;5.76172;0;0;0.1;0.01;0;5.1444;0;0;-1
0;571;-20.7817;-93.6574;1.60372;9.51832;3612.18;5.72323;0;0;0.1;0.01;0;4.31229;0;0;-1
0;572;-20.564;-76.6056;4.59494;8.53528;2604.61;5.13214;0;0;0.1;0.01;0;5.26406;0;0;-1
0;573;-23.6238;-57.6389;1.53951;9.2155;3278.27;5.54115;0;0;0.1;0.01;0;6.00489;0;0;-1
0;574;-23.2233;-40.3585;2.14663;9.25268;3318.11;5.5635;0;0;0.1;0.01;0;6.41721;0;0;-1
0;575;-21.1663;-23.081;3.5702;8.5;2572.44;5.11093;0;0;0.1;0.01;0;5.39933;1;0;-1
0;576;-20.5801;-5.19529;3.34417;8.55675;2624.31;5.14505;0;0;0.1;0.01;0;6.15899;0;0;-1
0;577;-20.1888;9.99155;4.07114;10.1133;4332.79;6.08098;0;0;0.1;0.01;0;6.89955;0;0;-1
0;578;-23.9404;27.523;1.88516;8.5874;2652.61;5.16348;0;0;0.1;0.01;0;3.99336;0;0;-1
0;579;-19.9332;46.9985;1.82999;9.19996;3261.72;5.5318;0;0;0.1;0.01;0;4.54749;0;0;-1
0;580;-22.0296;63.3246;2.16595;9.89483;4058.01;5.94962;0;0;0.1;0.01;0;6.65905;0;0;-1
0;581;-22.1878;77.5588;1.91005;9.60554;3712.39;5.77567;0;0;0.1;0.01;0;6.19872;0;0;-1
0;582;-23.3664;96.2354;1.35759;9.90756;4073.7;5.95727;0;0;0.1;0.01;0;3.41978;0;0;-1
0;583;-7.07329;-98.9521;0.93038;10.0776;4287.06;6.05951;0;0;0.1;0.01;0;2.97369;0;0;-1
0;584;-5.64505;-81.0592;3.71487;8.73414;2790.93;5.25171;0;0;0.1;0.01;0;5.62458;0;0;-1
0;585;-9.08382;-66.6469;2.7706;10.3839;4689.97;6.24369;0;0;0.1;0.01;0;5.75037;0;0;-1
0;586;-7.63268;-49.25;2.31449;8.64791;2709.08;5.19986;0;0;0.1;0.01;0;5.09493;0;0;-1
0;587;-7.46683;-29.976;2.51783;9.4445;3528.79;5.67884;0;0;0.1;0.01;0;6.35415;0;0;-1
0;588;-8.78008;-14.1973;3.1162;9.71029;3835.18;5.83866;0;0;0.1;0.01;0;6.8807;0;0;-1
0;589;-7.88435;1.80482;3.77444;8.5;2572.44;5.11093;0;0;0.1;0.01;0;5.89917;1;0;-1
0;590;-6.29909;17.3607;1.34681;8.51996;2590.61;5.12293;0;0;0.1;0.01;0;5.93118;0;0;-1
0;591;-6.16296;34.655;3.70032;9.22465;3288.05;5.54665;0;0;0.1;0.01;0;5.50874;0;0;-1
0;592;-5.76221;51.8001;3.53673;8.5;2572.44;5.11093;0;0;0.1;0.01;0;5.87034;1;0;-1
0;593;-7.56625;71.7849;2.3303;10.3283;4615.04;6.21026;0;0;0.1;0.01;0;6.85571;0;0;-1
0;594;-9.2081;88.3792;3.68167;9.77079;3907.31;5.87503;0;0;0.1;0.01;0;4.97559;0;0;-1
0;595;8.04192;-92.1764;3.10053;8.71605;2773.63;5.24083;0;0;0.1;0.01;0;4.70552;0;0;-1
0;596;8.63695;-76.09;1.83116;9.61678;3725.44;5.78243;0;0;0.1;0.01;0;7.03777;0;0;-1
0;597;5.95265;-58.923;1.68623;10.096;4310.59;6.07058;0;0;0.1;0.01;0;6.91835;0;0;-1
0;598;7.03502;-42.7368;3.59261;9.83689;3987.15;5.91478;0;0;0.1;0.01;0;6.72655;0;0;-1
0;599;7.54661;-24.9378;1.8475;9.5353;3631.55;5.73344;0;0;0.1;0.01;0;6.50673;0;0;-1
0;600;9.35812;-8.45961;4.4448;10.1237;4346.17;6.08723;0;0;0.1;0.01;0;5.93067;0;0;-1
0;601;5.73376;10.4491;2.77467;8.89902;2951.99;5.35085;0;0;0.1;0.01;0;4.96052;0;0;-1
0;602;7.62819;25.4168;2.1174;9.91149;4078.55;5.95964;0;0;0.1;0.01;0;6.08819;0;0;-1
0;603;8.38312;44.0608;2.34579;8.5;2572.44;5.11093;0;0;0.1;0.01;0;5.04539;1;0;-1
0;604;6.91045;60.3905;1.62357;8.5;2572.44;5.11093;0;0;0.1;0.01;0;5.65676;1;0;-1
0;605;8.79984;76.506;2.68235;8.62821;2690.61;5.18802;0;0;0.1;0.01;0;5.79817;0;0;-1
0;606;5.61569;97.9069;1.52443;9.70502;3828.93;5.83549;0;0;0.1;0.01;0;2.82594;0;0;-1
0;607;20.4512;-85.2917;2.18103;8.5;2572.44;5.11093;0;0;0.1;0.01;0;4.15165;1;0;-1
0;608;23.7062;-66.3237;2.74351;10.1485;4378.19;6.10215;0;0;0.1;0.01;0;5.92262;0;0;-1
0;609;22.3817;-47.3571;4.37821;8.61569;2678.91;5.18049;0;0;0.1;0.01;0;4.58263;0;0;-1
0;610;21.7417;-31.086;1.4756;8.5;2572.44;5.11093;0;0;0.1;0.01;0;5.78983;1;0;-1
0;611;21.4325;-14.7083;1.49807;8.5;2572.44;5.11093;0;0;0.1;0.01;0;5.46781;1;0;-1
0;612;23.2027;4.33866;1.20228;9.49255;3582.92;5.70773;0;0;0.1;0.01;0;5.4475;0;0;-1
0;613;23.3878;20.8326;4.67485;9.56391;3664.33;5.75064;0;0;0.1;0.01;0;6.83888;0;0;-1
0;614;21.9788;37.2973;4.96588;8.5;2572.44;5.11093;0;0;0.1;0.01;0;5.65881;1;0;-1
0;615;22.7771;51.4232;3.72402;9.88732;4048.78;5.9451;0;0;0.1;0.01;0;6.64391;0;0;-1
0;616;21.1359;67.7537;1.65353;9.16445;3224.09;5.51045;0;0;0.1;0.01;0;5.95775;0;0;-1
0;617;21.4031;89.4949;1.1388;10.1186;4339.6;6.08417;0;0;0.1;0.01;0;4.04472;0;0;-1
0;618;38.0408;-75.9256;1.65817;9.44408;3528.32;5.67859;0;0;0.1;0.01;0;6.03045;0;0;-1
0;619;38.5555;-59.6013;4.02866;8.64248;2703.98;5.1966;0;0;0.1;0.01;0;5.22648;0;0;-1
0;620;34.9008;-40.1449;3.41071;8.9796;3032.91;5.3993;0;0;0.1;0.01;0;5.44902;0;0;-1
0;621;35.0473;-25.7229;1.20194;9.54414;3641.66;5.73875;0;0;0.1;0.01;0;6.1071;0;0;-1
0;622;38.0202;-8.85253;4.48021;9.35846;3433.22;5.62711;0;0;0.1;0.01;0;6.01386;0;0;-1
0;623;37.2359;9.08719;1.45695;9.51894;3612.89;5.7236;0;0;0.1;0.01;0;5.74699;0;0;-1
0;624;36.6633;27.2479;2.87577;9.98295;4167.4;6.0026;0;0;0.1;0.01;0;6.51317;0;0;-1
0;625;35.9283;44.5358;1.20996;10.3932;4702.58;6.24928;0;0;0.1;0.01;0;6.87935;0;0;-1
0;626;36.1003;62.707;3.82947;10.293;4567.88;6.18903;0;0;0.1;0.01;0;7.82558;0;0;-1
0;627;37.66;80.0018;2.52793;10.395;4705.03;6.25036;0;0;0.1;0.01;0;5.13916;0;0;-1
0;628;50.8415;-83.5289;2.90176;8.5;2572.44;5.11093;0;0;0.1;0.01;0;2.9883;1;0;-1
0;629;52.1864;-64.6094;4.04751;9.83279;3982.16;5.91231;0;0;0.1;0.01;0;5.58615;0;0;-1
0;630;50.3171;-48.4685;3.25997;10.1367;4362.93;6.09505;0;0;0.1;0.01;0;6.36168;0;0;-1
0;631;53.4019;-33.6515;4.79563;8.5;2572.44;5.11093;0;0;0.1;0.01;0;5.81026;1;0;-1
0;632;51.3828;-15.829;2.99671;8.60239;2666.53;5.17249;0;0;0.1;0.01;0;5.11831;0;0;-1
0;633;52.1578;1.13622;2.46936;8.51441;2585.55;5.11959;0;0;0.1;0.01;0;5.43439;0;0;-1
0;634;52.374;17.0459;1.66305;9.47502;3563.11;5.69719;0;0;0.1;0.01;0;7.31152;0;0;-1
0;635;50.1824;34.3882;2.73682;9.80689;3950.78;5.89674;0;0;0.1;0.01;0;6.2322;0;0;-1
0;636;51.3755;54.6321;4.69603;8.5;2572.44;5.11093;0;0;0.1;0.01;0;5.01794;1;0;-1
0;637;50.0074;67.7074;3.25786;9.09874;3155.24;5.47094;0;0;0.1;0.01;0;4.70032;0;0;-1
0;638;68.0564;-56.0618;4.6833;9.91865;4087.39;5.96394;0;0;0.1;0.01;0;4.38809;0;0;-1
0;639;67.5946;-39.0415;2.40503;9.67029;3787.97;5.81461;0;0;0.1;0.01;0;7.08939;0;0;-1
0;640;64.7296;-24.1602;3.89892;8.59961;2663.94;5.17082;0;0;0.1;0.01;0;5.67726;0;0;-1
0;641;67.8251;-6.65465;4.42565;8.5;2572.44;5.11093;0;0;0.1;0.01;0;4.86816;1;0;-1
0;642;65.6288;12.2039;3.83407;10.2544;4516.68;6.16582;0;0;0.1;0.01;0;6.71953;0;0;-1
0;643;65.486;25.9376;3.9427;8.5;2572.44;5.11093;0;0;0.1;0.01;0;6.09748;1;0;-1
0;644;66.9166;44.3101;4.35753;9.40417;3483.77;5.65459;0;0;0.1;0.01;0;5.69801;0;0;-1
0;645;67.4213;60.1776;4.32261;9.78995;3930.34;5.88655;0;0;0.1;0.01;0;4.46621;0;0;-1
0;646;82.3312;-47.3946;5.10418;9.16647;3226.23;5.51167;0;0;0.1;0.01;0;3.67546;0;0;-1
0;647;82.1681;-33.1079;3.18114;10.4059;4719.84;6.25692;0;0;0.1;0.01;0;5.82464;0;0;-1
0;648;81.3974;-15.7972;3.84462;9.58771;3691.76;5.76495;0;0;0.1;0.01;0;6.49027;0;0;-1
0;649;79.7745;0.0583714;1.87745;9.17655;3236.88;5.51773;0;0;0.1;0.01;0;5.72939;0;0;-1
0;650;80.9782;18.254;2.44787;9.17519;3235.44;5.51691;0;0;0.1;0.01;0;6.64337;0;0;-1
0;651;82.5339;36.1041;4.0913;10.3563;4652.67;6.22709;0;0;0.1;0.01;0;5.55369;0;0;-1
0;652;82.8039;55.3;4.89465;9.98006;4163.78;6.00087;0;0;0.1;0.01;0;2.84866;0;0;-1
0;653;95.8356;-23.3871;2.10081;10.372;4673.86;6.23653;0;0;0.1;0.01;0;3.62901;0;0;-1
0;654;96.3574;-7.56191;4.2242;9.30892;3378.99;5.59732;0;0;0.1;0.01;0;3.40712;0;0;-1
0;655;94.5266;12.1139;1.93123;9.59168;3696.35;5.76734;0;0;0.1;0.01;0;4.21281;0;0;-1
0;656;94.3107;26.6339;4.4793;10.0281;4224.2;6.02975;0;0;0.1;0.01;0;4.46502;0;0;-1
0;657;-86.8349;-40.7512;19.2034;10.0139;4206.28;6.02121;0;0;0.1;0.01;0;3.22251;0;0;-1
0;658;-85.0772;-21.1767;18.5585;9.39531;3473.94;5.64926;0;0;0.1;0.01;0;3.28268;0;0;-1
0;659;-84.8755;-4.98892;19.2733;9.9256;4095.99;5.96812;0;0;0.1;0.01;0;4.603;0;0;-1
0;660;-86.6497;10.4803;17.1897;9.41782;3498.97;5.6628;0;0;0.1;0.01;0;4.71491;0;0;-1
0;661;-85.7246;27.104;18.3018;8.5;2572.44;5.11093;0;0;0.1;0.01;0;3.21745;1;0;-1
0;662;-84.2554;45.3266;18.9261;8.68184;2741.09;5.22026;0;0;0.1;0.01;0;2.72881;0;0;-1
0;663;-72.1077;-63.6407;19.8423;9.46219;3548.65;5.68948;0;0;0.1;0.01;0;3.35761;0;0;-1
0;664;-70.8109;-48.5638;16.669;9.04696;3101.68;5.43981;0;0;0.1;0.01;0;6.1127;0;0;-1
0;665;-68.9831;-33.873;19.1891;8.5;2572.44;5.11093;0;0;0.1;0.01;0;5.46819;1;0;-1
0;666;-71.9578;-13.1876;19.016;9.90376;4069.01;5.95499;0;0;0.1;0.01;0;7.23531;0;0;-1
0;667;-69.3891;2.1745;19.7056;9.7357;3865.36;5.85394;0;0;0.1;0.01;0;6.93224;0;0;-1
0;668;-70.2479;18.6414;19.2954;9.64972;3763.85;5.80224;0;0;0.1;0.01;0;5.80129;0;0;-1
0;669;-70.2926;34.2594;16.7406;8.77909;2834.24;5.27874;0;0;0.1;0.01;0;4.32304;0;0;-1
0;670;-70.2541;52.8834;16.264;8.5;2572.44;5.11093;0;0;0.1;0.01;0;3.91603;1;0;-1
0;671;-58.0239;-74.9491;17.1204;10.065;4271;6.05194;0;0;0.1;0.01;0;4.51432;0;0;-1
0;672;-57.4979;-58.6519;18.7025;9.47117;3558.77;5.69488;0;0;0.1;0.01;0;6.43733;0;0;-1
0;673;-56.2017;-39.5358;17.4581;10.2399;4497.55;6.1571;0;0;0.1;0.01;0;7.40272;0;0;-1
0;674;-57.0871;-23.268;16.914;8.9323;2985.23;5.37086;0;0;0.1;0.01;0;5.73291;0;0;-1
0;675;-55.1863;-6.46338;16.0513;9.97374;4155.88;5.99707;0;0;0.1;0.01;0;6.24364;0;0;-1
0;676;-57.1287;8.61657;17.4056;8.70387;2762.01;5.23351;0;0;0.1;0.01;0;5.3837;0;0;-1
0;677;-55.3833;26.7705;16.7914;9.65507;3770.12;5.80545;0;0;0.1;0.01;0;5.7082;0;0;-1
0;678;-54.9728;46.9015;18.9447;8.5;2572.44;5.11093;0;0;0.1;0.01;0;4.35207;1;0;-1
0;679;-53.9878;61.9313;18.2804;8.67427;2733.93;5.21571;0;0;0.1;0.01;0;3.80874;0;0;-1
0;680;-53.794;78.0459;19.6573;9.60026;3706.27;5.7725;0;0;0.1;0.01;0;2.6391;0;0;-1
0;681;-41.695;-84.617;16.8511;9.64536;3758.75;5.79962;0;0;0.1;0.01;0;4.32949;0;0;-1
0;682;-40.6309;-67.4722;17.7333;8.98447;3037.85;5.40223;0;0;0.1;0.01;0;5.51425;0;0;-1
0;683;-40.4632;-47.7829;16.7386;9.09298;3149.25;5.46748;0;0;0.1;0.01;0;5.25915;0;0;-1
0;684;-42.5306;-33.0304;18.197;9.56256;3662.78;5.74983;0;0;0.1;0.01;0;6.35479;0;0;-1
0;685;-42.1545;-13.7538;16.4897;8.5;2572.44;5.11093;0;0;0.1;0.01;0;4.91461;1;0;-1
0;686;-39.9931;2.28342;17.7241;8.8338;2887.56;5.31164;0;0;0.1;0.01;0;5.08227;0;0;-1
0;687;-42.2121;18.6846;18.4628;8.81873;2872.81;5.30257;0;0;0.1;0.01;0;5.4335;0;0;-1
0;688;-41.1644;33.7369;18.2786;8.97255;3025.77;5.39506;0;0;0.1;0.01;0;5.19045;0;0;-1
0;689;-39.7068;53.2114;18.5451;8.97931;3032.62;5.39913;0;0;0.1;0.01;0;4.73839;0;0;-1
0;690;-39.5877;71.4837;16.3988;10.2106;4459.05;6.13949;0;0;0.1;0.01;0;5.90413;0;0;-1
0;691;-41.5955;87.7504;18.5403;8.98874;3042.18;5.4048;0;0;0.1;0.01;0;2.92987;0;0;-1
0;692;-27.764;-93.4539;16.8245;10.4523;4783.26;6.28482;0;0;0.1;0.01;0;3.98016;0;0;-1
0;693;-27.5069;-72.8544;18.4999;9.83112;3980.13;5.91131;0;0;0.1;0.01;0;6.16555;0;0;-1
0;694;-25.3711;-56.7099;16.2783;8.5;2572.44;5.11093;0;0;0.1;0.01;0;4.44976;1;0;-1
0;695;-24.5005;-40.3794;17.8456;8.88227;2935.35;5.34078;0;0;0.1;0.01;0;5.48563;0;0;-1
0;696;-28.3605;-24.7196;16.3224;9.59361;3698.58;5.7685;0;0;0.1;0.01;0;6.04775;0;0;-1
0;697;-28.3793;-7.18462;16.0132;9.33032;3402.34;5.61019;0;0;0.1;0.01;0;5.2928;0;0;-1
0;698;-26.9614;10.6802;16.4842;9.60486;3711.6;5.77526;0;0;0.1;0.01;0;6.09176;0;0;-1
0;699;-27.4514;28.0503;17.3607;9.05772;3112.76;5.44628;0;0;0.1;0.01;0;5.12933;0;0;-1
0;700;-25.4593;45.9295;17.6351;9.58543;3689.13;5.76358;0;0;0.1;0.01;0;5.76629;0;0;-1
0;701;-28.1543;62.0597;16.4052;9.01678;3070.74;5.42166;0;0;0.1;0.01;0;5.90501;0;0;-1
0;702;-27.4135;80.4118;16.315;10.1887;4430.42;6.12632;0;0;0.1;0.01;0;5.89169;0;0;-1
0;703;-13.292;-83.6115;17.6385;9.77088;3907.42;5.87509;0;0;0.1;0.01;0;5.45646;0;0;-1
0;704;-13.7335;-65.6444;17.0242;8.5;2572.44;5.11093;0;0;0.1;0.01;0;4.20829;1;0;-1
0;705;-11.1819;-47.5328;16.2691;9.7905;3931;5.88689;0;0;0.1;0.01;0;5.44953;0;0;-1
0;706;-12.3523;-30.782;19.3421;8.63701;2698.85;5.19331;0;0;0.1;0.01;0;5.76207;0;0;-1
0;707;-11.5495;-16.1889;17.4757;9.71429;3839.92;5.84106;0;0;0.1;0.01;0;6.34218;0;0;-1
0;708;-13.67;1.66398;17.131;10.0878;4300.09;6.06565;0;0;0.1;0.01;0;7.02315;0;0;-1
0;709;-13.1787;20.7914;16.6106;10.0841;4295.36;6.06342;0;0;0.1;0.01;0;6.26951;0;0;-1
0;710;-10.9574;37.3195;17.2894;8.97727;3030.55;5.3979;0;0;0.1;0.01;0;5.49419;0;0;-1
0;711;-10.0192;52.3621;18.2996;10.1287;4352.61;6.09024;0;0;0.1;0.01;0;6.64241;0;0;-1
0;712;-11.6697;68.4265;18.3671;8.59754;2662.02;5.16958;0;0;0.1;0.01;0;5.20839;0;0;-1
0;713;-11.0487;85.2593;18.6692;8.5;2572.44;5.11093;0;0;0.1;0.01;0;3.73867;1;0;-1
0;714;1.68356;-91.9825;17.435;10.248;4508.23;6.16197;0;0;0.1;0.01;0;3.90923;0;0;-1
0;715;4.58323;-72.2716;15.9879;8.68782;2746.76;5.22386;0;0;0.1;0.01;0;5.15364;0;0;-1
0;716;2.81505;-56.9728;17.3343;8.5;2572.44;5.11093;0;0;0.1;0.01;0;5.54437;1;0;-1
0;717;2.96277;-39.8534;16.6709;9.887;4048.39;5.94491;0;0;0.1;0.01;0;6.58569;0;0;-1
0;718;2.38371;-24.4655;16.4622;8.82136;2875.38;5.30416;0;0;0.1;0.01;0;5.6352;0;0;-1
0;719;4.97629;-8.36939;17.1084;8.57217;2638.52;5.15432;0;0;0.1;0.01;0;4.74348;0;0;-1
0;720;4.17701;9.65086;16.3856;9.89258;4055.25;5.94826;0;0;0.1;0.01;0;4.89217;0;0;-1
0;721;2.15881;28.5077;16.642;9.95865;4137.04;5.98799;0;0;0.1;0.01;0;6.2478;0;0;-1
0;722;2.53413;46.1883;15.6173;8.5982;2662.63;5.16997;0;0;0.1;0.01;0;5.80255;0;0;-1
0;723;2.66184;63.4008;15.8897;10.4039;4717.12;6.25571;0;0;0.1;0.01;0;6.71233;0;0;-1
0;724;0.993136;77.9618;15.936;8.66392;2724.16;5.20949;0;0;0.1;0.01;0;5.68475;0;0;-1
0;725;4.69532;93.0913;17.776;8.70908;2766.98;5.23664;0;0;0.1;0.01;0;2.89482;0;0;-1
0;726;17.7783;-82.382;17.1064;10.0453;4245.97;6.04009;0;0;0.1;0.01;0;5.13199;0;0;-1
0;727;15.7961;-64.4112;16.379;8.5;2572.44;5.11093;0;0;0.1;0.01;0;4.94423;1;0;-1
0;728;16.0254;-50.0856;18.3082;9.61978;3728.93;5.78423;0;0;0.1;0.01;0;5.55233;0;0;-1
0;729;18.9309;-33.9803;18.1049;8.5;2572.44;5.11093;0;0;0.1;0.01;0;4.31269;1;0;-1
0;730;18.3562;-17.0129;17.3436;9.30503;3374.75;5.59498;0;0;0.1;0.01;0;5.77385;0;0;-1
0;731;17.463;2.71623;18.4902;8.54447;2613.03;5.13767;0;0;0.1;0.01;0;4.74164;0;0;-1
0;732;16.5757;21.1423;16.2199;9.14026;3198.63;5.49591;0;0;0.1;0.01;0;6.27642;0;0;-1
0;733;16.5154;37.0716;17.4428;8.88866;2941.69;5.34462;0;0;0.1;0.01;0;5.8887;0;0;-1
0;734;19.6642;52.9286;17.6975;8.85858;2911.93;5.32654;0;0;0.1;0.01;0;5.16896;0;0;-1
0;735;16.4174;69.776;17.3875;8.51644;2587.4;5.12081;0;0;0.1;0.01;0;5.15589;0;0;-1
0;736;17.9151;85.6758;16.4557;9.17315;3233.29;5.51568;0;0;0.1;0.01;0;3.5667;0;0;-1
0;737;33.1771;-92.4852;15.9322;9.05955;3114.64;5.44738;0;0;0.1;0.01;0;1.6903;0;0;-1
0;738;33.7883;-73.7675;16.1058;9.51316;3606.31;5.72013;0;0;0.1;0.01;0;5.47748;0;0;-1
0;739;33.1769;-55.2458;18.0159;9.15668;3215.9;5.50578;0;0;0.1;0.01;0;4.54161;0;0;-1
0;740;33.6533;-39.0244;18.0704;8.5;2572.44;5.11093;0;0;0.1;0.01;0;5.3287;1;0;-1
0;741;31.4398;-24.4853;16.3346;9.37929;3456.2;5.63963;0;0;0.1;0.01;0;6.48255;0;0;-1
0;742;30.7133;-8.05809;18.5948;9.30862;3378.66;5.59714;0;0;0.1;0.01;0;5.49711;0;0;-1
0;743;30.5291;11.5658;17.0176;8.87722;2930.35;5.33774;0;0;0.1;0.01;0;5.13275;0;0;-1
0;744;32.0966;26.8756;16.7699;8.78131;2836.39;5.28007;0;0;0.1;0.01;0;5.40248;0;0;-1
0;745;33.2184;45.7684;16.5227;8.5;2572.44;5.11093;0;0;0.1;0.01;0;5.28842;1;0;-1
0;746;30.4847;63.4347;19.4768;9.08213;3137.99;5.46095;0;0;0.1;0.01;0;6.81691;0;0;-1
0;747;30.6496;77.8134;17.8492;9.25776;3323.58;5.56656;0;0;0.1;0.01;0;5.18512;0;0;-1
0;748;45.3092;-81.248;16.0911;9.99665;4184.58;6.01084;0;0;0.1;0.01;0;4.70908;0;0;-1
0;749;48.9051;-67.6356;17.0028;8.61752;2680.62;5.18159;0;0;0.1;0.01;0;5.08357;0;0;-1
0;750;47.5119;-48.1664;18.5963;8.5;2572.44;5.11093;0;0;0.1;0.01;0;4.60415;1;0;-1
0;751;46.7617;-31.8967;16.6158;9.52674;3621.78;5.72829;0;0;0.1;0.01;0;6.82991;0;0;-1
0;752;46.3614;-15.3167;17.5049;9.96599;4146.2;5.99241;0;0;0.1;0.01;0;6.40266;0;0;-1
0;753;46.2071;4.39669;19.4797;9.61473;3723.06;5.7812;0;0;0.1;0.01;0;5.43059;0;0;-1
0;754;48.789;20.4699;17.339;9.77667;3914.37;5.87857;0;0;0.1;0.01;0;6.22932;0;0;-1
0;755;46.8609;34.8772;18.983;8.5;2572.44;5.11093;0;0;0.1;0.01;0;5.23677;1;0;-1
0;756;45.0844;54.093;16.5892;10.1386;4365.39;6.09619;0;0;0.1;0.01;0;6.57346;0;0;-1
0;757;46.9792;68.9792;17.7794;8.7934;2848.13;5.28734;0;0;0.1;0.01;0;5.04235;0;0;-1
0;758;45.9428;86.0463;19.6712;8.5;2572.44;5.11093;0;0;0.1;0.01;0;1.28305;1;0;-1
0;759;61.2226;-75.4452;17.4867;9.74749;3879.42;5.86102;0;0;0.1;0.01;0;2.82093;0;0;-1
0;760;62.3061;-57.9506;18.1587;8.5;2572.44;5.11093;0;0;0.1;0.01;0;4.9483;1;0;-1
0;761;62.561;-38.7119;16.7036;10.097;4311.87;6.07118;0;0;0.1;0.01;0;7.49652;0;0;-1
0;762;60.4202;-24.2766;16.5112;9.90118;4065.83;5.95344;0;0;0.1;0.01;0;7.54654;0;0;-1
0;763;60.376;-7.4041;16.7524;8.93108;2984.01;5.37013;0;0;0.1;0.01;0;4.81208;0;0;-1
0;764;62.4588;10.6035;16.9649;9.45392;3539.36;5.6845;0;0;0.1;0.01;0;5.77884;0;0;-1
0;765;61.6866;28.5334;16.4791;10.2254;4478.47;6.14838;0;0;0.1;0.01;0;7.22269;0;0;-1
0;766;61.8675;45.2087;19.0337;8.67367;2733.36;5.21535;0;0;0.1;0.01;0;6.07917;0;0;-1
0;767;62.2937;63.6383;19.0451;10.0225;4217.13;6.02638;0;0;0.1;0.01;0;4.83286;0;0;-1
0;768;75.9042;-50.2077;19.509;8.70096;2759.24;5.23176;0;0;0.1;0.01;0;3.01415;0;0;-1
0;769;76.046;-33.4773;18.3397;10.0886;4301.12;6.06613;0;0;0.1;0.01;0;6.13488;0;0;-1
0;770;77.6183;-16.9525;16.7455;8.5;2572.44;5.11093;0;0;0.1;0.01;0;4.96286;1;0;-1
0;771;74.882;0.850973;19.4085;8.71841;2775.88;5.24225;0;0;0.1;0.01;0;4.44522;0;0;-1
0;772;76.4904;20.1083;16.1867;9.82373;3971.16;5.90687;0;0;0.1;0.01;0;6.53789;0;0;-1
0;773;74.8212;37.9204;19.0709;10.3722;4674.14;6.23665;0;0;0.1;0.01;0;6.7356;0;0;-1
0;774;76.52;52.4285;18.7577;8.77615;2831.4;5.27697;0;0;0.1;0.01;0;4.58155;0;0;-1
0;775;91.5291;-22.0675;18.6399;9.7875;3927.39;5.88508;0;0;0.1;0.01;0;4.34594;0;0;-1
0;776;92.7486;-7.35922;19.9346;8.5;2572.44;5.11093;0;0;0.1;0.01;0;2.61906;1;0;-1
0;777;91.6985;9.32803;16.2197;9.05672;3111.73;5.44567;0;0;0.1;0.01;0;2.52659;0;0;-1
0;778;89.4697;26.8433;17.3916;9.35384;3428.14;5.62433;0;0;0.1;0.01;0;4.0785;0;0;-1
0;779;-93.5862;2.40867;34.5653;8.55786;2625.33;5.14572;0;0;0.1;0.01;0;2.845;0;0;-1
0;780;-82.0372;-39.7111;31.6364;9.85962;4014.85;5.92845;0;0;0.1;0.01;0;3.15587;0;0;-1
0;781;-79.6828;-25.0862;32.4546;9.32437;3395.84;5.60661;0;0;0.1;0.01;0;4.25377;0;0;-1
0;782;-79.0025;-6.09057;34.0272;9.22038;3283.49;5.54408;0;0;0.1;0.01;0;5.97798;0;0;-1
0;783;-80.1795;10.046;31.817;8.73128;2788.19;5.24999;0;0;0.1;0.01;0;4.89464;0;0;-1
0;784;-82.7017;25.871;30.9213;9.40262;3482.05;5.65366;0;0;0.1;0.01;0;2.74846;0;0;-1
0;785;-79.9045;46.0336;31.3476;8.54151;2610.31;5.13589;0;0;0.1;0.01;0;2.20412;0;0;-1
0;786;-65.9611;-66.8903;33.9545;9.46889;3556.2;5.69351;0;0;0.1;0.01;0;3.41715;0;0;-1
0;787;-66.6274;-47.6755;32.2398;9.70994;3834.76;5.83845;0;0;0.1;0.01;0;4.79093;0;0;-1
0;788;-64.3059;-30.7679;34.204;9.95636;4134.19;5.98661;0;0;0.1;0.01;0;6.5572;0;0;-1
0;789;-66.7749;-15.5617;31.0167;8.5;2572.44;5.11093;0;0;0.1;0.01;0;5.95303;1;0;-1
0;790;-65.6113;0.0154086;34.1225;8.9441;2997.08;5.37796;0;0;0.1;0.01;0;5.98541;0;0;-1
0;791;-66.5561;18.1289;33.8939;8.5;2572.44;5.11093;0;0;0.1;0.01;0;4.43016;1;0;-1
0;792;-64.4091;35.169;31.6614;8.58667;2651.94;5.16304;0;0;0.1;0.01;0;4.16616;0;0;-1
0;793;-66.8392;53.0593;33.2027;9.91933;4088.23;5.96435;0;0;0.1;0.01;0;3.57387;0;0;-1
0;794;-53.1839;-73.3263;30.6165;10.1149;4334.84;6.08194;0;0;0.1;0.01;0;4.85191;0;0;-1
0;795;-50.1851;-58.7155;30.9908;9.48167;3570.62;5.70119;0;0;0.1;0.01;0;6.0249;0;0;-1
0;796;-49.837;-38.4009;31.6506;9.72083;3847.68;5.84499;0;0;0.1;0.01;0;6.12835;0;0;-1
0;797;-52.8051;-21.2981;31.1175;8.5;2572.44;5.11093;0;0;0.1;0.01;0;4.91622;1;0;-1
0;798;-52.7071;-7.29124;34.1915;9.66627;3783.25;5.81219;0;0;0.1;0.01;0;4.4778;0;0;-1
0;799;-51.6678;11.8689;31.7835;8.5;2572.44;5.11093;0;0;0.1;0.01;0;4.15959;1;0;-1
0;800;-50.7152;29.4074;32.6075;8.5;2572.44;5.11093;0;0;0.1;0.01;0;5.23647;1;0;-1
0;801;-52.7803;43.3424;33.1279;8.5;2572.44;5.11093;0;0;0.1;0.01;0;5.24246;1;0;-1
0;802;-51.6449;60.0688;33.974;8.5;2572.44;5.11093;0;0;0.1;0.01;0;4.23764;1;0;-1
0;803;-35.644;-85.3961;34.2826;10.1766;4414.65;6.11904;0;0;0.1;0.01;0;3.63825;0;0;-1
0;804;-38.0028;-66.379;31.2841;8.5;2572.44;5.11093;0;0;0.1;0.01;0;4.56015;1;0;-1
0;805;-37.9457;-47.2927;33.125;9.74583;3877.44;5.86003;0;0;0.1;0.01;0;5.96589;0;0;-1
0;806;-34.4751;-33.032;33.0289;10.2533;4515.23;6.16516;0;0;0.1;0.01;0;6.52064;0;0;-1
0;807;-35.1757;-16.2785;32.717;8.8572;2910.57;5.32571;0;0;0.1;0.01;0;4.12941;0;0;-1
0;808;-35.3366;2.98292;32.2975;8.80953;2863.83;5.29704;0;0;0.1;0.01;0;4.53553;0;0;-1
0;809;-38.3047;17.6722;32.7572;8.96634;3019.49;5.39133;0;0;0.1;0.01;0;4.90028;0;0;-1
0;810;-36.9788;37.9459;31.6624;9.65063;3764.92;5.80278;0;0;0.1;0.01;0;6.0836;0;0;-1
0;811;-36.8442;52.4696;32.4195;8.9865;3039.91;5.40345;0;0;0.1;0.01;0;5.22398;0;0;-1
0;812;-37.9034;69.1956;32.125;8.5;2572.44;5.11093;0;0;0.1;0.01;0;3.35716;1;0;-1
0;813;-20.9659;-91.024;34.0189;9.86408;4020.3;5.93113;0;0;0.1;0.01;0;3.76636;0;0;-1
0;814;-22.9279;-74.3023;32.2352;8.5;2572.44;5.11093;0;0;0.1;0.01;0;5.11959;1;0;-1
0;815;-22.8362;-57.0529;34.4225;8.61747;2680.57;5.18156;0;0;0.1;0.01;0;4.58579;0;0;-1
0;816;-21.8588;-42.7415;31.8967;8.61331;2676.69;5.17906;0;0;0.1;0.01;0;5.68022;0;0;-1
0;817;-20.4319;-21.6652;31.3815;8.5;2572.44;5.11093;0;0;0.1;0.01;0;3.95899;1;0;-1
0;818;-20.9572;-4.75617;34.0474;9.37895;3455.82;5.63943;0;0;0.1;0.01;0;5.90079;0;0;-1
0;819;-21.7898;11.1934;31.6446;8.93559;2988.53;5.37284;0;0;0.1;0.01;0;5.87777;0;0;-1
0;820;-22.997;29.369;33.7835;9.49202;3582.32;5.70741;0;0;0.1;0.01;0;5.55431;0;0;-1
0;821;-20.7379;44.2977;33.8131;9.19925;3260.96;5.53138;0;0;0.1;0.01;0;6.29434;0;0;-1
0;822;-20.4338;59.6984;30.977;8.65751;2718.11;5.20564;0;0;0.1;0.01;0;5.12075;0;0;-1
0;823;-21.7717;76.7158;32.6705;10.0526;4255.24;6.04448;0;0;0.1;0.01;0;4.7383;0;0;-1
0;824;-6.81889;-81.4845;33.0058;10.2345;4490.44;6.15386;0;0;0.1;0.01;0;5.73696;0;0;-1
0;825;-7.58359;-65.8509;32.0431;9.11861;3175.96;5.48289;0;0;0.1;0.01;0;4.85383;0;0;-1
0;826;-8.80962;-46.9392;30.7959;9.1191;3176.47;5.48318;0;0;0.1;0.01;0;5.15131;0;0;-1
0;827;-5.46153;-32.6273;31.1724;8.5;2572.44;5.11093;0;0;0.1;0.01;0;4.74438;1;0;-1
0;828;-8.8415;-13.1737;31.5888;10.4144;4731.42;6.26203;0;0;0.1;0.01;0;6.59197;0;0;-1
0;829;-7.4653;3.47546;31.953;9.30981;3379.96;5.59785;0;0;0.1;0.01;0;6.08623;0;0;-1
0;830;-6.85643;20.9998;33.6362;10.0649;4270.88;6.05188;0;0;0.1;0.01;0;5.67557;0;0;-1
0;831;-7.47936;37.7984;34.084;9.13604;3194.2;5.49337;0;0;0.1;0.01;0;6.1434;0;0;-1
0;832;-5.84976;51.7264;33.6898;8.5;2572.44;5.11093;0;0;0.1;0.01;0;5.49192;1;0;-1
0;833;-7.20011;69.7826;32.4;8.73803;2794.66;5.25405;0;0;0.1;0.01;0;4.34997;0;0;-1
0;834;-6.78388;88.6495;31.1334;8.56897;2635.57;5.1524;0;0;0.1;0.01;0;2.16876;0;0;-1
0;835;8.25015;-89.4385;34.66;8.757;2812.9;5.26546;0;0;0.1;0.01;0;3.18309;0;0;-1
0;836;7.70433;-74.4741;32.5003;10.4534;4784.77;6.28548;0;0;0.1;0.01;0;7.03451;0;0;-1
0;837;6.34241;-58.9466;31.8199;8.79873;2853.31;5.29055;0;0;0.1;0.01;0;5.10509;0;0;-1
0;838;8.48685;-42.9142;33.2037;10.0561;4259.68;6.04659;0;0;0.1;0.01;0;6.75214;0;0;-1
0;839;6.86402;-23.8857;32.7533;8.90408;2957.03;5.35389;0;0;0.1;0.01;0;4.87989;0;0;-1
0;840;7.2137;-6.04574;33.7237;9.87605;4034.95;5.93833;0;0;0.1;0.01;0;6.05216;0;0;-1
0;841;5.64668;8.7925;34.3828;9.10205;3158.68;5.47293;0;0;0.1;0.01;0;4.74129;0;0;-1
0;842;8.33843;27.8219;31.0468;9.25309;3318.55;5.56375;0;0;0.1;0.01;0;5.16021;0;0;-1
0;843;6.79209;42.8922;30.5915;10.1876;4428.99;6.12566;0;0;0.1;0.01;0;6.42095;0;0;-1
0;844;8.63523;61.5762;30.9009;8.68436;2743.48;5.22178;0;0;0.1;0.01;0;4.7567;0;0;-1
0;845;9.12084;78.9343;31.9049;9.46328;3549.88;5.69013;0;0;0.1;0.01;0;4.70451;0;0;-1
0;846;23.1433;-82.6654;33.8569;9.93443;4106.93;5.97343;0;0;0.1;0.01;0;4.76711;0;0;-1
0;847;22.6471;-67.9654;33.0082;9.85623;4010.71;5.92641;0;0;0.1;0.01;0;5.40294;0;0;-1
0;848;23.8647;-47.7351;33.3888;8.90151;2954.47;5.35235;0;0;0.1;0.01;0;5.89555;0;0;-1
0;849;21.1368;-32.2877;32.4704;10.1635;4397.63;6.11117;0;0;0.1;0.01;0;7.03967;0;0;-1
0;850;22.1175;-14.0066;32.2156;10.1553;4386.99;6.10623;0;0;0.1;0.01;0;6.79679;0;0;-1
0;851;22.3364;0.48092;30.9425;8.92445;2977.37;5.36614;0;0;0.1;0.01;0;5.12685;0;0;-1
0;852;23.0069;19.3391;30.4857;9.06881;3124.2;5.45294;0;0;0.1;0.01;0;4.82291;0;0;-1
0;853;22.1068;37.5551;33.9805;9.3486;3422.38;5.62118;0;0;0.1;0.01;0;5.73708;0;0;-1
0;854;23.7952;51.3866;32.574;9.90615;4071.96;5.95642;0;0;0.1;0.01;0;6.81276;0;0;-1
0;855;22.3246;68.7563;30.9993;8.75237;2808.44;5.26267;0;0;0.1;0.01;0;5.90278;0;0;-1
0;856;20.8545;89.3909;34.225;9.34689;3420.5;5.62015;0;0;0.1;0.01;0;1.60148;0;0;-1
0;857;35.7845;-74.7294;32.7929;8.5;2572.44;5.11093;0;0;0.1;0.01;0;3.4268;1;0;-1
0;858;37.1872;-55.0856;32.8425;9.55435;3653.36;5.74489;0;0;0.1;0.01;0;5.76153;0;0;-1
0;859;35.5697;-38.4128;30.8878;8.5;2572.44;5.11093;0;0;0.1;0.01;0;5.30854;1;0;-1
0;860;37.5003;-21.9797;32.1805;8.5;2572.44;5.11093;0;0;0.1;0.01;0;4.75592;1;0;-1
0;861;35.8976;-4.81197;33.206;9.17157;3231.62;5.51473;0;0;0.1;0.01;0;5.72602;0;0;-1
0;862;38.7426;9.35191;32.4885;8.59517;2659.82;5.16815;0;0;0.1;0.01;0;4.91458;0;0;-1
0;863;38.1022;25.5622;32.9963;9.81869;3965.06;5.90384;0;0;0.1;0.01;0;5.59359;0;0;-1
0;864;38.3506;43.1659;33.094;9.76301;3897.98;5.87036;0;0;0.1;0.01;0;6.01975;0;0;-1
0;865;35.3783;61.8611;33.7036;9.76121;3895.83;5.86927;0;0;0.1;0.01;0;6.6247;0;0;-1
0;866;36.8561;77.251;32.1587;10.0224;4217;6.02632;0;0;0.1;0.01;0;5.23551;0;0;-1
0;867;52.8263;-64.6679;31.9333;9.06145;3116.6;5.44852;0;0;0.1;0.01;0;3.9718;0;0;-1
0;868;53.1639;-49.3381;32.1256;9.43641;3519.73;5.67398;0;0;0.1;0.01;0;5.65555;0;0;-1
0;869;52.0707;-33.3851;32.4087;9.52844;3623.71;5.72931;0;0;0.1;0.01;0;6.14121;0;0;-1
0;870;51.5475;-17.3177;31.5989;9.93219;4104.15;5.97208;0;0;0.1;0.01;0;6.32221;0;0;-1
0;871;53.2099;0.913502;33.8723;10.0205;4214.6;6.02518;0;0;0.1;0.01;0;6.8675;0;0;-1
0;872;52.4601;17.8208;33.3871;8.9672;3020.36;5.39185;0;0;0.1;0.01;0;6.01576;0;0;-1
0;873;53.4745;38.147;32.2378;8.9671;3020.26;5.39179;0;0;0.1;0.01;0;6.03616;0;0;-1
0;874;53.2641;53.1802;33.3255;9.60563;3712.5;5.77573;0;0;0.1;0.01;0;6.96852;0;0;-1
0;875;51.427;68.3317;32.4224;9.14929;3208.12;5.50134;0;0;0.1;0.01;0;4.86737;0;0;-1
0;876;67.2582;-58.0661;32.4318;8.83388;2887.64;5.31168;0;0;0.1;0.01;0;3.29149;0;0;-1
0;877;67.6925;-38.6028;31.5533;9.31078;3381.01;5.59844;0;0;0.1;0.01;0;5.34553;0;0;-1
0;878;66.3898;-21.8157;31.9628;9.12977;3187.63;5.4896;0;0;0.1;0.01;0;5.27285;0;0;-1
0;879;66.9432;-4.77129;32.6239;9.85842;4013.38;5.92772;0;0;0.1;0.01;0;5.72474;0;0;-1
0;880;67.2104;10.3584;32.9724;8.94914;3002.15;5.38099;0;0;0.1;0.01;0;6.54937;0;0;-1
0;881;66.2105;28.0158;33.7855;8.61621;2679.4;5.1808;0;0;0.1;0.01;0;5.8215;0;0;-1
0;882;67.3132;45.6458;31.0841;9.11558;3172.79;5.48107;0;0;0.1;0.01;0;6.46656;0;0;-1
0;883;67.0164;59.5024;32.079;9.87652;4035.53;5.93861;0;0;0.1;0.01;0;4.75443;0;0;-1
0;884;79.9441;-30.2581;33.8297;9.91075;4077.63;5.95919;0;0;0.1;0.01;0;4.39813;0;0;-1
0;885;80.1785;-15.9652;30.7232;8.8039;2858.34;5.29366;0;0;0.1;0.01;0;4.50596;0;0;-1
0;886;79.6582;3.68461;33.5508;10.0827;4293.58;6.06258;0;0;0.1;0.01;0;4.94759;0;0;-1
0;887;80.7148;19.7024;34.1945;8.73611;2792.82;5.2529;0;0;0.1;0.01;0;3.84856;0;0;-1
0;888;80.5439;33.635;31.9213;8.98096;3034.29;5.40012;0;0;0.1;0.01;0;4.258;0;0;-1
0;889;-86.3549;-6.44326;47.2389;9.7781;3916.08;5.87943;0;0;0.1;0.01;0;3.24488;0;0;-1
0;890;-85.6594;9.85528;47.7967;10.4049;4718.48;6.25632;0;0;0.1;0.01;0;3.0244;0;0;-1
0;891;-69.0183;-49.9835;48.7949;10.4318;4755.17;6.27249;0;0;0.1;0.01;0;2.88112;0;0;-1
0;892;-69.3914;-33.7473;47.9821;8.5;2572.44;5.11093;0;0;0.1;0.01;0;4.09465;1;0;-1
0;893;-69.3642;-13.3649;47.6957;9.91875;4087.52;5.964;0;0;0.1;0.01;0;5.72706;0;0;-1
0;894;-71.5182;0.837035;46.7828;8.91111;2964.04;5.35812;0;0;0.1;0.01;0;5.62292;0;0;-1
0;895;-68.5675;18.0377;47.0548;8.75571;2811.66;5.26468;0;0;0.1;0.01;0;3.9352;0;0;-1
0;896;-70.5791;36.4568;49.3665;9.25688;3322.63;5.56603;0;0;0.1;0.01;0;1.72425;0;0;-1
0;897;-56.6375;-59.609;46.1495;8.92538;2978.3;5.3667;0;0;0.1;0.01;0;4.10102;0;0;-1
0;898;-57.0577;-39.134;47.6046;9.30218;3371.65;5.59327;0;0;0.1;0.01;0;5.77721;0;0;-1
0;899;-57.0501;-23.2639;47.2606;8.5;2572.44;5.11093;0;0;0.1;0.01;0;5.45179;1;0;-1
0;900;-56.8236;-6.91344;48.8079;9.56046;3660.37;5.74857;0;0;0.1;0.01;0;5.90524;0;0;-1
0;901;-54.5971;12.755;45.9866;8.6949;2753.48;5.22812;0;0;0.1;0.01;0;4.42053;0;0;-1
0;902;-57.7013;29.7397;45.9799;8.5;2572.44;5.11093;0;0;0.1;0.01;0;4.65981;1;0;-1
0;903;-56.3036;45.938;47.0315;8.5;2572.44;5.11093;0;0;0.1;0.01;0;4.46067;1;0;-1
0;904;-54.4428;61.2995;46.4152;8.73256;2789.42;5.25076;0;0;0.1;0.01;0;3.49923;0;0;-1
0;905;-40.6521;-64.3883;45.8773;8.77308;2828.43;5.27513;0;0;0.1;0.01;0;3.66433;0;0;-1
0;906;-40.4058;-50.5742;48.2059;9.14813;3206.9;5.50064;0;0;0.1;0.01;0;5.1591;0;0;-1
0;907;-43.2004;-30.0708;46.097;10.1709;4407.24;6.11561;0;0;0.1;0.01;0;6.05245;0;0;-1
0;908;-41.5087;-14.2958;49.079;8.5;2572.44;5.11093;0;0;0.1;0.01;0;4.98879;1;0;-1
0;909;-41.6408;0.771048;49.259;8.65928;2719.78;5.2067;0;0;0.1;0.01;0;4.60019;0;0;-1
0;910;-42.0946;16.7746;48.2711;10.2808;4551.66;6.1817;0;0;0.1;0.01;0;5.92322;0;0;-1
0;911;-42.3296;35.8762;45.2275;8.59133;2656.26;5.16584;0;0;0.1;0.01;0;4.94969;0;0;-1
0;912;-41.2201;53.239;48.9005;10.1348;4360.48;6.09391;0;0;0.1;0.01;0;6.53535;0;0;-1
0;913;-42.4854;69.7189;48.0948;9.85071;4003.97;5.92309;0;0;0.1;0.01;0;4.23785;0;0;-1
0;914;-27.8297;-76.7442;46.7388;9.0812;3137.03;5.46039;0;0;0.1;0.01;0;2.96295;0;0;-1
0;915;-26.1697;-55.5052;48.3165;8.59395;2658.69;5.16742;0;0;0.1;0.01;0;5.99634;0;0;-1
0;916;-27.6853;-41.4911;46.5311;9.63897;3751.29;5.79577;0;0;0.1;0.01;0;7.57753;0;0;-1
0;917;-28.0301;-24.2528;49.4385;8.5;2572.44;5.11093;0;0;0.1;0.01;0;4.80362;1;0;-1
0;918;-25.7048;-8.79417;47.3291;8.5;2572.44;5.11093;0;0;0.1;0.01;0;4.63721;1;0;-1
0;919;-26.6751;12.0281;46.5362;9.92574;4096.16;5.9682;0;0;0.1;0.01;0;5.77842;0;0;-1
0;920;-26.9574;29.5847;48.5568;10.2075;4454.99;6.13762;0;0;0.1;0.01;0;7.0617;0;0;-1
0;921;-26.3548;45.1522;48.8399;9.22863;3292.31;5.54904;0;0;0.1;0.01;0;6.11762;0;0;-1
0;922;-25.8922;60.8816;46.5186;10.3198;4603.65;6.20515;0;0;0.1;0.01;0;6.87252;0;0;-1
0;923;-25.5709;79.3355;48.4988;9.1597;3219.08;5.50759;0;0;0.1;0.01;0;3.176;0;0;-1
0;924;-12.3605;-80.7876;46.0147;8.874;2927.16;5.33581;0;0;0.1;0.01;0;3.07227;0;0;-1
0;925;-11.8854;-64.6862;47.9595;8.62741;2689.86;5.18754;0;0;0.1;0.01;0;4.45576;0;0;-1
0;926;-13.4931;-47.9733;46.5742;10.3686;4669.27;6.23449;0;0;0.1;0.01;0;7.52126;0;0;-1
0;927;-12.6933;-33.5676;49.1058;10.005;4195.08;6.01586;0;0;0.1;0.01;0;5.88277;0;0;-1
0;928;-11.4136;-13.8825;48.6928;9.93402;4106.42;5.97318;0;0;0.1;0.01;0;6.7718;0;0;-1
0;929;-11.0362;0.268066;46.1089;9.49154;3581.78;5.70713;0;0;0.1;0.01;0;6.64982;0;0;-1
0;930;-13.1762;19.5114;47.8655;10.0132;4205.4;6.02079;0;0;0.1;0.01;0;6.25784;0;0;-1
0;931;-11.2559;37.0973;49.0534;8.84922;2902.71;5.32091;0;0;0.1;0.01;0;6.45059;0;0;-1
0;932;-12.2031;52.5446;48.787;9.02879;3083.03;5.42888;0;0;0.1;0.01;0;7.20775;0;0;-1
0;933;-11.7501;69.7925;48.0784;10.1432;4371.33;6.09896;0;0;0.1;0.01;0;5.86717;0;0;-1
0;934;-12.8159;86.6189;47.9956;8.5;2572.44;5.11093;0;0;0.1;0.01;0;1.66491;1;0;-1
0;935;2.05928;-73.1408;45.8802;8.5;2572.44;5.11093;0;0;0.1;0.01;0;4.91199;1;0;-1
0;936;1.61354;-59.4351;46.6204;8.99434;3047.87;5.40817;0;0;0.1;0.01;0;5.60851;0;0;-1
0;937;2.35125;-42.2772;46.9569;9.40872;3488.83;5.65733;0;0;0.1;0.01;0;5.6519;0;0;-1
0;938;1.44489;-22.409;48.5044;9.3869;3464.62;5.64421;0;0;0.1;0.01;0;5.8213;0;0;-1
0;939;4.30939;-5.38717;49.0419;9.50215;3593.8;5.7135;0;0;0.1;0.01;0;6.81248;0;0;-1
0;940;3.22426;8.86734;49.2382;9.40384;3483.41;5.65439;0;0;0.1;0.01;0;5.80766;0;0;-1
0;941;1.82302;29.6355;47.3243;8.5;2572.44;5.11093;0;0;0.1;0.01;0;5.05015;1;0;-1
0;942;1.0828;45.5426;47.5996;8.53776;2606.88;5.13363;0;0;0.1;0.01;0;6.1719;0;0;-1
0;943;1.48967;60.6214;45.6701;9.03964;3094.15;5.4354;0;0;0.1;0.01;0;5.43692;0;0;-1
0;944;4.93396;79.7293;48.6572;10.1102;4328.8;6.07912;0;0;0.1;0.01;0;3.00542;0;0;-1
0;945;18.9253;-84.4749;48.8919;8.82496;2878.9;5.30632;0;0;0.1;0.01;0;1.9542;0;0;-1
0;946;18.2799;-65.9314;46.709;9.13393;3191.99;5.4921;0;0;0.1;0.01;0;4.69437;0;0;-1
0;947;16.9278;-49.4133;46.2839;8.5;2572.44;5.11093;0;0;0.1;0.01;0;4.61371;1;0;-1
0;948;19.3928;-34.4011;45.9309;10.2763;4545.68;6.17899;0;0;0.1;0.01;0;6.5683;0;0;-1
0;949;16.1478;-14.8602;48.4562;9.22523;3288.67;5.547;0;0;0.1;0.01;0;6.34187;0;0;-1
0;950;18.7802;1.8073;48.5211;8.50641;2578.26;5.11478;0;0;0.1;0.01;0;5.65759;0;0;-1
0;951;17.3924;17.4887;46.772;9.55479;3653.86;5.74516;0;0;0.1;0.01;0;5.23332;0;0;-1
0;952;16.0235;36.3991;49.0129;8.5;2572.44;5.11093;0;0;0.1;0.01;0;4.95173;1;0;-1
0;953;19.2415;50.8486;45.5653;9.03341;3087.76;5.43166;0;0;0.1;0.01;0;5.11148;0;0;-1
0;954;17.4133;71.0966;46.7973;9.52319;3617.73;5.72616;0;0;0.1;0.01;0;4.54239;0;0;-1
0;955;33.2106;-74.2776;48.788;8.9766;3029.87;5.3975;0;0;0.1;0.01;0;3.24283;0;0;-1
0;956;33.1132;-57.1334;47.8279;9.60965;3717.16;5.77814;0;0;0.1;0.01;0;6.04683;0;0;-1
0;957;33.4746;-39.2154;45.8212;9.85133;4004.73;5.92346;0;0;0.1;0.01;0;6.5425;0;0;-1
0;958;30.7979;-22.5153;46.1739;9.98303;4167.5;6.00265;0;0;0.1;0.01;0;6.3888;0;0;-1
0;959;31.9811;-5.04516;47.7728;9.48791;3577.67;5.70494;0;0;0.1;0.01;0;5.83464;0;0;-1
0;960;33.2577;12.0642;47.6415;9.44032;3524.1;5.67633;0;0;0.1;0.01;0;5.47846;0;0;-1
0;961;30.6869;25.7851;46.9796;9.75134;3884.02;5.86334;0;0;0.1;0.01;0;6.52758;0;0;-1
0;962;32.7068;43.2085;48.5133;8.95476;3007.81;5.38437;0;0;0.1;0.01;0;6.11714;0;0;-1
0;963;31.8876;59.33;48.6163;9.99243;4179.28;6.0083;0;0;0.1;0.01;0;6.93079;0;0;-1
0;964;30.9336;76.2503;47.7011;9.44588;3530.33;5.67967;0;0;0.1;0.01;0;4.12441;0;0;-1
0;965;45.9684;-63.6994;46.5663;8.50235;2574.57;5.11234;0;0;0.1;0.01;0;3.30873;0;0;-1
0;966;46.1779;-47.4719;47.5717;10.2055;4452.37;6.13642;0;0;0.1;0.01;0;6.42914;0;0;-1
0;967;47.6512;-31.4591;46.2905;8.5;2572.44;5.11093;0;0;0.1;0.01;0;5.04404;1;0;-1
0;968;45.2282;-13.9433;49.0304;9.26855;3335.22;5.57304;0;0;0.1;0.01;0;5.88846;0;0;-1
0;969;45.8978;-0.221414;45.3772;8.5;2572.44;5.11093;0;0;0.1;0.01;0;5.34623;1;0;-1
0;970;47.716;20.7865;46.8844;10.0206;4214.73;6.02524;0;0;0.1;0.01;0;7.16649;0;0;-1
0;971;45.2997;36.6218;48.5879;9.44979;3534.72;5.68202;0;0;0.1;0.01;0;6.80062;0;0;-1
0;972;46.4702;54.7692;49.1054;9.69619;3818.49;5.83018;0;0;0.1;0.01;0;5.88158;0;0;-1
0;973;45.6606;72.008;48.4236;9.86394;4020.13;5.93104;0;0;0.1;0.01;0;3.34191;0;0;-1
0;974;63.7057;-58.7666;46.4801;8.74716;2803.43;5.25954;0;0;0.1;0.01;0;2.38195;0;0;-1
0;975;62.0139;-42.3745;47.6468;9.36522;3440.67;5.63117;0;0;0.1;0.01;0;5.04841;0;0;-1
0;976;59.8922;-24.0696;48.5157;8.5;2572.44;5.11093;0;0;0.1;0.01;0;4.86026;1;0;-1
0;977;63.6079;-8.69687;46.8166;10.1425;4370.42;6.09854;0;0;0.1;0.01;0;6.67263;0;0;-1
0;978;60.6653;8.134;47.1511;9.86993;4027.46;5.93465;0;0;0.1;0.01;0;6.38239;0;0;-1
0;979;61.5239;26.8088;46.1119;9.90075;4065.3;5.95318;0;0;0.1;0.01;0;6.42486;0;0;-1
0;980;60.1728;43.6481;46.0418;10.1384;4365.13;6.09607;0;0;0.1;0.01;0;6.24421;0;0;-1
0;981;61.1686;61.0007;46.9907;9.12844;3186.24;5.4888;0;0;0.1;0.01;0;3.76155;0;0;-1
0;982;77.2988;-30.3669;48.6444;8.61289;2676.3;5.17881;0;0;0.1;0.01;0;2.62254;0;0;-1
0;983;77.1337;-17.1034;47.7273;8.5;2572.44;5.11093;0;0;0.1;0.01;0;3.16154;1;0;-1
0;984;75.5658;1.82959;46.5484;9.84126;3992.46;5.91741;0;0;0.1;0.01;0;5.04703;0;0;-1
0;985;78.6891;17.3404;48.8021;10.0526;4255.24;6.04448;0;0;0.1;0.01;0;4.18425;0;0;-1
0;986;75.2834;34.697;45.9205;10.2898;4563.62;6.18711;0;0;0.1;0.01;0;4.40697;0;0;-1
0;987;-65.6105;-30.2933;62.264;8.57744;2643.39;5.15749;0;0;0.1;0.01;0;3.43688;0;0;-1
0;988;-66.5755;-15.4239;63.5498;8.87947;2932.58;5.3391;0;0;0.1;0.01;0;3.54019;0;0;-1
0;989;-66.6918;0.547713;61.3331;8.52153;2592.04;5.12387;0;0;0.1;0.01;0;3.48071;0;0;-1
0;990;-66.1504;19.5139;63.9358;9.60852;3715.85;5.77746;0;0;0.1;0.01;0;3.35578;0;0;-1
0;991;-51.8164;-58.4798;60.4485;9.06277;3117.97;5.44931;0;0;0.1;0.01;0;2.13813;0;0;-1
0;992;-51.4181;-38.7593;63.6256;10.4312;4754.35;6.27213;0;0;0.1;0.01;0;5.19808;0;0;-1
0;993;-50.7474;-24.5044;63.3005;8.99047;3043.94;5.40584;0;0;0.1;0.01;0;6.41274;0;0;-1
0;994;-52.7057;-8.79423;61.3358;8.75928;2815.1;5.26683;0;0;0.1;0.01;0;4.57419;0;0;-1
0;995;-53.4878;10.3293;61.644;10.3467;4639.75;6.22132;0;0;0.1;0.01;0;5.60414;0;0;-1
0;996;-53.0254;27.123;62.1051;8.5119;2583.26;5.11808;0;0;0.1;0.01;0;4.04195;0;0;-1
0;997;-51.7551;46.5245;61.8011;9.49673;3587.66;5.71025;0;0;0.1;0.01;0;3.02771;0;0;-1
0;998;-36.3697;-47.5578;60.5191;9.31429;3384.84;5.60055;0;0;0.1;0.01;0;6.1863;0;0;-1
0;999;-36.9134;-33.1681;64.1654;8.56914;2635.73;5.1525;0;0;0.1;0.01;0;5.89262;0;0;-1
0;1000;-35.4722;-15.6539;62.6735;9.77893;3917.08;5.87993;0;0;0.1;0.01;0;6.61945;0;0;-1
0;1001;-36.1648;1.45698;63.9642;8.73934;2795.92;5.25484;0;0;0.1;0.01;0;4.8767;0;0;-1
0;1002;-35.0674;19.5887;62.2243;8.80965;2863.94;5.29711;0;0;0.1;0.01;0;5.88878;0;0;-1
0;1003;-35.2259;37.0921;60.6661;9.96828;4149.06;5.99378;0;0;0.1;0.01;0;6.29333;0;0;-1
0;1004;-38.3044;52.2599;63.8435;9.47991;3568.63;5.70013;0;0;0.1;0.01;0;3.94437;0;0;-1
0;1005;-38.3123;67.9574;60.6983;9.61487;3723.22;5.78128;0;0;0.1;0.01;0;3.18386;0;0;-1
0;1006;-21.3198;-73.2295;63.7643;8.5;2572.44;5.11093;0;0;0.1;0.01;0;1.71376;1;0;-1
0;1007;-23.2926;-57.0287;62.2464;10.4;4711.82;6.25337;0;0;0.1;0.01;0;6.18701;0;0;-1
0;1008;-22.2408;-40.8614;61.3927;10.2717;4539.58;6.17622;0;0;0.1;0.01;0;8.03059;0;0;-1
0;1009;-21.3042;-22.738;63.6617;8.53442;2603.82;5.13162;0;0;0.1;0.01;0;6.24241;0;0;-1
0;1010;-21.9751;-5.56719;62.1271;10.3597;4657.26;6.22914;0;0;0.1;0.01;0;6.43697;0;0;-1
0;1011;-22.1182;10.5195;60.8528;8.5;2572.44;5.11093;0;0;0.1;0.01;0;3.63257;1;0;-1
0;1012;-23.7897;26.8092;63.5272;9.01866;3072.66;5.42279;0;0;0.1;0.01;0;4.69306;0;0;-1
0;1013;-22.4079;44.4758;62.8136;9.87176;4029.7;5.93575;0;0;0.1;0.01;0;6.7719;0;0;-1
0;1014;-21.8342;59.702;60.1793;8.81698;2871.1;5.30152;0;0;0.1;0.01;0;5.4382;0;0;-1
0;1015;-7.87541;-67.6935;60.3492;8.52518;2595.37;5.12607;0;0;0.1;0.01;0;3.88951;0;0;-1
0;1016;-7.8711;-47.7043;63.1288;10.2311;4485.96;6.15181;0;0;0.1;0.01;0;6.71394;0;0;-1
0;1017;-5.56434;-29.8889;63.3947;9.05885;3113.92;5.44696;0;0;0.1;0.01;0;6.57529;0;0;-1
0;1018;-6.85179;-15.3347;60.9664;8.54701;2615.36;5.13919;0;0;0.1;0.01;0;6.62547;0;0;-1
0;1019;-8.78131;0.61703;60.7731;8.5;2572.44;5.11093;0;0;0.1;0.01;0;4.7137;1;0;-1
0;1020;-6.95691;20.8301;60.3914;8.92528;2978.2;5.36664;0;0;0.1;0.01;0;4.61548;0;0;-1
0;1021;-8.83196;36.009;63.5759;9.68264;3802.51;5.82203;0;0;0.1;0.01;0;7.04782;0;0;-1
0;1022;-6.4748;52.1452;61.0301;9.64341;3756.48;5.79844;0;0;0.1;0.01;0;7.5815;0;0;-1
0;1023;-7.43672;67.6712;60.8757;10.3052;4584.14;6.19637;0;0;0.1;0.01;0;4.93624;0;0;-1
0;1024;5.32068;-73.7713;61.9479;8.5;2572.44;5.11093;0;0;0.1;0.01;0;2.23817;1;0;-1
0;1025;6.87166;-57.4064;62.3014;10.176;4413.87;6.11868;0;0;0.1;0.01;0;5.81626;0;0;-1
0;1026;7.74305;-39.3541;61.0381;8.5;2572.44;5.11093;0;0;0.1;0.01;0;4.55281;1;0;-1
0;1027;6.3802;-22.6905;62.3465;9.92312;4092.92;5.96663;0;0;0.1;0.01;0;6.71106;0;0;-1
0;1028;9.17408;-6.37684;62.471;10.2402;4497.94;6.15728;0;0;0.1;0.01;0;6.85773;0;0;-1
0;1029;8.77904;12.1964;62.242;8.66534;2725.5;5.21034;0;0;0.1;0.01;0;4.78746;0;0;-1
0;1030;7.9199;26.3229;63.409;8.5;2572.44;5.11093;0;0;0.1;0.01;0;5.49362;1;0;-1
0;1031;7.42197;42.0757;60.0824;10.2988;4575.6;6.19252;0;0;0.1;0.01;0;6.63306;0;0;-1
0;1032;6.6376;63.086;63.2899;9.3194;3390.41;5.60362;0;0;0.1;0.01;0;4.62275;0;0;-1
0;1033;21.3043;-63.8697;60.9582;8.5;2572.44;5.11093;0;0;0.1;0.01;0;3.69993;1;0;-1
0;1034;23.2571;-50.2972;61.9531;8.5;2572.44;5.11093;0;0;0.1;0.01;0;4.43349;1;0;-1
0;1035;20.934;-32.3612;61.0293;8.5;2572.44;5.11093;0;0;0.1;0.01;0;3.83145;1;0;-1
0;1036;24.2154;-12.6685;60.3678;8.5;2572.44;5.11093;0;0;0.1;0.01;0;5.40485;1;0;-1
0;1037;20.6151;2.95325;61.7827;8.5;2572.44;5.11093;0;0;0.1;0.01;0;5.06414;1;0;-1
0;1038;23.0807;19.7979;63.7345;10.3275;4613.96;6.20978;0;0;0.1;0.01;0;7.342;0;0;-1
0;1039;21.9242;37.8458;63.1524;8.70203;2760.26;5.2324;0;0;0.1;0.01;0;5.68788;0;0;-1
0;1040;21.5798;53.1537;60.422;8.5;2572.44;5.11093;0;0;0.1;0.01;0;5.29746;1;0;-1
0;1041;22.1318;69.1055;61.3962;9.0674;3122.75;5.4521;0;0;0.1;0.01;0;3.39136;0;0;-1
0;1042;34.6694;-59.7299;63.5384;8.5;2572.44;5.11093;0;0;0.1;0.01;0;2.1735;1;0;-1
0;1043;36.1561;-39.3394;62.575;9.23923;3303.66;5.55541;0;0;0.1;0.01;0;4.51134;0;0;-1
0;1044;38.1879;-22.8168;61.8996;8.81792;2872.02;5.30209;0;0;0.1;0.01;0;4.8942;0;0;-1
0;1045;35.7955;-5.05715;62.6126;8.95321;3006.25;5.38344;0;0;0.1;0.01;0;4.80208;0;0;-1
0;1046;38.2666;12.2884;61.3787;9.45337;3538.74;5.68417;0;0;0.1;0.01;0;5.64756;0;0;-1
0;1047;37.9523;26.2084;60.252;8.5;2572.44;5.11093;0;0;0.1;0.01;0;6.73306;1;0;-1
0;1048;35.5209;43.3589;63.5186;9.23679;3301.05;5.55395;0;0;0.1;0.01;0;5.63083;0;0;-1
0;1049;38.6595;60.4728;63.3816;9.72555;3853.28;5.84783;0;0;0.1;0.01;0;3.94841;0;0;-1
0;1050;53.4575;-48.7358;61.7445;9.52246;3616.9;5.72572;0;0;0.1;0.01;0;3.22373;0;0;-1
0;1051;50.366;-33.392;60.8848;8.5;2572.44;5.11093;0;0;0.1;0.01;0;4.87603;1;0;-1
0;1052;51.0236;-15.2807;62.1415;9.58171;3684.83;5.76134;0;0;0.1;0.01;0;5.69826;0;0;-1
0;1053;50.0376;0.790573;62.6956;8.5;2572.44;5.11093;0;0;0.1;0.01;0;4.12993;1;0;-1
0;1054;50.5495;20.6964;60.9328;8.5;2572.44;5.11093;0;0;0.1;0.01;0;5.72161;1;0;-1
0;1055;50.8706;34.8078;61.8184;9.8158;3961.56;5.9021;0;0;0.1;0.01;0;6.01775;0;0;-1
0;1056;53.6962;53.0078;62.7347;10.1404;4367.71;6.09728;0;0;0.1;0.01;0;3.14303;0;0;-1
0;1057;67.0768;-40.8587;60.8973;10.4293;4751.76;6.27099;0;0;0.1;0.01;0;2.85175;0;0;-1
0;1058;64.4521;-21.5183;62.1437;8.5;2572.44;5.11093;0;0;0.1;0.01;0;2.95754;1;0;-1
0;1059;64.4387;-5.43532;61.8731;8.5;2572.44;5.11093;0;0;0.1;0.01;0;4.08175;1;0;-1
0;1060;66.7724;9.19942;60.6564;9.7064;3830.57;5.83632;0;0;0.1;0.01;0;3.28677;0;0;-1
0;1061;65.173;25.031;60.1661;8.80062;2855.15;5.29169;0;0;0.1;0.01;0;2.81877;0;0;-1
0;1062;-54.4214;-23.7643;75.9854;9.34551;3418.99;5.61932;0;0;0.1;0.01;0;3.60376;0;0;-1
0;1063;-56.5059;-4.70189;78.7062;8.5;2572.44;5.11093;0;0;0.1;0.01;0;1.6628;1;0;-1
0;1064;-54.945;10.6829;76.2429;9.32397;3395.4;5.60637;0;0;0.1;0.01;0;3.90379;0;0;-1
0;1065;-56.4422;29.7261;75.0142;10.447;4775.99;6.28163;0;0;0.1;0.01;0;3.23497;0;0;-1
0;1066;-40.0274;-48.964;77.0276;8.5;2572.44;5.11093;0;0;0.1;0.01;0;2.24614;1;0;-1
0;1067;-42.2502;-30.7975;77.7918;8.79456;2849.25;5.28804;0;0;0.1;0.01;0;4.75065;0;0;-1
0;1068;-40.3991;-15.927;75.0974;9.98709;4172.59;6.00509;0;0;0.1;0.01;0;6.54686;0;0;-1
0;1069;-40.4513;2.86723;77.9446;9.51488;3608.27;5.72116;0;0;0.1;0.01;0;5.7314;0;0;-1
0;1070;-41.6331;17.7792;74.6421;8.54694;2615.29;5.13915;0;0;0.1;0.01;0;5.55087;0;0;-1
0;1071;-39.3205;33.6797;76.4762;9.87209;4030.1;5.93594;0;0;0.1;0.01;0;4.14382;0;0;-1
0;1072;-24.3934;-55.1628;76.9403;9.73996;3870.44;5.8565;0;0;0.1;0.01;0;3.46843;0;0;-1
0;1073;-26.2746;-40.8455;74.9494;9.02504;3079.19;5.42663;0;0;0.1;0.01;0;5.50626;0;0;-1
0;1074;-27.4697;-23.1576;76.5338;10.0637;4269.35;6.05116;0;0;0.1;0.01;0;7.0143;0;0;-1
0;1075;-27.2487;-4.52012;77.9009;9.34698;3420.6;5.6202;0;0;0.1;0.01;0;6.55101;0;0;-1
0;1076;-24.9804;12.2889;77.0409;9.04555;3100.23;5.43896;0;0;0.1;0.01;0;5.77551;0;0;-1
0;1077;-25.7894;26.531;77.3013;9.31413;3384.66;5.60045;0;0;0.1;0.01;0;5.89745;0;0;-1
0;1078;-25.3429;43.7257;77.7623;9.28589;3353.97;5.58347;0;0;0.1;0.01;0;3.80736;0;0;-1
0;1079;-10.0669;-47.815;76.4031;8.80812;2862.45;5.29619;0;0;0.1;0.01;0;4.92278;0;0;-1
0;1080;-12.45;-31.1447;76.4186;10.2266;4480.05;6.14911;0;0;0.1;0.01;0;7.47856;0;0;-1
0;1081;-12.8026;-16.1723;74.617;9.40462;3484.27;5.65486;0;0;0.1;0.01;0;7.3506;0;0;-1
0;1082;-13.5669;0.326865;78.4985;10.2202;4471.64;6.14526;0;0;0.1;0.01;0;6.5958;0;0;-1
0;1083;-11.4814;20.5746;78.3168;8.95194;3004.97;5.38267;0;0;0.1;0.01;0;5.81007;0;0;-1
0;1084;-10.8863;36.5094;76.7759;10.0821;4292.81;6.06222;0;0;0.1;0.01;0;7.27536;0;0;-1
0;1085;-11.9906;51.5999;76.3107;9.93362;4105.93;5.97294;0;0;0.1;0.01;0;4.7836;0;0;-1
0;1086;3.54552;-58.8483;76.6031;10.3992;4710.73;6.25289;0;0;0.1;0.01;0;3.37176;0;0;-1
0;1087;1.3758;-42.2296;78.4828;8.5;2572.44;5.11093;0;0;0.1;0.01;0;4.977;1;0;-1
0;1088;4.76899;-23.2439;76.3342;10.0445;4244.96;6.03961;0;0;0.1;0.01;0;6.80898;0;0;-1
0;1089;1.30225;-7.59596;78.2448;9.92445;4094.57;5.96743;0;0;0.1;0.01;0;6.26999;0;0;-1
0;1090;3.26875;11.4172;77.6353;8.90179;2954.75;5.35252;0;0;0.1;0.01;0;4.54062;0;0;-1
0;1091;1.50533;27.36;77.7802;9.65841;3774.03;5.80746;0;0;0.1;0.01;0;7.2387;0;0;-1
0;1092;2.54082;42.4949;76.4692;10.3015;4579.2;6.19414;0;0;0.1;0.01;0;6.33564;0;0;-1
0;1093;4.04343;61.3739;76.5679;9.70352;3827.16;5.83459;0;0;0.1;0.01;0;3.2913;0;0;-1
0;1094;16.471;-49.5986;74.9939;8.82222;2876.22;5.30467;0;0;0.1;0.01;0;3.51533;0;0;-1
0;1095;17.4681;-30.7389;77.8454;9.94785;4123.6;5.9815;0;0;0.1;0.01;0;6.04462;0;0;-1
0;1096;18.4943;-13.1248;74.61;9.11763;3174.93;5.4823;0;0;0.1;0.01;0;6.14233;0;0;-1
0;1097;16.7217;3.3438;76.3029;8.78297;2838;5.28107;0;0;0.1;0.01;0;5.25252;0;0;-1
0;1098;18.4076;20.127;76.7551;8.5;2572.44;5.11093;0;0;0.1;0.01;0;5.81188;1;0;-1
0;1099;18.6038;33.9794;76.0112;10.0972;4312.13;6.0713;0;0;0.1;0.01;0;7.30785;0;0;-1
0;1100;18.5665;54.4272;76.1466;9.59276;3697.6;5.76799;0;0;0.1;0.01;0;3.60068;0;0;-1
0;1101;32.5516;-40.2008;76.4299;10.1849;4425.47;6.12403;0;0;0.1;0.01;0;3.81282;0;0;-1
0;1102;31.2472;-22.9463;78.5509;10.1291;4353.13;6.09048;0;0;0.1;0.01;0;5.58394;0;0;-1
0;1103;31.18;-5.986;77.3429;8.5572;2624.72;5.14532;0;0;0.1;0.01;0;5.20049;0;0;-1
0;1104;32.3737;11.7433;76.1748;9.07028;3125.72;5.45383;0;0;0.1;0.01;0;4.46411;0;0;-1
0;1105;34.5168;28.4096;76.6479;10.3011;4578.67;6.1939;0;0;0.1;0.01;0;5.87593;0;0;-1
0;1106;30.9539;46.4982;78.1608;10.3268;4613.03;6.20935;0;0;0.1;0.01;0;4.17011;0;0;-1
0;1107;49.0857;-30.3936;78.6676;9.26179;3327.92;5.56898;0;0;0.1;0.01;0;1.69178;0;0;-1
0;1108;45.4483;-13.8844;75.3102;8.5304;2600.14;5.12921;0;0;0.1;0.01;0;4.76244;0;0;-1
0;1109;47.4441;0.401297;77.9808;8.55106;2619.08;5.14163;0;0;0.1;0.01;0;3.4535;0;0;-1
0;1110;48.3212;20.0383;74.9224;9.58572;3689.46;5.76375;0;0;0.1;0.01;0;3.86917;0;0;-1
0;1111;49.0098;36.2435;77.4593;8.5;2572.44;5.11093;0;0;0.1;0.01;0;2.34277;1;0;-1
0;1112;60.4414;-6.10594;78.4428;8.5;2572.44;5.11093;0;0;0.1;0.01;0;1.59451;1;0;-1
0;1113;-36.2714;-15.73;89.6372;9.8315;3980.59;5.91154;0;0;0.1;0.01;0;4.24703;0;0;-1
0;1114;-36.4146;1.56338;91.2395;8.5;2572.44;5.11093;0;0;0.1;0.01;0;3.92228;1;0;-1
0;1115;-38.4465;16.9512;89.887;10.0141;4206.53;6.02133;0;0;0.1;0.01;0;3.76948;0;0;-1
0;1116;-21.1019;-24.4709;90.0457;10.4526;4783.67;6.285;0;0;0.1;0.01;0;4.94967;0;0;-1
0;1117;-23.4159;-6.36362;93.0743;10.0382;4236.98;6.03582;0;0;0.1;0.01;0;4.54085;0;0;-1
0;1118;-22.7355;11.6896;89.7654;8.5;2572.44;5.11093;0;0;0.1;0.01;0;4.56403;1;0;-1
0;1119;-21.627;27.6346;93.3759;10.1704;4406.59;6.11531;0;0;0.1;0.01;0;3.63666;0;0;-1
0;1120;-7.47577;-31.4728;90.7951;9.99572;4183.41;6.01028;0;0;0.1;0.01;0;4.74583;0;0;-1
0;1121;-8.53494;-14.01;89.4443;9.49792;3589.01;5.71096;0;0;0.1;0.01;0;6.43338;0;0;-1
0;1122;-6.51418;1.18185;92.6593;9.92513;4095.41;5.96784;0;0;0.1;0.01;0;5.31283;0;0;-1
0;1123;-5.80721;19.1313;93.3208;10.3778;4681.71;6.24002;0;0;0.1;0.01;0;5.37707;0;0;-1
0;1124;-7.61156;35.0399;92.359;8.5;2572.44;5.11093;0;0;0.1;0.01;0;3.70953;1;0;-1
0;1125;5.4207;-38.5706;92.1457;8.64182;2703.36;5.1962;0;0;0.1;0.01;0;2.77316;0;0;-1
0;1126;6.63259;-23.3668;92.1223;9.97299;4154.94;5.99661;0;0;0.1;0.01;0;4.86014;0;0;-1
0;1127;7.3292;-5.04119;91.6043;9.76217;3896.98;5.86985;0;0;0.1;0.01;0;4.37141;0;0;-1
0;1128;6.66328;10.8047;91.2113;9.29955;3368.79;5.59168;0;0;0.1;0.01;0;4.12352;0;0;-1
0;1129;6.09802;28.7522;90.0541;9.47028;3557.76;5.69434;0;0;0.1;0.01;0;5.33443;0;0;-1
0;1130;23.7543;-31.971;89.8559;8.5;2572.44;5.11093;0;0;0.1;0.01;0;2.95041;1;0;-1
0;1131;20.7056;-13.4762;89.3562;8.96289;3016.01;5.38926;0;0;0.1;0.01;0;4.8235;0;0;-1
0;1132;22.7971;0.115826;90.1621;8.56343;2630.46;5.14907;0;0;0.1;0.01;0;3.46949;0;0;-1
0;1133;20.0096;20.8212;90.9626;8.88242;2935.5;5.34087;0;0;0.1;0.01;0;3.25164;0;0;-1
0;1134;20.8922;36.7166;90.3429;8.61361;2676.97;5.17924;0;0;0.1;0.01;0;2.71973;0;0;-1
0;1135;37.3238;-7.80752;89.731;9.767;3902.76;5.87276;0;0;0.1;0.01;0;3.63647;0;0;-1
0;1136;35.4268;9.72413;91.1675;8.5238;2594.11;5.12524;0;0;0.1;0.01;0;1.96389;0;0;-1
