Time;ID;x;y;z;radius;volume_total;radius_nuclear;contact_ECM;freezer;polarized_fraction;motility;cell_line;Cell_cell;phase;Cycle;NFkB
0;0;-51.3212;-4.61074;-83.4254;8.5;2572.44;5.11093;0;0;0.1;0.01;0;2.64401;1;0;-1
0;1;-37.4356;-33.3432;-84.6813;9.8791;4038.69;5.94016;0;0;0.1;0.01;0;2.67693;0;0;-1
0;2;-37.6597;-13.8271;-86.484;8.5;2572.44;5.11093;0;0;0.1;0.01;0;2.65167;1;0;-1
0;3;-38.5115;0.470805;-85.5943;8.93259;2985.53;5.37104;0;0;0.1;0.01;0;2.49582;0;0;-1
0;4;-35.4917;20.606;-84.3379;10.0373;4235.84;6.03528;0;0;0.1;0.01;0;3.05378;0;0;-1
0;5;-21.8033;-40.6308;-87.2565;9.31441;3384.97;5.60062;0;0;0.1;0.01;0;2.80773;0;0;-1
0;6;-20.5467;-22.3958;-85.935;8.72424;2781.45;5.24576;0;0;0.1;0.01;0;4.23942;0;0;-1
0;7;-21.0302;-8.4172;-84.5108;8.68751;2746.47;5.22367;0;0;0.1;0.01;0;4.10779;0;0;-1
0;8;-20.3058;10.7162;-85.9744;8.9461;2999.09;5.37916;0;0;0.1;0.01;0;3.39456;0;0;-1
0;9;-22.3024;28.7607;-84.0045;9.1147;3171.87;5.48054;0;0;0.1;0.01;0;3.81217;0;0;-1
0;10;-8.84577;-49.3376;-83.4171;10.3831;4688.89;6.24321;0;0;0.1;0.01;0;3.60911;0;0;-1
0;11;-7.0987;-30.7506;-87.1627;9.25676;3322.5;5.56596;0;0;0.1;0.01;0;4.7525;0;0;-1
0;12;-6.80674;-16.6152;-86.2469;8.92614;2979.06;5.36716;0;0;0.1;0.01;0;5.07981;0;0;-1
0;13;-6.58943;0.138471;-85.5138;10.1914;4433.94;6.12794;0;0;0.1;0.01;0;5.0217;0;0;-1
0;14;-7.56844;20.0333;-83.7594;10.1998;4444.92;6.13299;0;0;0.1;0.01;0;5.00665;0;0;-1
0;15;-7.67767;38.2922;-83.935;9.71243;3837.71;5.83994;0;0;0.1;0.01;0;3.31995;0;0;-1
0;16;7.44417;-40.8715;-85.9502;10.0896;4302.4;6.06673;0;0;0.1;0.01;0;4.84786;0;0;-1
0;17;6.40199;-24.2357;-83.4866;10.0954;4309.82;6.07022;0;0;0.1;0.01;0;6.03818;0;0;-1
0;18;8.72604;-6.02059;-85.8385;8.76963;2825.09;5.27305;0;0;0.1;0.01;0;3.8933;0;0;-1
0;19;6.47853;10.9375;-86.7581;8.73724;2793.9;5.25358;0;0;0.1;0.01;0;2.66803;0;0;-1
0;20;7.75306;27.7518;-87.3869;8.84193;2895.54;5.31652;0;0;0.1;0.01;0;3.1851;0;0;-1
0;21;8.87963;45.3825;-83.5775;10.2972;4573.47;6.19156;0;0;0.1;0.01;0;3.8019;0;0;-1
0;22;20.2414;-49.1552;-84.4996;9.44966;3534.57;5.68194;0;0;0.1;0.01;0;3.2327;0;0;-1
0;23;23.3354;-34.0334;-86.6629;10.0918;4305.21;6.06805;0;0;0.1;0.01;0;5.12355;0;0;-1
0;24;20.6066;-15.7275;-84.9622;8.5;2572.44;5.11093;0;0;0.1;0.01;0;3.28277;1;0;-1
0;25;22.4752;3.4556;-86.8657;8.58914;2654.22;5.16453;0;0;0.1;0.01;0;3.58898;0;0;-1
0;26;23.6316;20.392;-84.4848;8.88816;2941.2;5.34432;0;0;0.1;0.01;0;4.47798;0;0;-1
0;27;23.5497;37.7426;-84.8639;9.8457;3997.87;5.92008;0;0;0.1;0.01;0;3.69327;0;0;-1
0;28;36.3548;-40.1927;-83.6492;9.99562;4183.29;6.01022;0;0;0.1;0.01;0;3.76757;0;0;-1
0;29;35.4654;-25.5447;-86.1246;8.5;2572.44;5.11093;0;0;0.1;0.01;0;3.01545;1;0;-1
0;30;37.209;-5.59615;-85.3068;10.2046;4451.19;6.13588;0;0;0.1;0.01;0;2.52727;0;0;-1
0;31;36.5618;10.8603;-83.9709;10.2277;4481.49;6.14977;0;0;0.1;0.01;0;3.93866;0;0;-1
0;32;37.5898;26.9799;-83.9259;10.0868;4298.82;6.06505;0;0;0.1;0.01;0;4.3584;0;0;-1
0;33;-70.5266;-14.7644;-69.3736;9.3986;3477.59;5.65124;0;0;0.1;0.01;0;2.28017;0;0;-1
0;34;-57.8116;-39.4505;-71.3394;9.97762;4160.73;5.9994;0;0;0.1;0.01;0;3.10617;0;0;-1
0;35;-56.6655;-25.1901;-72.4935;9.30194;3371.39;5.59312;0;0;0.1;0.01;0;3.99581;0;0;-1
0;36;-54.7606;-8.89775;-70.8591;8.5;2572.44;5.11093;0;0;0.1;0.01;0;4.50245;1;0;-1
0;37;-56.292;9.85646;-69.7942;10.3383;4628.45;6.21627;0;0;0.1;0.01;0;3.5076;0;0;-1
0;38;-57.7888;28.4753;-71.5074;8.5;2572.44;5.11093;0;0;0.1;0.01;0;2.15653;1;0;-1
0;39;-54.6546;46.9043;-68.5808;9.52835;3623.61;5.72926;0;0;0.1;0.01;0;3.24029;0;0;-1
0;40;-41.5504;-51.3121;-72.6823;9.08313;3139.03;5.46155;0;0;0.1;0.01;0;2.1101;0;0;-1
0;41;-41.3967;-30.4512;-70.9842;9.44447;3528.75;5.67882;0;0;0.1;0.01;0;5.73894;0;0;-1
0;42;-42.2314;-16.625;-69.6704;10.4347;4759.14;6.27423;0;0;0.1;0.01;0;6.85687;0;0;-1
0;43;-39.4079;1.73513;-69.0976;8.5;2572.44;5.11093;0;0;0.1;0.01;0;4.22005;1;0;-1
0;44;-42.3624;16.7618;-69.0636;8.5;2572.44;5.11093;0;0;0.1;0.01;0;5.5127;1;0;-1
0;45;-42.4218;34.2515;-69.8632;9.48534;3574.76;5.7034;0;0;0.1;0.01;0;5.21396;0;0;-1
0;46;-41.2132;53.4602;-69.4171;8.5;2572.44;5.11093;0;0;0.1;0.01;0;3.80439;1;0;-1
0;47;-26.5837;-57.1935;-70.3569;8.69547;2754.02;5.22846;0;0;0.1;0.01;0;4.02631;0;0;-1
0;48;-28.5579;-42.5888;-68.4931;10.4235;4743.83;6.2675;0;0;0.1;0.01;0;6.38786;0;0;-1
0;49;-26.254;-24.7394;-70.6844;8.78999;2844.81;5.28529;0;0;0.1;0.01;0;5.81359;0;0;-1
0;50;-24.7301;-8.81272;-71.8653;8.5;2572.44;5.11093;0;0;0.1;0.01;0;4.47527;1;0;-1
0;51;-26.8772;11.1052;-69.6523;9.33999;3412.93;5.616;0;0;0.1;0.01;0;5.35035;0;0;-1
0;52;-26.0053;26.9253;-69.2388;10.0291;4225.46;6.03035;0;0;0.1;0.01;0;6.56886;0;0;-1
0;53;-27.6134;43.7348;-70.6699;9.33376;3406.11;5.61225;0;0;0.1;0.01;0;4.60072;0;0;-1
0;54;-27.163;62.1976;-69.8052;9.79464;3935.99;5.88937;0;0;0.1;0.01;0;3.73927;0;0;-1
0;55;-13.5691;-63.8491;-69.0174;9.87774;4037.02;5.93934;0;0;0.1;0.01;0;4.04129;0;0;-1
0;56;-13.82;-48.1369;-68.3406;8.5;2572.44;5.11093;0;0;0.1;0.01;0;5.72133;1;0;-1
0;57;-11.3446;-31.1873;-72.6103;8.91585;2968.77;5.36097;0;0;0.1;0.01;0;5.09808;0;0;-1
0;58;-12.6968;-15.0516;-70.9651;9.29638;3365.35;5.58978;0;0;0.1;0.01;0;6.5889;0;0;-1
0;59;-9.95276;1.9656;-71.7763;9.45092;3535.99;5.6827;0;0;0.1;0.01;0;5.80983;0;0;-1
0;60;-11.6477;16.5865;-70.1469;8.82064;2874.68;5.30372;0;0;0.1;0.01;0;5.34669;0;0;-1
0;61;-11.8823;36.6258;-70.9328;9.09843;3154.92;5.47075;0;0;0.1;0.01;0;4.6507;0;0;-1
0;62;-10.7491;55.0803;-70.361;9.75011;3882.55;5.8626;0;0;0.1;0.01;0;3.3129;0;0;-1
0;63;2.17813;-56.2451;-69.0672;9.01971;3073.73;5.42342;0;0;0.1;0.01;0;4.73858;0;0;-1
0;64;3.94233;-40.1487;-72.0463;8.76763;2823.16;5.27185;0;0;0.1;0.01;0;5.20084;0;0;-1
0;65;2.71737;-22.8979;-68.5039;10.2393;4496.76;6.15674;0;0;0.1;0.01;0;7.07087;0;0;-1
0;66;4.33906;-7.97544;-72.0184;9.90275;4067.77;5.95438;0;0;0.1;0.01;0;6.59533;0;0;-1
0;67;2.35109;10.1685;-69.2187;8.5;2572.44;5.11093;0;0;0.1;0.01;0;4.96726;1;0;-1
0;68;4.40481;26.7914;-69.6964;8.5;2572.44;5.11093;0;0;0.1;0.01;0;4.49097;1;0;-1
0;69;4.43566;45.796;-70.5452;9.40266;3482.1;5.65368;0;0;0.1;0.01;0;6.0719;0;0;-1
0;70;3.5068;63.7147;-70.1505;9.87208;4030.09;5.93594;0;0;0.1;0.01;0;3.45288;0;0;-1
0;71;16.3276;-66.2691;-69.8965;9.33398;3406.35;5.61239;0;0;0.1;0.01;0;2.89291;0;0;-1
0;72;15.966;-47.1651;-70.9233;8.71329;2770.99;5.23917;0;0;0.1;0.01;0;4.75365;0;0;-1
0;73;19.2576;-30.2046;-70.8756;10.2304;4485.04;6.15139;0;0;0.1;0.01;0;6.88995;0;0;-1
0;74;16.4074;-14.0905;-69.2298;8.5;2572.44;5.11093;0;0;0.1;0.01;0;6.69819;1;0;-1
0;75;16.995;1.2238;-71.324;9.24351;3308.26;5.55799;0;0;0.1;0.01;0;5.44054;0;0;-1
0;76;16.0022;18.2066;-69.208;8.72477;2781.96;5.24608;0;0;0.1;0.01;0;4.9881;0;0;-1
0;77;17.308;35.4445;-70.6369;9.03495;3089.34;5.43258;0;0;0.1;0.01;0;5.4892;0;0;-1
0;78;19.4565;55.074;-70.2813;10.194;4437.34;6.1295;0;0;0.1;0.01;0;4.06528;0;0;-1
0;79;31.0793;-57.796;-69.4694;8.5;2572.44;5.11093;0;0;0.1;0.01;0;3.35889;1;0;-1
0;80;31.7656;-38.5296;-68.4307;9.87873;4038.24;5.93994;0;0;0.1;0.01;0;6.27438;0;0;-1
0;81;32.0164;-21.8269;-69.6485;8.5;2572.44;5.11093;0;0;0.1;0.01;0;4.93348;1;0;-1
0;82;33.3378;-6.34581;-68.8078;9.53103;3626.67;5.73087;0;0;0.1;0.01;0;5.56914;0;0;-1
0;83;30.5731;12.4407;-71.3013;9.73152;3860.39;5.85142;0;0;0.1;0.01;0;6.45323;0;0;-1
0;84;33.6209;28.6064;-68.5218;10.0382;4236.98;6.03582;0;0;0.1;0.01;0;6.88843;0;0;-1
0;85;34.0074;43.7462;-71.9721;8.5;2572.44;5.11093;0;0;0.1;0.01;0;4.23513;1;0;-1
0;86;46.3654;-51.291;-68.9076;9.61922;3728.28;5.7839;0;0;0.1;0.01;0;2.75923;0;0;-1
0;87;45.9821;-30.4867;-71.9426;9.01313;3067.01;5.41946;0;0;0.1;0.01;0;4.33337;0;0;-1
0;88;47.5545;-13.4207;-71.9975;9.9526;4129.51;5.98435;0;0;0.1;0.01;0;4.86601;0;0;-1
0;89;45.3318;1.65438;-69.059;8.5;2572.44;5.11093;0;0;0.1;0.01;0;5.76181;1;0;-1
0;90;47.3071;17.1294;-68.9537;10.3912;4699.87;6.24808;0;0;0.1;0.01;0;6.38469;0;0;-1
0;91;48.9696;36.88;-71.9509;10.2103;4458.66;6.13931;0;0;0.1;0.01;0;3.53598;0;0;-1
0;92;46.7032;54.1106;-69.0027;8.5;2572.44;5.11093;0;0;0.1;0.01;0;2.5378;1;0;-1
0;93;60.0241;-25.6674;-72.0455;10.0688;4275.84;6.05422;0;0;0.1;0.01;0;2.75313;0;0;-1
0;94;62.5649;-5.60377;-71.9225;8.73835;2794.97;5.25424;0;0;0.1;0.01;0;2.33455;0;0;-1
0;95;61.329;9.87423;-68.8361;9.81409;3959.49;5.90107;0;0;0.1;0.01;0;3.63563;0;0;-1
0;96;-80.3935;-8.31492;-55.4062;9.69228;3813.88;5.82783;0;0;0.1;0.01;0;2.96305;0;0;-1
0;97;-80.1257;12.463;-54.3385;8.7296;2786.58;5.24898;0;0;0.1;0.01;0;2.61238;0;0;-1
0;98;-65.7582;-48.4241;-54.2738;10.1245;4347.2;6.08771;0;0;0.1;0.01;0;4.6795;0;0;-1
0;99;-67.6988;-33.8757;-55.4075;8.95215;3005.18;5.3828;0;0;0.1;0.01;0;3.30581;0;0;-1
0;100;-65.5547;-12.6507;-56.3811;8.50736;2579.13;5.11535;0;0;0.1;0.01;0;4.00007;0;0;-1
0;101;-64.5982;1.7348;-53.9645;9.72048;3847.26;5.84478;0;0;0.1;0.01;0;5.33479;0;0;-1
0;102;-68.0126;19.6455;-57.7826;8.68328;2742.46;5.22113;0;0;0.1;0.01;0;3.53495;0;0;-1
0;103;-66.4453;35.4382;-55.549;8.5;2572.44;5.11093;0;0;0.1;0.01;0;3.49213;1;0;-1
0;104;-52.2543;-59.3457;-54.8722;9.7421;3872.99;5.85778;0;0;0.1;0.01;0;4.05858;0;0;-1
0;105;-52.9127;-42.3682;-57.5551;8.54632;2614.73;5.13878;0;0;0.1;0.01;0;4.59332;0;0;-1
0;106;-51.3186;-24.6935;-57.8026;8.5;2572.44;5.11093;0;0;0.1;0.01;0;4.57019;1;0;-1
0;107;-49.8594;-4.79269;-57.1224;9.83619;3986.29;5.91436;0;0;0.1;0.01;0;6.42161;0;0;-1
0;108;-51.7493;12.0411;-54.3894;9.7551;3888.52;5.8656;0;0;0.1;0.01;0;7.06086;0;0;-1
0;109;-51.0338;27.8563;-57.8114;10.3779;4681.85;6.24008;0;0;0.1;0.01;0;6.92896;0;0;-1
0;110;-52.1443;44.8076;-54.0148;9.75705;3890.85;5.86677;0;0;0.1;0.01;0;6.1983;0;0;-1
0;111;-50.5724;59.7326;-54.4349;10.0947;4308.92;6.0698;0;0;0.1;0.01;0;5.15166;0;0;-1
0;112;-38.6613;-66.5853;-56.3505;9.78686;3926.62;5.8847;0;0;0.1;0.01;0;4.1011;0;0;-1
0;113;-38.3755;-51.0447;-54.5721;9.22818;3291.83;5.54877;0;0;0.1;0.01;0;5.19008;0;0;-1
0;114;-36.5532;-31.2286;-56.2487;9.62245;3732.03;5.78584;0;0;0.1;0.01;0;6.18261;0;0;-1
0;115;-36.5231;-14.8547;-55.7917;10.2702;4537.59;6.17532;0;0;0.1;0.01;0;6.81807;0;0;-1
0;116;-37.7509;2.4347;-54.3731;8.98033;3033.65;5.39974;0;0;0.1;0.01;0;5.52343;0;0;-1
0;117;-36.0796;20.996;-57.0211;10.2728;4541.04;6.17689;0;0;0.1;0.01;0;7.53969;0;0;-1
0;118;-35.2059;36.6513;-55.0701;8.75833;2814.18;5.26626;0;0;0.1;0.01;0;6.65497;0;0;-1
0;119;-36.9984;51.28;-56.5086;10.0445;4244.96;6.03961;0;0;0.1;0.01;0;6.94525;0;0;-1
0;120;-35.9281;70.3115;-57.9305;10.4064;4720.52;6.25722;0;0;0.1;0.01;0;4.27301;0;0;-1
0;121;-23.93;-76.0238;-57.3305;9.56038;3660.28;5.74852;0;0;0.1;0.01;0;3.14347;0;0;-1
0;122;-21.834;-56.2158;-56.407;9.42137;3502.92;5.66493;0;0;0.1;0.01;0;6.51034;0;0;-1
0;123;-21.09;-40.4598;-54.8471;10.0066;4197.09;6.01682;0;0;0.1;0.01;0;6.98199;0;0;-1
0;124;-23.6235;-22.5385;-56.7419;9.91108;4078.04;5.95939;0;0;0.1;0.01;0;6.87676;0;0;-1
0;125;-21.5853;-7.15257;-56.3411;8.98657;3039.98;5.40349;0;0;0.1;0.01;0;5.63181;0;0;-1
0;126;-22.4081;8.99942;-55.9834;9.44496;3529.3;5.67912;0;0;0.1;0.01;0;4.80074;0;0;-1
0;127;-21.4042;25.5959;-55.5858;8.61865;2681.68;5.18227;0;0;0.1;0.01;0;5.26503;0;0;-1
0;128;-21.7802;42.3059;-56.7002;8.5;2572.44;5.11093;0;0;0.1;0.01;0;5.12205;1;0;-1
0;129;-22.1137;63.2045;-54.4601;10.3642;4663.33;6.23184;0;0;0.1;0.01;0;7.13669;0;0;-1
0;130;-22.025;77.9741;-57.0155;9.14647;3205.16;5.49964;0;0;0.1;0.01;0;3.52624;0;0;-1
0;131;-9.28149;-80.784;-56.0041;8.5;2572.44;5.11093;0;0;0.1;0.01;0;2.4716;1;0;-1
0;132;-5.76651;-65.6705;-55.7485;9.0412;3095.76;5.43634;0;0;0.1;0.01;0;4.74637;0;0;-1
0;133;-6.23452;-47.1143;-55.1241;9.62786;3738.33;5.78909;0;0;0.1;0.01;0;5.88204;0;0;-1
0;134;-8.77051;-29.9224;-54.6132;9.80216;3945.06;5.8939;0;0;0.1;0.01;0;5.57597;0;0;-1
0;135;-8.94686;-14.1391;-55.4191;8.61231;2675.76;5.17846;0;0;0.1;0.01;0;5.84039;0;0;-1
0;136;-7.06446;0.368758;-56.7175;8.5;2572.44;5.11093;0;0;0.1;0.01;0;5.33905;1;0;-1
0;137;-5.92487;20.9931;-55.1513;10.3787;4682.93;6.24056;0;0;0.1;0.01;0;6.3329;0;0;-1
0;138;-8.24008;36.9524;-55.4886;10.3709;4672.38;6.23587;0;0;0.1;0.01;0;6.41094;0;0;-1
0;139;-5.83101;54.937;-55.11;10.4463;4775.03;6.28121;0;0;0.1;0.01;0;6.18425;0;0;-1
0;140;-8.719;70.3277;-55.133;8.9171;2970.02;5.36172;0;0;0.1;0.01;0;3.30178;0;0;-1
0;141;8.98303;-74.3228;-56.9;8.95921;3012.3;5.38704;0;0;0.1;0.01;0;3.46916;0;0;-1
0;142;6.86291;-58.0804;-56.2144;9.9375;4110.74;5.97527;0;0;0.1;0.01;0;6.12632;0;0;-1
0;143;7.34291;-41.705;-54.9297;8.5;2572.44;5.11093;0;0;0.1;0.01;0;4.3804;1;0;-1
0;144;9.40117;-22.7166;-56.6042;9.348;3421.72;5.62082;0;0;0.1;0.01;0;6.49454;0;0;-1
0;145;6.03048;-8.01704;-56.8616;9.37777;3454.52;5.63872;0;0;0.1;0.01;0;6.47347;0;0;-1
0;146;5.61011;9.72086;-55.2373;8.95394;3006.98;5.38387;0;0;0.1;0.01;0;4.27952;0;0;-1
0;147;8.44421;27.752;-53.9536;10.1128;4332.14;6.08068;0;0;0.1;0.01;0;6.6753;0;0;-1
0;148;8.53622;44.9758;-55.9751;10.2821;4553.38;6.18248;0;0;0.1;0.01;0;7.63912;0;0;-1
0;149;8.84049;59.843;-57.7123;8.76315;2818.83;5.26915;0;0;0.1;0.01;0;5.80943;0;0;-1
0;150;8.56892;79.8422;-54.3406;9.33081;3402.88;5.61048;0;0;0.1;0.01;0;2.80723;0;0;-1
0;151;22.2801;-64.2628;-56.6577;9.79249;3933.4;5.88808;0;0;0.1;0.01;0;4.96758;0;0;-1
0;152;24.1797;-49.9835;-53.7193;8.97699;3030.27;5.39773;0;0;0.1;0.01;0;5.4001;0;0;-1
0;153;20.2902;-32.6135;-55.2843;9.10775;3164.62;5.47636;0;0;0.1;0.01;0;5.15388;0;0;-1
0;154;20.5203;-12.7146;-57.3675;9.31056;3380.77;5.5983;0;0;0.1;0.01;0;6.00856;0;0;-1
0;155;23.6293;1.4224;-56.4444;9.29185;3360.43;5.58705;0;0;0.1;0.01;0;5.67968;0;0;-1
0;156;23.7509;20.6566;-55.7394;10.1452;4373.92;6.10016;0;0;0.1;0.01;0;6.42657;0;0;-1
0;157;22.6875;38.2402;-56.2066;10.0929;4306.62;6.06871;0;0;0.1;0.01;0;7.04199;0;0;-1
0;158;22.9285;54.3742;-53.9781;10.4336;4757.64;6.27357;0;0;0.1;0.01;0;7.09917;0;0;-1
0;159;22.0558;70.5679;-57.6923;9.08793;3144.01;5.46444;0;0;0.1;0.01;0;2.46928;0;0;-1
0;160;38.5722;-56.0236;-56.4242;9.06067;3115.8;5.44805;0;0;0.1;0.01;0;4.55469;0;0;-1
0;161;34.9329;-38.3565;-54.7249;8.60039;2664.67;5.17129;0;0;0.1;0.01;0;5.32457;0;0;-1
0;162;38.5255;-25.1004;-56.4556;9.04343;3098.05;5.43768;0;0;0.1;0.01;0;5.60517;0;0;-1
0;163;37.2091;-5.69287;-54.8345;8.57831;2644.2;5.15801;0;0;0.1;0.01;0;5.96658;0;0;-1
0;164;38.458;8.33457;-55.4075;9.23354;3297.56;5.55199;0;0;0.1;0.01;0;6.96347;0;0;-1
0;165;38.8653;25.4356;-54.6095;9.85015;4003.29;5.92275;0;0;0.1;0.01;0;6.32683;0;0;-1
0;166;36.7841;46.1521;-56.6471;9.17439;3234.6;5.51643;0;0;0.1;0.01;0;5.85606;0;0;-1
0;167;36.3659;60.7346;-54.1175;8.5;2572.44;5.11093;0;0;0.1;0.01;0;4.54083;1;0;-1
0;168;52.887;-50.9578;-56.0562;8.97539;3028.65;5.39677;0;0;0.1;0.01;0;3.28837;0;0;-1
0;169;52.0653;-31.087;-54.1376;9.95776;4135.93;5.98746;0;0;0.1;0.01;0;5.73214;0;0;-1
0;170;52.9087;-15.0633;-54.386;8.5;2572.44;5.11093;0;0;0.1;0.01;0;5.22984;1;0;-1
0;171;52.2518;0.0408799;-54.3851;9.99184;4178.54;6.00795;0;0;0.1;0.01;0;7.51529;0;0;-1
0;172;51.1922;18.0878;-56.0422;9.0008;3054.44;5.41205;0;0;0.1;0.01;0;6.79143;0;0;-1
0;173;52.9416;34.0752;-55.7683;9.24176;3306.38;5.55694;0;0;0.1;0.01;0;5.31104;0;0;-1
0;174;52.6981;55.2603;-56.5076;10.1122;4331.37;6.08032;0;0;0.1;0.01;0;4.26934;0;0;-1
0;175;64.6152;-40.8713;-56.6742;9.03274;3087.07;5.43126;0;0;0.1;0.01;0;2.99557;0;0;-1
0;176;67.282;-25.0848;-56.1043;9.38578;3463.38;5.64353;0;0;0.1;0.01;0;4.42133;0;0;-1
0;177;67.7714;-4.50074;-55.1297;8.5;2572.44;5.11093;0;0;0.1;0.01;0;5.13867;1;0;-1
0;178;65.8305;11.9969;-53.8076;9.54477;3642.38;5.73913;0;0;0.1;0.01;0;5.87441;0;0;-1
0;179;66.0083;26.6421;-55.2795;8.5;2572.44;5.11093;0;0;0.1;0.01;0;3.88999;1;0;-1
0;180;64.769;46.0625;-54.3195;9.81335;3958.59;5.90062;0;0;0.1;0.01;0;3.39817;0;0;-1
0;181;79.72;-16.8521;-56.751;10.1836;4423.77;6.12325;0;0;0.1;0.01;0;2.82704;0;0;-1
0;182;82.2229;1.12207;-54.4672;8.92226;2975.18;5.36483;0;0;0.1;0.01;0;2.82622;0;0;-1
0;183;-87.5108;-21.662;-40.6306;9.37018;3446.14;5.63415;0;0;0.1;0.01;0;3.14626;0;0;-1
0;184;-84.1184;-8.17258;-40.1239;10.0307;4227.49;6.03131;0;0;0.1;0.01;0;5.2195;0;0;-1
0;185;-86.3093;12.3514;-39.6299;9.63572;3747.5;5.79382;0;0;0.1;0.01;0;4.43989;0;0;-1
0;186;-86.6581;29.3366;-39.2259;9.84885;4001.71;5.92197;0;0;0.1;0.01;0;3.00471;0;0;-1
0;187;-70.1808;-48.0416;-39.6383;8.5;2572.44;5.11093;0;0;0.1;0.01;0;4.057;1;0;-1
0;188;-72.1213;-33.9469;-41.5644;10.2288;4482.94;6.15043;0;0;0.1;0.01;0;5.02632;0;0;-1
0;189;-71.5932;-14.5643;-41.6263;8.5;2572.44;5.11093;0;0;0.1;0.01;0;5.38728;1;0;-1
0;190;-72.6806;3.61651;-40.9317;10.2704;4537.86;6.17544;0;0;0.1;0.01;0;7.38592;0;0;-1
0;191;-70.5093;19.0724;-42.0643;9.73679;3866.66;5.85459;0;0;0.1;0.01;0;6.24218;0;0;-1
0;192;-69.9853;37.0785;-42.9177;9.92192;4091.44;5.96591;0;0;0.1;0.01;0;5.68404;0;0;-1
0;193;-72.6587;51.3908;-41.1028;9.59208;3696.81;5.76758;0;0;0.1;0.01;0;3.09376;0;0;-1
0;194;-56.9523;-59.2059;-39.928;10.3288;4615.71;6.21056;0;0;0.1;0.01;0;5.24932;0;0;-1
0;195;-56.7248;-39.4579;-41.8727;9.50868;3601.22;5.71743;0;0;0.1;0.01;0;6.64173;0;0;-1
0;196;-54.1661;-24.6435;-40.9106;9.31218;3382.54;5.59928;0;0;0.1;0.01;0;5.42172;0;0;-1
0;197;-57.4633;-7.32846;-42.0209;10.0834;4294.47;6.063;0;0;0.1;0.01;0;6.98991;0;0;-1
0;198;-55.0651;9.54091;-39.8524;10.2811;4552.05;6.18188;0;0;0.1;0.01;0;6.71436;0;0;-1
0;199;-55.5401;25.8735;-41.5483;9.89022;4052.35;5.94685;0;0;0.1;0.01;0;6.11462;0;0;-1
0;200;-56.9752;42.6491;-40.1076;9.6706;3788.34;5.81479;0;0;0.1;0.01;0;6.52692;0;0;-1
0;201;-54.2552;60.4483;-39.5945;9.62047;3729.73;5.78465;0;0;0.1;0.01;0;5.23939;0;0;-1
0;202;-40.5152;-80.6257;-40.9855;8.5;2572.44;5.11093;0;0;0.1;0.01;0;2.97112;1;0;-1
0;203;-41.6792;-65.9029;-39.2296;9.46189;3548.32;5.6893;0;0;0.1;0.01;0;6.38133;0;0;-1
0;204;-43.0521;-47.5215;-41.7198;8.5;2572.44;5.11093;0;0;0.1;0.01;0;4.90072;1;0;-1
0;205;-42.5719;-31.689;-42.2043;8.64528;2706.61;5.19828;0;0;0.1;0.01;0;5.09584;0;0;-1
0;206;-40.2499;-13.4535;-40.6525;9.60474;3711.47;5.77519;0;0;0.1;0.01;0;6.10435;0;0;-1
0;207;-42.0122;1.95174;-39.996;9.25091;3316.21;5.56244;0;0;0.1;0.01;0;6.47455;0;0;-1
0;208;-41.7829;19.6621;-42.4223;8.59492;2659.59;5.168;0;0;0.1;0.01;0;5.91377;0;0;-1
0;209;-41.4548;34.4614;-41.413;8.78789;2842.77;5.28403;0;0;0.1;0.01;0;5.64191;0;0;-1
0;210;-40.2721;53.6153;-41.2212;9.53739;3633.94;5.73469;0;0;0.1;0.01;0;7.07289;0;0;-1
0;211;-40.8069;68.4793;-42.1359;10.3601;4657.8;6.22938;0;0;0.1;0.01;0;6.08098;0;0;-1
0;212;-27.662;-72.9631;-42.8781;9.39388;3472.35;5.6484;0;0;0.1;0.01;0;6.10756;0;0;-1
0;213;-28.1433;-57.7284;-40.4598;10.4418;4768.86;6.2785;0;0;0.1;0.01;0;7.09336;0;0;-1
0;214;-25.2961;-38.505;-42.3681;9.23225;3296.18;5.55122;0;0;0.1;0.01;0;5.32748;0;0;-1
0;215;-25.0101;-22.3759;-39.8196;9.9908;4177.24;6.00732;0;0;0.1;0.01;0;6.39138;0;0;-1
0;216;-24.7449;-5.17731;-40.6542;8.87426;2927.42;5.33596;0;0;0.1;0.01;0;5.61492;0;0;-1
0;217;-25.451;9.7561;-41.0382;8.5;2572.44;5.11093;0;0;0.1;0.01;0;4.04319;1;0;-1
0;218;-28.1774;27.0163;-42.0155;9.3773;3454;5.63843;0;0;0.1;0.01;0;5.48925;0;0;-1
0;219;-27.2172;44.1188;-42.099;9.59228;3697.04;5.7677;0;0;0.1;0.01;0;6.10585;0;0;-1
0;220;-27.5565;60.5341;-40.7635;9.41372;3494.4;5.66033;0;0;0.1;0.01;0;7.06749;0;0;-1
0;221;-25.0145;77.1711;-42.0755;9.57316;3674.98;5.7562;0;0;0.1;0.01;0;5.24619;0;0;-1
0;222;-12.9884;-83.1398;-42.17;8.61093;2674.48;5.17763;0;0;0.1;0.01;0;4.03671;0;0;-1
0;223;-12.9511;-67.6066;-39.742;10.0617;4266.8;6.04995;0;0;0.1;0.01;0;6.69591;0;0;-1
0;224;-12.3938;-49.3782;-41.8342;9.18212;3242.78;5.52108;0;0;0.1;0.01;0;5.3183;0;0;-1
0;225;-9.7862;-33.3299;-39.8365;9.50911;3601.71;5.71769;0;0;0.1;0.01;0;6.11775;0;0;-1
0;226;-13.0712;-15.5149;-40.7571;8.69144;2750.2;5.22604;0;0;0.1;0.01;0;6.37416;0;0;-1
0;227;-11.0674;0.25337;-41.4505;8.66025;2720.7;5.20728;0;0;0.1;0.01;0;5.45526;0;0;-1
0;228;-12.5371;20.0323;-39.3418;9.95302;4130.03;5.98461;0;0;0.1;0.01;0;6.16009;0;0;-1
0;229;-9.96016;34.3146;-39.7638;8.5;2572.44;5.11093;0;0;0.1;0.01;0;6.08798;1;0;-1
0;230;-11.5637;52.9666;-39.3566;10.1789;4417.65;6.12042;0;0;0.1;0.01;0;6.47165;0;0;-1
0;231;-11.1007;70.7574;-40.0371;9.43087;3513.53;5.67065;0;0;0.1;0.01;0;5.57687;0;0;-1
0;232;-9.7898;87.0997;-39.961;8.5;2572.44;5.11093;0;0;0.1;0.01;0;2.38958;1;0;-1
0;233;2.82217;-89.5426;-42.0525;9.11671;3173.97;5.48175;0;0;0.1;0.01;0;2.88179;0;0;-1
0;234;4.6792;-74.93;-41.1637;8.55271;2620.59;5.14262;0;0;0.1;0.01;0;5.17836;0;0;-1
0;235;2.01139;-59.7575;-39.3795;9.47364;3561.55;5.69636;0;0;0.1;0.01;0;5.41906;0;0;-1
0;236;3.62727;-40.7664;-39.8025;8.5;2572.44;5.11093;0;0;0.1;0.01;0;4.85049;1;0;-1
0;237;4.67459;-25.2803;-39.5161;9.5216;3615.92;5.7252;0;0;0.1;0.01;0;6.13775;0;0;-1
0;238;1.23488;-8.07956;-42.4303;10.2613;4525.8;6.16997;0;0;0.1;0.01;0;6.26769;0;0;-1
0;239;3.21301;10.4487;-41.0145;8.61838;2681.42;5.18211;0;0;0.1;0.01;0;4.3686;0;0;-1
0;240;4.07355;27.1872;-39.4748;8.90471;2957.66;5.35427;0;0;0.1;0.01;0;6.72679;0;0;-1
0;241;1.22506;43.0323;-40.275;10.0973;4312.25;6.07136;0;0;0.1;0.01;0;7.97717;0;0;-1
0;242;1.52072;60.6214;-40.9742;8.5;2572.44;5.11093;0;0;0.1;0.01;0;5.36336;1;0;-1
0;243;3.95394;76.3832;-41.073;9.14274;3201.24;5.4974;0;0;0.1;0.01;0;5.26557;0;0;-1
0;244;17.6737;-82.3263;-42.0942;8.5;2572.44;5.11093;0;0;0.1;0.01;0;3.29404;1;0;-1
0;245;18.2129;-65.4516;-39.2887;10.2625;4527.39;6.17069;0;0;0.1;0.01;0;5.88435;0;0;-1
0;246;17.9209;-46.4592;-40.8012;8.89095;2943.97;5.346;0;0;0.1;0.01;0;5.26677;0;0;-1
0;247;17.8373;-31.7631;-41.1585;8.5;2572.44;5.11093;0;0;0.1;0.01;0;5.83665;1;0;-1
0;248;19.0954;-15.495;-41.7753;9.48375;3572.97;5.70244;0;0;0.1;0.01;0;5.92476;0;0;-1
0;249;19.7545;1.93807;-42.1571;9.10927;3166.21;5.47727;0;0;0.1;0.01;0;4.69272;0;0;-1
0;250;17.6658;17.7324;-40.5155;9.27102;3337.88;5.57453;0;0;0.1;0.01;0;5.59869;0;0;-1
0;251;19.0268;36.7166;-42.842;9.9124;4079.67;5.96018;0;0;0.1;0.01;0;7.63384;0;0;-1
0;252;16.7943;52.0134;-39.6902;10.0976;4312.64;6.07154;0;0;0.1;0.01;0;7.44197;0;0;-1
0;253;18.7606;68.4641;-41.199;10.3155;4597.9;6.20256;0;0;0.1;0.01;0;5.94162;0;0;-1
0;254;16.4139;87.418;-41.1305;10.0767;4285.92;6.05897;0;0;0.1;0.01;0;3.14581;0;0;-1
0;255;32.9552;-75.6311;-42.5062;8.64912;2710.22;5.20059;0;0;0.1;0.01;0;2.24979;0;0;-1
0;256;30.5619;-56.4932;-40.5227;9.0958;3152.18;5.46917;0;0;0.1;0.01;0;6.27947;0;0;-1
0;257;33.7156;-41.1829;-40.4677;10.005;4195.08;6.01586;0;0;0.1;0.01;0;7.65204;0;0;-1
0;258;32.7749;-25.2869;-41.5697;10.1242;4346.81;6.08753;0;0;0.1;0.01;0;7.40442;0;0;-1
0;259;33.7388;-8.04893;-42.0332;8.5;2572.44;5.11093;0;0;0.1;0.01;0;4.72605;1;0;-1
0;260;33.8438;10.0418;-42.2874;8.5;2572.44;5.11093;0;0;0.1;0.01;0;5.10315;1;0;-1
0;261;33.848;29.5215;-39.8823;8.93213;2985.06;5.37076;0;0;0.1;0.01;0;6.03333;0;0;-1
0;262;32.9443;46.1548;-39.4244;10.038;4236.72;6.0357;0;0;0.1;0.01;0;7.76793;0;0;-1
0;263;33.9191;60.0843;-39.7027;9.38769;3465.49;5.64468;0;0;0.1;0.01;0;6.20784;0;0;-1
0;264;33.5536;79.8422;-40.4265;8.95437;3007.42;5.38413;0;0;0.1;0.01;0;2.74444;0;0;-1
0;265;47.8245;-65.2749;-41.6089;8.94443;2997.41;5.37816;0;0;0.1;0.01;0;2.46594;0;0;-1
0;266;47.1411;-47.703;-39.9496;9.52788;3623.08;5.72898;0;0;0.1;0.01;0;5.80391;0;0;-1
0;267;47.7661;-30.2377;-39.2185;10.3176;4600.71;6.20382;0;0;0.1;0.01;0;7.65838;0;0;-1
0;268;46.7907;-14.9386;-42.5851;10.067;4273.55;6.05314;0;0;0.1;0.01;0;7.7785;0;0;-1
0;269;46.0814;2.87654;-42.1832;8.5;2572.44;5.11093;0;0;0.1;0.01;0;6.19992;1;0;-1
0;270;47.7588;16.8696;-43.04;10.1627;4396.59;6.11068;0;0;0.1;0.01;0;7.43782;0;0;-1
0;271;46.8483;37.9672;-41.0995;9.52653;3621.54;5.72816;0;0;0.1;0.01;0;6.18936;0;0;-1
0;272;46.7028;52.1409;-42.8746;9.67637;3795.12;5.81826;0;0;0.1;0.01;0;6.60537;0;0;-1
0;273;46.8334;69.2601;-39.8968;9.92643;4097.02;5.96862;0;0;0.1;0.01;0;4.49693;0;0;-1
0;274;60.3747;-55.3625;-39.3281;9.8308;3979.74;5.91112;0;0;0.1;0.01;0;4.74577;0;0;-1
0;275;63.9955;-41.6919;-39.8311;8.94562;2998.61;5.37887;0;0;0.1;0.01;0;4.28091;0;0;-1
0;276;61.2089;-23.3575;-39.8314;8.55006;2618.16;5.14103;0;0;0.1;0.01;0;5.54279;0;0;-1
0;277;63.4183;-7.79662;-42.3298;9.67674;3795.56;5.81848;0;0;0.1;0.01;0;6.8037;0;0;-1
0;278;63.5991;8.22991;-39.4677;10.0114;4203.13;6.01971;0;0;0.1;0.01;0;6.56088;0;0;-1
0;279;63.0221;26.19;-42.2759;10.0357;4233.81;6.03432;0;0;0.1;0.01;0;6.07496;0;0;-1
0;280;61.5555;42.1367;-41.2016;8.88075;2933.85;5.33987;0;0;0.1;0.01;0;5.08224;0;0;-1
0;281;61.9941;60.4235;-42.4686;9.23144;3295.32;5.55073;0;0;0.1;0.01;0;3.67752;0;0;-1
0;282;74.9437;-32.4969;-43.1643;9.0112;3065.04;5.4183;0;0;0.1;0.01;0;3.21787;0;0;-1
0;283;77.743;-14.9977;-41.1206;8.62851;2690.89;5.1882;0;0;0.1;0.01;0;4.46809;0;0;-1
0;284;76.3288;-0.0863162;-41.4655;10.2851;4557.37;6.18428;0;0;0.1;0.01;0;6.87773;0;0;-1
0;285;78.74;19.7246;-42.8222;8.99017;3043.63;5.40566;0;0;0.1;0.01;0;3.33089;0;0;-1
0;286;76.5349;34.3384;-41.9458;9.23964;3304.1;5.55566;0;0;0.1;0.01;0;3.54175;0;0;-1
0;287;90.5152;-4.5611;-40.5343;8.7003;2758.62;5.23136;0;0;0.1;0.01;0;2.23221;0;0;-1
0;288;-95.1286;-13.5111;-24.7016;8.77145;2826.85;5.27415;0;0;0.1;0.01;0;3.1748;0;0;-1
0;289;-95.6325;1.24847;-26.0979;9.92316;4092.97;5.96665;0;0;0.1;0.01;0;3.87534;0;0;-1
0;290;-80.8715;-41.5028;-24.6621;9.90428;4069.65;5.9553;0;0;0.1;0.01;0;2.88624;0;0;-1
0;291;-81.7941;-23.4405;-27.344;9.5595;3659.27;5.74799;0;0;0.1;0.01;0;3.86515;0;0;-1
0;292;-78.907;-4.65302;-26.4856;10.0423;4242.17;6.03829;0;0;0.1;0.01;0;5.59202;0;0;-1
0;293;-82.576;10.9703;-26.4498;10.1274;4350.93;6.08946;0;0;0.1;0.01;0;6.28564;0;0;-1
0;294;-82.4129;27.6775;-25.1445;10.0349;4232.8;6.03384;0;0;0.1;0.01;0;5.02816;0;0;-1
0;295;-80.4022;44.5608;-28.1113;9.88358;4044.19;5.94285;0;0;0.1;0.01;0;3.28353;0;0;-1
0;296;-64.0825;-67.8813;-25.9989;8.5;2572.44;5.11093;0;0;0.1;0.01;0;2.51737;1;0;-1
0;297;-64.3783;-48.9932;-26.1289;8.77835;2833.53;5.27829;0;0;0.1;0.01;0;4.36;0;0;-1
0;298;-64.5277;-31.2674;-25.4646;9.74862;3880.77;5.8617;0;0;0.1;0.01;0;5.468;0;0;-1
0;299;-64.4875;-12.8902;-26.9893;9.28066;3348.31;5.58033;0;0;0.1;0.01;0;5.55727;0;0;-1
0;300;-66.0775;4.44516;-26.0309;8.5;2572.44;5.11093;0;0;0.1;0.01;0;5.94036;1;0;-1
0;301;-65.4715;20.2205;-26.9358;8.59094;2655.89;5.16561;0;0;0.1;0.01;0;5.71378;0;0;-1
0;302;-64.688;35.2205;-27.1732;10.0497;4251.56;6.04274;0;0;0.1;0.01;0;6.31084;0;0;-1
0;303;-64.5502;50.9142;-26.2268;9.27992;3347.51;5.57988;0;0;0.1;0.01;0;5.74869;0;0;-1
0;304;-66.6795;68.6707;-26.7093;9.4554;3541.02;5.68539;0;0;0.1;0.01;0;2.15017;0;0;-1
0;305;-49.7066;-72.5012;-27.7862;8.99661;3050.18;5.40953;0;0;0.1;0.01;0;5.22999;0;0;-1
0;306;-49.6141;-58.1759;-26.2886;9.25063;3315.91;5.56227;0;0;0.1;0.01;0;6.29421;0;0;-1
0;307;-51.5409;-39.7156;-26.3486;9.3425;3415.69;5.61751;0;0;0.1;0.01;0;6.00906;0;0;-1
0;308;-52.4121;-23.1163;-27.5507;9.77632;3913.95;5.87836;0;0;0.1;0.01;0;6.55491;0;0;-1
0;309;-50.4836;-7.03231;-27.8118;9.73264;3861.72;5.8521;0;0;0.1;0.01;0;6.60882;0;0;-1
0;310;-53.0198;8.65181;-26.3241;8.9409;2993.87;5.37603;0;0;0.1;0.01;0;5.48665;0;0;-1
0;311;-51.1164;26.7884;-24.4713;9.14375;3202.3;5.498;0;0;0.1;0.01;0;5.57786;0;0;-1
0;312;-49.9882;45.5119;-24.879;9.78011;3918.5;5.88064;0;0;0.1;0.01;0;7.33702;0;0;-1
0;313;-50.6689;62.4911;-25.5823;8.75947;2815.28;5.26694;0;0;0.1;0.01;0;6.08524;0;0;-1
0;314;-51.796;78.4826;-28.2533;8.72318;2780.44;5.24512;0;0;0.1;0.01;0;2.6531;0;0;-1
0;315;-36.4323;-82.1755;-26.5204;10.3133;4594.96;6.20124;0;0;0.1;0.01;0;6.19575;0;0;-1
0;316;-34.9815;-67.3065;-26.8016;8.88636;2939.41;5.34324;0;0;0.1;0.01;0;6.99106;0;0;-1
0;317;-38.369;-47.108;-27.1463;10.1598;4392.83;6.10894;0;0;0.1;0.01;0;5.71258;0;0;-1
0;318;-36.059;-30.0843;-26.0734;9.32899;3400.89;5.60939;0;0;0.1;0.01;0;6.11575;0;0;-1
0;319;-34.6333;-13.7603;-26.8009;8.77558;2830.85;5.27663;0;0;0.1;0.01;0;5.01368;0;0;-1
0;320;-36.5828;4.31811;-27.4487;8.5;2572.44;5.11093;0;0;0.1;0.01;0;4.19326;1;0;-1
0;321;-38.3581;18.5443;-27.4812;9.50184;3593.45;5.71332;0;0;0.1;0.01;0;5.45362;0;0;-1
0;322;-38.2464;34.5881;-25.1736;8.5;2572.44;5.11093;0;0;0.1;0.01;0;5.50021;1;0;-1
0;323;-37.6464;52.276;-27.8688;9.223;3286.29;5.54566;0;0;0.1;0.01;0;6.07315;0;0;-1
0;324;-38.2101;67.7269;-25.7609;8.5;2572.44;5.11093;0;0;0.1;0.01;0;4.48609;1;0;-1
0;325;-35.5391;85.8449;-24.9545;10.2803;4550.99;6.1814;0;0;0.1;0.01;0;3.7464;0;0;-1
0;326;-21.7866;-90.7799;-25.2905;10.3383;4628.45;6.21627;0;0;0.1;0.01;0;3.98644;0;0;-1
0;327;-20.5823;-73.0893;-27.0254;10.1729;4409.84;6.11682;0;0;0.1;0.01;0;8.27815;0;0;-1
0;328;-20.3476;-59.1637;-26.3056;9.74517;3876.65;5.85963;0;0;0.1;0.01;0;7.26762;0;0;-1
0;329;-22.0198;-40.5898;-26.6571;8.61701;2680.15;5.18128;0;0;0.1;0.01;0;4.98816;0;0;-1
0;330;-21.3617;-21.1055;-24.9741;10.094;4308.03;6.06938;0;0;0.1;0.01;0;6.84146;0;0;-1
0;331;-19.7178;-5.48424;-28.0861;8.5;2572.44;5.11093;0;0;0.1;0.01;0;4.65009;1;0;-1
0;332;-21.3079;11.8061;-25.7714;8.5;2572.44;5.11093;0;0;0.1;0.01;0;4.0038;1;0;-1
0;333;-22.7748;28.7615;-27.7831;8.64731;2708.52;5.1995;0;0;0.1;0.01;0;5.10139;0;0;-1
0;334;-21.2683;44.7719;-27.8823;9.74786;3879.86;5.86125;0;0;0.1;0.01;0;5.84157;0;0;-1
0;335;-21.6922;62.1734;-26.6124;9.66986;3787.47;5.81435;0;0;0.1;0.01;0;6.34018;0;0;-1
0;336;-22.8398;78.7602;-27.9089;9.43208;3514.88;5.67137;0;0;0.1;0.01;0;5.63191;0;0;-1
0;337;-5.94084;-81.2676;-28.6481;9.37792;3454.68;5.63881;0;0;0.1;0.01;0;6.09354;0;0;-1
0;338;-7.90778;-66.6068;-26.3316;9.47884;3567.42;5.69949;0;0;0.1;0.01;0;6.68928;0;0;-1
0;339;-8.56292;-48.5928;-24.3822;9.13807;3196.33;5.49459;0;0;0.1;0.01;0;5.18555;0;0;-1
0;340;-8.20778;-29.6909;-25.5445;8.77274;2828.1;5.27492;0;0;0.1;0.01;0;5.56457;0;0;-1
0;341;-6.01033;-13.3232;-27.8159;9.41095;3491.31;5.65867;0;0;0.1;0.01;0;6.59805;0;0;-1
0;342;-5.49519;1.9284;-27.6442;8.53399;2603.42;5.13136;0;0;0.1;0.01;0;5.71088;0;0;-1
0;343;-6.6076;21.1293;-25.6295;9.60397;3710.57;5.77473;0;0;0.1;0.01;0;6.70007;0;0;-1
0;344;-7.09415;35.4069;-27.0983;9.34522;3418.67;5.61915;0;0;0.1;0.01;0;7.4842;0;0;-1
0;345;-7.93168;51.5158;-26.0291;8.65073;2711.73;5.20156;0;0;0.1;0.01;0;5.61144;0;0;-1
0;346;-9.34786;72.1632;-24.4877;8.6207;2683.59;5.1835;0;0;0.1;0.01;0;5.03745;0;0;-1
0;347;-9.09798;88.2413;-25.6679;8.64271;2704.2;5.19674;0;0;0.1;0.01;0;3.97051;0;0;-1
0;348;9.3449;-90.4748;-25.4137;10.3115;4592.55;6.20016;0;0;0.1;0.01;0;4.27733;0;0;-1
0;349;6.59213;-75.7952;-25.3202;9.7822;3921.01;5.88189;0;0;0.1;0.01;0;6.6734;0;0;-1
0;350;9.44251;-58.661;-25.77;9.33001;3402;5.61;0;0;0.1;0.01;0;5.80832;0;0;-1
0;351;5.72865;-40.0346;-25.3969;9.62018;3729.39;5.78447;0;0;0.1;0.01;0;6.09737;0;0;-1
0;352;8.26756;-25.5228;-26.5939;8.72878;2785.8;5.24849;0;0;0.1;0.01;0;5.85879;0;0;-1
0;353;9.02342;-8.76491;-27.6963;10.2426;4501.11;6.15873;0;0;0.1;0.01;0;6.79666;0;0;-1
0;354;5.51762;9.93574;-25.5155;9.14542;3204.05;5.49901;0;0;0.1;0.01;0;4.58426;0;0;-1
0;355;9.43658;29.3309;-27.6645;10.081;4291.4;6.06156;0;0;0.1;0.01;0;6.86135;0;0;-1
0;356;6.25195;44.0462;-25.2414;10.3766;4680.09;6.2393;0;0;0.1;0.01;0;7.20044;0;0;-1
0;357;6.86903;63.4088;-24.6246;10.1832;4423.25;6.12301;0;0;0.1;0.01;0;6.80629;0;0;-1
0;358;5.89634;78.2868;-28.0042;9.05381;3108.73;5.44392;0;0;0.1;0.01;0;5.5569;0;0;-1
0;359;8.24229;95.6183;-26.8428;10.0208;4214.98;6.02536;0;0;0.1;0.01;0;2.99662;0;0;-1
0;360;22.5757;-82.3681;-25.2178;9.14669;3205.39;5.49977;0;0;0.1;0.01;0;4.65742;0;0;-1
0;361;23.7003;-65.8973;-25.4744;9.51617;3609.73;5.72193;0;0;0.1;0.01;0;5.43695;0;0;-1
0;362;23.2782;-47.2929;-27.4344;10.114;4333.69;6.0814;0;0;0.1;0.01;0;6.25908;0;0;-1
0;363;22.7928;-31.7598;-26.0435;9.7203;3847.05;5.84468;0;0;0.1;0.01;0;6.89649;0;0;-1
0;364;22.1292;-16.0886;-25.5888;10.0142;4206.66;6.02139;0;0;0.1;0.01;0;6.7289;0;0;-1
0;365;22.3173;1.02034;-26.8072;9.03568;3090.09;5.43302;0;0;0.1;0.01;0;5.17098;0;0;-1
0;366;23.3878;18.1884;-28.0147;9.62583;3735.97;5.78787;0;0;0.1;0.01;0;6.25626;0;0;-1
0;367;23.2506;34.9319;-27.5221;9.48752;3577.23;5.70471;0;0;0.1;0.01;0;7.41932;0;0;-1
0;368;20.5941;51.11;-24.5179;9.78732;3927.17;5.88497;0;0;0.1;0.01;0;6.26135;0;0;-1
0;369;20.2918;69.1548;-26.9541;9.41126;3491.66;5.65885;0;0;0.1;0.01;0;5.36186;0;0;-1
0;370;23.3576;84.5745;-24.8062;9.48309;3572.22;5.70204;0;0;0.1;0.01;0;4.90004;0;0;-1
0;371;38.0657;-75.9946;-27.0983;9.08221;3138.07;5.461;0;0;0.1;0.01;0;3.94103;0;0;-1
0;372;35.2281;-56.9182;-27.0388;8.68961;2748.46;5.22494;0;0;0.1;0.01;0;5.60635;0;0;-1
0;373;37.5314;-39.9447;-26.8259;9.92192;4091.44;5.96591;0;0;0.1;0.01;0;7.96733;0;0;-1
0;374;37.6922;-23.1658;-27.6897;9.98008;4163.81;6.00088;0;0;0.1;0.01;0;7.59;0;0;-1
0;375;37.4558;-7.20861;-24.8378;9.68117;3800.77;5.82115;0;0;0.1;0.01;0;6.57002;0;0;-1
0;376;35.1289;8.91422;-26.7887;8.8148;2868.97;5.30021;0;0;0.1;0.01;0;5.3087;0;0;-1
0;377;37.2304;25.3873;-24.711;9.96675;4147.15;5.99286;0;0;0.1;0.01;0;6.87934;0;0;-1
0;378;37.0122;42.1404;-27.0973;9.84583;3998.03;5.92015;0;0;0.1;0.01;0;6.5781;0;0;-1
0;379;38.4466;63.6715;-24.9029;8.5;2572.44;5.11093;0;0;0.1;0.01;0;4.58571;1;0;-1
0;380;36.7486;78.8091;-24.8777;8.5;2572.44;5.11093;0;0;0.1;0.01;0;4.35161;1;0;-1
0;381;50.44;-66.651;-24.786;10.2137;4463.11;6.14135;0;0;0.1;0.01;0;5.56986;0;0;-1
0;382;49.9646;-50.7716;-25.2887;10.1728;4409.71;6.11676;0;0;0.1;0.01;0;6.85128;0;0;-1
0;383;50.0686;-33.4157;-25.0352;8.55599;2623.61;5.14459;0;0;0.1;0.01;0;5.20355;0;0;-1
0;384;52.7137;-15.5612;-26.8578;9.21838;3281.35;5.54288;0;0;0.1;0.01;0;6.25903;0;0;-1
0;385;51.8222;1.73505;-28.3341;10.0155;4208.3;6.02217;0;0;0.1;0.01;0;7.16951;0;0;-1
0;386;50.1094;17.7954;-28.5117;9.04577;3100.45;5.43909;0;0;0.1;0.01;0;6.16845;0;0;-1
0;387;50.3104;34.8904;-25.0688;9.38364;3461.01;5.64225;0;0;0.1;0.01;0;5.57633;0;0;-1
0;388;52.9806;54.7696;-24.691;8.65695;2717.59;5.2053;0;0;0.1;0.01;0;4.39559;0;0;-1
0;389;52.2036;72.6233;-26.9416;9.78828;3928.33;5.88555;0;0;0.1;0.01;0;4.37722;0;0;-1
0;390;66.3619;-59.2062;-27.6358;8.99162;3045.11;5.40653;0;0;0.1;0.01;0;4.13121;0;0;-1
0;391;66.6353;-42.2254;-25.0388;8.84857;2902.07;5.32052;0;0;0.1;0.01;0;5.48394;0;0;-1
0;392;67.4822;-23.2451;-24.8726;10.3678;4668.19;6.23401;0;0;0.1;0.01;0;6.53728;0;0;-1
0;393;65.5573;-5.60015;-26.9278;8.9529;3005.94;5.38325;0;0;0.1;0.01;0;6.84102;0;0;-1
0;394;66.5778;9.45602;-25.097;9.2484;3313.51;5.56093;0;0;0.1;0.01;0;5.82252;0;0;-1
0;395;64.8724;25.4072;-25.6025;9.8348;3984.6;5.91352;0;0;0.1;0.01;0;4.80973;0;0;-1
0;396;66.3808;46.5048;-25.9024;10.0347;4232.55;6.03372;0;0;0.1;0.01;0;5.81609;0;0;-1
0;397;65.073;62.2799;-27.5191;10.0508;4252.95;6.0434;0;0;0.1;0.01;0;4.96771;0;0;-1
0;398;79.4175;-51.2646;-25.8231;10.1042;4321.1;6.07551;0;0;0.1;0.01;0;2.17828;0;0;-1
0;399;81.8812;-34.2054;-24.8277;10.2512;4512.45;6.1639;0;0;0.1;0.01;0;3.41428;0;0;-1
0;400;80.7478;-16.8109;-25.3502;8.88357;2936.64;5.34156;0;0;0.1;0.01;0;4.46842;0;0;-1
0;401;79.7975;-0.227333;-26.2402;9.30496;3374.68;5.59494;0;0;0.1;0.01;0;4.87246;0;0;-1
0;402;83.2152;17.7971;-25.2691;9.79833;3940.44;5.89159;0;0;0.1;0.01;0;4.14555;0;0;-1
0;403;79.0949;33.7643;-27.9928;8.5;2572.44;5.11093;0;0;0.1;0.01;0;3.36612;1;0;-1
0;404;79.3713;54.6224;-26.5428;10.3516;4646.34;6.22427;0;0;0.1;0.01;0;2.70825;0;0;-1
0;405;-98.443;0.96064;-11.8073;10.2755;4544.62;6.17851;0;0;0.1;0.01;0;3.70401;0;0;-1
0;406;-84.2833;-42.0852;-11.2526;9.08598;3141.98;5.46327;0;0;0.1;0.01;0;3.4681;0;0;-1
0;407;-84.3755;-23.5395;-10.307;10.4098;4725.15;6.25926;0;0;0.1;0.01;0;5.70419;0;0;-1
0;408;-85.2162;-7.13358;-12.4831;8.91246;2965.39;5.35893;0;0;0.1;0.01;0;5.26862;0;0;-1
0;409;-83.3457;11.6469;-11.9315;10.149;4378.83;6.10245;0;0;0.1;0.01;0;5.92203;0;0;-1
0;410;-84.8121;29.1387;-12.4312;8.5;2572.44;5.11093;0;0;0.1;0.01;0;4.12898;1;0;-1
0;411;-84.0324;42.497;-11.3125;9.39125;3469.44;5.64682;0;0;0.1;0.01;0;4.12679;0;0;-1
0;412;-70.8101;-68.4366;-10.0656;8.78734;2842.24;5.2837;0;0;0.1;0.01;0;2.13571;0;0;-1
0;413;-69.2259;-49.2651;-11.9964;9.51949;3613.51;5.72393;0;0;0.1;0.01;0;4.76777;0;0;-1
0;414;-69.8917;-32.559;-10.1396;9.37135;3447.43;5.63486;0;0;0.1;0.01;0;6.79626;0;0;-1
0;415;-72.1622;-15.7393;-11.6956;9.40543;3485.17;5.65535;0;0;0.1;0.01;0;6.58637;0;0;-1
0;416;-70.7993;3.17457;-10.3147;8.76929;2824.76;5.27285;0;0;0.1;0.01;0;6.07157;0;0;-1
0;417;-68.3494;17.3767;-12.9533;8.58719;2652.42;5.16335;0;0;0.1;0.01;0;4.93157;0;0;-1
0;418;-69.4909;36.469;-11.9832;9.59908;3704.91;5.77179;0;0;0.1;0.01;0;6.34028;0;0;-1
0;419;-71.9202;53.787;-13.0169;8.9755;3028.76;5.39684;0;0;0.1;0.01;0;4.41717;0;0;-1
0;420;-54.2878;-75.1317;-9.72403;8.85847;2911.82;5.32647;0;0;0.1;0.01;0;3.81486;0;0;-1
0;421;-56.6179;-58.2374;-12.3511;9.39962;3478.72;5.65186;0;0;0.1;0.01;0;5.38499;0;0;-1
0;422;-57.3269;-39.2019;-10.3199;8.57706;2643.04;5.15726;0;0;0.1;0.01;0;5.56667;0;0;-1
0;423;-57.3112;-23.9574;-11.8604;8.5;2572.44;5.11093;0;0;0.1;0.01;0;5.49207;1;0;-1
0;424;-55.236;-7.21852;-11.8089;9.00601;3059.75;5.41518;0;0;0.1;0.01;0;5.50111;0;0;-1
0;425;-54.3079;8.59935;-12.5416;10.0595;4264.01;6.04863;0;0;0.1;0.01;0;5.98864;0;0;-1
0;426;-57.3422;29.7661;-12.8238;8.5;2572.44;5.11093;0;0;0.1;0.01;0;5.63851;1;0;-1
0;427;-55.1136;44.7211;-11.8283;9.28257;3350.37;5.58147;0;0;0.1;0.01;0;6.85636;0;0;-1
0;428;-57.9511;60.032;-10.6831;9.74725;3879.14;5.86088;0;0;0.1;0.01;0;5.44911;0;0;-1
0;429;-42.788;-83.6454;-13.2513;10.0889;4301.5;6.06631;0;0;0.1;0.01;0;4.25761;0;0;-1
0;430;-39.3566;-64.6253;-11.5714;9.79525;3936.73;5.88974;0;0;0.1;0.01;0;5.6101;0;0;-1
0;431;-41.0505;-49.3559;-10.6878;8.52157;2592.07;5.1239;0;0;0.1;0.01;0;5.07845;0;0;-1
0;432;-41.2244;-32.605;-12.3637;9.80366;3946.87;5.8948;0;0;0.1;0.01;0;6.14021;0;0;-1
0;433;-42.0822;-14.3482;-13.52;10.014;4206.41;6.02127;0;0;0.1;0.01;0;6.0836;0;0;-1
0;434;-40.9245;3.07123;-10.7883;9.48602;3575.53;5.70381;0;0;0.1;0.01;0;5.76889;0;0;-1
0;435;-39.4017;20.087;-11.2089;10.0097;4200.99;6.01869;0;0;0.1;0.01;0;6.27583;0;0;-1
0;436;-42.1329;36.9037;-13.1684;9.33057;3402.62;5.61034;0;0;0.1;0.01;0;7.19877;0;0;-1
0;437;-42.6514;52.2166;-12.6306;8.5;2572.44;5.11093;0;0;0.1;0.01;0;5.05061;1;0;-1
0;438;-43.0064;70.6858;-12.5539;8.74544;2801.78;5.25851;0;0;0.1;0.01;0;4.72233;0;0;-1
0;439;-43.2543;85.1285;-13.3381;8.5;2572.44;5.11093;0;0;0.1;0.01;0;3.42548;1;0;-1
0;440;-27.9012;-93.1798;-13.0857;9.62079;3730.1;5.78484;0;0;0.1;0.01;0;4.31894;0;0;-1
0;441;-28.1471;-76.8718;-13.0039;10.1441;4372.49;6.0995;0;0;0.1;0.01;0;7.05684;0;0;-1
0;442;-24.6937;-56.5757;-12.2859;10.3899;4698.1;6.2473;0;0;0.1;0.01;0;7.30714;0;0;-1
0;443;-27.3665;-41.7523;-10.1904;10.4383;4764.07;6.2764;0;0;0.1;0.01;0;7.63221;0;0;-1
0;444;-26.63;-22.2851;-11.8636;10.2193;4470.46;6.14472;0;0;0.1;0.01;0;6.64821;0;0;-1
0;445;-24.9545;-7.30792;-10.3189;8.54228;2611.02;5.13635;0;0;0.1;0.01;0;4.69749;0;0;-1
0;446;-25.1374;9.14628;-10.2556;9.43114;3513.83;5.67081;0;0;0.1;0.01;0;5.17506;0;0;-1
0;447;-27.431;28.4661;-10.5832;10.2555;4518.13;6.16648;0;0;0.1;0.01;0;6.15127;0;0;-1
0;448;-28.3077;42.9584;-10.7753;9.06343;3118.65;5.44971;0;0;0.1;0.01;0;5.62639;0;0;-1
0;449;-24.4439;59.0721;-12.8469;8.80537;2859.77;5.29454;0;0;0.1;0.01;0;4.53561;0;0;-1
0;450;-24.7769;77.7019;-12.2435;9.85517;4009.41;5.92577;0;0;0.1;0.01;0;6.45209;0;0;-1
0;451;-24.86;94.6743;-14.0168;10.1999;4445.05;6.13305;0;0;0.1;0.01;0;3.54348;0;0;-1
0;452;-13.5516;-83.3016;-11.0869;8.5;2572.44;5.11093;0;0;0.1;0.01;0;4.45471;1;0;-1
0;453;-12.7698;-65.4522;-13.2547;8.5;2572.44;5.11093;0;0;0.1;0.01;0;5.52658;1;0;-1
0;454;-12.6957;-48.436;-9.71152;9.49539;3586.14;5.70944;0;0;0.1;0.01;0;6.60754;0;0;-1
0;455;-11.4466;-32.3666;-11.764;10.4018;4714.27;6.25445;0;0;0.1;0.01;0;7.25777;0;0;-1
0;456;-10.3931;-14.2727;-10.723;8.5;2572.44;5.11093;0;0;0.1;0.01;0;6.05996;1;0;-1
0;457;-10.716;0.964795;-11.6031;10.2021;4447.92;6.13437;0;0;0.1;0.01;0;7.16101;0;0;-1
0;458;-10.7348;16.9734;-11.6236;9.08701;3143.05;5.46389;0;0;0.1;0.01;0;5.76945;0;0;-1
0;459;-11.5937;34.2426;-12.5372;8.56015;2627.44;5.14709;0;0;0.1;0.01;0;4.62024;0;0;-1
0;460;-10.3584;50.9685;-10.6067;8.54843;2616.66;5.14005;0;0;0.1;0.01;0;5.22179;0;0;-1
0;461;-10.5253;67.4137;-11.6339;9.0735;3129.05;5.45576;0;0;0.1;0.01;0;5.91001;0;0;-1
0;462;-11.701;87.2565;-12.4345;8.5;2572.44;5.11093;0;0;0.1;0.01;0;4.7934;1;0;-1
0;463;4.39603;-91.552;-10.5889;8.69412;2752.74;5.22765;0;0;0.1;0.01;0;3.76508;0;0;-1
0;464;1.54162;-75.9967;-12.1238;8.5;2572.44;5.11093;0;0;0.1;0.01;0;5.49108;1;0;-1
0;465;1.34702;-59.4772;-12.8518;8.86284;2916.13;5.3291;0;0;0.1;0.01;0;6.06143;0;0;-1
0;466;1.67904;-41.2609;-12.6201;9.63019;3741.05;5.79049;0;0;0.1;0.01;0;6.53665;0;0;-1
0;467;1.26639;-21.5683;-10.4635;9.21799;3280.93;5.54264;0;0;0.1;0.01;0;6.60866;0;0;-1
0;468;1.5918;-7.44441;-12.1251;8.63646;2698.34;5.19298;0;0;0.1;0.01;0;6.12652;0;0;-1
0;469;3.28141;8.1721;-12.2828;10.1133;4332.79;6.08098;0;0;0.1;0.01;0;6.21095;0;0;-1
0;470;3.19016;25.1306;-13.5546;9.05314;3108.04;5.44352;0;0;0.1;0.01;0;4.72227;0;0;-1
0;471;1.9893;43.7654;-10.4984;9.3009;3370.26;5.5925;0;0;0.1;0.01;0;5.57765;0;0;-1
0;472;2.33457;59.5213;-10.7499;9.45512;3540.71;5.68523;0;0;0.1;0.01;0;6.5878;0;0;-1
0;473;2.70651;76.7476;-10.3932;8.91847;2971.39;5.36255;0;0;0.1;0.01;0;6.03146;0;0;-1
0;474;3.09618;94.0421;-11.4647;10.2647;4530.3;6.17202;0;0;0.1;0.01;0;4.45884;0;0;-1
0;475;18.8181;-85.1796;-10.5376;9.35595;3430.46;5.6256;0;0;0.1;0.01;0;5.79984;0;0;-1
0;476;16.0698;-68.1903;-10.5131;9.47166;3559.32;5.69517;0;0;0.1;0.01;0;6.35358;0;0;-1
0;477;15.9644;-51.4696;-9.86981;9.86583;4022.44;5.93218;0;0;0.1;0.01;0;5.779;0;0;-1
0;478;15.5242;-33.3886;-10.5222;9.65096;3765.3;5.80298;0;0;0.1;0.01;0;5.74311;0;0;-1
0;479;16.0365;-16.3009;-11.4642;8.57311;2639.39;5.15489;0;0;0.1;0.01;0;5.90825;0;0;-1
0;480;16.418;1.12093;-11.4607;9.38448;3461.94;5.64275;0;0;0.1;0.01;0;5.57795;0;0;-1
0;481;19.4887;20.8999;-10.8811;9.88972;4051.73;5.94655;0;0;0.1;0.01;0;6.05025;0;0;-1
0;482;19.6211;38.1889;-13.168;8.5;2572.44;5.11093;0;0;0.1;0.01;0;5.08545;1;0;-1
0;483;18.1853;54.5284;-11.4728;8.5;2572.44;5.11093;0;0;0.1;0.01;0;4.93072;1;0;-1
0;484;17.3062;71.4363;-10.3238;10.3965;4707.06;6.25126;0;0;0.1;0.01;0;7.11093;0;0;-1
0;485;15.6978;84.9744;-12.5717;8.5;2572.44;5.11093;0;0;0.1;0.01;0;5.45147;1;0;-1
0;486;31.9453;-93.7263;-12.0417;8.83098;2884.8;5.30994;0;0;0.1;0.01;0;1.8568;0;0;-1
0;487;33.3609;-76.6521;-12.3239;9.41174;3492.19;5.65914;0;0;0.1;0.01;0;5.65335;0;0;-1
0;488;32.8891;-55.3937;-10.3458;9.45135;3536.47;5.68296;0;0;0.1;0.01;0;4.99104;0;0;-1
0;489;34.165;-38.8915;-10.1275;9.62386;3733.67;5.78669;0;0;0.1;0.01;0;6.14344;0;0;-1
0;490;31.2302;-21.3559;-12.278;9.89423;4057.28;5.94926;0;0;0.1;0.01;0;7.10873;0;0;-1
0;491;33.1379;-6.3379;-10.7755;8.88235;2935.43;5.34083;0;0;0.1;0.01;0;5.5619;0;0;-1
0;492;33.4993;11.7994;-12.9112;10.3784;4682.52;6.24038;0;0;0.1;0.01;0;7.01986;0;0;-1
0;493;31.472;29.0524;-10.836;9.24443;3309.25;5.55854;0;0;0.1;0.01;0;6.82227;0;0;-1
0;494;33.5356;46.2605;-13.2488;9.56238;3662.58;5.74972;0;0;0.1;0.01;0;5.98933;0;0;-1
0;495;32.7936;63.4872;-10.3667;8.6173;2680.42;5.18146;0;0;0.1;0.01;0;5.98514;0;0;-1
0;496;32.2639;79.3822;-10.1271;10.0567;4260.45;6.04695;0;0;0.1;0.01;0;6.38643;0;0;-1
0;497;45.9676;-82.9357;-10.7972;8.5;2572.44;5.11093;0;0;0.1;0.01;0;4.15681;1;0;-1
0;498;48.1344;-67.8894;-11.4523;9.53328;3629.24;5.73222;0;0;0.1;0.01;0;6.01309;0;0;-1
0;499;47.7029;-47.7263;-11.9651;9.34097;3414.01;5.61659;0;0;0.1;0.01;0;6.1158;0;0;-1
0;500;48.6177;-31.708;-12.5245;9.05733;3112.36;5.44604;0;0;0.1;0.01;0;5.54039;0;0;-1
0;501;45.5554;-14.7372;-10.951;9.15165;3210.6;5.50275;0;0;0.1;0.01;0;6.26791;0;0;-1
0;502;46.5952;0.435616;-11.0274;10.1585;4391.14;6.10816;0;0;0.1;0.01;0;7.445;0;0;-1
0;503;47.7338;18.1158;-13.4351;10.1742;4411.53;6.1176;0;0;0.1;0.01;0;7.74668;0;0;-1
0;504;47.8995;34.6498;-10.544;9.51622;3609.79;5.72196;0;0;0.1;0.01;0;6.42865;0;0;-1
0;505;45.943;55.194;-12.4972;8.5;2572.44;5.11093;0;0;0.1;0.01;0;5.02012;1;0;-1
0;506;46.2869;68.4954;-10.011;9.24156;3306.16;5.55682;0;0;0.1;0.01;0;6.16945;0;0;-1
0;507;47.6966;85.6452;-13.0946;8.6403;2701.94;5.19529;0;0;0.1;0.01;0;2.33741;0;0;-1
0;508;61.0946;-74.2477;-11.29;10.3036;4582.01;6.19541;0;0;0.1;0.01;0;3.19853;0;0;-1
0;509;60.3056;-56.0664;-13.3056;9.61516;3723.56;5.78146;0;0;0.1;0.01;0;6.39374;0;0;-1
0;510;61.4395;-42.1474;-11.6196;9.39919;3478.24;5.6516;0;0;0.1;0.01;0;6.41264;0;0;-1
0;511;62.5796;-25.7847;-11.8637;9.28468;3352.66;5.58274;0;0;0.1;0.01;0;5.84213;0;0;-1
0;512;62.7397;-7.65093;-11.5004;9.83406;3983.7;5.91308;0;0;0.1;0.01;0;6.46832;0;0;-1
0;513;60.7356;9.37232;-12.8122;10.2245;4477.29;6.14784;0;0;0.1;0.01;0;6.65853;0;0;-1
0;514;61.9716;28.7517;-10.2236;9.92591;4096.37;5.96831;0;0;0.1;0.01;0;6.30893;0;0;-1
0;515;62.6733;45.9867;-11.1275;9.50542;3597.51;5.71547;0;0;0.1;0.01;0;5.70299;0;0;-1
0;516;63.2376;63.5915;-10.8001;10.0981;4313.28;6.07184;0;0;0.1;0.01;0;5.33269;0;0;-1
0;517;61.0457;77.9226;-13.7916;8.90529;2958.24;5.35462;0;0;0.1;0.01;0;2.77278;0;0;-1
0;518;77.604;-47.5332;-10.8078;8.5;2572.44;5.11093;0;0;0.1;0.01;0;3.89026;1;0;-1
0;519;77.3372;-30.0349;-11.2398;8.60685;2670.68;5.17517;0;0;0.1;0.01;0;5.62728;0;0;-1
0;520;75.2964;-14.4417;-10.8519;10.4528;4783.95;6.28512;0;0;0.1;0.01;0;7.80047;0;0;-1
0;521;74.9412;1.11971;-10.9957;8.5;2572.44;5.11093;0;0;0.1;0.01;0;6.16578;1;0;-1
0;522;76.6099;18.0107;-13.3352;8.69993;2758.26;5.23114;0;0;0.1;0.01;0;5.74951;0;0;-1
0;523;75.0636;34.8509;-12.7103;8.5;2572.44;5.11093;0;0;0.1;0.01;0;5.25414;1;0;-1
0;524;75.3446;51.4809;-10.2288;9.24246;3307.13;5.55736;0;0;0.1;0.01;0;5.72036;0;0;-1
0;525;89.588;-22.1735;-11.9572;8.5;2572.44;5.11093;0;0;0.1;0.01;0;3.78875;1;0;-1
0;526;90.0697;-4.24938;-10.1494;9.67018;3787.85;5.81454;0;0;0.1;0.01;0;4.11997;0;0;-1
0;527;89.5582;12.0096;-11.022;8.94815;3001.15;5.38039;0;0;0.1;0.01;0;4.80301;0;0;-1
0;528;89.4257;27.0293;-11.1948;8.57982;2645.59;5.15892;0;0;0.1;0.01;0;4.51612;0;0;-1
0;529;89.237;43.5628;-9.84226;10.0381;4236.85;6.03576;0;0;0.1;0.01;0;3.29465;0;0;-1
0;530;-93.9384;-16.5772;2.39256;9.45997;3546.16;5.68814;0;0;0.1;0.01;0;3.17083;0;0;-1
0;531;-95.6843;2.72482;3.43457;9.65336;3768.11;5.80443;0;0;0.1;0.01;0;3.78428;0;0;-1
0;532;-95.9065;18.6868;2.16382;10.2032;4449.36;6.13504;0;0;0.1;0.01;0;3.23933;0;0;-1
0;533;-79.6783;-55.9217;3.03355;8.5;2572.44;5.11093;0;0;0.1;0.01;0;2.6381;1;0;-1
0;534;-82.6301;-41.5222;4.68334;9.80047;3943.02;5.89288;0;0;0.1;0.01;0;4.1736;0;0;-1
0;535;-80.5987;-23.2248;2.97128;9.80139;3944.13;5.89343;0;0;0.1;0.01;0;6.45318;0;0;-1
0;536;-79.8669;-6.13643;3.72602;9.46528;3552.13;5.69134;0;0;0.1;0.01;0;5.92446;0;0;-1
0;537;-81.794;10.3549;2.71758;8.90491;2957.86;5.35439;0;0;0.1;0.01;0;4.70885;0;0;-1
0;538;-80.6014;25.4921;1.20783;8.5;2572.44;5.11093;0;0;0.1;0.01;0;3.69505;1;0;-1
0;539;-82.6819;44.0731;2.76626;10.2457;4505.19;6.16059;0;0;0.1;0.01;0;4.42272;0;0;-1
0;540;-78.9032;61.1279;3.37295;9.4202;3501.62;5.66423;0;0;0.1;0.01;0;2.55994;0;0;-1
0;541;-63.8853;-65.5096;1.6802;8.86781;2921.04;5.33209;0;0;0.1;0.01;0;4.00747;0;0;-1
0;542;-64.2802;-47.286;4.39858;10.2617;4526.33;6.17021;0;0;0.1;0.01;0;6.2335;0;0;-1
0;543;-68.3934;-33.0493;3.54894;8.92266;2975.58;5.36507;0;0;0.1;0.01;0;5.75725;0;0;-1
0;544;-67.7959;-14.8203;1.71968;10.4365;4761.6;6.27532;0;0;0.1;0.01;0;6.92576;0;0;-1
0;545;-67.1952;0.400431;3.73563;10.3306;4618.12;6.21164;0;0;0.1;0.01;0;6.93336;0;0;-1
0;546;-64.7312;17.1293;3.36965;10.4477;4776.95;6.28205;0;0;0.1;0.01;0;6.01907;0;0;-1
0;547;-65.1803;36.5254;3.09639;10.4249;4745.74;6.26834;0;0;0.1;0.01;0;6.60351;0;0;-1
0;548;-65.5667;52.0299;3.22429;9.47993;3568.65;5.70014;0;0;0.1;0.01;0;5.48049;0;0;-1
0;549;-64.9429;70.4133;3.1634;8.5;2572.44;5.11093;0;0;0.1;0.01;0;2.34933;1;0;-1
0;550;-49.9094;-75.3326;3.24338;8.5823;2647.89;5.16041;0;0;0.1;0.01;0;5.00578;0;0;-1
0;551;-50.3431;-59.3861;4.21394;8.71413;2771.79;5.23968;0;0;0.1;0.01;0;5.5053;0;0;-1
0;552;-50.9542;-42.3311;3.33676;8.72965;2786.63;5.24901;0;0;0.1;0.01;0;5.46229;0;0;-1
0;553;-52.1137;-24.4738;3.65677;8.58632;2651.61;5.16283;0;0;0.1;0.01;0;4.18541;0;0;-1
0;554;-49.6416;-5.37846;2.14968;8.5;2572.44;5.11093;0;0;0.1;0.01;0;4.35336;1;0;-1
0;555;-52.2994;10.0579;3.75182;8.5;2572.44;5.11093;0;0;0.1;0.01;0;4.98728;1;0;-1
0;556;-52.7549;25.8377;2.70126;8.5;2572.44;5.11093;0;0;0.1;0.01;0;5.48429;1;0;-1
0;557;-50.2705;42.9862;5.1122;9.8444;3996.28;5.91929;0;0;0.1;0.01;0;5.97366;0;0;-1
0;558;-50.7539;63.4563;1.83514;9.04923;3104.01;5.44117;0;0;0.1;0.01;0;5.21324;0;0;-1
0;559;-51.4548;78.1205;1.28927;9.76208;3896.87;5.8698;0;0;0.1;0.01;0;4.43699;0;0;-1
0;560;-34.9785;-84.0131;3.44108;9.36644;3442.01;5.6319;0;0;0.1;0.01;0;5.15509;0;0;-1
0;561;-38.5005;-67.3851;3.2432;9.15764;3216.91;5.50636;0;0;0.1;0.01;0;5.35445;0;0;-1
0;562;-36.7049;-50.3897;4.12471;8.5;2572.44;5.11093;0;0;0.1;0.01;0;5.17248;1;0;-1
0;563;-35.8344;-32.6212;2.6773;9.95707;4135.07;5.98704;0;0;0.1;0.01;0;6.05288;0;0;-1
0;564;-38.0795;-14.087;3.15064;8.97516;3028.41;5.39663;0;0;0.1;0.01;0;4.9831;0;0;-1
0;565;-36.6308;3.18137;4.03711;8.90095;2953.91;5.35201;0;0;0.1;0.01;0;5.85568;0;0;-1
0;566;-38.1387;19.9733;2.91814;10.1518;4382.46;6.10413;0;0;0.1;0.01;0;6.86628;0;0;-1
0;567;-38.196;36.3067;1.0275;8.89588;2948.87;5.34896;0;0;0.1;0.01;0;5.93232;0;0;-1
0;568;-35.4164;50.8411;2.86185;9.82839;3976.82;5.90967;0;0;0.1;0.01;0;5.01439;0;0;-1
0;569;-35.7448;71.7402;1.34371;10.4423;4769.55;6.2788;0;0;0.1;0.01;0;6.28693;0;0;-1
0;570;-35.3307;87.8905;3.28917;9.58234;3685.56;5.76172;0;0;0.1;0.01;0;5.14426;0;0;-1
0;571;-20.7812;-93.6566;1.60047;9.51832;3612.18;5.72323;0;0;0.1;0.01;0;4.31133;0;0;-1
0;572;-20.5651;-76.6029;4.59192;8.53528;2604.61;5.13214;0;0;0.1;0.01;0;5.26454;0;0;-1
0;573;-23.6224;-57.6391;1.54101;9.2155;3278.27;5.54115;0;0;0.1;0.01;0;6.00412;0;0;-1
0;574;-23.2219;-40.3604;2.14364;9.25268;3318.11;5.5635;0;0;0.1;0.01;0;6.4169;0;0;-1
0;575;-21.1654;-23.0782;3.57286;8.5;2572.44;5.11093;0;0;0.1;0.01;0;5.39793;1;0;-1
0;576;-20.5767;-5.1943;3.3374;8.55675;2624.31;5.14505;0;0;0.1;0.01;0;6.16238;0;0;-1
0;577;-20.191;9.99198;4.07285;10.1133;4332.79;6.08098;0;0;0.1;0.01;0;6.90012;0;0;-1
0;578;-23.9395;27.5248;1.88799;8.5874;2652.61;5.16348;0;0;0.1;0.01;0;3.99357;0;0;-1
0;579;-19.9309;46.9954;1.82813;9.19996;3261.72;5.5318;0;0;0.1;0.01;0;4.54715;0;0;-1
0;580;-22.0288;63.3252;2.16578;9.89483;4058.01;5.94962;0;0;0.1;0.01;0;6.6594;0;0;-1
0;581;-22.1862;77.5582;1.91055;9.60554;3712.39;5.77567;0;0;0.1;0.01;0;6.19955;0;0;-1
0;582;-23.3656;96.2335;1.35583;9.90756;4073.7;5.95727;0;0;0.1;0.01;0;3.42096;0;0;-1
0;583;-7.07065;-98.9518;0.930202;10.0776;4287.06;6.05951;0;0;0.1;0.01;0;2.97332;0;0;-1
0;584;-5.645;-81.0559;3.7117;8.73414;2790.93;5.25171;0;0;0.1;0.01;0;5.62707;0;0;-1
0;585;-9.08211;-66.6488;2.77025;10.3839;4689.97;6.24369;0;0;0.1;0.01;0;5.75293;0;0;-1
0;586;-7.63188;-49.2527;2.30739;8.64791;2709.08;5.19986;0;0;0.1;0.01;0;5.09685;0;0;-1
0;587;-7.46615;-29.9744;2.51942;9.4445;3528.79;5.67884;0;0;0.1;0.01;0;6.35278;0;0;-1
0;588;-8.77973;-14.1925;3.11626;9.71029;3835.18;5.83866;0;0;0.1;0.01;0;6.88179;0;0;-1
0;589;-7.88885;1.80683;3.77789;8.5;2572.44;5.11093;0;0;0.1;0.01;0;5.89942;1;0;-1
0;590;-6.29945;17.3567;1.34288;8.51996;2590.61;5.12293;0;0;0.1;0.01;0;5.93062;0;0;-1
0;591;-6.16614;34.6555;3.70206;9.22465;3288.05;5.54665;0;0;0.1;0.01;0;5.50736;0;0;-1
0;592;-5.7652;51.8026;3.53854;8.5;2572.44;5.11093;0;0;0.1;0.01;0;5.86921;1;0;-1
0;593;-7.56731;71.7841;2.33056;10.3283;4615.04;6.21026;0;0;0.1;0.01;0;6.85544;0;0;-1
0;594;-9.20752;88.3806;3.68126;9.77079;3907.31;5.87503;0;0;0.1;0.01;0;4.97502;0;0;-1
0;595;8.04458;-92.1706;3.10098;8.71605;2773.63;5.24083;0;0;0.1;0.01;0;4.70716;0;0;-1
0;596;8.63506;-76.0901;1.82777;9.61678;3725.44;5.78243;0;0;0.1;0.01;0;7.04058;0;0;-1
0;597;5.95591;-58.9254;1.68985;10.096;4310.59;6.07058;0;0;0.1;0.01;0;6.92126;0;0;-1
0;598;7.0361;-42.7398;3.59147;9.83689;3987.15;5.91478;0;0;0.1;0.01;0;6.72838;0;0;-1
0;599;7.54401;-24.9378;1.84709;9.5353;3631.55;5.73344;0;0;0.1;0.01;0;6.50756;0;0;-1
0;600;9.35726;-8.46236;4.44384;10.1237;4346.17;6.08723;0;0;0.1;0.01;0;5.93055;0;0;-1
0;601;5.73682;10.4509;2.77859;8.89902;2951.99;5.35085;0;0;0.1;0.01;0;4.95972;0;0;-1
0;602;7.6284;25.4192;2.1185;9.91149;4078.55;5.95964;0;0;0.1;0.01;0;6.08716;0;0;-1
0;603;8.38217;44.0615;2.34446;8.5;2572.44;5.11093;0;0;0.1;0.01;0;5.0447;1;0;-1
0;604;6.9082;60.389;1.62442;8.5;2572.44;5.11093;0;0;0.1;0.01;0;5.65779;1;0;-1
0;605;8.80584;76.503;2.67727;8.62821;2690.61;5.18802;0;0;0.1;0.01;0;5.79884;0;0;-1
0;606;5.61102;97.9075;1.52055;9.70502;3828.93;5.83549;0;0;0.1;0.01;0;2.82551;0;0;-1
0;607;20.4553;-85.2835;2.1768;8.5;2572.44;5.11093;0;0;0.1;0.01;0;4.15405;1;0;-1
0;608;23.7064;-66.3233;2.73806;10.1485;4378.19;6.10215;0;0;0.1;0.01;0;5.92393;0;0;-1
0;609;22.3796;-47.3586;4.3833;8.61569;2678.91;5.18049;0;0;0.1;0.01;0;4.58342;0;0;-1
0;610;21.742;-31.0858;1.48112;8.5;2572.44;5.11093;0;0;0.1;0.01;0;5.78989;1;0;-1
0;611;21.4318;-14.7077;1.49765;8.5;2572.44;5.11093;0;0;0.1;0.01;0;5.46905;1;0;-1
0;612;23.2024;4.3392;1.19911;9.49255;3582.92;5.70773;0;0;0.1;0.01;0;5.44822;0;0;-1
0;613;23.3897;20.833;4.6762;9.56391;3664.33;5.75064;0;0;0.1;0.01;0;6.83953;0;0;-1
0;614;21.9857;37.2974;4.96393;8.5;2572.44;5.11093;0;0;0.1;0.01;0;5.65978;1;0;-1
0;615;22.7756;51.4195;3.72386;9.88732;4048.78;5.9451;0;0;0.1;0.01;0;6.64389;0;0;-1
0;616;21.1364;67.7532;1.6563;9.16445;3224.09;5.51045;0;0;0.1;0.01;0;5.95707;0;0;-1
0;617;21.4032;89.4953;1.13522;10.1186;4339.6;6.08417;0;0;0.1;0.01;0;4.04437;0;0;-1
0;618;38.0408;-75.9264;1.65784;9.44408;3528.32;5.67859;0;0;0.1;0.01;0;6.03158;0;0;-1
0;619;38.5538;-59.603;4.02747;8.64248;2703.98;5.1966;0;0;0.1;0.01;0;5.226;0;0;-1
0;620;34.9031;-40.1473;3.41412;8.9796;3032.91;5.3993;0;0;0.1;0.01;0;5.44842;0;0;-1
0;621;35.0467;-25.7238;1.19876;9.54414;3641.66;5.73875;0;0;0.1;0.01;0;6.10579;0;0;-1
0;622;38.0184;-8.85147;4.48514;9.35846;3433.22;5.62711;0;0;0.1;0.01;0;6.01242;0;0;-1
0;623;37.2324;9.08576;1.455;9.51894;3612.89;5.7236;0;0;0.1;0.01;0;5.74619;0;0;-1
0;624;36.6632;27.251;2.87011;9.98295;4167.4;6.0026;0;0;0.1;0.01;0;6.5137;0;0;-1
0;625;35.9283;44.5363;1.21285;10.3932;4702.58;6.24928;0;0;0.1;0.01;0;6.87994;0;0;-1
0;626;36.1006;62.7045;3.82965;10.293;4567.88;6.18903;0;0;0.1;0.01;0;7.82498;0;0;-1
0;627;37.6641;80.0025;2.52632;10.395;4705.03;6.25036;0;0;0.1;0.01;0;5.13864;0;0;-1
0;628;50.8412;-83.5301;2.89921;8.5;2572.44;5.11093;0;0;0.1;0.01;0;2.988;1;0;-1
0;629;52.1834;-64.6117;4.04626;9.83279;3982.16;5.91231;0;0;0.1;0.01;0;5.58502;0;0;-1
0;630;50.3197;-48.4704;3.26066;10.1367;4362.93;6.09505;0;0;0.1;0.01;0;6.36116;0;0;-1
0;631;53.4024;-33.6499;4.79302;8.5;2572.44;5.11093;0;0;0.1;0.01;0;5.81332;1;0;-1
0;632;51.3848;-15.8292;2.99119;8.60239;2666.53;5.17249;0;0;0.1;0.01;0;5.11841;0;0;-1
0;633;52.1609;1.13453;2.46795;8.51441;2585.55;5.11959;0;0;0.1;0.01;0;5.43502;0;0;-1
0;634;52.378;17.0468;1.66365;9.47502;3563.11;5.69719;0;0;0.1;0.01;0;7.31127;0;0;-1
0;635;50.1825;34.3871;2.73829;9.80689;3950.78;5.89674;0;0;0.1;0.01;0;6.23181;0;0;-1
0;636;51.3743;54.631;4.70355;8.5;2572.44;5.11093;0;0;0.1;0.01;0;5.01713;1;0;-1
0;637;50.0062;67.711;3.25863;9.09874;3155.24;5.47094;0;0;0.1;0.01;0;4.70017;0;0;-1
0;638;68.0576;-56.0642;4.68423;9.91865;4087.39;5.96394;0;0;0.1;0.01;0;4.38672;0;0;-1
0;639;67.5914;-39.0424;2.40428;9.67029;3787.97;5.81461;0;0;0.1;0.01;0;7.08993;0;0;-1
0;640;64.7291;-24.163;3.90198;8.59961;2663.94;5.17082;0;0;0.1;0.01;0;5.67874;0;0;-1
0;641;67.828;-6.65895;4.42213;8.5;2572.44;5.11093;0;0;0.1;0.01;0;4.86886;1;0;-1
0;642;65.6265;12.2005;3.83274;10.2544;4516.68;6.16582;0;0;0.1;0.01;0;6.72014;0;0;-1
0;643;65.489;25.9353;3.94246;8.5;2572.44;5.11093;0;0;0.1;0.01;0;6.09842;1;0;-1
0;644;66.9179;44.3086;4.35959;9.40417;3483.77;5.65459;0;0;0.1;0.01;0;5.69837;0;0;-1
0;645;67.421;60.1767;4.32138;9.78995;3930.34;5.88655;0;0;0.1;0.01;0;4.46615;0;0;-1
0;646;82.3298;-47.3924;5.10118;9.16647;3226.23;5.51167;0;0;0.1;0.01;0;3.67517;0;0;-1
0;647;82.1685;-33.1113;3.18307;10.4059;4719.84;6.25692;0;0;0.1;0.01;0;5.82282;0;0;-1
0;648;81.3937;-15.7974;3.84303;9.58771;3691.76;5.76495;0;0;0.1;0.01;0;6.48914;0;0;-1
0;649;79.775;0.0556474;1.87417;9.17655;3236.88;5.51773;0;0;0.1;0.01;0;5.72895;0;0;-1
0;650;80.9748;18.2583;2.4451;9.17519;3235.44;5.51691;0;0;0.1;0.01;0;6.6438;0;0;-1
0;651;82.5379;36.1057;4.09166;10.3563;4652.67;6.22709;0;0;0.1;0.01;0;5.55354;0;0;-1
0;652;82.8038;55.3;4.894;9.98006;4163.78;6.00087;0;0;0.1;0.01;0;2.84884;0;0;-1
0;653;95.8363;-23.3861;2.10225;10.372;4673.86;6.23653;0;0;0.1;0.01;0;3.62809;0;0;-1
0;654;96.3565;-7.56414;4.22406;9.30892;3378.99;5.59732;0;0;0.1;0.01;0;3.40656;0;0;-1
0;655;94.5239;12.1158;1.93366;9.59168;3696.35;5.76734;0;0;0.1;0.01;0;4.21421;0;0;-1
0;656;94.3122;26.6319;4.47774;10.0281;4224.2;6.02975;0;0;0.1;0.01;0;4.46572;0;0;-1
0;657;-86.8352;-40.7497;19.1997;10.0139;4206.28;6.02121;0;0;0.1;0.01;0;3.22238;0;0;-1
0;658;-85.0805;-21.1742;18.5581;9.39531;3473.94;5.64926;0;0;0.1;0.01;0;3.2822;0;0;-1
0;659;-84.8787;-4.98805;19.269;9.9256;4095.99;5.96812;0;0;0.1;0.01;0;4.60385;0;0;-1
0;660;-86.6491;10.4803;17.1881;9.41782;3498.97;5.6628;0;0;0.1;0.01;0;4.7164;0;0;-1
0;661;-85.7238;27.1086;18.3074;8.5;2572.44;5.11093;0;0;0.1;0.01;0;3.21766;1;0;-1
0;662;-84.255;45.3257;18.926;8.68184;2741.09;5.22026;0;0;0.1;0.01;0;2.72869;0;0;-1
0;663;-72.1085;-63.6378;19.8454;9.46219;3548.65;5.68948;0;0;0.1;0.01;0;3.35597;0;0;-1
0;664;-70.8097;-48.5637;16.6722;9.04696;3101.68;5.43981;0;0;0.1;0.01;0;6.11155;0;0;-1
0;665;-68.984;-33.8698;19.1883;8.5;2572.44;5.11093;0;0;0.1;0.01;0;5.46742;1;0;-1
0;666;-71.9583;-13.1863;19.0188;9.90376;4069.01;5.95499;0;0;0.1;0.01;0;7.23406;0;0;-1
0;667;-69.3883;2.17435;19.7068;9.7357;3865.36;5.85394;0;0;0.1;0.01;0;6.93235;0;0;-1
0;668;-70.2505;18.64;19.3008;9.64972;3763.85;5.80224;0;0;0.1;0.01;0;5.80215;0;0;-1
0;669;-70.2942;34.257;16.7455;8.77909;2834.24;5.27874;0;0;0.1;0.01;0;4.32414;0;0;-1
0;670;-70.252;52.8826;16.2673;8.5;2572.44;5.11093;0;0;0.1;0.01;0;3.91571;1;0;-1
0;671;-58.0194;-74.9472;17.1201;10.065;4271;6.05194;0;0;0.1;0.01;0;4.51562;0;0;-1
0;672;-57.4993;-58.6555;18.7042;9.47117;3558.77;5.69488;0;0;0.1;0.01;0;6.43833;0;0;-1
0;673;-56.2013;-39.5362;17.4564;10.2399;4497.55;6.1571;0;0;0.1;0.01;0;7.40221;0;0;-1
0;674;-57.085;-23.2695;16.916;8.9323;2985.23;5.37086;0;0;0.1;0.01;0;5.73301;0;0;-1
0;675;-55.1875;-6.46431;16.0506;9.97374;4155.88;5.99707;0;0;0.1;0.01;0;6.24439;0;0;-1
0;676;-57.1279;8.61583;17.4091;8.70387;2762.01;5.23351;0;0;0.1;0.01;0;5.38487;0;0;-1
0;677;-55.381;26.7732;16.7924;9.65507;3770.12;5.80545;0;0;0.1;0.01;0;5.70959;0;0;-1
0;678;-54.9705;46.8983;18.9472;8.5;2572.44;5.11093;0;0;0.1;0.01;0;4.35247;1;0;-1
0;679;-53.9871;61.936;18.2841;8.67427;2733.93;5.21571;0;0;0.1;0.01;0;3.80628;0;0;-1
0;680;-53.7934;78.0483;19.6584;9.60026;3706.27;5.7725;0;0;0.1;0.01;0;2.63983;0;0;-1
0;681;-41.6975;-84.6152;16.8507;9.64536;3758.75;5.79962;0;0;0.1;0.01;0;4.32866;0;0;-1
0;682;-40.6273;-67.4699;17.7374;8.98447;3037.85;5.40223;0;0;0.1;0.01;0;5.5143;0;0;-1
0;683;-40.4654;-47.7823;16.7424;9.09298;3149.25;5.46748;0;0;0.1;0.01;0;5.26108;0;0;-1
0;684;-42.5271;-33.0287;18.1946;9.56256;3662.78;5.74983;0;0;0.1;0.01;0;6.35434;0;0;-1
0;685;-42.1592;-13.7571;16.4874;8.5;2572.44;5.11093;0;0;0.1;0.01;0;4.91447;1;0;-1
0;686;-39.9919;2.2814;17.7268;8.8338;2887.56;5.31164;0;0;0.1;0.01;0;5.08327;0;0;-1
0;687;-42.2104;18.6833;18.4638;8.81873;2872.81;5.30257;0;0;0.1;0.01;0;5.43371;0;0;-1
0;688;-41.163;33.7376;18.276;8.97255;3025.77;5.39506;0;0;0.1;0.01;0;5.19149;0;0;-1
0;689;-39.7065;53.2117;18.5437;8.97931;3032.62;5.39913;0;0;0.1;0.01;0;4.73865;0;0;-1
0;690;-39.5857;71.4843;16.3986;10.2106;4459.05;6.13949;0;0;0.1;0.01;0;5.9044;0;0;-1
0;691;-41.5961;87.7463;18.5382;8.98874;3042.18;5.4048;0;0;0.1;0.01;0;2.93213;0;0;-1
0;692;-27.7604;-93.453;16.829;10.4523;4783.26;6.28482;0;0;0.1;0.01;0;3.97901;0;0;-1
0;693;-27.5077;-72.8521;18.499;9.83112;3980.13;5.91131;0;0;0.1;0.01;0;6.16615;0;0;-1
0;694;-25.3745;-56.709;16.2724;8.5;2572.44;5.11093;0;0;0.1;0.01;0;4.45082;1;0;-1
0;695;-24.5003;-40.3814;17.8424;8.88227;2935.35;5.34078;0;0;0.1;0.01;0;5.48647;0;0;-1
0;696;-28.3617;-24.7235;16.3191;9.59361;3698.58;5.7685;0;0;0.1;0.01;0;6.04693;0;0;-1
0;697;-28.3791;-7.18633;16.0126;9.33032;3402.34;5.61019;0;0;0.1;0.01;0;5.29156;0;0;-1
0;698;-26.9608;10.6777;16.4879;9.60486;3711.6;5.77526;0;0;0.1;0.01;0;6.09218;0;0;-1
0;699;-27.4534;28.0477;17.3649;9.05772;3112.76;5.44628;0;0;0.1;0.01;0;5.12868;0;0;-1
0;700;-25.4619;45.9292;17.6347;9.58543;3689.13;5.76358;0;0;0.1;0.01;0;5.76588;0;0;-1
0;701;-28.1538;62.0584;16.3994;9.01678;3070.74;5.42166;0;0;0.1;0.01;0;5.90403;0;0;-1
0;702;-27.4142;80.4126;16.3153;10.1887;4430.42;6.12632;0;0;0.1;0.01;0;5.89127;0;0;-1
0;703;-13.2906;-83.6084;17.6366;9.77088;3907.42;5.87509;0;0;0.1;0.01;0;5.45685;0;0;-1
0;704;-13.732;-65.6465;17.0287;8.5;2572.44;5.11093;0;0;0.1;0.01;0;4.20867;1;0;-1
0;705;-11.1812;-47.5349;16.2684;9.7905;3931;5.88689;0;0;0.1;0.01;0;5.44931;0;0;-1
0;706;-12.3566;-30.7833;19.3471;8.63701;2698.85;5.19331;0;0;0.1;0.01;0;5.76242;0;0;-1
0;707;-11.5492;-16.1883;17.4735;9.71429;3839.92;5.84106;0;0;0.1;0.01;0;6.34253;0;0;-1
0;708;-13.6689;1.662;17.1272;10.0878;4300.09;6.06565;0;0;0.1;0.01;0;7.02368;0;0;-1
0;709;-13.1769;20.7903;16.6148;10.0841;4295.36;6.06342;0;0;0.1;0.01;0;6.26979;0;0;-1
0;710;-10.9554;37.3159;17.2912;8.97727;3030.55;5.3979;0;0;0.1;0.01;0;5.49394;0;0;-1
0;711;-10.0186;52.3605;18.3013;10.1287;4352.61;6.09024;0;0;0.1;0.01;0;6.64201;0;0;-1
0;712;-11.6694;68.4261;18.3665;8.59754;2662.02;5.16958;0;0;0.1;0.01;0;5.20826;0;0;-1
0;713;-11.0516;85.2566;18.6736;8.5;2572.44;5.11093;0;0;0.1;0.01;0;3.73778;1;0;-1
0;714;1.68505;-91.9834;17.4378;10.248;4508.23;6.16197;0;0;0.1;0.01;0;3.90869;0;0;-1
0;715;4.58111;-72.2689;15.9835;8.68782;2746.76;5.22386;0;0;0.1;0.01;0;5.15413;0;0;-1
0;716;2.82024;-56.9697;17.3306;8.5;2572.44;5.11093;0;0;0.1;0.01;0;5.54531;1;0;-1
0;717;2.96244;-39.8547;16.6726;9.887;4048.39;5.94491;0;0;0.1;0.01;0;6.586;0;0;-1
0;718;2.38495;-24.4682;16.4657;8.82136;2875.38;5.30416;0;0;0.1;0.01;0;5.63616;0;0;-1
0;719;4.97369;-8.37558;17.1106;8.57217;2638.52;5.15432;0;0;0.1;0.01;0;4.74465;0;0;-1
0;720;4.17268;9.65142;16.3853;9.89258;4055.25;5.94826;0;0;0.1;0.01;0;4.892;0;0;-1
0;721;2.16099;28.5062;16.6411;9.95865;4137.04;5.98799;0;0;0.1;0.01;0;6.24746;0;0;-1
0;722;2.53526;46.1893;15.6172;8.5982;2662.63;5.16997;0;0;0.1;0.01;0;5.80129;0;0;-1
0;723;2.66325;63.403;15.8911;10.4039;4717.12;6.25571;0;0;0.1;0.01;0;6.71216;0;0;-1
0;724;0.998395;77.9655;15.9307;8.66392;2724.16;5.20949;0;0;0.1;0.01;0;5.68385;0;0;-1
0;725;4.69818;93.0892;17.7741;8.70908;2766.98;5.23664;0;0;0.1;0.01;0;2.89433;0;0;-1
0;726;17.7765;-82.3796;17.1054;10.0453;4245.97;6.04009;0;0;0.1;0.01;0;5.1318;0;0;-1
0;727;15.7973;-64.411;16.378;8.5;2572.44;5.11093;0;0;0.1;0.01;0;4.94379;1;0;-1
0;728;16.0258;-50.0838;18.3087;9.61978;3728.93;5.78423;0;0;0.1;0.01;0;5.55468;0;0;-1
0;729;18.9323;-33.9801;18.0999;8.5;2572.44;5.11093;0;0;0.1;0.01;0;4.31477;1;0;-1
0;730;18.3551;-17.0087;17.3412;9.30503;3374.75;5.59498;0;0;0.1;0.01;0;5.77495;0;0;-1
0;731;17.4607;2.71672;18.4899;8.54447;2613.03;5.13767;0;0;0.1;0.01;0;4.74123;0;0;-1
0;732;16.5798;21.1376;16.2211;9.14026;3198.63;5.49591;0;0;0.1;0.01;0;6.27715;0;0;-1
0;733;16.5146;37.0688;17.4449;8.88866;2941.69;5.34462;0;0;0.1;0.01;0;5.88768;0;0;-1
0;734;19.6639;52.9311;17.6965;8.85858;2911.93;5.32654;0;0;0.1;0.01;0;5.1687;0;0;-1
0;735;16.4136;69.7784;17.3859;8.51644;2587.4;5.12081;0;0;0.1;0.01;0;5.15623;0;0;-1
0;736;17.9141;85.6769;16.459;9.17315;3233.29;5.51568;0;0;0.1;0.01;0;3.56742;0;0;-1
0;737;33.1703;-92.4852;15.9356;9.05955;3114.64;5.44738;0;0;0.1;0.01;0;1.69082;0;0;-1
0;738;33.7876;-73.769;16.1022;9.51316;3606.31;5.72013;0;0;0.1;0.01;0;5.47792;0;0;-1
0;739;33.1753;-55.2445;18.0176;9.15668;3215.9;5.50578;0;0;0.1;0.01;0;4.54217;0;0;-1
0;740;33.6499;-39.0275;18.0731;8.5;2572.44;5.11093;0;0;0.1;0.01;0;5.33006;1;0;-1
0;741;31.4396;-24.4849;16.3369;9.37929;3456.2;5.63963;0;0;0.1;0.01;0;6.48213;0;0;-1
0;742;30.71;-8.05985;18.5972;9.30862;3378.66;5.59714;0;0;0.1;0.01;0;5.4988;0;0;-1
0;743;30.5307;11.5689;17.0177;8.87722;2930.35;5.33774;0;0;0.1;0.01;0;5.13445;0;0;-1
0;744;32.0971;26.8731;16.7679;8.78131;2836.39;5.28007;0;0;0.1;0.01;0;5.40287;0;0;-1
0;745;33.2166;45.7675;16.5233;8.5;2572.44;5.11093;0;0;0.1;0.01;0;5.28961;1;0;-1
0;746;30.4876;63.4334;19.4781;9.08213;3137.99;5.46095;0;0;0.1;0.01;0;6.81651;0;0;-1
0;747;30.6483;77.8147;17.8476;9.25776;3323.58;5.56656;0;0;0.1;0.01;0;5.18443;0;0;-1
0;748;45.3112;-81.2481;16.0899;9.99665;4184.58;6.01084;0;0;0.1;0.01;0;4.70882;0;0;-1
0;749;48.9058;-67.6414;17.007;8.61752;2680.62;5.18159;0;0;0.1;0.01;0;5.08347;0;0;-1
0;750;47.5087;-48.1688;18.596;8.5;2572.44;5.11093;0;0;0.1;0.01;0;4.60384;1;0;-1
0;751;46.7611;-31.897;16.6113;9.52674;3621.78;5.72829;0;0;0.1;0.01;0;6.82932;0;0;-1
0;752;46.3601;-15.3163;17.508;9.96599;4146.2;5.99241;0;0;0.1;0.01;0;6.40148;0;0;-1
0;753;46.2082;4.39619;19.4816;9.61473;3723.06;5.7812;0;0;0.1;0.01;0;5.43054;0;0;-1
0;754;48.7901;20.4712;17.3386;9.77667;3914.37;5.87857;0;0;0.1;0.01;0;6.23021;0;0;-1
0;755;46.8636;34.8774;18.9881;8.5;2572.44;5.11093;0;0;0.1;0.01;0;5.23601;1;0;-1
0;756;45.0833;54.0902;16.5893;10.1386;4365.39;6.09619;0;0;0.1;0.01;0;6.57444;0;0;-1
0;757;46.9803;68.9802;17.7773;8.7934;2848.13;5.28734;0;0;0.1;0.01;0;5.04323;0;0;-1
0;758;45.9412;86.0447;19.6771;8.5;2572.44;5.11093;0;0;0.1;0.01;0;1.2829;1;0;-1
0;759;61.2209;-75.4454;17.4888;9.74749;3879.42;5.86102;0;0;0.1;0.01;0;2.82242;0;0;-1
0;760;62.3076;-57.9542;18.1645;8.5;2572.44;5.11093;0;0;0.1;0.01;0;4.94911;1;0;-1
0;761;62.5597;-38.7142;16.7025;10.097;4311.87;6.07118;0;0;0.1;0.01;0;7.49655;0;0;-1
0;762;60.4191;-24.2765;16.5089;9.90118;4065.83;5.95344;0;0;0.1;0.01;0;7.54607;0;0;-1
0;763;60.3773;-7.40249;16.7458;8.93108;2984.01;5.37013;0;0;0.1;0.01;0;4.81013;0;0;-1
0;764;62.4582;10.6034;16.9656;9.45392;3539.36;5.6845;0;0;0.1;0.01;0;5.78018;0;0;-1
0;765;61.6874;28.5322;16.4791;10.2254;4478.47;6.14838;0;0;0.1;0.01;0;7.22363;0;0;-1
0;766;61.8657;45.2103;19.0355;8.67367;2733.36;5.21535;0;0;0.1;0.01;0;6.07914;0;0;-1
0;767;62.2917;63.6376;19.0464;10.0225;4217.13;6.02638;0;0;0.1;0.01;0;4.83184;0;0;-1
0;768;75.9048;-50.2103;19.5078;8.70096;2759.24;5.23176;0;0;0.1;0.01;0;3.0137;0;0;-1
0;769;76.0476;-33.4786;18.3433;10.0886;4301.12;6.06613;0;0;0.1;0.01;0;6.13384;0;0;-1
0;770;77.6202;-16.9563;16.7475;8.5;2572.44;5.11093;0;0;0.1;0.01;0;4.96185;1;0;-1
0;771;74.885;0.855363;19.4107;8.71841;2775.88;5.24225;0;0;0.1;0.01;0;4.44363;0;0;-1
0;772;76.4909;20.1062;16.1841;9.82373;3971.16;5.90687;0;0;0.1;0.01;0;6.53718;0;0;-1
0;773;74.8199;37.9211;19.0742;10.3722;4674.14;6.23665;0;0;0.1;0.01;0;6.73486;0;0;-1
0;774;76.5233;52.4298;18.7582;8.77615;2831.4;5.27697;0;0;0.1;0.01;0;4.5785;0;0;-1
0;775;91.5281;-22.0676;18.6421;9.7875;3927.39;5.88508;0;0;0.1;0.01;0;4.3449;0;0;-1
0;776;92.7477;-7.35878;19.9351;8.5;2572.44;5.11093;0;0;0.1;0.01;0;2.61919;1;0;-1
0;777;91.6999;9.32569;16.2157;9.05672;3111.73;5.44567;0;0;0.1;0.01;0;2.52734;0;0;-1
0;778;89.4676;26.8416;17.3912;9.35384;3428.14;5.62433;0;0;0.1;0.01;0;4.07829;0;0;-1
0;779;-93.5856;2.40837;34.558;8.55786;2625.33;5.14572;0;0;0.1;0.01;0;2.84484;0;0;-1
0;780;-82.0382;-39.7069;31.6331;9.85962;4014.85;5.92845;0;0;0.1;0.01;0;3.15533;0;0;-1
0;781;-79.687;-25.0874;32.456;9.32437;3395.84;5.60661;0;0;0.1;0.01;0;4.25201;0;0;-1
0;782;-79.0011;-6.09195;34.0273;9.22038;3283.49;5.54408;0;0;0.1;0.01;0;5.97706;0;0;-1
0;783;-80.1782;10.0448;31.815;8.73128;2788.19;5.24999;0;0;0.1;0.01;0;4.89567;0;0;-1
0;784;-82.7012;25.8738;30.9239;9.40262;3482.05;5.65366;0;0;0.1;0.01;0;2.74867;0;0;-1
0;785;-79.8988;46.0318;31.3465;8.54151;2610.31;5.13589;0;0;0.1;0.01;0;2.20572;0;0;-1
0;786;-65.9594;-66.8888;33.9586;9.46889;3556.2;5.69351;0;0;0.1;0.01;0;3.41727;0;0;-1
0;787;-66.6279;-47.6733;32.2345;9.70994;3834.76;5.83845;0;0;0.1;0.01;0;4.7908;0;0;-1
0;788;-64.3046;-30.7707;34.2067;9.95636;4134.19;5.98661;0;0;0.1;0.01;0;6.55715;0;0;-1
0;789;-66.7713;-15.5664;31.0212;8.5;2572.44;5.11093;0;0;0.1;0.01;0;5.9525;1;0;-1
0;790;-65.6107;0.0161305;34.1229;8.9441;2997.08;5.37796;0;0;0.1;0.01;0;5.98673;0;0;-1
0;791;-66.5565;18.1288;33.8877;8.5;2572.44;5.11093;0;0;0.1;0.01;0;4.43036;1;0;-1
0;792;-64.4076;35.1712;31.6563;8.58667;2651.94;5.16304;0;0;0.1;0.01;0;4.16751;0;0;-1
0;793;-66.8422;53.0608;33.1998;9.91933;4088.23;5.96435;0;0;0.1;0.01;0;3.57342;0;0;-1
0;794;-53.186;-73.3251;30.618;10.1149;4334.84;6.08194;0;0;0.1;0.01;0;4.85184;0;0;-1
0;795;-50.1839;-58.717;30.9857;9.48167;3570.62;5.70119;0;0;0.1;0.01;0;6.02613;0;0;-1
0;796;-49.8384;-38.4016;31.6507;9.72083;3847.68;5.84499;0;0;0.1;0.01;0;6.12817;0;0;-1
0;797;-52.806;-21.2967;31.1173;8.5;2572.44;5.11093;0;0;0.1;0.01;0;4.91568;1;0;-1
0;798;-52.7063;-7.29029;34.1922;9.66627;3783.25;5.81219;0;0;0.1;0.01;0;4.47765;0;0;-1
0;799;-51.6682;11.8708;31.7791;8.5;2572.44;5.11093;0;0;0.1;0.01;0;4.16018;1;0;-1
0;800;-50.7124;29.4043;32.6047;8.5;2572.44;5.11093;0;0;0.1;0.01;0;5.23679;1;0;-1
0;801;-52.7781;43.3418;33.1284;8.5;2572.44;5.11093;0;0;0.1;0.01;0;5.24202;1;0;-1
0;802;-51.6411;60.071;33.9737;8.5;2572.44;5.11093;0;0;0.1;0.01;0;4.23743;1;0;-1
0;803;-35.6434;-85.3959;34.282;10.1766;4414.65;6.11904;0;0;0.1;0.01;0;3.6375;0;0;-1
0;804;-37.998;-66.3792;31.2861;8.5;2572.44;5.11093;0;0;0.1;0.01;0;4.56032;1;0;-1
0;805;-37.948;-47.2906;33.1259;9.74583;3877.44;5.86003;0;0;0.1;0.01;0;5.96662;0;0;-1
0;806;-34.4741;-33.0317;33.0321;10.2533;4515.23;6.16516;0;0;0.1;0.01;0;6.52052;0;0;-1
0;807;-35.1756;-16.276;32.7157;8.8572;2910.57;5.32571;0;0;0.1;0.01;0;4.12793;0;0;-1
0;808;-35.3359;2.97986;32.2983;8.80953;2863.83;5.29704;0;0;0.1;0.01;0;4.53451;0;0;-1
0;809;-38.3041;17.6717;32.7603;8.96634;3019.49;5.39133;0;0;0.1;0.01;0;4.90121;0;0;-1
0;810;-36.9779;37.9446;31.6597;9.65063;3764.92;5.80278;0;0;0.1;0.01;0;6.08405;0;0;-1
0;811;-36.8438;52.471;32.4152;8.9865;3039.91;5.40345;0;0;0.1;0.01;0;5.22357;0;0;-1
0;812;-37.9039;69.1966;32.1251;8.5;2572.44;5.11093;0;0;0.1;0.01;0;3.35736;1;0;-1
0;813;-20.9694;-91.0253;34.0239;9.86408;4020.3;5.93113;0;0;0.1;0.01;0;3.76493;0;0;-1
0;814;-22.9235;-74.3026;32.2315;8.5;2572.44;5.11093;0;0;0.1;0.01;0;5.11986;1;0;-1
0;815;-22.8346;-57.0532;34.4225;8.61747;2680.57;5.18156;0;0;0.1;0.01;0;4.58501;0;0;-1
0;816;-21.8588;-42.7429;31.89;8.61331;2676.69;5.17906;0;0;0.1;0.01;0;5.67943;0;0;-1
0;817;-20.4306;-21.6624;31.3844;8.5;2572.44;5.11093;0;0;0.1;0.01;0;3.95808;1;0;-1
0;818;-20.9573;-4.75586;34.0502;9.37895;3455.82;5.63943;0;0;0.1;0.01;0;5.90016;0;0;-1
0;819;-21.7914;11.1904;31.646;8.93559;2988.53;5.37284;0;0;0.1;0.01;0;5.87823;0;0;-1
0;820;-22.9954;29.3664;33.7791;9.49202;3582.32;5.70741;0;0;0.1;0.01;0;5.5559;0;0;-1
0;821;-20.7371;44.2944;33.813;9.19925;3260.96;5.53138;0;0;0.1;0.01;0;6.29434;0;0;-1
0;822;-20.4298;59.6984;30.9817;8.65751;2718.11;5.20564;0;0;0.1;0.01;0;5.12063;0;0;-1
0;823;-21.7719;76.7173;32.6731;10.0526;4255.24;6.04448;0;0;0.1;0.01;0;4.73795;0;0;-1
0;824;-6.81701;-81.4838;33.01;10.2345;4490.44;6.15386;0;0;0.1;0.01;0;5.73598;0;0;-1
0;825;-7.58024;-65.8509;32.0401;9.11861;3175.96;5.48289;0;0;0.1;0.01;0;4.85254;0;0;-1
0;826;-8.81203;-46.9421;30.7915;9.1191;3176.47;5.48318;0;0;0.1;0.01;0;5.15102;0;0;-1
0;827;-5.45934;-32.6274;31.168;8.5;2572.44;5.11093;0;0;0.1;0.01;0;4.7429;1;0;-1
0;828;-8.84085;-13.1764;31.5847;10.4144;4731.42;6.26203;0;0;0.1;0.01;0;6.59201;0;0;-1
0;829;-7.46843;3.47747;31.9551;9.30981;3379.96;5.59785;0;0;0.1;0.01;0;6.08511;0;0;-1
0;830;-6.85451;20.9994;33.6355;10.0649;4270.88;6.05188;0;0;0.1;0.01;0;5.67697;0;0;-1
0;831;-7.47916;37.7947;34.0811;9.13604;3194.2;5.49337;0;0;0.1;0.01;0;6.14378;0;0;-1
0;832;-5.84893;51.7246;33.6845;8.5;2572.44;5.11093;0;0;0.1;0.01;0;5.49268;1;0;-1
0;833;-7.20463;69.7829;32.3987;8.73803;2794.66;5.25405;0;0;0.1;0.01;0;4.34788;0;0;-1
0;834;-6.78191;88.6529;31.1314;8.56897;2635.57;5.1524;0;0;0.1;0.01;0;2.16741;0;0;-1
0;835;8.24556;-89.4391;34.6647;8.757;2812.9;5.26546;0;0;0.1;0.01;0;3.1819;0;0;-1
0;836;7.70289;-74.4748;32.4964;10.4534;4784.77;6.28548;0;0;0.1;0.01;0;7.0338;0;0;-1
0;837;6.34244;-58.9469;31.8197;8.79873;2853.31;5.29055;0;0;0.1;0.01;0;5.10305;0;0;-1
0;838;8.48604;-42.9145;33.1996;10.0561;4259.68;6.04659;0;0;0.1;0.01;0;6.75125;0;0;-1
0;839;6.86223;-23.882;32.7565;8.90408;2957.03;5.35389;0;0;0.1;0.01;0;4.88019;0;0;-1
0;840;7.21193;-6.04716;33.7234;9.87605;4034.95;5.93833;0;0;0.1;0.01;0;6.05043;0;0;-1
0;841;5.65317;8.79114;34.3807;9.10205;3158.68;5.47293;0;0;0.1;0.01;0;4.7405;0;0;-1
0;842;8.33575;27.8189;31.0472;9.25309;3318.55;5.56375;0;0;0.1;0.01;0;5.15974;0;0;-1
0;843;6.79268;42.8938;30.5885;10.1876;4428.99;6.12566;0;0;0.1;0.01;0;6.42195;0;0;-1
0;844;8.63701;61.5729;30.9052;8.68436;2743.48;5.22178;0;0;0.1;0.01;0;4.75595;0;0;-1
0;845;9.12175;78.9346;31.9046;9.46328;3549.88;5.69013;0;0;0.1;0.01;0;4.70426;0;0;-1
0;846;23.1471;-82.6639;33.855;9.93443;4106.93;5.97343;0;0;0.1;0.01;0;4.76635;0;0;-1
0;847;22.6471;-67.9645;33.0051;9.85623;4010.71;5.92641;0;0;0.1;0.01;0;5.40266;0;0;-1
0;848;23.8669;-47.7373;33.3862;8.90151;2954.47;5.35235;0;0;0.1;0.01;0;5.89586;0;0;-1
0;849;21.1363;-32.2897;32.4687;10.1635;4397.63;6.11117;0;0;0.1;0.01;0;7.03739;0;0;-1
0;850;22.1154;-14.0033;32.216;10.1553;4386.99;6.10623;0;0;0.1;0.01;0;6.79544;0;0;-1
0;851;22.3384;0.481854;30.9344;8.92445;2977.37;5.36614;0;0;0.1;0.01;0;5.12708;0;0;-1
0;852;23.0072;19.3392;30.4852;9.06881;3124.2;5.45294;0;0;0.1;0.01;0;4.82329;0;0;-1
0;853;22.1096;37.5582;33.9847;9.3486;3422.38;5.62118;0;0;0.1;0.01;0;5.73854;0;0;-1
0;854;23.7944;51.3883;32.5721;9.90615;4071.96;5.95642;0;0;0.1;0.01;0;6.81426;0;0;-1
0;855;22.329;68.7567;30.9989;8.75237;2808.44;5.26267;0;0;0.1;0.01;0;5.90329;0;0;-1
0;856;20.8558;89.3906;34.23;9.34689;3420.5;5.62015;0;0;0.1;0.01;0;1.60156;0;0;-1
0;857;35.7855;-74.7218;32.792;8.5;2572.44;5.11093;0;0;0.1;0.01;0;3.42703;1;0;-1
0;858;37.1886;-55.0831;32.844;9.55435;3653.36;5.74489;0;0;0.1;0.01;0;5.7631;0;0;-1
0;859;35.5738;-38.415;30.8893;8.5;2572.44;5.11093;0;0;0.1;0.01;0;5.30835;1;0;-1
0;860;37.5002;-21.9819;32.1857;8.5;2572.44;5.11093;0;0;0.1;0.01;0;4.75479;1;0;-1
0;861;35.9007;-4.81143;33.2087;9.17157;3231.62;5.51473;0;0;0.1;0.01;0;5.72656;0;0;-1
0;862;38.7436;9.35409;32.4843;8.59517;2659.82;5.16815;0;0;0.1;0.01;0;4.91475;0;0;-1
0;863;38.1038;25.5626;32.9972;9.81869;3965.06;5.90384;0;0;0.1;0.01;0;5.59426;0;0;-1
0;864;38.3496;43.1633;33.0898;9.76301;3897.98;5.87036;0;0;0.1;0.01;0;6.01971;0;0;-1
0;865;35.3778;61.8616;33.7058;9.76121;3895.83;5.86927;0;0;0.1;0.01;0;6.62634;0;0;-1
0;866;36.8585;77.2495;32.1589;10.0224;4217;6.02632;0;0;0.1;0.01;0;5.23789;0;0;-1
0;867;52.8306;-64.6645;31.929;9.06145;3116.6;5.44852;0;0;0.1;0.01;0;3.97444;0;0;-1
0;868;53.1662;-49.3384;32.1238;9.43641;3519.73;5.67398;0;0;0.1;0.01;0;5.65674;0;0;-1
0;869;52.072;-33.3848;32.3982;9.52844;3623.71;5.72931;0;0;0.1;0.01;0;6.1403;0;0;-1
0;870;51.5453;-17.3174;31.5997;9.93219;4104.15;5.97208;0;0;0.1;0.01;0;6.32105;0;0;-1
0;871;53.2106;0.915678;33.8707;10.0205;4214.6;6.02518;0;0;0.1;0.01;0;6.86683;0;0;-1
0;872;52.4643;17.8222;33.3858;8.9672;3020.36;5.39185;0;0;0.1;0.01;0;6.01751;0;0;-1
0;873;53.474;38.1455;32.2381;8.9671;3020.26;5.39179;0;0;0.1;0.01;0;6.03767;0;0;-1
0;874;53.2651;53.1785;33.3257;9.60563;3712.5;5.77573;0;0;0.1;0.01;0;6.96821;0;0;-1
0;875;51.4205;68.3308;32.4172;9.14929;3208.12;5.50134;0;0;0.1;0.01;0;4.86853;0;0;-1
0;876;67.2549;-58.0717;32.4276;8.83388;2887.64;5.31168;0;0;0.1;0.01;0;3.29323;0;0;-1
0;877;67.6949;-38.605;31.5513;9.31078;3381.01;5.59844;0;0;0.1;0.01;0;5.34537;0;0;-1
0;878;66.3866;-21.8155;31.9675;9.12977;3187.63;5.4896;0;0;0.1;0.01;0;5.27158;0;0;-1
0;879;66.9397;-4.76947;32.6231;9.85842;4013.38;5.92772;0;0;0.1;0.01;0;5.72466;0;0;-1
0;880;67.2106;10.3575;32.9749;8.94914;3002.15;5.38099;0;0;0.1;0.01;0;6.55139;0;0;-1
0;881;66.2093;28.0138;33.7828;8.61621;2679.4;5.1808;0;0;0.1;0.01;0;5.82119;0;0;-1
0;882;67.3151;45.6441;31.0896;9.11558;3172.79;5.48107;0;0;0.1;0.01;0;6.46617;0;0;-1
0;883;67.0124;59.5018;32.0843;9.87652;4035.53;5.93861;0;0;0.1;0.01;0;4.7541;0;0;-1
0;884;79.9445;-30.2579;33.83;9.91075;4077.63;5.95919;0;0;0.1;0.01;0;4.39894;0;0;-1
0;885;80.1764;-15.9675;30.7204;8.8039;2858.34;5.29366;0;0;0.1;0.01;0;4.50648;0;0;-1
0;886;79.6566;3.68713;33.5478;10.0827;4293.58;6.06258;0;0;0.1;0.01;0;4.94846;0;0;-1
0;887;80.7179;19.6968;34.194;8.73611;2792.82;5.2529;0;0;0.1;0.01;0;3.8483;0;0;-1
0;888;80.543;33.6378;31.9246;8.98096;3034.29;5.40012;0;0;0.1;0.01;0;4.25635;0;0;-1
0;889;-86.3535;-6.44541;47.2376;9.7781;3916.08;5.87943;0;0;0.1;0.01;0;3.24428;0;0;-1
0;890;-85.6604;9.85692;47.7974;10.4049;4718.48;6.25632;0;0;0.1;0.01;0;3.02149;0;0;-1
0;891;-69.0192;-49.9869;48.7965;10.4318;4755.17;6.27249;0;0;0.1;0.01;0;2.87924;0;0;-1
0;892;-69.3913;-33.7447;47.9857;8.5;2572.44;5.11093;0;0;0.1;0.01;0;4.0931;1;0;-1
0;893;-69.3632;-13.3632;47.6954;9.91875;4087.52;5.964;0;0;0.1;0.01;0;5.72765;0;0;-1
0;894;-71.5196;0.837907;46.777;8.91111;2964.04;5.35812;0;0;0.1;0.01;0;5.62332;0;0;-1
0;895;-68.566;18.0371;47.0495;8.75571;2811.66;5.26468;0;0;0.1;0.01;0;3.93427;0;0;-1
0;896;-70.5791;36.4591;49.3625;9.25688;3322.63;5.56603;0;0;0.1;0.01;0;1.72458;0;0;-1
0;897;-56.6373;-59.6046;46.1514;8.92538;2978.3;5.3667;0;0;0.1;0.01;0;4.10133;0;0;-1
0;898;-57.0578;-39.1328;47.6084;9.30218;3371.65;5.59327;0;0;0.1;0.01;0;5.77675;0;0;-1
0;899;-57.0485;-23.263;47.2589;8.5;2572.44;5.11093;0;0;0.1;0.01;0;5.45277;1;0;-1
0;900;-56.8257;-6.91267;48.8063;9.56046;3660.37;5.74857;0;0;0.1;0.01;0;5.90604;0;0;-1
0;901;-54.5987;12.7569;45.9849;8.6949;2753.48;5.22812;0;0;0.1;0.01;0;4.41936;0;0;-1
0;902;-57.7024;29.7421;45.9837;8.5;2572.44;5.11093;0;0;0.1;0.01;0;4.65757;1;0;-1
0;903;-56.3038;45.943;47.0281;8.5;2572.44;5.11093;0;0;0.1;0.01;0;4.45951;1;0;-1
0;904;-54.4396;61.3018;46.4118;8.73256;2789.42;5.25076;0;0;0.1;0.01;0;3.49893;0;0;-1
0;905;-40.6494;-64.3843;45.8748;8.77308;2828.43;5.27513;0;0;0.1;0.01;0;3.66454;0;0;-1
0;906;-40.4022;-50.5763;48.2047;9.14813;3206.9;5.50064;0;0;0.1;0.01;0;5.15951;0;0;-1
0;907;-43.2003;-30.0713;46.0974;10.1709;4407.24;6.11561;0;0;0.1;0.01;0;6.05305;0;0;-1
0;908;-41.5081;-14.2956;49.0769;8.5;2572.44;5.11093;0;0;0.1;0.01;0;4.98779;1;0;-1
0;909;-41.6396;0.77069;49.2654;8.65928;2719.78;5.2067;0;0;0.1;0.01;0;4.59946;0;0;-1
0;910;-42.097;16.7763;48.272;10.2808;4551.66;6.1817;0;0;0.1;0.01;0;5.9222;0;0;-1
0;911;-42.3282;35.8753;45.2249;8.59133;2656.26;5.16584;0;0;0.1;0.01;0;4.94979;0;0;-1
0;912;-41.2176;53.2384;48.903;10.1348;4360.48;6.09391;0;0;0.1;0.01;0;6.5355;0;0;-1
0;913;-42.4837;69.7223;48.0968;9.85071;4003.97;5.92309;0;0;0.1;0.01;0;4.23832;0;0;-1
0;914;-27.8271;-76.7435;46.7408;9.0812;3137.03;5.46039;0;0;0.1;0.01;0;2.96225;0;0;-1
0;915;-26.1672;-55.5056;48.3185;8.59395;2658.69;5.16742;0;0;0.1;0.01;0;5.99547;0;0;-1
0;916;-27.6868;-41.4899;46.5283;9.63897;3751.29;5.79577;0;0;0.1;0.01;0;7.57722;0;0;-1
0;917;-28.0299;-24.2562;49.4424;8.5;2572.44;5.11093;0;0;0.1;0.01;0;4.80359;1;0;-1
0;918;-25.7021;-8.79249;47.3316;8.5;2572.44;5.11093;0;0;0.1;0.01;0;4.63775;1;0;-1
0;919;-26.6738;12.0294;46.5404;9.92574;4096.16;5.9682;0;0;0.1;0.01;0;5.77952;0;0;-1
0;920;-26.9584;29.5836;48.5555;10.2075;4454.99;6.13762;0;0;0.1;0.01;0;7.06286;0;0;-1
0;921;-26.3546;45.1513;48.8377;9.22863;3292.31;5.54904;0;0;0.1;0.01;0;6.11744;0;0;-1
0;922;-25.8949;60.8829;46.5183;10.3198;4603.65;6.20515;0;0;0.1;0.01;0;6.87278;0;0;-1
0;923;-25.5708;79.3344;48.5025;9.1597;3219.08;5.50759;0;0;0.1;0.01;0;3.17625;0;0;-1
0;924;-12.3651;-80.7905;46.0182;8.874;2927.16;5.33581;0;0;0.1;0.01;0;3.07073;0;0;-1
0;925;-11.8837;-64.6873;47.9606;8.62741;2689.86;5.18754;0;0;0.1;0.01;0;4.45592;0;0;-1
0;926;-13.4911;-47.9736;46.5688;10.3686;4669.27;6.23449;0;0;0.1;0.01;0;7.51972;0;0;-1
0;927;-12.6934;-33.569;49.1093;10.005;4195.08;6.01586;0;0;0.1;0.01;0;5.88107;0;0;-1
0;928;-11.4151;-13.8822;48.6908;9.93402;4106.42;5.97318;0;0;0.1;0.01;0;6.77237;0;0;-1
0;929;-11.0372;0.269965;46.1111;9.49154;3581.78;5.70713;0;0;0.1;0.01;0;6.65034;0;0;-1
0;930;-13.1755;19.5112;47.8618;10.0132;4205.4;6.02079;0;0;0.1;0.01;0;6.25812;0;0;-1
0;931;-11.2563;37.0938;49.059;8.84922;2902.71;5.32091;0;0;0.1;0.01;0;6.44981;0;0;-1
0;932;-12.203;52.5429;48.7824;9.02879;3083.03;5.42888;0;0;0.1;0.01;0;7.20762;0;0;-1
0;933;-11.7509;69.7909;48.0801;10.1432;4371.33;6.09896;0;0;0.1;0.01;0;5.86791;0;0;-1
0;934;-12.8189;86.6155;47.9901;8.5;2572.44;5.11093;0;0;0.1;0.01;0;1.6657;1;0;-1
0;935;2.06024;-73.1405;45.8789;8.5;2572.44;5.11093;0;0;0.1;0.01;0;4.91283;1;0;-1
0;936;1.61547;-59.4388;46.6258;8.99434;3047.87;5.40817;0;0;0.1;0.01;0;5.60836;0;0;-1
0;937;2.35413;-42.2819;46.9564;9.40872;3488.83;5.65733;0;0;0.1;0.01;0;5.65128;0;0;-1
0;938;1.44742;-22.4095;48.5104;9.3869;3464.62;5.64421;0;0;0.1;0.01;0;5.82119;0;0;-1
0;939;4.30876;-5.39021;49.0464;9.50215;3593.8;5.7135;0;0;0.1;0.01;0;6.81253;0;0;-1
0;940;3.22186;8.86486;49.2402;9.40384;3483.41;5.65439;0;0;0.1;0.01;0;5.80821;0;0;-1
0;941;1.826;29.6377;47.3219;8.5;2572.44;5.11093;0;0;0.1;0.01;0;5.04987;1;0;-1
0;942;1.08438;45.5404;47.5962;8.53776;2606.88;5.13363;0;0;0.1;0.01;0;6.17137;0;0;-1
0;943;1.49025;60.6204;45.6705;9.03964;3094.15;5.4354;0;0;0.1;0.01;0;5.43639;0;0;-1
0;944;4.93243;79.729;48.6594;10.1102;4328.8;6.07912;0;0;0.1;0.01;0;3.00519;0;0;-1
0;945;18.9252;-84.4734;48.8919;8.82496;2878.9;5.30632;0;0;0.1;0.01;0;1.955;0;0;-1
0;946;18.2801;-65.933;46.7115;9.13393;3191.99;5.4921;0;0;0.1;0.01;0;4.6935;0;0;-1
0;947;16.9272;-49.4127;46.2855;8.5;2572.44;5.11093;0;0;0.1;0.01;0;4.61418;1;0;-1
0;948;19.3938;-34.3993;45.9325;10.2763;4545.68;6.17899;0;0;0.1;0.01;0;6.56766;0;0;-1
0;949;16.1494;-14.8626;48.4584;9.22523;3288.67;5.547;0;0;0.1;0.01;0;6.3418;0;0;-1
0;950;18.7801;1.80401;48.524;8.50641;2578.26;5.11478;0;0;0.1;0.01;0;5.65577;0;0;-1
0;951;17.3893;17.489;46.7739;9.55479;3653.86;5.74516;0;0;0.1;0.01;0;5.23351;0;0;-1
0;952;16.0229;36.3972;49.0087;8.5;2572.44;5.11093;0;0;0.1;0.01;0;4.95249;1;0;-1
0;953;19.2421;50.8445;45.5676;9.03341;3087.76;5.43166;0;0;0.1;0.01;0;5.11248;0;0;-1
0;954;17.4121;71.0997;46.7966;9.52319;3617.73;5.72616;0;0;0.1;0.01;0;4.5429;0;0;-1
0;955;33.2117;-74.2757;48.7922;8.9766;3029.87;5.3975;0;0;0.1;0.01;0;3.24198;0;0;-1
0;956;33.1122;-57.1334;47.83;9.60965;3717.16;5.77814;0;0;0.1;0.01;0;6.04653;0;0;-1
0;957;33.4752;-39.2132;45.8228;9.85133;4004.73;5.92346;0;0;0.1;0.01;0;6.5419;0;0;-1
0;958;30.7987;-22.5137;46.177;9.98303;4167.5;6.00265;0;0;0.1;0.01;0;6.38922;0;0;-1
0;959;31.9847;-5.04388;47.7746;9.48791;3577.67;5.70494;0;0;0.1;0.01;0;5.83463;0;0;-1
0;960;33.2568;12.0645;47.6411;9.44032;3524.1;5.67633;0;0;0.1;0.01;0;5.47861;0;0;-1
0;961;30.6847;25.7853;46.9787;9.75134;3884.02;5.86334;0;0;0.1;0.01;0;6.52735;0;0;-1
0;962;32.7078;43.2089;48.5125;8.95476;3007.81;5.38437;0;0;0.1;0.01;0;6.1164;0;0;-1
0;963;31.8844;59.3304;48.6147;9.99243;4179.28;6.0083;0;0;0.1;0.01;0;6.93058;0;0;-1
0;964;30.9321;76.2519;47.6989;9.44588;3530.33;5.67967;0;0;0.1;0.01;0;4.12514;0;0;-1
0;965;45.9664;-63.7035;46.5687;8.50235;2574.57;5.11234;0;0;0.1;0.01;0;3.30895;0;0;-1
0;966;46.1742;-47.4756;47.5714;10.2055;4452.37;6.13642;0;0;0.1;0.01;0;6.428;0;0;-1
0;967;47.6498;-31.4611;46.2893;8.5;2572.44;5.11093;0;0;0.1;0.01;0;5.04322;1;0;-1
0;968;45.229;-13.9411;49.0354;9.26855;3335.22;5.57304;0;0;0.1;0.01;0;5.88916;0;0;-1
0;969;45.8973;-0.221765;45.3779;8.5;2572.44;5.11093;0;0;0.1;0.01;0;5.34717;1;0;-1
0;970;47.7163;20.7828;46.8816;10.0206;4214.73;6.02524;0;0;0.1;0.01;0;7.16757;0;0;-1
0;971;45.3029;36.6185;48.5857;9.44979;3534.72;5.68202;0;0;0.1;0.01;0;6.79959;0;0;-1
0;972;46.4705;54.7707;49.1045;9.69619;3818.49;5.83018;0;0;0.1;0.01;0;5.88058;0;0;-1
0;973;45.6598;72.0072;48.4201;9.86394;4020.13;5.93104;0;0;0.1;0.01;0;3.34336;0;0;-1
0;974;63.7071;-58.7694;46.4816;8.74716;2803.43;5.25954;0;0;0.1;0.01;0;2.38077;0;0;-1
0;975;62.0119;-42.3761;47.6471;9.36522;3440.67;5.63117;0;0;0.1;0.01;0;5.04697;0;0;-1
0;976;59.8935;-24.0719;48.5166;8.5;2572.44;5.11093;0;0;0.1;0.01;0;4.85957;1;0;-1
0;977;63.6077;-8.69884;46.8183;10.1425;4370.42;6.09854;0;0;0.1;0.01;0;6.67212;0;0;-1
0;978;60.6633;8.13528;47.15;9.86993;4027.46;5.93465;0;0;0.1;0.01;0;6.38098;0;0;-1
0;979;61.5231;26.8088;46.1108;9.90075;4065.3;5.95318;0;0;0.1;0.01;0;6.42592;0;0;-1
0;980;60.1732;43.6491;46.0413;10.1384;4365.13;6.09607;0;0;0.1;0.01;0;6.24423;0;0;-1
0;981;61.1705;61.002;46.9979;9.12844;3186.24;5.4888;0;0;0.1;0.01;0;3.75964;0;0;-1
0;982;77.2965;-30.3706;48.6454;8.61289;2676.3;5.17881;0;0;0.1;0.01;0;2.62272;0;0;-1
0;983;77.1329;-17.102;47.7307;8.5;2572.44;5.11093;0;0;0.1;0.01;0;3.16176;1;0;-1
0;984;75.5661;1.83132;46.5461;9.84126;3992.46;5.91741;0;0;0.1;0.01;0;5.04643;0;0;-1
0;985;78.6929;17.3404;48.7978;10.0526;4255.24;6.04448;0;0;0.1;0.01;0;4.18401;0;0;-1
0;986;75.2813;34.6961;45.9235;10.2898;4563.62;6.18711;0;0;0.1;0.01;0;4.40668;0;0;-1
0;987;-65.6125;-30.2892;62.2622;8.57744;2643.39;5.15749;0;0;0.1;0.01;0;3.43674;0;0;-1
0;988;-66.5766;-15.4224;63.5448;8.87947;2932.58;5.3391;0;0;0.1;0.01;0;3.54182;0;0;-1
0;989;-66.688;0.548987;61.3332;8.52153;2592.04;5.12387;0;0;0.1;0.01;0;3.48045;0;0;-1
0;990;-66.1508;19.5138;63.9358;9.60852;3715.85;5.77746;0;0;0.1;0.01;0;3.35443;0;0;-1
0;991;-51.8191;-58.4786;60.4514;9.06277;3117.97;5.44931;0;0;0.1;0.01;0;2.13736;0;0;-1
0;992;-51.4179;-38.7586;63.6259;10.4312;4754.35;6.27213;0;0;0.1;0.01;0;5.19848;0;0;-1
0;993;-50.7507;-24.5009;63.3018;8.99047;3043.94;5.40584;0;0;0.1;0.01;0;6.41134;0;0;-1
0;994;-52.7075;-8.7918;61.3326;8.75928;2815.1;5.26683;0;0;0.1;0.01;0;4.5747;0;0;-1
0;995;-53.4863;10.3279;61.646;10.3467;4639.75;6.22132;0;0;0.1;0.01;0;5.60329;0;0;-1
0;996;-53.0231;27.1233;62.106;8.5119;2583.26;5.11808;0;0;0.1;0.01;0;4.04229;0;0;-1
0;997;-51.7518;46.5276;61.8017;9.49673;3587.66;5.71025;0;0;0.1;0.01;0;3.02787;0;0;-1
0;998;-36.3741;-47.5573;60.5171;9.31429;3384.84;5.60055;0;0;0.1;0.01;0;6.18536;0;0;-1
0;999;-36.9191;-33.167;64.1694;8.56914;2635.73;5.1525;0;0;0.1;0.01;0;5.89153;0;0;-1
0;1000;-35.4724;-15.654;62.6764;9.77893;3917.08;5.87993;0;0;0.1;0.01;0;6.62055;0;0;-1
0;1001;-36.1655;1.45512;63.9638;8.73934;2795.92;5.25484;0;0;0.1;0.01;0;4.87603;0;0;-1
0;1002;-35.0655;19.5899;62.2236;8.80965;2863.94;5.29711;0;0;0.1;0.01;0;5.88888;0;0;-1
0;1003;-35.227;37.0949;60.6647;9.96828;4149.06;5.99378;0;0;0.1;0.01;0;6.29336;0;0;-1
0;1004;-38.306;52.2587;63.8406;9.47991;3568.63;5.70013;0;0;0.1;0.01;0;3.94536;0;0;-1
0;1005;-38.3172;67.9547;60.6988;9.61487;3723.22;5.78128;0;0;0.1;0.01;0;3.18478;0;0;-1
0;1006;-21.318;-73.232;63.7658;8.5;2572.44;5.11093;0;0;0.1;0.01;0;1.71343;1;0;-1
0;1007;-23.2936;-57.027;62.244;10.4;4711.82;6.25337;0;0;0.1;0.01;0;6.18617;0;0;-1
0;1008;-22.2421;-40.8632;61.3905;10.2717;4539.58;6.17622;0;0;0.1;0.01;0;8.02892;0;0;-1
0;1009;-21.3036;-22.7336;63.6588;8.53442;2603.82;5.13162;0;0;0.1;0.01;0;6.243;0;0;-1
0;1010;-21.9767;-5.56706;62.1274;10.3597;4657.26;6.22914;0;0;0.1;0.01;0;6.43879;0;0;-1
0;1011;-22.1224;10.5219;60.857;8.5;2572.44;5.11093;0;0;0.1;0.01;0;3.63335;1;0;-1
0;1012;-23.785;26.8081;63.526;9.01866;3072.66;5.42279;0;0;0.1;0.01;0;4.6941;0;0;-1
0;1013;-22.4071;44.4796;62.8121;9.87176;4029.7;5.93575;0;0;0.1;0.01;0;6.77011;0;0;-1
0;1014;-21.831;59.7043;60.175;8.81698;2871.1;5.30152;0;0;0.1;0.01;0;5.4372;0;0;-1
0;1015;-7.87253;-67.694;60.3475;8.52518;2595.37;5.12607;0;0;0.1;0.01;0;3.89033;0;0;-1
0;1016;-7.86991;-47.7024;63.1308;10.2311;4485.96;6.15181;0;0;0.1;0.01;0;6.71344;0;0;-1
0;1017;-5.56488;-29.8857;63.3934;9.05885;3113.92;5.44696;0;0;0.1;0.01;0;6.57601;0;0;-1
0;1018;-6.84919;-15.332;60.9671;8.54701;2615.36;5.13919;0;0;0.1;0.01;0;6.62718;0;0;-1
0;1019;-8.78657;0.619448;60.7686;8.5;2572.44;5.11093;0;0;0.1;0.01;0;4.71461;1;0;-1
0;1020;-6.9563;20.8292;60.3898;8.92528;2978.2;5.36664;0;0;0.1;0.01;0;4.61546;0;0;-1
0;1021;-8.82941;36.0087;63.58;9.68264;3802.51;5.82203;0;0;0.1;0.01;0;7.04729;0;0;-1
0;1022;-6.47307;52.1425;61.0298;9.64341;3756.48;5.79844;0;0;0.1;0.01;0;7.5808;0;0;-1
0;1023;-7.43195;67.67;60.8743;10.3052;4584.14;6.19637;0;0;0.1;0.01;0;4.93617;0;0;-1
0;1024;5.32112;-73.7731;61.949;8.5;2572.44;5.11093;0;0;0.1;0.01;0;2.2377;1;0;-1
0;1025;6.87339;-57.4082;62.3041;10.176;4413.87;6.11868;0;0;0.1;0.01;0;5.81658;0;0;-1
0;1026;7.74254;-39.354;61.0343;8.5;2572.44;5.11093;0;0;0.1;0.01;0;4.552;1;0;-1
0;1027;6.38123;-22.692;62.3459;9.92312;4092.92;5.96663;0;0;0.1;0.01;0;6.71226;0;0;-1
0;1028;9.17453;-6.3743;62.4728;10.2402;4497.94;6.15728;0;0;0.1;0.01;0;6.85871;0;0;-1
0;1029;8.77952;12.1956;62.2475;8.66534;2725.5;5.21034;0;0;0.1;0.01;0;4.78803;0;0;-1
0;1030;7.92176;26.3235;63.4127;8.5;2572.44;5.11093;0;0;0.1;0.01;0;5.49371;1;0;-1
0;1031;7.42229;42.0722;60.0858;10.2988;4575.6;6.19252;0;0;0.1;0.01;0;6.63377;0;0;-1
0;1032;6.63972;63.0867;63.289;9.3194;3390.41;5.60362;0;0;0.1;0.01;0;4.62334;0;0;-1
0;1033;21.3031;-63.8646;60.9626;8.5;2572.44;5.11093;0;0;0.1;0.01;0;3.70065;1;0;-1
0;1034;23.256;-50.2978;61.9521;8.5;2572.44;5.11093;0;0;0.1;0.01;0;4.43372;1;0;-1
0;1035;20.9396;-32.3601;61.0337;8.5;2572.44;5.11093;0;0;0.1;0.01;0;3.83395;1;0;-1
0;1036;24.2165;-12.6694;60.3681;8.5;2572.44;5.11093;0;0;0.1;0.01;0;5.40776;1;0;-1
0;1037;20.6116;2.95161;61.7818;8.5;2572.44;5.11093;0;0;0.1;0.01;0;5.06546;1;0;-1
0;1038;23.0808;19.7964;63.736;10.3275;4613.96;6.20978;0;0;0.1;0.01;0;7.3413;0;0;-1
0;1039;21.9254;37.8462;63.1498;8.70203;2760.26;5.2324;0;0;0.1;0.01;0;5.68663;0;0;-1
0;1040;21.5742;53.1574;60.4247;8.5;2572.44;5.11093;0;0;0.1;0.01;0;5.29533;1;0;-1
0;1041;22.1336;69.1084;61.395;9.0674;3122.75;5.4521;0;0;0.1;0.01;0;3.39087;0;0;-1
0;1042;34.669;-59.7302;63.5411;8.5;2572.44;5.11093;0;0;0.1;0.01;0;2.17322;1;0;-1
0;1043;36.1531;-39.3411;62.5721;9.23923;3303.66;5.55541;0;0;0.1;0.01;0;4.51173;0;0;-1
0;1044;38.182;-22.8144;61.8956;8.81792;2872.02;5.30209;0;0;0.1;0.01;0;4.89449;0;0;-1
0;1045;35.794;-5.05699;62.6071;8.95321;3006.25;5.38344;0;0;0.1;0.01;0;4.80269;0;0;-1
0;1046;38.2701;12.2895;61.3788;9.45337;3538.74;5.68417;0;0;0.1;0.01;0;5.64811;0;0;-1
0;1047;37.9518;26.2066;60.2524;8.5;2572.44;5.11093;0;0;0.1;0.01;0;6.73253;1;0;-1
0;1048;35.5213;43.3611;63.5171;9.23679;3301.05;5.55395;0;0;0.1;0.01;0;5.6277;0;0;-1
0;1049;38.6619;60.4761;63.3798;9.72555;3853.28;5.84783;0;0;0.1;0.01;0;3.94702;0;0;-1
0;1050;53.4596;-48.7354;61.7454;9.52246;3616.9;5.72572;0;0;0.1;0.01;0;3.2227;0;0;-1
0;1051;50.367;-33.3907;60.8841;8.5;2572.44;5.11093;0;0;0.1;0.01;0;4.87362;1;0;-1
0;1052;51.0252;-15.2812;62.1429;9.58171;3684.83;5.76134;0;0;0.1;0.01;0;5.69766;0;0;-1
0;1053;50.0348;0.794719;62.7018;8.5;2572.44;5.11093;0;0;0.1;0.01;0;4.12855;1;0;-1
0;1054;50.5503;20.6983;60.9296;8.5;2572.44;5.11093;0;0;0.1;0.01;0;5.7235;1;0;-1
0;1055;50.8694;34.8058;61.8207;9.8158;3961.56;5.9021;0;0;0.1;0.01;0;6.01693;0;0;-1
0;1056;53.6975;53.0124;62.7368;10.1404;4367.71;6.09728;0;0;0.1;0.01;0;3.14154;0;0;-1
0;1057;67.0774;-40.8584;60.8958;10.4293;4751.76;6.27099;0;0;0.1;0.01;0;2.85158;0;0;-1
0;1058;64.4587;-21.5141;62.1439;8.5;2572.44;5.11093;0;0;0.1;0.01;0;2.95693;1;0;-1
0;1059;64.4415;-5.44011;61.8747;8.5;2572.44;5.11093;0;0;0.1;0.01;0;4.08042;1;0;-1
0;1060;66.7708;9.19619;60.6564;9.7064;3830.57;5.83632;0;0;0.1;0.01;0;3.28587;0;0;-1
0;1061;65.1714;25.0304;60.1658;8.80062;2855.15;5.29169;0;0;0.1;0.01;0;2.81953;0;0;-1
0;1062;-54.4217;-23.7641;75.9893;9.34551;3418.99;5.61932;0;0;0.1;0.01;0;3.60078;0;0;-1
0;1063;-56.5081;-4.70359;78.7056;8.5;2572.44;5.11093;0;0;0.1;0.01;0;1.66209;1;0;-1
0;1064;-54.9454;10.6824;76.2447;9.32397;3395.4;5.60637;0;0;0.1;0.01;0;3.90484;0;0;-1
0;1065;-56.4433;29.7251;75.0163;10.447;4775.99;6.28163;0;0;0.1;0.01;0;3.23445;0;0;-1
0;1066;-40.0305;-48.9603;77.0252;8.5;2572.44;5.11093;0;0;0.1;0.01;0;2.24614;1;0;-1
0;1067;-42.2488;-30.7963;77.7936;8.79456;2849.25;5.28804;0;0;0.1;0.01;0;4.74938;0;0;-1
0;1068;-40.398;-15.9258;75.0944;9.98709;4172.59;6.00509;0;0;0.1;0.01;0;6.54733;0;0;-1
0;1069;-40.4521;2.86896;77.9504;9.51488;3608.27;5.72116;0;0;0.1;0.01;0;5.73044;0;0;-1
0;1070;-41.6348;17.7809;74.6481;8.54694;2615.29;5.13915;0;0;0.1;0.01;0;5.5499;0;0;-1
0;1071;-39.3205;33.6826;76.476;9.87209;4030.1;5.93594;0;0;0.1;0.01;0;4.14419;0;0;-1
0;1072;-24.3908;-55.1601;76.9421;9.73996;3870.44;5.8565;0;0;0.1;0.01;0;3.46682;0;0;-1
0;1073;-26.2731;-40.8443;74.9489;9.02504;3079.19;5.42663;0;0;0.1;0.01;0;5.50493;0;0;-1
0;1074;-27.4682;-23.1535;76.5344;10.0637;4269.35;6.05116;0;0;0.1;0.01;0;7.01468;0;0;-1
0;1075;-27.2518;-4.51987;77.9021;9.34698;3420.6;5.6202;0;0;0.1;0.01;0;6.54977;0;0;-1
0;1076;-24.9819;12.2898;77.0376;9.04555;3100.23;5.43896;0;0;0.1;0.01;0;5.77497;0;0;-1
0;1077;-25.7872;26.5336;77.2995;9.31413;3384.66;5.60045;0;0;0.1;0.01;0;5.897;0;0;-1
0;1078;-25.3401;43.7259;77.7662;9.28589;3353.97;5.58347;0;0;0.1;0.01;0;3.80699;0;0;-1
0;1079;-10.0644;-47.8119;76.4057;8.80812;2862.45;5.29619;0;0;0.1;0.01;0;4.9223;0;0;-1
0;1080;-12.4517;-31.1423;76.4155;10.2266;4480.05;6.14911;0;0;0.1;0.01;0;7.47825;0;0;-1
0;1081;-12.8015;-16.1737;74.6148;9.40462;3484.27;5.65486;0;0;0.1;0.01;0;7.35045;0;0;-1
0;1082;-13.5636;0.32823;78.4975;10.2202;4471.64;6.14526;0;0;0.1;0.01;0;6.59335;0;0;-1
0;1083;-11.4825;20.5752;78.3196;8.95194;3004.97;5.38267;0;0;0.1;0.01;0;5.81115;0;0;-1
0;1084;-10.8859;36.5094;76.778;10.0821;4292.81;6.06222;0;0;0.1;0.01;0;7.27614;0;0;-1
0;1085;-11.9873;51.6003;76.3106;9.93362;4105.93;5.97294;0;0;0.1;0.01;0;4.78281;0;0;-1
0;1086;3.54438;-58.8453;76.6042;10.3992;4710.73;6.25289;0;0;0.1;0.01;0;3.37162;0;0;-1
0;1087;1.38093;-42.2303;78.4801;8.5;2572.44;5.11093;0;0;0.1;0.01;0;4.97671;1;0;-1
0;1088;4.7686;-23.2437;76.3305;10.0445;4244.96;6.03961;0;0;0.1;0.01;0;6.80718;0;0;-1
0;1089;1.29797;-7.59298;78.2443;9.92445;4094.57;5.96743;0;0;0.1;0.01;0;6.26865;0;0;-1
0;1090;3.27281;11.418;77.6371;8.90179;2954.75;5.35252;0;0;0.1;0.01;0;4.54078;0;0;-1
0;1091;1.50696;27.3621;77.7779;9.65841;3774.03;5.80746;0;0;0.1;0.01;0;7.23869;0;0;-1
0;1092;2.54064;42.4951;76.4706;10.3015;4579.2;6.19414;0;0;0.1;0.01;0;6.33645;0;0;-1
0;1093;4.04489;61.3698;76.5687;9.70352;3827.16;5.83459;0;0;0.1;0.01;0;3.29138;0;0;-1
0;1094;16.4718;-49.5989;74.9937;8.82222;2876.22;5.30467;0;0;0.1;0.01;0;3.51509;0;0;-1
0;1095;17.467;-30.739;77.8423;9.94785;4123.6;5.9815;0;0;0.1;0.01;0;6.04464;0;0;-1
0;1096;18.4963;-13.1213;74.6066;9.11763;3174.93;5.4823;0;0;0.1;0.01;0;6.14228;0;0;-1
0;1097;16.7232;3.33778;76.3003;8.78297;2838;5.28107;0;0;0.1;0.01;0;5.2533;0;0;-1
0;1098;18.4098;20.1269;76.7583;8.5;2572.44;5.11093;0;0;0.1;0.01;0;5.8116;1;0;-1
0;1099;18.6052;33.9798;76.0143;10.0972;4312.13;6.0713;0;0;0.1;0.01;0;7.30736;0;0;-1
0;1100;18.5681;54.4277;76.1461;9.59276;3697.6;5.76799;0;0;0.1;0.01;0;3.60142;0;0;-1
0;1101;32.5516;-40.201;76.4284;10.1849;4425.47;6.12403;0;0;0.1;0.01;0;3.81315;0;0;-1
0;1102;31.2475;-22.9471;78.5562;10.1291;4353.13;6.09048;0;0;0.1;0.01;0;5.58341;0;0;-1
0;1103;31.1813;-5.98716;77.3414;8.5572;2624.72;5.14532;0;0;0.1;0.01;0;5.20025;0;0;-1
0;1104;32.3735;11.7433;76.1687;9.07028;3125.72;5.45383;0;0;0.1;0.01;0;4.46238;0;0;-1
0;1105;34.5153;28.4098;76.6473;10.3011;4578.67;6.1939;0;0;0.1;0.01;0;5.87604;0;0;-1
0;1106;30.9548;46.4948;78.1617;10.3268;4613.03;6.20935;0;0;0.1;0.01;0;4.1691;0;0;-1
0;1107;49.0822;-30.395;78.6665;9.26179;3327.92;5.56898;0;0;0.1;0.01;0;1.69123;0;0;-1
0;1108;45.4508;-13.8848;75.3123;8.5304;2600.14;5.12921;0;0;0.1;0.01;0;4.76054;0;0;-1
0;1109;47.4438;0.401774;77.983;8.55106;2619.08;5.14163;0;0;0.1;0.01;0;3.45249;0;0;-1
0;1110;48.3194;20.0375;74.9203;9.58572;3689.46;5.76375;0;0;0.1;0.01;0;3.87046;0;0;-1
0;1111;49.0117;36.2362;77.4655;8.5;2572.44;5.11093;0;0;0.1;0.01;0;2.34194;1;0;-1
0;1112;60.4376;-6.10687;78.4395;8.5;2572.44;5.11093;0;0;0.1;0.01;0;1.59703;1;0;-1
0;1113;-36.2723;-15.7299;89.6397;9.8315;3980.59;5.91154;0;0;0.1;0.01;0;4.24756;0;0;-1
0;1114;-36.4179;1.56562;91.2445;8.5;2572.44;5.11093;0;0;0.1;0.01;0;3.92109;1;0;-1
0;1115;-38.4477;16.9508;89.8864;10.0141;4206.53;6.02133;0;0;0.1;0.01;0;3.77033;0;0;-1
0;1116;-21.105;-24.4701;90.052;10.4526;4783.67;6.285;0;0;0.1;0.01;0;4.94825;0;0;-1
0;1117;-23.4168;-6.36416;93.0764;10.0382;4236.98;6.03582;0;0;0.1;0.01;0;4.54064;0;0;-1
0;1118;-22.7408;11.6913;89.7651;8.5;2572.44;5.11093;0;0;0.1;0.01;0;4.56311;1;0;-1
0;1119;-21.6268;27.6362;93.3755;10.1704;4406.59;6.11531;0;0;0.1;0.01;0;3.63785;0;0;-1
0;1120;-7.47684;-31.4726;90.7924;9.99572;4183.41;6.01028;0;0;0.1;0.01;0;4.74547;0;0;-1
0;1121;-8.53343;-14.0131;89.4511;9.49792;3589.01;5.71096;0;0;0.1;0.01;0;6.43164;0;0;-1
0;1122;-6.51455;1.18157;92.6622;9.92513;4095.41;5.96784;0;0;0.1;0.01;0;5.3126;0;0;-1
0;1123;-5.80602;19.13;93.3195;10.3778;4681.71;6.24002;0;0;0.1;0.01;0;5.3774;0;0;-1
0;1124;-7.61245;35.0343;92.361;8.5;2572.44;5.11093;0;0;0.1;0.01;0;3.71133;1;0;-1
0;1125;5.41941;-38.5665;92.1425;8.64182;2703.36;5.1962;0;0;0.1;0.01;0;2.77312;0;0;-1
0;1126;6.6361;-23.3637;92.1247;9.97299;4154.94;5.99661;0;0;0.1;0.01;0;4.85839;0;0;-1
0;1127;7.32711;-5.03929;91.6052;9.76217;3896.98;5.86985;0;0;0.1;0.01;0;4.37109;0;0;-1
0;1128;6.6669;10.797;91.2123;9.29955;3368.79;5.59168;0;0;0.1;0.01;0;4.12158;0;0;-1
0;1129;6.09395;28.7504;90.0601;9.47028;3557.76;5.69434;0;0;0.1;0.01;0;5.33366;0;0;-1
0;1130;23.7585;-31.9701;89.8623;8.5;2572.44;5.11093;0;0;0.1;0.01;0;2.94861;1;0;-1
0;1131;20.7084;-13.4759;89.3556;8.96289;3016.01;5.38926;0;0;0.1;0.01;0;4.82327;0;0;-1
0;1132;22.7939;0.117925;90.1662;8.56343;2630.46;5.14907;0;0;0.1;0.01;0;3.46735;0;0;-1
0;1133;20.0061;20.8213;90.9612;8.88242;2935.5;5.34087;0;0;0.1;0.01;0;3.25263;0;0;-1
0;1134;20.8893;36.7153;90.3452;8.61361;2676.97;5.17924;0;0;0.1;0.01;0;2.71935;0;0;-1
0;1135;37.3246;-7.80601;89.734;9.767;3902.76;5.87276;0;0;0.1;0.01;0;3.63647;0;0;-1
0;1136;35.4267;9.72624;91.1711;8.5238;2594.11;5.12524;0;0;0.1;0.01;0;1.9617;0;0;-1
