Time;ID;x;y;z;radius;volume_total;radius_nuclear;contact_ECM;freezer;polarized_fraction;motility;cell_line;Cell_cell;phase;Cycle;NFkB
0;0;-51.3186;-4.6149;-83.4197;8.5;2572.44;5.11093;0;0;0.1;0.01;0;2.64558;1;0;-1
0;1;-37.4329;-33.3441;-84.6883;9.8791;4038.69;5.94016;0;0;0.1;0.01;0;2.67584;0;0;-1
0;2;-37.6565;-13.8262;-86.4916;8.5;2572.44;5.11093;0;0;0.1;0.01;0;2.65043;1;0;-1
0;3;-38.5119;0.471444;-85.5903;8.93259;2985.53;5.37104;0;0;0.1;0.01;0;2.49521;0;0;-1
0;4;-35.4901;20.6063;-84.3395;10.0373;4235.84;6.03528;0;0;0.1;0.01;0;3.0544;0;0;-1
0;5;-21.8027;-40.6277;-87.2587;9.31441;3384.97;5.60062;0;0;0.1;0.01;0;2.80856;0;0;-1
0;6;-20.5465;-22.3998;-85.9361;8.72424;2781.45;5.24576;0;0;0.1;0.01;0;4.23964;0;0;-1
0;7;-21.0288;-8.421;-84.5106;8.68751;2746.47;5.22367;0;0;0.1;0.01;0;4.10809;0;0;-1
0;8;-20.3055;10.7181;-85.9723;8.9461;2999.09;5.37916;0;0;0.1;0.01;0;3.3947;0;0;-1
0;9;-22.2967;28.7613;-84.0013;9.1147;3171.87;5.48054;0;0;0.1;0.01;0;3.81438;0;0;-1
0;10;-8.8467;-49.3344;-83.4174;10.3831;4688.89;6.24321;0;0;0.1;0.01;0;3.60951;0;0;-1
0;11;-7.09835;-30.7515;-87.1655;9.25676;3322.5;5.56596;0;0;0.1;0.01;0;4.75253;0;0;-1
0;12;-6.80358;-16.6173;-86.2495;8.92614;2979.06;5.36716;0;0;0.1;0.01;0;5.0787;0;0;-1
0;13;-6.59137;0.141844;-85.518;10.1914;4433.94;6.12794;0;0;0.1;0.01;0;5.01969;0;0;-1
0;14;-7.56579;20.0307;-83.7615;10.1998;4444.92;6.13299;0;0;0.1;0.01;0;5.00733;0;0;-1
0;15;-7.67374;38.2944;-83.9339;9.71243;3837.71;5.83994;0;0;0.1;0.01;0;3.32085;0;0;-1
0;16;7.44326;-40.8723;-85.953;10.0896;4302.4;6.06673;0;0;0.1;0.01;0;4.84679;0;0;-1
0;17;6.40284;-24.2358;-83.4912;10.0954;4309.82;6.07022;0;0;0.1;0.01;0;6.03726;0;0;-1
0;18;8.72775;-6.0216;-85.8335;8.76963;2825.09;5.27305;0;0;0.1;0.01;0;3.89531;0;0;-1
0;19;6.47864;10.936;-86.7604;8.73724;2793.9;5.25358;0;0;0.1;0.01;0;2.66716;0;0;-1
0;20;7.75445;27.7543;-87.3882;8.84193;2895.54;5.31652;0;0;0.1;0.01;0;3.18489;0;0;-1
0;21;8.8761;45.3852;-83.5774;10.2972;4573.47;6.19156;0;0;0.1;0.01;0;3.80154;0;0;-1
0;22;20.2418;-49.1537;-84.496;9.44966;3534.57;5.68194;0;0;0.1;0.01;0;3.23491;0;0;-1
0;23;23.3366;-34.0359;-86.6684;10.0918;4305.21;6.06805;0;0;0.1;0.01;0;5.12157;0;0;-1
0;24;20.6083;-15.7235;-84.9647;8.5;2572.44;5.11093;0;0;0.1;0.01;0;3.28323;1;0;-1
0;25;22.4784;3.45056;-86.8659;8.58914;2654.22;5.16453;0;0;0.1;0.01;0;3.59105;0;0;-1
0;26;23.6323;20.3913;-84.4859;8.88816;2941.2;5.34432;0;0;0.1;0.01;0;4.47679;0;0;-1
0;27;23.5473;37.7374;-84.8626;9.8457;3997.87;5.92008;0;0;0.1;0.01;0;3.6932;0;0;-1
0;28;36.3535;-40.1901;-83.6467;9.99562;4183.29;6.01022;0;0;0.1;0.01;0;3.77031;0;0;-1
0;29;35.4677;-25.5446;-86.1269;8.5;2572.44;5.11093;0;0;0.1;0.01;0;3.01459;1;0;-1
0;30;37.2067;-5.59715;-85.3004;10.2046;4451.19;6.13588;0;0;0.1;0.01;0;2.52953;0;0;-1
0;31;36.5603;10.8572;-83.9713;10.2277;4481.49;6.14977;0;0;0.1;0.01;0;3.93882;0;0;-1
0;32;37.5889;26.9782;-83.9272;10.0868;4298.82;6.06505;0;0;0.1;0.01;0;4.35795;0;0;-1
0;33;-70.5256;-14.7619;-69.3759;9.3986;3477.59;5.65124;0;0;0.1;0.01;0;2.28093;0;0;-1
0;34;-57.8122;-39.4491;-71.3392;9.97762;4160.73;5.9994;0;0;0.1;0.01;0;3.10715;0;0;-1
0;35;-56.6684;-25.1897;-72.4884;9.30194;3371.39;5.59312;0;0;0.1;0.01;0;3.99654;0;0;-1
0;36;-54.7594;-8.89553;-70.8523;8.5;2572.44;5.11093;0;0;0.1;0.01;0;4.50461;1;0;-1
0;37;-56.2924;9.85637;-69.7945;10.3383;4628.45;6.21627;0;0;0.1;0.01;0;3.50739;0;0;-1
0;38;-57.7895;28.4746;-71.5055;8.5;2572.44;5.11093;0;0;0.1;0.01;0;2.15654;1;0;-1
0;39;-54.6538;46.9046;-68.579;9.52835;3623.61;5.72926;0;0;0.1;0.01;0;3.24016;0;0;-1
0;40;-41.5484;-51.313;-72.6778;9.08313;3139.03;5.46155;0;0;0.1;0.01;0;2.11191;0;0;-1
0;41;-41.3961;-30.4547;-70.987;9.44447;3528.75;5.67882;0;0;0.1;0.01;0;5.73741;0;0;-1
0;42;-42.2326;-16.6264;-69.6674;10.4347;4759.14;6.27423;0;0;0.1;0.01;0;6.85621;0;0;-1
0;43;-39.4138;1.73082;-69.0983;8.5;2572.44;5.11093;0;0;0.1;0.01;0;4.22221;1;0;-1
0;44;-42.3771;16.7535;-69.0673;8.5;2572.44;5.11093;0;0;0.1;0.01;0;4.68348;1;0;-1
0;45;-42.4228;34.2508;-69.8648;9.48534;3574.76;5.7034;0;0;0.1;0.01;0;5.21272;0;0;-1
0;46;-41.2127;53.461;-69.4156;8.5;2572.44;5.11093;0;0;0.1;0.01;0;3.80504;1;0;-1
0;47;-26.5802;-57.1918;-70.3589;8.69547;2754.02;5.22846;0;0;0.1;0.01;0;4.0252;0;0;-1
0;48;-28.5602;-42.5899;-68.4921;10.4235;4743.83;6.2675;0;0;0.1;0.01;0;6.38798;0;0;-1
0;49;-26.2518;-24.7412;-70.6795;8.78999;2844.81;5.28529;0;0;0.1;0.01;0;5.81338;0;0;-1
0;50;-24.7299;-8.81206;-71.8642;8.5;2572.44;5.11093;0;0;0.1;0.01;0;4.47385;1;0;-1
0;51;-26.8805;11.1041;-69.6546;9.33999;3412.93;5.616;0;0;0.1;0.01;0;5.34944;0;0;-1
0;52;-26.0062;26.9244;-69.2385;10.0291;4225.46;6.03035;0;0;0.1;0.01;0;6.56958;0;0;-1
0;53;-27.6136;43.7353;-70.6728;9.33376;3406.11;5.61225;0;0;0.1;0.01;0;4.60087;0;0;-1
0;54;-27.1649;62.196;-69.81;9.79464;3935.99;5.88937;0;0;0.1;0.01;0;3.7383;0;0;-1
0;55;-13.5692;-63.8488;-69.0211;9.87774;4037.02;5.93934;0;0;0.1;0.01;0;4.0411;0;0;-1
0;56;-13.8245;-48.1354;-68.3354;8.5;2572.44;5.11093;0;0;0.1;0.01;0;5.72235;1;0;-1
0;57;-11.3452;-31.1867;-72.6135;8.91585;2968.77;5.36097;0;0;0.1;0.01;0;5.09859;0;0;-1
0;58;-12.6978;-15.0524;-70.9671;9.29638;3365.35;5.58978;0;0;0.1;0.01;0;6.58902;0;0;-1
0;59;-9.94993;1.96326;-71.7824;9.45092;3535.99;5.6827;0;0;0.1;0.01;0;5.80739;0;0;-1
0;60;-11.6476;16.5896;-70.1464;8.82064;2874.68;5.30372;0;0;0.1;0.01;0;5.34647;0;0;-1
0;61;-11.8831;36.6279;-70.9281;9.09843;3154.92;5.47075;0;0;0.1;0.01;0;4.65173;0;0;-1
0;62;-10.7507;55.0796;-70.3575;9.75011;3882.55;5.8626;0;0;0.1;0.01;0;3.3135;0;0;-1
0;63;2.17889;-56.2434;-69.0662;9.01971;3073.73;5.42342;0;0;0.1;0.01;0;4.73804;0;0;-1
0;64;3.93966;-40.148;-72.0505;8.76763;2823.16;5.27185;0;0;0.1;0.01;0;5.1993;0;0;-1
0;65;2.71803;-22.8975;-68.5033;10.2393;4496.76;6.15674;0;0;0.1;0.01;0;7.0702;0;0;-1
0;66;4.34032;-7.97759;-72.0181;9.90275;4067.77;5.95438;0;0;0.1;0.01;0;6.5946;0;0;-1
0;67;2.35317;10.1685;-69.2196;8.5;2572.44;5.11093;0;0;0.1;0.01;0;4.96667;1;0;-1
0;68;4.40268;26.7907;-69.6899;8.5;2572.44;5.11093;0;0;0.1;0.01;0;4.49295;1;0;-1
0;69;4.43565;45.795;-70.5426;9.40266;3482.1;5.65368;0;0;0.1;0.01;0;6.07261;0;0;-1
0;70;3.50449;63.7169;-70.1485;9.87208;4030.09;5.93594;0;0;0.1;0.01;0;3.45371;0;0;-1
0;71;16.3286;-66.2674;-69.8984;9.33398;3406.35;5.61239;0;0;0.1;0.01;0;2.89229;0;0;-1
0;72;15.9669;-47.1651;-70.9234;8.71329;2770.99;5.23917;0;0;0.1;0.01;0;4.75275;0;0;-1
0;73;19.2585;-30.2044;-70.8774;10.2304;4485.04;6.15139;0;0;0.1;0.01;0;6.89095;0;0;-1
0;74;16.4066;-14.0917;-69.2269;8.5;2572.44;5.11093;0;0;0.1;0.01;0;6.69932;1;0;-1
0;75;16.9977;1.22243;-71.3281;9.24351;3308.26;5.55799;0;0;0.1;0.01;0;5.44052;0;0;-1
0;76;16.0047;18.2094;-69.2047;8.72477;2781.96;5.24608;0;0;0.1;0.01;0;4.9892;0;0;-1
0;77;17.309;35.4412;-70.6336;9.03495;3089.34;5.43258;0;0;0.1;0.01;0;5.48992;0;0;-1
0;78;19.4584;55.0748;-70.2805;10.194;4437.34;6.1295;0;0;0.1;0.01;0;4.06569;0;0;-1
0;79;31.0781;-57.796;-69.4744;8.5;2572.44;5.11093;0;0;0.1;0.01;0;3.3597;1;0;-1
0;80;31.7636;-38.5294;-68.4289;9.87873;4038.24;5.93994;0;0;0.1;0.01;0;6.27579;0;0;-1
0;81;32.0156;-21.8269;-69.6436;8.5;2572.44;5.11093;0;0;0.1;0.01;0;4.93408;1;0;-1
0;82;33.3353;-6.3431;-68.8072;9.53103;3626.67;5.73087;0;0;0.1;0.01;0;5.57038;0;0;-1
0;83;30.573;12.44;-71.2995;9.73152;3860.39;5.85142;0;0;0.1;0.01;0;6.45347;0;0;-1
0;84;33.6213;28.6042;-68.521;10.0382;4236.98;6.03582;0;0;0.1;0.01;0;6.88811;0;0;-1
0;85;34.0094;43.7496;-71.9708;8.5;2572.44;5.11093;0;0;0.1;0.01;0;4.23406;1;0;-1
0;86;46.3658;-51.288;-68.9096;9.61922;3728.28;5.7839;0;0;0.1;0.01;0;2.75882;0;0;-1
0;87;45.9798;-30.4851;-71.9479;9.01313;3067.01;5.41946;0;0;0.1;0.01;0;4.33387;0;0;-1
0;88;47.5543;-13.4241;-71.9997;9.9526;4129.51;5.98435;0;0;0.1;0.01;0;4.86515;0;0;-1
0;89;45.3305;1.65165;-69.0573;8.5;2572.44;5.11093;0;0;0.1;0.01;0;5.76274;1;0;-1
0;90;47.3068;17.1286;-68.9554;10.3912;4699.87;6.24808;0;0;0.1;0.01;0;6.38379;0;0;-1
0;91;48.9705;36.8831;-71.9521;10.2103;4458.66;6.13931;0;0;0.1;0.01;0;3.53478;0;0;-1
0;92;46.7034;54.1075;-69.0035;8.5;2572.44;5.11093;0;0;0.1;0.01;0;2.53904;1;0;-1
0;93;60.0256;-25.6647;-72.0491;10.0688;4275.84;6.05422;0;0;0.1;0.01;0;2.75265;0;0;-1
0;94;62.5661;-5.60805;-71.9198;8.73835;2794.97;5.25424;0;0;0.1;0.01;0;2.33486;0;0;-1
0;95;61.3299;9.87097;-68.8391;9.81409;3959.49;5.90107;0;0;0.1;0.01;0;3.6358;0;0;-1
0;96;-80.3946;-8.31384;-55.4115;9.69228;3813.88;5.82783;0;0;0.1;0.01;0;2.9622;0;0;-1
0;97;-80.1241;12.4603;-54.3322;8.7296;2786.58;5.24898;0;0;0.1;0.01;0;2.61325;0;0;-1
0;98;-65.761;-48.4232;-54.2754;10.1245;4347.2;6.08771;0;0;0.1;0.01;0;4.68009;0;0;-1
0;99;-67.6989;-33.8773;-55.4087;8.95215;3005.18;5.3828;0;0;0.1;0.01;0;3.30601;0;0;-1
0;100;-65.5583;-12.651;-56.3772;8.50736;2579.13;5.11535;0;0;0.1;0.01;0;4.00041;0;0;-1
0;101;-64.6;1.73263;-53.9681;9.72048;3847.26;5.84478;0;0;0.1;0.01;0;5.33317;0;0;-1
0;102;-68.0114;19.6459;-57.7799;8.68328;2742.46;5.22113;0;0;0.1;0.01;0;3.53464;0;0;-1
0;103;-66.444;35.4367;-55.5519;8.5;2572.44;5.11093;0;0;0.1;0.01;0;3.49188;1;0;-1
0;104;-52.251;-59.3464;-54.8764;9.7421;3872.99;5.85778;0;0;0.1;0.01;0;4.05899;0;0;-1
0;105;-52.9144;-42.3681;-57.5559;8.54632;2614.73;5.13878;0;0;0.1;0.01;0;4.59388;0;0;-1
0;106;-51.3168;-24.6949;-57.8066;8.5;2572.44;5.11093;0;0;0.1;0.01;0;4.57102;1;0;-1
0;107;-49.8629;-4.79163;-57.1196;9.83619;3986.29;5.91436;0;0;0.1;0.01;0;6.42244;0;0;-1
0;108;-51.7456;12.0439;-54.388;9.7551;3888.52;5.8656;0;0;0.1;0.01;0;7.06106;0;0;-1
0;109;-51.0327;27.8564;-57.8121;10.3779;4681.85;6.24008;0;0;0.1;0.01;0;6.92795;0;0;-1
0;110;-52.1424;44.8071;-54.0118;9.75705;3890.85;5.86677;0;0;0.1;0.01;0;6.1983;0;0;-1
0;111;-50.5744;59.7291;-54.436;10.0947;4308.92;6.0698;0;0;0.1;0.01;0;5.15184;0;0;-1
0;112;-38.661;-66.5851;-56.3487;9.78686;3926.62;5.8847;0;0;0.1;0.01;0;4.1004;0;0;-1
0;113;-38.3725;-51.0451;-54.5676;9.22818;3291.83;5.54877;0;0;0.1;0.01;0;5.19093;0;0;-1
0;114;-36.5549;-31.2287;-56.2481;9.62245;3732.03;5.78584;0;0;0.1;0.01;0;6.18296;0;0;-1
0;115;-36.5259;-14.8548;-55.7908;10.2702;4537.59;6.17532;0;0;0.1;0.01;0;6.81725;0;0;-1
0;116;-37.7544;2.43547;-54.3742;8.98033;3033.65;5.39974;0;0;0.1;0.01;0;5.52313;0;0;-1
0;117;-36.0791;20.9956;-57.0194;10.2728;4541.04;6.17689;0;0;0.1;0.01;0;7.54006;0;0;-1
0;118;-35.2033;36.6504;-55.0668;8.75833;2814.18;5.26626;0;0;0.1;0.01;0;6.65412;0;0;-1
0;119;-36.9972;51.2798;-56.5085;10.0445;4244.96;6.03961;0;0;0.1;0.01;0;6.94498;0;0;-1
0;120;-35.9286;70.3117;-57.9327;10.4064;4720.52;6.25722;0;0;0.1;0.01;0;4.27154;0;0;-1
0;121;-23.9288;-76.0254;-57.333;9.56038;3660.28;5.74852;0;0;0.1;0.01;0;3.14285;0;0;-1
0;122;-21.829;-56.2168;-56.4063;9.42137;3502.92;5.66493;0;0;0.1;0.01;0;6.51085;0;0;-1
0;123;-21.091;-40.4618;-54.8483;10.0066;4197.09;6.01682;0;0;0.1;0.01;0;6.98219;0;0;-1
0;124;-23.6223;-22.5372;-56.7437;9.91108;4078.04;5.95939;0;0;0.1;0.01;0;6.87666;0;0;-1
0;125;-21.5835;-7.15711;-56.3404;8.98657;3039.98;5.40349;0;0;0.1;0.01;0;5.63087;0;0;-1
0;126;-22.4112;8.99822;-55.9862;9.44496;3529.3;5.67912;0;0;0.1;0.01;0;4.7984;0;0;-1
0;127;-21.3994;25.5958;-55.5874;8.61865;2681.68;5.18227;0;0;0.1;0.01;0;5.26511;0;0;-1
0;128;-21.7847;42.3091;-56.7027;8.5;2572.44;5.11093;0;0;0.1;0.01;0;5.12252;1;0;-1
0;129;-22.1127;63.2042;-54.4596;10.3642;4663.33;6.23184;0;0;0.1;0.01;0;7.13709;0;0;-1
0;130;-22.0232;77.978;-57.0141;9.14647;3205.16;5.49964;0;0;0.1;0.01;0;3.52597;0;0;-1
0;131;-9.28052;-80.7854;-56.006;8.5;2572.44;5.11093;0;0;0.1;0.01;0;2.47156;1;0;-1
0;132;-5.76956;-65.6696;-55.7523;9.0412;3095.76;5.43634;0;0;0.1;0.01;0;4.74581;0;0;-1
0;133;-6.23321;-47.115;-55.1201;9.62786;3738.33;5.78909;0;0;0.1;0.01;0;5.88171;0;0;-1
0;134;-8.77254;-29.9188;-54.6158;9.80216;3945.06;5.8939;0;0;0.1;0.01;0;5.57498;0;0;-1
0;135;-8.9474;-14.1384;-55.4226;8.61231;2675.76;5.17846;0;0;0.1;0.01;0;5.84017;0;0;-1
0;136;-7.06894;0.366931;-56.7182;8.5;2572.44;5.11093;0;0;0.1;0.01;0;5.33749;1;0;-1
0;137;-5.92521;20.9927;-55.1535;10.3787;4682.93;6.24056;0;0;0.1;0.01;0;6.3329;0;0;-1
0;138;-8.23848;36.9541;-55.4898;10.3709;4672.38;6.23587;0;0;0.1;0.01;0;6.41191;0;0;-1
0;139;-5.83119;54.9361;-55.1064;10.4463;4775.03;6.28121;0;0;0.1;0.01;0;6.18493;0;0;-1
0;140;-8.71861;70.3268;-55.1368;8.9171;2970.02;5.36172;0;0;0.1;0.01;0;3.30172;0;0;-1
0;141;8.98136;-74.3228;-56.9037;8.95921;3012.3;5.38704;0;0;0.1;0.01;0;3.46846;0;0;-1
0;142;6.86144;-58.0815;-56.2142;9.9375;4110.74;5.97527;0;0;0.1;0.01;0;6.12548;0;0;-1
0;143;7.34332;-41.702;-54.9262;8.5;2572.44;5.11093;0;0;0.1;0.01;0;4.38068;1;0;-1
0;144;9.40131;-22.7161;-56.6055;9.348;3421.72;5.62082;0;0;0.1;0.01;0;6.49471;0;0;-1
0;145;6.0332;-8.01719;-56.8602;9.37777;3454.52;5.63872;0;0;0.1;0.01;0;6.47286;0;0;-1
0;146;5.61164;9.72198;-55.2442;8.95394;3006.98;5.38387;0;0;0.1;0.01;0;4.28016;0;0;-1
0;147;8.44434;27.7508;-53.9557;10.1128;4332.14;6.08068;0;0;0.1;0.01;0;6.67669;0;0;-1
0;148;8.53604;44.9732;-55.9768;10.2821;4553.38;6.18248;0;0;0.1;0.01;0;7.63875;0;0;-1
0;149;8.84017;59.844;-57.7138;8.76315;2818.83;5.26915;0;0;0.1;0.01;0;5.80955;0;0;-1
0;150;8.57;79.8427;-54.3433;9.33081;3402.88;5.61048;0;0;0.1;0.01;0;2.80791;0;0;-1
0;151;22.2788;-64.2617;-56.6579;9.79249;3933.4;5.88808;0;0;0.1;0.01;0;4.96728;0;0;-1
0;152;24.1795;-49.9818;-53.721;8.97699;3030.27;5.39773;0;0;0.1;0.01;0;5.39983;0;0;-1
0;153;20.2897;-32.617;-55.2917;9.10775;3164.62;5.47636;0;0;0.1;0.01;0;5.15225;0;0;-1
0;154;20.5219;-12.7126;-57.3694;9.31056;3380.77;5.5983;0;0;0.1;0.01;0;6.00939;0;0;-1
0;155;23.629;1.4223;-56.4407;9.29185;3360.43;5.58705;0;0;0.1;0.01;0;5.6799;0;0;-1
0;156;23.7506;20.6589;-55.7422;10.1452;4373.92;6.10016;0;0;0.1;0.01;0;6.42691;0;0;-1
0;157;22.6886;38.2417;-56.2069;10.0929;4306.62;6.06871;0;0;0.1;0.01;0;7.04111;0;0;-1
0;158;22.9279;54.3776;-53.9777;10.4336;4757.64;6.27357;0;0;0.1;0.01;0;7.09891;0;0;-1
0;159;22.0551;70.5667;-57.6903;9.08793;3144.01;5.46444;0;0;0.1;0.01;0;2.47101;0;0;-1
0;160;38.5684;-56.0263;-56.4284;9.06067;3115.8;5.44805;0;0;0.1;0.01;0;4.55334;0;0;-1
0;161;34.9363;-38.3567;-54.7217;8.60039;2664.67;5.17129;0;0;0.1;0.01;0;5.3255;0;0;-1
0;162;38.5255;-25.1004;-56.4562;9.04343;3098.05;5.43768;0;0;0.1;0.01;0;5.60585;0;0;-1
0;163;37.208;-5.69506;-54.8368;8.57831;2644.2;5.15801;0;0;0.1;0.01;0;5.96622;0;0;-1
0;164;38.4586;8.33401;-55.4117;9.23354;3297.56;5.55199;0;0;0.1;0.01;0;6.96333;0;0;-1
0;165;38.8697;25.4334;-54.6075;9.85015;4003.29;5.92275;0;0;0.1;0.01;0;6.32628;0;0;-1
0;166;36.7837;46.1506;-56.6448;9.17439;3234.6;5.51643;0;0;0.1;0.01;0;5.85654;0;0;-1
0;167;36.3653;60.7323;-54.1229;8.5;2572.44;5.11093;0;0;0.1;0.01;0;4.54044;1;0;-1
0;168;52.8853;-50.9638;-56.0542;8.97539;3028.65;5.39677;0;0;0.1;0.01;0;3.28801;0;0;-1
0;169;52.0665;-31.0901;-54.1351;9.95776;4135.93;5.98746;0;0;0.1;0.01;0;5.73154;0;0;-1
0;170;52.9098;-15.0623;-54.3803;8.5;2572.44;5.11093;0;0;0.1;0.01;0;5.22919;1;0;-1
0;171;52.2523;0.0412953;-54.3884;9.99184;4178.54;6.00795;0;0;0.1;0.01;0;7.51447;0;0;-1
0;172;51.1932;18.0885;-56.0421;9.0008;3054.44;5.41205;0;0;0.1;0.01;0;6.79138;0;0;-1
0;173;52.9409;34.077;-55.7669;9.24176;3306.38;5.55694;0;0;0.1;0.01;0;5.31109;0;0;-1
0;174;52.6959;55.2615;-56.5083;10.1122;4331.37;6.08032;0;0;0.1;0.01;0;4.26837;0;0;-1
0;175;64.6167;-40.8732;-56.6774;9.03274;3087.07;5.43126;0;0;0.1;0.01;0;2.99451;0;0;-1
0;176;67.2829;-25.0847;-56.1093;9.38578;3463.38;5.64353;0;0;0.1;0.01;0;4.42068;0;0;-1
0;177;67.773;-4.49768;-55.1351;8.5;2572.44;5.11093;0;0;0.1;0.01;0;5.13937;1;0;-1
0;178;65.8323;11.9955;-53.8099;9.54477;3642.38;5.73913;0;0;0.1;0.01;0;5.87396;0;0;-1
0;179;66.0111;26.6467;-55.28;8.5;2572.44;5.11093;0;0;0.1;0.01;0;3.88958;1;0;-1
0;180;64.7679;46.0649;-54.3201;9.81335;3958.59;5.90062;0;0;0.1;0.01;0;3.39698;0;0;-1
0;181;79.7183;-16.849;-56.7572;10.1836;4423.77;6.12325;0;0;0.1;0.01;0;2.82655;0;0;-1
0;182;82.2238;1.1222;-54.4679;8.92226;2975.18;5.36483;0;0;0.1;0.01;0;2.82703;0;0;-1
0;183;-87.516;-21.6613;-40.6304;9.37018;3446.14;5.63415;0;0;0.1;0.01;0;3.14535;0;0;-1
0;184;-84.1179;-8.1742;-40.1244;10.0307;4227.49;6.03131;0;0;0.1;0.01;0;5.21933;0;0;-1
0;185;-86.3079;12.3527;-39.6261;9.63572;3747.5;5.79382;0;0;0.1;0.01;0;4.44063;0;0;-1
0;186;-86.6568;29.3373;-39.2298;9.84885;4001.71;5.92197;0;0;0.1;0.01;0;3.00488;0;0;-1
0;187;-70.1785;-48.0392;-39.6402;8.5;2572.44;5.11093;0;0;0.1;0.01;0;4.05702;1;0;-1
0;188;-72.1224;-33.9444;-41.5647;10.2288;4482.94;6.15043;0;0;0.1;0.01;0;5.02598;0;0;-1
0;189;-71.5927;-14.5677;-41.6313;8.5;2572.44;5.11093;0;0;0.1;0.01;0;5.38723;1;0;-1
0;190;-72.6814;3.61569;-40.9299;10.2704;4537.86;6.17544;0;0;0.1;0.01;0;7.38562;0;0;-1
0;191;-70.5107;19.0713;-42.0645;9.73679;3866.66;5.85459;0;0;0.1;0.01;0;6.24262;0;0;-1
0;192;-69.9837;37.0762;-42.9204;9.92192;4091.44;5.96591;0;0;0.1;0.01;0;5.6833;0;0;-1
0;193;-72.6558;51.3909;-41.1023;9.59208;3696.81;5.76758;0;0;0.1;0.01;0;3.09383;0;0;-1
0;194;-56.953;-59.2031;-39.9328;10.3288;4615.71;6.21056;0;0;0.1;0.01;0;5.24949;0;0;-1
0;195;-56.7255;-39.4595;-41.8732;9.50868;3601.22;5.71743;0;0;0.1;0.01;0;6.64094;0;0;-1
0;196;-54.1656;-24.6437;-40.9114;9.31218;3382.54;5.59928;0;0;0.1;0.01;0;5.42065;0;0;-1
0;197;-57.464;-7.33098;-42.0145;10.0834;4294.47;6.063;0;0;0.1;0.01;0;6.99127;0;0;-1
0;198;-55.0635;9.53692;-39.8536;10.2811;4552.05;6.18188;0;0;0.1;0.01;0;6.71399;0;0;-1
0;199;-55.541;25.8726;-41.5467;9.89022;4052.35;5.94685;0;0;0.1;0.01;0;6.11478;0;0;-1
0;200;-56.9708;42.6504;-40.1092;9.6706;3788.34;5.81479;0;0;0.1;0.01;0;6.52726;0;0;-1
0;201;-54.2517;60.4464;-39.5913;9.62047;3729.73;5.78465;0;0;0.1;0.01;0;5.24188;0;0;-1
0;202;-40.52;-80.6236;-40.9848;8.5;2572.44;5.11093;0;0;0.1;0.01;0;2.97143;1;0;-1
0;203;-41.6803;-65.9013;-39.2286;9.46189;3548.32;5.6893;0;0;0.1;0.01;0;6.3823;0;0;-1
0;204;-43.0545;-47.5197;-41.7179;8.5;2572.44;5.11093;0;0;0.1;0.01;0;4.90161;1;0;-1
0;205;-42.57;-31.6912;-42.2073;8.64528;2706.61;5.19828;0;0;0.1;0.01;0;5.09513;0;0;-1
0;206;-40.2493;-13.4525;-40.6528;9.60474;3711.47;5.77519;0;0;0.1;0.01;0;6.10462;0;0;-1
0;207;-42.0129;1.95328;-39.9943;9.25091;3316.21;5.56244;0;0;0.1;0.01;0;6.47566;0;0;-1
0;208;-41.7829;19.6589;-42.4184;8.59492;2659.59;5.168;0;0;0.1;0.01;0;5.91384;0;0;-1
0;209;-41.4525;34.4576;-41.41;8.78789;2842.77;5.28403;0;0;0.1;0.01;0;5.64217;0;0;-1
0;210;-40.2729;53.6163;-41.2182;9.53739;3633.94;5.73469;0;0;0.1;0.01;0;7.073;0;0;-1
0;211;-40.8036;68.4794;-42.1375;10.3601;4657.8;6.22938;0;0;0.1;0.01;0;6.08096;0;0;-1
0;212;-27.6583;-72.9664;-42.8728;9.39388;3472.35;5.6484;0;0;0.1;0.01;0;6.1075;0;0;-1
0;213;-28.1443;-57.7308;-40.4595;10.4418;4768.86;6.2785;0;0;0.1;0.01;0;7.09428;0;0;-1
0;214;-25.2989;-38.5043;-42.3706;9.23225;3296.18;5.55122;0;0;0.1;0.01;0;5.32824;0;0;-1
0;215;-25.0115;-22.3755;-39.816;9.9908;4177.24;6.00732;0;0;0.1;0.01;0;6.38974;0;0;-1
0;216;-24.7459;-5.17786;-40.6567;8.87426;2927.42;5.33596;0;0;0.1;0.01;0;5.61434;0;0;-1
0;217;-25.4544;9.75637;-41.0365;8.5;2572.44;5.11093;0;0;0.1;0.01;0;4.04268;1;0;-1
0;218;-28.1755;27.015;-42.0147;9.3773;3454;5.63843;0;0;0.1;0.01;0;5.48968;0;0;-1
0;219;-27.2171;44.121;-42.0991;9.59228;3697.04;5.7677;0;0;0.1;0.01;0;6.10568;0;0;-1
0;220;-27.5568;60.5323;-40.7609;9.41372;3494.4;5.66033;0;0;0.1;0.01;0;7.06677;0;0;-1
0;221;-25.0165;77.1726;-42.0793;9.57316;3674.98;5.7562;0;0;0.1;0.01;0;5.24431;0;0;-1
0;222;-12.9873;-83.143;-42.1711;8.61093;2674.48;5.17763;0;0;0.1;0.01;0;4.03658;0;0;-1
0;223;-12.9508;-67.6038;-39.7414;10.0617;4266.8;6.04995;0;0;0.1;0.01;0;6.69512;0;0;-1
0;224;-12.3959;-49.3784;-41.8343;9.18212;3242.78;5.52108;0;0;0.1;0.01;0;5.31855;0;0;-1
0;225;-9.78646;-33.3255;-39.8359;9.50911;3601.71;5.71769;0;0;0.1;0.01;0;6.11583;0;0;-1
0;226;-13.0662;-15.5116;-40.757;8.69144;2750.2;5.22604;0;0;0.1;0.01;0;6.37272;0;0;-1
0;227;-11.0685;0.255172;-41.4489;8.66025;2720.7;5.20728;0;0;0.1;0.01;0;5.45327;0;0;-1
0;228;-12.5348;20.0314;-39.3407;9.95302;4130.03;5.98461;0;0;0.1;0.01;0;6.15937;0;0;-1
0;229;-9.96232;34.313;-39.7639;8.5;2572.44;5.11093;0;0;0.1;0.01;0;6.08779;1;0;-1
0;230;-11.5625;52.9651;-39.3554;10.1789;4417.65;6.12042;0;0;0.1;0.01;0;6.47297;0;0;-1
0;231;-11.1027;70.7603;-40.0385;9.43087;3513.53;5.67065;0;0;0.1;0.01;0;5.57655;0;0;-1
0;232;-9.78652;87.1013;-39.9569;8.5;2572.44;5.11093;0;0;0.1;0.01;0;2.38821;1;0;-1
0;233;2.81616;-89.5435;-42.0555;9.11671;3173.97;5.48175;0;0;0.1;0.01;0;2.88093;0;0;-1
0;234;4.67924;-74.9298;-41.1636;8.55271;2620.59;5.14262;0;0;0.1;0.01;0;5.17595;0;0;-1
0;235;2.01262;-59.7592;-39.38;9.47364;3561.55;5.69636;0;0;0.1;0.01;0;5.41861;0;0;-1
0;236;3.63005;-40.7622;-39.8023;8.5;2572.44;5.11093;0;0;0.1;0.01;0;4.85086;1;0;-1
0;237;4.67527;-25.2804;-39.5121;9.5216;3615.92;5.7252;0;0;0.1;0.01;0;6.13889;0;0;-1
0;238;1.23611;-8.07899;-42.428;10.2613;4525.8;6.16997;0;0;0.1;0.01;0;6.26709;0;0;-1
0;239;3.21797;10.4508;-41.0124;8.61838;2681.42;5.18211;0;0;0.1;0.01;0;4.36981;0;0;-1
0;240;4.07583;27.1872;-39.4772;8.90471;2957.66;5.35427;0;0;0.1;0.01;0;6.72691;0;0;-1
0;241;1.22524;43.0318;-40.2766;10.0973;4312.25;6.07136;0;0;0.1;0.01;0;7.97724;0;0;-1
0;242;1.52131;60.6197;-40.973;8.5;2572.44;5.11093;0;0;0.1;0.01;0;5.36198;1;0;-1
0;243;3.95747;76.3843;-41.0728;9.14274;3201.24;5.4974;0;0;0.1;0.01;0;5.26468;0;0;-1
0;244;17.6752;-82.3248;-42.1005;8.5;2572.44;5.11093;0;0;0.1;0.01;0;3.29092;1;0;-1
0;245;18.2152;-65.4512;-39.287;10.2625;4527.39;6.17069;0;0;0.1;0.01;0;5.88405;0;0;-1
0;246;17.9174;-46.4611;-40.801;8.89095;2943.97;5.346;0;0;0.1;0.01;0;5.26798;0;0;-1
0;247;17.8353;-31.7646;-41.1577;8.5;2572.44;5.11093;0;0;0.1;0.01;0;5.83913;1;0;-1
0;248;19.0995;-15.4966;-41.7745;9.48375;3572.97;5.70244;0;0;0.1;0.01;0;5.92341;0;0;-1
0;249;19.75;1.94313;-42.1596;9.10927;3166.21;5.47727;0;0;0.1;0.01;0;4.6933;0;0;-1
0;250;17.6666;17.7334;-40.5179;9.27102;3337.88;5.57453;0;0;0.1;0.01;0;5.59916;0;0;-1
0;251;19.029;36.7144;-42.8398;9.9124;4079.67;5.96018;0;0;0.1;0.01;0;7.63361;0;0;-1
0;252;16.7939;52.014;-39.69;10.0976;4312.64;6.07154;0;0;0.1;0.01;0;7.44091;0;0;-1
0;253;18.7603;68.4701;-41.1973;10.3155;4597.9;6.20256;0;0;0.1;0.01;0;5.94118;0;0;-1
0;254;16.4126;87.4166;-41.1294;10.0767;4285.92;6.05897;0;0;0.1;0.01;0;3.14617;0;0;-1
0;255;32.9521;-75.6315;-42.5039;8.64912;2710.22;5.20059;0;0;0.1;0.01;0;2.25241;0;0;-1
0;256;30.5638;-56.4929;-40.5209;9.0958;3152.18;5.46917;0;0;0.1;0.01;0;6.27943;0;0;-1
0;257;33.7159;-41.1822;-40.4645;10.005;4195.08;6.01586;0;0;0.1;0.01;0;7.65252;0;0;-1
0;258;32.7742;-25.2914;-41.57;10.1242;4346.81;6.08753;0;0;0.1;0.01;0;7.40479;0;0;-1
0;259;33.7385;-8.04435;-42.0309;8.5;2572.44;5.11093;0;0;0.1;0.01;0;4.72469;1;0;-1
0;260;33.8431;10.0365;-42.2857;8.5;2572.44;5.11093;0;0;0.1;0.01;0;5.10175;1;0;-1
0;261;33.8491;29.5192;-39.8768;8.93213;2985.06;5.37076;0;0;0.1;0.01;0;6.03292;0;0;-1
0;262;32.9442;46.1528;-39.4207;10.038;4236.72;6.0357;0;0;0.1;0.01;0;7.76762;0;0;-1
0;263;33.9204;60.0837;-39.7087;9.38769;3465.49;5.64468;0;0;0.1;0.01;0;6.20683;0;0;-1
0;264;33.5516;79.8405;-40.4302;8.95437;3007.42;5.38413;0;0;0.1;0.01;0;2.7453;0;0;-1
0;265;47.8238;-65.273;-41.6066;8.94443;2997.41;5.37816;0;0;0.1;0.01;0;2.46672;0;0;-1
0;266;47.1376;-47.7075;-39.9496;9.52788;3623.08;5.72898;0;0;0.1;0.01;0;5.80312;0;0;-1
0;267;47.7652;-30.241;-39.223;10.3176;4600.71;6.20382;0;0;0.1;0.01;0;7.65885;0;0;-1
0;268;46.7886;-14.9397;-42.5859;10.067;4273.55;6.05314;0;0;0.1;0.01;0;7.778;0;0;-1
0;269;46.0789;2.87845;-42.1829;8.5;2572.44;5.11093;0;0;0.1;0.01;0;6.20039;1;0;-1
0;270;47.7558;16.8701;-43.0425;10.1627;4396.59;6.11068;0;0;0.1;0.01;0;7.43884;0;0;-1
0;271;46.8468;37.9655;-41.099;9.52653;3621.54;5.72816;0;0;0.1;0.01;0;6.19143;0;0;-1
0;272;46.707;52.1417;-42.8745;9.67637;3795.12;5.81826;0;0;0.1;0.01;0;6.605;0;0;-1
0;273;46.8345;69.2599;-39.8971;9.92643;4097.02;5.96862;0;0;0.1;0.01;0;4.49675;0;0;-1
0;274;60.3741;-55.3637;-39.3258;9.8308;3979.74;5.91112;0;0;0.1;0.01;0;4.74725;0;0;-1
0;275;63.996;-41.6903;-39.83;8.94562;2998.61;5.37887;0;0;0.1;0.01;0;4.27997;0;0;-1
0;276;61.209;-23.3549;-39.8293;8.55006;2618.16;5.14103;0;0;0.1;0.01;0;5.54213;0;0;-1
0;277;63.4148;-7.79107;-42.3284;9.67674;3795.56;5.81848;0;0;0.1;0.01;0;6.80216;0;0;-1
0;278;63.599;8.22972;-39.4665;10.0114;4203.13;6.01971;0;0;0.1;0.01;0;6.56046;0;0;-1
0;279;63.0225;26.1901;-42.2762;10.0357;4233.81;6.03432;0;0;0.1;0.01;0;6.07416;0;0;-1
0;280;61.5518;42.1371;-41.1967;8.88075;2933.85;5.33987;0;0;0.1;0.01;0;5.08185;0;0;-1
0;281;61.9976;60.4271;-42.4634;9.23144;3295.32;5.55073;0;0;0.1;0.01;0;3.67619;0;0;-1
0;282;74.9441;-32.4973;-43.1719;9.0112;3065.04;5.4183;0;0;0.1;0.01;0;3.21663;0;0;-1
0;283;77.7403;-14.9959;-41.1254;8.62851;2690.89;5.1882;0;0;0.1;0.01;0;4.46658;0;0;-1
0;284;76.327;-0.0833997;-41.4686;10.2851;4557.37;6.18428;0;0;0.1;0.01;0;6.87776;0;0;-1
0;285;78.7418;19.7236;-42.8235;8.99017;3043.63;5.40566;0;0;0.1;0.01;0;3.33006;0;0;-1
0;286;76.5358;34.34;-41.9455;9.23964;3304.1;5.55566;0;0;0.1;0.01;0;3.54019;0;0;-1
0;287;90.514;-4.56131;-40.5365;8.7003;2758.62;5.23136;0;0;0.1;0.01;0;2.233;0;0;-1
0;288;-95.1318;-13.5072;-24.7047;8.77145;2826.85;5.27415;0;0;0.1;0.01;0;3.17507;0;0;-1
0;289;-95.6333;1.2494;-26.0944;9.92316;4092.97;5.96665;0;0;0.1;0.01;0;3.87603;0;0;-1
0;290;-80.8663;-41.5016;-24.6571;9.90428;4069.65;5.9553;0;0;0.1;0.01;0;2.88735;0;0;-1
0;291;-81.7974;-23.4393;-27.3435;9.5595;3659.27;5.74799;0;0;0.1;0.01;0;3.86478;0;0;-1
0;292;-78.9095;-4.65626;-26.4838;10.0423;4242.17;6.03829;0;0;0.1;0.01;0;5.59075;0;0;-1
0;293;-82.5755;10.9722;-26.4501;10.1274;4350.93;6.08946;0;0;0.1;0.01;0;6.28619;0;0;-1
0;294;-82.4165;27.6786;-25.147;10.0349;4232.8;6.03384;0;0;0.1;0.01;0;5.02703;0;0;-1
0;295;-80.4011;44.5605;-28.1154;9.88358;4044.19;5.94285;0;0;0.1;0.01;0;3.28352;0;0;-1
0;296;-64.0809;-67.8786;-25.9964;8.5;2572.44;5.11093;0;0;0.1;0.01;0;2.5183;1;0;-1
0;297;-64.3778;-48.9944;-26.1262;8.77835;2833.53;5.27829;0;0;0.1;0.01;0;4.35978;0;0;-1
0;298;-64.5312;-31.2618;-25.4627;9.74862;3880.77;5.8617;0;0;0.1;0.01;0;5.46866;0;0;-1
0;299;-64.4883;-12.8934;-26.9923;9.28066;3348.31;5.58033;0;0;0.1;0.01;0;5.55928;0;0;-1
0;300;-66.0789;4.44544;-26.0318;8.5;2572.44;5.11093;0;0;0.1;0.01;0;5.93896;1;0;-1
0;301;-65.4708;20.2197;-26.9359;8.59094;2655.89;5.16561;0;0;0.1;0.01;0;5.71264;0;0;-1
0;302;-64.6848;35.2182;-27.1729;10.0497;4251.56;6.04274;0;0;0.1;0.01;0;6.30993;0;0;-1
0;303;-64.5482;50.9154;-26.2292;9.27992;3347.51;5.57988;0;0;0.1;0.01;0;5.75029;0;0;-1
0;304;-66.6773;68.6685;-26.7108;9.4554;3541.02;5.68539;0;0;0.1;0.01;0;2.15132;0;0;-1
0;305;-49.7103;-72.4978;-27.7904;8.99661;3050.18;5.40953;0;0;0.1;0.01;0;5.23026;0;0;-1
0;306;-49.616;-58.178;-26.287;9.25063;3315.91;5.56227;0;0;0.1;0.01;0;6.29426;0;0;-1
0;307;-51.5417;-39.7125;-26.3438;9.3425;3415.69;5.61751;0;0;0.1;0.01;0;6.00776;0;0;-1
0;308;-52.4119;-23.1183;-27.5512;9.77632;3913.95;5.87836;0;0;0.1;0.01;0;6.55572;0;0;-1
0;309;-50.4826;-7.0399;-27.8114;9.73264;3861.72;5.8521;0;0;0.1;0.01;0;6.60802;0;0;-1
0;310;-53.0176;8.65187;-26.3234;8.9409;2993.87;5.37603;0;0;0.1;0.01;0;5.48687;0;0;-1
0;311;-51.1142;26.7883;-24.4687;9.14375;3202.3;5.498;0;0;0.1;0.01;0;5.57831;0;0;-1
0;312;-49.9871;45.5134;-24.8754;9.78011;3918.5;5.88064;0;0;0.1;0.01;0;7.33896;0;0;-1
0;313;-50.6662;62.488;-25.5798;8.75947;2815.28;5.26694;0;0;0.1;0.01;0;6.08676;0;0;-1
0;314;-51.7915;78.4811;-28.2594;8.72318;2780.44;5.24512;0;0;0.1;0.01;0;2.65245;0;0;-1
0;315;-36.431;-82.1747;-26.5195;10.3133;4594.96;6.20124;0;0;0.1;0.01;0;6.19589;0;0;-1
0;316;-34.984;-67.305;-26.8084;8.88636;2939.41;5.34324;0;0;0.1;0.01;0;6.99096;0;0;-1
0;317;-38.3679;-47.1047;-27.1485;10.1598;4392.83;6.10894;0;0;0.1;0.01;0;5.71224;0;0;-1
0;318;-36.0603;-30.0821;-26.0758;9.32899;3400.89;5.60939;0;0;0.1;0.01;0;6.11577;0;0;-1
0;319;-34.6354;-13.7603;-26.8027;8.77558;2830.85;5.27663;0;0;0.1;0.01;0;5.01412;0;0;-1
0;320;-36.5853;4.31621;-27.45;8.5;2572.44;5.11093;0;0;0.1;0.01;0;4.19294;1;0;-1
0;321;-38.3606;18.5478;-27.4786;9.50184;3593.45;5.71332;0;0;0.1;0.01;0;5.45526;0;0;-1
0;322;-38.2446;34.5915;-25.1746;8.5;2572.44;5.11093;0;0;0.1;0.01;0;5.50179;1;0;-1
0;323;-37.6486;52.2761;-27.865;9.223;3286.29;5.54566;0;0;0.1;0.01;0;6.07454;0;0;-1
0;324;-38.2093;67.7255;-25.7557;8.5;2572.44;5.11093;0;0;0.1;0.01;0;4.48706;1;0;-1
0;325;-35.54;85.844;-24.9476;10.2803;4550.99;6.1814;0;0;0.1;0.01;0;3.74734;0;0;-1
0;326;-21.7843;-90.7758;-25.2844;10.3383;4628.45;6.21627;0;0;0.1;0.01;0;3.9883;0;0;-1
0;327;-20.5835;-73.0877;-27.0236;10.1729;4409.84;6.11682;0;0;0.1;0.01;0;8.2776;0;0;-1
0;328;-20.3458;-59.161;-26.3073;9.74517;3876.65;5.85963;0;0;0.1;0.01;0;7.26771;0;0;-1
0;329;-22.0167;-40.588;-26.6566;8.61701;2680.15;5.18128;0;0;0.1;0.01;0;4.98689;0;0;-1
0;330;-21.3616;-21.1048;-24.9727;10.094;4308.03;6.06938;0;0;0.1;0.01;0;6.84148;0;0;-1
0;331;-19.7199;-5.484;-28.0793;8.5;2572.44;5.11093;0;0;0.1;0.01;0;4.6491;1;0;-1
0;332;-21.3095;11.8081;-25.7711;8.5;2572.44;5.11093;0;0;0.1;0.01;0;4.00257;1;0;-1
0;333;-22.7786;28.7603;-27.7852;8.64731;2708.52;5.1995;0;0;0.1;0.01;0;5.10127;0;0;-1
0;334;-21.2672;44.7701;-27.8818;9.74786;3879.86;5.86125;0;0;0.1;0.01;0;5.8427;0;0;-1
0;335;-21.6902;62.1729;-26.6135;9.66986;3787.47;5.81435;0;0;0.1;0.01;0;6.34017;0;0;-1
0;336;-22.8422;78.7587;-27.9069;9.43208;3514.88;5.67137;0;0;0.1;0.01;0;5.6322;0;0;-1
0;337;-5.94112;-81.2664;-28.6508;9.37792;3454.68;5.63881;0;0;0.1;0.01;0;6.09256;0;0;-1
0;338;-7.9083;-66.6026;-26.3306;9.47884;3567.42;5.69949;0;0;0.1;0.01;0;6.68822;0;0;-1
0;339;-8.56396;-48.5932;-24.3788;9.13807;3196.33;5.49459;0;0;0.1;0.01;0;5.18419;0;0;-1
0;340;-8.20157;-29.69;-25.5438;8.77274;2828.1;5.27492;0;0;0.1;0.01;0;5.56612;0;0;-1
0;341;-6.00899;-13.324;-27.8136;9.41095;3491.31;5.65867;0;0;0.1;0.01;0;6.59803;0;0;-1
0;342;-5.49555;1.9289;-27.6466;8.53399;2603.42;5.13136;0;0;0.1;0.01;0;5.70933;0;0;-1
0;343;-6.60511;21.1278;-25.6316;9.60397;3710.57;5.77473;0;0;0.1;0.01;0;6.69981;0;0;-1
0;344;-7.09429;35.4101;-27.0965;9.34522;3418.67;5.61915;0;0;0.1;0.01;0;7.48338;0;0;-1
0;345;-7.92927;51.5157;-26.0288;8.65073;2711.73;5.20156;0;0;0.1;0.01;0;5.61208;0;0;-1
0;346;-9.34508;72.163;-24.4891;8.6207;2683.59;5.1835;0;0;0.1;0.01;0;5.0384;0;0;-1
0;347;-9.10095;88.2391;-25.6692;8.64271;2704.2;5.19674;0;0;0.1;0.01;0;3.97162;0;0;-1
0;348;9.34621;-90.4734;-25.4109;10.3115;4592.55;6.20016;0;0;0.1;0.01;0;4.27631;0;0;-1
0;349;6.59596;-75.7938;-25.319;9.7822;3921.01;5.88189;0;0;0.1;0.01;0;6.67284;0;0;-1
0;350;9.44257;-58.6598;-25.7695;9.33001;3402;5.61;0;0;0.1;0.01;0;5.80869;0;0;-1
0;351;5.72728;-40.0308;-25.3963;9.62018;3729.39;5.78447;0;0;0.1;0.01;0;6.09859;0;0;-1
0;352;8.2636;-25.5195;-26.5939;8.72878;2785.8;5.24849;0;0;0.1;0.01;0;5.86041;0;0;-1
0;353;9.02181;-8.76695;-27.6964;10.2426;4501.11;6.15873;0;0;0.1;0.01;0;6.79655;0;0;-1
0;354;5.51626;9.93192;-25.5116;9.14542;3204.05;5.49901;0;0;0.1;0.01;0;4.58432;0;0;-1
0;355;9.43763;29.3287;-27.6647;10.081;4291.4;6.06156;0;0;0.1;0.01;0;6.86145;0;0;-1
0;356;6.25142;44.0466;-25.2455;10.3766;4680.09;6.2393;0;0;0.1;0.01;0;7.19967;0;0;-1
0;357;6.86959;63.411;-24.6193;10.1832;4423.25;6.12301;0;0;0.1;0.01;0;6.80671;0;0;-1
0;358;5.89609;78.2871;-28.0052;9.05381;3108.73;5.44392;0;0;0.1;0.01;0;5.5574;0;0;-1
0;359;8.24459;95.6213;-26.8436;10.0208;4214.98;6.02536;0;0;0.1;0.01;0;2.99583;0;0;-1
0;360;22.5772;-82.3703;-25.2128;9.14669;3205.39;5.49977;0;0;0.1;0.01;0;4.6585;0;0;-1
0;361;23.7012;-65.9002;-25.4742;9.51617;3609.73;5.72193;0;0;0.1;0.01;0;5.43888;0;0;-1
0;362;23.2758;-47.2916;-27.4347;10.114;4333.69;6.0814;0;0;0.1;0.01;0;6.25955;0;0;-1
0;363;22.7932;-31.7609;-26.0493;9.7203;3847.05;5.84468;0;0;0.1;0.01;0;6.89798;0;0;-1
0;364;22.1318;-16.0913;-25.5885;10.0142;4206.66;6.02139;0;0;0.1;0.01;0;6.73038;0;0;-1
0;365;22.3167;1.01304;-26.8043;9.03568;3090.09;5.43302;0;0;0.1;0.01;0;5.17088;0;0;-1
0;366;23.387;18.1877;-28.0117;9.62583;3735.97;5.78787;0;0;0.1;0.01;0;6.25446;0;0;-1
0;367;23.2502;34.9358;-27.5223;9.48752;3577.23;5.70471;0;0;0.1;0.01;0;7.42015;0;0;-1
0;368;20.5935;51.1089;-24.517;9.78732;3927.17;5.88497;0;0;0.1;0.01;0;6.26017;0;0;-1
0;369;20.291;69.1535;-26.9502;9.41126;3491.66;5.65885;0;0;0.1;0.01;0;5.3621;0;0;-1
0;370;23.3606;84.5728;-24.8038;9.48309;3572.22;5.70204;0;0;0.1;0.01;0;4.90056;0;0;-1
0;371;38.0641;-75.9948;-27.1018;9.08221;3138.07;5.461;0;0;0.1;0.01;0;3.94051;0;0;-1
0;372;35.2284;-56.9176;-27.0377;8.68961;2748.46;5.22494;0;0;0.1;0.01;0;5.60753;0;0;-1
0;373;37.5295;-39.9436;-26.8208;9.92192;4091.44;5.96591;0;0;0.1;0.01;0;7.96767;0;0;-1
0;374;37.6907;-23.1688;-27.6878;9.98008;4163.81;6.00088;0;0;0.1;0.01;0;7.59043;0;0;-1
0;375;37.4582;-7.20875;-24.8452;9.68117;3800.77;5.82115;0;0;0.1;0.01;0;6.56975;0;0;-1
0;376;35.13;8.91559;-26.7877;8.8148;2868.97;5.30021;0;0;0.1;0.01;0;5.30941;0;0;-1
0;377;37.2289;25.3894;-24.712;9.96675;4147.15;5.99286;0;0;0.1;0.01;0;6.87981;0;0;-1
0;378;37.0165;42.1382;-27.0982;9.84583;3998.03;5.92015;0;0;0.1;0.01;0;6.57866;0;0;-1
0;379;38.4512;63.6764;-24.9023;8.5;2572.44;5.11093;0;0;0.1;0.01;0;4.58536;1;0;-1
0;380;36.7488;78.8092;-24.8816;8.5;2572.44;5.11093;0;0;0.1;0.01;0;4.35349;1;0;-1
0;381;50.4411;-66.6489;-24.7878;10.2137;4463.11;6.14135;0;0;0.1;0.01;0;5.56979;0;0;-1
0;382;49.9648;-50.7728;-25.2913;10.1728;4409.71;6.11676;0;0;0.1;0.01;0;6.85291;0;0;-1
0;383;50.0714;-33.4148;-25.0325;8.55599;2623.61;5.14459;0;0;0.1;0.01;0;5.20249;0;0;-1
0;384;52.7129;-15.5616;-26.8586;9.21838;3281.35;5.54288;0;0;0.1;0.01;0;6.25938;0;0;-1
0;385;51.8224;1.73711;-28.3345;10.0155;4208.3;6.02217;0;0;0.1;0.01;0;7.17051;0;0;-1
0;386;50.1079;17.7985;-28.5145;9.04577;3100.45;5.43909;0;0;0.1;0.01;0;6.16793;0;0;-1
0;387;50.3093;34.89;-25.0684;9.38364;3461.01;5.64225;0;0;0.1;0.01;0;5.5767;0;0;-1
0;388;52.981;54.7688;-24.6947;8.65695;2717.59;5.2053;0;0;0.1;0.01;0;4.39727;0;0;-1
0;389;52.2003;72.6214;-26.9376;9.78828;3928.33;5.88555;0;0;0.1;0.01;0;4.37985;0;0;-1
0;390;66.3598;-59.2058;-27.6308;8.99162;3045.11;5.40653;0;0;0.1;0.01;0;4.13287;0;0;-1
0;391;66.637;-42.2281;-25.0445;8.84857;2902.07;5.32052;0;0;0.1;0.01;0;5.48293;0;0;-1
0;392;67.4835;-23.2456;-24.8715;10.3678;4668.19;6.23401;0;0;0.1;0.01;0;6.53719;0;0;-1
0;393;65.5547;-5.59918;-26.9252;8.9529;3005.94;5.38325;0;0;0.1;0.01;0;6.84138;0;0;-1
0;394;66.5789;9.45288;-25.0938;9.2484;3313.51;5.56093;0;0;0.1;0.01;0;5.82398;0;0;-1
0;395;64.8756;25.4059;-25.6016;9.8348;3984.6;5.91352;0;0;0.1;0.01;0;4.80882;0;0;-1
0;396;66.3796;46.5058;-25.9011;10.0347;4232.55;6.03372;0;0;0.1;0.01;0;5.81647;0;0;-1
0;397;65.0751;62.2759;-27.5159;10.0508;4252.95;6.0434;0;0;0.1;0.01;0;4.96873;0;0;-1
0;398;79.4178;-51.2658;-25.8192;10.1042;4321.1;6.07551;0;0;0.1;0.01;0;2.17816;0;0;-1
0;399;81.8805;-34.2019;-24.83;10.2512;4512.45;6.1639;0;0;0.1;0.01;0;3.41483;0;0;-1
0;400;80.7481;-16.8111;-25.3508;8.88357;2936.64;5.34156;0;0;0.1;0.01;0;4.4687;0;0;-1
0;401;79.7973;-0.232003;-26.2424;9.30496;3374.68;5.59494;0;0;0.1;0.01;0;4.87193;0;0;-1
0;402;83.2168;17.7952;-25.2702;9.79833;3940.44;5.89159;0;0;0.1;0.01;0;4.14588;0;0;-1
0;403;79.1007;33.7645;-27.9891;8.5;2572.44;5.11093;0;0;0.1;0.01;0;3.36502;1;0;-1
0;404;79.3746;54.6246;-26.5394;10.3516;4646.34;6.22427;0;0;0.1;0.01;0;2.70794;0;0;-1
0;405;-98.4456;0.96109;-11.8078;10.2755;4544.62;6.17851;0;0;0.1;0.01;0;3.70413;0;0;-1
0;406;-84.2847;-42.0836;-11.2515;9.08598;3141.98;5.46327;0;0;0.1;0.01;0;3.46764;0;0;-1
0;407;-84.3737;-23.5371;-10.3046;10.4098;4725.15;6.25926;0;0;0.1;0.01;0;5.70399;0;0;-1
0;408;-85.217;-7.13386;-12.4842;8.91246;2965.39;5.35893;0;0;0.1;0.01;0;5.26797;0;0;-1
0;409;-83.3469;11.6477;-11.93;10.149;4378.83;6.10245;0;0;0.1;0.01;0;5.92215;0;0;-1
0;410;-84.8135;29.1407;-12.4294;8.5;2572.44;5.11093;0;0;0.1;0.01;0;4.12903;1;0;-1
0;411;-84.0305;42.4978;-11.3141;9.39125;3469.44;5.64682;0;0;0.1;0.01;0;4.12676;0;0;-1
0;412;-70.8146;-68.4436;-10.0631;8.78734;2842.24;5.2837;0;0;0.1;0.01;0;2.13381;0;0;-1
0;413;-69.2292;-49.2658;-11.9965;9.51949;3613.51;5.72393;0;0;0.1;0.01;0;4.76803;0;0;-1
0;414;-69.8925;-32.5573;-10.141;9.37135;3447.43;5.63486;0;0;0.1;0.01;0;6.79693;0;0;-1
0;415;-72.1613;-15.7407;-11.6936;9.40543;3485.17;5.65535;0;0;0.1;0.01;0;6.58698;0;0;-1
0;416;-70.7974;3.17585;-10.3105;8.76929;2824.76;5.27285;0;0;0.1;0.01;0;6.07148;0;0;-1
0;417;-68.3495;17.3753;-12.954;8.58719;2652.42;5.16335;0;0;0.1;0.01;0;4.93121;0;0;-1
0;418;-69.4932;36.4708;-11.9833;9.59908;3704.91;5.77179;0;0;0.1;0.01;0;6.34064;0;0;-1
0;419;-71.9164;53.7854;-13.0242;8.9755;3028.76;5.39684;0;0;0.1;0.01;0;4.41717;0;0;-1
0;420;-54.2856;-75.1304;-9.7265;8.85847;2911.82;5.32647;0;0;0.1;0.01;0;3.81535;0;0;-1
0;421;-56.6194;-58.2363;-12.3522;9.39962;3478.72;5.65186;0;0;0.1;0.01;0;5.38499;0;0;-1
0;422;-57.3282;-39.2012;-10.3236;8.57706;2643.04;5.15726;0;0;0.1;0.01;0;5.56524;0;0;-1
0;423;-57.3127;-23.9539;-11.8664;8.5;2572.44;5.11093;0;0;0.1;0.01;0;5.49327;1;0;-1
0;424;-55.2381;-7.22143;-11.8112;9.00601;3059.75;5.41518;0;0;0.1;0.01;0;5.50015;0;0;-1
0;425;-54.3077;8.59972;-12.5445;10.0595;4264.01;6.04863;0;0;0.1;0.01;0;5.98736;0;0;-1
0;426;-57.3424;29.7699;-12.816;8.5;2572.44;5.11093;0;0;0.1;0.01;0;5.63797;1;0;-1
0;427;-55.1139;44.7229;-11.8299;9.28257;3350.37;5.58147;0;0;0.1;0.01;0;6.85734;0;0;-1
0;428;-57.9514;60.0336;-10.6857;9.74725;3879.14;5.86088;0;0;0.1;0.01;0;5.45124;0;0;-1
0;429;-42.7895;-83.6438;-13.2535;10.0889;4301.5;6.06631;0;0;0.1;0.01;0;4.25642;0;0;-1
0;430;-39.3542;-64.6256;-11.5748;9.79525;3936.73;5.88974;0;0;0.1;0.01;0;5.60935;0;0;-1
0;431;-41.051;-49.3534;-10.6887;8.52157;2592.07;5.1239;0;0;0.1;0.01;0;5.07811;0;0;-1
0;432;-41.2222;-32.6048;-12.362;9.80366;3946.87;5.8948;0;0;0.1;0.01;0;6.13933;0;0;-1
0;433;-42.0821;-14.3483;-13.5196;10.014;4206.41;6.02127;0;0;0.1;0.01;0;6.08401;0;0;-1
0;434;-40.9206;3.07088;-10.7865;9.48602;3575.53;5.70381;0;0;0.1;0.01;0;5.76789;0;0;-1
0;435;-39.4018;20.0896;-11.2094;10.0097;4200.99;6.01869;0;0;0.1;0.01;0;6.2756;0;0;-1
0;436;-42.1294;36.9062;-13.1682;9.33057;3402.62;5.61034;0;0;0.1;0.01;0;7.19976;0;0;-1
0;437;-42.6541;52.2154;-12.6262;8.5;2572.44;5.11093;0;0;0.1;0.01;0;5.05366;1;0;-1
0;438;-43.0039;70.6829;-12.5529;8.74544;2801.78;5.25851;0;0;0.1;0.01;0;4.72321;0;0;-1
0;439;-43.2544;85.1315;-13.3327;8.5;2572.44;5.11093;0;0;0.1;0.01;0;3.42553;1;0;-1
0;440;-27.9013;-93.1811;-13.0861;9.62079;3730.1;5.78484;0;0;0.1;0.01;0;4.31865;0;0;-1
0;441;-28.1467;-76.8717;-13.0018;10.1441;4372.49;6.0995;0;0;0.1;0.01;0;7.05556;0;0;-1
0;442;-24.6945;-56.5758;-12.2836;10.3899;4698.1;6.2473;0;0;0.1;0.01;0;7.30701;0;0;-1
0;443;-27.3662;-41.753;-10.1933;10.4383;4764.07;6.2764;0;0;0.1;0.01;0;7.63168;0;0;-1
0;444;-26.63;-22.2844;-11.8646;10.2193;4470.46;6.14472;0;0;0.1;0.01;0;6.64906;0;0;-1
0;445;-24.9555;-7.31203;-10.3189;8.54228;2611.02;5.13635;0;0;0.1;0.01;0;4.69814;0;0;-1
0;446;-25.1391;9.14956;-10.2533;9.43114;3513.83;5.67081;0;0;0.1;0.01;0;5.17439;0;0;-1
0;447;-27.4312;28.4657;-10.5808;10.2555;4518.13;6.16648;0;0;0.1;0.01;0;6.15078;0;0;-1
0;448;-28.3056;42.9595;-10.7761;9.06343;3118.65;5.44971;0;0;0.1;0.01;0;5.62704;0;0;-1
0;449;-24.4451;59.0689;-12.8449;8.80537;2859.77;5.29454;0;0;0.1;0.01;0;4.53637;0;0;-1
0;450;-24.7751;77.7015;-12.2474;9.85517;4009.41;5.92577;0;0;0.1;0.01;0;6.45292;0;0;-1
0;451;-24.8589;94.6724;-14.0172;10.1999;4445.05;6.13305;0;0;0.1;0.01;0;3.54429;0;0;-1
0;452;-13.5489;-83.3106;-11.0888;8.5;2572.44;5.11093;0;0;0.1;0.01;0;4.45383;1;0;-1
0;453;-12.7742;-65.4516;-13.2529;8.5;2572.44;5.11093;0;0;0.1;0.01;0;5.52518;1;0;-1
0;454;-12.6917;-48.4369;-9.71043;9.49539;3586.14;5.70944;0;0;0.1;0.01;0;6.60674;0;0;-1
0;455;-11.4445;-32.3642;-11.7601;10.4018;4714.27;6.25445;0;0;0.1;0.01;0;7.2583;0;0;-1
0;456;-10.3962;-14.2714;-10.7259;8.5;2572.44;5.11093;0;0;0.1;0.01;0;6.05927;1;0;-1
0;457;-10.7166;0.964948;-11.603;10.2021;4447.92;6.13437;0;0;0.1;0.01;0;7.15856;0;0;-1
0;458;-10.7352;16.9717;-11.6268;9.08701;3143.05;5.46389;0;0;0.1;0.01;0;5.76951;0;0;-1
0;459;-11.5963;34.2425;-12.5372;8.56015;2627.44;5.14709;0;0;0.1;0.01;0;4.61982;0;0;-1
0;460;-10.3558;50.9647;-10.6122;8.54843;2616.66;5.14005;0;0;0.1;0.01;0;5.22146;0;0;-1
0;461;-10.5237;67.4144;-11.6327;9.0735;3129.05;5.45576;0;0;0.1;0.01;0;5.91009;0;0;-1
0;462;-11.6986;87.2586;-12.4339;8.5;2572.44;5.11093;0;0;0.1;0.01;0;4.794;1;0;-1
0;463;4.3933;-91.5501;-10.5865;8.69412;2752.74;5.22765;0;0;0.1;0.01;0;3.76755;0;0;-1
0;464;1.54608;-75.9964;-12.125;8.5;2572.44;5.11093;0;0;0.1;0.01;0;5.49013;1;0;-1
0;465;1.34458;-59.4782;-12.854;8.86284;2916.13;5.3291;0;0;0.1;0.01;0;6.06206;0;0;-1
0;466;1.68161;-41.2633;-12.6225;9.63019;3741.05;5.79049;0;0;0.1;0.01;0;6.53731;0;0;-1
0;467;1.2646;-21.5714;-10.4636;9.21799;3280.93;5.54264;0;0;0.1;0.01;0;6.60893;0;0;-1
0;468;1.59367;-7.44489;-12.1234;8.63646;2698.34;5.19298;0;0;0.1;0.01;0;6.12494;0;0;-1
0;469;3.28063;8.17319;-12.281;10.1133;4332.79;6.08098;0;0;0.1;0.01;0;6.21052;0;0;-1
0;470;3.19064;25.1268;-13.5576;9.05314;3108.04;5.44352;0;0;0.1;0.01;0;4.72121;0;0;-1
0;471;1.98464;43.7652;-10.4939;9.3009;3370.26;5.5925;0;0;0.1;0.01;0;5.57646;0;0;-1
0;472;2.33296;59.5243;-10.7528;9.45512;3540.71;5.68523;0;0;0.1;0.01;0;6.58673;0;0;-1
0;473;2.70648;76.7503;-10.393;8.91847;2971.39;5.36255;0;0;0.1;0.01;0;6.03161;0;0;-1
0;474;3.09405;94.0414;-11.4681;10.2647;4530.3;6.17202;0;0;0.1;0.01;0;4.45875;0;0;-1
0;475;18.8207;-85.1827;-10.5379;9.35595;3430.46;5.6256;0;0;0.1;0.01;0;5.79988;0;0;-1
0;476;16.069;-68.1923;-10.5145;9.47166;3559.32;5.69517;0;0;0.1;0.01;0;6.35375;0;0;-1
0;477;15.9649;-51.4691;-9.87344;9.86583;4022.44;5.93218;0;0;0.1;0.01;0;5.77753;0;0;-1
0;478;15.5199;-33.3885;-10.5214;9.65096;3765.3;5.80298;0;0;0.1;0.01;0;5.74223;0;0;-1
0;479;16.0398;-16.3002;-11.4654;8.57311;2639.39;5.15489;0;0;0.1;0.01;0;5.90825;0;0;-1
0;480;16.4166;1.11904;-11.4587;9.38448;3461.94;5.64275;0;0;0.1;0.01;0;5.57867;0;0;-1
0;481;19.4911;20.902;-10.8817;9.88972;4051.73;5.94655;0;0;0.1;0.01;0;6.0503;0;0;-1
0;482;19.6262;38.1889;-13.1691;8.5;2572.44;5.11093;0;0;0.1;0.01;0;5.08316;1;0;-1
0;483;18.1835;54.5329;-11.4714;8.5;2572.44;5.11093;0;0;0.1;0.01;0;4.92998;1;0;-1
0;484;17.3069;71.4362;-10.3211;10.3965;4707.06;6.25126;0;0;0.1;0.01;0;7.11017;0;0;-1
0;485;15.6979;84.9751;-12.5719;8.5;2572.44;5.11093;0;0;0.1;0.01;0;5.45019;1;0;-1
0;486;31.9429;-93.7275;-12.0449;8.83098;2884.8;5.30994;0;0;0.1;0.01;0;1.85752;0;0;-1
0;487;33.3604;-76.6529;-12.3249;9.41174;3492.19;5.65914;0;0;0.1;0.01;0;5.65241;0;0;-1
0;488;32.8881;-55.3952;-10.354;9.45135;3536.47;5.68296;0;0;0.1;0.01;0;4.9924;0;0;-1
0;489;34.1722;-38.8901;-10.1238;9.62386;3733.67;5.78669;0;0;0.1;0.01;0;6.1425;0;0;-1
0;490;31.23;-21.359;-12.2797;9.89423;4057.28;5.94926;0;0;0.1;0.01;0;7.1079;0;0;-1
0;491;33.1363;-6.34112;-10.778;8.88235;2935.43;5.34083;0;0;0.1;0.01;0;5.56203;0;0;-1
0;492;33.5022;11.7969;-12.911;10.3784;4682.52;6.24038;0;0;0.1;0.01;0;7.01879;0;0;-1
0;493;31.472;29.0523;-10.835;9.24443;3309.25;5.55854;0;0;0.1;0.01;0;6.82258;0;0;-1
0;494;33.5352;46.2645;-13.25;9.56238;3662.58;5.74972;0;0;0.1;0.01;0;5.989;0;0;-1
0;495;32.7916;63.4849;-10.3694;8.6173;2680.42;5.18146;0;0;0.1;0.01;0;5.98524;0;0;-1
0;496;32.2646;79.3805;-10.1299;10.0567;4260.45;6.04695;0;0;0.1;0.01;0;6.38637;0;0;-1
0;497;45.9691;-82.9396;-10.7936;8.5;2572.44;5.11093;0;0;0.1;0.01;0;4.15399;1;0;-1
0;498;48.1295;-67.888;-11.453;9.53328;3629.24;5.73222;0;0;0.1;0.01;0;6.01249;0;0;-1
0;499;47.6999;-47.7319;-11.9639;9.34097;3414.01;5.61659;0;0;0.1;0.01;0;6.11539;0;0;-1
0;500;48.6161;-31.7076;-12.5266;9.05733;3112.36;5.44604;0;0;0.1;0.01;0;5.54075;0;0;-1
0;501;45.5583;-14.7393;-10.9533;9.15165;3210.6;5.50275;0;0;0.1;0.01;0;6.26664;0;0;-1
0;502;46.5949;0.43682;-11.0262;10.1585;4391.14;6.10816;0;0;0.1;0.01;0;7.44516;0;0;-1
0;503;47.7361;18.1155;-13.4361;10.1742;4411.53;6.1176;0;0;0.1;0.01;0;7.74675;0;0;-1
0;504;47.8997;34.6525;-10.5429;9.51622;3609.79;5.72196;0;0;0.1;0.01;0;6.42834;0;0;-1
0;505;45.9475;55.1921;-12.4963;8.5;2572.44;5.11093;0;0;0.1;0.01;0;5.01931;1;0;-1
0;506;46.2858;68.4974;-10.0137;9.24156;3306.16;5.55682;0;0;0.1;0.01;0;6.17148;0;0;-1
0;507;47.6962;85.6399;-13.1004;8.6403;2701.94;5.19529;0;0;0.1;0.01;0;2.33886;0;0;-1
0;508;61.0946;-74.2464;-11.2911;10.3036;4582.01;6.19541;0;0;0.1;0.01;0;3.19883;0;0;-1
0;509;60.3074;-56.0667;-13.3023;9.61516;3723.56;5.78146;0;0;0.1;0.01;0;6.3949;0;0;-1
0;510;61.4391;-42.148;-11.6205;9.39919;3478.24;5.6516;0;0;0.1;0.01;0;6.41202;0;0;-1
0;511;62.5796;-25.7803;-11.863;9.28468;3352.66;5.58274;0;0;0.1;0.01;0;5.84198;0;0;-1
0;512;62.743;-7.65261;-11.5011;9.83406;3983.7;5.91308;0;0;0.1;0.01;0;6.46833;0;0;-1
0;513;60.7341;9.37169;-12.814;10.2245;4477.29;6.14784;0;0;0.1;0.01;0;6.65786;0;0;-1
0;514;61.969;28.7556;-10.2196;9.92591;4096.37;5.96831;0;0;0.1;0.01;0;6.30852;0;0;-1
0;515;62.6733;45.9892;-11.1306;9.50542;3597.51;5.71547;0;0;0.1;0.01;0;5.70469;0;0;-1
0;516;63.2346;63.5914;-10.8003;10.0981;4313.28;6.07184;0;0;0.1;0.01;0;5.33355;0;0;-1
0;517;61.0438;77.9239;-13.7902;8.90529;2958.24;5.35462;0;0;0.1;0.01;0;2.7733;0;0;-1
0;518;77.6005;-47.5329;-10.8067;8.5;2572.44;5.11093;0;0;0.1;0.01;0;3.89148;1;0;-1
0;519;77.3354;-30.0345;-11.2394;8.60685;2670.68;5.17517;0;0;0.1;0.01;0;5.62822;0;0;-1
0;520;75.3005;-14.44;-10.8533;10.4528;4783.95;6.28512;0;0;0.1;0.01;0;7.80133;0;0;-1
0;521;74.9403;1.11779;-10.9968;8.5;2572.44;5.11093;0;0;0.1;0.01;0;6.16485;1;0;-1
0;522;76.6096;18.0101;-13.3374;8.69993;2758.26;5.23114;0;0;0.1;0.01;0;5.74846;0;0;-1
0;523;75.0677;34.8502;-12.7162;8.5;2572.44;5.11093;0;0;0.1;0.01;0;5.25406;1;0;-1
0;524;75.3429;51.4811;-10.2273;9.24246;3307.13;5.55736;0;0;0.1;0.01;0;5.72144;0;0;-1
0;525;89.5861;-22.1744;-11.9578;8.5;2572.44;5.11093;0;0;0.1;0.01;0;3.79013;1;0;-1
0;526;90.0726;-4.25292;-10.1454;9.67018;3787.85;5.81454;0;0;0.1;0.01;0;4.11839;0;0;-1
0;527;89.5588;12.0129;-11.0236;8.94815;3001.15;5.38039;0;0;0.1;0.01;0;4.80126;0;0;-1
0;528;89.4283;27.0328;-11.2021;8.57982;2645.59;5.15892;0;0;0.1;0.01;0;4.5132;0;0;-1
0;529;89.2362;43.5649;-9.84129;10.0381;4236.85;6.03576;0;0;0.1;0.01;0;3.29507;0;0;-1
0;530;-93.9354;-16.5782;2.39481;9.45997;3546.16;5.68814;0;0;0.1;0.01;0;3.17075;0;0;-1
0;531;-95.6877;2.72756;3.4359;9.65336;3768.11;5.80443;0;0;0.1;0.01;0;3.78361;0;0;-1
0;532;-95.9064;18.6874;2.1618;10.2032;4449.36;6.13504;0;0;0.1;0.01;0;3.23883;0;0;-1
0;533;-79.6774;-55.9206;3.03742;8.5;2572.44;5.11093;0;0;0.1;0.01;0;2.63908;1;0;-1
0;534;-82.6255;-41.5219;4.68293;9.80047;3943.02;5.89288;0;0;0.1;0.01;0;4.17559;0;0;-1
0;535;-80.5981;-23.2239;2.97327;9.80139;3944.13;5.89343;0;0;0.1;0.01;0;6.45384;0;0;-1
0;536;-79.8651;-6.13666;3.7276;9.46528;3552.13;5.69134;0;0;0.1;0.01;0;5.92534;0;0;-1
0;537;-81.795;10.3523;2.71531;8.90491;2957.86;5.35439;0;0;0.1;0.01;0;4.70799;0;0;-1
0;538;-80.6003;25.4938;1.2066;8.5;2572.44;5.11093;0;0;0.1;0.01;0;3.6959;1;0;-1
0;539;-82.6792;44.0738;2.77077;10.2457;4505.19;6.16059;0;0;0.1;0.01;0;4.4238;0;0;-1
0;540;-78.9068;61.1287;3.37541;9.4202;3501.62;5.66423;0;0;0.1;0.01;0;2.55851;0;0;-1
0;541;-63.8854;-65.5081;1.67744;8.86781;2921.04;5.33209;0;0;0.1;0.01;0;4.00757;0;0;-1
0;542;-64.2807;-47.2853;4.3999;10.2617;4526.33;6.17021;0;0;0.1;0.01;0;6.23201;0;0;-1
0;543;-68.3938;-33.0491;3.55671;8.92266;2975.58;5.36507;0;0;0.1;0.01;0;5.75716;0;0;-1
0;544;-67.7938;-14.8215;1.7234;10.4365;4761.6;6.27532;0;0;0.1;0.01;0;6.92623;0;0;-1
0;545;-67.1971;0.398366;3.73397;10.3306;4618.12;6.21164;0;0;0.1;0.01;0;6.93394;0;0;-1
0;546;-64.7318;17.1269;3.36729;10.4477;4776.95;6.28205;0;0;0.1;0.01;0;6.0195;0;0;-1
0;547;-65.1799;36.5252;3.09442;10.4249;4745.74;6.26834;0;0;0.1;0.01;0;6.60447;0;0;-1
0;548;-65.568;52.0282;3.22462;9.47993;3568.65;5.70014;0;0;0.1;0.01;0;5.48032;0;0;-1
0;549;-64.9404;70.4136;3.16127;8.5;2572.44;5.11093;0;0;0.1;0.01;0;2.34972;1;0;-1
0;550;-49.9096;-75.3353;3.2377;8.5823;2647.89;5.16041;0;0;0.1;0.01;0;5.00581;0;0;-1
0;551;-50.3426;-59.3905;4.21296;8.71413;2771.79;5.23968;0;0;0.1;0.01;0;5.50613;0;0;-1
0;552;-50.9507;-42.3332;3.33707;8.72965;2786.63;5.24901;0;0;0.1;0.01;0;5.46153;0;0;-1
0;553;-52.1135;-24.4729;3.65672;8.58632;2651.61;5.16283;0;0;0.1;0.01;0;4.1851;0;0;-1
0;554;-49.6387;-5.37714;2.1519;8.5;2572.44;5.11093;0;0;0.1;0.01;0;4.35371;1;0;-1
0;555;-52.2996;10.0566;3.75089;8.5;2572.44;5.11093;0;0;0.1;0.01;0;4.98506;1;0;-1
0;556;-52.7566;25.8409;2.69957;8.5;2572.44;5.11093;0;0;0.1;0.01;0;5.48392;1;0;-1
0;557;-50.2698;42.9869;5.11146;9.8444;3996.28;5.91929;0;0;0.1;0.01;0;5.9739;0;0;-1
0;558;-50.7525;63.4573;1.83196;9.04923;3104.01;5.44117;0;0;0.1;0.01;0;5.21516;0;0;-1
0;559;-51.4563;78.1181;1.28842;9.76208;3896.87;5.8698;0;0;0.1;0.01;0;4.43724;0;0;-1
0;560;-34.9752;-84.0127;3.44299;9.36644;3442.01;5.6319;0;0;0.1;0.01;0;5.15607;0;0;-1
0;561;-38.5015;-67.3852;3.24706;9.15764;3216.91;5.50636;0;0;0.1;0.01;0;5.35468;0;0;-1
0;562;-36.704;-50.3877;4.12139;8.5;2572.44;5.11093;0;0;0.1;0.01;0;5.17278;1;0;-1
0;563;-35.8346;-32.6214;2.67938;9.95707;4135.07;5.98704;0;0;0.1;0.01;0;6.05259;0;0;-1
0;564;-38.0788;-14.0853;3.15207;8.97516;3028.41;5.39663;0;0;0.1;0.01;0;4.98336;0;0;-1
0;565;-36.634;3.18115;4.03293;8.90095;2953.91;5.35201;0;0;0.1;0.01;0;5.85563;0;0;-1
0;566;-38.1375;19.9776;2.91736;10.1518;4382.46;6.10413;0;0;0.1;0.01;0;6.86623;0;0;-1
0;567;-38.1962;36.3086;1.02863;8.89588;2948.87;5.34896;0;0;0.1;0.01;0;5.93089;0;0;-1
0;568;-35.4167;50.8443;2.86294;9.82839;3976.82;5.90967;0;0;0.1;0.01;0;5.01538;0;0;-1
0;569;-35.7466;71.7409;1.33861;10.4423;4769.55;6.2788;0;0;0.1;0.01;0;6.28617;0;0;-1
0;570;-35.325;87.8894;3.29022;9.58234;3685.56;5.76172;0;0;0.1;0.01;0;5.14456;0;0;-1
0;571;-20.7808;-93.6575;1.59815;9.51832;3612.18;5.72323;0;0;0.1;0.01;0;4.31289;0;0;-1
0;572;-20.5658;-76.6047;4.59647;8.53528;2604.61;5.13214;0;0;0.1;0.01;0;5.26559;0;0;-1
0;573;-23.6207;-57.6413;1.5403;9.2155;3278.27;5.54115;0;0;0.1;0.01;0;6.00352;0;0;-1
0;574;-23.2238;-40.3614;2.14417;9.25268;3318.11;5.5635;0;0;0.1;0.01;0;6.41661;0;0;-1
0;575;-21.1644;-23.0813;3.56932;8.5;2572.44;5.11093;0;0;0.1;0.01;0;5.39866;1;0;-1
0;576;-20.5814;-5.19411;3.3462;8.55675;2624.31;5.14505;0;0;0.1;0.01;0;6.15934;0;0;-1
0;577;-20.1915;9.99461;4.07197;10.1133;4332.79;6.08098;0;0;0.1;0.01;0;6.89932;0;0;-1
0;578;-23.941;27.5237;1.89096;8.5874;2652.61;5.16348;0;0;0.1;0.01;0;3.99281;0;0;-1
0;579;-19.9318;46.9944;1.82843;9.19996;3261.72;5.5318;0;0;0.1;0.01;0;4.54706;0;0;-1
0;580;-22.0279;63.3239;2.16728;9.89483;4058.01;5.94962;0;0;0.1;0.01;0;6.65693;0;0;-1
0;581;-22.183;77.556;1.90438;9.60554;3712.39;5.77567;0;0;0.1;0.01;0;6.19741;0;0;-1
0;582;-23.3656;96.2347;1.35833;9.90756;4073.7;5.95727;0;0;0.1;0.01;0;3.42016;0;0;-1
0;583;-7.07381;-98.9505;0.927324;10.0776;4287.06;6.05951;0;0;0.1;0.01;0;2.97427;0;0;-1
0;584;-5.64187;-81.0541;3.71044;8.73414;2790.93;5.25171;0;0;0.1;0.01;0;5.62609;0;0;-1
0;585;-9.0841;-66.6483;2.7746;10.3839;4689.97;6.24369;0;0;0.1;0.01;0;5.7518;0;0;-1
0;586;-7.63315;-49.2536;2.31287;8.64791;2709.08;5.19986;0;0;0.1;0.01;0;5.09639;0;0;-1
0;587;-7.46747;-29.9751;2.518;9.4445;3528.79;5.67884;0;0;0.1;0.01;0;6.3538;0;0;-1
0;588;-8.7841;-14.1979;3.11616;9.71029;3835.18;5.83866;0;0;0.1;0.01;0;6.88093;0;0;-1
0;589;-7.88533;1.80529;3.77671;8.5;2572.44;5.11093;0;0;0.1;0.01;0;5.89817;1;0;-1
0;590;-6.2977;17.3614;1.34419;8.51996;2590.61;5.12293;0;0;0.1;0.01;0;5.92995;0;0;-1
0;591;-6.16571;34.6536;3.69954;9.22465;3288.05;5.54665;0;0;0.1;0.01;0;5.50921;0;0;-1
0;592;-5.76104;51.8003;3.54336;8.5;2572.44;5.11093;0;0;0.1;0.01;0;5.87038;1;0;-1
0;593;-7.56648;71.7848;2.33119;10.3283;4615.04;6.21026;0;0;0.1;0.01;0;6.85543;0;0;-1
0;594;-9.20847;88.3801;3.68289;9.77079;3907.31;5.87503;0;0;0.1;0.01;0;4.9754;0;0;-1
0;595;8.0412;-92.1758;3.09921;8.71605;2773.63;5.24083;0;0;0.1;0.01;0;4.70664;0;0;-1
0;596;8.63885;-76.0923;1.82842;9.61678;3725.44;5.78243;0;0;0.1;0.01;0;7.03996;0;0;-1
0;597;5.95456;-58.9231;1.68653;10.096;4310.59;6.07058;0;0;0.1;0.01;0;6.91973;0;0;-1
0;598;7.03595;-42.7377;3.59248;9.83689;3987.15;5.91478;0;0;0.1;0.01;0;6.72772;0;0;-1
0;599;7.54263;-24.9381;1.84887;9.5353;3631.55;5.73344;0;0;0.1;0.01;0;6.50711;0;0;-1
0;600;9.35903;-8.46091;4.44241;10.1237;4346.17;6.08723;0;0;0.1;0.01;0;5.92988;0;0;-1
0;601;5.73511;10.4497;2.77805;8.89902;2951.99;5.35085;0;0;0.1;0.01;0;4.9583;0;0;-1
0;602;7.62956;25.4214;2.11884;9.91149;4078.55;5.95964;0;0;0.1;0.01;0;6.0884;0;0;-1
0;603;8.38185;44.0618;2.3566;8.5;2572.44;5.11093;0;0;0.1;0.01;0;5.04483;1;0;-1
0;604;6.90891;60.3868;1.62544;8.5;2572.44;5.11093;0;0;0.1;0.01;0;5.65782;1;0;-1
0;605;8.80015;76.5063;2.68485;8.62821;2690.61;5.18802;0;0;0.1;0.01;0;5.79779;0;0;-1
0;606;5.61381;97.9051;1.52312;9.70502;3828.93;5.83549;0;0;0.1;0.01;0;2.82611;0;0;-1
0;607;20.4557;-85.2898;2.17766;8.5;2572.44;5.11093;0;0;0.1;0.01;0;4.15278;1;0;-1
0;608;23.7048;-66.3256;2.73938;10.1485;4378.19;6.10215;0;0;0.1;0.01;0;5.92289;0;0;-1
0;609;22.3837;-47.3597;4.38284;8.61569;2678.91;5.18049;0;0;0.1;0.01;0;4.58316;0;0;-1
0;610;21.7413;-31.0888;1.4789;8.5;2572.44;5.11093;0;0;0.1;0.01;0;5.78906;1;0;-1
0;611;21.4327;-14.7069;1.49385;8.5;2572.44;5.11093;0;0;0.1;0.01;0;5.46801;1;0;-1
0;612;23.2027;4.33875;1.19843;9.49255;3582.92;5.70773;0;0;0.1;0.01;0;5.44716;0;0;-1
0;613;23.3872;20.8383;4.67506;9.56391;3664.33;5.75064;0;0;0.1;0.01;0;6.83821;0;0;-1
0;614;21.9835;37.2988;4.96222;8.5;2572.44;5.11093;0;0;0.1;0.01;0;5.66024;1;0;-1
0;615;22.7767;51.4253;3.72192;9.88732;4048.78;5.9451;0;0;0.1;0.01;0;6.64413;0;0;-1
0;616;21.1341;67.7536;1.65905;9.16445;3224.09;5.51045;0;0;0.1;0.01;0;5.95722;0;0;-1
0;617;21.4067;89.4949;1.13711;10.1186;4339.6;6.08417;0;0;0.1;0.01;0;4.04237;0;0;-1
0;618;38.042;-75.9263;1.66114;9.44408;3528.32;5.67859;0;0;0.1;0.01;0;6.03167;0;0;-1
0;619;38.5544;-59.602;4.02811;8.64248;2703.98;5.1966;0;0;0.1;0.01;0;5.22718;0;0;-1
0;620;34.9025;-40.1511;3.41536;8.9796;3032.91;5.3993;0;0;0.1;0.01;0;5.45039;0;0;-1
0;621;35.0443;-25.7248;1.20287;9.54414;3641.66;5.73875;0;0;0.1;0.01;0;6.10551;0;0;-1
0;622;38.0194;-8.851;4.48393;9.35846;3433.22;5.62711;0;0;0.1;0.01;0;6.01331;0;0;-1
0;623;37.2353;9.08469;1.45586;9.51894;3612.89;5.7236;0;0;0.1;0.01;0;5.74735;0;0;-1
0;624;36.6646;27.2505;2.87079;9.98295;4167.4;6.0026;0;0;0.1;0.01;0;6.51501;0;0;-1
0;625;35.9257;44.5339;1.21598;10.3932;4702.58;6.24928;0;0;0.1;0.01;0;6.87898;0;0;-1
0;626;36.1003;62.7044;3.82819;10.293;4567.88;6.18903;0;0;0.1;0.01;0;7.8243;0;0;-1
0;627;37.665;79.9995;2.52554;10.395;4705.03;6.25036;0;0;0.1;0.01;0;5.13919;0;0;-1
0;628;50.8408;-83.5303;2.89893;8.5;2572.44;5.11093;0;0;0.1;0.01;0;2.98893;1;0;-1
0;629;52.1831;-64.6112;4.04693;9.83279;3982.16;5.91231;0;0;0.1;0.01;0;5.58591;0;0;-1
0;630;50.3214;-48.4709;3.258;10.1367;4362.93;6.09505;0;0;0.1;0.01;0;6.36259;0;0;-1
0;631;53.4022;-33.6532;4.79264;8.5;2572.44;5.11093;0;0;0.1;0.01;0;5.81073;1;0;-1
0;632;51.3836;-15.8301;2.98901;8.60239;2666.53;5.17249;0;0;0.1;0.01;0;5.11777;0;0;-1
0;633;52.1524;1.1361;2.4685;8.51441;2585.55;5.11959;0;0;0.1;0.01;0;5.43383;0;0;-1
0;634;52.3745;17.0465;1.663;9.47502;3563.11;5.69719;0;0;0.1;0.01;0;7.31173;0;0;-1
0;635;50.1834;34.3875;2.7338;9.80689;3950.78;5.89674;0;0;0.1;0.01;0;6.23318;0;0;-1
0;636;51.3762;54.6332;4.70095;8.5;2572.44;5.11093;0;0;0.1;0.01;0;5.0168;1;0;-1
0;637;50.0064;67.7087;3.25733;9.09874;3155.24;5.47094;0;0;0.1;0.01;0;4.69999;0;0;-1
0;638;68.0583;-56.0626;4.68485;9.91865;4087.39;5.96394;0;0;0.1;0.01;0;4.38739;0;0;-1
0;639;67.5928;-39.0431;2.40259;9.67029;3787.97;5.81461;0;0;0.1;0.01;0;7.08958;0;0;-1
0;640;64.7315;-24.1602;3.90308;8.59961;2663.94;5.17082;0;0;0.1;0.01;0;5.67758;0;0;-1
0;641;67.8246;-6.65801;4.42571;8.5;2572.44;5.11093;0;0;0.1;0.01;0;4.86723;1;0;-1
0;642;65.6309;12.2006;3.83627;10.2544;4516.68;6.16582;0;0;0.1;0.01;0;6.71952;0;0;-1
0;643;65.4896;25.9277;3.94587;8.5;2572.44;5.11093;0;0;0.1;0.01;0;6.09913;1;0;-1
0;644;66.912;44.3103;4.36043;9.40417;3483.77;5.65459;0;0;0.1;0.01;0;5.69694;0;0;-1
0;645;67.4232;60.1788;4.32021;9.78995;3930.34;5.88655;0;0;0.1;0.01;0;4.46564;0;0;-1
0;646;82.3311;-47.3953;5.10466;9.16647;3226.23;5.51167;0;0;0.1;0.01;0;3.67449;0;0;-1
0;647;82.1694;-33.1098;3.18278;10.4059;4719.84;6.25692;0;0;0.1;0.01;0;5.82314;0;0;-1
0;648;81.3965;-15.7954;3.83973;9.58771;3691.76;5.76495;0;0;0.1;0.01;0;6.48977;0;0;-1
0;649;79.7756;0.0581768;1.87514;9.17655;3236.88;5.51773;0;0;0.1;0.01;0;5.72833;0;0;-1
0;650;80.9764;18.2549;2.44755;9.17519;3235.44;5.51691;0;0;0.1;0.01;0;6.64429;0;0;-1
0;651;82.5338;36.104;4.092;10.3563;4652.67;6.22709;0;0;0.1;0.01;0;5.55285;0;0;-1
0;652;82.8024;55.2968;4.89504;9.98006;4163.78;6.00087;0;0;0.1;0.01;0;2.84947;0;0;-1
0;653;95.8377;-23.388;2.10162;10.372;4673.86;6.23653;0;0;0.1;0.01;0;3.62909;0;0;-1
0;654;96.3577;-7.56372;4.22443;9.30892;3378.99;5.59732;0;0;0.1;0.01;0;3.40778;0;0;-1
0;655;94.5253;12.1159;1.93875;9.59168;3696.35;5.76734;0;0;0.1;0.01;0;4.2133;0;0;-1
0;656;94.3094;26.6324;4.47936;10.0281;4224.2;6.02975;0;0;0.1;0.01;0;4.46601;0;0;-1
0;657;-86.8349;-40.7518;19.1975;10.0139;4206.28;6.02121;0;0;0.1;0.01;0;3.22295;0;0;-1
0;658;-85.0791;-21.1749;18.5589;9.39531;3473.94;5.64926;0;0;0.1;0.01;0;3.28334;0;0;-1
0;659;-84.8794;-4.98768;19.2687;9.9256;4095.99;5.96812;0;0;0.1;0.01;0;4.6041;0;0;-1
0;660;-86.6494;10.4813;17.1896;9.41782;3498.97;5.6628;0;0;0.1;0.01;0;4.7158;0;0;-1
0;661;-85.725;27.108;18.3072;8.5;2572.44;5.11093;0;0;0.1;0.01;0;3.21733;1;0;-1
0;662;-84.2583;45.3281;18.9259;8.68184;2741.09;5.22026;0;0;0.1;0.01;0;2.72861;0;0;-1
0;663;-72.1094;-63.6399;19.8395;9.46219;3548.65;5.68948;0;0;0.1;0.01;0;3.35568;0;0;-1
0;664;-70.814;-48.5616;16.6703;9.04696;3101.68;5.43981;0;0;0.1;0.01;0;6.1126;0;0;-1
0;665;-68.9847;-33.8719;19.191;8.5;2572.44;5.11093;0;0;0.1;0.01;0;5.46798;1;0;-1
0;666;-71.959;-13.1857;19.0202;9.90376;4069.01;5.95499;0;0;0.1;0.01;0;7.23519;0;0;-1
0;667;-69.3888;2.17341;19.7066;9.7357;3865.36;5.85394;0;0;0.1;0.01;0;6.93191;0;0;-1
0;668;-70.2486;18.64;19.3017;9.64972;3763.85;5.80224;0;0;0.1;0.01;0;5.80082;0;0;-1
0;669;-70.2934;34.2562;16.741;8.77909;2834.24;5.27874;0;0;0.1;0.01;0;4.32346;0;0;-1
0;670;-70.2543;52.8833;16.2645;8.5;2572.44;5.11093;0;0;0.1;0.01;0;3.9157;1;0;-1
0;671;-58.0217;-74.9496;17.1172;10.065;4271;6.05194;0;0;0.1;0.01;0;4.51428;0;0;-1
0;672;-57.4995;-58.6534;18.7048;9.47117;3558.77;5.69488;0;0;0.1;0.01;0;6.43717;0;0;-1
0;673;-56.1982;-39.5365;17.4579;10.2399;4497.55;6.1571;0;0;0.1;0.01;0;7.40143;0;0;-1
0;674;-57.0851;-23.2694;16.9167;8.9323;2985.23;5.37086;0;0;0.1;0.01;0;5.73417;0;0;-1
0;675;-55.1861;-6.46373;16.0521;9.97374;4155.88;5.99707;0;0;0.1;0.01;0;6.24504;0;0;-1
0;676;-57.1264;8.61938;17.4096;8.70387;2762.01;5.23351;0;0;0.1;0.01;0;5.38502;0;0;-1
0;677;-55.3815;26.773;16.7924;9.65507;3770.12;5.80545;0;0;0.1;0.01;0;5.70896;0;0;-1
0;678;-54.9749;46.8985;18.9421;8.5;2572.44;5.11093;0;0;0.1;0.01;0;4.35175;1;0;-1
0;679;-53.989;61.9321;18.284;8.67427;2733.93;5.21571;0;0;0.1;0.01;0;3.80723;0;0;-1
0;680;-53.7968;78.0457;19.6602;9.60026;3706.27;5.7725;0;0;0.1;0.01;0;2.63908;0;0;-1
0;681;-41.6994;-84.6165;16.8488;9.64536;3758.75;5.79962;0;0;0.1;0.01;0;4.32847;0;0;-1
0;682;-40.6291;-67.4688;17.733;8.98447;3037.85;5.40223;0;0;0.1;0.01;0;5.51491;0;0;-1
0;683;-40.4654;-47.7824;16.7391;9.09298;3149.25;5.46748;0;0;0.1;0.01;0;5.26088;0;0;-1
0;684;-42.5298;-33.0295;18.1961;9.56256;3662.78;5.74983;0;0;0.1;0.01;0;6.35548;0;0;-1
0;685;-42.1575;-13.7608;16.4885;8.5;2572.44;5.11093;0;0;0.1;0.01;0;4.9168;1;0;-1
0;686;-39.9915;2.28024;17.7265;8.8338;2887.56;5.31164;0;0;0.1;0.01;0;5.08334;0;0;-1
0;687;-42.2118;18.6813;18.464;8.81873;2872.81;5.30257;0;0;0.1;0.01;0;5.43353;0;0;-1
0;688;-41.1635;33.7363;18.2774;8.97255;3025.77;5.39506;0;0;0.1;0.01;0;5.1905;0;0;-1
0;689;-39.7057;53.2139;18.5415;8.97931;3032.62;5.39913;0;0;0.1;0.01;0;4.73782;0;0;-1
0;690;-39.5877;71.484;16.3976;10.2106;4459.05;6.13949;0;0;0.1;0.01;0;5.90311;0;0;-1
0;691;-41.5949;87.7458;18.5455;8.98874;3042.18;5.4048;0;0;0.1;0.01;0;2.93037;0;0;-1
0;692;-27.7622;-93.4531;16.8253;10.4523;4783.26;6.28482;0;0;0.1;0.01;0;3.97987;0;0;-1
0;693;-27.5095;-72.854;18.4982;9.83112;3980.13;5.91131;0;0;0.1;0.01;0;6.1671;0;0;-1
0;694;-25.3753;-56.7112;16.2814;8.5;2572.44;5.11093;0;0;0.1;0.01;0;4.44988;1;0;-1
0;695;-24.5024;-40.381;17.8431;8.88227;2935.35;5.34078;0;0;0.1;0.01;0;5.48614;0;0;-1
0;696;-28.3598;-24.7224;16.3184;9.59361;3698.58;5.7685;0;0;0.1;0.01;0;6.04753;0;0;-1
0;697;-28.3809;-7.18535;16.0149;9.33032;3402.34;5.61019;0;0;0.1;0.01;0;5.29215;0;0;-1
0;698;-26.9592;10.6779;16.4895;9.60486;3711.6;5.77526;0;0;0.1;0.01;0;6.09118;0;0;-1
0;699;-27.4515;28.0459;17.3659;9.05772;3112.76;5.44628;0;0;0.1;0.01;0;5.12942;0;0;-1
0;700;-25.4608;45.9305;17.6336;9.58543;3689.13;5.76358;0;0;0.1;0.01;0;5.76645;0;0;-1
0;701;-28.1546;62.0573;16.4055;9.01678;3070.74;5.42166;0;0;0.1;0.01;0;5.90416;0;0;-1
0;702;-27.4131;80.4129;16.3151;10.1887;4430.42;6.12632;0;0;0.1;0.01;0;5.89074;0;0;-1
0;703;-13.2886;-83.6085;17.638;9.77088;3907.42;5.87509;0;0;0.1;0.01;0;5.45666;0;0;-1
0;704;-13.7323;-65.6483;17.0255;8.5;2572.44;5.11093;0;0;0.1;0.01;0;4.20962;1;0;-1
0;705;-11.1816;-47.531;16.2696;9.7905;3931;5.88689;0;0;0.1;0.01;0;5.44968;0;0;-1
0;706;-12.3546;-30.7836;19.3459;8.63701;2698.85;5.19331;0;0;0.1;0.01;0;5.76327;0;0;-1
0;707;-11.5496;-16.1878;17.4741;9.71429;3839.92;5.84106;0;0;0.1;0.01;0;6.34246;0;0;-1
0;708;-13.6685;1.66121;17.128;10.0878;4300.09;6.06565;0;0;0.1;0.01;0;7.02375;0;0;-1
0;709;-13.179;20.7899;16.6121;10.0841;4295.36;6.06342;0;0;0.1;0.01;0;6.27044;0;0;-1
0;710;-10.9566;37.3176;17.2885;8.97727;3030.55;5.3979;0;0;0.1;0.01;0;5.49379;0;0;-1
0;711;-10.0187;52.3588;18.3032;10.1287;4352.61;6.09024;0;0;0.1;0.01;0;6.64258;0;0;-1
0;712;-11.6688;68.4245;18.3631;8.59754;2662.02;5.16958;0;0;0.1;0.01;0;5.20849;0;0;-1
0;713;-11.0505;85.2557;18.674;8.5;2572.44;5.11093;0;0;0.1;0.01;0;3.73854;1;0;-1
0;714;1.68393;-91.9829;17.433;10.248;4508.23;6.16197;0;0;0.1;0.01;0;3.90933;0;0;-1
0;715;4.58328;-72.2697;15.9854;8.68782;2746.76;5.22386;0;0;0.1;0.01;0;5.15379;0;0;-1
0;716;2.81713;-56.9698;17.3302;8.5;2572.44;5.11093;0;0;0.1;0.01;0;5.5455;1;0;-1
0;717;2.96268;-39.8542;16.6723;9.887;4048.39;5.94491;0;0;0.1;0.01;0;6.58621;0;0;-1
0;718;2.38786;-24.4692;16.4611;8.82136;2875.38;5.30416;0;0;0.1;0.01;0;5.63536;0;0;-1
0;719;4.97248;-8.37177;17.1107;8.57217;2638.52;5.15432;0;0;0.1;0.01;0;4.74357;0;0;-1
0;720;4.17315;9.64994;16.3904;9.89258;4055.25;5.94826;0;0;0.1;0.01;0;4.89268;0;0;-1
0;721;2.16012;28.5081;16.6422;9.95865;4137.04;5.98799;0;0;0.1;0.01;0;6.24779;0;0;-1
0;722;2.53028;46.1867;15.6133;8.5982;2662.63;5.16997;0;0;0.1;0.01;0;5.80411;0;0;-1
0;723;2.66188;63.4029;15.8932;10.4039;4717.12;6.25571;0;0;0.1;0.01;0;6.71383;0;0;-1
0;724;0.994479;77.9636;15.9408;8.66392;2724.16;5.20949;0;0;0.1;0.01;0;5.68638;0;0;-1
0;725;4.69784;93.0894;17.7722;8.70908;2766.98;5.23664;0;0;0.1;0.01;0;2.89446;0;0;-1
0;726;17.7785;-82.3801;17.102;10.0453;4245.97;6.04009;0;0;0.1;0.01;0;5.13215;0;0;-1
0;727;15.8011;-64.4106;16.3832;8.5;2572.44;5.11093;0;0;0.1;0.01;0;4.94301;1;0;-1
0;728;16.0204;-50.0859;18.3095;9.61978;3728.93;5.78423;0;0;0.1;0.01;0;5.55415;0;0;-1
0;729;18.9349;-33.9803;18.1004;8.5;2572.44;5.11093;0;0;0.1;0.01;0;4.31578;1;0;-1
0;730;18.3574;-17.0142;17.3443;9.30503;3374.75;5.59498;0;0;0.1;0.01;0;5.77464;0;0;-1
0;731;17.4609;2.71785;18.4862;8.54447;2613.03;5.13767;0;0;0.1;0.01;0;4.73879;0;0;-1
0;732;16.5772;21.1433;16.2178;9.14026;3198.63;5.49591;0;0;0.1;0.01;0;6.2764;0;0;-1
0;733;16.515;37.0708;17.4487;8.88866;2941.69;5.34462;0;0;0.1;0.01;0;5.88817;0;0;-1
0;734;19.665;52.9333;17.6951;8.85858;2911.93;5.32654;0;0;0.1;0.01;0;5.16808;0;0;-1
0;735;16.4108;69.7746;17.388;8.51644;2587.4;5.12081;0;0;0.1;0.01;0;5.15655;0;0;-1
0;736;17.9174;85.6761;16.4571;9.17315;3233.29;5.51568;0;0;0.1;0.01;0;3.56731;0;0;-1
0;737;33.1766;-92.4899;15.938;9.05955;3114.64;5.44738;0;0;0.1;0.01;0;1.68847;0;0;-1
0;738;33.7892;-73.769;16.1011;9.51316;3606.31;5.72013;0;0;0.1;0.01;0;5.47712;0;0;-1
0;739;33.1781;-55.2463;18.0144;9.15668;3215.9;5.50578;0;0;0.1;0.01;0;4.54254;0;0;-1
0;740;33.6492;-39.0267;18.072;8.5;2572.44;5.11093;0;0;0.1;0.01;0;5.33132;1;0;-1
0;741;31.4395;-24.4845;16.3407;9.37929;3456.2;5.63963;0;0;0.1;0.01;0;6.48322;0;0;-1
0;742;30.7121;-8.05903;18.5944;9.30862;3378.66;5.59714;0;0;0.1;0.01;0;5.49792;0;0;-1
0;743;30.5294;11.5661;17.0183;8.87722;2930.35;5.33774;0;0;0.1;0.01;0;5.13222;0;0;-1
0;744;32.0981;26.8742;16.7657;8.78131;2836.39;5.28007;0;0;0.1;0.01;0;5.40209;0;0;-1
0;745;33.217;45.7701;16.5222;8.5;2572.44;5.11093;0;0;0.1;0.01;0;5.28959;1;0;-1
0;746;30.486;63.4329;19.4741;9.08213;3137.99;5.46095;0;0;0.1;0.01;0;6.81636;0;0;-1
0;747;30.6486;77.8161;17.8505;9.25776;3323.58;5.56656;0;0;0.1;0.01;0;5.18376;0;0;-1
0;748;45.3102;-81.2476;16.0907;9.99665;4184.58;6.01084;0;0;0.1;0.01;0;4.70907;0;0;-1
0;749;48.906;-67.6389;17.0073;8.61752;2680.62;5.18159;0;0;0.1;0.01;0;5.08415;0;0;-1
0;750;47.514;-48.1696;18.5923;8.5;2572.44;5.11093;0;0;0.1;0.01;0;4.60319;1;0;-1
0;751;46.7584;-31.8999;16.6129;9.52674;3621.78;5.72829;0;0;0.1;0.01;0;6.82887;0;0;-1
0;752;46.3613;-15.3175;17.5045;9.96599;4146.2;5.99241;0;0;0.1;0.01;0;6.40073;0;0;-1
0;753;46.2062;4.39448;19.4778;9.61473;3723.06;5.7812;0;0;0.1;0.01;0;5.43112;0;0;-1
0;754;48.7901;20.4705;17.336;9.77667;3914.37;5.87857;0;0;0.1;0.01;0;6.22946;0;0;-1
0;755;46.8598;34.8814;18.981;8.5;2572.44;5.11093;0;0;0.1;0.01;0;5.23619;1;0;-1
0;756;45.0844;54.0912;16.5895;10.1386;4365.39;6.09619;0;0;0.1;0.01;0;6.5746;0;0;-1
0;757;46.9786;68.979;17.7752;8.7934;2848.13;5.28734;0;0;0.1;0.01;0;5.04239;0;0;-1
0;758;45.9391;86.0489;19.6649;8.5;2572.44;5.11093;0;0;0.1;0.01;0;1.28343;1;0;-1
0;759;61.2212;-75.446;17.4878;9.74749;3879.42;5.86102;0;0;0.1;0.01;0;2.82198;0;0;-1
0;760;62.3078;-57.9507;18.1661;8.5;2572.44;5.11093;0;0;0.1;0.01;0;4.94814;1;0;-1
0;761;62.5612;-38.7119;16.702;10.097;4311.87;6.07118;0;0;0.1;0.01;0;7.49561;0;0;-1
0;762;60.4203;-24.2779;16.511;9.90118;4065.83;5.95344;0;0;0.1;0.01;0;7.54507;0;0;-1
0;763;60.3791;-7.40197;16.7509;8.93108;2984.01;5.37013;0;0;0.1;0.01;0;4.81047;0;0;-1
0;764;62.4586;10.6024;16.9663;9.45392;3539.36;5.6845;0;0;0.1;0.01;0;5.7802;0;0;-1
0;765;61.6859;28.5319;16.4794;10.2254;4478.47;6.14838;0;0;0.1;0.01;0;7.22262;0;0;-1
0;766;61.8665;45.2108;19.0364;8.67367;2733.36;5.21535;0;0;0.1;0.01;0;6.08012;0;0;-1
0;767;62.2923;63.6369;19.0482;10.0225;4217.13;6.02638;0;0;0.1;0.01;0;4.83329;0;0;-1
0;768;75.9019;-50.213;19.5116;8.70096;2759.24;5.23176;0;0;0.1;0.01;0;3.01425;0;0;-1
0;769;76.0478;-33.4776;18.3429;10.0886;4301.12;6.06613;0;0;0.1;0.01;0;6.13304;0;0;-1
0;770;77.6181;-16.9516;16.7463;8.5;2572.44;5.11093;0;0;0.1;0.01;0;4.96232;1;0;-1
0;771;74.8843;0.849694;19.4096;8.71841;2775.88;5.24225;0;0;0.1;0.01;0;4.44584;0;0;-1
0;772;76.491;20.1043;16.1859;9.82373;3971.16;5.90687;0;0;0.1;0.01;0;6.53831;0;0;-1
0;773;74.8194;37.9222;19.0701;10.3722;4674.14;6.23665;0;0;0.1;0.01;0;6.73431;0;0;-1
0;774;76.5242;52.4276;18.7548;8.77615;2831.4;5.27697;0;0;0.1;0.01;0;4.57991;0;0;-1
0;775;91.5312;-22.0674;18.6363;9.7875;3927.39;5.88508;0;0;0.1;0.01;0;4.34532;0;0;-1
0;776;92.7485;-7.35809;19.9342;8.5;2572.44;5.11093;0;0;0.1;0.01;0;2.61969;1;0;-1
0;777;91.7004;9.32443;16.2188;9.05672;3111.73;5.44567;0;0;0.1;0.01;0;2.52747;0;0;-1
0;778;89.4654;26.8392;17.3945;9.35384;3428.14;5.62433;0;0;0.1;0.01;0;4.07963;0;0;-1
0;779;-93.5859;2.41004;34.5637;8.55786;2625.33;5.14572;0;0;0.1;0.01;0;2.84454;0;0;-1
0;780;-82.0402;-39.71;31.6328;9.85962;4014.85;5.92845;0;0;0.1;0.01;0;3.15501;0;0;-1
0;781;-79.6887;-25.0864;32.4539;9.32437;3395.84;5.60661;0;0;0.1;0.01;0;4.25176;0;0;-1
0;782;-79.0026;-6.0924;34.0293;9.22038;3283.49;5.54408;0;0;0.1;0.01;0;5.97578;0;0;-1
0;783;-80.1799;10.043;31.815;8.73128;2788.19;5.24999;0;0;0.1;0.01;0;4.89389;0;0;-1
0;784;-82.7033;25.8732;30.9206;9.40262;3482.05;5.65366;0;0;0.1;0.01;0;2.74773;0;0;-1
0;785;-79.9012;46.0353;31.3485;8.54151;2610.31;5.13589;0;0;0.1;0.01;0;2.20453;0;0;-1
0;786;-65.9603;-66.8904;33.9527;9.46889;3556.2;5.69351;0;0;0.1;0.01;0;3.41684;0;0;-1
0;787;-66.6267;-47.6754;32.2391;9.70994;3834.76;5.83845;0;0;0.1;0.01;0;4.79001;0;0;-1
0;788;-64.3036;-30.7694;34.2061;9.95636;4134.19;5.98661;0;0;0.1;0.01;0;6.55668;0;0;-1
0;789;-66.775;-15.567;31.0205;8.5;2572.44;5.11093;0;0;0.1;0.01;0;5.95125;1;0;-1
0;790;-65.6093;0.0143195;34.1222;8.9441;2997.08;5.37796;0;0;0.1;0.01;0;5.98511;0;0;-1
0;791;-66.5538;18.1274;33.8933;8.5;2572.44;5.11093;0;0;0.1;0.01;0;4.42979;1;0;-1
0;792;-64.4065;35.1716;31.6585;8.58667;2651.94;5.16304;0;0;0.1;0.01;0;4.16706;0;0;-1
0;793;-66.8411;53.0592;33.2059;9.91933;4088.23;5.96435;0;0;0.1;0.01;0;3.57383;0;0;-1
0;794;-53.1851;-73.3252;30.6168;10.1149;4334.84;6.08194;0;0;0.1;0.01;0;4.85189;0;0;-1
0;795;-50.1848;-58.7154;30.9871;9.48167;3570.62;5.70119;0;0;0.1;0.01;0;6.02603;0;0;-1
0;796;-49.8378;-38.4018;31.6522;9.72083;3847.68;5.84499;0;0;0.1;0.01;0;6.12825;0;0;-1
0;797;-52.8022;-21.2953;31.1173;8.5;2572.44;5.11093;0;0;0.1;0.01;0;4.91649;1;0;-1
0;798;-52.7077;-7.29219;34.1917;9.66627;3783.25;5.81219;0;0;0.1;0.01;0;4.47711;0;0;-1
0;799;-51.6705;11.8711;31.7751;8.5;2572.44;5.11093;0;0;0.1;0.01;0;4.16198;1;0;-1
0;800;-50.7161;29.4051;32.6079;8.5;2572.44;5.11093;0;0;0.1;0.01;0;5.23738;1;0;-1
0;801;-52.7787;43.3423;33.1291;8.5;2572.44;5.11093;0;0;0.1;0.01;0;5.2424;1;0;-1
0;802;-51.6449;60.07;33.9668;8.5;2572.44;5.11093;0;0;0.1;0.01;0;4.23667;1;0;-1
0;803;-35.6446;-85.3956;34.2805;10.1766;4414.65;6.11904;0;0;0.1;0.01;0;3.63681;0;0;-1
0;804;-38.001;-66.3797;31.2834;8.5;2572.44;5.11093;0;0;0.1;0.01;0;4.56006;1;0;-1
0;805;-37.9488;-47.2919;33.1277;9.74583;3877.44;5.86003;0;0;0.1;0.01;0;5.96666;0;0;-1
0;806;-34.4726;-33.0323;33.0291;10.2533;4515.23;6.16516;0;0;0.1;0.01;0;6.52091;0;0;-1
0;807;-35.1735;-16.2774;32.716;8.8572;2910.57;5.32571;0;0;0.1;0.01;0;4.12947;0;0;-1
0;808;-35.3372;2.97895;32.2966;8.80953;2863.83;5.29704;0;0;0.1;0.01;0;4.53415;0;0;-1
0;809;-38.3019;17.6707;32.7582;8.96634;3019.49;5.39133;0;0;0.1;0.01;0;4.90102;0;0;-1
0;810;-36.9785;37.9435;31.6621;9.65063;3764.92;5.80278;0;0;0.1;0.01;0;6.08256;0;0;-1
0;811;-36.8421;52.4704;32.4159;8.9865;3039.91;5.40345;0;0;0.1;0.01;0;5.22398;0;0;-1
0;812;-37.9051;69.1971;32.1225;8.5;2572.44;5.11093;0;0;0.1;0.01;0;3.35666;1;0;-1
0;813;-20.9647;-91.026;34.0208;9.86408;4020.3;5.93113;0;0;0.1;0.01;0;3.76449;0;0;-1
0;814;-22.9241;-74.3019;32.2323;8.5;2572.44;5.11093;0;0;0.1;0.01;0;5.11877;1;0;-1
0;815;-22.8341;-57.0501;34.4206;8.61747;2680.57;5.18156;0;0;0.1;0.01;0;4.58694;0;0;-1
0;816;-21.8611;-42.7429;31.8916;8.61331;2676.69;5.17906;0;0;0.1;0.01;0;5.68002;0;0;-1
0;817;-20.4332;-21.6641;31.3796;8.5;2572.44;5.11093;0;0;0.1;0.01;0;3.96052;1;0;-1
0;818;-20.956;-4.7544;34.0494;9.37895;3455.82;5.63943;0;0;0.1;0.01;0;5.90092;0;0;-1
0;819;-21.7899;11.1922;31.6455;8.93559;2988.53;5.37284;0;0;0.1;0.01;0;5.87787;0;0;-1
0;820;-22.9971;29.3705;33.7804;9.49202;3582.32;5.70741;0;0;0.1;0.01;0;5.55446;0;0;-1
0;821;-20.7379;44.2991;33.8122;9.19925;3260.96;5.53138;0;0;0.1;0.01;0;6.29417;0;0;-1
0;822;-20.437;59.7011;30.9805;8.65751;2718.11;5.20564;0;0;0.1;0.01;0;5.1199;0;0;-1
0;823;-21.7701;76.7181;32.6713;10.0526;4255.24;6.04448;0;0;0.1;0.01;0;4.73831;0;0;-1
0;824;-6.8177;-81.4804;33.0092;10.2345;4490.44;6.15386;0;0;0.1;0.01;0;5.73676;0;0;-1
0;825;-7.58053;-65.8496;32.0448;9.11861;3175.96;5.48289;0;0;0.1;0.01;0;4.85284;0;0;-1
0;826;-8.80795;-46.9412;30.7926;9.1191;3176.47;5.48318;0;0;0.1;0.01;0;5.15123;0;0;-1
0;827;-5.46115;-32.6271;31.169;8.5;2572.44;5.11093;0;0;0.1;0.01;0;4.74309;1;0;-1
0;828;-8.84169;-13.1755;31.5876;10.4144;4731.42;6.26203;0;0;0.1;0.01;0;6.59231;0;0;-1
0;829;-7.46411;3.4784;31.9528;9.30981;3379.96;5.59785;0;0;0.1;0.01;0;6.08634;0;0;-1
0;830;-6.85453;21.0002;33.6336;10.0649;4270.88;6.05188;0;0;0.1;0.01;0;5.67591;0;0;-1
0;831;-7.47811;37.8008;34.0887;9.13604;3194.2;5.49337;0;0;0.1;0.01;0;6.14287;0;0;-1
0;832;-5.85188;51.7236;33.6904;8.5;2572.44;5.11093;0;0;0.1;0.01;0;5.49165;1;0;-1
0;833;-7.19908;69.7846;32.3989;8.73803;2794.66;5.25405;0;0;0.1;0.01;0;4.34959;0;0;-1
0;834;-6.78441;88.6522;31.1273;8.56897;2635.57;5.1524;0;0;0.1;0.01;0;2.16917;0;0;-1
0;835;8.24573;-89.438;34.6605;8.757;2812.9;5.26546;0;0;0.1;0.01;0;3.18215;0;0;-1
0;836;7.7049;-74.4744;32.4972;10.4534;4784.77;6.28548;0;0;0.1;0.01;0;7.03361;0;0;-1
0;837;6.34553;-58.9447;31.8179;8.79873;2853.31;5.29055;0;0;0.1;0.01;0;5.10312;0;0;-1
0;838;8.48808;-42.9164;33.2004;10.0561;4259.68;6.04659;0;0;0.1;0.01;0;6.7511;0;0;-1
0;839;6.86737;-23.8817;32.7527;8.90408;2957.03;5.35389;0;0;0.1;0.01;0;4.87972;0;0;-1
0;840;7.21333;-6.04637;33.7263;9.87605;4034.95;5.93833;0;0;0.1;0.01;0;6.05185;0;0;-1
0;841;5.64675;8.791;34.3833;9.10205;3158.68;5.47293;0;0;0.1;0.01;0;4.74242;0;0;-1
0;842;8.33902;27.8186;31.0476;9.25309;3318.55;5.56375;0;0;0.1;0.01;0;5.15958;0;0;-1
0;843;6.79356;42.8935;30.5904;10.1876;4428.99;6.12566;0;0;0.1;0.01;0;6.42053;0;0;-1
0;844;8.64049;61.5759;30.9028;8.68436;2743.48;5.22178;0;0;0.1;0.01;0;4.75749;0;0;-1
0;845;9.12143;78.9354;31.9054;9.46328;3549.88;5.69013;0;0;0.1;0.01;0;4.70493;0;0;-1
0;846;23.1413;-82.6623;33.8538;9.93443;4106.93;5.97343;0;0;0.1;0.01;0;4.76627;0;0;-1
0;847;22.649;-67.9653;33.0054;9.85623;4010.71;5.92641;0;0;0.1;0.01;0;5.40251;0;0;-1
0;848;23.8684;-47.7357;33.3882;8.90151;2954.47;5.35235;0;0;0.1;0.01;0;5.89568;0;0;-1
0;849;21.136;-32.2896;32.4706;10.1635;4397.63;6.11117;0;0;0.1;0.01;0;7.03954;0;0;-1
0;850;22.1187;-14.0032;32.2167;10.1553;4386.99;6.10623;0;0;0.1;0.01;0;6.79689;0;0;-1
0;851;22.3396;0.481774;30.9387;8.92445;2977.37;5.36614;0;0;0.1;0.01;0;5.12774;0;0;-1
0;852;23.0078;19.3325;30.4855;9.06881;3124.2;5.45294;0;0;0.1;0.01;0;4.82357;0;0;-1
0;853;22.1107;37.5576;33.9831;9.3486;3422.38;5.62118;0;0;0.1;0.01;0;5.73813;0;0;-1
0;854;23.7965;51.3905;32.5745;9.90615;4071.96;5.95642;0;0;0.1;0.01;0;6.81459;0;0;-1
0;855;22.3274;68.7561;31.0028;8.75237;2808.44;5.26267;0;0;0.1;0.01;0;5.90431;0;0;-1
0;856;20.8573;89.389;34.2233;9.34689;3420.5;5.62015;0;0;0.1;0.01;0;1.60368;0;0;-1
0;857;35.7857;-74.7245;32.794;8.5;2572.44;5.11093;0;0;0.1;0.01;0;3.42625;1;0;-1
0;858;37.1866;-55.084;32.8372;9.55435;3653.36;5.74489;0;0;0.1;0.01;0;5.76208;0;0;-1
0;859;35.5736;-38.4141;30.8902;8.5;2572.44;5.11093;0;0;0.1;0.01;0;5.30922;1;0;-1
0;860;37.4961;-21.9812;32.1842;8.5;2572.44;5.11093;0;0;0.1;0.01;0;4.75539;1;0;-1
0;861;35.9;-4.81216;33.2084;9.17157;3231.62;5.51473;0;0;0.1;0.01;0;5.72677;0;0;-1
0;862;38.7425;9.35226;32.4873;8.59517;2659.82;5.16815;0;0;0.1;0.01;0;4.91534;0;0;-1
0;863;38.1062;25.5621;32.9959;9.81869;3965.06;5.90384;0;0;0.1;0.01;0;5.59373;0;0;-1
0;864;38.3491;43.1665;33.0911;9.76301;3897.98;5.87036;0;0;0.1;0.01;0;6.02042;0;0;-1
0;865;35.3791;61.8599;33.7024;9.76121;3895.83;5.86927;0;0;0.1;0.01;0;6.62495;0;0;-1
0;866;36.8557;77.2515;32.159;10.0224;4217;6.02632;0;0;0.1;0.01;0;5.23528;0;0;-1
0;867;52.8291;-64.6644;31.9365;9.06145;3116.6;5.44852;0;0;0.1;0.01;0;3.97321;0;0;-1
0;868;53.1621;-49.3362;32.1233;9.43641;3519.73;5.67398;0;0;0.1;0.01;0;5.65486;0;0;-1
0;869;52.0697;-33.3862;32.4027;9.52844;3623.71;5.72931;0;0;0.1;0.01;0;6.13985;0;0;-1
0;870;51.5454;-17.3198;31.6007;9.93219;4104.15;5.97208;0;0;0.1;0.01;0;6.32028;0;0;-1
0;871;53.2135;0.914358;33.8733;10.0205;4214.6;6.02518;0;0;0.1;0.01;0;6.868;0;0;-1
0;872;52.4616;17.8209;33.3875;8.9672;3020.36;5.39185;0;0;0.1;0.01;0;6.01649;0;0;-1
0;873;53.4731;38.1466;32.2392;8.9671;3020.26;5.39179;0;0;0.1;0.01;0;6.03599;0;0;-1
0;874;53.2647;53.1797;33.3288;9.60563;3712.5;5.77573;0;0;0.1;0.01;0;6.96945;0;0;-1
0;875;51.4272;68.3309;32.4201;9.14929;3208.12;5.50134;0;0;0.1;0.01;0;4.86725;0;0;-1
0;876;67.2594;-58.0738;32.43;8.83388;2887.64;5.31168;0;0;0.1;0.01;0;3.2921;0;0;-1
0;877;67.696;-38.6057;31.5542;9.31078;3381.01;5.59844;0;0;0.1;0.01;0;5.34469;0;0;-1
0;878;66.3889;-21.816;31.9628;9.12977;3187.63;5.4896;0;0;0.1;0.01;0;5.27262;0;0;-1
0;879;66.9429;-4.76918;32.6246;9.85842;4013.38;5.92772;0;0;0.1;0.01;0;5.72555;0;0;-1
0;880;67.2099;10.359;32.9739;8.94914;3002.15;5.38099;0;0;0.1;0.01;0;6.55077;0;0;-1
0;881;66.2136;28.012;33.7856;8.61621;2679.4;5.1808;0;0;0.1;0.01;0;5.82116;0;0;-1
0;882;67.3141;45.6463;31.0885;9.11558;3172.79;5.48107;0;0;0.1;0.01;0;6.46618;0;0;-1
0;883;67.0141;59.5011;32.0759;9.87652;4035.53;5.93861;0;0;0.1;0.01;0;4.75532;0;0;-1
0;884;79.9445;-30.2583;33.8309;9.91075;4077.63;5.95919;0;0;0.1;0.01;0;4.39799;0;0;-1
0;885;80.178;-15.9635;30.7251;8.8039;2858.34;5.29366;0;0;0.1;0.01;0;4.50579;0;0;-1
0;886;79.6564;3.6869;33.5496;10.0827;4293.58;6.06258;0;0;0.1;0.01;0;4.94816;0;0;-1
0;887;80.717;19.6995;34.1939;8.73611;2792.82;5.2529;0;0;0.1;0.01;0;3.84937;0;0;-1
0;888;80.5437;33.6356;31.9239;8.98096;3034.29;5.40012;0;0;0.1;0.01;0;4.25683;0;0;-1
0;889;-86.3522;-6.44601;47.239;9.7781;3916.08;5.87943;0;0;0.1;0.01;0;3.24415;0;0;-1
0;890;-85.6614;9.85718;47.7978;10.4049;4718.48;6.25632;0;0;0.1;0.01;0;3.02191;0;0;-1
0;891;-69.0201;-49.9839;48.7956;10.4318;4755.17;6.27249;0;0;0.1;0.01;0;2.88028;0;0;-1
0;892;-69.3926;-33.7468;47.9876;8.5;2572.44;5.11093;0;0;0.1;0.01;0;4.0943;1;0;-1
0;893;-69.3641;-13.3661;47.7004;9.91875;4087.52;5.964;0;0;0.1;0.01;0;5.72607;0;0;-1
0;894;-71.5155;0.83855;46.7831;8.91111;2964.04;5.35812;0;0;0.1;0.01;0;5.62284;0;0;-1
0;895;-68.5687;18.0394;47.0535;8.75571;2811.66;5.26468;0;0;0.1;0.01;0;3.93421;0;0;-1
0;896;-70.5799;36.4564;49.3604;9.25688;3322.63;5.56603;0;0;0.1;0.01;0;1.72534;0;0;-1
0;897;-56.6356;-59.6073;46.1497;8.92538;2978.3;5.3667;0;0;0.1;0.01;0;4.10089;0;0;-1
0;898;-57.0559;-39.132;47.6075;9.30218;3371.65;5.59327;0;0;0.1;0.01;0;5.77749;0;0;-1
0;899;-57.0513;-23.2667;47.2573;8.5;2572.44;5.11093;0;0;0.1;0.01;0;5.45206;1;0;-1
0;900;-56.8256;-6.91086;48.8094;9.56046;3660.37;5.74857;0;0;0.1;0.01;0;5.90588;0;0;-1
0;901;-54.5951;12.7548;45.9847;8.6949;2753.48;5.22812;0;0;0.1;0.01;0;4.41941;0;0;-1
0;902;-57.7033;29.7434;45.9823;8.5;2572.44;5.11093;0;0;0.1;0.01;0;4.65848;1;0;-1
0;903;-56.301;45.942;47.0284;8.5;2572.44;5.11093;0;0;0.1;0.01;0;4.46086;1;0;-1
0;904;-54.4388;61.304;46.4101;8.73256;2789.42;5.25076;0;0;0.1;0.01;0;3.49865;0;0;-1
0;905;-40.6501;-64.3881;45.8723;8.77308;2828.43;5.27513;0;0;0.1;0.01;0;3.66529;0;0;-1
0;906;-40.4039;-50.5774;48.2051;9.14813;3206.9;5.50064;0;0;0.1;0.01;0;5.15908;0;0;-1
0;907;-43.1996;-30.0732;46.095;10.1709;4407.24;6.11561;0;0;0.1;0.01;0;6.05297;0;0;-1
0;908;-41.5078;-14.2977;49.0776;8.5;2572.44;5.11093;0;0;0.1;0.01;0;4.98788;1;0;-1
0;909;-41.6413;0.772412;49.2655;8.65928;2719.78;5.2067;0;0;0.1;0.01;0;4.59897;0;0;-1
0;910;-42.0988;16.7766;48.2718;10.2808;4551.66;6.1817;0;0;0.1;0.01;0;5.92215;0;0;-1
0;911;-42.3287;35.8778;45.2255;8.59133;2656.26;5.16584;0;0;0.1;0.01;0;4.94979;0;0;-1
0;912;-41.2195;53.2394;48.9007;10.1348;4360.48;6.09391;0;0;0.1;0.01;0;6.53573;0;0;-1
0;913;-42.4816;69.72;48.0984;9.85071;4003.97;5.92309;0;0;0.1;0.01;0;4.23767;0;0;-1
0;914;-27.8331;-76.7432;46.7395;9.0812;3137.03;5.46039;0;0;0.1;0.01;0;2.96129;0;0;-1
0;915;-26.1686;-55.5092;48.3104;8.59395;2658.69;5.16742;0;0;0.1;0.01;0;5.99457;0;0;-1
0;916;-27.6862;-41.489;46.5283;9.63897;3751.29;5.79577;0;0;0.1;0.01;0;7.57589;0;0;-1
0;917;-28.0286;-24.2518;49.4368;8.5;2572.44;5.11093;0;0;0.1;0.01;0;4.80382;1;0;-1
0;918;-25.7032;-8.79498;47.3291;8.5;2572.44;5.11093;0;0;0.1;0.01;0;4.63794;1;0;-1
0;919;-26.6731;12.0302;46.5399;9.92574;4096.16;5.9682;0;0;0.1;0.01;0;5.77919;0;0;-1
0;920;-26.956;29.5832;48.5547;10.2075;4454.99;6.13762;0;0;0.1;0.01;0;7.06342;0;0;-1
0;921;-26.3507;45.1532;48.8404;9.22863;3292.31;5.54904;0;0;0.1;0.01;0;6.11738;0;0;-1
0;922;-25.8933;60.8803;46.5202;10.3198;4603.65;6.20515;0;0;0.1;0.01;0;6.87331;0;0;-1
0;923;-25.5679;79.3368;48.5018;9.1597;3219.08;5.50759;0;0;0.1;0.01;0;3.17679;0;0;-1
0;924;-12.3617;-80.7916;46.0185;8.874;2927.16;5.33581;0;0;0.1;0.01;0;3.07016;0;0;-1
0;925;-11.8859;-64.6863;47.9635;8.62741;2689.86;5.18754;0;0;0.1;0.01;0;4.45669;0;0;-1
0;926;-13.492;-47.9741;46.571;10.3686;4669.27;6.23449;0;0;0.1;0.01;0;7.52034;0;0;-1
0;927;-12.6894;-33.5696;49.1055;10.005;4195.08;6.01586;0;0;0.1;0.01;0;5.88099;0;0;-1
0;928;-11.4162;-13.8807;48.6877;9.93402;4106.42;5.97318;0;0;0.1;0.01;0;6.77203;0;0;-1
0;929;-11.0358;0.268451;46.1094;9.49154;3581.78;5.70713;0;0;0.1;0.01;0;6.65085;0;0;-1
0;930;-13.1741;19.5112;47.8625;10.0132;4205.4;6.02079;0;0;0.1;0.01;0;6.25688;0;0;-1
0;931;-11.2552;37.0966;49.0544;8.84922;2902.71;5.32091;0;0;0.1;0.01;0;6.45137;0;0;-1
0;932;-12.1994;52.5431;48.7907;9.02879;3083.03;5.42888;0;0;0.1;0.01;0;7.20978;0;0;-1
0;933;-11.751;69.7936;48.0765;10.1432;4371.33;6.09896;0;0;0.1;0.01;0;5.86732;0;0;-1
0;934;-12.819;86.6147;47.9957;8.5;2572.44;5.11093;0;0;0.1;0.01;0;1.66595;1;0;-1
0;935;2.05673;-73.1405;45.8814;8.5;2572.44;5.11093;0;0;0.1;0.01;0;4.91144;1;0;-1
0;936;1.61331;-59.434;46.6247;8.99434;3047.87;5.40817;0;0;0.1;0.01;0;5.60826;0;0;-1
0;937;2.3522;-42.2776;46.956;9.40872;3488.83;5.65733;0;0;0.1;0.01;0;5.65232;0;0;-1
0;938;1.44256;-22.4092;48.5095;9.3869;3464.62;5.64421;0;0;0.1;0.01;0;5.82095;0;0;-1
0;939;4.3078;-5.38818;49.0447;9.50215;3593.8;5.7135;0;0;0.1;0.01;0;6.81296;0;0;-1
0;940;3.22706;8.86419;49.2407;9.40384;3483.41;5.65439;0;0;0.1;0.01;0;5.80827;0;0;-1
0;941;1.82478;29.6358;47.3241;8.5;2572.44;5.11093;0;0;0.1;0.01;0;5.05018;1;0;-1
0;942;1.08471;45.5454;47.6027;8.53776;2606.88;5.13363;0;0;0.1;0.01;0;6.17326;0;0;-1
0;943;1.48708;60.618;45.6723;9.03964;3094.15;5.4354;0;0;0.1;0.01;0;5.43574;0;0;-1
0;944;4.93239;79.7303;48.6596;10.1102;4328.8;6.07912;0;0;0.1;0.01;0;3.00432;0;0;-1
0;945;18.9256;-84.4736;48.8933;8.82496;2878.9;5.30632;0;0;0.1;0.01;0;1.95418;0;0;-1
0;946;18.283;-65.9341;46.7111;9.13393;3191.99;5.4921;0;0;0.1;0.01;0;4.69296;0;0;-1
0;947;16.9253;-49.4125;46.2897;8.5;2572.44;5.11093;0;0;0.1;0.01;0;4.61471;1;0;-1
0;948;19.3928;-34.4013;45.9311;10.2763;4545.68;6.17899;0;0;0.1;0.01;0;6.56798;0;0;-1
0;949;16.1448;-14.8588;48.4571;9.22523;3288.67;5.547;0;0;0.1;0.01;0;6.34162;0;0;-1
0;950;18.7804;1.81047;48.5194;8.50641;2578.26;5.11478;0;0;0.1;0.01;0;5.65807;0;0;-1
0;951;17.3909;17.4891;46.7752;9.55479;3653.86;5.74516;0;0;0.1;0.01;0;5.23598;0;0;-1
0;952;16.0229;36.3955;49.0086;8.5;2572.44;5.11093;0;0;0.1;0.01;0;4.953;1;0;-1
0;953;19.2391;50.8437;45.5609;9.03341;3087.76;5.43166;0;0;0.1;0.01;0;5.11364;0;0;-1
0;954;17.4158;71.0965;46.7966;9.52319;3617.73;5.72616;0;0;0.1;0.01;0;4.54381;0;0;-1
0;955;33.209;-74.274;48.7986;8.9766;3029.87;5.3975;0;0;0.1;0.01;0;3.24207;0;0;-1
0;956;33.1137;-57.1337;47.8268;9.60965;3717.16;5.77814;0;0;0.1;0.01;0;6.04621;0;0;-1
0;957;33.4736;-39.2136;45.822;9.85133;4004.73;5.92346;0;0;0.1;0.01;0;6.54228;0;0;-1
0;958;30.7962;-22.5146;46.1764;9.98303;4167.5;6.00265;0;0;0.1;0.01;0;6.39015;0;0;-1
0;959;31.9793;-5.04257;47.7721;9.48791;3577.67;5.70494;0;0;0.1;0.01;0;5.8352;0;0;-1
0;960;33.2554;12.0655;47.6393;9.44032;3524.1;5.67633;0;0;0.1;0.01;0;5.47951;0;0;-1
0;961;30.6862;25.7842;46.9748;9.75134;3884.02;5.86334;0;0;0.1;0.01;0;6.52774;0;0;-1
0;962;32.706;43.207;48.5152;8.95476;3007.81;5.38437;0;0;0.1;0.01;0;6.11671;0;0;-1
0;963;31.885;59.3293;48.6145;9.99243;4179.28;6.0083;0;0;0.1;0.01;0;6.93172;0;0;-1
0;964;30.9329;76.2505;47.7029;9.44588;3530.33;5.67967;0;0;0.1;0.01;0;4.1252;0;0;-1
0;965;45.9678;-63.703;46.5655;8.50235;2574.57;5.11234;0;0;0.1;0.01;0;3.31056;0;0;-1
0;966;46.1743;-47.4752;47.5742;10.2055;4452.37;6.13642;0;0;0.1;0.01;0;6.42755;0;0;-1
0;967;47.6506;-31.4633;46.2893;8.5;2572.44;5.11093;0;0;0.1;0.01;0;5.04348;1;0;-1
0;968;45.2307;-13.9394;49.0306;9.26855;3335.22;5.57304;0;0;0.1;0.01;0;5.88947;0;0;-1
0;969;45.9003;-0.221928;45.3742;8.5;2572.44;5.11093;0;0;0.1;0.01;0;5.34702;1;0;-1
0;970;47.7154;20.7859;46.8803;10.0206;4214.73;6.02524;0;0;0.1;0.01;0;7.16635;0;0;-1
0;971;45.3024;36.6208;48.5893;9.44979;3534.72;5.68202;0;0;0.1;0.01;0;6.80049;0;0;-1
0;972;46.4706;54.7671;49.1069;9.69619;3818.49;5.83018;0;0;0.1;0.01;0;5.88151;0;0;-1
0;973;45.6628;72.0083;48.4212;9.86394;4020.13;5.93104;0;0;0.1;0.01;0;3.34131;0;0;-1
0;974;63.705;-58.7731;46.4847;8.74716;2803.43;5.25954;0;0;0.1;0.01;0;2.3793;0;0;-1
0;975;62.0114;-42.3745;47.6473;9.36522;3440.67;5.63117;0;0;0.1;0.01;0;5.04732;0;0;-1
0;976;59.8936;-24.0716;48.5184;8.5;2572.44;5.11093;0;0;0.1;0.01;0;4.85923;1;0;-1
0;977;63.6059;-8.70084;46.8142;10.1425;4370.42;6.09854;0;0;0.1;0.01;0;6.67319;0;0;-1
0;978;60.663;8.13235;47.1464;9.86993;4027.46;5.93465;0;0;0.1;0.01;0;6.38247;0;0;-1
0;979;61.5226;26.8079;46.1112;9.90075;4065.3;5.95318;0;0;0.1;0.01;0;6.42594;0;0;-1
0;980;60.1719;43.6494;46.0417;10.1384;4365.13;6.09607;0;0;0.1;0.01;0;6.24432;0;0;-1
0;981;61.1678;60.9998;46.9922;9.12844;3186.24;5.4888;0;0;0.1;0.01;0;3.76109;0;0;-1
0;982;77.2997;-30.3691;48.6434;8.61289;2676.3;5.17881;0;0;0.1;0.01;0;2.62293;0;0;-1
0;983;77.1285;-17.0998;47.7295;8.5;2572.44;5.11093;0;0;0.1;0.01;0;3.16325;1;0;-1
0;984;75.5686;1.82988;46.5502;9.84126;3992.46;5.91741;0;0;0.1;0.01;0;5.04631;0;0;-1
0;985;78.6903;17.3419;48.7995;10.0526;4255.24;6.04448;0;0;0.1;0.01;0;4.18587;0;0;-1
0;986;75.2852;34.6958;45.9227;10.2898;4563.62;6.18711;0;0;0.1;0.01;0;4.4069;0;0;-1
0;987;-65.6127;-30.2871;62.2574;8.57744;2643.39;5.15749;0;0;0.1;0.01;0;3.43829;0;0;-1
0;988;-66.5769;-15.4233;63.548;8.87947;2932.58;5.3391;0;0;0.1;0.01;0;3.54098;0;0;-1
0;989;-66.6894;0.552065;61.3323;8.52153;2592.04;5.12387;0;0;0.1;0.01;0;3.48198;0;0;-1
0;990;-66.151;19.513;63.9343;9.60852;3715.85;5.77746;0;0;0.1;0.01;0;3.35573;0;0;-1
0;991;-51.8195;-58.4811;60.4485;9.06277;3117.97;5.44931;0;0;0.1;0.01;0;2.13669;0;0;-1
0;992;-51.4185;-38.7569;63.6234;10.4312;4754.35;6.27213;0;0;0.1;0.01;0;5.19805;0;0;-1
0;993;-50.747;-24.5006;63.3023;8.99047;3043.94;5.40584;0;0;0.1;0.01;0;6.41245;0;0;-1
0;994;-52.7065;-8.79303;61.3376;8.75928;2815.1;5.26683;0;0;0.1;0.01;0;4.57395;0;0;-1
0;995;-53.4877;10.3278;61.646;10.3467;4639.75;6.22132;0;0;0.1;0.01;0;5.60401;0;0;-1
0;996;-53.0235;27.1232;62.1129;8.5119;2583.26;5.11808;0;0;0.1;0.01;0;4.04194;0;0;-1
0;997;-51.7506;46.5226;61.8007;9.49673;3587.66;5.71025;0;0;0.1;0.01;0;3.02867;0;0;-1
0;998;-36.3731;-47.5547;60.5186;9.31429;3384.84;5.60055;0;0;0.1;0.01;0;6.18464;0;0;-1
0;999;-36.9136;-33.1673;64.1675;8.56914;2635.73;5.1525;0;0;0.1;0.01;0;5.89247;0;0;-1
0;1000;-35.4733;-15.655;62.6716;9.77893;3917.08;5.87993;0;0;0.1;0.01;0;6.62051;0;0;-1
0;1001;-36.1646;1.45685;63.9652;8.73934;2795.92;5.25484;0;0;0.1;0.01;0;4.87598;0;0;-1
0;1002;-35.0674;19.589;62.2184;8.80965;2863.94;5.29711;0;0;0.1;0.01;0;5.88764;0;0;-1
0;1003;-35.2265;37.0927;60.6609;9.96828;4149.06;5.99378;0;0;0.1;0.01;0;6.29329;0;0;-1
0;1004;-38.3065;52.2637;63.841;9.47991;3568.63;5.70013;0;0;0.1;0.01;0;3.94477;0;0;-1
0;1005;-38.3139;67.9579;60.6977;9.61487;3723.22;5.78128;0;0;0.1;0.01;0;3.18494;0;0;-1
0;1006;-21.3221;-73.235;63.7671;8.5;2572.44;5.11093;0;0;0.1;0.01;0;1.71242;1;0;-1
0;1007;-23.2922;-57.0271;62.246;10.4;4711.82;6.25337;0;0;0.1;0.01;0;6.18621;0;0;-1
0;1008;-22.2395;-40.865;61.3906;10.2717;4539.58;6.17622;0;0;0.1;0.01;0;8.0287;0;0;-1
0;1009;-21.3063;-22.7342;63.6572;8.53442;2603.82;5.13162;0;0;0.1;0.01;0;6.24195;0;0;-1
0;1010;-21.9759;-5.56864;62.1258;10.3597;4657.26;6.22914;0;0;0.1;0.01;0;6.43783;0;0;-1
0;1011;-22.1212;10.5228;60.853;8.5;2572.44;5.11093;0;0;0.1;0.01;0;3.63215;1;0;-1
0;1012;-23.7878;26.8097;63.5211;9.01866;3072.66;5.42279;0;0;0.1;0.01;0;4.69397;0;0;-1
0;1013;-22.4078;44.4741;62.8104;9.87176;4029.7;5.93575;0;0;0.1;0.01;0;6.77293;0;0;-1
0;1014;-21.8327;59.7013;60.1735;8.81698;2871.1;5.30152;0;0;0.1;0.01;0;5.43907;0;0;-1
0;1015;-7.87702;-67.6889;60.3442;8.52518;2595.37;5.12607;0;0;0.1;0.01;0;3.89045;0;0;-1
0;1016;-7.8698;-47.7032;63.1318;10.2311;4485.96;6.15181;0;0;0.1;0.01;0;6.71512;0;0;-1
0;1017;-5.56282;-29.8855;63.3978;9.05885;3113.92;5.44696;0;0;0.1;0.01;0;6.57541;0;0;-1
0;1018;-6.85375;-15.3359;60.9676;8.54701;2615.36;5.13919;0;0;0.1;0.01;0;6.62459;0;0;-1
0;1019;-8.78379;0.619899;60.7705;8.5;2572.44;5.11093;0;0;0.1;0.01;0;4.71269;1;0;-1
0;1020;-6.95498;20.8329;60.395;8.92528;2978.2;5.36664;0;0;0.1;0.01;0;4.6155;0;0;-1
0;1021;-8.83196;36.0087;63.5794;9.68264;3802.51;5.82203;0;0;0.1;0.01;0;7.04893;0;0;-1
0;1022;-6.47814;52.1415;61.0346;9.64341;3756.48;5.79844;0;0;0.1;0.01;0;7.58219;0;0;-1
0;1023;-7.43433;67.6699;60.8749;10.3052;4584.14;6.19637;0;0;0.1;0.01;0;4.93642;0;0;-1
0;1024;5.31765;-73.7709;61.9519;8.5;2572.44;5.11093;0;0;0.1;0.01;0;2.23715;1;0;-1
0;1025;6.87354;-57.4036;62.2998;10.176;4413.87;6.11868;0;0;0.1;0.01;0;5.81761;0;0;-1
0;1026;7.74253;-39.3536;61.0361;8.5;2572.44;5.11093;0;0;0.1;0.01;0;4.55445;1;0;-1
0;1027;6.38273;-22.6911;62.3462;9.92312;4092.92;5.96663;0;0;0.1;0.01;0;6.71203;0;0;-1
0;1028;9.17405;-6.37513;62.4737;10.2402;4497.94;6.15728;0;0;0.1;0.01;0;6.85714;0;0;-1
0;1029;8.77991;12.198;62.245;8.66534;2725.5;5.21034;0;0;0.1;0.01;0;4.78915;0;0;-1
0;1030;7.92028;26.3238;63.4133;8.5;2572.44;5.11093;0;0;0.1;0.01;0;5.49522;1;0;-1
0;1031;7.42383;42.0751;60.08;10.2988;4575.6;6.19252;0;0;0.1;0.01;0;6.6328;0;0;-1
0;1032;6.64013;63.0881;63.2924;9.3194;3390.41;5.60362;0;0;0.1;0.01;0;4.62192;0;0;-1
0;1033;21.3009;-63.8681;60.9641;8.5;2572.44;5.11093;0;0;0.1;0.01;0;3.70022;1;0;-1
0;1034;23.2539;-50.2987;61.9488;8.5;2572.44;5.11093;0;0;0.1;0.01;0;4.43382;1;0;-1
0;1035;20.9367;-32.3611;61.0291;8.5;2572.44;5.11093;0;0;0.1;0.01;0;3.83414;1;0;-1
0;1036;24.2166;-12.6671;60.3635;8.5;2572.44;5.11093;0;0;0.1;0.01;0;5.4059;1;0;-1
0;1037;20.6117;2.95434;61.778;8.5;2572.44;5.11093;0;0;0.1;0.01;0;5.065;1;0;-1
0;1038;23.0811;19.7959;63.7308;10.3275;4613.96;6.20978;0;0;0.1;0.01;0;7.34221;0;0;-1
0;1039;21.9244;37.8427;63.1501;8.70203;2760.26;5.2324;0;0;0.1;0.01;0;5.68664;0;0;-1
0;1040;21.5766;53.1595;60.4239;8.5;2572.44;5.11093;0;0;0.1;0.01;0;5.29581;1;0;-1
0;1041;22.1347;69.1058;61.3893;9.0674;3122.75;5.4521;0;0;0.1;0.01;0;3.39251;0;0;-1
0;1042;34.6671;-59.7312;63.5402;8.5;2572.44;5.11093;0;0;0.1;0.01;0;2.17249;1;0;-1
0;1043;36.1565;-39.3379;62.5771;9.23923;3303.66;5.55541;0;0;0.1;0.01;0;4.51135;0;0;-1
0;1044;38.1803;-22.8144;61.8929;8.81792;2872.02;5.30209;0;0;0.1;0.01;0;4.89365;0;0;-1
0;1045;35.7953;-5.05632;62.6061;8.95321;3006.25;5.38344;0;0;0.1;0.01;0;4.80289;0;0;-1
0;1046;38.2714;12.2863;61.3791;9.45337;3538.74;5.68417;0;0;0.1;0.01;0;5.64723;0;0;-1
0;1047;37.9509;26.2094;60.251;8.5;2572.44;5.11093;0;0;0.1;0.01;0;6.73215;1;0;-1
0;1048;35.5218;43.3615;63.5194;9.23679;3301.05;5.55395;0;0;0.1;0.01;0;5.62902;0;0;-1
0;1049;38.6619;60.4739;63.3821;9.72555;3853.28;5.84783;0;0;0.1;0.01;0;3.94797;0;0;-1
0;1050;53.4577;-48.7336;61.7476;9.52246;3616.9;5.72572;0;0;0.1;0.01;0;3.22293;0;0;-1
0;1051;50.3656;-33.3899;60.8821;8.5;2572.44;5.11093;0;0;0.1;0.01;0;4.87445;1;0;-1
0;1052;51.0245;-15.2777;62.1453;9.58171;3684.83;5.76134;0;0;0.1;0.01;0;5.69732;0;0;-1
0;1053;50.0362;0.795227;62.6959;8.5;2572.44;5.11093;0;0;0.1;0.01;0;4.12948;1;0;-1
0;1054;50.5535;20.6964;60.927;8.5;2572.44;5.11093;0;0;0.1;0.01;0;5.72336;1;0;-1
0;1055;50.8692;34.8048;61.8206;9.8158;3961.56;5.9021;0;0;0.1;0.01;0;6.0173;0;0;-1
0;1056;53.6963;53.0085;62.7373;10.1404;4367.71;6.09728;0;0;0.1;0.01;0;3.14281;0;0;-1
0;1057;67.0778;-40.8591;60.8969;10.4293;4751.76;6.27099;0;0;0.1;0.01;0;2.85124;0;0;-1
0;1058;64.4543;-21.5137;62.1496;8.5;2572.44;5.11093;0;0;0.1;0.01;0;2.95662;1;0;-1
0;1059;64.4424;-5.43677;61.8743;8.5;2572.44;5.11093;0;0;0.1;0.01;0;4.08071;1;0;-1
0;1060;66.7717;9.19771;60.6536;9.7064;3830.57;5.83632;0;0;0.1;0.01;0;3.28718;0;0;-1
0;1061;65.1699;25.029;60.1617;8.80062;2855.15;5.29169;0;0;0.1;0.01;0;2.8202;0;0;-1
0;1062;-54.4233;-23.7649;75.9848;9.34551;3418.99;5.61932;0;0;0.1;0.01;0;3.60202;0;0;-1
0;1063;-56.5081;-4.70076;78.7068;8.5;2572.44;5.11093;0;0;0.1;0.01;0;1.66274;1;0;-1
0;1064;-54.9416;10.6827;76.2465;9.32397;3395.4;5.60637;0;0;0.1;0.01;0;3.90538;0;0;-1
0;1065;-56.4444;29.7246;75.0187;10.447;4775.99;6.28163;0;0;0.1;0.01;0;3.23416;0;0;-1
0;1066;-40.0274;-48.9657;77.0258;8.5;2572.44;5.11093;0;0;0.1;0.01;0;2.2459;1;0;-1
0;1067;-42.2512;-30.8006;77.7899;8.79456;2849.25;5.28804;0;0;0.1;0.01;0;4.75046;0;0;-1
0;1068;-40.3998;-15.927;75.0973;9.98709;4172.59;6.00509;0;0;0.1;0.01;0;6.54637;0;0;-1
0;1069;-40.4541;2.86853;77.9502;9.51488;3608.27;5.72116;0;0;0.1;0.01;0;5.73145;0;0;-1
0;1070;-41.6339;17.7763;74.642;8.54694;2615.29;5.13915;0;0;0.1;0.01;0;5.55051;0;0;-1
0;1071;-39.3215;33.6818;76.4774;9.87209;4030.1;5.93594;0;0;0.1;0.01;0;4.14177;0;0;-1
0;1072;-24.3921;-55.1647;76.9402;9.73996;3870.44;5.8565;0;0;0.1;0.01;0;3.46812;0;0;-1
0;1073;-26.275;-40.8507;74.9472;9.02504;3079.19;5.42663;0;0;0.1;0.01;0;5.5065;0;0;-1
0;1074;-27.4716;-23.157;76.5336;10.0637;4269.35;6.05116;0;0;0.1;0.01;0;7.01391;0;0;-1
0;1075;-27.2507;-4.52148;77.901;9.34698;3420.6;5.6202;0;0;0.1;0.01;0;6.54973;0;0;-1
0;1076;-24.9819;12.2902;77.0449;9.04555;3100.23;5.43896;0;0;0.1;0.01;0;5.77523;0;0;-1
0;1077;-25.7888;26.532;77.3029;9.31413;3384.66;5.60045;0;0;0.1;0.01;0;5.89758;0;0;-1
0;1078;-25.3419;43.7238;77.7643;9.28589;3353.97;5.58347;0;0;0.1;0.01;0;3.80655;0;0;-1
0;1079;-10.0665;-47.8135;76.4032;8.80812;2862.45;5.29619;0;0;0.1;0.01;0;4.92323;0;0;-1
0;1080;-12.4531;-31.1432;76.4128;10.2266;4480.05;6.14911;0;0;0.1;0.01;0;7.47858;0;0;-1
0;1081;-12.804;-16.1703;74.6151;9.40462;3484.27;5.65486;0;0;0.1;0.01;0;7.35119;0;0;-1
0;1082;-13.5666;0.327842;78.4958;10.2202;4471.64;6.14526;0;0;0.1;0.01;0;6.59468;0;0;-1
0;1083;-11.4836;20.5754;78.3172;8.95194;3004.97;5.38267;0;0;0.1;0.01;0;5.8115;0;0;-1
0;1084;-10.8856;36.5079;76.7784;10.0821;4292.81;6.06222;0;0;0.1;0.01;0;7.27565;0;0;-1
0;1085;-11.9899;51.598;76.3108;9.93362;4105.93;5.97294;0;0;0.1;0.01;0;4.78313;0;0;-1
0;1086;3.54327;-58.847;76.6025;10.3992;4710.73;6.25289;0;0;0.1;0.01;0;3.37092;0;0;-1
0;1087;1.37972;-42.2312;78.4803;8.5;2572.44;5.11093;0;0;0.1;0.01;0;4.97688;1;0;-1
0;1088;4.76643;-23.2446;76.3336;10.0445;4244.96;6.03961;0;0;0.1;0.01;0;6.80865;0;0;-1
0;1089;1.29899;-7.59411;78.2459;9.92445;4094.57;5.96743;0;0;0.1;0.01;0;6.26898;0;0;-1
0;1090;3.27019;11.4168;77.6321;8.90179;2954.75;5.35252;0;0;0.1;0.01;0;4.53951;0;0;-1
0;1091;1.50535;27.3583;77.7776;9.65841;3774.03;5.80746;0;0;0.1;0.01;0;7.23954;0;0;-1
0;1092;2.54293;42.4951;76.4667;10.3015;4579.2;6.19414;0;0;0.1;0.01;0;6.33643;0;0;-1
0;1093;4.04496;61.3716;76.5646;9.70352;3827.16;5.83459;0;0;0.1;0.01;0;3.29247;0;0;-1
0;1094;16.4728;-49.5956;74.992;8.82222;2876.22;5.30467;0;0;0.1;0.01;0;3.51605;0;0;-1
0;1095;17.4665;-30.7373;77.8431;9.94785;4123.6;5.9815;0;0;0.1;0.01;0;6.04475;0;0;-1
0;1096;18.4964;-13.1239;74.6062;9.11763;3174.93;5.4823;0;0;0.1;0.01;0;6.14154;0;0;-1
0;1097;16.7225;3.33995;76.3029;8.78297;2838;5.28107;0;0;0.1;0.01;0;5.25188;0;0;-1
0;1098;18.411;20.1292;76.7532;8.5;2572.44;5.11093;0;0;0.1;0.01;0;5.81079;1;0;-1
0;1099;18.6011;33.9805;76.0136;10.0972;4312.13;6.0713;0;0;0.1;0.01;0;7.30716;0;0;-1
0;1100;18.5684;54.4293;76.1455;9.59276;3697.6;5.76799;0;0;0.1;0.01;0;3.60098;0;0;-1
0;1101;32.5505;-40.198;76.4267;10.1849;4425.47;6.12403;0;0;0.1;0.01;0;3.81305;0;0;-1
0;1102;31.2477;-22.9459;78.5574;10.1291;4353.13;6.09048;0;0;0.1;0.01;0;5.58231;0;0;-1
0;1103;31.1785;-5.98761;77.3434;8.5572;2624.72;5.14532;0;0;0.1;0.01;0;5.20002;0;0;-1
0;1104;32.3747;11.742;76.1674;9.07028;3125.72;5.45383;0;0;0.1;0.01;0;4.46386;0;0;-1
0;1105;34.5169;28.4084;76.6486;10.3011;4578.67;6.1939;0;0;0.1;0.01;0;5.87507;0;0;-1
0;1106;30.9519;46.4946;78.1606;10.3268;4613.03;6.20935;0;0;0.1;0.01;0;4.16933;0;0;-1
0;1107;49.0846;-30.3937;78.6664;9.26179;3327.92;5.56898;0;0;0.1;0.01;0;1.68999;0;0;-1
0;1108;45.4506;-13.8817;75.3086;8.5304;2600.14;5.12921;0;0;0.1;0.01;0;4.7611;0;0;-1
0;1109;47.4452;0.39891;77.9828;8.55106;2619.08;5.14163;0;0;0.1;0.01;0;3.45341;0;0;-1
0;1110;48.3174;20.0382;74.9198;9.58572;3689.46;5.76375;0;0;0.1;0.01;0;3.87143;0;0;-1
0;1111;49.0117;36.2382;77.4694;8.5;2572.44;5.11093;0;0;0.1;0.01;0;2.34093;1;0;-1
0;1112;60.4395;-6.10412;78.4432;8.5;2572.44;5.11093;0;0;0.1;0.01;0;1.59576;1;0;-1
0;1113;-36.2728;-15.7309;89.6369;9.8315;3980.59;5.91154;0;0;0.1;0.01;0;4.24676;0;0;-1
0;1114;-36.4115;1.56877;91.2395;8.5;2572.44;5.11093;0;0;0.1;0.01;0;3.92259;1;0;-1
0;1115;-38.4465;16.9514;89.8845;10.0141;4206.53;6.02133;0;0;0.1;0.01;0;3.77189;0;0;-1
0;1116;-21.1033;-24.4709;90.0449;10.4526;4783.67;6.285;0;0;0.1;0.01;0;4.94911;0;0;-1
0;1117;-23.4149;-6.36439;93.0749;10.0382;4236.98;6.03582;0;0;0.1;0.01;0;4.54105;0;0;-1
0;1118;-22.7386;11.6922;89.7641;8.5;2572.44;5.11093;0;0;0.1;0.01;0;4.56516;1;0;-1
0;1119;-21.6274;27.6332;93.3795;10.1704;4406.59;6.11531;0;0;0.1;0.01;0;3.63658;0;0;-1
0;1120;-7.47656;-31.4697;90.7904;9.99572;4183.41;6.01028;0;0;0.1;0.01;0;4.74631;0;0;-1
0;1121;-8.53434;-14.0104;89.4465;9.49792;3589.01;5.71096;0;0;0.1;0.01;0;6.43333;0;0;-1
0;1122;-6.51315;1.18125;92.6616;9.92513;4095.41;5.96784;0;0;0.1;0.01;0;5.31247;0;0;-1
0;1123;-5.80697;19.1303;93.3179;10.3778;4681.71;6.24002;0;0;0.1;0.01;0;5.37749;0;0;-1
0;1124;-7.61231;35.0399;92.3594;8.5;2572.44;5.11093;0;0;0.1;0.01;0;3.70877;1;0;-1
0;1125;5.42003;-38.5685;92.1423;8.64182;2703.36;5.1962;0;0;0.1;0.01;0;2.77368;0;0;-1
0;1126;6.63457;-23.3656;92.1235;9.97299;4154.94;5.99661;0;0;0.1;0.01;0;4.85937;0;0;-1
0;1127;7.32663;-5.04104;91.6081;9.76217;3896.98;5.86985;0;0;0.1;0.01;0;4.36961;0;0;-1
0;1128;6.66662;10.805;91.2137;9.29955;3368.79;5.59168;0;0;0.1;0.01;0;4.12255;0;0;-1
0;1129;6.09678;28.7536;90.058;9.47028;3557.76;5.69434;0;0;0.1;0.01;0;5.33316;0;0;-1
0;1130;23.754;-31.9705;89.8642;8.5;2572.44;5.11093;0;0;0.1;0.01;0;2.94934;1;0;-1
0;1131;20.7045;-13.4753;89.3568;8.96289;3016.01;5.38926;0;0;0.1;0.01;0;4.82259;0;0;-1
0;1132;22.7997;0.118612;90.1614;8.56343;2630.46;5.14907;0;0;0.1;0.01;0;3.46935;0;0;-1
0;1133;20.0066;20.8195;90.9638;8.88242;2935.5;5.34087;0;0;0.1;0.01;0;3.25179;0;0;-1
0;1134;20.8921;36.7132;90.3444;8.61361;2676.97;5.17924;0;0;0.1;0.01;0;2.71983;0;0;-1
0;1135;37.3239;-7.8081;89.7331;9.767;3902.76;5.87276;0;0;0.1;0.01;0;3.63726;0;0;-1
0;1136;35.4255;9.7257;91.1633;8.5238;2594.11;5.12524;0;0;0.1;0.01;0;1.96392;0;0;-1
