Time;ID;x;y;z;radius;volume_total;radius_nuclear;contact_ECM;freezer;polarized_fraction;motility;cell_line;Cell_cell;phase;Cycle;NFkB
0;0;-51.3205;-4.61493;-83.424;8.5;2572.44;5.11093;0;0;0.1;0.01;0;2.6441;1;0;-1
0;1;-37.4344;-33.3442;-84.6843;9.8791;4038.69;5.94016;0;0;0.1;0.01;0;2.67684;0;0;-1
0;2;-37.6606;-13.8296;-86.4901;8.5;2572.44;5.11093;0;0;0.1;0.01;0;2.65018;1;0;-1
0;3;-38.5102;0.47033;-85.5938;8.93259;2985.53;5.37104;0;0;0.1;0.01;0;2.49543;0;0;-1
0;4;-35.4915;20.6082;-84.3366;10.0373;4235.84;6.03528;0;0;0.1;0.01;0;3.05388;0;0;-1
0;5;-21.8049;-40.631;-87.2595;9.31441;3384.97;5.60062;0;0;0.1;0.01;0;2.80799;0;0;-1
0;6;-20.5457;-22.4007;-85.932;8.72424;2781.45;5.24576;0;0;0.1;0.01;0;4.24015;0;0;-1
0;7;-21.032;-8.41518;-84.5143;8.68751;2746.47;5.22367;0;0;0.1;0.01;0;4.10683;0;0;-1
0;8;-20.3057;10.7157;-85.974;8.9461;2999.09;5.37916;0;0;0.1;0.01;0;3.39382;0;0;-1
0;9;-22.2945;28.7578;-84.0043;9.1147;3171.87;5.48054;0;0;0.1;0.01;0;3.81417;0;0;-1
0;10;-8.84365;-49.3346;-83.415;10.3831;4688.89;6.24321;0;0;0.1;0.01;0;3.60944;0;0;-1
0;11;-7.09725;-30.7509;-87.1621;9.25676;3322.5;5.56596;0;0;0.1;0.01;0;4.75393;0;0;-1
0;12;-6.80765;-16.6181;-86.2495;8.92614;2979.06;5.36716;0;0;0.1;0.01;0;5.07877;0;0;-1
0;13;-6.59077;0.141855;-85.5162;10.1914;4433.94;6.12794;0;0;0.1;0.01;0;5.02072;0;0;-1
0;14;-7.56588;20.0298;-83.7623;10.1998;4444.92;6.13299;0;0;0.1;0.01;0;5.00618;0;0;-1
0;15;-7.67596;38.2929;-83.9332;9.71243;3837.71;5.83994;0;0;0.1;0.01;0;3.3208;0;0;-1
0;16;7.44556;-40.8708;-85.9534;10.0896;4302.4;6.06673;0;0;0.1;0.01;0;4.84774;0;0;-1
0;17;6.40016;-24.2353;-83.4888;10.0954;4309.82;6.07022;0;0;0.1;0.01;0;6.03674;0;0;-1
0;18;8.72538;-6.01553;-85.8407;8.76963;2825.09;5.27305;0;0;0.1;0.01;0;3.89204;0;0;-1
0;19;6.4797;10.9347;-86.7618;8.73724;2793.9;5.25358;0;0;0.1;0.01;0;2.66731;0;0;-1
0;20;7.75504;27.7528;-87.3903;8.84193;2895.54;5.31652;0;0;0.1;0.01;0;3.18333;0;0;-1
0;21;8.87663;45.3864;-83.5785;10.2972;4573.47;6.19156;0;0;0.1;0.01;0;3.80167;0;0;-1
0;22;20.2412;-49.1543;-84.4947;9.44966;3534.57;5.68194;0;0;0.1;0.01;0;3.23486;0;0;-1
0;23;23.3365;-34.0354;-86.6617;10.0918;4305.21;6.06805;0;0;0.1;0.01;0;5.12395;0;0;-1
0;24;20.6074;-15.7225;-84.9677;8.5;2572.44;5.11093;0;0;0.1;0.01;0;3.2818;1;0;-1
0;25;22.4791;3.45056;-86.87;8.58914;2654.22;5.16453;0;0;0.1;0.01;0;3.59025;0;0;-1
0;26;23.6295;20.3919;-84.4823;8.88816;2941.2;5.34432;0;0;0.1;0.01;0;4.47737;0;0;-1
0;27;23.5486;37.7408;-84.8616;9.8457;3997.87;5.92008;0;0;0.1;0.01;0;3.694;0;0;-1
0;28;36.3532;-40.1928;-83.6506;9.99562;4183.29;6.01022;0;0;0.1;0.01;0;3.76884;0;0;-1
0;29;35.4681;-25.5472;-86.1244;8.5;2572.44;5.11093;0;0;0.1;0.01;0;3.01674;1;0;-1
0;30;37.2097;-5.5988;-85.3021;10.2046;4451.19;6.13588;0;0;0.1;0.01;0;2.52843;0;0;-1
0;31;36.5606;10.8591;-83.9739;10.2277;4481.49;6.14977;0;0;0.1;0.01;0;3.93819;0;0;-1
0;32;37.587;26.9801;-83.9265;10.0868;4298.82;6.06505;0;0;0.1;0.01;0;4.35861;0;0;-1
0;33;-70.5258;-14.7638;-69.3732;9.3986;3477.59;5.65124;0;0;0.1;0.01;0;2.28122;0;0;-1
0;34;-57.8114;-39.4497;-71.3419;9.97762;4160.73;5.9994;0;0;0.1;0.01;0;3.10653;0;0;-1
0;35;-56.6679;-25.1911;-72.4904;9.30194;3371.39;5.59312;0;0;0.1;0.01;0;3.9962;0;0;-1
0;36;-54.7609;-8.89883;-70.85;8.5;2572.44;5.11093;0;0;0.1;0.01;0;4.50471;1;0;-1
0;37;-56.2931;9.85782;-69.7948;10.3383;4628.45;6.21627;0;0;0.1;0.01;0;3.50679;0;0;-1
0;38;-57.7878;28.4734;-71.5045;8.5;2572.44;5.11093;0;0;0.1;0.01;0;2.15712;1;0;-1
0;39;-54.6549;46.904;-68.5784;9.52835;3623.61;5.72926;0;0;0.1;0.01;0;3.23997;0;0;-1
0;40;-41.5482;-51.3138;-72.6792;9.08313;3139.03;5.46155;0;0;0.1;0.01;0;2.11122;0;0;-1
0;41;-41.3956;-30.453;-70.9832;9.44447;3528.75;5.67882;0;0;0.1;0.01;0;5.7379;0;0;-1
0;42;-42.2325;-16.6247;-69.6689;10.4347;4759.14;6.27423;0;0;0.1;0.01;0;6.85658;0;0;-1
0;43;-39.4146;1.73196;-69.0961;8.5;2572.44;5.11093;0;0;0.1;0.01;0;4.22213;1;0;-1
0;44;-42.364;16.7609;-69.0578;8.5;2572.44;5.11093;0;0;0.1;0.01;0;5.51345;1;0;-1
0;45;-42.4205;34.2522;-69.8627;9.48534;3574.76;5.7034;0;0;0.1;0.01;0;5.21263;0;0;-1
0;46;-41.2084;53.4661;-69.4121;8.5;2572.44;5.11093;0;0;0.1;0.01;0;3.80418;1;0;-1
0;47;-26.5812;-57.1978;-70.3565;8.69547;2754.02;5.22846;0;0;0.1;0.01;0;4.02552;0;0;-1
0;48;-28.56;-42.5888;-68.4956;10.4235;4743.83;6.2675;0;0;0.1;0.01;0;6.38787;0;0;-1
0;49;-26.2519;-24.7426;-70.6785;8.78999;2844.81;5.28529;0;0;0.1;0.01;0;5.81451;0;0;-1
0;50;-24.727;-8.8139;-71.8639;8.5;2572.44;5.11093;0;0;0.1;0.01;0;4.47401;1;0;-1
0;51;-26.8796;11.1044;-69.6516;9.33999;3412.93;5.616;0;0;0.1;0.01;0;5.34971;0;0;-1
0;52;-26.0014;26.9244;-69.2403;10.0291;4225.46;6.03035;0;0;0.1;0.01;0;6.56934;0;0;-1
0;53;-27.6106;43.7325;-70.6725;9.33376;3406.11;5.61225;0;0;0.1;0.01;0;4.60082;0;0;-1
0;54;-27.163;62.1956;-69.8058;9.79464;3935.99;5.88937;0;0;0.1;0.01;0;3.73881;0;0;-1
0;55;-13.5703;-63.8512;-69.0143;9.87774;4037.02;5.93934;0;0;0.1;0.01;0;4.04202;0;0;-1
0;56;-13.8217;-48.137;-68.3401;8.5;2572.44;5.11093;0;0;0.1;0.01;0;5.72163;1;0;-1
0;57;-11.3462;-31.1874;-72.6097;8.91585;2968.77;5.36097;0;0;0.1;0.01;0;5.09934;0;0;-1
0;58;-12.6963;-15.0518;-70.9715;9.29638;3365.35;5.58978;0;0;0.1;0.01;0;6.58796;0;0;-1
0;59;-9.95159;1.96261;-71.7793;9.45092;3535.99;5.6827;0;0;0.1;0.01;0;5.80868;0;0;-1
0;60;-11.6465;16.5876;-70.142;8.82064;2874.68;5.30372;0;0;0.1;0.01;0;5.34595;0;0;-1
0;61;-11.8834;36.6301;-70.9321;9.09843;3154.92;5.47075;0;0;0.1;0.01;0;4.65105;0;0;-1
0;62;-10.749;55.0822;-70.3616;9.75011;3882.55;5.8626;0;0;0.1;0.01;0;3.31197;0;0;-1
0;63;2.17815;-56.2432;-69.0662;9.01971;3073.73;5.42342;0;0;0.1;0.01;0;4.73948;0;0;-1
0;64;3.94258;-40.1494;-72.0498;8.76763;2823.16;5.27185;0;0;0.1;0.01;0;5.20038;0;0;-1
0;65;2.71711;-22.8976;-68.5019;10.2393;4496.76;6.15674;0;0;0.1;0.01;0;7.07064;0;0;-1
0;66;4.34236;-7.97835;-72.0183;9.90275;4067.77;5.95438;0;0;0.1;0.01;0;6.59482;0;0;-1
0;67;2.35349;10.1705;-69.2128;8.5;2572.44;5.11093;0;0;0.1;0.01;0;4.96714;1;0;-1
0;68;4.4066;26.7897;-69.6899;8.5;2572.44;5.11093;0;0;0.1;0.01;0;4.49174;1;0;-1
0;69;4.43724;45.7958;-70.5491;9.40266;3482.1;5.65368;0;0;0.1;0.01;0;6.07173;0;0;-1
0;70;3.50873;63.7131;-70.1488;9.87208;4030.09;5.93594;0;0;0.1;0.01;0;3.45444;0;0;-1
0;71;16.3347;-66.2658;-69.8982;9.33398;3406.35;5.61239;0;0;0.1;0.01;0;2.8923;0;0;-1
0;72;15.9695;-47.1708;-70.921;8.71329;2770.99;5.23917;0;0;0.1;0.01;0;4.75326;0;0;-1
0;73;19.2588;-30.2068;-70.8784;10.2304;4485.04;6.15139;0;0;0.1;0.01;0;6.88979;0;0;-1
0;74;16.4071;-14.0904;-69.2253;8.5;2572.44;5.11093;0;0;0.1;0.01;0;6.69812;1;0;-1
0;75;16.9957;1.22398;-71.3241;9.24351;3308.26;5.55799;0;0;0.1;0.01;0;5.44119;0;0;-1
0;76;16.0045;18.2076;-69.2061;8.72477;2781.96;5.24608;0;0;0.1;0.01;0;4.98913;0;0;-1
0;77;17.3088;35.4441;-70.635;9.03495;3089.34;5.43258;0;0;0.1;0.01;0;5.48932;0;0;-1
0;78;19.4554;55.0742;-70.2789;10.194;4437.34;6.1295;0;0;0.1;0.01;0;4.06763;0;0;-1
0;79;31.0825;-57.7932;-69.4741;8.5;2572.44;5.11093;0;0;0.1;0.01;0;3.3605;1;0;-1
0;80;31.7652;-38.5287;-68.4285;9.87873;4038.24;5.93994;0;0;0.1;0.01;0;6.2756;0;0;-1
0;81;32.0159;-21.8268;-69.6502;8.5;2572.44;5.11093;0;0;0.1;0.01;0;4.93416;1;0;-1
0;82;33.3335;-6.34054;-68.8064;9.53103;3626.67;5.73087;0;0;0.1;0.01;0;5.57044;0;0;-1
0;83;30.5726;12.4407;-71.3007;9.73152;3860.39;5.85142;0;0;0.1;0.01;0;6.45212;0;0;-1
0;84;33.6224;28.6017;-68.5228;10.0382;4236.98;6.03582;0;0;0.1;0.01;0;6.88781;0;0;-1
0;85;34.0072;43.7473;-71.9729;8.5;2572.44;5.11093;0;0;0.1;0.01;0;4.23557;1;0;-1
0;86;46.3684;-51.2904;-68.9079;9.61922;3728.28;5.7839;0;0;0.1;0.01;0;2.75902;0;0;-1
0;87;45.9784;-30.4847;-71.9438;9.01313;3067.01;5.41946;0;0;0.1;0.01;0;4.33438;0;0;-1
0;88;47.5562;-13.4233;-71.9969;9.9526;4129.51;5.98435;0;0;0.1;0.01;0;4.86571;0;0;-1
0;89;45.3346;1.64835;-69.0579;8.5;2572.44;5.11093;0;0;0.1;0.01;0;5.76148;1;0;-1
0;90;47.307;17.1271;-68.9547;10.3912;4699.87;6.24808;0;0;0.1;0.01;0;6.38329;0;0;-1
0;91;48.9694;36.8796;-71.9508;10.2103;4458.66;6.13931;0;0;0.1;0.01;0;3.53548;0;0;-1
0;92;46.7041;54.1064;-69.0031;8.5;2572.44;5.11093;0;0;0.1;0.01;0;2.53685;1;0;-1
0;93;60.0249;-25.6695;-72.0471;10.0688;4275.84;6.05422;0;0;0.1;0.01;0;2.75334;0;0;-1
0;94;62.5652;-5.60486;-71.9227;8.73835;2794.97;5.25424;0;0;0.1;0.01;0;2.33488;0;0;-1
0;95;61.3311;9.87437;-68.8377;9.81409;3959.49;5.90107;0;0;0.1;0.01;0;3.63491;0;0;-1
0;96;-80.3944;-8.31308;-55.4106;9.69228;3813.88;5.82783;0;0;0.1;0.01;0;2.9614;0;0;-1
0;97;-80.1276;12.4638;-54.3366;8.7296;2786.58;5.24898;0;0;0.1;0.01;0;2.61199;0;0;-1
0;98;-65.7585;-48.4209;-54.2765;10.1245;4347.2;6.08771;0;0;0.1;0.01;0;4.68007;0;0;-1
0;99;-67.7018;-33.8803;-55.4074;8.95215;3005.18;5.3828;0;0;0.1;0.01;0;3.30508;0;0;-1
0;100;-65.5544;-12.6508;-56.377;8.50736;2579.13;5.11535;0;0;0.1;0.01;0;4.00112;0;0;-1
0;101;-64.5969;1.73419;-53.9685;9.72048;3847.26;5.84478;0;0;0.1;0.01;0;5.33309;0;0;-1
0;102;-68.0124;19.6489;-57.7827;8.68328;2742.46;5.22113;0;0;0.1;0.01;0;3.53333;0;0;-1
0;103;-66.4414;35.4447;-55.5536;8.5;2572.44;5.11093;0;0;0.1;0.01;0;3.49227;1;0;-1
0;104;-52.2495;-59.3438;-54.8742;9.7421;3872.99;5.85778;0;0;0.1;0.01;0;4.05918;0;0;-1
0;105;-52.9149;-42.3679;-57.5614;8.54632;2614.73;5.13878;0;0;0.1;0.01;0;4.59219;0;0;-1
0;106;-51.3201;-24.6937;-57.8039;8.5;2572.44;5.11093;0;0;0.1;0.01;0;4.56894;1;0;-1
0;107;-49.8589;-4.79249;-57.122;9.83619;3986.29;5.91436;0;0;0.1;0.01;0;6.42325;0;0;-1
0;108;-51.7457;12.0421;-54.3874;9.7551;3888.52;5.8656;0;0;0.1;0.01;0;7.0614;0;0;-1
0;109;-51.0331;27.8587;-57.8102;10.3779;4681.85;6.24008;0;0;0.1;0.01;0;6.92828;0;0;-1
0;110;-52.1429;44.8055;-54.0094;9.75705;3890.85;5.86677;0;0;0.1;0.01;0;6.19863;0;0;-1
0;111;-50.5765;59.7326;-54.4353;10.0947;4308.92;6.0698;0;0;0.1;0.01;0;5.15086;0;0;-1
0;112;-38.6622;-66.5818;-56.3503;9.78686;3926.62;5.8847;0;0;0.1;0.01;0;4.10115;0;0;-1
0;113;-38.3701;-51.0435;-54.5706;9.22818;3291.83;5.54877;0;0;0.1;0.01;0;5.19111;0;0;-1
0;114;-36.5503;-31.2255;-56.245;9.62245;3732.03;5.78584;0;0;0.1;0.01;0;6.18205;0;0;-1
0;115;-36.5237;-14.853;-55.7943;10.2702;4537.59;6.17532;0;0;0.1;0.01;0;6.81731;0;0;-1
0;116;-37.7532;2.43814;-54.3775;8.98033;3033.65;5.39974;0;0;0.1;0.01;0;5.52368;0;0;-1
0;117;-36.0797;20.9977;-57.0212;10.2728;4541.04;6.17689;0;0;0.1;0.01;0;7.54115;0;0;-1
0;118;-35.2067;36.6508;-55.0688;8.75833;2814.18;5.26626;0;0;0.1;0.01;0;6.65472;0;0;-1
0;119;-37.0003;51.2787;-56.5069;10.0445;4244.96;6.03961;0;0;0.1;0.01;0;6.94575;0;0;-1
0;120;-35.9289;70.312;-57.9324;10.4064;4720.52;6.25722;0;0;0.1;0.01;0;4.27253;0;0;-1
0;121;-23.9318;-76.0231;-57.33;9.56038;3660.28;5.74852;0;0;0.1;0.01;0;3.1448;0;0;-1
0;122;-21.833;-56.2169;-56.4085;9.42137;3502.92;5.66493;0;0;0.1;0.01;0;6.51199;0;0;-1
0;123;-21.0929;-40.4632;-54.8459;10.0066;4197.09;6.01682;0;0;0.1;0.01;0;6.98289;0;0;-1
0;124;-23.6215;-22.5412;-56.7425;9.91108;4078.04;5.95939;0;0;0.1;0.01;0;6.87612;0;0;-1
0;125;-21.5847;-7.14768;-56.3406;8.98657;3039.98;5.40349;0;0;0.1;0.01;0;5.62823;0;0;-1
0;126;-22.4079;9.00302;-55.982;9.44496;3529.3;5.67912;0;0;0.1;0.01;0;4.80055;0;0;-1
0;127;-21.4049;25.5978;-55.589;8.61865;2681.68;5.18227;0;0;0.1;0.01;0;5.26532;0;0;-1
0;128;-21.7849;42.3077;-56.7038;8.5;2572.44;5.11093;0;0;0.1;0.01;0;5.12231;1;0;-1
0;129;-22.1164;63.2051;-54.4609;10.3642;4663.33;6.23184;0;0;0.1;0.01;0;7.13667;0;0;-1
0;130;-22.026;77.9766;-57.0153;9.14647;3205.16;5.49964;0;0;0.1;0.01;0;3.52591;0;0;-1
0;131;-9.28534;-80.7859;-56.0008;8.5;2572.44;5.11093;0;0;0.1;0.01;0;2.47087;1;0;-1
0;132;-5.76954;-65.6686;-55.7489;9.0412;3095.76;5.43634;0;0;0.1;0.01;0;4.7466;0;0;-1
0;133;-6.23322;-47.1144;-55.1248;9.62786;3738.33;5.78909;0;0;0.1;0.01;0;5.88234;0;0;-1
0;134;-8.7713;-29.9192;-54.6141;9.80216;3945.06;5.8939;0;0;0.1;0.01;0;5.57533;0;0;-1
0;135;-8.94566;-14.1411;-55.4211;8.61231;2675.76;5.17846;0;0;0.1;0.01;0;5.83932;0;0;-1
0;136;-7.06426;0.364707;-56.7201;8.5;2572.44;5.11093;0;0;0.1;0.01;0;5.33843;1;0;-1
0;137;-5.92422;20.9924;-55.1505;10.3787;4682.93;6.24056;0;0;0.1;0.01;0;6.33397;0;0;-1
0;138;-8.23767;36.9544;-55.4935;10.3709;4672.38;6.23587;0;0;0.1;0.01;0;6.41086;0;0;-1
0;139;-5.8305;54.9379;-55.1083;10.4463;4775.03;6.28121;0;0;0.1;0.01;0;6.1836;0;0;-1
0;140;-8.71978;70.3255;-55.129;8.9171;2970.02;5.36172;0;0;0.1;0.01;0;3.30274;0;0;-1
0;141;8.98577;-74.3242;-56.9066;8.95921;3012.3;5.38704;0;0;0.1;0.01;0;3.46657;0;0;-1
0;142;6.8636;-58.0804;-56.2179;9.9375;4110.74;5.97527;0;0;0.1;0.01;0;6.12591;0;0;-1
0;143;7.3396;-41.7072;-54.9301;8.5;2572.44;5.11093;0;0;0.1;0.01;0;4.38113;1;0;-1
0;144;9.40145;-22.7172;-56.6036;9.348;3421.72;5.62082;0;0;0.1;0.01;0;6.49456;0;0;-1
0;145;6.03286;-8.01781;-56.8602;9.37777;3454.52;5.63872;0;0;0.1;0.01;0;6.47339;0;0;-1
0;146;5.6095;9.72127;-55.2378;8.95394;3006.98;5.38387;0;0;0.1;0.01;0;4.2806;0;0;-1
0;147;8.44393;27.7508;-53.9536;10.1128;4332.14;6.08068;0;0;0.1;0.01;0;6.67737;0;0;-1
0;148;8.53802;44.9744;-55.9759;10.2821;4553.38;6.18248;0;0;0.1;0.01;0;7.63987;0;0;-1
0;149;8.8413;59.8436;-57.7099;8.76315;2818.83;5.26915;0;0;0.1;0.01;0;5.81111;0;0;-1
0;150;8.57185;79.8407;-54.3441;9.33081;3402.88;5.61048;0;0;0.1;0.01;0;2.808;0;0;-1
0;151;22.2818;-64.2639;-56.6595;9.79249;3933.4;5.88808;0;0;0.1;0.01;0;4.96741;0;0;-1
0;152;24.1787;-49.9857;-53.7193;8.97699;3030.27;5.39773;0;0;0.1;0.01;0;5.40064;0;0;-1
0;153;20.2917;-32.6169;-55.2838;9.10775;3164.62;5.47636;0;0;0.1;0.01;0;5.15451;0;0;-1
0;154;20.5204;-12.711;-57.3711;9.31056;3380.77;5.5983;0;0;0.1;0.01;0;6.01014;0;0;-1
0;155;23.6323;1.42086;-56.4426;9.29185;3360.43;5.58705;0;0;0.1;0.01;0;5.68147;0;0;-1
0;156;23.7497;20.6581;-55.7386;10.1452;4373.92;6.10016;0;0;0.1;0.01;0;6.42757;0;0;-1
0;157;22.6877;38.2418;-56.2065;10.0929;4306.62;6.06871;0;0;0.1;0.01;0;7.0417;0;0;-1
0;158;22.9276;54.3771;-53.9802;10.4336;4757.64;6.27357;0;0;0.1;0.01;0;7.09922;0;0;-1
0;159;22.0557;70.5646;-57.689;9.08793;3144.01;5.46444;0;0;0.1;0.01;0;2.47133;0;0;-1
0;160;38.5722;-56.0281;-56.4293;9.06067;3115.8;5.44805;0;0;0.1;0.01;0;4.55301;0;0;-1
0;161;34.9346;-38.3587;-54.7269;8.60039;2664.67;5.17129;0;0;0.1;0.01;0;5.32394;0;0;-1
0;162;38.5231;-25.0998;-56.457;9.04343;3098.05;5.43768;0;0;0.1;0.01;0;5.60508;0;0;-1
0;163;37.2079;-5.69393;-54.8302;8.57831;2644.2;5.15801;0;0;0.1;0.01;0;5.96645;0;0;-1
0;164;38.4576;8.33485;-55.4076;9.23354;3297.56;5.55199;0;0;0.1;0.01;0;6.9644;0;0;-1
0;165;38.8667;25.4344;-54.6058;9.85015;4003.29;5.92275;0;0;0.1;0.01;0;6.32732;0;0;-1
0;166;36.7809;46.1507;-56.6489;9.17439;3234.6;5.51643;0;0;0.1;0.01;0;5.85493;0;0;-1
0;167;36.363;60.733;-54.1127;8.5;2572.44;5.11093;0;0;0.1;0.01;0;4.54163;1;0;-1
0;168;52.8837;-50.9569;-56.0583;8.97539;3028.65;5.39677;0;0;0.1;0.01;0;3.28787;0;0;-1
0;169;52.0666;-31.0914;-54.1373;9.95776;4135.93;5.98746;0;0;0.1;0.01;0;5.73227;0;0;-1
0;170;52.9124;-15.0676;-54.3841;8.5;2572.44;5.11093;0;0;0.1;0.01;0;5.23062;1;0;-1
0;171;52.2498;0.0404988;-54.387;9.99184;4178.54;6.00795;0;0;0.1;0.01;0;7.51501;0;0;-1
0;172;51.1925;18.0883;-56.0403;9.0008;3054.44;5.41205;0;0;0.1;0.01;0;6.79124;0;0;-1
0;173;52.9369;34.077;-55.7663;9.24176;3306.38;5.55694;0;0;0.1;0.01;0;5.31098;0;0;-1
0;174;52.6972;55.2629;-56.5039;10.1122;4331.37;6.08032;0;0;0.1;0.01;0;4.26921;0;0;-1
0;175;64.6168;-40.8723;-56.6739;9.03274;3087.07;5.43126;0;0;0.1;0.01;0;2.99499;0;0;-1
0;176;67.2827;-25.0849;-56.1104;9.38578;3463.38;5.64353;0;0;0.1;0.01;0;4.42149;0;0;-1
0;177;67.7736;-4.50127;-55.1298;8.5;2572.44;5.11093;0;0;0.1;0.01;0;5.13952;1;0;-1
0;178;65.8317;11.9957;-53.8064;9.54477;3642.38;5.73913;0;0;0.1;0.01;0;5.87462;0;0;-1
0;179;66.0084;26.6449;-55.2825;8.5;2572.44;5.11093;0;0;0.1;0.01;0;3.88855;1;0;-1
0;180;64.7689;46.062;-54.3189;9.81335;3958.59;5.90062;0;0;0.1;0.01;0;3.39692;0;0;-1
0;181;79.7167;-16.8488;-56.7545;10.1836;4423.77;6.12325;0;0;0.1;0.01;0;2.82843;0;0;-1
0;182;82.2215;1.12363;-54.4718;8.92226;2975.18;5.36483;0;0;0.1;0.01;0;2.82705;0;0;-1
0;183;-87.5143;-21.6621;-40.6291;9.37018;3446.14;5.63415;0;0;0.1;0.01;0;3.14499;0;0;-1
0;184;-84.1173;-8.17312;-40.1212;10.0307;4227.49;6.03131;0;0;0.1;0.01;0;5.2194;0;0;-1
0;185;-86.3062;12.3525;-39.629;9.63572;3747.5;5.79382;0;0;0.1;0.01;0;4.43955;0;0;-1
0;186;-86.659;29.3389;-39.2283;9.84885;4001.71;5.92197;0;0;0.1;0.01;0;3.00427;0;0;-1
0;187;-70.1801;-48.0403;-39.6423;8.5;2572.44;5.11093;0;0;0.1;0.01;0;4.05738;1;0;-1
0;188;-72.1231;-33.9474;-41.561;10.2288;4482.94;6.15043;0;0;0.1;0.01;0;5.02632;0;0;-1
0;189;-71.5914;-14.5689;-41.6288;8.5;2572.44;5.11093;0;0;0.1;0.01;0;5.38649;1;0;-1
0;190;-72.6806;3.61563;-40.9296;10.2704;4537.86;6.17544;0;0;0.1;0.01;0;7.3844;0;0;-1
0;191;-70.5085;19.0742;-42.0693;9.73679;3866.66;5.85459;0;0;0.1;0.01;0;6.23961;0;0;-1
0;192;-69.9862;37.0788;-42.92;9.92192;4091.44;5.96591;0;0;0.1;0.01;0;5.68264;0;0;-1
0;193;-72.6559;51.392;-41.1037;9.59208;3696.81;5.76758;0;0;0.1;0.01;0;3.09388;0;0;-1
0;194;-56.955;-59.2053;-39.9318;10.3288;4615.71;6.21056;0;0;0.1;0.01;0;5.24946;0;0;-1
0;195;-56.7262;-39.4587;-41.8736;9.50868;3601.22;5.71743;0;0;0.1;0.01;0;6.64189;0;0;-1
0;196;-54.166;-24.6413;-40.9074;9.31218;3382.54;5.59928;0;0;0.1;0.01;0;5.42218;0;0;-1
0;197;-57.4622;-7.33016;-42.0164;10.0834;4294.47;6.063;0;0;0.1;0.01;0;6.99078;0;0;-1
0;198;-55.0638;9.53569;-39.8521;10.2811;4552.05;6.18188;0;0;0.1;0.01;0;6.71369;0;0;-1
0;199;-55.543;25.8714;-41.5456;9.89022;4052.35;5.94685;0;0;0.1;0.01;0;6.11301;0;0;-1
0;200;-56.9737;42.6514;-40.108;9.6706;3788.34;5.81479;0;0;0.1;0.01;0;6.52661;0;0;-1
0;201;-54.2548;60.4474;-39.5899;9.62047;3729.73;5.78465;0;0;0.1;0.01;0;5.24107;0;0;-1
0;202;-40.5189;-80.6242;-40.9855;8.5;2572.44;5.11093;0;0;0.1;0.01;0;2.97045;1;0;-1
0;203;-41.6813;-65.8997;-39.2259;9.46189;3548.32;5.6893;0;0;0.1;0.01;0;6.38158;0;0;-1
0;204;-43.0545;-47.518;-41.7171;8.5;2572.44;5.11093;0;0;0.1;0.01;0;4.90063;1;0;-1
0;205;-42.5749;-31.6881;-42.2034;8.64528;2706.61;5.19828;0;0;0.1;0.01;0;5.09559;0;0;-1
0;206;-40.251;-13.452;-40.6558;9.60474;3711.47;5.77519;0;0;0.1;0.01;0;6.10423;0;0;-1
0;207;-42.012;1.95141;-39.9936;9.25091;3316.21;5.56244;0;0;0.1;0.01;0;6.47569;0;0;-1
0;208;-41.7833;19.6602;-42.4164;8.59492;2659.59;5.168;0;0;0.1;0.01;0;5.91384;0;0;-1
0;209;-41.4498;34.4604;-41.41;8.78789;2842.77;5.28403;0;0;0.1;0.01;0;5.64097;0;0;-1
0;210;-40.2708;53.6183;-41.2205;9.53739;3633.94;5.73469;0;0;0.1;0.01;0;7.07279;0;0;-1
0;211;-40.8059;68.4805;-42.1392;10.3601;4657.8;6.22938;0;0;0.1;0.01;0;6.08149;0;0;-1
0;212;-27.6615;-72.9689;-42.8744;9.39388;3472.35;5.6484;0;0;0.1;0.01;0;6.10685;0;0;-1
0;213;-28.146;-57.729;-40.4592;10.4418;4768.86;6.2785;0;0;0.1;0.01;0;7.09397;0;0;-1
0;214;-25.2988;-38.5067;-42.3679;9.23225;3296.18;5.55122;0;0;0.1;0.01;0;5.32883;0;0;-1
0;215;-25.011;-22.3769;-39.8187;9.9908;4177.24;6.00732;0;0;0.1;0.01;0;6.38988;0;0;-1
0;216;-24.7461;-5.17755;-40.6519;8.87426;2927.42;5.33596;0;0;0.1;0.01;0;5.61326;0;0;-1
0;217;-25.4529;9.76021;-41.0432;8.5;2572.44;5.11093;0;0;0.1;0.01;0;4.04246;1;0;-1
0;218;-28.1757;27.0139;-42.0158;9.3773;3454;5.63843;0;0;0.1;0.01;0;5.48936;0;0;-1
0;219;-27.2192;44.1226;-42.1006;9.59228;3697.04;5.7677;0;0;0.1;0.01;0;6.105;0;0;-1
0;220;-27.5584;60.5341;-40.7604;9.41372;3494.4;5.66033;0;0;0.1;0.01;0;7.06709;0;0;-1
0;221;-25.0134;77.1714;-42.0773;9.57316;3674.98;5.7562;0;0;0.1;0.01;0;5.24557;0;0;-1
0;222;-12.9893;-83.1438;-42.1642;8.61093;2674.48;5.17763;0;0;0.1;0.01;0;4.03783;0;0;-1
0;223;-12.9513;-67.6054;-39.745;10.0617;4266.8;6.04995;0;0;0.1;0.01;0;6.69642;0;0;-1
0;224;-12.3955;-49.3784;-41.8376;9.18212;3242.78;5.52108;0;0;0.1;0.01;0;5.31818;0;0;-1
0;225;-9.78687;-33.3274;-39.8352;9.50911;3601.71;5.71769;0;0;0.1;0.01;0;6.11682;0;0;-1
0;226;-13.0716;-15.5127;-40.7582;8.69144;2750.2;5.22604;0;0;0.1;0.01;0;6.37259;0;0;-1
0;227;-11.0623;0.259465;-41.4487;8.66025;2720.7;5.20728;0;0;0.1;0.01;0;5.45217;0;0;-1
0;228;-12.5348;20.0328;-39.345;9.95302;4130.03;5.98461;0;0;0.1;0.01;0;6.16133;0;0;-1
0;229;-9.95993;34.3124;-39.7635;8.5;2572.44;5.11093;0;0;0.1;0.01;0;6.08747;1;0;-1
0;230;-11.5619;52.9636;-39.3568;10.1789;4417.65;6.12042;0;0;0.1;0.01;0;6.47168;0;0;-1
0;231;-11.1003;70.7585;-40.0384;9.43087;3513.53;5.67065;0;0;0.1;0.01;0;5.57618;0;0;-1
0;232;-9.78983;87.1021;-39.9645;8.5;2572.44;5.11093;0;0;0.1;0.01;0;2.38726;1;0;-1
0;233;2.81844;-89.5438;-42.0537;9.11671;3173.97;5.48175;0;0;0.1;0.01;0;2.88237;0;0;-1
0;234;4.67647;-74.9311;-41.1662;8.55271;2620.59;5.14262;0;0;0.1;0.01;0;5.17688;0;0;-1
0;235;2.01402;-59.7571;-39.3786;9.47364;3561.55;5.69636;0;0;0.1;0.01;0;5.41847;0;0;-1
0;236;3.62723;-40.7653;-39.8037;8.5;2572.44;5.11093;0;0;0.1;0.01;0;4.84931;1;0;-1
0;237;4.67691;-25.2801;-39.5147;9.5216;3615.92;5.7252;0;0;0.1;0.01;0;6.13821;0;0;-1
0;238;1.23339;-8.08156;-42.4297;10.2613;4525.8;6.16997;0;0;0.1;0.01;0;6.2675;0;0;-1
0;239;3.21925;10.4465;-41.0085;8.61838;2681.42;5.18211;0;0;0.1;0.01;0;4.37044;0;0;-1
0;240;4.07058;27.1846;-39.4756;8.90471;2957.66;5.35427;0;0;0.1;0.01;0;6.72796;0;0;-1
0;241;1.22626;43.0317;-40.276;10.0973;4312.25;6.07136;0;0;0.1;0.01;0;7.97726;0;0;-1
0;242;1.51977;60.6206;-40.9742;8.5;2572.44;5.11093;0;0;0.1;0.01;0;5.36426;1;0;-1
0;243;3.95737;76.3816;-41.0761;9.14274;3201.24;5.4974;0;0;0.1;0.01;0;5.26476;0;0;-1
0;244;17.6728;-82.329;-42.0953;8.5;2572.44;5.11093;0;0;0.1;0.01;0;3.29242;1;0;-1
0;245;18.2128;-65.4525;-39.2895;10.2625;4527.39;6.17069;0;0;0.1;0.01;0;5.88328;0;0;-1
0;246;17.9192;-46.4617;-40.8056;8.89095;2943.97;5.346;0;0;0.1;0.01;0;5.26703;0;0;-1
0;247;17.8348;-31.7613;-41.1637;8.5;2572.44;5.11093;0;0;0.1;0.01;0;5.83744;1;0;-1
0;248;19.0992;-15.4926;-41.7733;9.48375;3572.97;5.70244;0;0;0.1;0.01;0;5.92352;0;0;-1
0;249;19.7515;1.93986;-42.1589;9.10927;3166.21;5.47727;0;0;0.1;0.01;0;4.69327;0;0;-1
0;250;17.6633;17.7319;-40.5178;9.27102;3337.88;5.57453;0;0;0.1;0.01;0;5.59975;0;0;-1
0;251;19.0257;36.7134;-42.8412;9.9124;4079.67;5.96018;0;0;0.1;0.01;0;7.63382;0;0;-1
0;252;16.7952;52.0152;-39.693;10.0976;4312.64;6.07154;0;0;0.1;0.01;0;7.44197;0;0;-1
0;253;18.7589;68.4683;-41.1963;10.3155;4597.9;6.20256;0;0;0.1;0.01;0;5.94243;0;0;-1
0;254;16.4136;87.4186;-41.1271;10.0767;4285.92;6.05897;0;0;0.1;0.01;0;3.14613;0;0;-1
0;255;32.9528;-75.6301;-42.5063;8.64912;2710.22;5.20059;0;0;0.1;0.01;0;2.25121;0;0;-1
0;256;30.5641;-56.4912;-40.5258;9.0958;3152.18;5.46917;0;0;0.1;0.01;0;6.27913;0;0;-1
0;257;33.7149;-41.1795;-40.4699;10.005;4195.08;6.01586;0;0;0.1;0.01;0;7.65332;0;0;-1
0;258;32.7748;-25.2901;-41.5712;10.1242;4346.81;6.08753;0;0;0.1;0.01;0;7.40508;0;0;-1
0;259;33.7359;-8.05048;-42.0305;8.5;2572.44;5.11093;0;0;0.1;0.01;0;4.72599;1;0;-1
0;260;33.8421;10.0422;-42.2958;8.5;2572.44;5.11093;0;0;0.1;0.01;0;5.10462;1;0;-1
0;261;33.8485;29.519;-39.8824;8.93213;2985.06;5.37076;0;0;0.1;0.01;0;6.0339;0;0;-1
0;262;32.9444;46.1527;-39.42;10.038;4236.72;6.0357;0;0;0.1;0.01;0;7.76693;0;0;-1
0;263;33.9167;60.0843;-39.7044;9.38769;3465.49;5.64468;0;0;0.1;0.01;0;6.20818;0;0;-1
0;264;33.5517;79.8381;-40.4255;8.95437;3007.42;5.38413;0;0;0.1;0.01;0;2.74531;0;0;-1
0;265;47.8257;-65.2752;-41.6056;8.94443;2997.41;5.37816;0;0;0.1;0.01;0;2.46666;0;0;-1
0;266;47.1409;-47.7054;-39.9499;9.52788;3623.08;5.72898;0;0;0.1;0.01;0;5.80349;0;0;-1
0;267;47.7646;-30.2402;-39.2212;10.3176;4600.71;6.20382;0;0;0.1;0.01;0;7.65896;0;0;-1
0;268;46.7898;-14.9397;-42.5873;10.067;4273.55;6.05314;0;0;0.1;0.01;0;7.77771;0;0;-1
0;269;46.0797;2.87612;-42.1862;8.5;2572.44;5.11093;0;0;0.1;0.01;0;6.20008;1;0;-1
0;270;47.7569;16.8713;-43.0423;10.1627;4396.59;6.11068;0;0;0.1;0.01;0;7.43958;0;0;-1
0;271;46.8474;37.9635;-41.1028;9.52653;3621.54;5.72816;0;0;0.1;0.01;0;6.1918;0;0;-1
0;272;46.7049;52.1417;-42.8745;9.67637;3795.12;5.81826;0;0;0.1;0.01;0;6.60579;0;0;-1
0;273;46.8337;69.2607;-39.8987;9.92643;4097.02;5.96862;0;0;0.1;0.01;0;4.49721;0;0;-1
0;274;60.374;-55.3635;-39.3295;9.8308;3979.74;5.91112;0;0;0.1;0.01;0;4.74429;0;0;-1
0;275;63.9916;-41.6867;-39.8259;8.94562;2998.61;5.37887;0;0;0.1;0.01;0;4.28119;0;0;-1
0;276;61.2093;-23.3573;-39.8349;8.55006;2618.16;5.14103;0;0;0.1;0.01;0;5.54449;0;0;-1
0;277;63.4154;-7.79453;-42.3286;9.67674;3795.56;5.81848;0;0;0.1;0.01;0;6.8029;0;0;-1
0;278;63.5986;8.2267;-39.4681;10.0114;4203.13;6.01971;0;0;0.1;0.01;0;6.56018;0;0;-1
0;279;63.0224;26.1898;-42.2765;10.0357;4233.81;6.03432;0;0;0.1;0.01;0;6.07467;0;0;-1
0;280;61.5486;42.1343;-41.1961;8.88075;2933.85;5.33987;0;0;0.1;0.01;0;5.08277;0;0;-1
0;281;61.9945;60.4224;-42.4634;9.23144;3295.32;5.55073;0;0;0.1;0.01;0;3.67916;0;0;-1
0;282;74.9442;-32.4948;-43.1681;9.0112;3065.04;5.4183;0;0;0.1;0.01;0;3.21819;0;0;-1
0;283;77.7403;-15.0001;-41.1196;8.62851;2690.89;5.1882;0;0;0.1;0.01;0;4.46637;0;0;-1
0;284;76.329;-0.0834553;-41.4696;10.2851;4557.37;6.18428;0;0;0.1;0.01;0;6.87631;0;0;-1
0;285;78.7392;19.7254;-42.8216;8.99017;3043.63;5.40566;0;0;0.1;0.01;0;3.3312;0;0;-1
0;286;76.5362;34.3405;-41.9423;9.23964;3304.1;5.55566;0;0;0.1;0.01;0;3.54054;0;0;-1
0;287;90.5149;-4.56078;-40.5344;8.7003;2758.62;5.23136;0;0;0.1;0.01;0;2.23196;0;0;-1
0;288;-95.1302;-13.5101;-24.7037;8.77145;2826.85;5.27415;0;0;0.1;0.01;0;3.17522;0;0;-1
0;289;-95.6359;1.24747;-26.0975;9.92316;4092.97;5.96665;0;0;0.1;0.01;0;3.87452;0;0;-1
0;290;-80.8705;-41.5026;-24.6596;9.90428;4069.65;5.9553;0;0;0.1;0.01;0;2.88652;0;0;-1
0;291;-81.7938;-23.4398;-27.3411;9.5595;3659.27;5.74799;0;0;0.1;0.01;0;3.8648;0;0;-1
0;292;-78.9086;-4.65701;-26.4831;10.0423;4242.17;6.03829;0;0;0.1;0.01;0;5.59142;0;0;-1
0;293;-82.577;10.9704;-26.4479;10.1274;4350.93;6.08946;0;0;0.1;0.01;0;6.28537;0;0;-1
0;294;-82.4174;27.6782;-25.1449;10.0349;4232.8;6.03384;0;0;0.1;0.01;0;5.02743;0;0;-1
0;295;-80.4007;44.5601;-28.1111;9.88358;4044.19;5.94285;0;0;0.1;0.01;0;3.28478;0;0;-1
0;296;-64.0812;-67.8811;-26.0018;8.5;2572.44;5.11093;0;0;0.1;0.01;0;2.51685;1;0;-1
0;297;-64.3781;-48.9938;-26.132;8.77835;2833.53;5.27829;0;0;0.1;0.01;0;4.35957;0;0;-1
0;298;-64.5287;-31.2651;-25.4628;9.74862;3880.77;5.8617;0;0;0.1;0.01;0;5.46804;0;0;-1
0;299;-64.487;-12.8923;-26.9887;9.28066;3348.31;5.58033;0;0;0.1;0.01;0;5.55853;0;0;-1
0;300;-66.0794;4.44431;-26.0291;8.5;2572.44;5.11093;0;0;0.1;0.01;0;5.93922;1;0;-1
0;301;-65.4709;20.2207;-26.9309;8.59094;2655.89;5.16561;0;0;0.1;0.01;0;5.71187;0;0;-1
0;302;-64.6843;35.2197;-27.1745;10.0497;4251.56;6.04274;0;0;0.1;0.01;0;6.31052;0;0;-1
0;303;-64.5523;50.9136;-26.2272;9.27992;3347.51;5.57988;0;0;0.1;0.01;0;5.75004;0;0;-1
0;304;-66.6788;68.6679;-26.7089;9.4554;3541.02;5.68539;0;0;0.1;0.01;0;2.15064;0;0;-1
0;305;-49.7095;-72.5001;-27.7923;8.99661;3050.18;5.40953;0;0;0.1;0.01;0;5.23006;0;0;-1
0;306;-49.6171;-58.1787;-26.2911;9.25063;3315.91;5.56227;0;0;0.1;0.01;0;6.29384;0;0;-1
0;307;-51.5395;-39.7117;-26.3426;9.3425;3415.69;5.61751;0;0;0.1;0.01;0;6.00867;0;0;-1
0;308;-52.4088;-23.1164;-27.5527;9.77632;3913.95;5.87836;0;0;0.1;0.01;0;6.55675;0;0;-1
0;309;-50.4844;-7.03652;-27.81;9.73264;3861.72;5.8521;0;0;0.1;0.01;0;6.60875;0;0;-1
0;310;-53.0211;8.65057;-26.3262;8.9409;2993.87;5.37603;0;0;0.1;0.01;0;5.48602;0;0;-1
0;311;-51.1143;26.7863;-24.468;9.14375;3202.3;5.498;0;0;0.1;0.01;0;5.57806;0;0;-1
0;312;-49.9915;45.5119;-24.8734;9.78011;3918.5;5.88064;0;0;0.1;0.01;0;7.33757;0;0;-1
0;313;-50.6648;62.4897;-25.5798;8.75947;2815.28;5.26694;0;0;0.1;0.01;0;6.08589;0;0;-1
0;314;-51.7912;78.4827;-28.2589;8.72318;2780.44;5.24512;0;0;0.1;0.01;0;2.65212;0;0;-1
0;315;-36.4302;-82.1762;-26.5201;10.3133;4594.96;6.20124;0;0;0.1;0.01;0;6.19661;0;0;-1
0;316;-34.9838;-67.3058;-26.8036;8.88636;2939.41;5.34324;0;0;0.1;0.01;0;6.99091;0;0;-1
0;317;-38.3687;-47.1084;-27.1481;10.1598;4392.83;6.10894;0;0;0.1;0.01;0;5.71181;0;0;-1
0;318;-36.0595;-30.083;-26.0757;9.32899;3400.89;5.60939;0;0;0.1;0.01;0;6.11553;0;0;-1
0;319;-34.6338;-13.7621;-26.8018;8.77558;2830.85;5.27663;0;0;0.1;0.01;0;5.0149;0;0;-1
0;320;-36.5848;4.31484;-27.4512;8.5;2572.44;5.11093;0;0;0.1;0.01;0;4.19229;1;0;-1
0;321;-38.3581;18.5468;-27.4792;9.50184;3593.45;5.71332;0;0;0.1;0.01;0;5.45445;0;0;-1
0;322;-38.2437;34.5894;-25.1752;8.5;2572.44;5.11093;0;0;0.1;0.01;0;5.50191;1;0;-1
0;323;-37.6502;52.2772;-27.866;9.223;3286.29;5.54566;0;0;0.1;0.01;0;6.07416;0;0;-1
0;324;-38.2141;67.725;-25.7617;8.5;2572.44;5.11093;0;0;0.1;0.01;0;4.48748;1;0;-1
0;325;-35.538;85.8439;-24.9489;10.2803;4550.99;6.1814;0;0;0.1;0.01;0;3.74786;0;0;-1
0;326;-21.7863;-90.7755;-25.2871;10.3383;4628.45;6.21627;0;0;0.1;0.01;0;3.98886;0;0;-1
0;327;-20.5835;-73.0906;-27.0248;10.1729;4409.84;6.11682;0;0;0.1;0.01;0;8.27778;0;0;-1
0;328;-20.3438;-59.1613;-26.3076;9.74517;3876.65;5.85963;0;0;0.1;0.01;0;7.26625;0;0;-1
0;329;-22.0196;-40.5852;-26.6577;8.61701;2680.15;5.18128;0;0;0.1;0.01;0;4.98634;0;0;-1
0;330;-21.3606;-21.1039;-24.9713;10.094;4308.03;6.06938;0;0;0.1;0.01;0;6.84163;0;0;-1
0;331;-19.7227;-5.48527;-28.0797;8.5;2572.44;5.11093;0;0;0.1;0.01;0;4.64882;1;0;-1
0;332;-21.3089;11.8071;-25.7745;8.5;2572.44;5.11093;0;0;0.1;0.01;0;4.00134;1;0;-1
0;333;-22.7764;28.7595;-27.7835;8.64731;2708.52;5.1995;0;0;0.1;0.01;0;5.10147;0;0;-1
0;334;-21.2686;44.7698;-27.8784;9.74786;3879.86;5.86125;0;0;0.1;0.01;0;5.8416;0;0;-1
0;335;-21.6925;62.173;-26.6103;9.66986;3787.47;5.81435;0;0;0.1;0.01;0;6.33855;0;0;-1
0;336;-22.8439;78.7596;-27.9074;9.43208;3514.88;5.67137;0;0;0.1;0.01;0;5.63055;0;0;-1
0;337;-5.94294;-81.2664;-28.6509;9.37792;3454.68;5.63881;0;0;0.1;0.01;0;6.09425;0;0;-1
0;338;-7.90679;-66.6043;-26.3312;9.47884;3567.42;5.69949;0;0;0.1;0.01;0;6.6896;0;0;-1
0;339;-8.56402;-48.5909;-24.3784;9.13807;3196.33;5.49459;0;0;0.1;0.01;0;5.18465;0;0;-1
0;340;-8.2005;-29.6903;-25.5446;8.77274;2828.1;5.27492;0;0;0.1;0.01;0;5.56647;0;0;-1
0;341;-6.01186;-13.3222;-27.8169;9.41095;3491.31;5.65867;0;0;0.1;0.01;0;6.59847;0;0;-1
0;342;-5.49556;1.92796;-27.6478;8.53399;2603.42;5.13136;0;0;0.1;0.01;0;5.71015;0;0;-1
0;343;-6.60668;21.1282;-25.6318;9.60397;3710.57;5.77473;0;0;0.1;0.01;0;6.70041;0;0;-1
0;344;-7.09436;35.4089;-27.0983;9.34522;3418.67;5.61915;0;0;0.1;0.01;0;7.48413;0;0;-1
0;345;-7.92911;51.5138;-26.0272;8.65073;2711.73;5.20156;0;0;0.1;0.01;0;5.61228;0;0;-1
0;346;-9.34401;72.1642;-24.485;8.6207;2683.59;5.1835;0;0;0.1;0.01;0;5.03847;0;0;-1
0;347;-9.09803;88.2388;-25.672;8.64271;2704.2;5.19674;0;0;0.1;0.01;0;3.96996;0;0;-1
0;348;9.34801;-90.4727;-25.4161;10.3115;4592.55;6.20016;0;0;0.1;0.01;0;4.27756;0;0;-1
0;349;6.59305;-75.7958;-25.3219;9.7822;3921.01;5.88189;0;0;0.1;0.01;0;6.67411;0;0;-1
0;350;9.4424;-58.6625;-25.7683;9.33001;3402;5.61;0;0;0.1;0.01;0;5.80946;0;0;-1
0;351;5.72698;-40.0314;-25.3957;9.62018;3729.39;5.78447;0;0;0.1;0.01;0;6.09774;0;0;-1
0;352;8.26332;-25.5169;-26.5925;8.72878;2785.8;5.24849;0;0;0.1;0.01;0;5.8606;0;0;-1
0;353;9.02214;-8.76603;-27.6923;10.2426;4501.11;6.15873;0;0;0.1;0.01;0;6.7986;0;0;-1
0;354;5.51655;9.93715;-25.5125;9.14542;3204.05;5.49901;0;0;0.1;0.01;0;4.58368;0;0;-1
0;355;9.43555;29.3332;-27.6637;10.081;4291.4;6.06156;0;0;0.1;0.01;0;6.86072;0;0;-1
0;356;6.25309;44.0483;-25.2403;10.3766;4680.09;6.2393;0;0;0.1;0.01;0;7.19997;0;0;-1
0;357;6.86704;63.4062;-24.6237;10.1832;4423.25;6.12301;0;0;0.1;0.01;0;6.80694;0;0;-1
0;358;5.89778;78.2867;-28.002;9.05381;3108.73;5.44392;0;0;0.1;0.01;0;5.55839;0;0;-1
0;359;8.24388;95.6192;-26.8426;10.0208;4214.98;6.02536;0;0;0.1;0.01;0;2.99693;0;0;-1
0;360;22.5761;-82.3654;-25.217;9.14669;3205.39;5.49977;0;0;0.1;0.01;0;4.659;0;0;-1
0;361;23.7005;-65.8952;-25.4762;9.51617;3609.73;5.72193;0;0;0.1;0.01;0;5.4373;0;0;-1
0;362;23.2776;-47.293;-27.4368;10.114;4333.69;6.0814;0;0;0.1;0.01;0;6.2582;0;0;-1
0;363;22.7898;-31.7613;-26.0488;9.7203;3847.05;5.84468;0;0;0.1;0.01;0;6.89661;0;0;-1
0;364;22.1265;-16.0898;-25.5894;10.0142;4206.66;6.02139;0;0;0.1;0.01;0;6.7299;0;0;-1
0;365;22.3188;1.01793;-26.8036;9.03568;3090.09;5.43302;0;0;0.1;0.01;0;5.17065;0;0;-1
0;366;23.387;18.1891;-28.0143;9.62583;3735.97;5.78787;0;0;0.1;0.01;0;6.25329;0;0;-1
0;367;23.249;34.938;-27.518;9.48752;3577.23;5.70471;0;0;0.1;0.01;0;7.41836;0;0;-1
0;368;20.5957;51.1115;-24.5172;9.78732;3927.17;5.88497;0;0;0.1;0.01;0;6.26116;0;0;-1
0;369;20.2896;69.1532;-26.953;9.41126;3491.66;5.65885;0;0;0.1;0.01;0;5.36189;0;0;-1
0;370;23.3584;84.5736;-24.8037;9.48309;3572.22;5.70204;0;0;0.1;0.01;0;4.90021;0;0;-1
0;371;38.0637;-75.996;-27.1018;9.08221;3138.07;5.461;0;0;0.1;0.01;0;3.93901;0;0;-1
0;372;35.2278;-56.9169;-27.0415;8.68961;2748.46;5.22494;0;0;0.1;0.01;0;5.6066;0;0;-1
0;373;37.5301;-39.9404;-26.8258;9.92192;4091.44;5.96591;0;0;0.1;0.01;0;7.96688;0;0;-1
0;374;37.6891;-23.1682;-27.691;9.98008;4163.81;6.00088;0;0;0.1;0.01;0;7.58928;0;0;-1
0;375;37.4567;-7.20797;-24.8403;9.68117;3800.77;5.82115;0;0;0.1;0.01;0;6.56942;0;0;-1
0;376;35.1297;8.91454;-26.789;8.8148;2868.97;5.30021;0;0;0.1;0.01;0;5.30807;0;0;-1
0;377;37.2285;25.3864;-24.7112;9.96675;4147.15;5.99286;0;0;0.1;0.01;0;6.87936;0;0;-1
0;378;37.0166;42.1385;-27.0959;9.84583;3998.03;5.92015;0;0;0.1;0.01;0;6.57873;0;0;-1
0;379;38.4473;63.6818;-24.9015;8.5;2572.44;5.11093;0;0;0.1;0.01;0;4.58545;1;0;-1
0;380;36.7517;78.8146;-24.8765;8.5;2572.44;5.11093;0;0;0.1;0.01;0;4.3506;1;0;-1
0;381;50.4389;-66.6494;-24.7845;10.2137;4463.11;6.14135;0;0;0.1;0.01;0;5.56903;0;0;-1
0;382;49.9645;-50.7708;-25.2916;10.1728;4409.71;6.11676;0;0;0.1;0.01;0;6.85136;0;0;-1
0;383;50.0719;-33.418;-25.0305;8.55599;2623.61;5.14459;0;0;0.1;0.01;0;5.2044;0;0;-1
0;384;52.7156;-15.5643;-26.8605;9.21838;3281.35;5.54288;0;0;0.1;0.01;0;6.2587;0;0;-1
0;385;51.8206;1.73583;-28.3322;10.0155;4208.3;6.02217;0;0;0.1;0.01;0;7.16894;0;0;-1
0;386;50.1087;17.7962;-28.5182;9.04577;3100.45;5.43909;0;0;0.1;0.01;0;6.16744;0;0;-1
0;387;50.3068;34.8911;-25.0685;9.38364;3461.01;5.64225;0;0;0.1;0.01;0;5.57714;0;0;-1
0;388;52.981;54.7698;-24.6967;8.65695;2717.59;5.2053;0;0;0.1;0.01;0;4.39665;0;0;-1
0;389;52.2028;72.6205;-26.9419;9.78828;3928.33;5.88555;0;0;0.1;0.01;0;4.37843;0;0;-1
0;390;66.3595;-59.2055;-27.6311;8.99162;3045.11;5.40653;0;0;0.1;0.01;0;4.1317;0;0;-1
0;391;66.6339;-42.2214;-25.0383;8.84857;2902.07;5.32052;0;0;0.1;0.01;0;5.48363;0;0;-1
0;392;67.4842;-23.2452;-24.8714;10.3678;4668.19;6.23401;0;0;0.1;0.01;0;6.53845;0;0;-1
0;393;65.5551;-5.6007;-26.9248;8.9529;3005.94;5.38325;0;0;0.1;0.01;0;6.8404;0;0;-1
0;394;66.5815;9.45328;-25.0931;9.2484;3313.51;5.56093;0;0;0.1;0.01;0;5.82321;0;0;-1
0;395;64.8727;25.4071;-25.6014;9.8348;3984.6;5.91352;0;0;0.1;0.01;0;4.80894;0;0;-1
0;396;66.3814;46.5063;-25.9044;10.0347;4232.55;6.03372;0;0;0.1;0.01;0;5.8167;0;0;-1
0;397;65.0726;62.2758;-27.5155;10.0508;4252.95;6.0434;0;0;0.1;0.01;0;4.96923;0;0;-1
0;398;79.4173;-51.2655;-25.8154;10.1042;4321.1;6.07551;0;0;0.1;0.01;0;2.17815;0;0;-1
0;399;81.8801;-34.2029;-24.8288;10.2512;4512.45;6.1639;0;0;0.1;0.01;0;3.41601;0;0;-1
0;400;80.7503;-16.8134;-25.3492;8.88357;2936.64;5.34156;0;0;0.1;0.01;0;4.46939;0;0;-1
0;401;79.7958;-0.231179;-26.2357;9.30496;3374.68;5.59494;0;0;0.1;0.01;0;4.87246;0;0;-1
0;402;83.2141;17.7956;-25.2688;9.79833;3940.44;5.89159;0;0;0.1;0.01;0;4.1466;0;0;-1
0;403;79.0975;33.7612;-27.9958;8.5;2572.44;5.11093;0;0;0.1;0.01;0;3.36595;1;0;-1
0;404;79.3719;54.6229;-26.5429;10.3516;4646.34;6.22427;0;0;0.1;0.01;0;2.70754;0;0;-1
0;405;-98.4424;0.959723;-11.8061;10.2755;4544.62;6.17851;0;0;0.1;0.01;0;3.70519;0;0;-1
0;406;-84.2822;-42.086;-11.2478;9.08598;3141.98;5.46327;0;0;0.1;0.01;0;3.46799;0;0;-1
0;407;-84.3757;-23.5385;-10.3056;10.4098;4725.15;6.25926;0;0;0.1;0.01;0;5.70361;0;0;-1
0;408;-85.2151;-7.13697;-12.4872;8.91246;2965.39;5.35893;0;0;0.1;0.01;0;5.26942;0;0;-1
0;409;-83.3474;11.6477;-11.9308;10.149;4378.83;6.10245;0;0;0.1;0.01;0;5.92367;0;0;-1
0;410;-84.8102;29.1382;-12.434;8.5;2572.44;5.11093;0;0;0.1;0.01;0;4.13085;1;0;-1
0;411;-84.0323;42.4962;-11.3148;9.39125;3469.44;5.64682;0;0;0.1;0.01;0;4.1272;0;0;-1
0;412;-70.814;-68.4408;-10.0637;8.78734;2842.24;5.2837;0;0;0.1;0.01;0;2.13458;0;0;-1
0;413;-69.2284;-49.269;-11.998;9.51949;3613.51;5.72393;0;0;0.1;0.01;0;4.7675;0;0;-1
0;414;-69.8919;-32.5584;-10.1395;9.37135;3447.43;5.63486;0;0;0.1;0.01;0;6.79528;0;0;-1
0;415;-72.1642;-15.738;-11.6909;9.40543;3485.17;5.65535;0;0;0.1;0.01;0;6.58722;0;0;-1
0;416;-70.7984;3.17278;-10.3142;8.76929;2824.76;5.27285;0;0;0.1;0.01;0;6.07254;0;0;-1
0;417;-68.355;17.3723;-12.9498;8.58719;2652.42;5.16335;0;0;0.1;0.01;0;4.93312;0;0;-1
0;418;-69.4917;36.4696;-11.988;9.59908;3704.91;5.77179;0;0;0.1;0.01;0;6.34019;0;0;-1
0;419;-71.9179;53.7852;-13.0247;8.9755;3028.76;5.39684;0;0;0.1;0.01;0;4.41757;0;0;-1
0;420;-54.2859;-75.1334;-9.7224;8.85847;2911.82;5.32647;0;0;0.1;0.01;0;3.81344;0;0;-1
0;421;-56.6167;-58.237;-12.3489;9.39962;3478.72;5.65186;0;0;0.1;0.01;0;5.38453;0;0;-1
0;422;-57.3275;-39.2044;-10.3173;8.57706;2643.04;5.15726;0;0;0.1;0.01;0;5.56584;0;0;-1
0;423;-57.3141;-23.9561;-11.8662;8.5;2572.44;5.11093;0;0;0.1;0.01;0;5.49227;1;0;-1
0;424;-55.2381;-7.22136;-11.8098;9.00601;3059.75;5.41518;0;0;0.1;0.01;0;5.50102;0;0;-1
0;425;-54.3072;8.60008;-12.5423;10.0595;4264.01;6.04863;0;0;0.1;0.01;0;5.98722;0;0;-1
0;426;-57.3425;29.7703;-12.8136;8.5;2572.44;5.11093;0;0;0.1;0.01;0;5.63829;1;0;-1
0;427;-55.1137;44.7231;-11.8288;9.28257;3350.37;5.58147;0;0;0.1;0.01;0;6.85684;0;0;-1
0;428;-57.952;60.0322;-10.6838;9.74725;3879.14;5.86088;0;0;0.1;0.01;0;5.44973;0;0;-1
0;429;-42.7878;-83.6449;-13.2578;10.0889;4301.5;6.06631;0;0;0.1;0.01;0;4.25685;0;0;-1
0;430;-39.3597;-64.626;-11.5707;9.79525;3936.73;5.88974;0;0;0.1;0.01;0;5.60942;0;0;-1
0;431;-41.0488;-49.3504;-10.6922;8.52157;2592.07;5.1239;0;0;0.1;0.01;0;5.07795;0;0;-1
0;432;-41.2247;-32.6034;-12.3576;9.80366;3946.87;5.8948;0;0;0.1;0.01;0;6.13962;0;0;-1
0;433;-42.0811;-14.3476;-13.5176;10.014;4206.41;6.02127;0;0;0.1;0.01;0;6.08515;0;0;-1
0;434;-40.9201;3.07147;-10.7841;9.48602;3575.53;5.70381;0;0;0.1;0.01;0;5.76833;0;0;-1
0;435;-39.402;20.0887;-11.2089;10.0097;4200.99;6.01869;0;0;0.1;0.01;0;6.27672;0;0;-1
0;436;-42.1282;36.9054;-13.1712;9.33057;3402.62;5.61034;0;0;0.1;0.01;0;7.19936;0;0;-1
0;437;-42.6553;52.2169;-12.628;8.5;2572.44;5.11093;0;0;0.1;0.01;0;5.05237;1;0;-1
0;438;-43.0007;70.6869;-12.558;8.74544;2801.78;5.25851;0;0;0.1;0.01;0;4.72237;0;0;-1
0;439;-43.2522;85.1323;-13.3329;8.5;2572.44;5.11093;0;0;0.1;0.01;0;3.42668;1;0;-1
0;440;-27.9034;-93.1816;-13.0871;9.62079;3730.1;5.78484;0;0;0.1;0.01;0;4.31834;0;0;-1
0;441;-28.1476;-76.8709;-13.004;10.1441;4372.49;6.0995;0;0;0.1;0.01;0;7.05539;0;0;-1
0;442;-24.6952;-56.5739;-12.2881;10.3899;4698.1;6.2473;0;0;0.1;0.01;0;7.30709;0;0;-1
0;443;-27.3632;-41.752;-10.1904;10.4383;4764.07;6.2764;0;0;0.1;0.01;0;7.63292;0;0;-1
0;444;-26.629;-22.2873;-11.8603;10.2193;4470.46;6.14472;0;0;0.1;0.01;0;6.65009;0;0;-1
0;445;-24.9578;-7.30958;-10.3159;8.54228;2611.02;5.13635;0;0;0.1;0.01;0;4.69835;0;0;-1
0;446;-25.1389;9.14494;-10.2564;9.43114;3513.83;5.67081;0;0;0.1;0.01;0;5.17395;0;0;-1
0;447;-27.4322;28.467;-10.5839;10.2555;4518.13;6.16648;0;0;0.1;0.01;0;6.15064;0;0;-1
0;448;-28.3107;42.9611;-10.7766;9.06343;3118.65;5.44971;0;0;0.1;0.01;0;5.62625;0;0;-1
0;449;-24.4441;59.0692;-12.8427;8.80537;2859.77;5.29454;0;0;0.1;0.01;0;4.53581;0;0;-1
0;450;-24.7755;77.6998;-12.2459;9.85517;4009.41;5.92577;0;0;0.1;0.01;0;6.4528;0;0;-1
0;451;-24.86;94.673;-14.012;10.1999;4445.05;6.13305;0;0;0.1;0.01;0;3.54365;0;0;-1
0;452;-13.5519;-83.3073;-11.088;8.5;2572.44;5.11093;0;0;0.1;0.01;0;4.45266;1;0;-1
0;453;-12.7721;-65.4535;-13.2531;8.5;2572.44;5.11093;0;0;0.1;0.01;0;5.52475;1;0;-1
0;454;-12.694;-48.4415;-9.70967;9.49539;3586.14;5.70944;0;0;0.1;0.01;0;6.60706;0;0;-1
0;455;-11.446;-32.3666;-11.7607;10.4018;4714.27;6.25445;0;0;0.1;0.01;0;7.2573;0;0;-1
0;456;-10.3962;-14.2711;-10.7206;8.5;2572.44;5.11093;0;0;0.1;0.01;0;6.05908;1;0;-1
0;457;-10.7153;0.963784;-11.6012;10.2021;4447.92;6.13437;0;0;0.1;0.01;0;7.1594;0;0;-1
0;458;-10.7328;16.97;-11.6231;9.08701;3143.05;5.46389;0;0;0.1;0.01;0;5.76868;0;0;-1
0;459;-11.5919;34.2442;-12.5426;8.56015;2627.44;5.14709;0;0;0.1;0.01;0;4.6194;0;0;-1
0;460;-10.3539;50.965;-10.611;8.54843;2616.66;5.14005;0;0;0.1;0.01;0;5.22035;0;0;-1
0;461;-10.5243;67.4174;-11.6319;9.0735;3129.05;5.45576;0;0;0.1;0.01;0;5.91001;0;0;-1
0;462;-11.6995;87.2564;-12.4368;8.5;2572.44;5.11093;0;0;0.1;0.01;0;4.79304;1;0;-1
0;463;4.39618;-91.5516;-10.5865;8.69412;2752.74;5.22765;0;0;0.1;0.01;0;3.76515;0;0;-1
0;464;1.54236;-75.9936;-12.1298;8.5;2572.44;5.11093;0;0;0.1;0.01;0;5.4901;1;0;-1
0;465;1.34777;-59.4748;-12.8555;8.86284;2916.13;5.3291;0;0;0.1;0.01;0;6.06203;0;0;-1
0;466;1.6803;-41.2589;-12.6223;9.63019;3741.05;5.79049;0;0;0.1;0.01;0;6.53657;0;0;-1
0;467;1.26563;-21.5684;-10.4692;9.21799;3280.93;5.54264;0;0;0.1;0.01;0;6.60826;0;0;-1
0;468;1.59917;-7.44393;-12.1279;8.63646;2698.34;5.19298;0;0;0.1;0.01;0;6.12627;0;0;-1
0;469;3.27877;8.17528;-12.2793;10.1133;4332.79;6.08098;0;0;0.1;0.01;0;6.21205;0;0;-1
0;470;3.18793;25.1278;-13.552;9.05314;3108.04;5.44352;0;0;0.1;0.01;0;4.72168;0;0;-1
0;471;1.98724;43.7627;-10.4969;9.3009;3370.26;5.5925;0;0;0.1;0.01;0;5.57724;0;0;-1
0;472;2.33556;59.5231;-10.7478;9.45512;3540.71;5.68523;0;0;0.1;0.01;0;6.58772;0;0;-1
0;473;2.70606;76.748;-10.3963;8.91847;2971.39;5.36255;0;0;0.1;0.01;0;6.03244;0;0;-1
0;474;3.09695;94.0406;-11.4644;10.2647;4530.3;6.17202;0;0;0.1;0.01;0;4.45948;0;0;-1
0;475;18.819;-85.1767;-10.5398;9.35595;3430.46;5.6256;0;0;0.1;0.01;0;5.7997;0;0;-1
0;476;16.0693;-68.1925;-10.5209;9.47166;3559.32;5.69517;0;0;0.1;0.01;0;6.35417;0;0;-1
0;477;15.9627;-51.4695;-9.87888;9.86583;4022.44;5.93218;0;0;0.1;0.01;0;5.77901;0;0;-1
0;478;15.522;-33.3896;-10.5238;9.65096;3765.3;5.80298;0;0;0.1;0.01;0;5.74268;0;0;-1
0;479;16.0354;-16.2991;-11.4661;8.57311;2639.39;5.15489;0;0;0.1;0.01;0;5.90923;0;0;-1
0;480;16.4166;1.11694;-11.4609;9.38448;3461.94;5.64275;0;0;0.1;0.01;0;5.57954;0;0;-1
0;481;19.4887;20.8983;-10.8776;9.88972;4051.73;5.94655;0;0;0.1;0.01;0;6.04895;0;0;-1
0;482;19.6258;38.189;-13.1664;8.5;2572.44;5.11093;0;0;0.1;0.01;0;5.08345;1;0;-1
0;483;18.1855;54.5352;-11.4702;8.5;2572.44;5.11093;0;0;0.1;0.01;0;4.93046;1;0;-1
0;484;17.3038;71.4349;-10.3205;10.3965;4707.06;6.25126;0;0;0.1;0.01;0;7.11106;0;0;-1
0;485;15.6999;84.9726;-12.5736;8.5;2572.44;5.11093;0;0;0.1;0.01;0;5.45136;1;0;-1
0;486;31.9447;-93.7258;-12.0418;8.83098;2884.8;5.30994;0;0;0.1;0.01;0;1.85617;0;0;-1
0;487;33.361;-76.6505;-12.3225;9.41174;3492.19;5.65914;0;0;0.1;0.01;0;5.65202;0;0;-1
0;488;32.8884;-55.3907;-10.347;9.45135;3536.47;5.68296;0;0;0.1;0.01;0;4.99072;0;0;-1
0;489;34.1679;-38.888;-10.1268;9.62386;3733.67;5.78669;0;0;0.1;0.01;0;6.14334;0;0;-1
0;490;31.2305;-21.3554;-12.2816;9.89423;4057.28;5.94926;0;0;0.1;0.01;0;7.10809;0;0;-1
0;491;33.1375;-6.33945;-10.7741;8.88235;2935.43;5.34083;0;0;0.1;0.01;0;5.56227;0;0;-1
0;492;33.5002;11.7969;-12.9081;10.3784;4682.52;6.24038;0;0;0.1;0.01;0;7.01855;0;0;-1
0;493;31.4741;29.051;-10.8342;9.24443;3309.25;5.55854;0;0;0.1;0.01;0;6.82139;0;0;-1
0;494;33.5377;46.2623;-13.2497;9.56238;3662.58;5.74972;0;0;0.1;0.01;0;5.98863;0;0;-1
0;495;32.789;63.4887;-10.37;8.6173;2680.42;5.18146;0;0;0.1;0.01;0;5.98403;0;0;-1
0;496;32.2624;79.3805;-10.1248;10.0567;4260.45;6.04695;0;0;0.1;0.01;0;6.38574;0;0;-1
0;497;45.9689;-82.9344;-10.7918;8.5;2572.44;5.11093;0;0;0.1;0.01;0;4.15491;1;0;-1
0;498;48.1331;-67.8898;-11.45;9.53328;3629.24;5.73222;0;0;0.1;0.01;0;6.01219;0;0;-1
0;499;47.7033;-47.7315;-11.9655;9.34097;3414.01;5.61659;0;0;0.1;0.01;0;6.11566;0;0;-1
0;500;48.6196;-31.7108;-12.5223;9.05733;3112.36;5.44604;0;0;0.1;0.01;0;5.54081;0;0;-1
0;501;45.5556;-14.7391;-10.9517;9.15165;3210.6;5.50275;0;0;0.1;0.01;0;6.26709;0;0;-1
0;502;46.5951;0.43659;-11.0272;10.1585;4391.14;6.10816;0;0;0.1;0.01;0;7.44549;0;0;-1
0;503;47.7365;18.1159;-13.4365;10.1742;4411.53;6.1176;0;0;0.1;0.01;0;7.74601;0;0;-1
0;504;47.8994;34.6507;-10.5482;9.51622;3609.79;5.72196;0;0;0.1;0.01;0;6.42839;0;0;-1
0;505;45.9465;55.1919;-12.5031;8.5;2572.44;5.11093;0;0;0.1;0.01;0;5.01791;1;0;-1
0;506;46.2874;68.4929;-10.0132;9.24156;3306.16;5.55682;0;0;0.1;0.01;0;6.16944;0;0;-1
0;507;47.6944;85.6435;-13.0975;8.6403;2701.94;5.19529;0;0;0.1;0.01;0;2.33826;0;0;-1
0;508;61.0963;-74.2453;-11.2891;10.3036;4582.01;6.19541;0;0;0.1;0.01;0;3.19891;0;0;-1
0;509;60.3067;-56.0682;-13.2993;9.61516;3723.56;5.78146;0;0;0.1;0.01;0;6.39434;0;0;-1
0;510;61.4405;-42.1472;-11.6205;9.39919;3478.24;5.6516;0;0;0.1;0.01;0;6.41455;0;0;-1
0;511;62.5764;-25.7814;-11.8658;9.28468;3352.66;5.58274;0;0;0.1;0.01;0;5.84363;0;0;-1
0;512;62.7421;-7.6517;-11.5018;9.83406;3983.7;5.91308;0;0;0.1;0.01;0;6.46816;0;0;-1
0;513;60.7336;9.37235;-12.8095;10.2245;4477.29;6.14784;0;0;0.1;0.01;0;6.65854;0;0;-1
0;514;61.9692;28.7521;-10.2187;9.92591;4096.37;5.96831;0;0;0.1;0.01;0;6.3094;0;0;-1
0;515;62.6756;45.9865;-11.1309;9.50542;3597.51;5.71547;0;0;0.1;0.01;0;5.70313;0;0;-1
0;516;63.2364;63.5947;-10.799;10.0981;4313.28;6.07184;0;0;0.1;0.01;0;5.33192;0;0;-1
0;517;61.045;77.9261;-13.7937;8.90529;2958.24;5.35462;0;0;0.1;0.01;0;2.77301;0;0;-1
0;518;77.6084;-47.5287;-10.8099;8.5;2572.44;5.11093;0;0;0.1;0.01;0;3.89223;1;0;-1
0;519;77.3319;-30.0372;-11.2442;8.60685;2670.68;5.17517;0;0;0.1;0.01;0;5.62896;0;0;-1
0;520;75.2986;-14.4412;-10.8533;10.4528;4783.95;6.28512;0;0;0.1;0.01;0;7.8017;0;0;-1
0;521;74.942;1.12043;-10.9933;8.5;2572.44;5.11093;0;0;0.1;0.01;0;6.16754;1;0;-1
0;522;76.6084;18.0098;-13.3374;8.69993;2758.26;5.23114;0;0;0.1;0.01;0;5.74992;0;0;-1
0;523;75.065;34.8517;-12.7113;8.5;2572.44;5.11093;0;0;0.1;0.01;0;5.25339;1;0;-1
0;524;75.3418;51.4799;-10.2316;9.24246;3307.13;5.55736;0;0;0.1;0.01;0;5.72069;0;0;-1
0;525;89.5847;-22.1755;-11.9562;8.5;2572.44;5.11093;0;0;0.1;0.01;0;3.78963;1;0;-1
0;526;90.0684;-4.25033;-10.1461;9.67018;3787.85;5.81454;0;0;0.1;0.01;0;4.1214;0;0;-1
0;527;89.5562;12.008;-11.0214;8.94815;3001.15;5.38039;0;0;0.1;0.01;0;4.80392;0;0;-1
0;528;89.4263;27.027;-11.1987;8.57982;2645.59;5.15892;0;0;0.1;0.01;0;4.51408;0;0;-1
0;529;89.2379;43.5651;-9.84161;10.0381;4236.85;6.03576;0;0;0.1;0.01;0;3.29348;0;0;-1
0;530;-93.9338;-16.5755;2.39662;9.45997;3546.16;5.68814;0;0;0.1;0.01;0;3.17165;0;0;-1
0;531;-95.6882;2.72822;3.43154;9.65336;3768.11;5.80443;0;0;0.1;0.01;0;3.7832;0;0;-1
0;532;-95.9051;18.6898;2.15964;10.2032;4449.36;6.13504;0;0;0.1;0.01;0;3.23957;0;0;-1
0;533;-79.6762;-55.9217;3.03932;8.5;2572.44;5.11093;0;0;0.1;0.01;0;2.64009;1;0;-1
0;534;-82.626;-41.5219;4.685;9.80047;3943.02;5.89288;0;0;0.1;0.01;0;4.17468;0;0;-1
0;535;-80.5967;-23.2267;2.97432;9.80139;3944.13;5.89343;0;0;0.1;0.01;0;6.45311;0;0;-1
0;536;-79.8651;-6.13448;3.72677;9.46528;3552.13;5.69134;0;0;0.1;0.01;0;5.9248;0;0;-1
0;537;-81.7956;10.354;2.71601;8.90491;2957.86;5.35439;0;0;0.1;0.01;0;4.70813;0;0;-1
0;538;-80.6024;25.4929;1.20502;8.5;2572.44;5.11093;0;0;0.1;0.01;0;3.696;1;0;-1
0;539;-82.6822;44.0757;2.76725;10.2457;4505.19;6.16059;0;0;0.1;0.01;0;4.42171;0;0;-1
0;540;-78.9037;61.129;3.3732;9.4202;3501.62;5.66423;0;0;0.1;0.01;0;2.5593;0;0;-1
0;541;-63.8848;-65.5066;1.67811;8.86781;2921.04;5.33209;0;0;0.1;0.01;0;4.00848;0;0;-1
0;542;-64.2796;-47.2872;4.39865;10.2617;4526.33;6.17021;0;0;0.1;0.01;0;6.23442;0;0;-1
0;543;-68.3931;-33.0529;3.55579;8.92266;2975.58;5.36507;0;0;0.1;0.01;0;5.75775;0;0;-1
0;544;-67.7956;-14.8217;1.72187;10.4365;4761.6;6.27532;0;0;0.1;0.01;0;6.92586;0;0;-1
0;545;-67.1952;0.400125;3.7361;10.3306;4618.12;6.21164;0;0;0.1;0.01;0;6.93379;0;0;-1
0;546;-64.7324;17.1284;3.36908;10.4477;4776.95;6.28205;0;0;0.1;0.01;0;6.01948;0;0;-1
0;547;-65.1788;36.5232;3.0959;10.4249;4745.74;6.26834;0;0;0.1;0.01;0;6.60226;0;0;-1
0;548;-65.5685;52.0321;3.22753;9.47993;3568.65;5.70014;0;0;0.1;0.01;0;5.47962;0;0;-1
0;549;-64.9442;70.4126;3.16446;8.5;2572.44;5.11093;0;0;0.1;0.01;0;2.34986;1;0;-1
0;550;-49.9075;-75.3336;3.2441;8.5823;2647.89;5.16041;0;0;0.1;0.01;0;5.00481;0;0;-1
0;551;-50.3445;-59.3844;4.21494;8.71413;2771.79;5.23968;0;0;0.1;0.01;0;5.50707;0;0;-1
0;552;-50.9511;-42.3313;3.33779;8.72965;2786.63;5.24901;0;0;0.1;0.01;0;5.46339;0;0;-1
0;553;-52.1129;-24.4735;3.65595;8.58632;2651.61;5.16283;0;0;0.1;0.01;0;4.18657;0;0;-1
0;554;-49.6398;-5.38149;2.14731;8.5;2572.44;5.11093;0;0;0.1;0.01;0;4.35552;1;0;-1
0;555;-52.3013;10.0584;3.75221;8.5;2572.44;5.11093;0;0;0.1;0.01;0;4.9864;1;0;-1
0;556;-52.7539;25.8358;2.69784;8.5;2572.44;5.11093;0;0;0.1;0.01;0;5.48538;1;0;-1
0;557;-50.2698;42.9862;5.11282;9.8444;3996.28;5.91929;0;0;0.1;0.01;0;5.97336;0;0;-1
0;558;-50.756;63.4576;1.84029;9.04923;3104.01;5.44117;0;0;0.1;0.01;0;5.21368;0;0;-1
0;559;-51.4546;78.1189;1.28463;9.76208;3896.87;5.8698;0;0;0.1;0.01;0;4.43739;0;0;-1
0;560;-34.9746;-84.0163;3.44206;9.36644;3442.01;5.6319;0;0;0.1;0.01;0;5.15497;0;0;-1
0;561;-38.5036;-67.3829;3.24453;9.15764;3216.91;5.50636;0;0;0.1;0.01;0;5.35364;0;0;-1
0;562;-36.7051;-50.3914;4.12311;8.5;2572.44;5.11093;0;0;0.1;0.01;0;5.17218;1;0;-1
0;563;-35.8315;-32.6226;2.67593;9.95707;4135.07;5.98704;0;0;0.1;0.01;0;6.05423;0;0;-1
0;564;-38.0826;-14.0886;3.15078;8.97516;3028.41;5.39663;0;0;0.1;0.01;0;4.98359;0;0;-1
0;565;-36.6342;3.18142;4.03418;8.90095;2953.91;5.35201;0;0;0.1;0.01;0;5.85546;0;0;-1
0;566;-38.139;19.9762;2.91788;10.1518;4382.46;6.10413;0;0;0.1;0.01;0;6.86633;0;0;-1
0;567;-38.1974;36.3098;1.02912;8.89588;2948.87;5.34896;0;0;0.1;0.01;0;5.93159;0;0;-1
0;568;-35.4173;50.8426;2.86443;9.82839;3976.82;5.90967;0;0;0.1;0.01;0;5.01555;0;0;-1
0;569;-35.7469;71.7408;1.34193;10.4423;4769.55;6.2788;0;0;0.1;0.01;0;6.28724;0;0;-1
0;570;-35.3292;87.892;3.29195;9.58234;3685.56;5.76172;0;0;0.1;0.01;0;5.14504;0;0;-1
0;571;-20.7797;-93.6569;1.60295;9.51832;3612.18;5.72323;0;0;0.1;0.01;0;4.3117;0;0;-1
0;572;-20.5677;-76.607;4.59712;8.53528;2604.61;5.13214;0;0;0.1;0.01;0;5.2639;0;0;-1
0;573;-23.6231;-57.6371;1.53959;9.2155;3278.27;5.54115;0;0;0.1;0.01;0;6.00415;0;0;-1
0;574;-23.2235;-40.3591;2.13921;9.25268;3318.11;5.5635;0;0;0.1;0.01;0;6.41875;0;0;-1
0;575;-21.166;-23.0792;3.57064;8.5;2572.44;5.11093;0;0;0.1;0.01;0;5.39844;1;0;-1
0;576;-20.5784;-5.19473;3.34248;8.55675;2624.31;5.14505;0;0;0.1;0.01;0;6.16215;0;0;-1
0;577;-20.1903;9.99323;4.07303;10.1133;4332.79;6.08098;0;0;0.1;0.01;0;6.9004;0;0;-1
0;578;-23.9382;27.5236;1.88907;8.5874;2652.61;5.16348;0;0;0.1;0.01;0;3.99189;0;0;-1
0;579;-19.9328;46.9979;1.82957;9.19996;3261.72;5.5318;0;0;0.1;0.01;0;4.54599;0;0;-1
0;580;-22.0316;63.3223;2.162;9.89483;4058.01;5.94962;0;0;0.1;0.01;0;6.65784;0;0;-1
0;581;-22.1881;77.5559;1.911;9.60554;3712.39;5.77567;0;0;0.1;0.01;0;6.19827;0;0;-1
0;582;-23.3663;96.2366;1.35949;9.90756;4073.7;5.95727;0;0;0.1;0.01;0;3.41951;0;0;-1
0;583;-7.07069;-98.9503;0.928418;10.0776;4287.06;6.05951;0;0;0.1;0.01;0;2.97435;0;0;-1
0;584;-5.64495;-81.0542;3.71756;8.73414;2790.93;5.25171;0;0;0.1;0.01;0;5.62505;0;0;-1
0;585;-9.08319;-66.6485;2.77404;10.3839;4689.97;6.24369;0;0;0.1;0.01;0;5.7509;0;0;-1
0;586;-7.63434;-49.2541;2.31525;8.64791;2709.08;5.19986;0;0;0.1;0.01;0;5.09527;0;0;-1
0;587;-7.46807;-29.9718;2.51897;9.4445;3528.79;5.67884;0;0;0.1;0.01;0;6.35175;0;0;-1
0;588;-8.78031;-14.1915;3.11768;9.71029;3835.18;5.83866;0;0;0.1;0.01;0;6.88057;0;0;-1
0;589;-7.8878;1.80892;3.7767;8.5;2572.44;5.11093;0;0;0.1;0.01;0;5.90037;1;0;-1
0;590;-6.29759;17.3584;1.3481;8.51996;2590.61;5.12293;0;0;0.1;0.01;0;5.93239;0;0;-1
0;591;-6.16383;34.6547;3.70279;9.22465;3288.05;5.54665;0;0;0.1;0.01;0;5.50781;0;0;-1
0;592;-5.7604;51.8012;3.54469;8.5;2572.44;5.11093;0;0;0.1;0.01;0;5.8692;1;0;-1
0;593;-7.56667;71.7832;2.33045;10.3283;4615.04;6.21026;0;0;0.1;0.01;0;6.85414;0;0;-1
0;594;-9.20698;88.3799;3.68165;9.77079;3907.31;5.87503;0;0;0.1;0.01;0;4.97413;0;0;-1
0;595;8.04344;-92.174;3.09611;8.71605;2773.63;5.24083;0;0;0.1;0.01;0;4.70657;0;0;-1
0;596;8.63429;-76.0903;1.82611;9.61678;3725.44;5.78243;0;0;0.1;0.01;0;7.03957;0;0;-1
0;597;5.9528;-58.9256;1.6878;10.096;4310.59;6.07058;0;0;0.1;0.01;0;6.91969;0;0;-1
0;598;7.03405;-42.7416;3.59071;9.83689;3987.15;5.91478;0;0;0.1;0.01;0;6.72623;0;0;-1
0;599;7.5444;-24.9381;1.84791;9.5353;3631.55;5.73344;0;0;0.1;0.01;0;6.50532;0;0;-1
0;600;9.35961;-8.46138;4.44209;10.1237;4346.17;6.08723;0;0;0.1;0.01;0;5.92934;0;0;-1
0;601;5.73687;10.4523;2.77376;8.89902;2951.99;5.35085;0;0;0.1;0.01;0;4.96083;0;0;-1
0;602;7.62952;25.4187;2.11632;9.91149;4078.55;5.95964;0;0;0.1;0.01;0;6.08814;0;0;-1
0;603;8.38128;44.059;2.3502;8.5;2572.44;5.11093;0;0;0.1;0.01;0;5.04483;1;0;-1
0;604;6.91386;60.3852;1.62565;8.5;2572.44;5.11093;0;0;0.1;0.01;0;5.65824;1;0;-1
0;605;8.80255;76.504;2.67972;8.62821;2690.61;5.18802;0;0;0.1;0.01;0;5.79842;0;0;-1
0;606;5.6127;97.9071;1.52265;9.70502;3828.93;5.83549;0;0;0.1;0.01;0;2.82641;0;0;-1
0;607;20.4542;-85.2862;2.17873;8.5;2572.44;5.11093;0;0;0.1;0.01;0;4.15328;1;0;-1
0;608;23.7056;-66.3249;2.7387;10.1485;4378.19;6.10215;0;0;0.1;0.01;0;5.92337;0;0;-1
0;609;22.3821;-47.3566;4.38192;8.61569;2678.91;5.18049;0;0;0.1;0.01;0;4.5821;0;0;-1
0;610;21.7454;-31.0887;1.4749;8.5;2572.44;5.11093;0;0;0.1;0.01;0;5.78897;1;0;-1
0;611;21.4322;-14.7099;1.49523;8.5;2572.44;5.11093;0;0;0.1;0.01;0;5.46869;1;0;-1
0;612;23.2021;4.33791;1.20173;9.49255;3582.92;5.70773;0;0;0.1;0.01;0;5.44828;0;0;-1
0;613;23.3892;20.8341;4.67793;9.56391;3664.33;5.75064;0;0;0.1;0.01;0;6.84012;0;0;-1
0;614;21.9841;37.2962;4.96206;8.5;2572.44;5.11093;0;0;0.1;0.01;0;5.66098;1;0;-1
0;615;22.7749;51.4192;3.72356;9.88732;4048.78;5.9451;0;0;0.1;0.01;0;6.64405;0;0;-1
0;616;21.1352;67.7534;1.65656;9.16445;3224.09;5.51045;0;0;0.1;0.01;0;5.95776;0;0;-1
0;617;21.4044;89.4961;1.13777;10.1186;4339.6;6.08417;0;0;0.1;0.01;0;4.04475;0;0;-1
0;618;38.0376;-75.9256;1.65938;9.44408;3528.32;5.67859;0;0;0.1;0.01;0;6.03245;0;0;-1
0;619;38.5545;-59.6051;4.02884;8.64248;2703.98;5.1966;0;0;0.1;0.01;0;5.2271;0;0;-1
0;620;34.9027;-40.15;3.411;8.9796;3032.91;5.3993;0;0;0.1;0.01;0;5.44892;0;0;-1
0;621;35.0453;-25.7246;1.19949;9.54414;3641.66;5.73875;0;0;0.1;0.01;0;6.10621;0;0;-1
0;622;38.0176;-8.85169;4.48645;9.35846;3433.22;5.62711;0;0;0.1;0.01;0;6.01352;0;0;-1
0;623;37.2312;9.08485;1.45861;9.51894;3612.89;5.7236;0;0;0.1;0.01;0;5.74661;0;0;-1
0;624;36.6643;27.2497;2.87633;9.98295;4167.4;6.0026;0;0;0.1;0.01;0;6.51362;0;0;-1
0;625;35.9286;44.535;1.21381;10.3932;4702.58;6.24928;0;0;0.1;0.01;0;6.87855;0;0;-1
0;626;36.102;62.7042;3.82854;10.293;4567.88;6.18903;0;0;0.1;0.01;0;7.82278;0;0;-1
0;627;37.6626;80.0023;2.52846;10.395;4705.03;6.25036;0;0;0.1;0.01;0;5.13829;0;0;-1
0;628;50.8431;-83.5294;2.90015;8.5;2572.44;5.11093;0;0;0.1;0.01;0;2.98903;1;0;-1
0;629;52.1835;-64.6116;4.04756;9.83279;3982.16;5.91231;0;0;0.1;0.01;0;5.5859;0;0;-1
0;630;50.3228;-48.4676;3.2582;10.1367;4362.93;6.09505;0;0;0.1;0.01;0;6.36339;0;0;-1
0;631;53.4024;-33.6536;4.78989;8.5;2572.44;5.11093;0;0;0.1;0.01;0;5.81172;1;0;-1
0;632;51.3806;-15.8275;2.99235;8.60239;2666.53;5.17249;0;0;0.1;0.01;0;5.11794;0;0;-1
0;633;52.1555;1.13891;2.46564;8.51441;2585.55;5.11959;0;0;0.1;0.01;0;5.43421;0;0;-1
0;634;52.3768;17.0464;1.66606;9.47502;3563.11;5.69719;0;0;0.1;0.01;0;7.31084;0;0;-1
0;635;50.1858;34.3881;2.73411;9.80689;3950.78;5.89674;0;0;0.1;0.01;0;6.23232;0;0;-1
0;636;51.3782;54.6332;4.70241;8.5;2572.44;5.11093;0;0;0.1;0.01;0;5.01711;1;0;-1
0;637;50.0102;67.7117;3.25768;9.09874;3155.24;5.47094;0;0;0.1;0.01;0;4.69869;0;0;-1
0;638;68.0568;-56.0608;4.68209;9.91865;4087.39;5.96394;0;0;0.1;0.01;0;4.38866;0;0;-1
0;639;67.5946;-39.0461;2.3998;9.67029;3787.97;5.81461;0;0;0.1;0.01;0;7.08963;0;0;-1
0;640;64.7334;-24.1611;3.8997;8.59961;2663.94;5.17082;0;0;0.1;0.01;0;5.67697;0;0;-1
0;641;67.8233;-6.65787;4.42787;8.5;2572.44;5.11093;0;0;0.1;0.01;0;4.86715;1;0;-1
0;642;65.6305;12.1999;3.83548;10.2544;4516.68;6.16582;0;0;0.1;0.01;0;6.72038;0;0;-1
0;643;65.4888;25.9317;3.94352;8.5;2572.44;5.11093;0;0;0.1;0.01;0;6.09854;1;0;-1
0;644;66.9142;44.3142;4.36128;9.40417;3483.77;5.65459;0;0;0.1;0.01;0;5.6977;0;0;-1
0;645;67.4237;60.1793;4.32127;9.78995;3930.34;5.88655;0;0;0.1;0.01;0;4.46615;0;0;-1
0;646;82.3271;-47.396;5.10556;9.16647;3226.23;5.51167;0;0;0.1;0.01;0;3.67584;0;0;-1
0;647;82.1707;-33.1089;3.18481;10.4059;4719.84;6.25692;0;0;0.1;0.01;0;5.82311;0;0;-1
0;648;81.395;-15.798;3.84282;9.58771;3691.76;5.76495;0;0;0.1;0.01;0;6.48894;0;0;-1
0;649;79.7728;0.0562767;1.87315;9.17655;3236.88;5.51773;0;0;0.1;0.01;0;5.72937;0;0;-1
0;650;80.9758;18.2538;2.44618;9.17519;3235.44;5.51691;0;0;0.1;0.01;0;6.64345;0;0;-1
0;651;82.536;36.1058;4.09174;10.3563;4652.67;6.22709;0;0;0.1;0.01;0;5.55291;0;0;-1
0;652;82.8036;55.3011;4.89634;9.98006;4163.78;6.00087;0;0;0.1;0.01;0;2.84831;0;0;-1
0;653;95.8373;-23.3882;2.10135;10.372;4673.86;6.23653;0;0;0.1;0.01;0;3.62861;0;0;-1
0;654;96.3569;-7.56408;4.22189;9.30892;3378.99;5.59732;0;0;0.1;0.01;0;3.40585;0;0;-1
0;655;94.5233;12.1135;1.93518;9.59168;3696.35;5.76734;0;0;0.1;0.01;0;4.21326;0;0;-1
0;656;94.3123;26.6331;4.47953;10.0281;4224.2;6.02975;0;0;0.1;0.01;0;4.46429;0;0;-1
0;657;-86.8367;-40.751;19.2028;10.0139;4206.28;6.02121;0;0;0.1;0.01;0;3.22199;0;0;-1
0;658;-85.0816;-21.1767;18.5567;9.39531;3473.94;5.64926;0;0;0.1;0.01;0;3.28247;0;0;-1
0;659;-84.8758;-4.98838;19.2699;9.9256;4095.99;5.96812;0;0;0.1;0.01;0;4.60367;0;0;-1
0;660;-86.6485;10.4808;17.1928;9.41782;3498.97;5.6628;0;0;0.1;0.01;0;4.71504;0;0;-1
0;661;-85.7247;27.1078;18.3023;8.5;2572.44;5.11093;0;0;0.1;0.01;0;3.21762;1;0;-1
0;662;-84.2572;45.3286;18.9256;8.68184;2741.09;5.22026;0;0;0.1;0.01;0;2.72848;0;0;-1
0;663;-72.1076;-63.6405;19.8416;9.46219;3548.65;5.68948;0;0;0.1;0.01;0;3.3562;0;0;-1
0;664;-70.8092;-48.5617;16.6703;9.04696;3101.68;5.43981;0;0;0.1;0.01;0;6.11208;0;0;-1
0;665;-68.9789;-33.8714;19.1891;8.5;2572.44;5.11093;0;0;0.1;0.01;0;5.46748;1;0;-1
0;666;-71.9584;-13.1873;19.0229;9.90376;4069.01;5.95499;0;0;0.1;0.01;0;7.23514;0;0;-1
0;667;-69.3885;2.175;19.7071;9.7357;3865.36;5.85394;0;0;0.1;0.01;0;6.93321;0;0;-1
0;668;-70.2497;18.642;19.2972;9.64972;3763.85;5.80224;0;0;0.1;0.01;0;5.80145;0;0;-1
0;669;-70.293;34.258;16.7434;8.77909;2834.24;5.27874;0;0;0.1;0.01;0;4.32229;0;0;-1
0;670;-70.2532;52.8873;16.2655;8.5;2572.44;5.11093;0;0;0.1;0.01;0;3.91604;1;0;-1
0;671;-58.0218;-74.9475;17.12;10.065;4271;6.05194;0;0;0.1;0.01;0;4.51612;0;0;-1
0;672;-57.4978;-58.6539;18.7021;9.47117;3558.77;5.69488;0;0;0.1;0.01;0;6.43869;0;0;-1
0;673;-56.2022;-39.5342;17.46;10.2399;4497.55;6.1571;0;0;0.1;0.01;0;7.40285;0;0;-1
0;674;-57.0827;-23.2716;16.9192;8.9323;2985.23;5.37086;0;0;0.1;0.01;0;5.73392;0;0;-1
0;675;-55.1854;-6.46369;16.0481;9.97374;4155.88;5.99707;0;0;0.1;0.01;0;6.2439;0;0;-1
0;676;-57.1265;8.61756;17.4116;8.70387;2762.01;5.23351;0;0;0.1;0.01;0;5.38468;0;0;-1
0;677;-55.3792;26.7729;16.7958;9.65507;3770.12;5.80545;0;0;0.1;0.01;0;5.70856;0;0;-1
0;678;-54.9743;46.9013;18.9461;8.5;2572.44;5.11093;0;0;0.1;0.01;0;4.35251;1;0;-1
0;679;-53.9897;61.9318;18.284;8.67427;2733.93;5.21571;0;0;0.1;0.01;0;3.80919;0;0;-1
0;680;-53.7966;78.0482;19.6567;9.60026;3706.27;5.7725;0;0;0.1;0.01;0;2.63903;0;0;-1
0;681;-41.697;-84.616;16.8489;9.64536;3758.75;5.79962;0;0;0.1;0.01;0;4.32877;0;0;-1
0;682;-40.6306;-67.4686;17.737;8.98447;3037.85;5.40223;0;0;0.1;0.01;0;5.51455;0;0;-1
0;683;-40.4674;-47.7798;16.739;9.09298;3149.25;5.46748;0;0;0.1;0.01;0;5.26105;0;0;-1
0;684;-42.53;-33.0291;18.1948;9.56256;3662.78;5.74983;0;0;0.1;0.01;0;6.3542;0;0;-1
0;685;-42.1577;-13.7591;16.4845;8.5;2572.44;5.11093;0;0;0.1;0.01;0;4.9151;1;0;-1
0;686;-39.991;2.2833;17.7241;8.8338;2887.56;5.31164;0;0;0.1;0.01;0;5.08278;0;0;-1
0;687;-42.2123;18.6857;18.4626;8.81873;2872.81;5.30257;0;0;0.1;0.01;0;5.43498;0;0;-1
0;688;-41.1627;33.7378;18.2765;8.97255;3025.77;5.39506;0;0;0.1;0.01;0;5.19108;0;0;-1
0;689;-39.7077;53.21;18.5405;8.97931;3032.62;5.39913;0;0;0.1;0.01;0;4.73822;0;0;-1
0;690;-39.5884;71.4851;16.3977;10.2106;4459.05;6.13949;0;0;0.1;0.01;0;5.90417;0;0;-1
0;691;-41.5962;87.7434;18.5412;8.98874;3042.18;5.4048;0;0;0.1;0.01;0;2.93153;0;0;-1
0;692;-27.7621;-93.4539;16.8298;10.4523;4783.26;6.28482;0;0;0.1;0.01;0;3.98042;0;0;-1
0;693;-27.5072;-72.8558;18.5019;9.83112;3980.13;5.91131;0;0;0.1;0.01;0;6.16578;0;0;-1
0;694;-25.3696;-56.7108;16.2799;8.5;2572.44;5.11093;0;0;0.1;0.01;0;4.44989;1;0;-1
0;695;-24.5037;-40.3853;17.8391;8.88227;2935.35;5.34078;0;0;0.1;0.01;0;5.48476;0;0;-1
0;696;-28.3598;-24.7222;16.3231;9.59361;3698.58;5.7685;0;0;0.1;0.01;0;6.04607;0;0;-1
0;697;-28.3779;-7.18262;16.0116;9.33032;3402.34;5.61019;0;0;0.1;0.01;0;5.29178;0;0;-1
0;698;-26.9621;10.6799;16.4871;9.60486;3711.6;5.77526;0;0;0.1;0.01;0;6.09229;0;0;-1
0;699;-27.4526;28.0496;17.3618;9.05772;3112.76;5.44628;0;0;0.1;0.01;0;5.12876;0;0;-1
0;700;-25.4598;45.9284;17.6324;9.58543;3689.13;5.76358;0;0;0.1;0.01;0;5.76662;0;0;-1
0;701;-28.1543;62.0557;16.4018;9.01678;3070.74;5.42166;0;0;0.1;0.01;0;5.9038;0;0;-1
0;702;-27.412;80.4107;16.3126;10.1887;4430.42;6.12632;0;0;0.1;0.01;0;5.89114;0;0;-1
0;703;-13.2907;-83.6101;17.639;9.77088;3907.42;5.87509;0;0;0.1;0.01;0;5.45764;0;0;-1
0;704;-13.7325;-65.6452;17.0232;8.5;2572.44;5.11093;0;0;0.1;0.01;0;4.20898;1;0;-1
0;705;-11.1811;-47.5335;16.2692;9.7905;3931;5.88689;0;0;0.1;0.01;0;5.44893;0;0;-1
0;706;-12.351;-30.7861;19.3483;8.63701;2698.85;5.19331;0;0;0.1;0.01;0;5.76182;0;0;-1
0;707;-11.5488;-16.1854;17.4723;9.71429;3839.92;5.84106;0;0;0.1;0.01;0;6.34247;0;0;-1
0;708;-13.6716;1.66223;17.1267;10.0878;4300.09;6.06565;0;0;0.1;0.01;0;7.02502;0;0;-1
0;709;-13.1778;20.7886;16.6098;10.0841;4295.36;6.06342;0;0;0.1;0.01;0;6.27055;0;0;-1
0;710;-10.9572;37.3191;17.295;8.97727;3030.55;5.3979;0;0;0.1;0.01;0;5.49491;0;0;-1
0;711;-10.0185;52.3583;18.3022;10.1287;4352.61;6.09024;0;0;0.1;0.01;0;6.64347;0;0;-1
0;712;-11.669;68.4246;18.3702;8.59754;2662.02;5.16958;0;0;0.1;0.01;0;5.20789;0;0;-1
0;713;-11.05;85.2564;18.6691;8.5;2572.44;5.11093;0;0;0.1;0.01;0;3.73715;1;0;-1
0;714;1.68176;-91.9843;17.4366;10.248;4508.23;6.16197;0;0;0.1;0.01;0;3.90836;0;0;-1
0;715;4.58341;-72.2708;15.9804;8.68782;2746.76;5.22386;0;0;0.1;0.01;0;5.15472;0;0;-1
0;716;2.8189;-56.9715;17.3328;8.5;2572.44;5.11093;0;0;0.1;0.01;0;5.5459;1;0;-1
0;717;2.96247;-39.8541;16.6719;9.887;4048.39;5.94491;0;0;0.1;0.01;0;6.58588;0;0;-1
0;718;2.38769;-24.4676;16.4688;8.82136;2875.38;5.30416;0;0;0.1;0.01;0;5.635;0;0;-1
0;719;4.97011;-8.37297;17.114;8.57217;2638.52;5.15432;0;0;0.1;0.01;0;4.7446;0;0;-1
0;720;4.17264;9.64855;16.3841;9.89258;4055.25;5.94826;0;0;0.1;0.01;0;4.89279;0;0;-1
0;721;2.15931;28.5083;16.6427;9.95865;4137.04;5.98799;0;0;0.1;0.01;0;6.2476;0;0;-1
0;722;2.53232;46.1864;15.6177;8.5982;2662.63;5.16997;0;0;0.1;0.01;0;5.80299;0;0;-1
0;723;2.66258;63.4032;15.892;10.4039;4717.12;6.25571;0;0;0.1;0.01;0;6.71285;0;0;-1
0;724;0.996016;77.962;15.938;8.66392;2724.16;5.20949;0;0;0.1;0.01;0;5.68492;0;0;-1
0;725;4.69896;93.0919;17.7709;8.70908;2766.98;5.23664;0;0;0.1;0.01;0;2.89376;0;0;-1
0;726;17.776;-82.3802;17.1056;10.0453;4245.97;6.04009;0;0;0.1;0.01;0;5.13102;0;0;-1
0;727;15.7977;-64.4107;16.3765;8.5;2572.44;5.11093;0;0;0.1;0.01;0;4.94388;1;0;-1
0;728;16.0237;-50.0865;18.3072;9.61978;3728.93;5.78423;0;0;0.1;0.01;0;5.5532;0;0;-1
0;729;18.929;-33.9825;18.1024;8.5;2572.44;5.11093;0;0;0.1;0.01;0;4.31472;1;0;-1
0;730;18.3586;-17.0131;17.3434;9.30503;3374.75;5.59498;0;0;0.1;0.01;0;5.77466;0;0;-1
0;731;17.4599;2.71852;18.4867;8.54447;2613.03;5.13767;0;0;0.1;0.01;0;4.7402;0;0;-1
0;732;16.5775;21.1362;16.2216;9.14026;3198.63;5.49591;0;0;0.1;0.01;0;6.27658;0;0;-1
0;733;16.5199;37.0704;17.4426;8.88866;2941.69;5.34462;0;0;0.1;0.01;0;5.88873;0;0;-1
0;734;19.6649;52.9315;17.691;8.85858;2911.93;5.32654;0;0;0.1;0.01;0;5.16687;0;0;-1
0;735;16.4148;69.7796;17.3873;8.51644;2587.4;5.12081;0;0;0.1;0.01;0;5.15604;0;0;-1
0;736;17.9123;85.6754;16.4535;9.17315;3233.29;5.51568;0;0;0.1;0.01;0;3.56805;0;0;-1
0;737;33.1755;-92.4844;15.9376;9.05955;3114.64;5.44738;0;0;0.1;0.01;0;1.68918;0;0;-1
0;738;33.788;-73.7636;16.1004;9.51316;3606.31;5.72013;0;0;0.1;0.01;0;5.47785;0;0;-1
0;739;33.1789;-55.2473;18.0178;9.15668;3215.9;5.50578;0;0;0.1;0.01;0;4.54163;0;0;-1
0;740;33.6531;-39.025;18.0726;8.5;2572.44;5.11093;0;0;0.1;0.01;0;5.32813;1;0;-1
0;741;31.4401;-24.4827;16.3383;9.37929;3456.2;5.63963;0;0;0.1;0.01;0;6.48194;0;0;-1
0;742;30.7103;-8.06126;18.5963;9.30862;3378.66;5.59714;0;0;0.1;0.01;0;5.49819;0;0;-1
0;743;30.5331;11.567;17.0193;8.87722;2930.35;5.33774;0;0;0.1;0.01;0;5.13377;0;0;-1
0;744;32.0941;26.8789;16.7646;8.78131;2836.39;5.28007;0;0;0.1;0.01;0;5.40479;0;0;-1
0;745;33.2182;45.7678;16.5249;8.5;2572.44;5.11093;0;0;0.1;0.01;0;5.28973;1;0;-1
0;746;30.4903;63.4365;19.4799;9.08213;3137.99;5.46095;0;0;0.1;0.01;0;6.81544;0;0;-1
0;747;30.6497;77.8148;17.847;9.25776;3323.58;5.56656;0;0;0.1;0.01;0;5.18434;0;0;-1
0;748;45.31;-81.2485;16.0888;9.99665;4184.58;6.01084;0;0;0.1;0.01;0;4.7087;0;0;-1
0;749;48.9047;-67.64;17.0114;8.61752;2680.62;5.18159;0;0;0.1;0.01;0;5.08363;0;0;-1
0;750;47.5107;-48.1658;18.5937;8.5;2572.44;5.11093;0;0;0.1;0.01;0;4.60292;1;0;-1
0;751;46.7649;-31.9014;16.6122;9.52674;3621.78;5.72829;0;0;0.1;0.01;0;6.82875;0;0;-1
0;752;46.3597;-15.3179;17.5065;9.96599;4146.2;5.99241;0;0;0.1;0.01;0;6.4024;0;0;-1
0;753;46.2083;4.3924;19.4811;9.61473;3723.06;5.7812;0;0;0.1;0.01;0;5.43112;0;0;-1
0;754;48.7877;20.4701;17.3397;9.77667;3914.37;5.87857;0;0;0.1;0.01;0;6.22908;0;0;-1
0;755;46.8609;34.8798;18.9853;8.5;2572.44;5.11093;0;0;0.1;0.01;0;5.23576;1;0;-1
0;756;45.0839;54.0902;16.5888;10.1386;4365.39;6.09619;0;0;0.1;0.01;0;6.57464;0;0;-1
0;757;46.9766;68.9802;17.7809;8.7934;2848.13;5.28734;0;0;0.1;0.01;0;5.04302;0;0;-1
0;758;45.9405;86.0444;19.67;8.5;2572.44;5.11093;0;0;0.1;0.01;0;1.28353;1;0;-1
0;759;61.2217;-75.4444;17.4872;9.74749;3879.42;5.86102;0;0;0.1;0.01;0;2.82255;0;0;-1
0;760;62.3092;-57.953;18.1597;8.5;2572.44;5.11093;0;0;0.1;0.01;0;4.94681;1;0;-1
0;761;62.5623;-38.7139;16.7054;10.097;4311.87;6.07118;0;0;0.1;0.01;0;7.49575;0;0;-1
0;762;60.4214;-24.2791;16.5085;9.90118;4065.83;5.95344;0;0;0.1;0.01;0;7.54482;0;0;-1
0;763;60.3724;-7.40209;16.7513;8.93108;2984.01;5.37013;0;0;0.1;0.01;0;4.81095;0;0;-1
0;764;62.458;10.6036;16.969;9.45392;3539.36;5.6845;0;0;0.1;0.01;0;5.77919;0;0;-1
0;765;61.6875;28.5354;16.4762;10.2254;4478.47;6.14838;0;0;0.1;0.01;0;7.22237;0;0;-1
0;766;61.8678;45.208;19.0317;8.67367;2733.36;5.21535;0;0;0.1;0.01;0;6.08004;0;0;-1
0;767;62.2918;63.636;19.0454;10.0225;4217.13;6.02638;0;0;0.1;0.01;0;4.83396;0;0;-1
0;768;75.9036;-50.206;19.5147;8.70096;2759.24;5.23176;0;0;0.1;0.01;0;3.01421;0;0;-1
0;769;76.0466;-33.48;18.3419;10.0886;4301.12;6.06613;0;0;0.1;0.01;0;6.13323;0;0;-1
0;770;77.6174;-16.9491;16.7463;8.5;2572.44;5.11093;0;0;0.1;0.01;0;4.96177;1;0;-1
0;771;74.8814;0.854606;19.4129;8.71841;2775.88;5.24225;0;0;0.1;0.01;0;4.44388;0;0;-1
0;772;76.4916;20.1082;16.1845;9.82373;3971.16;5.90687;0;0;0.1;0.01;0;6.53873;0;0;-1
0;773;74.8207;37.92;19.0725;10.3722;4674.14;6.23665;0;0;0.1;0.01;0;6.736;0;0;-1
0;774;76.5245;52.4277;18.7607;8.77615;2831.4;5.27697;0;0;0.1;0.01;0;4.57986;0;0;-1
0;775;91.5289;-22.0693;18.6392;9.7875;3927.39;5.88508;0;0;0.1;0.01;0;4.34487;0;0;-1
0;776;92.7486;-7.35847;19.9365;8.5;2572.44;5.11093;0;0;0.1;0.01;0;2.61834;1;0;-1
0;777;91.7002;9.32718;16.2186;9.05672;3111.73;5.44567;0;0;0.1;0.01;0;2.52587;0;0;-1
0;778;89.4659;26.8431;17.3937;9.35384;3428.14;5.62433;0;0;0.1;0.01;0;4.07905;0;0;-1
0;779;-93.5899;2.40907;34.5637;8.55786;2625.33;5.14572;0;0;0.1;0.01;0;2.84247;0;0;-1
0;780;-82.0401;-39.7098;31.6354;9.85962;4014.85;5.92845;0;0;0.1;0.01;0;3.15464;0;0;-1
0;781;-79.6839;-25.0906;32.4569;9.32437;3395.84;5.60661;0;0;0.1;0.01;0;4.25389;0;0;-1
0;782;-78.9969;-6.09505;34.0257;9.22038;3283.49;5.54408;0;0;0.1;0.01;0;5.97817;0;0;-1
0;783;-80.1766;10.042;31.814;8.73128;2788.19;5.24999;0;0;0.1;0.01;0;4.89517;0;0;-1
0;784;-82.7009;25.8721;30.9182;9.40262;3482.05;5.65366;0;0;0.1;0.01;0;2.74849;0;0;-1
0;785;-79.9051;46.0349;31.3426;8.54151;2610.31;5.13589;0;0;0.1;0.01;0;2.20482;0;0;-1
0;786;-65.9591;-66.8913;33.9526;9.46889;3556.2;5.69351;0;0;0.1;0.01;0;3.41833;0;0;-1
0;787;-66.6283;-47.677;32.2403;9.70994;3834.76;5.83845;0;0;0.1;0.01;0;4.79012;0;0;-1
0;788;-64.3051;-30.7693;34.2056;9.95636;4134.19;5.98661;0;0;0.1;0.01;0;6.55761;0;0;-1
0;789;-66.7745;-15.567;31.0163;8.5;2572.44;5.11093;0;0;0.1;0.01;0;5.95325;1;0;-1
0;790;-65.6083;0.0149917;34.1243;8.9441;2997.08;5.37796;0;0;0.1;0.01;0;5.98685;0;0;-1
0;791;-66.5522;18.127;33.8924;8.5;2572.44;5.11093;0;0;0.1;0.01;0;4.43038;1;0;-1
0;792;-64.409;35.1697;31.6591;8.58667;2651.94;5.16304;0;0;0.1;0.01;0;4.1655;0;0;-1
0;793;-66.8388;53.0615;33.2019;9.91933;4088.23;5.96435;0;0;0.1;0.01;0;3.57389;0;0;-1
0;794;-53.1864;-73.3255;30.6206;10.1149;4334.84;6.08194;0;0;0.1;0.01;0;4.85132;0;0;-1
0;795;-50.1856;-58.7165;30.9859;9.48167;3570.62;5.70119;0;0;0.1;0.01;0;6.02567;0;0;-1
0;796;-49.8373;-38.4004;31.6563;9.72083;3847.68;5.84499;0;0;0.1;0.01;0;6.12802;0;0;-1
0;797;-52.8053;-21.2954;31.1238;8.5;2572.44;5.11093;0;0;0.1;0.01;0;4.91524;1;0;-1
0;798;-52.7039;-7.29199;34.1923;9.66627;3783.25;5.81219;0;0;0.1;0.01;0;4.47796;0;0;-1
0;799;-51.6671;11.8703;31.7776;8.5;2572.44;5.11093;0;0;0.1;0.01;0;4.163;1;0;-1
0;800;-50.7119;29.4039;32.6095;8.5;2572.44;5.11093;0;0;0.1;0.01;0;5.23875;1;0;-1
0;801;-52.7814;43.3409;33.127;8.5;2572.44;5.11093;0;0;0.1;0.01;0;5.24099;1;0;-1
0;802;-51.6433;60.0672;33.9707;8.5;2572.44;5.11093;0;0;0.1;0.01;0;4.23763;1;0;-1
0;803;-35.6433;-85.3954;34.2832;10.1766;4414.65;6.11904;0;0;0.1;0.01;0;3.63715;0;0;-1
0;804;-37.9996;-66.3744;31.2859;8.5;2572.44;5.11093;0;0;0.1;0.01;0;4.55918;1;0;-1
0;805;-37.9459;-47.2905;33.1287;9.74583;3877.44;5.86003;0;0;0.1;0.01;0;5.96543;0;0;-1
0;806;-34.4731;-33.0331;33.0293;10.2533;4515.23;6.16516;0;0;0.1;0.01;0;6.52117;0;0;-1
0;807;-35.1761;-16.2789;32.7137;8.8572;2910.57;5.32571;0;0;0.1;0.01;0;4.12909;0;0;-1
0;808;-35.3373;2.97879;32.2976;8.80953;2863.83;5.29704;0;0;0.1;0.01;0;4.53368;0;0;-1
0;809;-38.3058;17.6712;32.7546;8.96634;3019.49;5.39133;0;0;0.1;0.01;0;4.90058;0;0;-1
0;810;-36.9767;37.9431;31.6624;9.65063;3764.92;5.80278;0;0;0.1;0.01;0;6.08337;0;0;-1
0;811;-36.841;52.4701;32.4208;8.9865;3039.91;5.40345;0;0;0.1;0.01;0;5.22339;0;0;-1
0;812;-37.9023;69.1952;32.1234;8.5;2572.44;5.11093;0;0;0.1;0.01;0;3.35724;1;0;-1
0;813;-20.968;-91.0256;34.0162;9.86408;4020.3;5.93113;0;0;0.1;0.01;0;3.76616;0;0;-1
0;814;-22.9231;-74.3015;32.2326;8.5;2572.44;5.11093;0;0;0.1;0.01;0;5.12025;1;0;-1
0;815;-22.8363;-57.056;34.4241;8.61747;2680.57;5.18156;0;0;0.1;0.01;0;4.58563;0;0;-1
0;816;-21.8595;-42.7441;31.8914;8.61331;2676.69;5.17906;0;0;0.1;0.01;0;5.67968;0;0;-1
0;817;-20.432;-21.6676;31.3791;8.5;2572.44;5.11093;0;0;0.1;0.01;0;3.95923;1;0;-1
0;818;-20.9563;-4.75329;34.0509;9.37895;3455.82;5.63943;0;0;0.1;0.01;0;5.9004;0;0;-1
0;819;-21.7892;11.1916;31.645;8.93559;2988.53;5.37284;0;0;0.1;0.01;0;5.87675;0;0;-1
0;820;-22.9972;29.3695;33.7822;9.49202;3582.32;5.70741;0;0;0.1;0.01;0;5.5549;0;0;-1
0;821;-20.7373;44.2963;33.8103;9.19925;3260.96;5.53138;0;0;0.1;0.01;0;6.29633;0;0;-1
0;822;-20.4348;59.6968;30.9758;8.65751;2718.11;5.20564;0;0;0.1;0.01;0;5.12096;0;0;-1
0;823;-21.7705;76.7154;32.6772;10.0526;4255.24;6.04448;0;0;0.1;0.01;0;4.73753;0;0;-1
0;824;-6.81781;-81.4835;33.008;10.2345;4490.44;6.15386;0;0;0.1;0.01;0;5.73659;0;0;-1
0;825;-7.58282;-65.8489;32.0411;9.11861;3175.96;5.48289;0;0;0.1;0.01;0;4.8523;0;0;-1
0;826;-8.80947;-46.9412;30.7907;9.1191;3176.47;5.48318;0;0;0.1;0.01;0;5.15152;0;0;-1
0;827;-5.46225;-32.6299;31.1749;8.5;2572.44;5.11093;0;0;0.1;0.01;0;4.74381;1;0;-1
0;828;-8.84328;-13.1779;31.5898;10.4144;4731.42;6.26203;0;0;0.1;0.01;0;6.59214;0;0;-1
0;829;-7.46455;3.47484;31.951;9.30981;3379.96;5.59785;0;0;0.1;0.01;0;6.08568;0;0;-1
0;830;-6.85371;21.0001;33.6328;10.0649;4270.88;6.05188;0;0;0.1;0.01;0;5.67602;0;0;-1
0;831;-7.48175;37.7988;34.0871;9.13604;3194.2;5.49337;0;0;0.1;0.01;0;6.14344;0;0;-1
0;832;-5.85351;51.7244;33.6918;8.5;2572.44;5.11093;0;0;0.1;0.01;0;5.49254;1;0;-1
0;833;-7.2036;69.7818;32.3966;8.73803;2794.66;5.25405;0;0;0.1;0.01;0;4.34968;0;0;-1
0;834;-6.78184;88.6511;31.1328;8.56897;2635.57;5.1524;0;0;0.1;0.01;0;2.1673;0;0;-1
0;835;8.24754;-89.4356;34.6613;8.757;2812.9;5.26546;0;0;0.1;0.01;0;3.18265;0;0;-1
0;836;7.70505;-74.4744;32.493;10.4534;4784.77;6.28548;0;0;0.1;0.01;0;7.03295;0;0;-1
0;837;6.34445;-58.9464;31.8189;8.79873;2853.31;5.29055;0;0;0.1;0.01;0;5.10353;0;0;-1
0;838;8.48979;-42.9191;33.2019;10.0561;4259.68;6.04659;0;0;0.1;0.01;0;6.75239;0;0;-1
0;839;6.8656;-23.8852;32.751;8.90408;2957.03;5.35389;0;0;0.1;0.01;0;4.87931;0;0;-1
0;840;7.2136;-6.04522;33.7221;9.87605;4034.95;5.93833;0;0;0.1;0.01;0;6.0517;0;0;-1
0;841;5.64948;8.7929;34.3844;9.10205;3158.68;5.47293;0;0;0.1;0.01;0;4.74235;0;0;-1
0;842;8.33613;27.8161;31.0495;9.25309;3318.55;5.56375;0;0;0.1;0.01;0;5.15846;0;0;-1
0;843;6.79375;42.8917;30.5871;10.1876;4428.99;6.12566;0;0;0.1;0.01;0;6.41946;0;0;-1
0;844;8.63418;61.5752;30.9044;8.68436;2743.48;5.22178;0;0;0.1;0.01;0;4.75561;0;0;-1
0;845;9.1244;78.9376;31.9036;9.46328;3549.88;5.69013;0;0;0.1;0.01;0;4.70436;0;0;-1
0;846;23.1417;-82.6645;33.8596;9.93443;4106.93;5.97343;0;0;0.1;0.01;0;4.76596;0;0;-1
0;847;22.6477;-67.963;33.0035;9.85623;4010.71;5.92641;0;0;0.1;0.01;0;5.40316;0;0;-1
0;848;23.8691;-47.7337;33.3909;8.90151;2954.47;5.35235;0;0;0.1;0.01;0;5.89679;0;0;-1
0;849;21.1361;-32.288;32.4697;10.1635;4397.63;6.11117;0;0;0.1;0.01;0;7.03901;0;0;-1
0;850;22.1163;-14.0048;32.2114;10.1553;4386.99;6.10623;0;0;0.1;0.01;0;6.79643;0;0;-1
0;851;22.3368;0.481195;30.94;8.92445;2977.37;5.36614;0;0;0.1;0.01;0;5.12664;0;0;-1
0;852;23.0062;19.3376;30.4854;9.06881;3124.2;5.45294;0;0;0.1;0.01;0;4.82256;0;0;-1
0;853;22.1076;37.5573;33.9869;9.3486;3422.38;5.62118;0;0;0.1;0.01;0;5.7373;0;0;-1
0;854;23.7937;51.3876;32.5736;9.90615;4071.96;5.95642;0;0;0.1;0.01;0;6.81271;0;0;-1
0;855;22.3276;68.7563;30.999;8.75237;2808.44;5.26267;0;0;0.1;0.01;0;5.90335;0;0;-1
0;856;20.8559;89.3909;34.2279;9.34689;3420.5;5.62015;0;0;0.1;0.01;0;1.60285;0;0;-1
0;857;35.7829;-74.7243;32.7958;8.5;2572.44;5.11093;0;0;0.1;0.01;0;3.42651;1;0;-1
0;858;37.1874;-55.0851;32.841;9.55435;3653.36;5.74489;0;0;0.1;0.01;0;5.76183;0;0;-1
0;859;35.5749;-38.4154;30.8912;8.5;2572.44;5.11093;0;0;0.1;0.01;0;5.3089;1;0;-1
0;860;37.5043;-21.9802;32.1868;8.5;2572.44;5.11093;0;0;0.1;0.01;0;4.75537;1;0;-1
0;861;35.8974;-4.81348;33.211;9.17157;3231.62;5.51473;0;0;0.1;0.01;0;5.72566;0;0;-1
0;862;38.7426;9.35547;32.4847;8.59517;2659.82;5.16815;0;0;0.1;0.01;0;4.91416;0;0;-1
0;863;38.1031;25.5621;32.9992;9.81869;3965.06;5.90384;0;0;0.1;0.01;0;5.59226;0;0;-1
0;864;38.3513;43.1683;33.0916;9.76301;3897.98;5.87036;0;0;0.1;0.01;0;6.02027;0;0;-1
0;865;35.3789;61.8625;33.704;9.76121;3895.83;5.86927;0;0;0.1;0.01;0;6.62626;0;0;-1
0;866;36.8568;77.2523;32.16;10.0224;4217;6.02632;0;0;0.1;0.01;0;5.23672;0;0;-1
0;867;52.8298;-64.6645;31.9364;9.06145;3116.6;5.44852;0;0;0.1;0.01;0;3.97277;0;0;-1
0;868;53.1654;-49.3368;32.1237;9.43641;3519.73;5.67398;0;0;0.1;0.01;0;5.65498;0;0;-1
0;869;52.069;-33.3857;32.4041;9.52844;3623.71;5.72931;0;0;0.1;0.01;0;6.13917;0;0;-1
0;870;51.5458;-17.3182;31.5965;9.93219;4104.15;5.97208;0;0;0.1;0.01;0;6.32038;0;0;-1
0;871;53.2126;0.914437;33.877;10.0205;4214.6;6.02518;0;0;0.1;0.01;0;6.86764;0;0;-1
0;872;52.4628;17.8233;33.3877;8.9672;3020.36;5.39185;0;0;0.1;0.01;0;6.0165;0;0;-1
0;873;53.4752;38.1506;32.2418;8.9671;3020.26;5.39179;0;0;0.1;0.01;0;6.03609;0;0;-1
0;874;53.2669;53.1805;33.3235;9.60563;3712.5;5.77573;0;0;0.1;0.01;0;6.96876;0;0;-1
0;875;51.4268;68.3289;32.418;9.14929;3208.12;5.50134;0;0;0.1;0.01;0;4.86841;0;0;-1
0;876;67.258;-58.0714;32.4297;8.83388;2887.64;5.31168;0;0;0.1;0.01;0;3.29196;0;0;-1
0;877;67.6949;-38.6037;31.5518;9.31078;3381.01;5.59844;0;0;0.1;0.01;0;5.34574;0;0;-1
0;878;66.3917;-21.8148;31.9627;9.12977;3187.63;5.4896;0;0;0.1;0.01;0;5.27127;0;0;-1
0;879;66.9407;-4.76917;32.6312;9.85842;4013.38;5.92772;0;0;0.1;0.01;0;5.72538;0;0;-1
0;880;67.2115;10.3592;32.9744;8.94914;3002.15;5.38099;0;0;0.1;0.01;0;6.55158;0;0;-1
0;881;66.2112;28.0112;33.7823;8.61621;2679.4;5.1808;0;0;0.1;0.01;0;5.82077;0;0;-1
0;882;67.3148;45.6444;31.0819;9.11558;3172.79;5.48107;0;0;0.1;0.01;0;6.46682;0;0;-1
0;883;67.0152;59.5023;32.076;9.87652;4035.53;5.93861;0;0;0.1;0.01;0;4.75403;0;0;-1
0;884;79.943;-30.258;33.8301;9.91075;4077.63;5.95919;0;0;0.1;0.01;0;4.39753;0;0;-1
0;885;80.1757;-15.9617;30.7231;8.8039;2858.34;5.29366;0;0;0.1;0.01;0;4.50579;0;0;-1
0;886;79.6581;3.6891;33.5502;10.0827;4293.58;6.06258;0;0;0.1;0.01;0;4.94875;0;0;-1
0;887;80.7177;19.6995;34.1953;8.73611;2792.82;5.2529;0;0;0.1;0.01;0;3.84866;0;0;-1
0;888;80.5435;33.6344;31.9211;8.98096;3034.29;5.40012;0;0;0.1;0.01;0;4.25747;0;0;-1
0;889;-86.3529;-6.44462;47.2377;9.7781;3916.08;5.87943;0;0;0.1;0.01;0;3.24479;0;0;-1
0;890;-85.6615;9.85603;47.7933;10.4049;4718.48;6.25632;0;0;0.1;0.01;0;3.02276;0;0;-1
0;891;-69.0187;-49.9844;48.7987;10.4318;4755.17;6.27249;0;0;0.1;0.01;0;2.88082;0;0;-1
0;892;-69.3939;-33.7496;47.9854;8.5;2572.44;5.11093;0;0;0.1;0.01;0;4.09353;1;0;-1
0;893;-69.3657;-13.364;47.6959;9.91875;4087.52;5.964;0;0;0.1;0.01;0;5.72634;0;0;-1
0;894;-71.515;0.840023;46.7762;8.91111;2964.04;5.35812;0;0;0.1;0.01;0;5.62361;0;0;-1
0;895;-68.5658;18.0392;47.0532;8.75571;2811.66;5.26468;0;0;0.1;0.01;0;3.93455;0;0;-1
0;896;-70.578;36.4594;49.3648;9.25688;3322.63;5.56603;0;0;0.1;0.01;0;1.72432;0;0;-1
0;897;-56.636;-59.6022;46.1525;8.92538;2978.3;5.3667;0;0;0.1;0.01;0;4.10221;0;0;-1
0;898;-57.057;-39.1335;47.6026;9.30218;3371.65;5.59327;0;0;0.1;0.01;0;5.7782;0;0;-1
0;899;-57.0505;-23.2627;47.2577;8.5;2572.44;5.11093;0;0;0.1;0.01;0;5.45268;1;0;-1
0;900;-56.8237;-6.9138;48.8069;9.56046;3660.37;5.74857;0;0;0.1;0.01;0;5.90538;0;0;-1
0;901;-54.5963;12.7563;45.9874;8.6949;2753.48;5.22812;0;0;0.1;0.01;0;4.41996;0;0;-1
0;902;-57.702;29.7403;45.981;8.5;2572.44;5.11093;0;0;0.1;0.01;0;4.65914;1;0;-1
0;903;-56.2999;45.9418;47.0285;8.5;2572.44;5.11093;0;0;0.1;0.01;0;4.46062;1;0;-1
0;904;-54.4423;61.3017;46.4132;8.73256;2789.42;5.25076;0;0;0.1;0.01;0;3.49893;0;0;-1
0;905;-40.651;-64.3863;45.88;8.77308;2828.43;5.27513;0;0;0.1;0.01;0;3.66403;0;0;-1
0;906;-40.4064;-50.576;48.2068;9.14813;3206.9;5.50064;0;0;0.1;0.01;0;5.15984;0;0;-1
0;907;-43.1997;-30.0715;46.0965;10.1709;4407.24;6.11561;0;0;0.1;0.01;0;6.05443;0;0;-1
0;908;-41.5093;-14.296;49.079;8.5;2572.44;5.11093;0;0;0.1;0.01;0;4.98918;1;0;-1
0;909;-41.6434;0.774318;49.2638;8.65928;2719.78;5.2067;0;0;0.1;0.01;0;4.60038;0;0;-1
0;910;-42.0948;16.7738;48.268;10.2808;4551.66;6.1817;0;0;0.1;0.01;0;5.92187;0;0;-1
0;911;-42.3277;35.879;45.2255;8.59133;2656.26;5.16584;0;0;0.1;0.01;0;4.94952;0;0;-1
0;912;-41.2184;53.2399;48.9059;10.1348;4360.48;6.09391;0;0;0.1;0.01;0;6.53524;0;0;-1
0;913;-42.4845;69.719;48.0987;9.85071;4003.97;5.92309;0;0;0.1;0.01;0;4.23756;0;0;-1
0;914;-27.831;-76.7476;46.7393;9.0812;3137.03;5.46039;0;0;0.1;0.01;0;2.96139;0;0;-1
0;915;-26.1699;-55.5078;48.3171;8.59395;2658.69;5.16742;0;0;0.1;0.01;0;5.99515;0;0;-1
0;916;-27.6867;-41.489;46.5286;9.63897;3751.29;5.79577;0;0;0.1;0.01;0;7.57683;0;0;-1
0;917;-28.0307;-24.2547;49.4387;8.5;2572.44;5.11093;0;0;0.1;0.01;0;4.80389;1;0;-1
0;918;-25.7053;-8.79583;47.3262;8.5;2572.44;5.11093;0;0;0.1;0.01;0;4.63737;1;0;-1
0;919;-26.6707;12.0298;46.5384;9.92574;4096.16;5.9682;0;0;0.1;0.01;0;5.77813;0;0;-1
0;920;-26.9564;29.5868;48.5549;10.2075;4454.99;6.13762;0;0;0.1;0.01;0;7.06317;0;0;-1
0;921;-26.3515;45.1526;48.8362;9.22863;3292.31;5.54904;0;0;0.1;0.01;0;6.11963;0;0;-1
0;922;-25.8912;60.8798;46.5177;10.3198;4603.65;6.20515;0;0;0.1;0.01;0;6.87327;0;0;-1
0;923;-25.5716;79.3372;48.5024;9.1597;3219.08;5.50759;0;0;0.1;0.01;0;3.17553;0;0;-1
0;924;-12.36;-80.7919;46.015;8.874;2927.16;5.33581;0;0;0.1;0.01;0;3.0701;0;0;-1
0;925;-11.8834;-64.6896;47.9624;8.62741;2689.86;5.18754;0;0;0.1;0.01;0;4.45656;0;0;-1
0;926;-13.4931;-47.9735;46.5683;10.3686;4669.27;6.23449;0;0;0.1;0.01;0;7.51971;0;0;-1
0;927;-12.6923;-33.5679;49.1082;10.005;4195.08;6.01586;0;0;0.1;0.01;0;5.88129;0;0;-1
0;928;-11.4138;-13.8811;48.6932;9.93402;4106.42;5.97318;0;0;0.1;0.01;0;6.77216;0;0;-1
0;929;-11.0346;0.269704;46.1086;9.49154;3581.78;5.70713;0;0;0.1;0.01;0;6.6513;0;0;-1
0;930;-13.1747;19.5116;47.8668;10.0132;4205.4;6.02079;0;0;0.1;0.01;0;6.25889;0;0;-1
0;931;-11.2569;37.0956;49.0547;8.84922;2902.71;5.32091;0;0;0.1;0.01;0;6.45229;0;0;-1
0;932;-12.2005;52.5442;48.7869;9.02879;3083.03;5.42888;0;0;0.1;0.01;0;7.20843;0;0;-1
0;933;-11.7499;69.7927;48.0816;10.1432;4371.33;6.09896;0;0;0.1;0.01;0;5.86729;0;0;-1
0;934;-12.818;86.6164;47.9948;8.5;2572.44;5.11093;0;0;0.1;0.01;0;1.66596;1;0;-1
0;935;2.05697;-73.1383;45.8811;8.5;2572.44;5.11093;0;0;0.1;0.01;0;4.91221;1;0;-1
0;936;1.61299;-59.436;46.6214;8.99434;3047.87;5.40817;0;0;0.1;0.01;0;5.60843;0;0;-1
0;937;2.35524;-42.2793;46.9536;9.40872;3488.83;5.65733;0;0;0.1;0.01;0;5.65077;0;0;-1
0;938;1.44484;-22.4068;48.5092;9.3869;3464.62;5.64421;0;0;0.1;0.01;0;5.82106;0;0;-1
0;939;4.30945;-5.38815;49.0408;9.50215;3593.8;5.7135;0;0;0.1;0.01;0;6.81281;0;0;-1
0;940;3.22213;8.86634;49.2393;9.40384;3483.41;5.65439;0;0;0.1;0.01;0;5.80865;0;0;-1
0;941;1.82053;29.6341;47.3285;8.5;2572.44;5.11093;0;0;0.1;0.01;0;5.05042;1;0;-1
0;942;1.08461;45.5417;47.5975;8.53776;2606.88;5.13363;0;0;0.1;0.01;0;6.17084;0;0;-1
0;943;1.49006;60.6231;45.6682;9.03964;3094.15;5.4354;0;0;0.1;0.01;0;5.43635;0;0;-1
0;944;4.93191;79.7288;48.6601;10.1102;4328.8;6.07912;0;0;0.1;0.01;0;3.00521;0;0;-1
0;945;18.9269;-84.4722;48.8953;8.82496;2878.9;5.30632;0;0;0.1;0.01;0;1.95459;0;0;-1
0;946;18.2799;-65.932;46.7135;9.13393;3191.99;5.4921;0;0;0.1;0.01;0;4.69387;0;0;-1
0;947;16.9309;-49.4122;46.2832;8.5;2572.44;5.11093;0;0;0.1;0.01;0;4.61557;1;0;-1
0;948;19.3928;-34.4002;45.9294;10.2763;4545.68;6.17899;0;0;0.1;0.01;0;6.56862;0;0;-1
0;949;16.1446;-14.859;48.4586;9.22523;3288.67;5.547;0;0;0.1;0.01;0;6.34172;0;0;-1
0;950;18.7801;1.80751;48.5181;8.50641;2578.26;5.11478;0;0;0.1;0.01;0;5.65767;0;0;-1
0;951;17.3932;17.4871;46.776;9.55479;3653.86;5.74516;0;0;0.1;0.01;0;5.23522;0;0;-1
0;952;16.0266;36.3996;49.0122;8.5;2572.44;5.11093;0;0;0.1;0.01;0;4.95154;1;0;-1
0;953;19.2412;50.8481;45.5664;9.03341;3087.76;5.43166;0;0;0.1;0.01;0;5.11204;0;0;-1
0;954;17.4146;71.0985;46.7945;9.52319;3617.73;5.72616;0;0;0.1;0.01;0;4.54389;0;0;-1
0;955;33.2089;-74.2731;48.7909;8.9766;3029.87;5.3975;0;0;0.1;0.01;0;3.24462;0;0;-1
0;956;33.1104;-57.1336;47.8284;9.60965;3717.16;5.77814;0;0;0.1;0.01;0;6.04756;0;0;-1
0;957;33.476;-39.2155;45.8255;9.85133;4004.73;5.92346;0;0;0.1;0.01;0;6.54256;0;0;-1
0;958;30.7971;-22.5156;46.1734;9.98303;4167.5;6.00265;0;0;0.1;0.01;0;6.38799;0;0;-1
0;959;31.9802;-5.0431;47.7727;9.48791;3577.67;5.70494;0;0;0.1;0.01;0;5.83387;0;0;-1
0;960;33.2586;12.0647;47.6437;9.44032;3524.1;5.67633;0;0;0.1;0.01;0;5.47923;0;0;-1
0;961;30.6863;25.7828;46.9812;9.75134;3884.02;5.86334;0;0;0.1;0.01;0;6.52891;0;0;-1
0;962;32.7089;43.2094;48.5137;8.95476;3007.81;5.38437;0;0;0.1;0.01;0;6.11668;0;0;-1
0;963;31.8858;59.3301;48.6135;9.99243;4179.28;6.0083;0;0;0.1;0.01;0;6.93181;0;0;-1
0;964;30.9335;76.2506;47.6981;9.44588;3530.33;5.67967;0;0;0.1;0.01;0;4.12658;0;0;-1
0;965;45.9638;-63.7085;46.5655;8.50235;2574.57;5.11234;0;0;0.1;0.01;0;3.30953;0;0;-1
0;966;46.1721;-47.4735;47.5723;10.2055;4452.37;6.13642;0;0;0.1;0.01;0;6.42861;0;0;-1
0;967;47.6545;-31.4631;46.2946;8.5;2572.44;5.11093;0;0;0.1;0.01;0;5.04365;1;0;-1
0;968;45.2303;-13.9454;49.0295;9.26855;3335.22;5.57304;0;0;0.1;0.01;0;5.88914;0;0;-1
0;969;45.8982;-0.221175;45.3757;8.5;2572.44;5.11093;0;0;0.1;0.01;0;5.34646;1;0;-1
0;970;47.7156;20.7852;46.8832;10.0206;4214.73;6.02524;0;0;0.1;0.01;0;7.1677;0;0;-1
0;971;45.3015;36.6194;48.5886;9.44979;3534.72;5.68202;0;0;0.1;0.01;0;6.80147;0;0;-1
0;972;46.4689;54.7689;49.103;9.69619;3818.49;5.83018;0;0;0.1;0.01;0;5.88084;0;0;-1
0;973;45.6611;72.0076;48.418;9.86394;4020.13;5.93104;0;0;0.1;0.01;0;3.34338;0;0;-1
0;974;63.7037;-58.7693;46.4853;8.74716;2803.43;5.25954;0;0;0.1;0.01;0;2.38129;0;0;-1
0;975;62.0105;-42.3746;47.6477;9.36522;3440.67;5.63117;0;0;0.1;0.01;0;5.0486;0;0;-1
0;976;59.8969;-24.0698;48.5223;8.5;2572.44;5.11093;0;0;0.1;0.01;0;4.86057;1;0;-1
0;977;63.6091;-8.70022;46.817;10.1425;4370.42;6.09854;0;0;0.1;0.01;0;6.67308;0;0;-1
0;978;60.6643;8.13331;47.1486;9.86993;4027.46;5.93465;0;0;0.1;0.01;0;6.38265;0;0;-1
0;979;61.5214;26.8106;46.113;9.90075;4065.3;5.95318;0;0;0.1;0.01;0;6.42639;0;0;-1
0;980;60.1719;43.647;46.0427;10.1384;4365.13;6.09607;0;0;0.1;0.01;0;6.24291;0;0;-1
0;981;61.1685;61.0037;46.9965;9.12844;3186.24;5.4888;0;0;0.1;0.01;0;3.75947;0;0;-1
0;982;77.2989;-30.3697;48.6465;8.61289;2676.3;5.17881;0;0;0.1;0.01;0;2.62325;0;0;-1
0;983;77.1312;-17.1029;47.7322;8.5;2572.44;5.11093;0;0;0.1;0.01;0;3.16181;1;0;-1
0;984;75.5674;1.8311;46.5457;9.84126;3992.46;5.91741;0;0;0.1;0.01;0;5.0468;0;0;-1
0;985;78.6897;17.3387;48.8008;10.0526;4255.24;6.04448;0;0;0.1;0.01;0;4.1847;0;0;-1
0;986;75.2831;34.6966;45.9202;10.2898;4563.62;6.18711;0;0;0.1;0.01;0;4.40602;0;0;-1
0;987;-65.6124;-30.2904;62.2633;8.57744;2643.39;5.15749;0;0;0.1;0.01;0;3.43654;0;0;-1
0;988;-66.5781;-15.4238;63.5465;8.87947;2932.58;5.3391;0;0;0.1;0.01;0;3.54096;0;0;-1
0;989;-66.6932;0.55169;61.3366;8.52153;2592.04;5.12387;0;0;0.1;0.01;0;3.4785;0;0;-1
0;990;-66.1522;19.5155;63.934;9.60852;3715.85;5.77746;0;0;0.1;0.01;0;3.35452;0;0;-1
0;991;-51.8181;-58.4825;60.4494;9.06277;3117.97;5.44931;0;0;0.1;0.01;0;2.13865;0;0;-1
0;992;-51.4185;-38.7573;63.6254;10.4312;4754.35;6.27213;0;0;0.1;0.01;0;5.19749;0;0;-1
0;993;-50.7472;-24.5018;63.3019;8.99047;3043.94;5.40584;0;0;0.1;0.01;0;6.41257;0;0;-1
0;994;-52.7018;-8.79497;61.3381;8.75928;2815.1;5.26683;0;0;0.1;0.01;0;4.57527;0;0;-1
0;995;-53.4872;10.3269;61.6453;10.3467;4639.75;6.22132;0;0;0.1;0.01;0;5.60396;0;0;-1
0;996;-53.0212;27.1223;62.1037;8.5119;2583.26;5.11808;0;0;0.1;0.01;0;4.04147;0;0;-1
0;997;-51.7549;46.5236;61.8046;9.49673;3587.66;5.71025;0;0;0.1;0.01;0;3.02777;0;0;-1
0;998;-36.3696;-47.5581;60.5194;9.31429;3384.84;5.60055;0;0;0.1;0.01;0;6.18494;0;0;-1
0;999;-36.9149;-33.1702;64.1635;8.56914;2635.73;5.1525;0;0;0.1;0.01;0;5.89101;0;0;-1
0;1000;-35.4748;-15.6535;62.6713;9.77893;3917.08;5.87993;0;0;0.1;0.01;0;6.62126;0;0;-1
0;1001;-36.1665;1.45768;63.9644;8.73934;2795.92;5.25484;0;0;0.1;0.01;0;4.8769;0;0;-1
0;1002;-35.0654;19.5866;62.2229;8.80965;2863.94;5.29711;0;0;0.1;0.01;0;5.88665;0;0;-1
0;1003;-35.2261;37.0924;60.6617;9.96828;4149.06;5.99378;0;0;0.1;0.01;0;6.29419;0;0;-1
0;1004;-38.3034;52.2574;63.8418;9.47991;3568.63;5.70013;0;0;0.1;0.01;0;3.9453;0;0;-1
0;1005;-38.3167;67.9546;60.7027;9.61487;3723.22;5.78128;0;0;0.1;0.01;0;3.18304;0;0;-1
0;1006;-21.3181;-73.2336;63.7652;8.5;2572.44;5.11093;0;0;0.1;0.01;0;1.71309;1;0;-1
0;1007;-23.2937;-57.029;62.2437;10.4;4711.82;6.25337;0;0;0.1;0.01;0;6.18623;0;0;-1
0;1008;-22.2406;-40.862;61.3907;10.2717;4539.58;6.17622;0;0;0.1;0.01;0;8.02908;0;0;-1
0;1009;-21.3061;-22.7358;63.6636;8.53442;2603.82;5.13162;0;0;0.1;0.01;0;6.24166;0;0;-1
0;1010;-21.9756;-5.56714;62.128;10.3597;4657.26;6.22914;0;0;0.1;0.01;0;6.43809;0;0;-1
0;1011;-22.1205;10.5168;60.8543;8.5;2572.44;5.11093;0;0;0.1;0.01;0;3.63271;1;0;-1
0;1012;-23.7881;26.8111;63.5254;9.01866;3072.66;5.42279;0;0;0.1;0.01;0;4.69382;0;0;-1
0;1013;-22.4073;44.4776;62.808;9.87176;4029.7;5.93575;0;0;0.1;0.01;0;6.77295;0;0;-1
0;1014;-21.8323;59.7064;60.1772;8.81698;2871.1;5.30152;0;0;0.1;0.01;0;5.43734;0;0;-1
0;1015;-7.87369;-67.6899;60.3433;8.52518;2595.37;5.12607;0;0;0.1;0.01;0;3.89186;0;0;-1
0;1016;-7.87077;-47.705;63.1304;10.2311;4485.96;6.15181;0;0;0.1;0.01;0;6.71315;0;0;-1
0;1017;-5.56421;-29.8856;63.3985;9.05885;3113.92;5.44696;0;0;0.1;0.01;0;6.57406;0;0;-1
0;1018;-6.85251;-15.334;60.9654;8.54701;2615.36;5.13919;0;0;0.1;0.01;0;6.62464;0;0;-1
0;1019;-8.78691;0.618352;60.771;8.5;2572.44;5.11093;0;0;0.1;0.01;0;4.7135;1;0;-1
0;1020;-6.95734;20.8344;60.3898;8.92528;2978.2;5.36664;0;0;0.1;0.01;0;4.61714;0;0;-1
0;1021;-8.83342;36.0076;63.576;9.68264;3802.51;5.82203;0;0;0.1;0.01;0;7.0492;0;0;-1
0;1022;-6.47366;52.1432;61.035;9.64341;3756.48;5.79844;0;0;0.1;0.01;0;7.58097;0;0;-1
0;1023;-7.43599;67.6714;60.8787;10.3052;4584.14;6.19637;0;0;0.1;0.01;0;4.93613;0;0;-1
0;1024;5.31638;-73.7729;61.9522;8.5;2572.44;5.11093;0;0;0.1;0.01;0;2.23631;1;0;-1
0;1025;6.87423;-57.4046;62.3009;10.176;4413.87;6.11868;0;0;0.1;0.01;0;5.81761;0;0;-1
0;1026;7.74332;-39.3528;61.037;8.5;2572.44;5.11093;0;0;0.1;0.01;0;4.55265;1;0;-1
0;1027;6.38201;-22.6909;62.3436;9.92312;4092.92;5.96663;0;0;0.1;0.01;0;6.71205;0;0;-1
0;1028;9.17363;-6.37289;62.4713;10.2402;4497.94;6.15728;0;0;0.1;0.01;0;6.85687;0;0;-1
0;1029;8.77934;12.1958;62.2402;8.66534;2725.5;5.21034;0;0;0.1;0.01;0;4.78701;0;0;-1
0;1030;7.91936;26.3204;63.4094;8.5;2572.44;5.11093;0;0;0.1;0.01;0;5.49431;1;0;-1
0;1031;7.42389;42.0722;60.0836;10.2988;4575.6;6.19252;0;0;0.1;0.01;0;6.63372;0;0;-1
0;1032;6.63766;63.0857;63.2897;9.3194;3390.41;5.60362;0;0;0.1;0.01;0;4.62249;0;0;-1
0;1033;21.3014;-63.8626;60.9646;8.5;2572.44;5.11093;0;0;0.1;0.01;0;3.70094;1;0;-1
0;1034;23.2534;-50.296;61.9516;8.5;2572.44;5.11093;0;0;0.1;0.01;0;4.43563;1;0;-1
0;1035;20.9381;-32.3604;61.0319;8.5;2572.44;5.11093;0;0;0.1;0.01;0;3.83443;1;0;-1
0;1036;24.213;-12.6714;60.3659;8.5;2572.44;5.11093;0;0;0.1;0.01;0;5.40694;1;0;-1
0;1037;20.6129;2.95339;61.785;8.5;2572.44;5.11093;0;0;0.1;0.01;0;5.06415;1;0;-1
0;1038;23.0816;19.7995;63.7346;10.3275;4613.96;6.20978;0;0;0.1;0.01;0;7.34182;0;0;-1
0;1039;21.9247;37.8427;63.1542;8.70203;2760.26;5.2324;0;0;0.1;0.01;0;5.68768;0;0;-1
0;1040;21.5782;53.1562;60.425;8.5;2572.44;5.11093;0;0;0.1;0.01;0;5.29657;1;0;-1
0;1041;22.1359;69.1068;61.3876;9.0674;3122.75;5.4521;0;0;0.1;0.01;0;3.39214;0;0;-1
0;1042;34.6677;-59.729;63.5391;8.5;2572.44;5.11093;0;0;0.1;0.01;0;2.17341;1;0;-1
0;1043;36.1542;-39.3426;62.5728;9.23923;3303.66;5.55541;0;0;0.1;0.01;0;4.51298;0;0;-1
0;1044;38.1829;-22.816;61.8986;8.81792;2872.02;5.30209;0;0;0.1;0.01;0;4.89368;0;0;-1
0;1045;35.7955;-5.05866;62.6123;8.95321;3006.25;5.38344;0;0;0.1;0.01;0;4.80341;0;0;-1
0;1046;38.2711;12.2901;61.3809;9.45337;3538.74;5.68417;0;0;0.1;0.01;0;5.6489;0;0;-1
0;1047;37.9519;26.2065;60.2461;8.5;2572.44;5.11093;0;0;0.1;0.01;0;6.73417;1;0;-1
0;1048;35.5211;43.3594;63.5222;9.23679;3301.05;5.55395;0;0;0.1;0.01;0;5.6292;0;0;-1
0;1049;38.661;60.4743;63.3804;9.72555;3853.28;5.84783;0;0;0.1;0.01;0;3.94801;0;0;-1
0;1050;53.4602;-48.7327;61.742;9.52246;3616.9;5.72572;0;0;0.1;0.01;0;3.22449;0;0;-1
0;1051;50.3647;-33.3933;60.8831;8.5;2572.44;5.11093;0;0;0.1;0.01;0;4.87587;1;0;-1
0;1052;51.0243;-15.2809;62.139;9.58171;3684.83;5.76134;0;0;0.1;0.01;0;5.69756;0;0;-1
0;1053;50.0308;0.793999;62.6967;8.5;2572.44;5.11093;0;0;0.1;0.01;0;4.12859;1;0;-1
0;1054;50.552;20.6988;60.926;8.5;2572.44;5.11093;0;0;0.1;0.01;0;5.72388;1;0;-1
0;1055;50.8718;34.8057;61.8202;9.8158;3961.56;5.9021;0;0;0.1;0.01;0;6.01772;0;0;-1
0;1056;53.6938;53.0075;62.737;10.1404;4367.71;6.09728;0;0;0.1;0.01;0;3.14234;0;0;-1
0;1057;67.0784;-40.8574;60.8966;10.4293;4751.76;6.27099;0;0;0.1;0.01;0;2.85237;0;0;-1
0;1058;64.4546;-21.5175;62.1419;8.5;2572.44;5.11093;0;0;0.1;0.01;0;2.95921;1;0;-1
0;1059;64.4389;-5.43641;61.873;8.5;2572.44;5.11093;0;0;0.1;0.01;0;4.08019;1;0;-1
0;1060;66.7719;9.19763;60.6537;9.7064;3830.57;5.83632;0;0;0.1;0.01;0;3.28656;0;0;-1
0;1061;65.1727;25.0287;60.1641;8.80062;2855.15;5.29169;0;0;0.1;0.01;0;2.81934;0;0;-1
0;1062;-54.4203;-23.7631;75.9847;9.34551;3418.99;5.61932;0;0;0.1;0.01;0;3.60272;0;0;-1
0;1063;-56.5087;-4.70405;78.7076;8.5;2572.44;5.11093;0;0;0.1;0.01;0;1.66229;1;0;-1
0;1064;-54.9422;10.6819;76.2447;9.32397;3395.4;5.60637;0;0;0.1;0.01;0;3.90519;0;0;-1
0;1065;-56.4408;29.7248;75.0185;10.447;4775.99;6.28163;0;0;0.1;0.01;0;3.23486;0;0;-1
0;1066;-40.0277;-48.9611;77.0298;8.5;2572.44;5.11093;0;0;0.1;0.01;0;2.24495;1;0;-1
0;1067;-42.2511;-30.7941;77.7946;8.79456;2849.25;5.28804;0;0;0.1;0.01;0;4.74801;0;0;-1
0;1068;-40.3989;-15.9246;75.0946;9.98709;4172.59;6.00509;0;0;0.1;0.01;0;6.54764;0;0;-1
0;1069;-40.4542;2.86837;77.9485;9.51488;3608.27;5.72116;0;0;0.1;0.01;0;5.73081;0;0;-1
0;1070;-41.6358;17.781;74.6469;8.54694;2615.29;5.13915;0;0;0.1;0.01;0;5.54989;0;0;-1
0;1071;-39.3216;33.6818;76.4742;9.87209;4030.1;5.93594;0;0;0.1;0.01;0;4.14449;0;0;-1
0;1072;-24.391;-55.1604;76.9448;9.73996;3870.44;5.8565;0;0;0.1;0.01;0;3.46755;0;0;-1
0;1073;-26.2717;-40.8476;74.9489;9.02504;3079.19;5.42663;0;0;0.1;0.01;0;5.50474;0;0;-1
0;1074;-27.469;-23.1542;76.5358;10.0637;4269.35;6.05116;0;0;0.1;0.01;0;7.0135;0;0;-1
0;1075;-27.2506;-4.52003;77.8965;9.34698;3420.6;5.6202;0;0;0.1;0.01;0;6.54989;0;0;-1
0;1076;-24.9785;12.2898;77.0438;9.04555;3100.23;5.43896;0;0;0.1;0.01;0;5.77459;0;0;-1
0;1077;-25.7878;26.5305;77.3019;9.31413;3384.66;5.60045;0;0;0.1;0.01;0;5.89747;0;0;-1
0;1078;-25.3415;43.7267;77.7588;9.28589;3353.97;5.58347;0;0;0.1;0.01;0;3.80783;0;0;-1
0;1079;-10.0662;-47.8123;76.402;8.80812;2862.45;5.29619;0;0;0.1;0.01;0;4.92355;0;0;-1
0;1080;-12.4516;-31.1432;76.4181;10.2266;4480.05;6.14911;0;0;0.1;0.01;0;7.47885;0;0;-1
0;1081;-12.8049;-16.1712;74.6157;9.40462;3484.27;5.65486;0;0;0.1;0.01;0;7.35088;0;0;-1
0;1082;-13.569;0.329296;78.4962;10.2202;4471.64;6.14526;0;0;0.1;0.01;0;6.59513;0;0;-1
0;1083;-11.4829;20.5728;78.318;8.95194;3004.97;5.38267;0;0;0.1;0.01;0;5.81056;0;0;-1
0;1084;-10.8864;36.5084;76.7738;10.0821;4292.81;6.06222;0;0;0.1;0.01;0;7.27599;0;0;-1
0;1085;-11.988;51.5978;76.3138;9.93362;4105.93;5.97294;0;0;0.1;0.01;0;4.78132;0;0;-1
0;1086;3.54495;-58.8455;76.5995;10.3992;4710.73;6.25289;0;0;0.1;0.01;0;3.37238;0;0;-1
0;1087;1.37709;-42.2266;78.4854;8.5;2572.44;5.11093;0;0;0.1;0.01;0;4.97715;1;0;-1
0;1088;4.76962;-23.2457;76.3318;10.0445;4244.96;6.03961;0;0;0.1;0.01;0;6.80661;0;0;-1
0;1089;1.30009;-7.59271;78.245;9.92445;4094.57;5.96743;0;0;0.1;0.01;0;6.26726;0;0;-1
0;1090;3.27265;11.4179;77.6351;8.90179;2954.75;5.35252;0;0;0.1;0.01;0;4.54075;0;0;-1
0;1091;1.50484;27.3605;77.7798;9.65841;3774.03;5.80746;0;0;0.1;0.01;0;7.23938;0;0;-1
0;1092;2.54163;42.4934;76.4678;10.3015;4579.2;6.19414;0;0;0.1;0.01;0;6.33677;0;0;-1
0;1093;4.04541;61.3706;76.5671;9.70352;3827.16;5.83459;0;0;0.1;0.01;0;3.2924;0;0;-1
0;1094;16.4739;-49.6005;74.9947;8.82222;2876.22;5.30467;0;0;0.1;0.01;0;3.51562;0;0;-1
0;1095;17.4683;-30.7377;77.8441;9.94785;4123.6;5.9815;0;0;0.1;0.01;0;6.04438;0;0;-1
0;1096;18.4991;-13.1224;74.6075;9.11763;3174.93;5.4823;0;0;0.1;0.01;0;6.14192;0;0;-1
0;1097;16.7219;3.34086;76.3046;8.78297;2838;5.28107;0;0;0.1;0.01;0;5.25139;0;0;-1
0;1098;18.4083;20.126;76.7571;8.5;2572.44;5.11093;0;0;0.1;0.01;0;5.81128;1;0;-1
0;1099;18.6029;33.979;76.0117;10.0972;4312.13;6.0713;0;0;0.1;0.01;0;7.3081;0;0;-1
0;1100;18.566;54.428;76.1415;9.59276;3697.6;5.76799;0;0;0.1;0.01;0;3.60185;0;0;-1
0;1101;32.5516;-40.1999;76.4241;10.1849;4425.47;6.12403;0;0;0.1;0.01;0;3.81338;0;0;-1
0;1102;31.2487;-22.9462;78.5547;10.1291;4353.13;6.09048;0;0;0.1;0.01;0;5.58393;0;0;-1
0;1103;31.1814;-5.98654;77.3423;8.5572;2624.72;5.14532;0;0;0.1;0.01;0;5.20067;0;0;-1
0;1104;32.3725;11.7438;76.1714;9.07028;3125.72;5.45383;0;0;0.1;0.01;0;4.46274;0;0;-1
0;1105;34.5161;28.4108;76.6474;10.3011;4578.67;6.1939;0;0;0.1;0.01;0;5.87548;0;0;-1
0;1106;30.9541;46.4963;78.1606;10.3268;4613.03;6.20935;0;0;0.1;0.01;0;4.16901;0;0;-1
0;1107;49.0844;-30.399;78.669;9.26179;3327.92;5.56898;0;0;0.1;0.01;0;1.68955;0;0;-1
0;1108;45.4467;-13.8844;75.3071;8.5304;2600.14;5.12921;0;0;0.1;0.01;0;4.76168;0;0;-1
0;1109;47.4466;0.40104;77.9817;8.55106;2619.08;5.14163;0;0;0.1;0.01;0;3.45287;0;0;-1
0;1110;48.3205;20.0369;74.9186;9.58572;3689.46;5.76375;0;0;0.1;0.01;0;3.86952;0;0;-1
0;1111;49.0131;36.2371;77.4602;8.5;2572.44;5.11093;0;0;0.1;0.01;0;2.34209;1;0;-1
0;1112;60.4415;-6.1041;78.4425;8.5;2572.44;5.11093;0;0;0.1;0.01;0;1.59409;1;0;-1
0;1113;-36.2713;-15.73;89.6368;9.8315;3980.59;5.91154;0;0;0.1;0.01;0;4.24713;0;0;-1
0;1114;-36.4137;1.56825;91.2436;8.5;2572.44;5.11093;0;0;0.1;0.01;0;3.92165;1;0;-1
0;1115;-38.4448;16.9519;89.8874;10.0141;4206.53;6.02133;0;0;0.1;0.01;0;3.77085;0;0;-1
0;1116;-21.1024;-24.4699;90.0486;10.4526;4783.67;6.285;0;0;0.1;0.01;0;4.95;0;0;-1
0;1117;-23.4147;-6.3626;93.0767;10.0382;4236.98;6.03582;0;0;0.1;0.01;0;4.54052;0;0;-1
0;1118;-22.7397;11.6912;89.7641;8.5;2572.44;5.11093;0;0;0.1;0.01;0;4.56478;1;0;-1
0;1119;-21.6263;27.6341;93.3742;10.1704;4406.59;6.11531;0;0;0.1;0.01;0;3.6381;0;0;-1
0;1120;-7.47936;-31.4723;90.7931;9.99572;4183.41;6.01028;0;0;0.1;0.01;0;4.74636;0;0;-1
0;1121;-8.53393;-14.0076;89.4467;9.49792;3589.01;5.71096;0;0;0.1;0.01;0;6.4322;0;0;-1
0;1122;-6.51379;1.18311;92.6629;9.92513;4095.41;5.96784;0;0;0.1;0.01;0;5.31202;0;0;-1
0;1123;-5.80835;19.131;93.3207;10.3778;4681.71;6.24002;0;0;0.1;0.01;0;5.37758;0;0;-1
0;1124;-7.60989;35.0381;92.3618;8.5;2572.44;5.11093;0;0;0.1;0.01;0;3.70867;1;0;-1
0;1125;5.4193;-38.571;92.1381;8.64182;2703.36;5.1962;0;0;0.1;0.01;0;2.77508;0;0;-1
0;1126;6.6318;-23.3666;92.1242;9.97299;4154.94;5.99661;0;0;0.1;0.01;0;4.85745;0;0;-1
0;1127;7.3256;-5.04115;91.6089;9.76217;3896.98;5.86985;0;0;0.1;0.01;0;4.36957;0;0;-1
0;1128;6.66459;10.8082;91.215;9.29955;3368.79;5.59168;0;0;0.1;0.01;0;4.12312;0;0;-1
0;1129;6.09777;28.7519;90.0546;9.47028;3557.76;5.69434;0;0;0.1;0.01;0;5.33637;0;0;-1
0;1130;23.7585;-31.9748;89.861;8.5;2572.44;5.11093;0;0;0.1;0.01;0;2.94819;1;0;-1
0;1131;20.7069;-13.4778;89.353;8.96289;3016.01;5.38926;0;0;0.1;0.01;0;4.82263;0;0;-1
0;1132;22.7968;0.116484;90.1676;8.56343;2630.46;5.14907;0;0;0.1;0.01;0;3.4669;0;0;-1
0;1133;20.0075;20.8216;90.9634;8.88242;2935.5;5.34087;0;0;0.1;0.01;0;3.25269;0;0;-1
0;1134;20.8896;36.7135;90.3451;8.61361;2676.97;5.17924;0;0;0.1;0.01;0;2.71992;0;0;-1
0;1135;37.3244;-7.80639;89.7316;9.767;3902.76;5.87276;0;0;0.1;0.01;0;3.6366;0;0;-1
0;1136;35.4273;9.72515;91.1659;8.5238;2594.11;5.12524;0;0;0.1;0.01;0;1.96336;0;0;-1
