Time;ID;x;y;z;radius;volume_total;radius_nuclear;contact_ECM;freezer;polarized_fraction;motility;cell_line;Cell_cell;phase;Cycle;NFkB
0;0;-51.3189;-4.61208;-83.424;8.5;2572.44;5.11093;0;0;0.1;0.01;0;2.64533;1;0;-1
0;1;-37.4356;-33.3455;-84.6853;9.8791;4038.69;5.94016;0;0;0.1;0.01;0;2.67521;0;0;-1
0;2;-37.6551;-13.8277;-86.4829;8.5;2572.44;5.11093;0;0;0.1;0.01;0;2.65161;1;0;-1
0;3;-38.5116;0.470931;-85.5907;8.93259;2985.53;5.37104;0;0;0.1;0.01;0;2.4952;0;0;-1
0;4;-35.4901;20.6078;-84.3352;10.0373;4235.84;6.03528;0;0;0.1;0.01;0;3.05377;0;0;-1
0;5;-21.7995;-40.6261;-87.2584;9.31441;3384.97;5.60062;0;0;0.1;0.01;0;2.80852;0;0;-1
0;6;-20.547;-22.3993;-85.9353;8.72424;2781.45;5.24576;0;0;0.1;0.01;0;4.24022;0;0;-1
0;7;-21.0284;-8.4196;-84.5075;8.68751;2746.47;5.22367;0;0;0.1;0.01;0;4.10861;0;0;-1
0;8;-20.3027;10.7162;-85.9755;8.9461;2999.09;5.37916;0;0;0.1;0.01;0;3.39457;0;0;-1
0;9;-22.2952;28.7635;-83.9995;9.1147;3171.87;5.48054;0;0;0.1;0.01;0;3.8155;0;0;-1
0;10;-8.84318;-49.3333;-83.417;10.3831;4688.89;6.24321;0;0;0.1;0.01;0;3.6102;0;0;-1
0;11;-7.09566;-30.7515;-87.1605;9.25676;3322.5;5.56596;0;0;0.1;0.01;0;4.75503;0;0;-1
0;12;-6.80875;-16.6196;-86.2545;8.92614;2979.06;5.36716;0;0;0.1;0.01;0;5.07756;0;0;-1
0;13;-6.59185;0.140515;-85.5133;10.1914;4433.94;6.12794;0;0;0.1;0.01;0;5.02099;0;0;-1
0;14;-7.56745;20.0304;-83.7621;10.1998;4444.92;6.13299;0;0;0.1;0.01;0;5.00791;0;0;-1
0;15;-7.67486;38.2897;-83.9323;9.71243;3837.71;5.83994;0;0;0.1;0.01;0;3.32215;0;0;-1
0;16;7.44452;-40.8721;-85.9497;10.0896;4302.4;6.06673;0;0;0.1;0.01;0;4.8483;0;0;-1
0;17;6.40497;-24.2339;-83.486;10.0954;4309.82;6.07022;0;0;0.1;0.01;0;6.03835;0;0;-1
0;18;8.7276;-6.02008;-85.8361;8.76963;2825.09;5.27305;0;0;0.1;0.01;0;3.89292;0;0;-1
0;19;6.47778;10.9354;-86.7619;8.73724;2793.9;5.25358;0;0;0.1;0.01;0;2.66658;0;0;-1
0;20;7.75024;27.753;-87.3911;8.84193;2895.54;5.31652;0;0;0.1;0.01;0;3.18416;0;0;-1
0;21;8.87736;45.3811;-83.579;10.2972;4573.47;6.19156;0;0;0.1;0.01;0;3.80169;0;0;-1
0;22;20.2443;-49.156;-84.4961;9.44966;3534.57;5.68194;0;0;0.1;0.01;0;3.23336;0;0;-1
0;23;23.3368;-34.0333;-86.6663;10.0918;4305.21;6.06805;0;0;0.1;0.01;0;5.12307;0;0;-1
0;24;20.6112;-15.7296;-84.9677;8.5;2572.44;5.11093;0;0;0.1;0.01;0;3.28218;1;0;-1
0;25;22.4788;3.45002;-86.8625;8.58914;2654.22;5.16453;0;0;0.1;0.01;0;3.59172;0;0;-1
0;26;23.6326;20.3919;-84.4851;8.88816;2941.2;5.34432;0;0;0.1;0.01;0;4.4766;0;0;-1
0;27;23.5483;37.7413;-84.8604;9.8457;3997.87;5.92008;0;0;0.1;0.01;0;3.69357;0;0;-1
0;28;36.3542;-40.1948;-83.6494;9.99562;4183.29;6.01022;0;0;0.1;0.01;0;3.76879;0;0;-1
0;29;35.4715;-25.5503;-86.122;8.5;2572.44;5.11093;0;0;0.1;0.01;0;3.01565;1;0;-1
0;30;37.207;-5.59889;-85.3;10.2046;4451.19;6.13588;0;0;0.1;0.01;0;2.52978;0;0;-1
0;31;36.5621;10.8585;-83.9721;10.2277;4481.49;6.14977;0;0;0.1;0.01;0;3.93803;0;0;-1
0;32;37.5886;26.9797;-83.9285;10.0868;4298.82;6.06505;0;0;0.1;0.01;0;4.35766;0;0;-1
0;33;-70.5267;-14.7664;-69.3724;9.3986;3477.59;5.65124;0;0;0.1;0.01;0;2.28064;0;0;-1
0;34;-57.8102;-39.4504;-71.3444;9.97762;4160.73;5.9994;0;0;0.1;0.01;0;3.10383;0;0;-1
0;35;-56.6657;-25.1919;-72.4917;9.30194;3371.39;5.59312;0;0;0.1;0.01;0;3.99628;0;0;-1
0;36;-54.7627;-8.89904;-70.8554;8.5;2572.44;5.11093;0;0;0.1;0.01;0;4.50376;1;0;-1
0;37;-56.2937;9.85594;-69.7958;10.3383;4628.45;6.21627;0;0;0.1;0.01;0;3.50732;0;0;-1
0;38;-57.7888;28.4708;-71.5029;8.5;2572.44;5.11093;0;0;0.1;0.01;0;2.15815;1;0;-1
0;39;-54.6543;46.9038;-68.5764;9.52835;3623.61;5.72926;0;0;0.1;0.01;0;3.24035;0;0;-1
0;40;-41.5484;-51.3152;-72.6773;9.08313;3139.03;5.46155;0;0;0.1;0.01;0;2.11181;0;0;-1
0;41;-41.3961;-30.4525;-70.9845;9.44447;3528.75;5.67882;0;0;0.1;0.01;0;5.73783;0;0;-1
0;42;-42.2328;-16.6233;-69.6694;10.4347;4759.14;6.27423;0;0;0.1;0.01;0;6.85663;0;0;-1
0;43;-39.4133;1.73143;-69.0963;8.5;2572.44;5.11093;0;0;0.1;0.01;0;4.22133;1;0;-1
0;44;-42.3625;16.761;-69.0672;8.5;2572.44;5.11093;0;0;0.1;0.01;0;5.51239;1;0;-1
0;45;-42.4241;34.2535;-69.8614;9.48534;3574.76;5.7034;0;0;0.1;0.01;0;5.21392;0;0;-1
0;46;-41.2116;53.4624;-69.418;8.5;2572.44;5.11093;0;0;0.1;0.01;0;3.80287;1;0;-1
0;47;-26.5808;-57.1958;-70.359;8.69547;2754.02;5.22846;0;0;0.1;0.01;0;4.02482;0;0;-1
0;48;-28.5601;-42.589;-68.4913;10.4235;4743.83;6.2675;0;0;0.1;0.01;0;6.38766;0;0;-1
0;49;-26.2491;-24.741;-70.6827;8.78999;2844.81;5.28529;0;0;0.1;0.01;0;5.81249;0;0;-1
0;50;-24.7254;-8.8134;-71.8626;8.5;2572.44;5.11093;0;0;0.1;0.01;0;4.47469;1;0;-1
0;51;-26.8769;11.1077;-69.6487;9.33999;3412.93;5.616;0;0;0.1;0.01;0;5.35111;0;0;-1
0;52;-26.0042;26.9269;-69.2386;10.0291;4225.46;6.03035;0;0;0.1;0.01;0;6.57064;0;0;-1
0;53;-27.6148;43.7309;-70.6722;9.33376;3406.11;5.61225;0;0;0.1;0.01;0;4.60101;0;0;-1
0;54;-27.1647;62.196;-69.8051;9.79464;3935.99;5.88937;0;0;0.1;0.01;0;3.73901;0;0;-1
0;55;-13.5674;-63.8484;-69.0179;9.87774;4037.02;5.93934;0;0;0.1;0.01;0;4.04128;0;0;-1
0;56;-13.822;-48.1359;-68.3399;8.5;2572.44;5.11093;0;0;0.1;0.01;0;5.72014;1;0;-1
0;57;-11.3436;-31.1857;-72.6119;8.91585;2968.77;5.36097;0;0;0.1;0.01;0;5.09981;0;0;-1
0;58;-12.6976;-15.0515;-70.9698;9.29638;3365.35;5.58978;0;0;0.1;0.01;0;6.59014;0;0;-1
0;59;-9.95018;1.96551;-71.7808;9.45092;3535.99;5.6827;0;0;0.1;0.01;0;5.80865;0;0;-1
0;60;-11.6483;16.5901;-70.1496;8.82064;2874.68;5.30372;0;0;0.1;0.01;0;5.34754;0;0;-1
0;61;-11.8818;36.6291;-70.9324;9.09843;3154.92;5.47075;0;0;0.1;0.01;0;4.65257;0;0;-1
0;62;-10.7501;55.0794;-70.3581;9.75011;3882.55;5.8626;0;0;0.1;0.01;0;3.31305;0;0;-1
0;63;2.18024;-56.2445;-69.0708;9.01971;3073.73;5.42342;0;0;0.1;0.01;0;4.737;0;0;-1
0;64;3.94226;-40.1507;-72.0535;8.76763;2823.16;5.27185;0;0;0.1;0.01;0;5.19944;0;0;-1
0;65;2.71764;-22.8963;-68.5017;10.2393;4496.76;6.15674;0;0;0.1;0.01;0;7.07121;0;0;-1
0;66;4.34152;-7.97931;-72.0202;9.90275;4067.77;5.95438;0;0;0.1;0.01;0;6.59468;0;0;-1
0;67;2.3557;10.1676;-69.2154;8.5;2572.44;5.11093;0;0;0.1;0.01;0;4.96579;1;0;-1
0;68;4.40338;26.7891;-69.6924;8.5;2572.44;5.11093;0;0;0.1;0.01;0;4.49267;1;0;-1
0;69;4.43434;45.7954;-70.5432;9.40266;3482.1;5.65368;0;0;0.1;0.01;0;6.07257;0;0;-1
0;70;3.50827;63.7149;-70.1485;9.87208;4030.09;5.93594;0;0;0.1;0.01;0;3.45426;0;0;-1
0;71;16.3328;-66.2685;-69.8985;9.33398;3406.35;5.61239;0;0;0.1;0.01;0;2.89263;0;0;-1
0;72;15.9694;-47.1691;-70.9249;8.71329;2770.99;5.23917;0;0;0.1;0.01;0;4.75277;0;0;-1
0;73;19.2569;-30.204;-70.8783;10.2304;4485.04;6.15139;0;0;0.1;0.01;0;6.88995;0;0;-1
0;74;16.4096;-14.093;-69.2238;8.5;2572.44;5.11093;0;0;0.1;0.01;0;6.69893;1;0;-1
0;75;16.9967;1.22264;-71.3269;9.24351;3308.26;5.55799;0;0;0.1;0.01;0;5.44122;0;0;-1
0;76;16.0022;18.2085;-69.2047;8.72477;2781.96;5.24608;0;0;0.1;0.01;0;4.98889;0;0;-1
0;77;17.3055;35.4429;-70.6375;9.03495;3089.34;5.43258;0;0;0.1;0.01;0;5.48878;0;0;-1
0;78;19.4557;55.0749;-70.2776;10.194;4437.34;6.1295;0;0;0.1;0.01;0;4.06589;0;0;-1
0;79;31.0809;-57.8008;-69.4678;8.5;2572.44;5.11093;0;0;0.1;0.01;0;3.3595;1;0;-1
0;80;31.765;-38.5264;-68.4315;9.87873;4038.24;5.93994;0;0;0.1;0.01;0;6.27407;0;0;-1
0;81;32.0158;-21.8253;-69.6476;8.5;2572.44;5.11093;0;0;0.1;0.01;0;4.93381;1;0;-1
0;82;33.3338;-6.34082;-68.807;9.53103;3626.67;5.73087;0;0;0.1;0.01;0;5.57079;0;0;-1
0;83;30.5696;12.4395;-71.303;9.73152;3860.39;5.85142;0;0;0.1;0.01;0;6.45313;0;0;-1
0;84;33.6226;28.6036;-68.5219;10.0382;4236.98;6.03582;0;0;0.1;0.01;0;6.88756;0;0;-1
0;85;34.0108;43.7447;-71.9736;8.5;2572.44;5.11093;0;0;0.1;0.01;0;4.23425;1;0;-1
0;86;46.3623;-51.2903;-68.9048;9.61922;3728.28;5.7839;0;0;0.1;0.01;0;2.75998;0;0;-1
0;87;45.9793;-30.4855;-71.9437;9.01313;3067.01;5.41946;0;0;0.1;0.01;0;4.33374;0;0;-1
0;88;47.5563;-13.4231;-71.9993;9.9526;4129.51;5.98435;0;0;0.1;0.01;0;4.86505;0;0;-1
0;89;45.3317;1.65101;-69.0587;8.5;2572.44;5.11093;0;0;0.1;0.01;0;5.76182;1;0;-1
0;90;47.3041;17.1284;-68.9529;10.3912;4699.87;6.24808;0;0;0.1;0.01;0;6.38396;0;0;-1
0;91;48.968;36.8815;-71.9527;10.2103;4458.66;6.13931;0;0;0.1;0.01;0;3.53475;0;0;-1
0;92;46.7052;54.1099;-69.0055;8.5;2572.44;5.11093;0;0;0.1;0.01;0;2.5369;1;0;-1
0;93;60.0259;-25.6649;-72.0508;10.0688;4275.84;6.05422;0;0;0.1;0.01;0;2.75183;0;0;-1
0;94;62.5662;-5.60985;-71.9214;8.73835;2794.97;5.25424;0;0;0.1;0.01;0;2.33503;0;0;-1
0;95;61.3314;9.87323;-68.8431;9.81409;3959.49;5.90107;0;0;0.1;0.01;0;3.63315;0;0;-1
0;96;-80.3922;-8.31332;-55.4063;9.69228;3813.88;5.82783;0;0;0.1;0.01;0;2.96326;0;0;-1
0;97;-80.1252;12.4631;-54.3356;8.7296;2786.58;5.24898;0;0;0.1;0.01;0;2.61279;0;0;-1
0;98;-65.7573;-48.423;-54.275;10.1245;4347.2;6.08771;0;0;0.1;0.01;0;4.67955;0;0;-1
0;99;-67.7018;-33.8776;-55.4047;8.95215;3005.18;5.3828;0;0;0.1;0.01;0;3.30372;0;0;-1
0;100;-65.5535;-12.6515;-56.3793;8.50736;2579.13;5.11535;0;0;0.1;0.01;0;4.00144;0;0;-1
0;101;-64.5985;1.73744;-53.9654;9.72048;3847.26;5.84478;0;0;0.1;0.01;0;5.33412;0;0;-1
0;102;-68.0134;19.6451;-57.7826;8.68328;2742.46;5.22113;0;0;0.1;0.01;0;3.53479;0;0;-1
0;103;-66.444;35.4362;-55.553;8.5;2572.44;5.11093;0;0;0.1;0.01;0;3.4932;1;0;-1
0;104;-52.2508;-59.3438;-54.8736;9.7421;3872.99;5.85778;0;0;0.1;0.01;0;4.06032;0;0;-1
0;105;-52.9148;-42.3703;-57.5549;8.54632;2614.73;5.13878;0;0;0.1;0.01;0;4.59214;0;0;-1
0;106;-51.3202;-24.69;-57.8048;8.5;2572.44;5.11093;0;0;0.1;0.01;0;4.568;1;0;-1
0;107;-49.8609;-4.79347;-57.122;9.83619;3986.29;5.91436;0;0;0.1;0.01;0;6.42181;0;0;-1
0;108;-51.747;12.0412;-54.3877;9.7551;3888.52;5.8656;0;0;0.1;0.01;0;7.06129;0;0;-1
0;109;-51.0315;27.8567;-57.8098;10.3779;4681.85;6.24008;0;0;0.1;0.01;0;6.92933;0;0;-1
0;110;-52.1447;44.8066;-54.0115;9.75705;3890.85;5.86677;0;0;0.1;0.01;0;6.1982;0;0;-1
0;111;-50.5768;59.7302;-54.433;10.0947;4308.92;6.0698;0;0;0.1;0.01;0;5.15172;0;0;-1
0;112;-38.6604;-66.5858;-56.3455;9.78686;3926.62;5.8847;0;0;0.1;0.01;0;4.10233;0;0;-1
0;113;-38.3707;-51.0473;-54.5704;9.22818;3291.83;5.54877;0;0;0.1;0.01;0;5.19207;0;0;-1
0;114;-36.556;-31.2252;-56.2474;9.62245;3732.03;5.78584;0;0;0.1;0.01;0;6.1814;0;0;-1
0;115;-36.525;-14.8541;-55.7959;10.2702;4537.59;6.17532;0;0;0.1;0.01;0;6.81722;0;0;-1
0;116;-37.7507;2.43916;-54.3745;8.98033;3033.65;5.39974;0;0;0.1;0.01;0;5.52412;0;0;-1
0;117;-36.079;20.9969;-57.0207;10.2728;4541.04;6.17689;0;0;0.1;0.01;0;7.54105;0;0;-1
0;118;-35.2031;36.6492;-55.0668;8.75833;2814.18;5.26626;0;0;0.1;0.01;0;6.65472;0;0;-1
0;119;-36.9969;51.2783;-56.5074;10.0445;4244.96;6.03961;0;0;0.1;0.01;0;6.94533;0;0;-1
0;120;-35.9277;70.3122;-57.9322;10.4064;4720.52;6.25722;0;0;0.1;0.01;0;4.27317;0;0;-1
0;121;-23.9296;-76.0226;-57.3321;9.56038;3660.28;5.74852;0;0;0.1;0.01;0;3.14434;0;0;-1
0;122;-21.8298;-56.216;-56.404;9.42137;3502.92;5.66493;0;0;0.1;0.01;0;6.5106;0;0;-1
0;123;-21.09;-40.4618;-54.8502;10.0066;4197.09;6.01682;0;0;0.1;0.01;0;6.98166;0;0;-1
0;124;-23.6219;-22.5391;-56.7436;9.91108;4078.04;5.95939;0;0;0.1;0.01;0;6.87588;0;0;-1
0;125;-21.5827;-7.1533;-56.3366;8.98657;3039.98;5.40349;0;0;0.1;0.01;0;5.63193;0;0;-1
0;126;-22.4069;8.99846;-55.9837;9.44496;3529.3;5.67912;0;0;0.1;0.01;0;4.80191;0;0;-1
0;127;-21.4018;25.5975;-55.5894;8.61865;2681.68;5.18227;0;0;0.1;0.01;0;5.26623;0;0;-1
0;128;-21.782;42.3104;-56.7015;8.5;2572.44;5.11093;0;0;0.1;0.01;0;5.12159;1;0;-1
0;129;-22.1148;63.208;-54.463;10.3642;4663.33;6.23184;0;0;0.1;0.01;0;7.13718;0;0;-1
0;130;-22.0245;77.9795;-57.0155;9.14647;3205.16;5.49964;0;0;0.1;0.01;0;3.5264;0;0;-1
0;131;-9.28079;-80.7838;-56.0105;8.5;2572.44;5.11093;0;0;0.1;0.01;0;2.46997;1;0;-1
0;132;-5.76769;-65.6676;-55.7515;9.0412;3095.76;5.43634;0;0;0.1;0.01;0;4.74576;0;0;-1
0;133;-6.23287;-47.1134;-55.1185;9.62786;3738.33;5.78909;0;0;0.1;0.01;0;5.88078;0;0;-1
0;134;-8.77325;-29.9187;-54.6164;9.80216;3945.06;5.8939;0;0;0.1;0.01;0;5.57482;0;0;-1
0;135;-8.94493;-14.1369;-55.4291;8.61231;2675.76;5.17846;0;0;0.1;0.01;0;5.84037;0;0;-1
0;136;-7.07088;0.369108;-56.717;8.5;2572.44;5.11093;0;0;0.1;0.01;0;5.33808;1;0;-1
0;137;-5.92316;20.993;-55.1518;10.3787;4682.93;6.24056;0;0;0.1;0.01;0;6.33416;0;0;-1
0;138;-8.23726;36.9514;-55.4946;10.3709;4672.38;6.23587;0;0;0.1;0.01;0;6.41267;0;0;-1
0;139;-5.82906;54.9358;-55.1066;10.4463;4775.03;6.28121;0;0;0.1;0.01;0;6.18466;0;0;-1
0;140;-8.72159;70.3277;-55.1307;8.9171;2970.02;5.36172;0;0;0.1;0.01;0;3.3022;0;0;-1
0;141;8.98572;-74.3227;-56.9053;8.95921;3012.3;5.38704;0;0;0.1;0.01;0;3.46689;0;0;-1
0;142;6.86278;-58.0815;-56.2155;9.9375;4110.74;5.97527;0;0;0.1;0.01;0;6.12609;0;0;-1
0;143;7.34575;-41.7063;-54.9285;8.5;2572.44;5.11093;0;0;0.1;0.01;0;4.38069;1;0;-1
0;144;9.40338;-22.7179;-56.6022;9.348;3421.72;5.62082;0;0;0.1;0.01;0;6.49497;0;0;-1
0;145;6.03344;-8.01988;-56.862;9.37777;3454.52;5.63872;0;0;0.1;0.01;0;6.47307;0;0;-1
0;146;5.61162;9.72046;-55.2406;8.95394;3006.98;5.38387;0;0;0.1;0.01;0;4.28005;0;0;-1
0;147;8.44484;27.7513;-53.9543;10.1128;4332.14;6.08068;0;0;0.1;0.01;0;6.67663;0;0;-1
0;148;8.5334;44.9757;-55.9754;10.2821;4553.38;6.18248;0;0;0.1;0.01;0;7.63957;0;0;-1
0;149;8.84264;59.8466;-57.7111;8.76315;2818.83;5.26915;0;0;0.1;0.01;0;5.81062;0;0;-1
0;150;8.56923;79.8417;-54.3455;9.33081;3402.88;5.61048;0;0;0.1;0.01;0;2.80636;0;0;-1
0;151;22.2778;-64.2604;-56.6545;9.79249;3933.4;5.88808;0;0;0.1;0.01;0;4.9682;0;0;-1
0;152;24.1776;-49.9839;-53.722;8.97699;3030.27;5.39773;0;0;0.1;0.01;0;5.40089;0;0;-1
0;153;20.2904;-32.6169;-55.2841;9.10775;3164.62;5.47636;0;0;0.1;0.01;0;5.15375;0;0;-1
0;154;20.5212;-12.7093;-57.366;9.31056;3380.77;5.5983;0;0;0.1;0.01;0;6.00919;0;0;-1
0;155;23.629;1.42103;-56.4436;9.29185;3360.43;5.58705;0;0;0.1;0.01;0;5.68049;0;0;-1
0;156;23.7525;20.6569;-55.7414;10.1452;4373.92;6.10016;0;0;0.1;0.01;0;6.42641;0;0;-1
0;157;22.6865;38.2402;-56.211;10.0929;4306.62;6.06871;0;0;0.1;0.01;0;7.04044;0;0;-1
0;158;22.9278;54.3752;-53.9787;10.4336;4757.64;6.27357;0;0;0.1;0.01;0;7.09863;0;0;-1
0;159;22.0557;70.5659;-57.6872;9.08793;3144.01;5.46444;0;0;0.1;0.01;0;2.47104;0;0;-1
0;160;38.5698;-56.0285;-56.4257;9.06067;3115.8;5.44805;0;0;0.1;0.01;0;4.55381;0;0;-1
0;161;34.9331;-38.3574;-54.7248;8.60039;2664.67;5.17129;0;0;0.1;0.01;0;5.32323;0;0;-1
0;162;38.5246;-25.0993;-56.4533;9.04343;3098.05;5.43768;0;0;0.1;0.01;0;5.60403;0;0;-1
0;163;37.2076;-5.69344;-54.8332;8.57831;2644.2;5.15801;0;0;0.1;0.01;0;5.96546;0;0;-1
0;164;38.4596;8.33669;-55.4114;9.23354;3297.56;5.55199;0;0;0.1;0.01;0;6.96396;0;0;-1
0;165;38.8669;25.4344;-54.6041;9.85015;4003.29;5.92275;0;0;0.1;0.01;0;6.32622;0;0;-1
0;166;36.7832;46.1494;-56.6475;9.17439;3234.6;5.51643;0;0;0.1;0.01;0;5.85455;0;0;-1
0;167;36.3642;60.7331;-54.122;8.5;2572.44;5.11093;0;0;0.1;0.01;0;4.53936;1;0;-1
0;168;52.8873;-50.9603;-56.0565;8.97539;3028.65;5.39677;0;0;0.1;0.01;0;3.28788;0;0;-1
0;169;52.0682;-31.0899;-54.1349;9.95776;4135.93;5.98746;0;0;0.1;0.01;0;5.7309;0;0;-1
0;170;52.9108;-15.0635;-54.3846;8.5;2572.44;5.11093;0;0;0.1;0.01;0;5.22899;1;0;-1
0;171;52.2505;0.0386993;-54.3867;9.99184;4178.54;6.00795;0;0;0.1;0.01;0;7.51465;0;0;-1
0;172;51.1921;18.0879;-56.0381;9.0008;3054.44;5.41205;0;0;0.1;0.01;0;6.79097;0;0;-1
0;173;52.9425;34.0756;-55.7614;9.24176;3306.38;5.55694;0;0;0.1;0.01;0;5.31194;0;0;-1
0;174;52.6973;55.2593;-56.5053;10.1122;4331.37;6.08032;0;0;0.1;0.01;0;4.26939;0;0;-1
0;175;64.6188;-40.8723;-56.6725;9.03274;3087.07;5.43126;0;0;0.1;0.01;0;2.99524;0;0;-1
0;176;67.2838;-25.0826;-56.1075;9.38578;3463.38;5.64353;0;0;0.1;0.01;0;4.42121;0;0;-1
0;177;67.7696;-4.49805;-55.1341;8.5;2572.44;5.11093;0;0;0.1;0.01;0;5.13928;1;0;-1
0;178;65.8343;11.994;-53.8098;9.54477;3642.38;5.73913;0;0;0.1;0.01;0;5.87379;0;0;-1
0;179;66.0138;26.6432;-55.2817;8.5;2572.44;5.11093;0;0;0.1;0.01;0;3.88881;1;0;-1
0;180;64.7702;46.0654;-54.3223;9.81335;3958.59;5.90062;0;0;0.1;0.01;0;3.39678;0;0;-1
0;181;79.7189;-16.8484;-56.7545;10.1836;4423.77;6.12325;0;0;0.1;0.01;0;2.82782;0;0;-1
0;182;82.2213;1.11877;-54.468;8.92226;2975.18;5.36483;0;0;0.1;0.01;0;2.8278;0;0;-1
0;183;-87.5121;-21.6628;-40.6299;9.37018;3446.14;5.63415;0;0;0.1;0.01;0;3.14592;0;0;-1
0;184;-84.1177;-8.1697;-40.1243;10.0307;4227.49;6.03131;0;0;0.1;0.01;0;5.21958;0;0;-1
0;185;-86.3103;12.3493;-39.6232;9.63572;3747.5;5.79382;0;0;0.1;0.01;0;4.44013;0;0;-1
0;186;-86.658;29.3371;-39.2269;9.84885;4001.71;5.92197;0;0;0.1;0.01;0;3.00482;0;0;-1
0;187;-70.1822;-48.0362;-39.6362;8.5;2572.44;5.11093;0;0;0.1;0.01;0;4.05786;1;0;-1
0;188;-72.1223;-33.9457;-41.5595;10.2288;4482.94;6.15043;0;0;0.1;0.01;0;5.02686;0;0;-1
0;189;-71.5938;-14.5668;-41.6328;8.5;2572.44;5.11093;0;0;0.1;0.01;0;5.38771;1;0;-1
0;190;-72.682;3.61488;-40.9299;10.2704;4537.86;6.17544;0;0;0.1;0.01;0;7.38611;0;0;-1
0;191;-70.5106;19.0753;-42.067;9.73679;3866.66;5.85459;0;0;0.1;0.01;0;6.24113;0;0;-1
0;192;-69.988;37.0788;-42.9197;9.92192;4091.44;5.96591;0;0;0.1;0.01;0;5.68312;0;0;-1
0;193;-72.6569;51.3935;-41.1008;9.59208;3696.81;5.76758;0;0;0.1;0.01;0;3.09452;0;0;-1
0;194;-56.9514;-59.2033;-39.9303;10.3288;4615.71;6.21056;0;0;0.1;0.01;0;5.24939;0;0;-1
0;195;-56.7225;-39.4578;-41.8717;9.50868;3601.22;5.71743;0;0;0.1;0.01;0;6.64158;0;0;-1
0;196;-54.1655;-24.6424;-40.9035;9.31218;3382.54;5.59928;0;0;0.1;0.01;0;5.42202;0;0;-1
0;197;-57.4665;-7.33117;-42.0188;10.0834;4294.47;6.063;0;0;0.1;0.01;0;6.99016;0;0;-1
0;198;-55.063;9.53804;-39.8523;10.2811;4552.05;6.18188;0;0;0.1;0.01;0;6.71413;0;0;-1
0;199;-55.5412;25.8737;-41.5504;9.89022;4052.35;5.94685;0;0;0.1;0.01;0;6.11423;0;0;-1
0;200;-56.9719;42.6525;-40.109;9.6706;3788.34;5.81479;0;0;0.1;0.01;0;6.52728;0;0;-1
0;201;-54.2553;60.4486;-39.5929;9.62047;3729.73;5.78465;0;0;0.1;0.01;0;5.24197;0;0;-1
0;202;-40.5164;-80.6282;-40.9858;8.5;2572.44;5.11093;0;0;0.1;0.01;0;2.97076;1;0;-1
0;203;-41.6774;-65.9;-39.2281;9.46189;3548.32;5.6893;0;0;0.1;0.01;0;6.38195;0;0;-1
0;204;-43.0522;-47.5192;-41.7218;8.5;2572.44;5.11093;0;0;0.1;0.01;0;4.9005;1;0;-1
0;205;-42.5691;-31.69;-42.2038;8.64528;2706.61;5.19828;0;0;0.1;0.01;0;5.09406;0;0;-1
0;206;-40.2495;-13.4532;-40.655;9.60474;3711.47;5.77519;0;0;0.1;0.01;0;6.10285;0;0;-1
0;207;-42.0117;1.95361;-39.9937;9.25091;3316.21;5.56244;0;0;0.1;0.01;0;6.4749;0;0;-1
0;208;-41.7824;19.658;-42.4203;8.59492;2659.59;5.168;0;0;0.1;0.01;0;5.91477;0;0;-1
0;209;-41.4531;34.4592;-41.4064;8.78789;2842.77;5.28403;0;0;0.1;0.01;0;5.64169;0;0;-1
0;210;-40.2718;53.6172;-41.2222;9.53739;3633.94;5.73469;0;0;0.1;0.01;0;7.07348;0;0;-1
0;211;-40.8071;68.4814;-42.1375;10.3601;4657.8;6.22938;0;0;0.1;0.01;0;6.08154;0;0;-1
0;212;-27.6604;-72.9649;-42.8756;9.39388;3472.35;5.6484;0;0;0.1;0.01;0;6.10889;0;0;-1
0;213;-28.1443;-57.732;-40.4621;10.4418;4768.86;6.2785;0;0;0.1;0.01;0;7.09385;0;0;-1
0;214;-25.2955;-38.5053;-42.3696;9.23225;3296.18;5.55122;0;0;0.1;0.01;0;5.32706;0;0;-1
0;215;-25.0115;-22.3779;-39.817;9.9908;4177.24;6.00732;0;0;0.1;0.01;0;6.3904;0;0;-1
0;216;-24.7435;-5.17781;-40.6564;8.87426;2927.42;5.33596;0;0;0.1;0.01;0;5.61461;0;0;-1
0;217;-25.4502;9.76035;-41.045;8.5;2572.44;5.11093;0;0;0.1;0.01;0;4.04174;1;0;-1
0;218;-28.1744;27.0158;-42.0167;9.3773;3454;5.63843;0;0;0.1;0.01;0;5.48866;0;0;-1
0;219;-27.2184;44.1216;-42.0979;9.59228;3697.04;5.7677;0;0;0.1;0.01;0;6.10587;0;0;-1
0;220;-27.5572;60.5334;-40.7639;9.41372;3494.4;5.66033;0;0;0.1;0.01;0;7.06745;0;0;-1
0;221;-25.0131;77.1724;-42.078;9.57316;3674.98;5.7562;0;0;0.1;0.01;0;5.24521;0;0;-1
0;222;-12.9878;-83.1413;-42.1757;8.61093;2674.48;5.17763;0;0;0.1;0.01;0;4.03616;0;0;-1
0;223;-12.9523;-67.6077;-39.7382;10.0617;4266.8;6.04995;0;0;0.1;0.01;0;6.69592;0;0;-1
0;224;-12.394;-49.3821;-41.8305;9.18212;3242.78;5.52108;0;0;0.1;0.01;0;5.31878;0;0;-1
0;225;-9.7868;-33.329;-39.8368;9.50911;3601.71;5.71769;0;0;0.1;0.01;0;6.11734;0;0;-1
0;226;-13.0687;-15.5087;-40.7595;8.69144;2750.2;5.22604;0;0;0.1;0.01;0;6.37266;0;0;-1
0;227;-11.0632;0.259169;-41.4507;8.66025;2720.7;5.20728;0;0;0.1;0.01;0;5.45408;0;0;-1
0;228;-12.5355;20.0321;-39.3427;9.95302;4130.03;5.98461;0;0;0.1;0.01;0;6.16039;0;0;-1
0;229;-9.96093;34.3131;-39.7681;8.5;2572.44;5.11093;0;0;0.1;0.01;0;6.08717;1;0;-1
0;230;-11.5631;52.9635;-39.3558;10.1789;4417.65;6.12042;0;0;0.1;0.01;0;6.47093;0;0;-1
0;231;-11.1003;70.7598;-40.0413;9.43087;3513.53;5.67065;0;0;0.1;0.01;0;5.57571;0;0;-1
0;232;-9.78844;87.1025;-39.9575;8.5;2572.44;5.11093;0;0;0.1;0.01;0;2.38783;1;0;-1
0;233;2.8166;-89.5409;-42.0525;9.11671;3173.97;5.48175;0;0;0.1;0.01;0;2.88231;0;0;-1
0;234;4.67498;-74.9269;-41.163;8.55271;2620.59;5.14262;0;0;0.1;0.01;0;5.17808;0;0;-1
0;235;2.01342;-59.7606;-39.3775;9.47364;3561.55;5.69636;0;0;0.1;0.01;0;5.41927;0;0;-1
0;236;3.62742;-40.7665;-39.805;8.5;2572.44;5.11093;0;0;0.1;0.01;0;4.85064;1;0;-1
0;237;4.67519;-25.2807;-39.5155;9.5216;3615.92;5.7252;0;0;0.1;0.01;0;6.13816;0;0;-1
0;238;1.23438;-8.08159;-42.4302;10.2613;4525.8;6.16997;0;0;0.1;0.01;0;6.26675;0;0;-1
0;239;3.21739;10.4488;-41.0115;8.61838;2681.42;5.18211;0;0;0.1;0.01;0;4.36998;0;0;-1
0;240;4.07055;27.1866;-39.4793;8.90471;2957.66;5.35427;0;0;0.1;0.01;0;6.72778;0;0;-1
0;241;1.22361;43.0327;-40.2758;10.0973;4312.25;6.07136;0;0;0.1;0.01;0;7.97718;0;0;-1
0;242;1.51939;60.6234;-40.9748;8.5;2572.44;5.11093;0;0;0.1;0.01;0;5.36255;1;0;-1
0;243;3.95595;76.3826;-41.0714;9.14274;3201.24;5.4974;0;0;0.1;0.01;0;5.26435;0;0;-1
0;244;17.6696;-82.3278;-42.0929;8.5;2572.44;5.11093;0;0;0.1;0.01;0;3.29371;1;0;-1
0;245;18.2137;-65.4528;-39.2899;10.2625;4527.39;6.17069;0;0;0.1;0.01;0;5.8838;0;0;-1
0;246;17.9193;-46.4602;-40.8075;8.89095;2943.97;5.346;0;0;0.1;0.01;0;5.26685;0;0;-1
0;247;17.8357;-31.7601;-41.1549;8.5;2572.44;5.11093;0;0;0.1;0.01;0;5.83833;1;0;-1
0;248;19.0979;-15.4946;-41.7718;9.48375;3572.97;5.70244;0;0;0.1;0.01;0;5.92473;0;0;-1
0;249;19.7493;1.94182;-42.1598;9.10927;3166.21;5.47727;0;0;0.1;0.01;0;4.69359;0;0;-1
0;250;17.6658;17.7335;-40.5175;9.27102;3337.88;5.57453;0;0;0.1;0.01;0;5.59816;0;0;-1
0;251;19.027;36.7175;-42.8403;9.9124;4079.67;5.96018;0;0;0.1;0.01;0;7.63352;0;0;-1
0;252;16.7941;52.013;-39.6917;10.0976;4312.64;6.07154;0;0;0.1;0.01;0;7.44141;0;0;-1
0;253;18.7601;68.4666;-41.1966;10.3155;4597.9;6.20256;0;0;0.1;0.01;0;5.94139;0;0;-1
0;254;16.4129;87.4201;-41.1283;10.0767;4285.92;6.05897;0;0;0.1;0.01;0;3.14516;0;0;-1
0;255;32.9555;-75.6312;-42.5077;8.64912;2710.22;5.20059;0;0;0.1;0.01;0;2.25047;0;0;-1
0;256;30.5647;-56.4911;-40.5221;9.0958;3152.18;5.46917;0;0;0.1;0.01;0;6.27906;0;0;-1
0;257;33.717;-41.1829;-40.4644;10.005;4195.08;6.01586;0;0;0.1;0.01;0;7.65249;0;0;-1
0;258;32.7726;-25.2882;-41.5696;10.1242;4346.81;6.08753;0;0;0.1;0.01;0;7.40508;0;0;-1
0;259;33.7376;-8.04926;-42.03;8.5;2572.44;5.11093;0;0;0.1;0.01;0;4.72478;1;0;-1
0;260;33.8462;10.036;-42.293;8.5;2572.44;5.11093;0;0;0.1;0.01;0;5.10063;1;0;-1
0;261;33.8489;29.52;-39.8794;8.93213;2985.06;5.37076;0;0;0.1;0.01;0;6.03248;0;0;-1
0;262;32.944;46.1531;-39.4193;10.038;4236.72;6.0357;0;0;0.1;0.01;0;7.7671;0;0;-1
0;263;33.9191;60.0862;-39.7057;9.38769;3465.49;5.64468;0;0;0.1;0.01;0;6.20697;0;0;-1
0;264;33.5539;79.8397;-40.431;8.95437;3007.42;5.38413;0;0;0.1;0.01;0;2.74435;0;0;-1
0;265;47.8251;-65.2744;-41.6091;8.94443;2997.41;5.37816;0;0;0.1;0.01;0;2.46623;0;0;-1
0;266;47.1421;-47.705;-39.9501;9.52788;3623.08;5.72898;0;0;0.1;0.01;0;5.80393;0;0;-1
0;267;47.764;-30.2387;-39.2194;10.3176;4600.71;6.20382;0;0;0.1;0.01;0;7.65963;0;0;-1
0;268;46.7908;-14.9404;-42.5846;10.067;4273.55;6.05314;0;0;0.1;0.01;0;7.77964;0;0;-1
0;269;46.0846;2.87805;-42.1811;8.5;2572.44;5.11093;0;0;0.1;0.01;0;6.20092;1;0;-1
0;270;47.7601;16.8709;-43.0434;10.1627;4396.59;6.11068;0;0;0.1;0.01;0;7.43914;0;0;-1
0;271;46.8484;37.9661;-41.0962;9.52653;3621.54;5.72816;0;0;0.1;0.01;0;6.1917;0;0;-1
0;272;46.7018;52.1432;-42.8776;9.67637;3795.12;5.81826;0;0;0.1;0.01;0;6.60474;0;0;-1
0;273;46.8335;69.2639;-39.8966;9.92643;4097.02;5.96862;0;0;0.1;0.01;0;4.4959;0;0;-1
0;274;60.374;-55.365;-39.3252;9.8308;3979.74;5.91112;0;0;0.1;0.01;0;4.74541;0;0;-1
0;275;63.9938;-41.6923;-39.8265;8.94562;2998.61;5.37887;0;0;0.1;0.01;0;4.28081;0;0;-1
0;276;61.2062;-23.3533;-39.8358;8.55006;2618.16;5.14103;0;0;0.1;0.01;0;5.54348;0;0;-1
0;277;63.4157;-7.79349;-42.3295;9.67674;3795.56;5.81848;0;0;0.1;0.01;0;6.80362;0;0;-1
0;278;63.599;8.22864;-39.469;10.0114;4203.13;6.01971;0;0;0.1;0.01;0;6.5609;0;0;-1
0;279;63.0222;26.1907;-42.2779;10.0357;4233.81;6.03432;0;0;0.1;0.01;0;6.07558;0;0;-1
0;280;61.5514;42.1329;-41.202;8.88075;2933.85;5.33987;0;0;0.1;0.01;0;5.08324;0;0;-1
0;281;61.9983;60.4241;-42.4645;9.23144;3295.32;5.55073;0;0;0.1;0.01;0;3.67635;0;0;-1
0;282;74.9464;-32.4984;-43.1743;9.0112;3065.04;5.4183;0;0;0.1;0.01;0;3.21617;0;0;-1
0;283;77.7398;-14.9999;-41.1172;8.62851;2690.89;5.1882;0;0;0.1;0.01;0;4.46586;0;0;-1
0;284;76.3288;-0.0860404;-41.4669;10.2851;4557.37;6.18428;0;0;0.1;0.01;0;6.87694;0;0;-1
0;285;78.7419;19.7244;-42.8192;8.99017;3043.63;5.40566;0;0;0.1;0.01;0;3.3318;0;0;-1
0;286;76.5351;34.3394;-41.9425;9.23964;3304.1;5.55566;0;0;0.1;0.01;0;3.54155;0;0;-1
0;287;90.5161;-4.55852;-40.5347;8.7003;2758.62;5.23136;0;0;0.1;0.01;0;2.23229;0;0;-1
0;288;-95.1296;-13.5085;-24.7025;8.77145;2826.85;5.27415;0;0;0.1;0.01;0;3.17589;0;0;-1
0;289;-95.6363;1.25062;-26.096;9.92316;4092.97;5.96665;0;0;0.1;0.01;0;3.87564;0;0;-1
0;290;-80.8684;-41.4985;-24.6572;9.90428;4069.65;5.9553;0;0;0.1;0.01;0;2.88796;0;0;-1
0;291;-81.7947;-23.4379;-27.3426;9.5595;3659.27;5.74799;0;0;0.1;0.01;0;3.86586;0;0;-1
0;292;-78.9086;-4.65521;-26.4838;10.0423;4242.17;6.03829;0;0;0.1;0.01;0;5.59212;0;0;-1
0;293;-82.5725;10.9697;-26.4514;10.1274;4350.93;6.08946;0;0;0.1;0.01;0;6.28589;0;0;-1
0;294;-82.4166;27.6809;-25.1468;10.0349;4232.8;6.03384;0;0;0.1;0.01;0;5.02685;0;0;-1
0;295;-80.4033;44.5603;-28.1104;9.88358;4044.19;5.94285;0;0;0.1;0.01;0;3.2848;0;0;-1
0;296;-64.0831;-67.8789;-25.9959;8.5;2572.44;5.11093;0;0;0.1;0.01;0;2.51668;1;0;-1
0;297;-64.3791;-48.9942;-26.1306;8.77835;2833.53;5.27829;0;0;0.1;0.01;0;4.3586;0;0;-1
0;298;-64.5278;-31.2639;-25.4598;9.74862;3880.77;5.8617;0;0;0.1;0.01;0;5.46923;0;0;-1
0;299;-64.4855;-12.8916;-26.9909;9.28066;3348.31;5.58033;0;0;0.1;0.01;0;5.55865;0;0;-1
0;300;-66.0774;4.44288;-26.0336;8.5;2572.44;5.11093;0;0;0.1;0.01;0;5.94065;1;0;-1
0;301;-65.4704;20.2196;-26.9306;8.59094;2655.89;5.16561;0;0;0.1;0.01;0;5.7127;0;0;-1
0;302;-64.6871;35.2192;-27.1743;10.0497;4251.56;6.04274;0;0;0.1;0.01;0;6.31003;0;0;-1
0;303;-64.5515;50.9123;-26.2284;9.27992;3347.51;5.57988;0;0;0.1;0.01;0;5.7506;0;0;-1
0;304;-66.6807;68.6684;-26.7134;9.4554;3541.02;5.68539;0;0;0.1;0.01;0;2.15093;0;0;-1
0;305;-49.7074;-72.4991;-27.789;8.99661;3050.18;5.40953;0;0;0.1;0.01;0;5.22927;0;0;-1
0;306;-49.6142;-58.1776;-26.289;9.25063;3315.91;5.56227;0;0;0.1;0.01;0;6.29279;0;0;-1
0;307;-51.5412;-39.7134;-26.3414;9.3425;3415.69;5.61751;0;0;0.1;0.01;0;6.00833;0;0;-1
0;308;-52.4119;-23.1176;-27.5497;9.77632;3913.95;5.87836;0;0;0.1;0.01;0;6.5549;0;0;-1
0;309;-50.4843;-7.03525;-27.8116;9.73264;3861.72;5.8521;0;0;0.1;0.01;0;6.60967;0;0;-1
0;310;-53.0194;8.65383;-26.3239;8.9409;2993.87;5.37603;0;0;0.1;0.01;0;5.48752;0;0;-1
0;311;-51.1157;26.7864;-24.4675;9.14375;3202.3;5.498;0;0;0.1;0.01;0;5.57761;0;0;-1
0;312;-49.9873;45.5139;-24.8725;9.78011;3918.5;5.88064;0;0;0.1;0.01;0;7.33742;0;0;-1
0;313;-50.6682;62.4856;-25.5813;8.75947;2815.28;5.26694;0;0;0.1;0.01;0;6.08601;0;0;-1
0;314;-51.7956;78.479;-28.2603;8.72318;2780.44;5.24512;0;0;0.1;0.01;0;2.65213;0;0;-1
0;315;-36.4318;-82.1784;-26.5194;10.3133;4594.96;6.20124;0;0;0.1;0.01;0;6.19646;0;0;-1
0;316;-34.9837;-67.308;-26.8013;8.88636;2939.41;5.34324;0;0;0.1;0.01;0;6.99155;0;0;-1
0;317;-38.3691;-47.107;-27.1438;10.1598;4392.83;6.10894;0;0;0.1;0.01;0;5.71178;0;0;-1
0;318;-36.0576;-30.083;-26.0711;9.32899;3400.89;5.60939;0;0;0.1;0.01;0;6.1153;0;0;-1
0;319;-34.6329;-13.7606;-26.8048;8.77558;2830.85;5.27663;0;0;0.1;0.01;0;5.0147;0;0;-1
0;320;-36.5846;4.31218;-27.446;8.5;2572.44;5.11093;0;0;0.1;0.01;0;4.19267;1;0;-1
0;321;-38.36;18.5443;-27.4815;9.50184;3593.45;5.71332;0;0;0.1;0.01;0;5.45344;0;0;-1
0;322;-38.2458;34.5877;-25.1737;8.5;2572.44;5.11093;0;0;0.1;0.01;0;5.50176;1;0;-1
0;323;-37.6475;52.2767;-27.8687;9.223;3286.29;5.54566;0;0;0.1;0.01;0;6.07356;0;0;-1
0;324;-38.2101;67.7254;-25.7609;8.5;2572.44;5.11093;0;0;0.1;0.01;0;4.4866;1;0;-1
0;325;-35.5381;85.8462;-24.9504;10.2803;4550.99;6.1814;0;0;0.1;0.01;0;3.74636;0;0;-1
0;326;-21.7846;-90.7774;-25.2875;10.3383;4628.45;6.21627;0;0;0.1;0.01;0;3.98778;0;0;-1
0;327;-20.5826;-73.0903;-27.0215;10.1729;4409.84;6.11682;0;0;0.1;0.01;0;8.27768;0;0;-1
0;328;-20.349;-59.1651;-26.3093;9.74517;3876.65;5.85963;0;0;0.1;0.01;0;7.26767;0;0;-1
0;329;-22.0191;-40.5861;-26.6598;8.61701;2680.15;5.18128;0;0;0.1;0.01;0;4.9864;0;0;-1
0;330;-21.3621;-21.1065;-24.9766;10.094;4308.03;6.06938;0;0;0.1;0.01;0;6.84156;0;0;-1
0;331;-19.7218;-5.48095;-28.0856;8.5;2572.44;5.11093;0;0;0.1;0.01;0;4.6485;1;0;-1
0;332;-21.3121;11.8071;-25.7695;8.5;2572.44;5.11093;0;0;0.1;0.01;0;4.00133;1;0;-1
0;333;-22.7747;28.7637;-27.782;8.64731;2708.52;5.1995;0;0;0.1;0.01;0;5.10046;0;0;-1
0;334;-21.2704;44.7719;-27.8772;9.74786;3879.86;5.86125;0;0;0.1;0.01;0;5.84183;0;0;-1
0;335;-21.6946;62.1708;-26.6126;9.66986;3787.47;5.81435;0;0;0.1;0.01;0;6.33901;0;0;-1
0;336;-22.8411;78.7555;-27.911;9.43208;3514.88;5.67137;0;0;0.1;0.01;0;5.63127;0;0;-1
0;337;-5.94286;-81.2688;-28.6513;9.37792;3454.68;5.63881;0;0;0.1;0.01;0;6.09301;0;0;-1
0;338;-7.90588;-66.6039;-26.3332;9.47884;3567.42;5.69949;0;0;0.1;0.01;0;6.69054;0;0;-1
0;339;-8.56161;-48.5935;-24.3816;9.13807;3196.33;5.49459;0;0;0.1;0.01;0;5.18432;0;0;-1
0;340;-8.20297;-29.6892;-25.5442;8.77274;2828.1;5.27492;0;0;0.1;0.01;0;5.56631;0;0;-1
0;341;-6.01232;-13.3237;-27.8119;9.41095;3491.31;5.65867;0;0;0.1;0.01;0;6.59767;0;0;-1
0;342;-5.49652;1.92962;-27.6465;8.53399;2603.42;5.13136;0;0;0.1;0.01;0;5.70872;0;0;-1
0;343;-6.60991;21.1278;-25.63;9.60397;3710.57;5.77473;0;0;0.1;0.01;0;6.69838;0;0;-1
0;344;-7.09311;35.4096;-27.099;9.34522;3418.67;5.61915;0;0;0.1;0.01;0;7.48311;0;0;-1
0;345;-7.93174;51.5156;-26.0272;8.65073;2711.73;5.20156;0;0;0.1;0.01;0;5.61119;0;0;-1
0;346;-9.34486;72.1661;-24.4854;8.6207;2683.59;5.1835;0;0;0.1;0.01;0;5.03937;0;0;-1
0;347;-9.10076;88.2379;-25.6679;8.64271;2704.2;5.19674;0;0;0.1;0.01;0;3.97212;0;0;-1
0;348;9.34654;-90.476;-25.4109;10.3115;4592.55;6.20016;0;0;0.1;0.01;0;4.27803;0;0;-1
0;349;6.59461;-75.7944;-25.3169;9.7822;3921.01;5.88189;0;0;0.1;0.01;0;6.67555;0;0;-1
0;350;9.44664;-58.6612;-25.7692;9.33001;3402;5.61;0;0;0.1;0.01;0;5.80898;0;0;-1
0;351;5.73015;-40.029;-25.3964;9.62018;3729.39;5.78447;0;0;0.1;0.01;0;6.09774;0;0;-1
0;352;8.26149;-25.5207;-26.5944;8.72878;2785.8;5.24849;0;0;0.1;0.01;0;5.86083;0;0;-1
0;353;9.02492;-8.7658;-27.6957;10.2426;4501.11;6.15873;0;0;0.1;0.01;0;6.79704;0;0;-1
0;354;5.51662;9.93547;-25.5108;9.14542;3204.05;5.49901;0;0;0.1;0.01;0;4.58398;0;0;-1
0;355;9.435;29.3308;-27.6654;10.081;4291.4;6.06156;0;0;0.1;0.01;0;6.86096;0;0;-1
0;356;6.25227;44.0467;-25.2427;10.3766;4680.09;6.2393;0;0;0.1;0.01;0;7.19976;0;0;-1
0;357;6.86737;63.4095;-24.6204;10.1832;4423.25;6.12301;0;0;0.1;0.01;0;6.80748;0;0;-1
0;358;5.89518;78.2869;-28.0001;9.05381;3108.73;5.44392;0;0;0.1;0.01;0;5.55885;0;0;-1
0;359;8.24398;95.6185;-26.8425;10.0208;4214.98;6.02536;0;0;0.1;0.01;0;2.9969;0;0;-1
0;360;22.5738;-82.3689;-25.2153;9.14669;3205.39;5.49977;0;0;0.1;0.01;0;4.65851;0;0;-1
0;361;23.7025;-65.8976;-25.4753;9.51617;3609.73;5.72193;0;0;0.1;0.01;0;5.43888;0;0;-1
0;362;23.2773;-47.2932;-27.4345;10.114;4333.69;6.0814;0;0;0.1;0.01;0;6.25923;0;0;-1
0;363;22.7909;-31.7602;-26.045;9.7203;3847.05;5.84468;0;0;0.1;0.01;0;6.89684;0;0;-1
0;364;22.1293;-16.0907;-25.5899;10.0142;4206.66;6.02139;0;0;0.1;0.01;0;6.73055;0;0;-1
0;365;22.3165;1.01494;-26.8042;9.03568;3090.09;5.43302;0;0;0.1;0.01;0;5.17073;0;0;-1
0;366;23.3875;18.1906;-28.0128;9.62583;3735.97;5.78787;0;0;0.1;0.01;0;6.25381;0;0;-1
0;367;23.2489;34.9361;-27.5187;9.48752;3577.23;5.70471;0;0;0.1;0.01;0;7.42018;0;0;-1
0;368;20.5946;51.1088;-24.5209;9.78732;3927.17;5.88497;0;0;0.1;0.01;0;6.26219;0;0;-1
0;369;20.2918;69.1535;-26.9525;9.41126;3491.66;5.65885;0;0;0.1;0.01;0;5.36147;0;0;-1
0;370;23.3557;84.5754;-24.8072;9.48309;3572.22;5.70204;0;0;0.1;0.01;0;4.89915;0;0;-1
0;371;38.0654;-75.995;-27.1053;9.08221;3138.07;5.461;0;0;0.1;0.01;0;3.93969;0;0;-1
0;372;35.2264;-56.9176;-27.0368;8.68961;2748.46;5.22494;0;0;0.1;0.01;0;5.607;0;0;-1
0;373;37.5322;-39.9425;-26.825;9.92192;4091.44;5.96591;0;0;0.1;0.01;0;7.96705;0;0;-1
0;374;37.693;-23.1692;-27.6924;9.98008;4163.81;6.00088;0;0;0.1;0.01;0;7.59131;0;0;-1
0;375;37.4548;-7.2116;-24.8398;9.68117;3800.77;5.82115;0;0;0.1;0.01;0;6.57075;0;0;-1
0;376;35.1292;8.91355;-26.7915;8.8148;2868.97;5.30021;0;0;0.1;0.01;0;5.30781;0;0;-1
0;377;37.228;25.3854;-24.7109;9.96675;4147.15;5.99286;0;0;0.1;0.01;0;6.87946;0;0;-1
0;378;37.0125;42.1398;-27.099;9.84583;3998.03;5.92015;0;0;0.1;0.01;0;6.57956;0;0;-1
0;379;38.4485;63.6759;-24.9035;8.5;2572.44;5.11093;0;0;0.1;0.01;0;4.58613;1;0;-1
0;380;36.7517;78.8118;-24.8771;8.5;2572.44;5.11093;0;0;0.1;0.01;0;4.35085;1;0;-1
0;381;50.4402;-66.6516;-24.7848;10.2137;4463.11;6.14135;0;0;0.1;0.01;0;5.56895;0;0;-1
0;382;49.963;-50.7724;-25.29;10.1728;4409.71;6.11676;0;0;0.1;0.01;0;6.85243;0;0;-1
0;383;50.075;-33.416;-25.0321;8.55599;2623.61;5.14459;0;0;0.1;0.01;0;5.20446;0;0;-1
0;384;52.7154;-15.5635;-26.8636;9.21838;3281.35;5.54288;0;0;0.1;0.01;0;6.26032;0;0;-1
0;385;51.8198;1.73362;-28.3348;10.0155;4208.3;6.02217;0;0;0.1;0.01;0;7.16939;0;0;-1
0;386;50.1098;17.7946;-28.5157;9.04577;3100.45;5.43909;0;0;0.1;0.01;0;6.16869;0;0;-1
0;387;50.3042;34.8921;-25.0703;9.38364;3461.01;5.64225;0;0;0.1;0.01;0;5.57682;0;0;-1
0;388;52.9788;54.7662;-24.693;8.65695;2717.59;5.2053;0;0;0.1;0.01;0;4.39639;0;0;-1
0;389;52.2017;72.621;-26.9402;9.78828;3928.33;5.88555;0;0;0.1;0.01;0;4.37787;0;0;-1
0;390;66.361;-59.2029;-27.6295;8.99162;3045.11;5.40653;0;0;0.1;0.01;0;4.13197;0;0;-1
0;391;66.635;-42.2228;-25.0397;8.84857;2902.07;5.32052;0;0;0.1;0.01;0;5.48385;0;0;-1
0;392;67.4845;-23.245;-24.8683;10.3678;4668.19;6.23401;0;0;0.1;0.01;0;6.53759;0;0;-1
0;393;65.5553;-5.59989;-26.9228;8.9529;3005.94;5.38325;0;0;0.1;0.01;0;6.84103;0;0;-1
0;394;66.5813;9.45551;-25.0949;9.2484;3313.51;5.56093;0;0;0.1;0.01;0;5.82219;0;0;-1
0;395;64.8755;25.4078;-25.6031;9.8348;3984.6;5.91352;0;0;0.1;0.01;0;4.80931;0;0;-1
0;396;66.3823;46.5064;-25.9014;10.0347;4232.55;6.03372;0;0;0.1;0.01;0;5.81626;0;0;-1
0;397;65.0711;62.277;-27.5182;10.0508;4252.95;6.0434;0;0;0.1;0.01;0;4.96894;0;0;-1
0;398;79.4173;-51.2643;-25.8225;10.1042;4321.1;6.07551;0;0;0.1;0.01;0;2.17823;0;0;-1
0;399;81.8811;-34.2054;-24.8324;10.2512;4512.45;6.1639;0;0;0.1;0.01;0;3.41403;0;0;-1
0;400;80.7478;-16.8097;-25.3474;8.88357;2936.64;5.34156;0;0;0.1;0.01;0;4.47029;0;0;-1
0;401;79.7998;-0.232292;-26.2412;9.30496;3374.68;5.59494;0;0;0.1;0.01;0;4.87293;0;0;-1
0;402;83.2162;17.7938;-25.2706;9.79833;3940.44;5.89159;0;0;0.1;0.01;0;4.14656;0;0;-1
0;403;79.0935;33.7628;-27.9907;8.5;2572.44;5.11093;0;0;0.1;0.01;0;3.36638;1;0;-1
0;404;79.3704;54.6231;-26.5401;10.3516;4646.34;6.22427;0;0;0.1;0.01;0;2.70803;0;0;-1
0;405;-98.4439;0.961145;-11.8062;10.2755;4544.62;6.17851;0;0;0.1;0.01;0;3.70449;0;0;-1
0;406;-84.2853;-42.0856;-11.2503;9.08598;3141.98;5.46327;0;0;0.1;0.01;0;3.46704;0;0;-1
0;407;-84.3757;-23.5363;-10.3077;10.4098;4725.15;6.25926;0;0;0.1;0.01;0;5.70383;0;0;-1
0;408;-85.218;-7.13534;-12.4868;8.91246;2965.39;5.35893;0;0;0.1;0.01;0;5.26915;0;0;-1
0;409;-83.3488;11.6451;-11.9308;10.149;4378.83;6.10245;0;0;0.1;0.01;0;5.92193;0;0;-1
0;410;-84.81;29.1395;-12.4316;8.5;2572.44;5.11093;0;0;0.1;0.01;0;4.12927;1;0;-1
0;411;-84.0329;42.4974;-11.3171;9.39125;3469.44;5.64682;0;0;0.1;0.01;0;4.12703;0;0;-1
0;412;-70.811;-68.4379;-10.0687;8.78734;2842.24;5.2837;0;0;0.1;0.01;0;2.13662;0;0;-1
0;413;-69.2282;-49.2675;-11.9976;9.51949;3613.51;5.72393;0;0;0.1;0.01;0;4.76589;0;0;-1
0;414;-69.8922;-32.5551;-10.1384;9.37135;3447.43;5.63486;0;0;0.1;0.01;0;6.7964;0;0;-1
0;415;-72.1641;-15.7405;-11.6956;9.40543;3485.17;5.65535;0;0;0.1;0.01;0;6.58692;0;0;-1
0;416;-70.7948;3.17358;-10.3135;8.76929;2824.76;5.27285;0;0;0.1;0.01;0;6.07138;0;0;-1
0;417;-68.3486;17.3742;-12.9541;8.58719;2652.42;5.16335;0;0;0.1;0.01;0;4.9314;0;0;-1
0;418;-69.4929;36.469;-11.9846;9.59908;3704.91;5.77179;0;0;0.1;0.01;0;6.34025;0;0;-1
0;419;-71.9171;53.7865;-13.0238;8.9755;3028.76;5.39684;0;0;0.1;0.01;0;4.41625;0;0;-1
0;420;-54.2879;-75.1303;-9.72315;8.85847;2911.82;5.32647;0;0;0.1;0.01;0;3.81566;0;0;-1
0;421;-56.6178;-58.2371;-12.343;9.39962;3478.72;5.65186;0;0;0.1;0.01;0;5.38566;0;0;-1
0;422;-57.3266;-39.197;-10.3209;8.57706;2643.04;5.15726;0;0;0.1;0.01;0;5.56476;0;0;-1
0;423;-57.3142;-23.9563;-11.8594;8.5;2572.44;5.11093;0;0;0.1;0.01;0;5.49297;1;0;-1
0;424;-55.2369;-7.22227;-11.8093;9.00601;3059.75;5.41518;0;0;0.1;0.01;0;5.50156;0;0;-1
0;425;-54.308;8.60023;-12.5459;10.0595;4264.01;6.04863;0;0;0.1;0.01;0;5.98987;0;0;-1
0;426;-57.3429;29.7676;-12.8193;8.5;2572.44;5.11093;0;0;0.1;0.01;0;5.63816;1;0;-1
0;427;-55.1172;44.7213;-11.8295;9.28257;3350.37;5.58147;0;0;0.1;0.01;0;6.85631;0;0;-1
0;428;-57.9488;60.0326;-10.6856;9.74725;3879.14;5.86088;0;0;0.1;0.01;0;5.44978;0;0;-1
0;429;-42.7905;-83.6442;-13.2622;10.0889;4301.5;6.06631;0;0;0.1;0.01;0;4.25766;0;0;-1
0;430;-39.3547;-64.6254;-11.568;9.79525;3936.73;5.88974;0;0;0.1;0.01;0;5.61084;0;0;-1
0;431;-41.0523;-49.3581;-10.6949;8.52157;2592.07;5.1239;0;0;0.1;0.01;0;5.07862;0;0;-1
0;432;-41.2206;-32.6036;-12.3628;9.80366;3946.87;5.8948;0;0;0.1;0.01;0;6.13967;0;0;-1
0;433;-42.0813;-14.3468;-13.5164;10.014;4206.41;6.02127;0;0;0.1;0.01;0;6.08378;0;0;-1
0;434;-40.9256;3.07351;-10.7852;9.48602;3575.53;5.70381;0;0;0.1;0.01;0;5.77058;0;0;-1
0;435;-39.4031;20.0886;-11.2065;10.0097;4200.99;6.01869;0;0;0.1;0.01;0;6.27727;0;0;-1
0;436;-42.1302;36.9046;-13.171;9.33057;3402.62;5.61034;0;0;0.1;0.01;0;7.19894;0;0;-1
0;437;-42.6542;52.2149;-12.6264;8.5;2572.44;5.11093;0;0;0.1;0.01;0;5.05021;1;0;-1
0;438;-43.0057;70.6878;-12.5553;8.74544;2801.78;5.25851;0;0;0.1;0.01;0;4.72144;0;0;-1
0;439;-43.2514;85.1331;-13.3346;8.5;2572.44;5.11093;0;0;0.1;0.01;0;3.42513;1;0;-1
0;440;-27.9032;-93.1808;-13.0885;9.62079;3730.1;5.78484;0;0;0.1;0.01;0;4.31864;0;0;-1
0;441;-28.1469;-76.8717;-13.0057;10.1441;4372.49;6.0995;0;0;0.1;0.01;0;7.0558;0;0;-1
0;442;-24.6963;-56.5744;-12.2863;10.3899;4698.1;6.2473;0;0;0.1;0.01;0;7.30689;0;0;-1
0;443;-27.3675;-41.7551;-10.1895;10.4383;4764.07;6.2764;0;0;0.1;0.01;0;7.63226;0;0;-1
0;444;-26.633;-22.286;-11.8649;10.2193;4470.46;6.14472;0;0;0.1;0.01;0;6.64841;0;0;-1
0;445;-24.9552;-7.30637;-10.3221;8.54228;2611.02;5.13635;0;0;0.1;0.01;0;4.6974;0;0;-1
0;446;-25.1415;9.14763;-10.2575;9.43114;3513.83;5.67081;0;0;0.1;0.01;0;5.17476;0;0;-1
0;447;-27.4334;28.4659;-10.5824;10.2555;4518.13;6.16648;0;0;0.1;0.01;0;6.15163;0;0;-1
0;448;-28.3059;42.9579;-10.7736;9.06343;3118.65;5.44971;0;0;0.1;0.01;0;5.62692;0;0;-1
0;449;-24.4405;59.0681;-12.8446;8.80537;2859.77;5.29454;0;0;0.1;0.01;0;4.53542;0;0;-1
0;450;-24.7749;77.6987;-12.2469;9.85517;4009.41;5.92577;0;0;0.1;0.01;0;6.4524;0;0;-1
0;451;-24.8569;94.6714;-14.018;10.1999;4445.05;6.13305;0;0;0.1;0.01;0;3.54467;0;0;-1
0;452;-13.5482;-83.3068;-11.0859;8.5;2572.44;5.11093;0;0;0.1;0.01;0;4.4539;1;0;-1
0;453;-12.7674;-65.4532;-13.2575;8.5;2572.44;5.11093;0;0;0.1;0.01;0;5.52491;1;0;-1
0;454;-12.6938;-48.4388;-9.71287;9.49539;3586.14;5.70944;0;0;0.1;0.01;0;6.60606;0;0;-1
0;455;-11.4457;-32.3633;-11.7611;10.4018;4714.27;6.25445;0;0;0.1;0.01;0;7.25621;0;0;-1
0;456;-10.3966;-14.2687;-10.7223;8.5;2572.44;5.11093;0;0;0.1;0.01;0;6.05839;1;0;-1
0;457;-10.7174;0.966451;-11.6022;10.2021;4447.92;6.13437;0;0;0.1;0.01;0;7.16153;0;0;-1
0;458;-10.7302;16.9706;-11.6228;9.08701;3143.05;5.46389;0;0;0.1;0.01;0;5.76875;0;0;-1
0;459;-11.5955;34.2433;-12.5373;8.56015;2627.44;5.14709;0;0;0.1;0.01;0;4.61942;0;0;-1
0;460;-10.3548;50.9675;-10.6103;8.54843;2616.66;5.14005;0;0;0.1;0.01;0;5.22227;0;0;-1
0;461;-10.5222;67.4162;-11.6362;9.0735;3129.05;5.45576;0;0;0.1;0.01;0;5.91092;0;0;-1
0;462;-11.6988;87.257;-12.437;8.5;2572.44;5.11093;0;0;0.1;0.01;0;4.79388;1;0;-1
0;463;4.39131;-91.5532;-10.5921;8.69412;2752.74;5.22765;0;0;0.1;0.01;0;3.76555;0;0;-1
0;464;1.54624;-75.9953;-12.1276;8.5;2572.44;5.11093;0;0;0.1;0.01;0;5.49107;1;0;-1
0;465;1.34434;-59.4803;-12.8546;8.86284;2916.13;5.3291;0;0;0.1;0.01;0;6.06283;0;0;-1
0;466;1.6801;-41.261;-12.6221;9.63019;3741.05;5.79049;0;0;0.1;0.01;0;6.53611;0;0;-1
0;467;1.26496;-21.5703;-10.4672;9.21799;3280.93;5.54264;0;0;0.1;0.01;0;6.60876;0;0;-1
0;468;1.59672;-7.44664;-12.1201;8.63646;2698.34;5.19298;0;0;0.1;0.01;0;6.12578;0;0;-1
0;469;3.27885;8.17313;-12.2773;10.1133;4332.79;6.08098;0;0;0.1;0.01;0;6.21264;0;0;-1
0;470;3.19244;25.1314;-13.5531;9.05314;3108.04;5.44352;0;0;0.1;0.01;0;4.72235;0;0;-1
0;471;1.98863;43.7634;-10.4951;9.3009;3370.26;5.5925;0;0;0.1;0.01;0;5.57755;0;0;-1
0;472;2.33452;59.5224;-10.7483;9.45512;3540.71;5.68523;0;0;0.1;0.01;0;6.58857;0;0;-1
0;473;2.7067;76.7473;-10.3985;8.91847;2971.39;5.36255;0;0;0.1;0.01;0;6.03369;0;0;-1
0;474;3.09519;94.0414;-11.4682;10.2647;4530.3;6.17202;0;0;0.1;0.01;0;4.45949;0;0;-1
0;475;18.8177;-85.1782;-10.5426;9.35595;3430.46;5.6256;0;0;0.1;0.01;0;5.80053;0;0;-1
0;476;16.0705;-68.1905;-10.517;9.47166;3559.32;5.69517;0;0;0.1;0.01;0;6.3551;0;0;-1
0;477;15.9642;-51.4695;-9.87551;9.86583;4022.44;5.93218;0;0;0.1;0.01;0;5.77881;0;0;-1
0;478;15.5238;-33.3911;-10.525;9.65096;3765.3;5.80298;0;0;0.1;0.01;0;5.74373;0;0;-1
0;479;16.0355;-16.2985;-11.4677;8.57311;2639.39;5.15489;0;0;0.1;0.01;0;5.90845;0;0;-1
0;480;16.4163;1.12039;-11.4634;9.38448;3461.94;5.64275;0;0;0.1;0.01;0;5.57929;0;0;-1
0;481;19.4876;20.9021;-10.8781;9.88972;4051.73;5.94655;0;0;0.1;0.01;0;6.05001;0;0;-1
0;482;19.6261;38.1897;-13.1681;8.5;2572.44;5.11093;0;0;0.1;0.01;0;5.08466;1;0;-1
0;483;18.1852;54.5371;-11.4721;8.5;2572.44;5.11093;0;0;0.1;0.01;0;4.93025;1;0;-1
0;484;17.3035;71.4364;-10.3228;10.3965;4707.06;6.25126;0;0;0.1;0.01;0;7.11092;0;0;-1
0;485;15.6956;84.9741;-12.573;8.5;2572.44;5.11093;0;0;0.1;0.01;0;5.45151;1;0;-1
0;486;31.9455;-93.7301;-12.0387;8.83098;2884.8;5.30994;0;0;0.1;0.01;0;1.8558;0;0;-1
0;487;33.3562;-76.6489;-12.3238;9.41174;3492.19;5.65914;0;0;0.1;0.01;0;5.65339;0;0;-1
0;488;32.8912;-55.3937;-10.3515;9.45135;3536.47;5.68296;0;0;0.1;0.01;0;4.99289;0;0;-1
0;489;34.167;-38.8906;-10.1202;9.62386;3733.67;5.78669;0;0;0.1;0.01;0;6.1453;0;0;-1
0;490;31.2313;-21.3566;-12.2825;9.89423;4057.28;5.94926;0;0;0.1;0.01;0;7.10835;0;0;-1
0;491;33.1362;-6.33763;-10.7772;8.88235;2935.43;5.34083;0;0;0.1;0.01;0;5.56201;0;0;-1
0;492;33.5019;11.7947;-12.9112;10.3784;4682.52;6.24038;0;0;0.1;0.01;0;7.01806;0;0;-1
0;493;31.4701;29.0543;-10.8365;9.24443;3309.25;5.55854;0;0;0.1;0.01;0;6.82186;0;0;-1
0;494;33.5341;46.2616;-13.2466;9.56238;3662.58;5.74972;0;0;0.1;0.01;0;5.98958;0;0;-1
0;495;32.7924;63.484;-10.3712;8.6173;2680.42;5.18146;0;0;0.1;0.01;0;5.98435;0;0;-1
0;496;32.2646;79.3776;-10.1256;10.0567;4260.45;6.04695;0;0;0.1;0.01;0;6.38546;0;0;-1
0;497;45.9678;-82.9349;-10.7889;8.5;2572.44;5.11093;0;0;0.1;0.01;0;4.15567;1;0;-1
0;498;48.1314;-67.8875;-11.4526;9.53328;3629.24;5.73222;0;0;0.1;0.01;0;6.01231;0;0;-1
0;499;47.699;-47.732;-11.9678;9.34097;3414.01;5.61659;0;0;0.1;0.01;0;6.1162;0;0;-1
0;500;48.6175;-31.7093;-12.5227;9.05733;3112.36;5.44604;0;0;0.1;0.01;0;5.54138;0;0;-1
0;501;45.5545;-14.7399;-10.9517;9.15165;3210.6;5.50275;0;0;0.1;0.01;0;6.2669;0;0;-1
0;502;46.5945;0.435159;-11.0239;10.1585;4391.14;6.10816;0;0;0.1;0.01;0;7.44498;0;0;-1
0;503;47.736;18.1195;-13.4397;10.1742;4411.53;6.1176;0;0;0.1;0.01;0;7.74638;0;0;-1
0;504;47.9002;34.6508;-10.544;9.51622;3609.79;5.72196;0;0;0.1;0.01;0;6.42769;0;0;-1
0;505;45.9425;55.1922;-12.4993;8.5;2572.44;5.11093;0;0;0.1;0.01;0;5.01942;1;0;-1
0;506;46.2878;68.4928;-10.0107;9.24156;3306.16;5.55682;0;0;0.1;0.01;0;6.16917;0;0;-1
0;507;47.6952;85.6421;-13.0939;8.6403;2701.94;5.19529;0;0;0.1;0.01;0;2.33786;0;0;-1
0;508;61.0935;-74.2499;-11.2898;10.3036;4582.01;6.19541;0;0;0.1;0.01;0;3.19894;0;0;-1
0;509;60.3081;-56.066;-13.3026;9.61516;3723.56;5.78146;0;0;0.1;0.01;0;6.39427;0;0;-1
0;510;61.438;-42.1497;-11.6197;9.39919;3478.24;5.6516;0;0;0.1;0.01;0;6.41247;0;0;-1
0;511;62.5769;-25.7842;-11.8628;9.28468;3352.66;5.58274;0;0;0.1;0.01;0;5.84217;0;0;-1
0;512;62.7426;-7.65274;-11.5037;9.83406;3983.7;5.91308;0;0;0.1;0.01;0;6.46732;0;0;-1
0;513;60.7332;9.37251;-12.8131;10.2245;4477.29;6.14784;0;0;0.1;0.01;0;6.65771;0;0;-1
0;514;61.9681;28.7527;-10.2224;9.92591;4096.37;5.96831;0;0;0.1;0.01;0;6.30813;0;0;-1
0;515;62.6722;45.9873;-11.1318;9.50542;3597.51;5.71547;0;0;0.1;0.01;0;5.70353;0;0;-1
0;516;63.2356;63.5894;-10.7996;10.0981;4313.28;6.07184;0;0;0.1;0.01;0;5.33312;0;0;-1
0;517;61.0479;77.9238;-13.793;8.90529;2958.24;5.35462;0;0;0.1;0.01;0;2.77163;0;0;-1
0;518;77.6031;-47.5319;-10.8094;8.5;2572.44;5.11093;0;0;0.1;0.01;0;3.89109;1;0;-1
0;519;77.3357;-30.0349;-11.2442;8.60685;2670.68;5.17517;0;0;0.1;0.01;0;5.62761;0;0;-1
0;520;75.2993;-14.4399;-10.8546;10.4528;4783.95;6.28512;0;0;0.1;0.01;0;7.80192;0;0;-1
0;521;74.9442;1.11872;-10.9938;8.5;2572.44;5.11093;0;0;0.1;0.01;0;6.16586;1;0;-1
0;522;76.6096;18.0104;-13.3373;8.69993;2758.26;5.23114;0;0;0.1;0.01;0;5.74893;0;0;-1
0;523;75.0666;34.8534;-12.7097;8.5;2572.44;5.11093;0;0;0.1;0.01;0;5.25355;1;0;-1
0;524;75.341;51.4799;-10.2278;9.24246;3307.13;5.55736;0;0;0.1;0.01;0;5.72189;0;0;-1
0;525;89.5847;-22.174;-11.9526;8.5;2572.44;5.11093;0;0;0.1;0.01;0;3.79015;1;0;-1
0;526;90.0689;-4.25167;-10.1461;9.67018;3787.85;5.81454;0;0;0.1;0.01;0;4.12168;0;0;-1
0;527;89.5543;12.0096;-11.0236;8.94815;3001.15;5.38039;0;0;0.1;0.01;0;4.80397;0;0;-1
0;528;89.4266;27.0318;-11.2019;8.57982;2645.59;5.15892;0;0;0.1;0.01;0;4.51398;0;0;-1
0;529;89.2391;43.5647;-9.84253;10.0381;4236.85;6.03576;0;0;0.1;0.01;0;3.29379;0;0;-1
0;530;-93.9384;-16.5782;2.39826;9.45997;3546.16;5.68814;0;0;0.1;0.01;0;3.17;0;0;-1
0;531;-95.6855;2.72668;3.43029;9.65336;3768.11;5.80443;0;0;0.1;0.01;0;3.78436;0;0;-1
0;532;-95.908;18.6852;2.16309;10.2032;4449.36;6.13504;0;0;0.1;0.01;0;3.23924;0;0;-1
0;533;-79.6749;-55.9226;3.03955;8.5;2572.44;5.11093;0;0;0.1;0.01;0;2.63934;1;0;-1
0;534;-82.6286;-41.5227;4.68305;9.80047;3943.02;5.89288;0;0;0.1;0.01;0;4.17412;0;0;-1
0;535;-80.599;-23.2268;2.97266;9.80139;3944.13;5.89343;0;0;0.1;0.01;0;6.45319;0;0;-1
0;536;-79.8664;-6.137;3.72083;9.46528;3552.13;5.69134;0;0;0.1;0.01;0;5.92352;0;0;-1
0;537;-81.7933;10.3573;2.71514;8.90491;2957.86;5.35439;0;0;0.1;0.01;0;4.70797;0;0;-1
0;538;-80.6012;25.4916;1.20615;8.5;2572.44;5.11093;0;0;0.1;0.01;0;3.69553;1;0;-1
0;539;-82.6807;44.0746;2.76938;10.2457;4505.19;6.16059;0;0;0.1;0.01;0;4.42139;0;0;-1
0;540;-78.9047;61.1292;3.37335;9.4202;3501.62;5.66423;0;0;0.1;0.01;0;2.55894;0;0;-1
0;541;-63.8853;-65.5086;1.67463;8.86781;2921.04;5.33209;0;0;0.1;0.01;0;4.00767;0;0;-1
0;542;-64.2785;-47.2854;4.40064;10.2617;4526.33;6.17021;0;0;0.1;0.01;0;6.23414;0;0;-1
0;543;-68.393;-33.051;3.55552;8.92266;2975.58;5.36507;0;0;0.1;0.01;0;5.75738;0;0;-1
0;544;-67.7954;-14.821;1.72218;10.4365;4761.6;6.27532;0;0;0.1;0.01;0;6.92584;0;0;-1
0;545;-67.1966;0.401033;3.73679;10.3306;4618.12;6.21164;0;0;0.1;0.01;0;6.93393;0;0;-1
0;546;-64.7302;17.129;3.3651;10.4477;4776.95;6.28205;0;0;0.1;0.01;0;6.01997;0;0;-1
0;547;-65.18;36.5241;3.09409;10.4249;4745.74;6.26834;0;0;0.1;0.01;0;6.60292;0;0;-1
0;548;-65.5652;52.0326;3.22746;9.47993;3568.65;5.70014;0;0;0.1;0.01;0;5.4792;0;0;-1
0;549;-64.9454;70.4084;3.16342;8.5;2572.44;5.11093;0;0;0.1;0.01;0;2.34996;1;0;-1
0;550;-49.9071;-75.3339;3.23932;8.5823;2647.89;5.16041;0;0;0.1;0.01;0;5.00586;0;0;-1
0;551;-50.3455;-59.3859;4.21347;8.71413;2771.79;5.23968;0;0;0.1;0.01;0;5.50675;0;0;-1
0;552;-50.9512;-42.3302;3.33988;8.72965;2786.63;5.24901;0;0;0.1;0.01;0;5.46194;0;0;-1
0;553;-52.1146;-24.4729;3.65561;8.58632;2651.61;5.16283;0;0;0.1;0.01;0;4.18542;0;0;-1
0;554;-49.6381;-5.37699;2.14519;8.5;2572.44;5.11093;0;0;0.1;0.01;0;4.35496;1;0;-1
0;555;-52.3029;10.059;3.75222;8.5;2572.44;5.11093;0;0;0.1;0.01;0;4.98696;1;0;-1
0;556;-52.7543;25.8391;2.70282;8.5;2572.44;5.11093;0;0;0.1;0.01;0;5.48523;1;0;-1
0;557;-50.2683;42.9831;5.11419;9.8444;3996.28;5.91929;0;0;0.1;0.01;0;5.97297;0;0;-1
0;558;-50.7549;63.4601;1.83635;9.04923;3104.01;5.44117;0;0;0.1;0.01;0;5.21413;0;0;-1
0;559;-51.4557;78.1189;1.28611;9.76208;3896.87;5.8698;0;0;0.1;0.01;0;4.4369;0;0;-1
0;560;-34.9744;-84.0155;3.44104;9.36644;3442.01;5.6319;0;0;0.1;0.01;0;5.15488;0;0;-1
0;561;-38.5012;-67.3865;3.24605;9.15764;3216.91;5.50636;0;0;0.1;0.01;0;5.35487;0;0;-1
0;562;-36.7032;-50.3911;4.12138;8.5;2572.44;5.11093;0;0;0.1;0.01;0;5.17305;1;0;-1
0;563;-35.8325;-32.6216;2.67828;9.95707;4135.07;5.98704;0;0;0.1;0.01;0;6.05343;0;0;-1
0;564;-38.078;-14.0896;3.15217;8.97516;3028.41;5.39663;0;0;0.1;0.01;0;4.98475;0;0;-1
0;565;-36.6334;3.17888;4.03669;8.90095;2953.91;5.35201;0;0;0.1;0.01;0;5.85517;0;0;-1
0;566;-38.1409;19.9746;2.91701;10.1518;4382.46;6.10413;0;0;0.1;0.01;0;6.86581;0;0;-1
0;567;-38.1971;36.3077;1.0244;8.89588;2948.87;5.34896;0;0;0.1;0.01;0;5.93205;0;0;-1
0;568;-35.4178;50.8434;2.86113;9.82839;3976.82;5.90967;0;0;0.1;0.01;0;5.01424;0;0;-1
0;569;-35.7476;71.7384;1.34025;10.4423;4769.55;6.2788;0;0;0.1;0.01;0;6.28677;0;0;-1
0;570;-35.3296;87.8886;3.29149;9.58234;3685.56;5.76172;0;0;0.1;0.01;0;5.14474;0;0;-1
0;571;-20.7839;-93.6603;1.60105;9.51832;3612.18;5.72323;0;0;0.1;0.01;0;4.31065;0;0;-1
0;572;-20.5658;-76.607;4.59332;8.53528;2604.61;5.13214;0;0;0.1;0.01;0;5.26456;0;0;-1
0;573;-23.6238;-57.64;1.54002;9.2155;3278.27;5.54115;0;0;0.1;0.01;0;6.0046;0;0;-1
0;574;-23.2211;-40.3626;2.14665;9.25268;3318.11;5.5635;0;0;0.1;0.01;0;6.41797;0;0;-1
0;575;-21.167;-23.0806;3.57236;8.5;2572.44;5.11093;0;0;0.1;0.01;0;5.3977;1;0;-1
0;576;-20.5804;-5.19162;3.33705;8.55675;2624.31;5.14505;0;0;0.1;0.01;0;6.16128;0;0;-1
0;577;-20.1893;9.99165;4.0689;10.1133;4332.79;6.08098;0;0;0.1;0.01;0;6.89992;0;0;-1
0;578;-23.942;27.523;1.88857;8.5874;2652.61;5.16348;0;0;0.1;0.01;0;3.99151;0;0;-1
0;579;-19.9324;46.9964;1.82827;9.19996;3261.72;5.5318;0;0;0.1;0.01;0;4.54786;0;0;-1
0;580;-22.0295;63.3241;2.16484;9.89483;4058.01;5.94962;0;0;0.1;0.01;0;6.65856;0;0;-1
0;581;-22.1874;77.555;1.90483;9.60554;3712.39;5.77567;0;0;0.1;0.01;0;6.19767;0;0;-1
0;582;-23.3691;96.2356;1.35836;9.90756;4073.7;5.95727;0;0;0.1;0.01;0;3.41855;0;0;-1
0;583;-7.0704;-98.9551;0.928061;10.0776;4287.06;6.05951;0;0;0.1;0.01;0;2.97275;0;0;-1
0;584;-5.645;-81.055;3.71215;8.73414;2790.93;5.25171;0;0;0.1;0.01;0;5.62522;0;0;-1
0;585;-9.08334;-66.6483;2.76906;10.3839;4689.97;6.24369;0;0;0.1;0.01;0;5.75164;0;0;-1
0;586;-7.63681;-49.255;2.31381;8.64791;2709.08;5.19986;0;0;0.1;0.01;0;5.09441;0;0;-1
0;587;-7.46563;-29.979;2.5157;9.4445;3528.79;5.67884;0;0;0.1;0.01;0;6.35158;0;0;-1
0;588;-8.78135;-14.1927;3.12072;9.71029;3835.18;5.83866;0;0;0.1;0.01;0;6.88048;0;0;-1
0;589;-7.88766;1.80765;3.7738;8.5;2572.44;5.11093;0;0;0.1;0.01;0;5.90014;1;0;-1
0;590;-6.29339;17.3576;1.34116;8.51996;2590.61;5.12293;0;0;0.1;0.01;0;5.93149;0;0;-1
0;591;-6.16698;34.6557;3.70159;9.22465;3288.05;5.54665;0;0;0.1;0.01;0;5.50836;0;0;-1
0;592;-5.76283;51.7966;3.53818;8.5;2572.44;5.11093;0;0;0.1;0.01;0;5.86947;1;0;-1
0;593;-7.56609;71.783;2.3307;10.3283;4615.04;6.21026;0;0;0.1;0.01;0;6.85502;0;0;-1
0;594;-9.20893;88.38;3.68043;9.77079;3907.31;5.87503;0;0;0.1;0.01;0;4.97324;0;0;-1
0;595;8.03935;-92.1733;3.09853;8.71605;2773.63;5.24083;0;0;0.1;0.01;0;4.70601;0;0;-1
0;596;8.63674;-76.0933;1.82547;9.61678;3725.44;5.78243;0;0;0.1;0.01;0;7.03902;0;0;-1
0;597;5.95333;-58.9222;1.68554;10.096;4310.59;6.07058;0;0;0.1;0.01;0;6.91893;0;0;-1
0;598;7.03632;-42.7385;3.59126;9.83689;3987.15;5.91478;0;0;0.1;0.01;0;6.72592;0;0;-1
0;599;7.5462;-24.9379;1.84738;9.5353;3631.55;5.73344;0;0;0.1;0.01;0;6.50538;0;0;-1
0;600;9.35683;-8.45948;4.4395;10.1237;4346.17;6.08723;0;0;0.1;0.01;0;5.9298;0;0;-1
0;601;5.73555;10.4531;2.7761;8.89902;2951.99;5.35085;0;0;0.1;0.01;0;4.96091;0;0;-1
0;602;7.62874;25.422;2.12086;9.91149;4078.55;5.95964;0;0;0.1;0.01;0;6.08974;0;0;-1
0;603;8.38255;44.0612;2.35288;8.5;2572.44;5.11093;0;0;0.1;0.01;0;5.04425;1;0;-1
0;604;6.91135;60.389;1.62332;8.5;2572.44;5.11093;0;0;0.1;0.01;0;5.65628;1;0;-1
0;605;8.80399;76.5067;2.68131;8.62821;2690.61;5.18802;0;0;0.1;0.01;0;5.79855;0;0;-1
0;606;5.61225;97.9066;1.51892;9.70502;3828.93;5.83549;0;0;0.1;0.01;0;2.82577;0;0;-1
0;607;20.4541;-85.2871;2.17648;8.5;2572.44;5.11093;0;0;0.1;0.01;0;4.15364;1;0;-1
0;608;23.7055;-66.3267;2.73865;10.1485;4378.19;6.10215;0;0;0.1;0.01;0;5.92327;0;0;-1
0;609;22.3804;-47.3571;4.38074;8.61569;2678.91;5.18049;0;0;0.1;0.01;0;4.58295;0;0;-1
0;610;21.743;-31.0852;1.47155;8.5;2572.44;5.11093;0;0;0.1;0.01;0;5.78915;1;0;-1
0;611;21.431;-14.7039;1.49625;8.5;2572.44;5.11093;0;0;0.1;0.01;0;5.4674;1;0;-1
0;612;23.2039;4.33912;1.19685;9.49255;3582.92;5.70773;0;0;0.1;0.01;0;5.44815;0;0;-1
0;613;23.3891;20.8333;4.67482;9.56391;3664.33;5.75064;0;0;0.1;0.01;0;6.83912;0;0;-1
0;614;21.9839;37.2991;4.96496;8.5;2572.44;5.11093;0;0;0.1;0.01;0;5.66068;1;0;-1
0;615;22.7749;51.4228;3.72261;9.88732;4048.78;5.9451;0;0;0.1;0.01;0;6.64393;0;0;-1
0;616;21.1373;67.7556;1.65666;9.16445;3224.09;5.51045;0;0;0.1;0.01;0;5.95851;0;0;-1
0;617;21.406;89.4983;1.13796;10.1186;4339.6;6.08417;0;0;0.1;0.01;0;4.04278;0;0;-1
0;618;38.0387;-75.9298;1.6592;9.44408;3528.32;5.67859;0;0;0.1;0.01;0;6.03141;0;0;-1
0;619;38.5527;-59.6028;4.02555;8.64248;2703.98;5.1966;0;0;0.1;0.01;0;5.2264;0;0;-1
0;620;34.9049;-40.1485;3.41293;8.9796;3032.91;5.3993;0;0;0.1;0.01;0;5.44986;0;0;-1
0;621;35.0479;-25.7235;1.19516;9.54414;3641.66;5.73875;0;0;0.1;0.01;0;6.10633;0;0;-1
0;622;38.0183;-8.85244;4.48394;9.35846;3433.22;5.62711;0;0;0.1;0.01;0;6.01275;0;0;-1
0;623;37.235;9.08737;1.4561;9.51894;3612.89;5.7236;0;0;0.1;0.01;0;5.74693;0;0;-1
0;624;36.6639;27.2501;2.87482;9.98295;4167.4;6.0026;0;0;0.1;0.01;0;6.51311;0;0;-1
0;625;35.9292;44.535;1.21471;10.3932;4702.58;6.24928;0;0;0.1;0.01;0;6.87916;0;0;-1
0;626;36.0999;62.7036;3.8305;10.293;4567.88;6.18903;0;0;0.1;0.01;0;7.82429;0;0;-1
0;627;37.6626;80.0024;2.52814;10.395;4705.03;6.25036;0;0;0.1;0.01;0;5.13862;0;0;-1
0;628;50.844;-83.529;2.89777;8.5;2572.44;5.11093;0;0;0.1;0.01;0;2.98867;1;0;-1
0;629;52.1836;-64.6086;4.04769;9.83279;3982.16;5.91231;0;0;0.1;0.01;0;5.58519;0;0;-1
0;630;50.319;-48.469;3.25931;10.1367;4362.93;6.09505;0;0;0.1;0.01;0;6.36296;0;0;-1
0;631;53.4017;-33.6527;4.79197;8.5;2572.44;5.11093;0;0;0.1;0.01;0;5.81212;1;0;-1
0;632;51.3848;-15.8295;2.99428;8.60239;2666.53;5.17249;0;0;0.1;0.01;0;5.11793;0;0;-1
0;633;52.1592;1.13569;2.46792;8.51441;2585.55;5.11959;0;0;0.1;0.01;0;5.43434;0;0;-1
0;634;52.3748;17.0471;1.6646;9.47502;3563.11;5.69719;0;0;0.1;0.01;0;7.31083;0;0;-1
0;635;50.1831;34.3871;2.73889;9.80689;3950.78;5.89674;0;0;0.1;0.01;0;6.23176;0;0;-1
0;636;51.3751;54.6301;4.70307;8.5;2572.44;5.11093;0;0;0.1;0.01;0;5.01675;1;0;-1
0;637;50.0066;67.7071;3.26183;9.09874;3155.24;5.47094;0;0;0.1;0.01;0;4.69992;0;0;-1
0;638;68.0583;-56.0605;4.68666;9.91865;4087.39;5.96394;0;0;0.1;0.01;0;4.38754;0;0;-1
0;639;67.5953;-39.0421;2.40625;9.67029;3787.97;5.81461;0;0;0.1;0.01;0;7.08911;0;0;-1
0;640;64.733;-24.1612;3.89977;8.59961;2663.94;5.17082;0;0;0.1;0.01;0;5.67717;0;0;-1
0;641;67.8279;-6.65585;4.42542;8.5;2572.44;5.11093;0;0;0.1;0.01;0;4.86789;1;0;-1
0;642;65.6281;12.2015;3.83291;10.2544;4516.68;6.16582;0;0;0.1;0.01;0;6.72006;0;0;-1
0;643;65.49;25.9327;3.93901;8.5;2572.44;5.11093;0;0;0.1;0.01;0;6.09754;1;0;-1
0;644;66.9191;44.3128;4.36322;9.40417;3483.77;5.65459;0;0;0.1;0.01;0;5.69806;0;0;-1
0;645;67.4225;60.1774;4.3211;9.78995;3930.34;5.88655;0;0;0.1;0.01;0;4.46733;0;0;-1
0;646;82.3302;-47.3941;5.10054;9.16647;3226.23;5.51167;0;0;0.1;0.01;0;3.67582;0;0;-1
0;647;82.1679;-33.1081;3.18487;10.4059;4719.84;6.25692;0;0;0.1;0.01;0;5.82409;0;0;-1
0;648;81.3942;-15.7959;3.84129;9.58771;3691.76;5.76495;0;0;0.1;0.01;0;6.49051;0;0;-1
0;649;79.7765;0.055968;1.87803;9.17655;3236.88;5.51773;0;0;0.1;0.01;0;5.73056;0;0;-1
0;650;80.9753;18.2553;2.44407;9.17519;3235.44;5.51691;0;0;0.1;0.01;0;6.6442;0;0;-1
0;651;82.5356;36.104;4.09125;10.3563;4652.67;6.22709;0;0;0.1;0.01;0;5.55435;0;0;-1
0;652;82.8023;55.3011;4.8941;9.98006;4163.78;6.00087;0;0;0.1;0.01;0;2.84994;0;0;-1
0;653;95.8357;-23.3876;2.10287;10.372;4673.86;6.23653;0;0;0.1;0.01;0;3.62928;0;0;-1
0;654;96.3565;-7.56393;4.22529;9.30892;3378.99;5.59732;0;0;0.1;0.01;0;3.40775;0;0;-1
0;655;94.5228;12.1169;1.93257;9.59168;3696.35;5.76734;0;0;0.1;0.01;0;4.2135;0;0;-1
0;656;94.3097;26.6309;4.47871;10.0281;4224.2;6.02975;0;0;0.1;0.01;0;4.46511;0;0;-1
0;657;-86.8362;-40.7494;19.2004;10.0139;4206.28;6.02121;0;0;0.1;0.01;0;3.22308;0;0;-1
0;658;-85.0797;-21.1777;18.5591;9.39531;3473.94;5.64926;0;0;0.1;0.01;0;3.28369;0;0;-1
0;659;-84.8776;-4.98917;19.2738;9.9256;4095.99;5.96812;0;0;0.1;0.01;0;4.60247;0;0;-1
0;660;-86.6507;10.4802;17.1912;9.41782;3498.97;5.6628;0;0;0.1;0.01;0;4.71396;0;0;-1
0;661;-85.7233;27.1061;18.3038;8.5;2572.44;5.11093;0;0;0.1;0.01;0;3.21807;1;0;-1
0;662;-84.2588;45.3254;18.9298;8.68184;2741.09;5.22026;0;0;0.1;0.01;0;2.72763;0;0;-1
0;663;-72.1105;-63.6406;19.8459;9.46219;3548.65;5.68948;0;0;0.1;0.01;0;3.35546;0;0;-1
0;664;-70.8116;-48.5631;16.6672;9.04696;3101.68;5.43981;0;0;0.1;0.01;0;6.11222;0;0;-1
0;665;-68.9837;-33.868;19.1846;8.5;2572.44;5.11093;0;0;0.1;0.01;0;5.46773;1;0;-1
0;666;-71.9582;-13.1888;19.02;9.90376;4069.01;5.95499;0;0;0.1;0.01;0;7.23476;0;0;-1
0;667;-69.386;2.17156;19.7055;9.7357;3865.36;5.85394;0;0;0.1;0.01;0;6.93134;0;0;-1
0;668;-70.2497;18.6438;19.3013;9.64972;3763.85;5.80224;0;0;0.1;0.01;0;5.80247;0;0;-1
0;669;-70.2933;34.2559;16.7414;8.77909;2834.24;5.27874;0;0;0.1;0.01;0;4.32313;0;0;-1
0;670;-70.254;52.8868;16.2662;8.5;2572.44;5.11093;0;0;0.1;0.01;0;3.91463;1;0;-1
0;671;-58.0214;-74.946;17.1208;10.065;4271;6.05194;0;0;0.1;0.01;0;4.51513;0;0;-1
0;672;-57.5001;-58.651;18.704;9.47117;3558.77;5.69488;0;0;0.1;0.01;0;6.4381;0;0;-1
0;673;-56.2021;-39.5371;17.458;10.2399;4497.55;6.1571;0;0;0.1;0.01;0;7.40239;0;0;-1
0;674;-57.0808;-23.2712;16.9194;8.9323;2985.23;5.37086;0;0;0.1;0.01;0;5.73311;0;0;-1
0;675;-55.1877;-6.46401;16.0487;9.97374;4155.88;5.99707;0;0;0.1;0.01;0;6.24344;0;0;-1
0;676;-57.1306;8.61547;17.407;8.70387;2762.01;5.23351;0;0;0.1;0.01;0;5.38469;0;0;-1
0;677;-55.3818;26.7742;16.7958;9.65507;3770.12;5.80545;0;0;0.1;0.01;0;5.70868;0;0;-1
0;678;-54.9708;46.9014;18.9426;8.5;2572.44;5.11093;0;0;0.1;0.01;0;4.34966;1;0;-1
0;679;-53.9881;61.9325;18.278;8.67427;2733.93;5.21571;0;0;0.1;0.01;0;3.80809;0;0;-1
0;680;-53.7958;78.0489;19.659;9.60026;3706.27;5.7725;0;0;0.1;0.01;0;2.63842;0;0;-1
0;681;-41.6971;-84.616;16.8493;9.64536;3758.75;5.79962;0;0;0.1;0.01;0;4.32872;0;0;-1
0;682;-40.6331;-67.4683;17.732;8.98447;3037.85;5.40223;0;0;0.1;0.01;0;5.51473;0;0;-1
0;683;-40.4655;-47.781;16.7411;9.09298;3149.25;5.46748;0;0;0.1;0.01;0;5.25993;0;0;-1
0;684;-42.528;-33.0291;18.1957;9.56256;3662.78;5.74983;0;0;0.1;0.01;0;6.35486;0;0;-1
0;685;-42.1563;-13.7585;16.4888;8.5;2572.44;5.11093;0;0;0.1;0.01;0;4.91454;1;0;-1
0;686;-39.9938;2.28207;17.7263;8.8338;2887.56;5.31164;0;0;0.1;0.01;0;5.08227;0;0;-1
0;687;-42.2122;18.6811;18.4685;8.81873;2872.81;5.30257;0;0;0.1;0.01;0;5.43364;0;0;-1
0;688;-41.1645;33.737;18.2764;8.97255;3025.77;5.39506;0;0;0.1;0.01;0;5.19035;0;0;-1
0;689;-39.7093;53.2115;18.5436;8.97931;3032.62;5.39913;0;0;0.1;0.01;0;4.73877;0;0;-1
0;690;-39.586;71.4845;16.4007;10.2106;4459.05;6.13949;0;0;0.1;0.01;0;5.90371;0;0;-1
0;691;-41.5966;87.7489;18.5434;8.98874;3042.18;5.4048;0;0;0.1;0.01;0;2.93016;0;0;-1
0;692;-27.7627;-93.4568;16.8254;10.4523;4783.26;6.28482;0;0;0.1;0.01;0;3.97965;0;0;-1
0;693;-27.5081;-72.8535;18.5006;9.83112;3980.13;5.91131;0;0;0.1;0.01;0;6.16516;0;0;-1
0;694;-25.3705;-56.7088;16.282;8.5;2572.44;5.11093;0;0;0.1;0.01;0;4.45012;1;0;-1
0;695;-24.5021;-40.376;17.8433;8.88227;2935.35;5.34078;0;0;0.1;0.01;0;5.48635;0;0;-1
0;696;-28.3596;-24.7215;16.3198;9.59361;3698.58;5.7685;0;0;0.1;0.01;0;6.04894;0;0;-1
0;697;-28.3797;-7.18661;16.0152;9.33032;3402.34;5.61019;0;0;0.1;0.01;0;5.29158;0;0;-1
0;698;-26.9599;10.6816;16.4879;9.60486;3711.6;5.77526;0;0;0.1;0.01;0;6.09191;0;0;-1
0;699;-27.4536;28.0475;17.3652;9.05772;3112.76;5.44628;0;0;0.1;0.01;0;5.12846;0;0;-1
0;700;-25.4625;45.9291;17.6305;9.58543;3689.13;5.76358;0;0;0.1;0.01;0;5.76583;0;0;-1
0;701;-28.1555;62.0565;16.404;9.01678;3070.74;5.42166;0;0;0.1;0.01;0;5.90442;0;0;-1
0;702;-27.4147;80.4114;16.3124;10.1887;4430.42;6.12632;0;0;0.1;0.01;0;5.89114;0;0;-1
0;703;-13.2912;-83.6083;17.6399;9.77088;3907.42;5.87509;0;0;0.1;0.01;0;5.45606;0;0;-1
0;704;-13.7346;-65.6455;17.0196;8.5;2572.44;5.11093;0;0;0.1;0.01;0;4.20952;1;0;-1
0;705;-11.1851;-47.5316;16.2696;9.7905;3931;5.88689;0;0;0.1;0.01;0;5.44867;0;0;-1
0;706;-12.3573;-30.7829;19.3503;8.63701;2698.85;5.19331;0;0;0.1;0.01;0;5.76332;0;0;-1
0;707;-11.5484;-16.1905;17.4724;9.71429;3839.92;5.84106;0;0;0.1;0.01;0;6.34233;0;0;-1
0;708;-13.6706;1.66678;17.1282;10.0878;4300.09;6.06565;0;0;0.1;0.01;0;7.02263;0;0;-1
0;709;-13.1762;20.7901;16.6163;10.0841;4295.36;6.06342;0;0;0.1;0.01;0;6.26884;0;0;-1
0;710;-10.9538;37.3193;17.2907;8.97727;3030.55;5.3979;0;0;0.1;0.01;0;5.49444;0;0;-1
0;711;-10.0212;52.3616;18.301;10.1287;4352.61;6.09024;0;0;0.1;0.01;0;6.642;0;0;-1
0;712;-11.6692;68.4248;18.3646;8.59754;2662.02;5.16958;0;0;0.1;0.01;0;5.20835;0;0;-1
0;713;-11.0536;85.2569;18.6737;8.5;2572.44;5.11093;0;0;0.1;0.01;0;3.73719;1;0;-1
0;714;1.68246;-91.9846;17.4306;10.248;4508.23;6.16197;0;0;0.1;0.01;0;3.90855;0;0;-1
0;715;4.58328;-72.2713;15.986;8.68782;2746.76;5.22386;0;0;0.1;0.01;0;5.15369;0;0;-1
0;716;2.81601;-56.9737;17.3321;8.5;2572.44;5.11093;0;0;0.1;0.01;0;5.54306;1;0;-1
0;717;2.96224;-39.8533;16.6743;9.887;4048.39;5.94491;0;0;0.1;0.01;0;6.58374;0;0;-1
0;718;2.38336;-24.4646;16.4653;8.82136;2875.38;5.30416;0;0;0.1;0.01;0;5.63555;0;0;-1
0;719;4.97345;-8.37481;17.1113;8.57217;2638.52;5.15432;0;0;0.1;0.01;0;4.744;0;0;-1
0;720;4.17373;9.65155;16.3853;9.89258;4055.25;5.94826;0;0;0.1;0.01;0;4.8915;0;0;-1
0;721;2.16065;28.5084;16.6403;9.95865;4137.04;5.98799;0;0;0.1;0.01;0;6.24788;0;0;-1
0;722;2.53457;46.1881;15.6237;8.5982;2662.63;5.16997;0;0;0.1;0.01;0;5.80139;0;0;-1
0;723;2.66051;63.4034;15.8918;10.4039;4717.12;6.25571;0;0;0.1;0.01;0;6.71203;0;0;-1
0;724;0.995722;77.9608;15.9318;8.66392;2724.16;5.20949;0;0;0.1;0.01;0;5.68464;0;0;-1
0;725;4.69707;93.088;17.7718;8.70908;2766.98;5.23664;0;0;0.1;0.01;0;2.89401;0;0;-1
0;726;17.7764;-82.3795;17.1051;10.0453;4245.97;6.04009;0;0;0.1;0.01;0;5.13214;0;0;-1
0;727;15.7972;-64.4149;16.3786;8.5;2572.44;5.11093;0;0;0.1;0.01;0;4.94397;1;0;-1
0;728;16.0224;-50.087;18.3085;9.61978;3728.93;5.78423;0;0;0.1;0.01;0;5.55347;0;0;-1
0;729;18.9314;-33.9862;18.1024;8.5;2572.44;5.11093;0;0;0.1;0.01;0;4.31351;1;0;-1
0;730;18.3544;-17.0105;17.3432;9.30503;3374.75;5.59498;0;0;0.1;0.01;0;5.77389;0;0;-1
0;731;17.4619;2.71692;18.493;8.54447;2613.03;5.13767;0;0;0.1;0.01;0;4.73856;0;0;-1
0;732;16.5778;21.1361;16.2177;9.14026;3198.63;5.49591;0;0;0.1;0.01;0;6.27737;0;0;-1
0;733;16.5165;37.0708;17.4442;8.88866;2941.69;5.34462;0;0;0.1;0.01;0;5.88932;0;0;-1
0;734;19.6626;52.9303;17.695;8.85858;2911.93;5.32654;0;0;0.1;0.01;0;5.16841;0;0;-1
0;735;16.4169;69.7783;17.3821;8.51644;2587.4;5.12081;0;0;0.1;0.01;0;5.1556;0;0;-1
0;736;17.9151;85.6766;16.4572;9.17315;3233.29;5.51568;0;0;0.1;0.01;0;3.56804;0;0;-1
0;737;33.1735;-92.4865;15.9345;9.05955;3114.64;5.44738;0;0;0.1;0.01;0;1.68952;0;0;-1
0;738;33.7863;-73.7657;16.1019;9.51316;3606.31;5.72013;0;0;0.1;0.01;0;5.47862;0;0;-1
0;739;33.1773;-55.2476;18.0189;9.15668;3215.9;5.50578;0;0;0.1;0.01;0;4.54222;0;0;-1
0;740;33.6506;-39.0282;18.0728;8.5;2572.44;5.11093;0;0;0.1;0.01;0;5.32968;1;0;-1
0;741;31.4383;-24.4831;16.3354;9.37929;3456.2;5.63963;0;0;0.1;0.01;0;6.48166;0;0;-1
0;742;30.7099;-8.05981;18.5955;9.30862;3378.66;5.59714;0;0;0.1;0.01;0;5.49813;0;0;-1
0;743;30.5294;11.5691;17.0144;8.87722;2930.35;5.33774;0;0;0.1;0.01;0;5.13344;0;0;-1
0;744;32.093;26.8781;16.7672;8.78131;2836.39;5.28007;0;0;0.1;0.01;0;5.40302;0;0;-1
0;745;33.2163;45.7698;16.5227;8.5;2572.44;5.11093;0;0;0.1;0.01;0;5.29043;1;0;-1
0;746;30.4875;63.4338;19.4777;9.08213;3137.99;5.46095;0;0;0.1;0.01;0;6.81659;0;0;-1
0;747;30.6492;77.8133;17.8463;9.25776;3323.58;5.56656;0;0;0.1;0.01;0;5.18523;0;0;-1
0;748;45.3104;-81.2458;16.0894;9.99665;4184.58;6.01084;0;0;0.1;0.01;0;4.70933;0;0;-1
0;749;48.9021;-67.6377;17.0082;8.61752;2680.62;5.18159;0;0;0.1;0.01;0;5.08426;0;0;-1
0;750;47.5108;-48.1696;18.5937;8.5;2572.44;5.11093;0;0;0.1;0.01;0;4.60338;1;0;-1
0;751;46.7614;-31.8994;16.6157;9.52674;3621.78;5.72829;0;0;0.1;0.01;0;6.8296;0;0;-1
0;752;46.3591;-15.3171;17.5047;9.96599;4146.2;5.99241;0;0;0.1;0.01;0;6.40289;0;0;-1
0;753;46.2059;4.39475;19.4817;9.61473;3723.06;5.7812;0;0;0.1;0.01;0;5.431;0;0;-1
0;754;48.7908;20.4706;17.3414;9.77667;3914.37;5.87857;0;0;0.1;0.01;0;6.22895;0;0;-1
0;755;46.8605;34.8796;18.9841;8.5;2572.44;5.11093;0;0;0.1;0.01;0;5.23586;1;0;-1
0;756;45.0861;54.0898;16.5906;10.1386;4365.39;6.09619;0;0;0.1;0.01;0;6.57572;0;0;-1
0;757;46.9791;68.9806;17.7811;8.7934;2848.13;5.28734;0;0;0.1;0.01;0;5.04359;0;0;-1
0;758;45.9381;86.0478;19.6672;8.5;2572.44;5.11093;0;0;0.1;0.01;0;1.28344;1;0;-1
0;759;61.2198;-75.4416;17.4871;9.74749;3879.42;5.86102;0;0;0.1;0.01;0;2.82292;0;0;-1
0;760;62.3061;-57.9529;18.1608;8.5;2572.44;5.11093;0;0;0.1;0.01;0;4.94958;1;0;-1
0;761;62.5601;-38.7146;16.7032;10.097;4311.87;6.07118;0;0;0.1;0.01;0;7.49623;0;0;-1
0;762;60.4181;-24.2768;16.5115;9.90118;4065.83;5.95344;0;0;0.1;0.01;0;7.54512;0;0;-1
0;763;60.3741;-7.40375;16.7509;8.93108;2984.01;5.37013;0;0;0.1;0.01;0;4.81093;0;0;-1
0;764;62.4593;10.6024;16.9685;9.45392;3539.36;5.6845;0;0;0.1;0.01;0;5.77969;0;0;-1
0;765;61.6874;28.5352;16.4797;10.2254;4478.47;6.14838;0;0;0.1;0.01;0;7.22166;0;0;-1
0;766;61.867;45.211;19.0373;8.67367;2733.36;5.21535;0;0;0.1;0.01;0;6.07971;0;0;-1
0;767;62.2901;63.6388;19.0453;10.0225;4217.13;6.02638;0;0;0.1;0.01;0;4.83245;0;0;-1
0;768;75.9036;-50.2077;19.5096;8.70096;2759.24;5.23176;0;0;0.1;0.01;0;3.01381;0;0;-1
0;769;76.0483;-33.4787;18.3436;10.0886;4301.12;6.06613;0;0;0.1;0.01;0;6.13385;0;0;-1
0;770;77.6197;-16.9539;16.7453;8.5;2572.44;5.11093;0;0;0.1;0.01;0;4.96209;1;0;-1
0;771;74.8837;0.854276;19.4095;8.71841;2775.88;5.24225;0;0;0.1;0.01;0;4.44512;0;0;-1
0;772;76.4907;20.1052;16.1829;9.82373;3971.16;5.90687;0;0;0.1;0.01;0;6.53819;0;0;-1
0;773;74.8235;37.9195;19.0705;10.3722;4674.14;6.23665;0;0;0.1;0.01;0;6.73507;0;0;-1
0;774;76.5234;52.4256;18.7543;8.77615;2831.4;5.27697;0;0;0.1;0.01;0;4.5807;0;0;-1
0;775;91.5293;-22.0682;18.6384;9.7875;3927.39;5.88508;0;0;0.1;0.01;0;4.34626;0;0;-1
0;776;92.7484;-7.35769;19.9323;8.5;2572.44;5.11093;0;0;0.1;0.01;0;2.61964;1;0;-1
0;777;91.6955;9.32301;16.2201;9.05672;3111.73;5.44567;0;0;0.1;0.01;0;2.52875;0;0;-1
0;778;89.4645;26.8418;17.3952;9.35384;3428.14;5.62433;0;0;0.1;0.01;0;4.07925;0;0;-1
0;779;-93.585;2.40812;34.5683;8.55786;2625.33;5.14572;0;0;0.1;0.01;0;2.84467;0;0;-1
0;780;-82.0387;-39.7098;31.6305;9.85962;4014.85;5.92845;0;0;0.1;0.01;0;3.15558;0;0;-1
0;781;-79.6843;-25.0863;32.4547;9.32437;3395.84;5.60661;0;0;0.1;0.01;0;4.25314;0;0;-1
0;782;-78.9983;-6.09144;34.0257;9.22038;3283.49;5.54408;0;0;0.1;0.01;0;5.97822;0;0;-1
0;783;-80.1784;10.0438;31.8171;8.73128;2788.19;5.24999;0;0;0.1;0.01;0;4.8947;0;0;-1
0;784;-82.7044;25.872;30.9258;9.40262;3482.05;5.65366;0;0;0.1;0.01;0;2.74724;0;0;-1
0;785;-79.9067;46.0348;31.3462;8.54151;2610.31;5.13589;0;0;0.1;0.01;0;2.20432;0;0;-1
0;786;-65.9605;-66.8891;33.9517;9.46889;3556.2;5.69351;0;0;0.1;0.01;0;3.41805;0;0;-1
0;787;-66.6258;-47.6739;32.2401;9.70994;3834.76;5.83845;0;0;0.1;0.01;0;4.79052;0;0;-1
0;788;-64.3009;-30.7676;34.2057;9.95636;4134.19;5.98661;0;0;0.1;0.01;0;6.55785;0;0;-1
0;789;-66.7749;-15.5651;31.0195;8.5;2572.44;5.11093;0;0;0.1;0.01;0;5.95267;1;0;-1
0;790;-65.6071;0.0140149;34.1248;8.9441;2997.08;5.37796;0;0;0.1;0.01;0;5.9858;0;0;-1
0;791;-66.5536;18.13;33.8848;8.5;2572.44;5.11093;0;0;0.1;0.01;0;4.43001;1;0;-1
0;792;-64.4077;35.1665;31.6578;8.58667;2651.94;5.16304;0;0;0.1;0.01;0;4.1651;0;0;-1
0;793;-66.8435;53.0613;33.2033;9.91933;4088.23;5.96435;0;0;0.1;0.01;0;3.57128;0;0;-1
0;794;-53.1881;-73.3259;30.6184;10.1149;4334.84;6.08194;0;0;0.1;0.01;0;4.85117;0;0;-1
0;795;-50.1828;-58.7172;30.9884;9.48167;3570.62;5.70119;0;0;0.1;0.01;0;6.02555;0;0;-1
0;796;-49.8354;-38.4024;31.6527;9.72083;3847.68;5.84499;0;0;0.1;0.01;0;6.12832;0;0;-1
0;797;-52.8043;-21.2974;31.1226;8.5;2572.44;5.11093;0;0;0.1;0.01;0;4.91588;1;0;-1
0;798;-52.7064;-7.2879;34.1939;9.66627;3783.25;5.81219;0;0;0.1;0.01;0;4.47734;0;0;-1
0;799;-51.67;11.8709;31.7785;8.5;2572.44;5.11093;0;0;0.1;0.01;0;4.16067;1;0;-1
0;800;-50.7144;29.4039;32.6107;8.5;2572.44;5.11093;0;0;0.1;0.01;0;5.238;1;0;-1
0;801;-52.7804;43.342;33.1327;8.5;2572.44;5.11093;0;0;0.1;0.01;0;5.24148;1;0;-1
0;802;-51.6431;60.0679;33.9757;8.5;2572.44;5.11093;0;0;0.1;0.01;0;4.23683;1;0;-1
0;803;-35.6445;-85.3981;34.2795;10.1766;4414.65;6.11904;0;0;0.1;0.01;0;3.63649;0;0;-1
0;804;-38.0013;-66.3791;31.2862;8.5;2572.44;5.11093;0;0;0.1;0.01;0;4.55967;1;0;-1
0;805;-37.9433;-47.2925;33.1294;9.74583;3877.44;5.86003;0;0;0.1;0.01;0;5.9668;0;0;-1
0;806;-34.4755;-33.0289;33.0297;10.2533;4515.23;6.16516;0;0;0.1;0.01;0;6.52101;0;0;-1
0;807;-35.1749;-16.2776;32.717;8.8572;2910.57;5.32571;0;0;0.1;0.01;0;4.12994;0;0;-1
0;808;-35.336;2.98105;32.299;8.80953;2863.83;5.29704;0;0;0.1;0.01;0;4.53418;0;0;-1
0;809;-38.3029;17.6726;32.7607;8.96634;3019.49;5.39133;0;0;0.1;0.01;0;4.90165;0;0;-1
0;810;-36.9794;37.9439;31.6632;9.65063;3764.92;5.80278;0;0;0.1;0.01;0;6.08395;0;0;-1
0;811;-36.8437;52.4718;32.4155;8.9865;3039.91;5.40345;0;0;0.1;0.01;0;5.22388;0;0;-1
0;812;-37.9065;69.1969;32.1247;8.5;2572.44;5.11093;0;0;0.1;0.01;0;3.35599;1;0;-1
0;813;-20.9641;-91.0232;34.0195;9.86408;4020.3;5.93113;0;0;0.1;0.01;0;3.76612;0;0;-1
0;814;-22.9251;-74.3024;32.2305;8.5;2572.44;5.11093;0;0;0.1;0.01;0;5.12026;1;0;-1
0;815;-22.8348;-57.0548;34.421;8.61747;2680.57;5.18156;0;0;0.1;0.01;0;4.58621;0;0;-1
0;816;-21.8611;-42.7408;31.8928;8.61331;2676.69;5.17906;0;0;0.1;0.01;0;5.68034;0;0;-1
0;817;-20.4313;-21.6607;31.3795;8.5;2572.44;5.11093;0;0;0.1;0.01;0;3.95951;1;0;-1
0;818;-20.9558;-4.75281;34.0497;9.37895;3455.82;5.63943;0;0;0.1;0.01;0;5.90007;0;0;-1
0;819;-21.7901;11.193;31.6488;8.93559;2988.53;5.37284;0;0;0.1;0.01;0;5.87777;0;0;-1
0;820;-22.9959;29.3711;33.7811;9.49202;3582.32;5.70741;0;0;0.1;0.01;0;5.55433;0;0;-1
0;821;-20.7378;44.2989;33.8101;9.19925;3260.96;5.53138;0;0;0.1;0.01;0;6.29398;0;0;-1
0;822;-20.4327;59.7;30.9821;8.65751;2718.11;5.20564;0;0;0.1;0.01;0;5.11978;0;0;-1
0;823;-21.769;76.7167;32.6716;10.0526;4255.24;6.04448;0;0;0.1;0.01;0;4.7383;0;0;-1
0;824;-6.8175;-81.4831;33.0064;10.2345;4490.44;6.15386;0;0;0.1;0.01;0;5.73619;0;0;-1
0;825;-7.58251;-65.8484;32.0381;9.11861;3175.96;5.48289;0;0;0.1;0.01;0;4.85133;0;0;-1
0;826;-8.81199;-46.9409;30.7956;9.1191;3176.47;5.48318;0;0;0.1;0.01;0;5.15018;0;0;-1
0;827;-5.46178;-32.6248;31.1776;8.5;2572.44;5.11093;0;0;0.1;0.01;0;4.74417;1;0;-1
0;828;-8.8438;-13.1784;31.5885;10.4144;4731.42;6.26203;0;0;0.1;0.01;0;6.59234;0;0;-1
0;829;-7.466;3.47595;31.9505;9.30981;3379.96;5.59785;0;0;0.1;0.01;0;6.08569;0;0;-1
0;830;-6.85614;20.9992;33.635;10.0649;4270.88;6.05188;0;0;0.1;0.01;0;5.67618;0;0;-1
0;831;-7.47974;37.7969;34.0842;9.13604;3194.2;5.49337;0;0;0.1;0.01;0;6.14292;0;0;-1
0;832;-5.85069;51.724;33.6964;8.5;2572.44;5.11093;0;0;0.1;0.01;0;5.49366;1;0;-1
0;833;-7.19951;69.7826;32.4012;8.73803;2794.66;5.25405;0;0;0.1;0.01;0;4.35011;0;0;-1
0;834;-6.78458;88.6488;31.1292;8.56897;2635.57;5.1524;0;0;0.1;0.01;0;2.16903;0;0;-1
0;835;8.2496;-89.4391;34.6594;8.757;2812.9;5.26546;0;0;0.1;0.01;0;3.18251;0;0;-1
0;836;7.70528;-74.4725;32.4977;10.4534;4784.77;6.28548;0;0;0.1;0.01;0;7.03412;0;0;-1
0;837;6.3449;-58.9462;31.8192;8.79873;2853.31;5.29055;0;0;0.1;0.01;0;5.10357;0;0;-1
0;838;8.48731;-42.9139;33.2006;10.0561;4259.68;6.04659;0;0;0.1;0.01;0;6.75063;0;0;-1
0;839;6.86321;-23.8819;32.7574;8.90408;2957.03;5.35389;0;0;0.1;0.01;0;4.87985;0;0;-1
0;840;7.21239;-6.04676;33.7231;9.87605;4034.95;5.93833;0;0;0.1;0.01;0;6.05216;0;0;-1
0;841;5.64837;8.78995;34.3836;9.10205;3158.68;5.47293;0;0;0.1;0.01;0;4.74272;0;0;-1
0;842;8.33979;27.8168;31.0459;9.25309;3318.55;5.56375;0;0;0.1;0.01;0;5.15833;0;0;-1
0;843;6.79031;42.8941;30.5931;10.1876;4428.99;6.12566;0;0;0.1;0.01;0;6.42154;0;0;-1
0;844;8.63564;61.5732;30.9069;8.68436;2743.48;5.22178;0;0;0.1;0.01;0;4.75655;0;0;-1
0;845;9.12071;78.9354;31.9023;9.46328;3549.88;5.69013;0;0;0.1;0.01;0;4.70462;0;0;-1
0;846;23.1441;-82.6655;33.8546;9.93443;4106.93;5.97343;0;0;0.1;0.01;0;4.76669;0;0;-1
0;847;22.647;-67.9654;33.0044;9.85623;4010.71;5.92641;0;0;0.1;0.01;0;5.40416;0;0;-1
0;848;23.8667;-47.7356;33.3834;8.90151;2954.47;5.35235;0;0;0.1;0.01;0;5.89536;0;0;-1
0;849;21.1388;-32.2873;32.4686;10.1635;4397.63;6.11117;0;0;0.1;0.01;0;7.0385;0;0;-1
0;850;22.1167;-14.0034;32.2132;10.1553;4386.99;6.10623;0;0;0.1;0.01;0;6.79667;0;0;-1
0;851;22.3374;0.480769;30.9478;8.92445;2977.37;5.36614;0;0;0.1;0.01;0;5.12736;0;0;-1
0;852;23.0102;19.3361;30.4865;9.06881;3124.2;5.45294;0;0;0.1;0.01;0;4.82352;0;0;-1
0;853;22.1099;37.5566;33.9839;9.3486;3422.38;5.62118;0;0;0.1;0.01;0;5.73757;0;0;-1
0;854;23.7945;51.3885;32.5731;9.90615;4071.96;5.95642;0;0;0.1;0.01;0;6.81399;0;0;-1
0;855;22.3254;68.7547;31.0026;8.75237;2808.44;5.26267;0;0;0.1;0.01;0;5.90365;0;0;-1
0;856;20.8571;89.3903;34.2249;9.34689;3420.5;5.62015;0;0;0.1;0.01;0;1.60203;0;0;-1
0;857;35.787;-74.7242;32.7946;8.5;2572.44;5.11093;0;0;0.1;0.01;0;3.42735;1;0;-1
0;858;37.1866;-55.089;32.8409;9.55435;3653.36;5.74489;0;0;0.1;0.01;0;5.76128;0;0;-1
0;859;35.5749;-38.4165;30.8904;8.5;2572.44;5.11093;0;0;0.1;0.01;0;5.30915;1;0;-1
0;860;37.4994;-21.9811;32.1789;8.5;2572.44;5.11093;0;0;0.1;0.01;0;4.75588;1;0;-1
0;861;35.8983;-4.81254;33.2037;9.17157;3231.62;5.51473;0;0;0.1;0.01;0;5.72712;0;0;-1
0;862;38.7414;9.35096;32.484;8.59517;2659.82;5.16815;0;0;0.1;0.01;0;4.91497;0;0;-1
0;863;38.1018;25.5644;33.0029;9.81869;3965.06;5.90384;0;0;0.1;0.01;0;5.59469;0;0;-1
0;864;38.3502;43.165;33.0928;9.76301;3897.98;5.87036;0;0;0.1;0.01;0;6.02046;0;0;-1
0;865;35.3791;61.8629;33.7032;9.76121;3895.83;5.86927;0;0;0.1;0.01;0;6.62654;0;0;-1
0;866;36.8561;77.2507;32.1608;10.0224;4217;6.02632;0;0;0.1;0.01;0;5.23651;0;0;-1
0;867;52.8298;-64.6662;31.931;9.06145;3116.6;5.44852;0;0;0.1;0.01;0;3.97413;0;0;-1
0;868;53.1642;-49.336;32.124;9.43641;3519.73;5.67398;0;0;0.1;0.01;0;5.65688;0;0;-1
0;869;52.07;-33.3858;32.4056;9.52844;3623.71;5.72931;0;0;0.1;0.01;0;6.14113;0;0;-1
0;870;51.5466;-17.3176;31.5992;9.93219;4104.15;5.97208;0;0;0.1;0.01;0;6.32121;0;0;-1
0;871;53.2127;0.913561;33.8722;10.0205;4214.6;6.02518;0;0;0.1;0.01;0;6.86836;0;0;-1
0;872;52.4641;17.8203;33.3859;8.9672;3020.36;5.39185;0;0;0.1;0.01;0;6.01672;0;0;-1
0;873;53.4718;38.1485;32.2414;8.9671;3020.26;5.39179;0;0;0.1;0.01;0;6.03707;0;0;-1
0;874;53.2639;53.1805;33.3275;9.60563;3712.5;5.77573;0;0;0.1;0.01;0;6.96961;0;0;-1
0;875;51.423;68.3308;32.4158;9.14929;3208.12;5.50134;0;0;0.1;0.01;0;4.86898;0;0;-1
0;876;67.2568;-58.0715;32.4265;8.83388;2887.64;5.31168;0;0;0.1;0.01;0;3.29164;0;0;-1
0;877;67.6942;-38.6038;31.5538;9.31078;3381.01;5.59844;0;0;0.1;0.01;0;5.34543;0;0;-1
0;878;66.39;-21.8137;31.9677;9.12977;3187.63;5.4896;0;0;0.1;0.01;0;5.27256;0;0;-1
0;879;66.9441;-4.76927;32.626;9.85842;4013.38;5.92772;0;0;0.1;0.01;0;5.72605;0;0;-1
0;880;67.2096;10.3566;32.9735;8.94914;3002.15;5.38099;0;0;0.1;0.01;0;6.55138;0;0;-1
0;881;66.208;28.0088;33.7865;8.61621;2679.4;5.1808;0;0;0.1;0.01;0;5.82062;0;0;-1
0;882;67.3166;45.6423;31.0888;9.11558;3172.79;5.48107;0;0;0.1;0.01;0;6.46565;0;0;-1
0;883;67.0136;59.5007;32.0828;9.87652;4035.53;5.93861;0;0;0.1;0.01;0;4.7544;0;0;-1
0;884;79.9445;-30.2571;33.8269;9.91075;4077.63;5.95919;0;0;0.1;0.01;0;4.39902;0;0;-1
0;885;80.1787;-15.9664;30.7219;8.8039;2858.34;5.29366;0;0;0.1;0.01;0;4.5061;0;0;-1
0;886;79.6576;3.68817;33.5523;10.0827;4293.58;6.06258;0;0;0.1;0.01;0;4.94826;0;0;-1
0;887;80.7146;19.7011;34.1888;8.73611;2792.82;5.2529;0;0;0.1;0.01;0;3.84875;0;0;-1
0;888;80.5428;33.6379;31.9247;8.98096;3034.29;5.40012;0;0;0.1;0.01;0;4.25693;0;0;-1
0;889;-86.3517;-6.44628;47.2366;9.7781;3916.08;5.87943;0;0;0.1;0.01;0;3.24527;0;0;-1
0;890;-85.6619;9.85729;47.7963;10.4049;4718.48;6.25632;0;0;0.1;0.01;0;3.02262;0;0;-1
0;891;-69.0176;-49.9842;48.7947;10.4318;4755.17;6.27249;0;0;0.1;0.01;0;2.88072;0;0;-1
0;892;-69.3926;-33.7443;47.9851;8.5;2572.44;5.11093;0;0;0.1;0.01;0;4.09348;1;0;-1
0;893;-69.3659;-13.3643;47.6954;9.91875;4087.52;5.964;0;0;0.1;0.01;0;5.72685;0;0;-1
0;894;-71.5187;0.840341;46.7806;8.91111;2964.04;5.35812;0;0;0.1;0.01;0;5.62357;0;0;-1
0;895;-68.5685;18.0344;47.0477;8.75571;2811.66;5.26468;0;0;0.1;0.01;0;3.93427;0;0;-1
0;896;-70.5796;36.4573;49.3658;9.25688;3322.63;5.56603;0;0;0.1;0.01;0;1.72401;0;0;-1
0;897;-56.6393;-59.6041;46.1528;8.92538;2978.3;5.3667;0;0;0.1;0.01;0;4.10093;0;0;-1
0;898;-57.0611;-39.1335;47.6059;9.30218;3371.65;5.59327;0;0;0.1;0.01;0;5.77815;0;0;-1
0;899;-57.0491;-23.2609;47.2581;8.5;2572.44;5.11093;0;0;0.1;0.01;0;5.45264;1;0;-1
0;900;-56.8236;-6.91308;48.8081;9.56046;3660.37;5.74857;0;0;0.1;0.01;0;5.90517;0;0;-1
0;901;-54.5958;12.7569;45.9906;8.6949;2753.48;5.22812;0;0;0.1;0.01;0;4.4185;0;0;-1
0;902;-57.7019;29.7427;45.9893;8.5;2572.44;5.11093;0;0;0.1;0.01;0;4.65739;1;0;-1
0;903;-56.3018;45.9438;47.0322;8.5;2572.44;5.11093;0;0;0.1;0.01;0;4.46049;1;0;-1
0;904;-54.4417;61.2979;46.4177;8.73256;2789.42;5.25076;0;0;0.1;0.01;0;3.50032;0;0;-1
0;905;-40.6539;-64.3893;45.881;8.77308;2828.43;5.27513;0;0;0.1;0.01;0;3.66381;0;0;-1
0;906;-40.4075;-50.577;48.2041;9.14813;3206.9;5.50064;0;0;0.1;0.01;0;5.15961;0;0;-1
0;907;-43.2009;-30.0714;46.0978;10.1709;4407.24;6.11561;0;0;0.1;0.01;0;6.05475;0;0;-1
0;908;-41.5064;-14.2977;49.0737;8.5;2572.44;5.11093;0;0;0.1;0.01;0;4.98948;1;0;-1
0;909;-41.6387;0.770636;49.2639;8.65928;2719.78;5.2067;0;0;0.1;0.01;0;4.60014;0;0;-1
0;910;-42.0976;16.7757;48.2733;10.2808;4551.66;6.1817;0;0;0.1;0.01;0;5.92183;0;0;-1
0;911;-42.3296;35.8791;45.2236;8.59133;2656.26;5.16584;0;0;0.1;0.01;0;4.95035;0;0;-1
0;912;-41.2207;53.2394;48.8999;10.1348;4360.48;6.09391;0;0;0.1;0.01;0;6.537;0;0;-1
0;913;-42.4861;69.7187;48.0955;9.85071;4003.97;5.92309;0;0;0.1;0.01;0;4.23879;0;0;-1
0;914;-27.8296;-76.7426;46.7376;9.0812;3137.03;5.46039;0;0;0.1;0.01;0;2.96221;0;0;-1
0;915;-26.1701;-55.5051;48.3151;8.59395;2658.69;5.16742;0;0;0.1;0.01;0;5.99584;0;0;-1
0;916;-27.6866;-41.4913;46.5264;9.63897;3751.29;5.79577;0;0;0.1;0.01;0;7.57713;0;0;-1
0;917;-28.0349;-24.2572;49.4386;8.5;2572.44;5.11093;0;0;0.1;0.01;0;4.80457;1;0;-1
0;918;-25.7045;-8.79197;47.3273;8.5;2572.44;5.11093;0;0;0.1;0.01;0;4.63752;1;0;-1
0;919;-26.6742;12.0274;46.5401;9.92574;4096.16;5.9682;0;0;0.1;0.01;0;5.7789;0;0;-1
0;920;-26.9585;29.5845;48.556;10.2075;4454.99;6.13762;0;0;0.1;0.01;0;7.0624;0;0;-1
0;921;-26.3529;45.1538;48.8374;9.22863;3292.31;5.54904;0;0;0.1;0.01;0;6.1183;0;0;-1
0;922;-25.8932;60.881;46.5184;10.3198;4603.65;6.20515;0;0;0.1;0.01;0;6.87222;0;0;-1
0;923;-25.5691;79.3393;48.5031;9.1597;3219.08;5.50759;0;0;0.1;0.01;0;3.17451;0;0;-1
0;924;-12.3656;-80.7902;46.0169;8.874;2927.16;5.33581;0;0;0.1;0.01;0;3.07028;0;0;-1
0;925;-11.8826;-64.6857;47.9619;8.62741;2689.86;5.18754;0;0;0.1;0.01;0;4.45563;0;0;-1
0;926;-13.4922;-47.9726;46.5716;10.3686;4669.27;6.23449;0;0;0.1;0.01;0;7.52013;0;0;-1
0;927;-12.6911;-33.5671;49.1108;10.005;4195.08;6.01586;0;0;0.1;0.01;0;5.88233;0;0;-1
0;928;-11.4138;-13.8836;48.6943;9.93402;4106.42;5.97318;0;0;0.1;0.01;0;6.77175;0;0;-1
0;929;-11.036;0.270999;46.1071;9.49154;3581.78;5.70713;0;0;0.1;0.01;0;6.651;0;0;-1
0;930;-13.1767;19.5125;47.8632;10.0132;4205.4;6.02079;0;0;0.1;0.01;0;6.25897;0;0;-1
0;931;-11.2516;37.0947;49.0581;8.84922;2902.71;5.32091;0;0;0.1;0.01;0;6.45103;0;0;-1
0;932;-12.2005;52.5431;48.7874;9.02879;3083.03;5.42888;0;0;0.1;0.01;0;7.20883;0;0;-1
0;933;-11.7494;69.7927;48.0753;10.1432;4371.33;6.09896;0;0;0.1;0.01;0;5.86739;0;0;-1
0;934;-12.8168;86.6133;47.9941;8.5;2572.44;5.11093;0;0;0.1;0.01;0;1.6657;1;0;-1
0;935;2.05934;-73.1404;45.8842;8.5;2572.44;5.11093;0;0;0.1;0.01;0;4.91181;1;0;-1
0;936;1.61331;-59.4379;46.6241;8.99434;3047.87;5.40817;0;0;0.1;0.01;0;5.60897;0;0;-1
0;937;2.35379;-42.2788;46.9543;9.40872;3488.83;5.65733;0;0;0.1;0.01;0;5.65126;0;0;-1
0;938;1.44292;-22.4084;48.5066;9.3869;3464.62;5.64421;0;0;0.1;0.01;0;5.82194;0;0;-1
0;939;4.30859;-5.38873;49.0484;9.50215;3593.8;5.7135;0;0;0.1;0.01;0;6.81353;0;0;-1
0;940;3.22015;8.86569;49.2398;9.40384;3483.41;5.65439;0;0;0.1;0.01;0;5.80951;0;0;-1
0;941;1.82318;29.6323;47.3233;8.5;2572.44;5.11093;0;0;0.1;0.01;0;5.05055;1;0;-1
0;942;1.0838;45.5431;47.596;8.53776;2606.88;5.13363;0;0;0.1;0.01;0;6.17297;0;0;-1
0;943;1.48711;60.6194;45.6725;9.03964;3094.15;5.4354;0;0;0.1;0.01;0;5.43859;0;0;-1
0;944;4.93398;79.7262;48.6593;10.1102;4328.8;6.07912;0;0;0.1;0.01;0;3.00638;0;0;-1
0;945;18.9244;-84.4742;48.8936;8.82496;2878.9;5.30632;0;0;0.1;0.01;0;1.95486;0;0;-1
0;946;18.2806;-65.9318;46.709;9.13393;3191.99;5.4921;0;0;0.1;0.01;0;4.69412;0;0;-1
0;947;16.9264;-49.4171;46.2897;8.5;2572.44;5.11093;0;0;0.1;0.01;0;4.61237;1;0;-1
0;948;19.3938;-34.4008;45.9321;10.2763;4545.68;6.17899;0;0;0.1;0.01;0;6.56659;0;0;-1
0;949;16.1455;-14.8594;48.4595;9.22523;3288.67;5.547;0;0;0.1;0.01;0;6.34216;0;0;-1
0;950;18.7751;1.80677;48.5172;8.50641;2578.26;5.11478;0;0;0.1;0.01;0;5.66007;0;0;-1
0;951;17.3908;17.4883;46.7708;9.55479;3653.86;5.74516;0;0;0.1;0.01;0;5.23478;0;0;-1
0;952;16.023;36.3975;49.0124;8.5;2572.44;5.11093;0;0;0.1;0.01;0;4.95215;1;0;-1
0;953;19.2395;50.8472;45.5668;9.03341;3087.76;5.43166;0;0;0.1;0.01;0;5.11233;0;0;-1
0;954;17.4132;71.0988;46.7927;9.52319;3617.73;5.72616;0;0;0.1;0.01;0;4.54424;0;0;-1
0;955;33.2072;-74.2762;48.7916;8.9766;3029.87;5.3975;0;0;0.1;0.01;0;3.24404;0;0;-1
0;956;33.111;-57.1356;47.828;9.60965;3717.16;5.77814;0;0;0.1;0.01;0;6.04592;0;0;-1
0;957;33.4744;-39.2133;45.8231;9.85133;4004.73;5.92346;0;0;0.1;0.01;0;6.54173;0;0;-1
0;958;30.7989;-22.5143;46.1756;9.98303;4167.5;6.00265;0;0;0.1;0.01;0;6.38908;0;0;-1
0;959;31.9802;-5.04466;47.7712;9.48791;3577.67;5.70494;0;0;0.1;0.01;0;5.83563;0;0;-1
0;960;33.2566;12.0653;47.64;9.44032;3524.1;5.67633;0;0;0.1;0.01;0;5.47948;0;0;-1
0;961;30.6872;25.7858;46.9779;9.75134;3884.02;5.86334;0;0;0.1;0.01;0;6.52909;0;0;-1
0;962;32.7063;43.2034;48.5127;8.95476;3007.81;5.38437;0;0;0.1;0.01;0;6.11583;0;0;-1
0;963;31.8849;59.331;48.6112;9.99243;4179.28;6.0083;0;0;0.1;0.01;0;6.93063;0;0;-1
0;964;30.9331;76.2506;47.6999;9.44588;3530.33;5.67967;0;0;0.1;0.01;0;4.12629;0;0;-1
0;965;45.965;-63.708;46.5705;8.50235;2574.57;5.11234;0;0;0.1;0.01;0;3.30866;0;0;-1
0;966;46.1755;-47.4742;47.5697;10.2055;4452.37;6.13642;0;0;0.1;0.01;0;6.42935;0;0;-1
0;967;47.65;-31.4653;46.2892;8.5;2572.44;5.11093;0;0;0.1;0.01;0;5.04305;1;0;-1
0;968;45.2278;-13.9433;49.0315;9.26855;3335.22;5.57304;0;0;0.1;0.01;0;5.88828;0;0;-1
0;969;45.8954;-0.224717;45.3719;8.5;2572.44;5.11093;0;0;0.1;0.01;0;5.34658;1;0;-1
0;970;47.7138;20.786;46.8815;10.0206;4214.73;6.02524;0;0;0.1;0.01;0;7.16624;0;0;-1
0;971;45.3045;36.6205;48.5888;9.44979;3534.72;5.68202;0;0;0.1;0.01;0;6.80055;0;0;-1
0;972;46.4719;54.7698;49.1045;9.69619;3818.49;5.83018;0;0;0.1;0.01;0;5.88006;0;0;-1
0;973;45.6621;72.0066;48.4209;9.86394;4020.13;5.93104;0;0;0.1;0.01;0;3.34239;0;0;-1
0;974;63.6998;-58.7661;46.4817;8.74716;2803.43;5.25954;0;0;0.1;0.01;0;2.38335;0;0;-1
0;975;62.0139;-42.3745;47.6458;9.36522;3440.67;5.63117;0;0;0.1;0.01;0;5.04917;0;0;-1
0;976;59.896;-24.0699;48.5172;8.5;2572.44;5.11093;0;0;0.1;0.01;0;4.86031;1;0;-1
0;977;63.6055;-8.69955;46.8147;10.1425;4370.42;6.09854;0;0;0.1;0.01;0;6.67349;0;0;-1
0;978;60.6614;8.13279;47.1497;9.86993;4027.46;5.93465;0;0;0.1;0.01;0;6.38213;0;0;-1
0;979;61.5242;26.8103;46.1098;9.90075;4065.3;5.95318;0;0;0.1;0.01;0;6.42529;0;0;-1
0;980;60.1722;43.6507;46.0422;10.1384;4365.13;6.09607;0;0;0.1;0.01;0;6.24503;0;0;-1
0;981;61.1694;61;46.9944;9.12844;3186.24;5.4888;0;0;0.1;0.01;0;3.7607;0;0;-1
0;982;77.2968;-30.3696;48.6468;8.61289;2676.3;5.17881;0;0;0.1;0.01;0;2.62259;0;0;-1
0;983;77.1284;-17.099;47.7279;8.5;2572.44;5.11093;0;0;0.1;0.01;0;3.1639;1;0;-1
0;984;75.5656;1.82979;46.5484;9.84126;3992.46;5.91741;0;0;0.1;0.01;0;5.04708;0;0;-1
0;985;78.6899;17.339;48.7996;10.0526;4255.24;6.04448;0;0;0.1;0.01;0;4.18412;0;0;-1
0;986;75.2842;34.6963;45.9245;10.2898;4563.62;6.18711;0;0;0.1;0.01;0;4.40667;0;0;-1
0;987;-65.6124;-30.2879;62.2622;8.57744;2643.39;5.15749;0;0;0.1;0.01;0;3.43712;0;0;-1
0;988;-66.5737;-15.422;63.5498;8.87947;2932.58;5.3391;0;0;0.1;0.01;0;3.5404;0;0;-1
0;989;-66.6905;0.550503;61.3341;8.52153;2592.04;5.12387;0;0;0.1;0.01;0;3.48028;0;0;-1
0;990;-66.1518;19.5131;63.9353;9.60852;3715.85;5.77746;0;0;0.1;0.01;0;3.35491;0;0;-1
0;991;-51.8152;-58.4815;60.4487;9.06277;3117.97;5.44931;0;0;0.1;0.01;0;2.1389;0;0;-1
0;992;-51.418;-38.7581;63.6241;10.4312;4754.35;6.27213;0;0;0.1;0.01;0;5.19864;0;0;-1
0;993;-50.7502;-24.5011;63.2964;8.99047;3043.94;5.40584;0;0;0.1;0.01;0;6.41227;0;0;-1
0;994;-52.7036;-8.79107;61.3397;8.75928;2815.1;5.26683;0;0;0.1;0.01;0;4.57324;0;0;-1
0;995;-53.4897;10.3288;61.6471;10.3467;4639.75;6.22132;0;0;0.1;0.01;0;5.60375;0;0;-1
0;996;-53.0266;27.1205;62.1096;8.5119;2583.26;5.11808;0;0;0.1;0.01;0;4.04187;0;0;-1
0;997;-51.7525;46.5241;61.8037;9.49673;3587.66;5.71025;0;0;0.1;0.01;0;3.02822;0;0;-1
0;998;-36.371;-47.5573;60.5192;9.31429;3384.84;5.60055;0;0;0.1;0.01;0;6.18509;0;0;-1
0;999;-36.9154;-33.1683;64.1668;8.56914;2635.73;5.1525;0;0;0.1;0.01;0;5.89216;0;0;-1
0;1000;-35.4736;-15.6563;62.6682;9.77893;3917.08;5.87993;0;0;0.1;0.01;0;6.62122;0;0;-1
0;1001;-36.1637;1.45495;63.9635;8.73934;2795.92;5.25484;0;0;0.1;0.01;0;4.87631;0;0;-1
0;1002;-35.0638;19.5858;62.2242;8.80965;2863.94;5.29711;0;0;0.1;0.01;0;5.88826;0;0;-1
0;1003;-35.227;37.0921;60.6634;9.96828;4149.06;5.99378;0;0;0.1;0.01;0;6.29228;0;0;-1
0;1004;-38.3042;52.2594;63.8386;9.47991;3568.63;5.70013;0;0;0.1;0.01;0;3.94499;0;0;-1
0;1005;-38.3183;67.9588;60.6967;9.61487;3723.22;5.78128;0;0;0.1;0.01;0;3.18352;0;0;-1
0;1006;-21.3173;-73.2315;63.7645;8.5;2572.44;5.11093;0;0;0.1;0.01;0;1.71288;1;0;-1
0;1007;-23.2945;-57.0305;62.2428;10.4;4711.82;6.25337;0;0;0.1;0.01;0;6.18491;0;0;-1
0;1008;-22.2418;-40.8598;61.3909;10.2717;4539.58;6.17622;0;0;0.1;0.01;0;8.02848;0;0;-1
0;1009;-21.3069;-22.7349;63.6619;8.53442;2603.82;5.13162;0;0;0.1;0.01;0;6.24288;0;0;-1
0;1010;-21.9761;-5.56635;62.1244;10.3597;4657.26;6.22914;0;0;0.1;0.01;0;6.43761;0;0;-1
0;1011;-22.1192;10.5222;60.855;8.5;2572.44;5.11093;0;0;0.1;0.01;0;3.63251;1;0;-1
0;1012;-23.7866;26.8076;63.5248;9.01866;3072.66;5.42279;0;0;0.1;0.01;0;4.69426;0;0;-1
0;1013;-22.4059;44.4743;62.8122;9.87176;4029.7;5.93575;0;0;0.1;0.01;0;6.77158;0;0;-1
0;1014;-21.8358;59.7002;60.1734;8.81698;2871.1;5.30152;0;0;0.1;0.01;0;5.43755;0;0;-1
0;1015;-7.87526;-67.6914;60.3455;8.52518;2595.37;5.12607;0;0;0.1;0.01;0;3.8912;0;0;-1
0;1016;-7.87107;-47.7033;63.129;10.2311;4485.96;6.15181;0;0;0.1;0.01;0;6.71399;0;0;-1
0;1017;-5.5614;-29.8846;63.3955;9.05885;3113.92;5.44696;0;0;0.1;0.01;0;6.57593;0;0;-1
0;1018;-6.85437;-15.3297;60.9692;8.54701;2615.36;5.13919;0;0;0.1;0.01;0;6.62553;0;0;-1
0;1019;-8.78404;0.620095;60.7689;8.5;2572.44;5.11093;0;0;0.1;0.01;0;4.71462;1;0;-1
0;1020;-6.95714;20.8302;60.387;8.92528;2978.2;5.36664;0;0;0.1;0.01;0;4.6173;0;0;-1
0;1021;-8.83102;36.0085;63.5823;9.68264;3802.51;5.82203;0;0;0.1;0.01;0;7.04921;0;0;-1
0;1022;-6.47212;52.1435;61.0314;9.64341;3756.48;5.79844;0;0;0.1;0.01;0;7.58147;0;0;-1
0;1023;-7.43533;67.671;60.8776;10.3052;4584.14;6.19637;0;0;0.1;0.01;0;4.93564;0;0;-1
0;1024;5.31912;-73.7714;61.9531;8.5;2572.44;5.11093;0;0;0.1;0.01;0;2.23743;1;0;-1
0;1025;6.87336;-57.4086;62.3017;10.176;4413.87;6.11868;0;0;0.1;0.01;0;5.81716;0;0;-1
0;1026;7.74057;-39.3508;61.0395;8.5;2572.44;5.11093;0;0;0.1;0.01;0;4.55383;1;0;-1
0;1027;6.38364;-22.6913;62.3431;9.92312;4092.92;5.96663;0;0;0.1;0.01;0;6.71211;0;0;-1
0;1028;9.17314;-6.37439;62.4687;10.2402;4497.94;6.15728;0;0;0.1;0.01;0;6.85813;0;0;-1
0;1029;8.78239;12.1978;62.2451;8.66534;2725.5;5.21034;0;0;0.1;0.01;0;4.78748;0;0;-1
0;1030;7.91576;26.3241;63.4098;8.5;2572.44;5.11093;0;0;0.1;0.01;0;5.49353;1;0;-1
0;1031;7.42344;42.0726;60.0812;10.2988;4575.6;6.19252;0;0;0.1;0.01;0;6.63371;0;0;-1
0;1032;6.63982;63.086;63.2882;9.3194;3390.41;5.60362;0;0;0.1;0.01;0;4.62287;0;0;-1
0;1033;21.3049;-63.8668;60.9629;8.5;2572.44;5.11093;0;0;0.1;0.01;0;3.70026;1;0;-1
0;1034;23.2519;-50.2945;61.9512;8.5;2572.44;5.11093;0;0;0.1;0.01;0;4.43389;1;0;-1
0;1035;20.9379;-32.3624;61.0305;8.5;2572.44;5.11093;0;0;0.1;0.01;0;3.83363;1;0;-1
0;1036;24.213;-12.6696;60.3647;8.5;2572.44;5.11093;0;0;0.1;0.01;0;5.40687;1;0;-1
0;1037;20.6118;2.95347;61.7797;8.5;2572.44;5.11093;0;0;0.1;0.01;0;5.0645;1;0;-1
0;1038;23.0817;19.7977;63.7329;10.3275;4613.96;6.20978;0;0;0.1;0.01;0;7.34143;0;0;-1
0;1039;21.9295;37.8394;63.1523;8.70203;2760.26;5.2324;0;0;0.1;0.01;0;5.68825;0;0;-1
0;1040;21.5772;53.1559;60.4194;8.5;2572.44;5.11093;0;0;0.1;0.01;0;5.29468;1;0;-1
0;1041;22.1338;69.1082;61.3898;9.0674;3122.75;5.4521;0;0;0.1;0.01;0;3.39123;0;0;-1
0;1042;34.6734;-59.7338;63.5394;8.5;2572.44;5.11093;0;0;0.1;0.01;0;2.17213;1;0;-1
0;1043;36.1567;-39.3409;62.5741;9.23923;3303.66;5.55541;0;0;0.1;0.01;0;4.51181;0;0;-1
0;1044;38.1805;-22.8127;61.8939;8.81792;2872.02;5.30209;0;0;0.1;0.01;0;4.89436;0;0;-1
0;1045;35.7965;-5.05908;62.6117;8.95321;3006.25;5.38344;0;0;0.1;0.01;0;4.80317;0;0;-1
0;1046;38.2696;12.2849;61.3799;9.45337;3538.74;5.68417;0;0;0.1;0.01;0;5.64759;0;0;-1
0;1047;37.9521;26.2053;60.2544;8.5;2572.44;5.11093;0;0;0.1;0.01;0;6.73341;1;0;-1
0;1048;35.5206;43.3586;63.5221;9.23679;3301.05;5.55395;0;0;0.1;0.01;0;5.62819;0;0;-1
0;1049;38.661;60.4747;63.3798;9.72555;3853.28;5.84783;0;0;0.1;0.01;0;3.94689;0;0;-1
0;1050;53.4573;-48.7342;61.7435;9.52246;3616.9;5.72572;0;0;0.1;0.01;0;3.22384;0;0;-1
0;1051;50.3704;-33.3925;60.8824;8.5;2572.44;5.11093;0;0;0.1;0.01;0;4.87589;1;0;-1
0;1052;51.0247;-15.2836;62.1412;9.58171;3684.83;5.76134;0;0;0.1;0.01;0;5.6974;0;0;-1
0;1053;50.0342;0.797365;62.6966;8.5;2572.44;5.11093;0;0;0.1;0.01;0;4.12745;1;0;-1
0;1054;50.5527;20.6962;60.931;8.5;2572.44;5.11093;0;0;0.1;0.01;0;5.72278;1;0;-1
0;1055;50.8693;34.803;61.8192;9.8158;3961.56;5.9021;0;0;0.1;0.01;0;6.01808;0;0;-1
0;1056;53.6958;53.0099;62.736;10.1404;4367.71;6.09728;0;0;0.1;0.01;0;3.14202;0;0;-1
0;1057;67.0764;-40.859;60.8964;10.4293;4751.76;6.27099;0;0;0.1;0.01;0;2.85248;0;0;-1
0;1058;64.4538;-21.5155;62.145;8.5;2572.44;5.11093;0;0;0.1;0.01;0;2.95744;1;0;-1
0;1059;64.4412;-5.44001;61.8732;8.5;2572.44;5.11093;0;0;0.1;0.01;0;4.07965;1;0;-1
0;1060;66.7721;9.19621;60.6592;9.7064;3830.57;5.83632;0;0;0.1;0.01;0;3.28564;0;0;-1
0;1061;65.1699;25.0302;60.1687;8.80062;2855.15;5.29169;0;0;0.1;0.01;0;2.81851;0;0;-1
0;1062;-54.4214;-23.7676;75.9865;9.34551;3418.99;5.61932;0;0;0.1;0.01;0;3.60264;0;0;-1
0;1063;-56.5085;-4.70249;78.7045;8.5;2572.44;5.11093;0;0;0.1;0.01;0;1.6632;1;0;-1
0;1064;-54.9463;10.6802;76.2485;9.32397;3395.4;5.60637;0;0;0.1;0.01;0;3.90384;0;0;-1
0;1065;-56.4414;29.7265;75.0163;10.447;4775.99;6.28163;0;0;0.1;0.01;0;3.23502;0;0;-1
0;1066;-40.027;-48.9606;77.0265;8.5;2572.44;5.11093;0;0;0.1;0.01;0;2.24715;1;0;-1
0;1067;-42.2514;-30.7992;77.7912;8.79456;2849.25;5.28804;0;0;0.1;0.01;0;4.74948;0;0;-1
0;1068;-40.3971;-15.927;75.0952;9.98709;4172.59;6.00509;0;0;0.1;0.01;0;6.54601;0;0;-1
0;1069;-40.4533;2.86819;77.9474;9.51488;3608.27;5.72116;0;0;0.1;0.01;0;5.7308;0;0;-1
0;1070;-41.6339;17.7807;74.6426;8.54694;2615.29;5.13915;0;0;0.1;0.01;0;5.55007;0;0;-1
0;1071;-39.3195;33.6819;76.4789;9.87209;4030.1;5.93594;0;0;0.1;0.01;0;4.14216;0;0;-1
0;1072;-24.3905;-55.1621;76.9432;9.73996;3870.44;5.8565;0;0;0.1;0.01;0;3.46627;0;0;-1
0;1073;-26.2717;-40.8453;74.9488;9.02504;3079.19;5.42663;0;0;0.1;0.01;0;5.50468;0;0;-1
0;1074;-27.4687;-23.1542;76.5334;10.0637;4269.35;6.05116;0;0;0.1;0.01;0;7.0141;0;0;-1
0;1075;-27.2512;-4.5166;77.8996;9.34698;3420.6;5.6202;0;0;0.1;0.01;0;6.54954;0;0;-1
0;1076;-24.9813;12.2907;77.0431;9.04555;3100.23;5.43896;0;0;0.1;0.01;0;5.77607;0;0;-1
0;1077;-25.7856;26.5285;77.2984;9.31413;3384.66;5.60045;0;0;0.1;0.01;0;5.89739;0;0;-1
0;1078;-25.3413;43.7235;77.766;9.28589;3353.97;5.58347;0;0;0.1;0.01;0;3.80762;0;0;-1
0;1079;-10.0648;-47.8121;76.4028;8.80812;2862.45;5.29619;0;0;0.1;0.01;0;4.92248;0;0;-1
0;1080;-12.4504;-31.1433;76.4154;10.2266;4480.05;6.14911;0;0;0.1;0.01;0;7.47899;0;0;-1
0;1081;-12.8058;-16.1738;74.6186;9.40462;3484.27;5.65486;0;0;0.1;0.01;0;7.35175;0;0;-1
0;1082;-13.5665;0.327385;78.5012;10.2202;4471.64;6.14526;0;0;0.1;0.01;0;6.59391;0;0;-1
0;1083;-11.4808;20.5732;78.3217;8.95194;3004.97;5.38267;0;0;0.1;0.01;0;5.81075;0;0;-1
0;1084;-10.885;36.5087;76.7771;10.0821;4292.81;6.06222;0;0;0.1;0.01;0;7.27692;0;0;-1
0;1085;-11.9904;51.5957;76.3109;9.93362;4105.93;5.97294;0;0;0.1;0.01;0;4.78327;0;0;-1
0;1086;3.54537;-58.8449;76.6031;10.3992;4710.73;6.25289;0;0;0.1;0.01;0;3.3724;0;0;-1
0;1087;1.38014;-42.2304;78.4783;8.5;2572.44;5.11093;0;0;0.1;0.01;0;4.97871;1;0;-1
0;1088;4.76595;-23.244;76.3314;10.0445;4244.96;6.03961;0;0;0.1;0.01;0;6.808;0;0;-1
0;1089;1.30052;-7.59341;78.2482;9.92445;4094.57;5.96743;0;0;0.1;0.01;0;6.26787;0;0;-1
0;1090;3.27206;11.4175;77.6361;8.90179;2954.75;5.35252;0;0;0.1;0.01;0;4.5395;0;0;-1
0;1091;1.50528;27.3611;77.776;9.65841;3774.03;5.80746;0;0;0.1;0.01;0;7.23881;0;0;-1
0;1092;2.54033;42.4947;76.4706;10.3015;4579.2;6.19414;0;0;0.1;0.01;0;6.3367;0;0;-1
0;1093;4.04383;61.3717;76.5681;9.70352;3827.16;5.83459;0;0;0.1;0.01;0;3.29125;0;0;-1
0;1094;16.4758;-49.599;74.99;8.82222;2876.22;5.30467;0;0;0.1;0.01;0;3.51619;0;0;-1
0;1095;17.4647;-30.7391;77.8451;9.94785;4123.6;5.9815;0;0;0.1;0.01;0;6.04427;0;0;-1
0;1096;18.5003;-13.1237;74.6017;9.11763;3174.93;5.4823;0;0;0.1;0.01;0;6.14147;0;0;-1
0;1097;16.7225;3.33721;76.3056;8.78297;2838;5.28107;0;0;0.1;0.01;0;5.25153;0;0;-1
0;1098;18.4128;20.1237;76.7576;8.5;2572.44;5.11093;0;0;0.1;0.01;0;5.80961;1;0;-1
0;1099;18.6045;33.9781;76.0117;10.0972;4312.13;6.0713;0;0;0.1;0.01;0;7.30639;0;0;-1
0;1100;18.566;54.4271;76.1435;9.59276;3697.6;5.76799;0;0;0.1;0.01;0;3.60026;0;0;-1
0;1101;32.5518;-40.1985;76.4253;10.1849;4425.47;6.12403;0;0;0.1;0.01;0;3.8131;0;0;-1
0;1102;31.2496;-22.9451;78.5554;10.1291;4353.13;6.09048;0;0;0.1;0.01;0;5.58351;0;0;-1
0;1103;31.1796;-5.98582;77.343;8.5572;2624.72;5.14532;0;0;0.1;0.01;0;5.20193;0;0;-1
0;1104;32.3749;11.741;76.1715;9.07028;3125.72;5.45383;0;0;0.1;0.01;0;4.46418;0;0;-1
0;1105;34.5172;28.4093;76.6469;10.3011;4578.67;6.1939;0;0;0.1;0.01;0;5.87681;0;0;-1
0;1106;30.9543;46.4957;78.1644;10.3268;4613.03;6.20935;0;0;0.1;0.01;0;4.16767;0;0;-1
0;1107;49.0842;-30.3932;78.6627;9.26179;3327.92;5.56898;0;0;0.1;0.01;0;1.69207;0;0;-1
0;1108;45.4474;-13.8856;75.3073;8.5304;2600.14;5.12921;0;0;0.1;0.01;0;4.76199;0;0;-1
0;1109;47.4408;0.399579;77.9856;8.55106;2619.08;5.14163;0;0;0.1;0.01;0;3.45414;0;0;-1
0;1110;48.3202;20.0368;74.9239;9.58572;3689.46;5.76375;0;0;0.1;0.01;0;3.86946;0;0;-1
0;1111;49.0111;36.2362;77.4624;8.5;2572.44;5.11093;0;0;0.1;0.01;0;2.34303;1;0;-1
0;1112;60.4401;-6.10812;78.4451;8.5;2572.44;5.11093;0;0;0.1;0.01;0;1.59346;1;0;-1
0;1113;-36.2707;-15.7309;89.6401;9.8315;3980.59;5.91154;0;0;0.1;0.01;0;4.24584;0;0;-1
0;1114;-36.4164;1.57203;91.2402;8.5;2572.44;5.11093;0;0;0.1;0.01;0;3.92195;1;0;-1
0;1115;-38.4427;16.9514;89.8861;10.0141;4206.53;6.02133;0;0;0.1;0.01;0;3.77174;0;0;-1
0;1116;-21.1022;-24.4692;90.0473;10.4526;4783.67;6.285;0;0;0.1;0.01;0;4.94979;0;0;-1
0;1117;-23.4155;-6.36221;93.0768;10.0382;4236.98;6.03582;0;0;0.1;0.01;0;4.54037;0;0;-1
0;1118;-22.739;11.6918;89.7645;8.5;2572.44;5.11093;0;0;0.1;0.01;0;4.56549;1;0;-1
0;1119;-21.6262;27.6356;93.3722;10.1704;4406.59;6.11531;0;0;0.1;0.01;0;3.6393;0;0;-1
0;1120;-7.47807;-31.4721;90.7886;9.99572;4183.41;6.01028;0;0;0.1;0.01;0;4.74708;0;0;-1
0;1121;-8.53338;-14.0113;89.4445;9.49792;3589.01;5.71096;0;0;0.1;0.01;0;6.43376;0;0;-1
0;1122;-6.51312;1.18183;92.6628;9.92513;4095.41;5.96784;0;0;0.1;0.01;0;5.31194;0;0;-1
0;1123;-5.80863;19.1323;93.3209;10.3778;4681.71;6.24002;0;0;0.1;0.01;0;5.37688;0;0;-1
0;1124;-7.60981;35.0412;92.3559;8.5;2572.44;5.11093;0;0;0.1;0.01;0;3.7113;1;0;-1
0;1125;5.42083;-38.5681;92.1446;8.64182;2703.36;5.1962;0;0;0.1;0.01;0;2.77346;0;0;-1
0;1126;6.6343;-23.3659;92.1227;9.97299;4154.94;5.99661;0;0;0.1;0.01;0;4.85904;0;0;-1
0;1127;7.32584;-5.04169;91.6051;9.76217;3896.98;5.86985;0;0;0.1;0.01;0;4.37143;0;0;-1
0;1128;6.6655;10.8048;91.2145;9.29955;3368.79;5.59168;0;0;0.1;0.01;0;4.12309;0;0;-1
0;1129;6.09719;28.749;90.0582;9.47028;3557.76;5.69434;0;0;0.1;0.01;0;5.3339;0;0;-1
0;1130;23.7527;-31.9712;89.86;8.5;2572.44;5.11093;0;0;0.1;0.01;0;2.94927;1;0;-1
0;1131;20.7089;-13.4722;89.3516;8.96289;3016.01;5.38926;0;0;0.1;0.01;0;4.82305;0;0;-1
0;1132;22.795;0.118518;90.1626;8.56343;2630.46;5.14907;0;0;0.1;0.01;0;3.47053;0;0;-1
0;1133;20.0111;20.8188;90.9659;8.88242;2935.5;5.34087;0;0;0.1;0.01;0;3.25235;0;0;-1
0;1134;20.8918;36.7137;90.3459;8.61361;2676.97;5.17924;0;0;0.1;0.01;0;2.71898;0;0;-1
0;1135;37.324;-7.80841;89.7346;9.767;3902.76;5.87276;0;0;0.1;0.01;0;3.63632;0;0;-1
0;1136;35.4272;9.7269;91.1633;8.5238;2594.11;5.12524;0;0;0.1;0.01;0;1.9648;0;0;-1
