Time;ID;x;y;z;radius;volume_total;radius_nuclear;contact_ECM;freezer;polarized_fraction;motility;cell_line;Cell_cell;phase;Cycle;NFkB
0;0;-51.3176;-4.61157;-83.4252;8.5;2572.44;5.11093;0;0;0.1;0.01;0;2.64461;1;0;-1
0;1;-37.4319;-33.3459;-84.6838;9.8791;4038.69;5.94016;0;0;0.1;0.01;0;2.67552;0;0;-1
0;2;-37.6581;-13.8234;-86.4908;8.5;2572.44;5.11093;0;0;0.1;0.01;0;2.65069;1;0;-1
0;3;-38.5096;0.470633;-85.5915;8.93259;2985.53;5.37104;0;0;0.1;0.01;0;2.49639;0;0;-1
0;4;-35.4896;20.608;-84.3386;10.0373;4235.84;6.03528;0;0;0.1;0.01;0;3.05478;0;0;-1
0;5;-21.799;-40.6273;-87.2585;9.31441;3384.97;5.60062;0;0;0.1;0.01;0;2.81;0;0;-1
0;6;-20.5462;-22.3987;-85.9347;8.72424;2781.45;5.24576;0;0;0.1;0.01;0;4.24031;0;0;-1
0;7;-21.0325;-8.41625;-84.5105;8.68751;2746.47;5.22367;0;0;0.1;0.01;0;4.10732;0;0;-1
0;8;-20.3052;10.7155;-85.9693;8.9461;2999.09;5.37916;0;0;0.1;0.01;0;3.39615;0;0;-1
0;9;-22.2975;28.7613;-84.0067;9.1147;3171.87;5.48054;0;0;0.1;0.01;0;3.81238;0;0;-1
0;10;-8.8457;-49.3346;-83.4179;10.3831;4688.89;6.24321;0;0;0.1;0.01;0;3.60946;0;0;-1
0;11;-7.09753;-30.7532;-87.1623;9.25676;3322.5;5.56596;0;0;0.1;0.01;0;4.75386;0;0;-1
0;12;-6.80699;-16.6159;-86.2548;8.92614;2979.06;5.36716;0;0;0.1;0.01;0;5.07655;0;0;-1
0;13;-6.59264;0.142007;-85.5135;10.1914;4433.94;6.12794;0;0;0.1;0.01;0;5.02116;0;0;-1
0;14;-7.56601;20.031;-83.7622;10.1998;4444.92;6.13299;0;0;0.1;0.01;0;5.00711;0;0;-1
0;15;-7.67258;38.2945;-83.9323;9.71243;3837.71;5.83994;0;0;0.1;0.01;0;3.32115;0;0;-1
0;16;7.44225;-40.8718;-85.9525;10.0896;4302.4;6.06673;0;0;0.1;0.01;0;4.84655;0;0;-1
0;17;6.40398;-24.2351;-83.4918;10.0954;4309.82;6.07022;0;0;0.1;0.01;0;6.03558;0;0;-1
0;18;8.72346;-6.02059;-85.8365;8.76963;2825.09;5.27305;0;0;0.1;0.01;0;3.89368;0;0;-1
0;19;6.47865;10.9329;-86.7624;8.73724;2793.9;5.25358;0;0;0.1;0.01;0;2.66708;0;0;-1
0;20;7.75483;27.7523;-87.3908;8.84193;2895.54;5.31652;0;0;0.1;0.01;0;3.18423;0;0;-1
0;21;8.87751;45.3832;-83.5807;10.2972;4573.47;6.19156;0;0;0.1;0.01;0;3.80245;0;0;-1
0;22;20.244;-49.1565;-84.4961;9.44966;3534.57;5.68194;0;0;0.1;0.01;0;3.23378;0;0;-1
0;23;23.3371;-34.0356;-86.6627;10.0918;4305.21;6.06805;0;0;0.1;0.01;0;5.12295;0;0;-1
0;24;20.6126;-15.7265;-84.9652;8.5;2572.44;5.11093;0;0;0.1;0.01;0;3.28238;1;0;-1
0;25;22.4782;3.45115;-86.8686;8.58914;2654.22;5.16453;0;0;0.1;0.01;0;3.59067;0;0;-1
0;26;23.6293;20.3941;-84.4849;8.88816;2941.2;5.34432;0;0;0.1;0.01;0;4.47681;0;0;-1
0;27;23.5494;37.741;-84.863;9.8457;3997.87;5.92008;0;0;0.1;0.01;0;3.69353;0;0;-1
0;28;36.3536;-40.1943;-83.6494;9.99562;4183.29;6.01022;0;0;0.1;0.01;0;3.76826;0;0;-1
0;29;35.4725;-25.5485;-86.1225;8.5;2572.44;5.11093;0;0;0.1;0.01;0;3.01553;1;0;-1
0;30;37.2104;-5.59765;-85.2996;10.2046;4451.19;6.13588;0;0;0.1;0.01;0;2.52965;0;0;-1
0;31;36.5606;10.8588;-83.9714;10.2277;4481.49;6.14977;0;0;0.1;0.01;0;3.93908;0;0;-1
0;32;37.5897;26.9796;-83.927;10.0868;4298.82;6.06505;0;0;0.1;0.01;0;4.35756;0;0;-1
0;33;-70.5255;-14.7658;-69.3741;9.3986;3477.59;5.65124;0;0;0.1;0.01;0;2.2816;0;0;-1
0;34;-57.8122;-39.4475;-71.3442;9.97762;4160.73;5.9994;0;0;0.1;0.01;0;3.105;0;0;-1
0;35;-56.6675;-25.1899;-72.4955;9.30194;3371.39;5.59312;0;0;0.1;0.01;0;3.99617;0;0;-1
0;36;-54.7631;-8.89968;-70.8506;8.5;2572.44;5.11093;0;0;0.1;0.01;0;4.50419;1;0;-1
0;37;-56.293;9.85634;-69.7948;10.3383;4628.45;6.21627;0;0;0.1;0.01;0;3.50693;0;0;-1
0;38;-57.7864;28.475;-71.5066;8.5;2572.44;5.11093;0;0;0.1;0.01;0;2.15673;1;0;-1
0;39;-54.6532;46.9037;-68.5793;9.52835;3623.61;5.72926;0;0;0.1;0.01;0;3.24051;0;0;-1
0;40;-41.5489;-51.3157;-72.6766;9.08313;3139.03;5.46155;0;0;0.1;0.01;0;2.11224;0;0;-1
0;41;-41.3975;-30.4562;-70.9847;9.44447;3528.75;5.67882;0;0;0.1;0.01;0;5.73599;0;0;-1
0;42;-42.2311;-16.6225;-69.6701;10.4347;4759.14;6.27423;0;0;0.1;0.01;0;6.85453;0;0;-1
0;43;-39.414;1.73348;-69.0972;8.5;2572.44;5.11093;0;0;0.1;0.01;0;4.22105;1;0;-1
0;44;-42.3622;16.7633;-69.061;8.5;2572.44;5.11093;0;0;0.1;0.01;0;5.51356;1;0;-1
0;45;-42.4223;34.2494;-69.8654;9.48534;3574.76;5.7034;0;0;0.1;0.01;0;5.21187;0;0;-1
0;46;-41.2123;53.4663;-69.4159;8.5;2572.44;5.11093;0;0;0.1;0.01;0;3.8031;1;0;-1
0;47;-26.5804;-57.1956;-70.3586;8.69547;2754.02;5.22846;0;0;0.1;0.01;0;4.02481;0;0;-1
0;48;-28.5577;-42.5903;-68.4933;10.4235;4743.83;6.2675;0;0;0.1;0.01;0;6.38754;0;0;-1
0;49;-26.2474;-24.7403;-70.6809;8.78999;2844.81;5.28529;0;0;0.1;0.01;0;5.81299;0;0;-1
0;50;-24.725;-8.81337;-71.865;8.5;2572.44;5.11093;0;0;0.1;0.01;0;4.47442;1;0;-1
0;51;-26.8804;11.1041;-69.6543;9.33999;3412.93;5.616;0;0;0.1;0.01;0;5.34968;0;0;-1
0;52;-26.0037;26.9272;-69.2405;10.0291;4225.46;6.03035;0;0;0.1;0.01;0;6.56895;0;0;-1
0;53;-27.6136;43.7339;-70.6711;9.33376;3406.11;5.61225;0;0;0.1;0.01;0;4.60054;0;0;-1
0;54;-27.1638;62.1952;-69.8051;9.79464;3935.99;5.88937;0;0;0.1;0.01;0;3.73939;0;0;-1
0;55;-13.5697;-63.8498;-69.0166;9.87774;4037.02;5.93934;0;0;0.1;0.01;0;4.04203;0;0;-1
0;56;-13.8207;-48.1364;-68.3405;8.5;2572.44;5.11093;0;0;0.1;0.01;0;5.72177;1;0;-1
0;57;-11.3478;-31.1874;-72.6108;8.91585;2968.77;5.36097;0;0;0.1;0.01;0;5.09924;0;0;-1
0;58;-12.6974;-15.0528;-70.9685;9.29638;3365.35;5.58978;0;0;0.1;0.01;0;6.58874;0;0;-1
0;59;-9.94951;1.96461;-71.7797;9.45092;3535.99;5.6827;0;0;0.1;0.01;0;5.80932;0;0;-1
0;60;-11.645;16.5898;-70.1469;8.82064;2874.68;5.30372;0;0;0.1;0.01;0;5.34629;0;0;-1
0;61;-11.8827;36.6275;-70.9295;9.09843;3154.92;5.47075;0;0;0.1;0.01;0;4.65212;0;0;-1
0;62;-10.7487;55.0813;-70.3615;9.75011;3882.55;5.8626;0;0;0.1;0.01;0;3.31239;0;0;-1
0;63;2.17791;-56.2446;-69.0695;9.01971;3073.73;5.42342;0;0;0.1;0.01;0;4.73755;0;0;-1
0;64;3.9448;-40.1467;-72.0479;8.76763;2823.16;5.27185;0;0;0.1;0.01;0;5.19946;0;0;-1
0;65;2.7172;-22.8999;-68.5011;10.2393;4496.76;6.15674;0;0;0.1;0.01;0;7.0693;0;0;-1
0;66;4.34148;-7.97901;-72.0159;9.90275;4067.77;5.95438;0;0;0.1;0.01;0;6.59459;0;0;-1
0;67;2.35365;10.1691;-69.2173;8.5;2572.44;5.11093;0;0;0.1;0.01;0;4.96695;1;0;-1
0;68;4.40184;26.7894;-69.6935;8.5;2572.44;5.11093;0;0;0.1;0.01;0;4.49206;1;0;-1
0;69;4.43678;45.7948;-70.5462;9.40266;3482.1;5.65368;0;0;0.1;0.01;0;6.07166;0;0;-1
0;70;3.50674;63.7148;-70.1504;9.87208;4030.09;5.93594;0;0;0.1;0.01;0;3.45314;0;0;-1
0;71;16.3309;-66.2701;-69.8955;9.33398;3406.35;5.61239;0;0;0.1;0.01;0;2.89249;0;0;-1
0;72;15.9698;-47.1687;-70.9242;8.71329;2770.99;5.23917;0;0;0.1;0.01;0;4.75423;0;0;-1
0;73;19.2584;-30.2044;-70.8747;10.2304;4485.04;6.15139;0;0;0.1;0.01;0;6.88974;0;0;-1
0;74;16.405;-14.0936;-69.2281;8.5;2572.44;5.11093;0;0;0.1;0.01;0;6.69833;1;0;-1
0;75;16.9953;1.22191;-71.3313;9.24351;3308.26;5.55799;0;0;0.1;0.01;0;5.4407;0;0;-1
0;76;16.0051;18.2071;-69.2084;8.72477;2781.96;5.24608;0;0;0.1;0.01;0;4.98818;0;0;-1
0;77;17.3081;35.442;-70.6388;9.03495;3089.34;5.43258;0;0;0.1;0.01;0;5.48916;0;0;-1
0;78;19.4544;55.0736;-70.2801;10.194;4437.34;6.1295;0;0;0.1;0.01;0;4.06655;0;0;-1
0;79;31.0802;-57.7959;-69.4689;8.5;2572.44;5.11093;0;0;0.1;0.01;0;3.35989;1;0;-1
0;80;31.7664;-38.5287;-68.4291;9.87873;4038.24;5.93994;0;0;0.1;0.01;0;6.27541;0;0;-1
0;81;32.0135;-21.8231;-69.6473;8.5;2572.44;5.11093;0;0;0.1;0.01;0;4.93377;1;0;-1
0;82;33.3344;-6.3416;-68.8091;9.53103;3626.67;5.73087;0;0;0.1;0.01;0;5.57023;0;0;-1
0;83;30.5714;12.4375;-71.3003;9.73152;3860.39;5.85142;0;0;0.1;0.01;0;6.45256;0;0;-1
0;84;33.6237;28.6046;-68.5239;10.0382;4236.98;6.03582;0;0;0.1;0.01;0;6.8876;0;0;-1
0;85;34.0079;43.7493;-71.9695;8.5;2572.44;5.11093;0;0;0.1;0.01;0;4.23474;1;0;-1
0;86;46.368;-51.2903;-68.9089;9.61922;3728.28;5.7839;0;0;0.1;0.01;0;2.75904;0;0;-1
0;87;45.9809;-30.4839;-71.9456;9.01313;3067.01;5.41946;0;0;0.1;0.01;0;4.33338;0;0;-1
0;88;47.5569;-13.4212;-72.0004;9.9526;4129.51;5.98435;0;0;0.1;0.01;0;4.86441;0;0;-1
0;89;45.3333;1.65179;-69.0615;8.5;2572.44;5.11093;0;0;0.1;0.01;0;5.76179;1;0;-1
0;90;47.307;17.1288;-68.952;10.3912;4699.87;6.24808;0;0;0.1;0.01;0;6.38425;0;0;-1
0;91;48.9712;36.8803;-71.952;10.2103;4458.66;6.13931;0;0;0.1;0.01;0;3.53457;0;0;-1
0;92;46.7022;54.1098;-69.0035;8.5;2572.44;5.11093;0;0;0.1;0.01;0;2.53695;1;0;-1
0;93;60.0264;-25.667;-72.0485;10.0688;4275.84;6.05422;0;0;0.1;0.01;0;2.75192;0;0;-1
0;94;62.5661;-5.60648;-71.9199;8.73835;2794.97;5.25424;0;0;0.1;0.01;0;2.3364;0;0;-1
0;95;61.3309;9.8724;-68.8369;9.81409;3959.49;5.90107;0;0;0.1;0.01;0;3.63608;0;0;-1
0;96;-80.3926;-8.31331;-55.4111;9.69228;3813.88;5.82783;0;0;0.1;0.01;0;2.96212;0;0;-1
0;97;-80.123;12.4604;-54.336;8.7296;2786.58;5.24898;0;0;0.1;0.01;0;2.61311;0;0;-1
0;98;-65.7577;-48.4229;-54.273;10.1245;4347.2;6.08771;0;0;0.1;0.01;0;4.67977;0;0;-1
0;99;-67.7024;-33.8767;-55.4084;8.95215;3005.18;5.3828;0;0;0.1;0.01;0;3.30508;0;0;-1
0;100;-65.5521;-12.6508;-56.3809;8.50736;2579.13;5.11535;0;0;0.1;0.01;0;4.00157;0;0;-1
0;101;-64.5995;1.73613;-53.9672;9.72048;3847.26;5.84478;0;0;0.1;0.01;0;5.33408;0;0;-1
0;102;-68.0132;19.6469;-57.7828;8.68328;2742.46;5.22113;0;0;0.1;0.01;0;3.53345;0;0;-1
0;103;-66.4451;35.4431;-55.554;8.5;2572.44;5.11093;0;0;0.1;0.01;0;3.49004;1;0;-1
0;104;-52.2489;-59.3477;-54.8714;9.7421;3872.99;5.85778;0;0;0.1;0.01;0;4.05971;0;0;-1
0;105;-52.914;-42.3696;-57.5521;8.54632;2614.73;5.13878;0;0;0.1;0.01;0;4.59193;0;0;-1
0;106;-51.32;-24.6939;-57.8023;8.5;2572.44;5.11093;0;0;0.1;0.01;0;4.56804;1;0;-1
0;107;-49.8599;-4.79216;-57.1186;9.83619;3986.29;5.91436;0;0;0.1;0.01;0;6.42158;0;0;-1
0;108;-51.7471;12.0407;-54.3864;9.7551;3888.52;5.8656;0;0;0.1;0.01;0;7.0609;0;0;-1
0;109;-51.0342;27.8572;-57.8136;10.3779;4681.85;6.24008;0;0;0.1;0.01;0;6.92713;0;0;-1
0;110;-52.1411;44.8066;-54.0098;9.75705;3890.85;5.86677;0;0;0.1;0.01;0;6.19789;0;0;-1
0;111;-50.5761;59.7298;-54.4359;10.0947;4308.92;6.0698;0;0;0.1;0.01;0;5.15094;0;0;-1
0;112;-38.6636;-66.5805;-56.3501;9.78686;3926.62;5.8847;0;0;0.1;0.01;0;4.10121;0;0;-1
0;113;-38.3707;-51.0456;-54.5662;9.22818;3291.83;5.54877;0;0;0.1;0.01;0;5.19155;0;0;-1
0;114;-36.5546;-31.2289;-56.2455;9.62245;3732.03;5.78584;0;0;0.1;0.01;0;6.18021;0;0;-1
0;115;-36.5248;-14.8543;-55.7926;10.2702;4537.59;6.17532;0;0;0.1;0.01;0;6.81606;0;0;-1
0;116;-37.7474;2.43785;-54.3719;8.98033;3033.65;5.39974;0;0;0.1;0.01;0;5.52378;0;0;-1
0;117;-36.079;20.9938;-57.0223;10.2728;4541.04;6.17689;0;0;0.1;0.01;0;7.53956;0;0;-1
0;118;-35.2046;36.6527;-55.0656;8.75833;2814.18;5.26626;0;0;0.1;0.01;0;6.65405;0;0;-1
0;119;-36.9975;51.281;-56.5087;10.0445;4244.96;6.03961;0;0;0.1;0.01;0;6.94498;0;0;-1
0;120;-35.9255;70.3118;-57.9296;10.4064;4720.52;6.25722;0;0;0.1;0.01;0;4.27353;0;0;-1
0;121;-23.9299;-76.0246;-57.33;9.56038;3660.28;5.74852;0;0;0.1;0.01;0;3.14421;0;0;-1
0;122;-21.8282;-56.2141;-56.4025;9.42137;3502.92;5.66493;0;0;0.1;0.01;0;6.51185;0;0;-1
0;123;-21.0892;-40.4625;-54.8445;10.0066;4197.09;6.01682;0;0;0.1;0.01;0;6.98343;0;0;-1
0;124;-23.6243;-22.5405;-56.7429;9.91108;4078.04;5.95939;0;0;0.1;0.01;0;6.87652;0;0;-1
0;125;-21.5866;-7.15145;-56.3441;8.98657;3039.98;5.40349;0;0;0.1;0.01;0;5.63015;0;0;-1
0;126;-22.4071;9.00133;-55.9859;9.44496;3529.3;5.67912;0;0;0.1;0.01;0;4.80037;0;0;-1
0;127;-21.402;25.5965;-55.5881;8.61865;2681.68;5.18227;0;0;0.1;0.01;0;5.26506;0;0;-1
0;128;-21.7806;42.3045;-56.7027;8.5;2572.44;5.11093;0;0;0.1;0.01;0;5.12294;1;0;-1
0;129;-22.1152;63.2056;-54.4592;10.3642;4663.33;6.23184;0;0;0.1;0.01;0;7.13641;0;0;-1
0;130;-22.0242;77.9765;-57.0175;9.14647;3205.16;5.49964;0;0;0.1;0.01;0;3.52643;0;0;-1
0;131;-9.28218;-80.7839;-56.0063;8.5;2572.44;5.11093;0;0;0.1;0.01;0;2.47027;1;0;-1
0;132;-5.77213;-65.67;-55.7488;9.0412;3095.76;5.43634;0;0;0.1;0.01;0;4.74652;0;0;-1
0;133;-6.23398;-47.1139;-55.1228;9.62786;3738.33;5.78909;0;0;0.1;0.01;0;5.88292;0;0;-1
0;134;-8.76922;-29.921;-54.6125;9.80216;3945.06;5.8939;0;0;0.1;0.01;0;5.57536;0;0;-1
0;135;-8.94727;-14.1373;-55.423;8.61231;2675.76;5.17846;0;0;0.1;0.01;0;5.84046;0;0;-1
0;136;-7.06561;0.367643;-56.7199;8.5;2572.44;5.11093;0;0;0.1;0.01;0;5.33879;1;0;-1
0;137;-5.92263;20.9934;-55.1503;10.3787;4682.93;6.24056;0;0;0.1;0.01;0;6.33406;0;0;-1
0;138;-8.23799;36.9525;-55.4907;10.3709;4672.38;6.23587;0;0;0.1;0.01;0;6.41182;0;0;-1
0;139;-5.8287;54.9369;-55.1066;10.4463;4775.03;6.28121;0;0;0.1;0.01;0;6.18325;0;0;-1
0;140;-8.71789;70.3273;-55.1293;8.9171;2970.02;5.36172;0;0;0.1;0.01;0;3.30137;0;0;-1
0;141;8.98644;-74.3221;-56.9009;8.95921;3012.3;5.38704;0;0;0.1;0.01;0;3.46868;0;0;-1
0;142;6.86045;-58.0839;-56.2145;9.9375;4110.74;5.97527;0;0;0.1;0.01;0;6.12568;0;0;-1
0;143;7.34564;-41.7067;-54.9333;8.5;2572.44;5.11093;0;0;0.1;0.01;0;4.3815;1;0;-1
0;144;9.40206;-22.7168;-56.6013;9.348;3421.72;5.62082;0;0;0.1;0.01;0;6.49555;0;0;-1
0;145;6.03127;-8.01864;-56.8587;9.37777;3454.52;5.63872;0;0;0.1;0.01;0;6.47269;0;0;-1
0;146;5.61301;9.72076;-55.2405;8.95394;3006.98;5.38387;0;0;0.1;0.01;0;4.27928;0;0;-1
0;147;8.44383;27.7517;-53.9502;10.1128;4332.14;6.08068;0;0;0.1;0.01;0;6.67637;0;0;-1
0;148;8.5355;44.9762;-55.974;10.2821;4553.38;6.18248;0;0;0.1;0.01;0;7.63866;0;0;-1
0;149;8.84346;59.8446;-57.7135;8.76315;2818.83;5.26915;0;0;0.1;0.01;0;5.81037;0;0;-1
0;150;8.57311;79.8436;-54.3432;9.33081;3402.88;5.61048;0;0;0.1;0.01;0;2.80671;0;0;-1
0;151;22.2791;-64.2636;-56.6583;9.79249;3933.4;5.88808;0;0;0.1;0.01;0;4.96759;0;0;-1
0;152;24.1775;-49.9847;-53.7244;8.97699;3030.27;5.39773;0;0;0.1;0.01;0;5.40029;0;0;-1
0;153;20.2935;-32.6134;-55.2894;9.10775;3164.62;5.47636;0;0;0.1;0.01;0;5.15424;0;0;-1
0;154;20.5195;-12.7105;-57.3675;9.31056;3380.77;5.5983;0;0;0.1;0.01;0;6.00979;0;0;-1
0;155;23.631;1.41856;-56.4448;9.29185;3360.43;5.58705;0;0;0.1;0.01;0;5.67978;0;0;-1
0;156;23.7519;20.6606;-55.7417;10.1452;4373.92;6.10016;0;0;0.1;0.01;0;6.42653;0;0;-1
0;157;22.6845;38.242;-56.2104;10.0929;4306.62;6.06871;0;0;0.1;0.01;0;7.04038;0;0;-1
0;158;22.927;54.3762;-53.9792;10.4336;4757.64;6.27357;0;0;0.1;0.01;0;7.09884;0;0;-1
0;159;22.0555;70.5629;-57.6886;9.08793;3144.01;5.46444;0;0;0.1;0.01;0;2.47119;0;0;-1
0;160;38.5711;-56.0251;-56.4274;9.06067;3115.8;5.44805;0;0;0.1;0.01;0;4.55373;0;0;-1
0;161;34.9345;-38.3577;-54.7253;8.60039;2664.67;5.17129;0;0;0.1;0.01;0;5.32433;0;0;-1
0;162;38.5261;-25.1019;-56.4554;9.04343;3098.05;5.43768;0;0;0.1;0.01;0;5.6045;0;0;-1
0;163;37.2066;-5.69518;-54.834;8.57831;2644.2;5.15801;0;0;0.1;0.01;0;5.96501;0;0;-1
0;164;38.4589;8.33637;-55.41;9.23354;3297.56;5.55199;0;0;0.1;0.01;0;6.96274;0;0;-1
0;165;38.8672;25.4323;-54.6054;9.85015;4003.29;5.92275;0;0;0.1;0.01;0;6.32567;0;0;-1
0;166;36.7812;46.1527;-56.6517;9.17439;3234.6;5.51643;0;0;0.1;0.01;0;5.85431;0;0;-1
0;167;36.3642;60.7336;-54.1149;8.5;2572.44;5.11093;0;0;0.1;0.01;0;4.54124;1;0;-1
0;168;52.8852;-50.9599;-56.0582;8.97539;3028.65;5.39677;0;0;0.1;0.01;0;3.2876;0;0;-1
0;169;52.0685;-31.0901;-54.1357;9.95776;4135.93;5.98746;0;0;0.1;0.01;0;5.73152;0;0;-1
0;170;52.9082;-15.0636;-54.3811;8.5;2572.44;5.11093;0;0;0.1;0.01;0;5.22954;1;0;-1
0;171;52.2505;0.039865;-54.388;9.99184;4178.54;6.00795;0;0;0.1;0.01;0;7.51403;0;0;-1
0;172;51.1901;18.0885;-56.0416;9.0008;3054.44;5.41205;0;0;0.1;0.01;0;6.79142;0;0;-1
0;173;52.9399;34.0748;-55.7667;9.24176;3306.38;5.55694;0;0;0.1;0.01;0;5.3112;0;0;-1
0;174;52.6925;55.2598;-56.5049;10.1122;4331.37;6.08032;0;0;0.1;0.01;0;4.26961;0;0;-1
0;175;64.6164;-40.871;-56.6731;9.03274;3087.07;5.43126;0;0;0.1;0.01;0;2.99478;0;0;-1
0;176;67.2824;-25.0824;-56.1103;9.38578;3463.38;5.64353;0;0;0.1;0.01;0;4.42108;0;0;-1
0;177;67.7709;-4.49753;-55.134;8.5;2572.44;5.11093;0;0;0.1;0.01;0;5.13939;1;0;-1
0;178;65.8315;11.999;-53.8114;9.54477;3642.38;5.73913;0;0;0.1;0.01;0;5.87273;0;0;-1
0;179;66.0104;26.6469;-55.2793;8.5;2572.44;5.11093;0;0;0.1;0.01;0;3.89041;1;0;-1
0;180;64.7688;46.0616;-54.3217;9.81335;3958.59;5.90062;0;0;0.1;0.01;0;3.39661;0;0;-1
0;181;79.7179;-16.8499;-56.7553;10.1836;4423.77;6.12325;0;0;0.1;0.01;0;2.82792;0;0;-1
0;182;82.2232;1.11925;-54.467;8.92226;2975.18;5.36483;0;0;0.1;0.01;0;2.82729;0;0;-1
0;183;-87.5125;-21.6643;-40.6284;9.37018;3446.14;5.63415;0;0;0.1;0.01;0;3.14549;0;0;-1
0;184;-84.119;-8.17208;-40.1267;10.0307;4227.49;6.03131;0;0;0.1;0.01;0;5.21763;0;0;-1
0;185;-86.308;12.3517;-39.6306;9.63572;3747.5;5.79382;0;0;0.1;0.01;0;4.43875;0;0;-1
0;186;-86.6574;29.3383;-39.2297;9.84885;4001.71;5.92197;0;0;0.1;0.01;0;3.00406;0;0;-1
0;187;-70.1766;-48.0381;-39.6413;8.5;2572.44;5.11093;0;0;0.1;0.01;0;4.05831;1;0;-1
0;188;-72.1221;-33.9437;-41.5637;10.2288;4482.94;6.15043;0;0;0.1;0.01;0;5.02682;0;0;-1
0;189;-71.5924;-14.569;-41.6347;8.5;2572.44;5.11093;0;0;0.1;0.01;0;5.38705;1;0;-1
0;190;-72.6793;3.61591;-40.9305;10.2704;4537.86;6.17544;0;0;0.1;0.01;0;7.38525;0;0;-1
0;191;-70.5097;19.0728;-42.0691;9.73679;3866.66;5.85459;0;0;0.1;0.01;0;6.24071;0;0;-1
0;192;-69.9853;37.0806;-42.92;9.92192;4091.44;5.96591;0;0;0.1;0.01;0;5.68295;0;0;-1
0;193;-72.6603;51.3908;-41.1003;9.59208;3696.81;5.76758;0;0;0.1;0.01;0;3.09306;0;0;-1
0;194;-56.9532;-59.2021;-39.9279;10.3288;4615.71;6.21056;0;0;0.1;0.01;0;5.25158;0;0;-1
0;195;-56.7256;-39.4579;-41.8733;9.50868;3601.22;5.71743;0;0;0.1;0.01;0;6.64236;0;0;-1
0;196;-54.168;-24.6401;-40.909;9.31218;3382.54;5.59928;0;0;0.1;0.01;0;5.42196;0;0;-1
0;197;-57.4624;-7.33173;-42.0169;10.0834;4294.47;6.063;0;0;0.1;0.01;0;6.99072;0;0;-1
0;198;-55.0636;9.53608;-39.851;10.2811;4552.05;6.18188;0;0;0.1;0.01;0;6.71475;0;0;-1
0;199;-55.542;25.8735;-41.5474;9.89022;4052.35;5.94685;0;0;0.1;0.01;0;6.11358;0;0;-1
0;200;-56.972;42.6496;-40.1067;9.6706;3788.34;5.81479;0;0;0.1;0.01;0;6.52586;0;0;-1
0;201;-54.2565;60.4475;-39.5928;9.62047;3729.73;5.78465;0;0;0.1;0.01;0;5.23969;0;0;-1
0;202;-40.5185;-80.6268;-40.9842;8.5;2572.44;5.11093;0;0;0.1;0.01;0;2.97058;1;0;-1
0;203;-41.6798;-65.8984;-39.2285;9.46189;3548.32;5.6893;0;0;0.1;0.01;0;6.38284;0;0;-1
0;204;-43.0506;-47.5232;-41.7148;8.5;2572.44;5.11093;0;0;0.1;0.01;0;4.90234;1;0;-1
0;205;-42.5712;-31.6906;-42.1983;8.64528;2706.61;5.19828;0;0;0.1;0.01;0;5.09586;0;0;-1
0;206;-40.2463;-13.4524;-40.6529;9.60474;3711.47;5.77519;0;0;0.1;0.01;0;6.1042;0;0;-1
0;207;-42.0121;1.95385;-39.9926;9.25091;3316.21;5.56244;0;0;0.1;0.01;0;6.47599;0;0;-1
0;208;-41.7835;19.6613;-42.4177;8.59492;2659.59;5.168;0;0;0.1;0.01;0;5.91311;0;0;-1
0;209;-41.4503;34.458;-41.4086;8.78789;2842.77;5.28403;0;0;0.1;0.01;0;5.6415;0;0;-1
0;210;-40.2717;53.6168;-41.2204;9.53739;3633.94;5.73469;0;0;0.1;0.01;0;7.07298;0;0;-1
0;211;-40.8057;68.4801;-42.1377;10.3601;4657.8;6.22938;0;0;0.1;0.01;0;6.08131;0;0;-1
0;212;-27.6602;-72.9647;-42.8761;9.39388;3472.35;5.6484;0;0;0.1;0.01;0;6.10774;0;0;-1
0;213;-28.1464;-57.7292;-40.4579;10.4418;4768.86;6.2785;0;0;0.1;0.01;0;7.09501;0;0;-1
0;214;-25.2996;-38.507;-42.3699;9.23225;3296.18;5.55122;0;0;0.1;0.01;0;5.329;0;0;-1
0;215;-25.0115;-22.3775;-39.8154;9.9908;4177.24;6.00732;0;0;0.1;0.01;0;6.38984;0;0;-1
0;216;-24.7466;-5.17946;-40.6513;8.87426;2927.42;5.33596;0;0;0.1;0.01;0;5.61461;0;0;-1
0;217;-25.4502;9.76;-41.0418;8.5;2572.44;5.11093;0;0;0.1;0.01;0;4.04213;1;0;-1
0;218;-28.1749;27.0187;-42.0151;9.3773;3454;5.63843;0;0;0.1;0.01;0;5.49002;0;0;-1
0;219;-27.2192;44.1224;-42.1014;9.59228;3697.04;5.7677;0;0;0.1;0.01;0;6.10658;0;0;-1
0;220;-27.5573;60.5334;-40.7623;9.41372;3494.4;5.66033;0;0;0.1;0.01;0;7.06785;0;0;-1
0;221;-25.0143;77.1708;-42.0783;9.57316;3674.98;5.7562;0;0;0.1;0.01;0;5.24552;0;0;-1
0;222;-12.9871;-83.1404;-42.1685;8.61093;2674.48;5.17763;0;0;0.1;0.01;0;4.03638;0;0;-1
0;223;-12.9503;-67.6058;-39.74;10.0617;4266.8;6.04995;0;0;0.1;0.01;0;6.69613;0;0;-1
0;224;-12.3948;-49.3803;-41.8371;9.18212;3242.78;5.52108;0;0;0.1;0.01;0;5.32016;0;0;-1
0;225;-9.78419;-33.3297;-39.8365;9.50911;3601.71;5.71769;0;0;0.1;0.01;0;6.11791;0;0;-1
0;226;-13.0689;-15.5148;-40.7618;8.69144;2750.2;5.22604;0;0;0.1;0.01;0;6.37262;0;0;-1
0;227;-11.0618;0.257803;-41.4538;8.66025;2720.7;5.20728;0;0;0.1;0.01;0;5.45212;0;0;-1
0;228;-12.5385;20.0317;-39.3412;9.95302;4130.03;5.98461;0;0;0.1;0.01;0;6.16044;0;0;-1
0;229;-9.96262;34.3138;-39.7711;8.5;2572.44;5.11093;0;0;0.1;0.01;0;6.08756;1;0;-1
0;230;-11.559;52.9635;-39.3541;10.1789;4417.65;6.12042;0;0;0.1;0.01;0;6.47098;0;0;-1
0;231;-11.101;70.7618;-40.0374;9.43087;3513.53;5.67065;0;0;0.1;0.01;0;5.57694;0;0;-1
0;232;-9.78765;87.1006;-39.9609;8.5;2572.44;5.11093;0;0;0.1;0.01;0;2.38788;1;0;-1
0;233;2.82074;-89.5395;-42.0515;9.11671;3173.97;5.48175;0;0;0.1;0.01;0;2.88176;0;0;-1
0;234;4.68232;-74.9285;-41.1608;8.55271;2620.59;5.14262;0;0;0.1;0.01;0;5.17692;0;0;-1
0;235;2.01289;-59.7562;-39.3813;9.47364;3561.55;5.69636;0;0;0.1;0.01;0;5.41978;0;0;-1
0;236;3.62986;-40.7645;-39.8055;8.5;2572.44;5.11093;0;0;0.1;0.01;0;4.85049;1;0;-1
0;237;4.67622;-25.2816;-39.5114;9.5216;3615.92;5.7252;0;0;0.1;0.01;0;6.13959;0;0;-1
0;238;1.23381;-8.08072;-42.4287;10.2613;4525.8;6.16997;0;0;0.1;0.01;0;6.26734;0;0;-1
0;239;3.21978;10.4517;-41.0086;8.61838;2681.42;5.18211;0;0;0.1;0.01;0;4.37024;0;0;-1
0;240;4.07194;27.1885;-39.4771;8.90471;2957.66;5.35427;0;0;0.1;0.01;0;6.72766;0;0;-1
0;241;1.22727;43.032;-40.2738;10.0973;4312.25;6.07136;0;0;0.1;0.01;0;7.97714;0;0;-1
0;242;1.52425;60.6205;-40.975;8.5;2572.44;5.11093;0;0;0.1;0.01;0;5.36237;1;0;-1
0;243;3.95438;76.3824;-41.0687;9.14274;3201.24;5.4974;0;0;0.1;0.01;0;5.26583;0;0;-1
0;244;17.676;-82.3269;-42.0988;8.5;2572.44;5.11093;0;0;0.1;0.01;0;3.29251;1;0;-1
0;245;18.2139;-65.4533;-39.2894;10.2625;4527.39;6.17069;0;0;0.1;0.01;0;5.88455;0;0;-1
0;246;17.9173;-46.4583;-40.8009;8.89095;2943.97;5.346;0;0;0.1;0.01;0;5.26665;0;0;-1
0;247;17.8349;-31.7594;-41.1603;8.5;2572.44;5.11093;0;0;0.1;0.01;0;5.83831;1;0;-1
0;248;19.0998;-15.4967;-41.7737;9.48375;3572.97;5.70244;0;0;0.1;0.01;0;5.92426;0;0;-1
0;249;19.7509;1.94185;-42.1553;9.10927;3166.21;5.47727;0;0;0.1;0.01;0;4.6935;0;0;-1
0;250;17.6665;17.7332;-40.5154;9.27102;3337.88;5.57453;0;0;0.1;0.01;0;5.59926;0;0;-1
0;251;19.0283;36.717;-42.842;9.9124;4079.67;5.96018;0;0;0.1;0.01;0;7.63349;0;0;-1
0;252;16.7953;52.0141;-39.69;10.0976;4312.64;6.07154;0;0;0.1;0.01;0;7.44233;0;0;-1
0;253;18.7586;68.4688;-41.1962;10.3155;4597.9;6.20256;0;0;0.1;0.01;0;5.94327;0;0;-1
0;254;16.4109;87.4212;-41.1291;10.0767;4285.92;6.05897;0;0;0.1;0.01;0;3.14554;0;0;-1
0;255;32.9559;-75.6315;-42.5071;8.64912;2710.22;5.20059;0;0;0.1;0.01;0;2.25095;0;0;-1
0;256;30.5641;-56.492;-40.5214;9.0958;3152.18;5.46917;0;0;0.1;0.01;0;6.27808;0;0;-1
0;257;33.7147;-41.1808;-40.4682;10.005;4195.08;6.01586;0;0;0.1;0.01;0;7.65237;0;0;-1
0;258;32.7741;-25.2893;-41.5668;10.1242;4346.81;6.08753;0;0;0.1;0.01;0;7.40583;0;0;-1
0;259;33.7381;-8.04875;-42.03;8.5;2572.44;5.11093;0;0;0.1;0.01;0;4.7247;1;0;-1
0;260;33.8465;10.0439;-42.2888;8.5;2572.44;5.11093;0;0;0.1;0.01;0;5.10405;1;0;-1
0;261;33.849;29.518;-39.8759;8.93213;2985.06;5.37076;0;0;0.1;0.01;0;6.03507;0;0;-1
0;262;32.9446;46.1534;-39.4223;10.038;4236.72;6.0357;0;0;0.1;0.01;0;7.76743;0;0;-1
0;263;33.9188;60.0865;-39.7038;9.38769;3465.49;5.64468;0;0;0.1;0.01;0;6.20727;0;0;-1
0;264;33.5536;79.8399;-40.4263;8.95437;3007.42;5.38413;0;0;0.1;0.01;0;2.74405;0;0;-1
0;265;47.8242;-65.2764;-41.601;8.94443;2997.41;5.37816;0;0;0.1;0.01;0;2.46804;0;0;-1
0;266;47.1413;-47.7071;-39.9491;9.52788;3623.08;5.72898;0;0;0.1;0.01;0;5.80396;0;0;-1
0;267;47.7633;-30.2399;-39.2225;10.3176;4600.71;6.20382;0;0;0.1;0.01;0;7.6596;0;0;-1
0;268;46.7875;-14.9414;-42.5865;10.067;4273.55;6.05314;0;0;0.1;0.01;0;7.77835;0;0;-1
0;269;46.083;2.88036;-42.1854;8.5;2572.44;5.11093;0;0;0.1;0.01;0;6.19825;1;0;-1
0;270;47.7563;16.8739;-43.0423;10.1627;4396.59;6.11068;0;0;0.1;0.01;0;7.43832;0;0;-1
0;271;46.8492;37.9684;-41.0998;9.52653;3621.54;5.72816;0;0;0.1;0.01;0;6.19046;0;0;-1
0;272;46.7025;52.1413;-42.8725;9.67637;3795.12;5.81826;0;0;0.1;0.01;0;6.6062;0;0;-1
0;273;46.835;69.2624;-39.8968;9.92643;4097.02;5.96862;0;0;0.1;0.01;0;4.49729;0;0;-1
0;274;60.3763;-55.3633;-39.3289;9.8308;3979.74;5.91112;0;0;0.1;0.01;0;4.74497;0;0;-1
0;275;63.9939;-41.6912;-39.8259;8.94562;2998.61;5.37887;0;0;0.1;0.01;0;4.28132;0;0;-1
0;276;61.2085;-23.3538;-39.8331;8.55006;2618.16;5.14103;0;0;0.1;0.01;0;5.54358;0;0;-1
0;277;63.4166;-7.79525;-42.3314;9.67674;3795.56;5.81848;0;0;0.1;0.01;0;6.8035;0;0;-1
0;278;63.6016;8.22727;-39.4672;10.0114;4203.13;6.01971;0;0;0.1;0.01;0;6.55913;0;0;-1
0;279;63.023;26.19;-42.2756;10.0357;4233.81;6.03432;0;0;0.1;0.01;0;6.07469;0;0;-1
0;280;61.5511;42.1366;-41.2017;8.88075;2933.85;5.33987;0;0;0.1;0.01;0;5.08298;0;0;-1
0;281;61.9953;60.4255;-42.4637;9.23144;3295.32;5.55073;0;0;0.1;0.01;0;3.67705;0;0;-1
0;282;74.9445;-32.4975;-43.1722;9.0112;3065.04;5.4183;0;0;0.1;0.01;0;3.21629;0;0;-1
0;283;77.7388;-15.0012;-41.1209;8.62851;2690.89;5.1882;0;0;0.1;0.01;0;4.46627;0;0;-1
0;284;76.3304;-0.084594;-41.4683;10.2851;4557.37;6.18428;0;0;0.1;0.01;0;6.87633;0;0;-1
0;285;78.7432;19.7261;-42.8199;8.99017;3043.63;5.40566;0;0;0.1;0.01;0;3.33118;0;0;-1
0;286;76.5329;34.3372;-41.9427;9.23964;3304.1;5.55566;0;0;0.1;0.01;0;3.54358;0;0;-1
0;287;90.5177;-4.55929;-40.5379;8.7003;2758.62;5.23136;0;0;0.1;0.01;0;2.2315;0;0;-1
0;288;-95.1314;-13.511;-24.6993;8.77145;2826.85;5.27415;0;0;0.1;0.01;0;3.17402;0;0;-1
0;289;-95.6341;1.24871;-26.0953;9.92316;4092.97;5.96665;0;0;0.1;0.01;0;3.87506;0;0;-1
0;290;-80.8712;-41.4995;-24.6579;9.90428;4069.65;5.9553;0;0;0.1;0.01;0;2.88564;0;0;-1
0;291;-81.7936;-23.4378;-27.3435;9.5595;3659.27;5.74799;0;0;0.1;0.01;0;3.86501;0;0;-1
0;292;-78.9075;-4.65644;-26.4803;10.0423;4242.17;6.03829;0;0;0.1;0.01;0;5.59136;0;0;-1
0;293;-82.5764;10.9687;-26.4505;10.1274;4350.93;6.08946;0;0;0.1;0.01;0;6.28543;0;0;-1
0;294;-82.4144;27.6778;-25.1435;10.0349;4232.8;6.03384;0;0;0.1;0.01;0;5.02683;0;0;-1
0;295;-80.4027;44.5615;-28.1119;9.88358;4044.19;5.94285;0;0;0.1;0.01;0;3.28487;0;0;-1
0;296;-64.0818;-67.8773;-25.9965;8.5;2572.44;5.11093;0;0;0.1;0.01;0;2.51915;1;0;-1
0;297;-64.3783;-48.995;-26.1348;8.77835;2833.53;5.27829;0;0;0.1;0.01;0;4.35915;0;0;-1
0;298;-64.5306;-31.2667;-25.4611;9.74862;3880.77;5.8617;0;0;0.1;0.01;0;5.46817;0;0;-1
0;299;-64.4872;-12.8912;-26.994;9.28066;3348.31;5.58033;0;0;0.1;0.01;0;5.55826;0;0;-1
0;300;-66.0788;4.44395;-26.0276;8.5;2572.44;5.11093;0;0;0.1;0.01;0;5.94058;1;0;-1
0;301;-65.4672;20.2166;-26.9346;8.59094;2655.89;5.16561;0;0;0.1;0.01;0;5.71329;0;0;-1
0;302;-64.6857;35.2174;-27.174;10.0497;4251.56;6.04274;0;0;0.1;0.01;0;6.30956;0;0;-1
0;303;-64.5474;50.9141;-26.2296;9.27992;3347.51;5.57988;0;0;0.1;0.01;0;5.75101;0;0;-1
0;304;-66.6792;68.67;-26.7098;9.4554;3541.02;5.68539;0;0;0.1;0.01;0;2.14988;0;0;-1
0;305;-49.7113;-72.4988;-27.7957;8.99661;3050.18;5.40953;0;0;0.1;0.01;0;5.2287;0;0;-1
0;306;-49.6168;-58.1763;-26.2889;9.25063;3315.91;5.56227;0;0;0.1;0.01;0;6.29515;0;0;-1
0;307;-51.5397;-39.7143;-26.3446;9.3425;3415.69;5.61751;0;0;0.1;0.01;0;6.00972;0;0;-1
0;308;-52.4118;-23.1189;-27.5531;9.77632;3913.95;5.87836;0;0;0.1;0.01;0;6.55583;0;0;-1
0;309;-50.4843;-7.03474;-27.8099;9.73264;3861.72;5.8521;0;0;0.1;0.01;0;6.6098;0;0;-1
0;310;-53.0177;8.65004;-26.3253;8.9409;2993.87;5.37603;0;0;0.1;0.01;0;5.48796;0;0;-1
0;311;-51.116;26.788;-24.465;9.14375;3202.3;5.498;0;0;0.1;0.01;0;5.57816;0;0;-1
0;312;-49.9878;45.5122;-24.8732;9.78011;3918.5;5.88064;0;0;0.1;0.01;0;7.33814;0;0;-1
0;313;-50.6669;62.4842;-25.5789;8.75947;2815.28;5.26694;0;0;0.1;0.01;0;6.08471;0;0;-1
0;314;-51.7952;78.4826;-28.2617;8.72318;2780.44;5.24512;0;0;0.1;0.01;0;2.65128;0;0;-1
0;315;-36.4303;-82.1749;-26.5184;10.3133;4594.96;6.20124;0;0;0.1;0.01;0;6.19624;0;0;-1
0;316;-34.984;-67.3084;-26.8023;8.88636;2939.41;5.34324;0;0;0.1;0.01;0;6.99089;0;0;-1
0;317;-38.3696;-47.1092;-27.1486;10.1598;4392.83;6.10894;0;0;0.1;0.01;0;5.71343;0;0;-1
0;318;-36.0624;-30.0861;-26.0746;9.32899;3400.89;5.60939;0;0;0.1;0.01;0;6.11551;0;0;-1
0;319;-34.6342;-13.7596;-26.8026;8.77558;2830.85;5.27663;0;0;0.1;0.01;0;5.01523;0;0;-1
0;320;-36.5853;4.31771;-27.4521;8.5;2572.44;5.11093;0;0;0.1;0.01;0;4.19354;1;0;-1
0;321;-38.3577;18.5477;-27.4791;9.50184;3593.45;5.71332;0;0;0.1;0.01;0;5.45369;0;0;-1
0;322;-38.2418;34.5881;-25.1746;8.5;2572.44;5.11093;0;0;0.1;0.01;0;5.50254;1;0;-1
0;323;-37.6452;52.2761;-27.8698;9.223;3286.29;5.54566;0;0;0.1;0.01;0;6.07345;0;0;-1
0;324;-38.2096;67.7259;-25.7662;8.5;2572.44;5.11093;0;0;0.1;0.01;0;4.48595;1;0;-1
0;325;-35.5394;85.8431;-24.9506;10.2803;4550.99;6.1814;0;0;0.1;0.01;0;3.74762;0;0;-1
0;326;-21.785;-90.7759;-25.2877;10.3383;4628.45;6.21627;0;0;0.1;0.01;0;3.98741;0;0;-1
0;327;-20.5811;-73.0899;-27.023;10.1729;4409.84;6.11682;0;0;0.1;0.01;0;8.27807;0;0;-1
0;328;-20.3443;-59.1619;-26.3072;9.74517;3876.65;5.85963;0;0;0.1;0.01;0;7.2676;0;0;-1
0;329;-22.0175;-40.5884;-26.6609;8.61701;2680.15;5.18128;0;0;0.1;0.01;0;4.98751;0;0;-1
0;330;-21.3635;-21.1053;-24.9775;10.094;4308.03;6.06938;0;0;0.1;0.01;0;6.84171;0;0;-1
0;331;-19.7221;-5.48382;-28.0786;8.5;2572.44;5.11093;0;0;0.1;0.01;0;4.64856;1;0;-1
0;332;-21.3115;11.807;-25.7668;8.5;2572.44;5.11093;0;0;0.1;0.01;0;4.00295;1;0;-1
0;333;-22.775;28.7624;-27.7805;8.64731;2708.52;5.1995;0;0;0.1;0.01;0;5.10105;0;0;-1
0;334;-21.2698;44.7694;-27.8783;9.74786;3879.86;5.86125;0;0;0.1;0.01;0;5.8418;0;0;-1
0;335;-21.6935;62.1706;-26.6142;9.66986;3787.47;5.81435;0;0;0.1;0.01;0;6.33889;0;0;-1
0;336;-22.8422;78.7586;-27.9111;9.43208;3514.88;5.67137;0;0;0.1;0.01;0;5.63089;0;0;-1
0;337;-5.93759;-81.2667;-28.6454;9.37792;3454.68;5.63881;0;0;0.1;0.01;0;6.09301;0;0;-1
0;338;-7.906;-66.6038;-26.3351;9.47884;3567.42;5.69949;0;0;0.1;0.01;0;6.69037;0;0;-1
0;339;-8.56448;-48.5904;-24.3817;9.13807;3196.33;5.49459;0;0;0.1;0.01;0;5.18585;0;0;-1
0;340;-8.20301;-29.6908;-25.5423;8.77274;2828.1;5.27492;0;0;0.1;0.01;0;5.5658;0;0;-1
0;341;-6.00849;-13.3261;-27.8136;9.41095;3491.31;5.65867;0;0;0.1;0.01;0;6.59718;0;0;-1
0;342;-5.4949;1.93292;-27.6438;8.53399;2603.42;5.13136;0;0;0.1;0.01;0;5.7093;0;0;-1
0;343;-6.60745;21.1261;-25.6282;9.60397;3710.57;5.77473;0;0;0.1;0.01;0;6.7002;0;0;-1
0;344;-7.09376;35.4084;-27.0968;9.34522;3418.67;5.61915;0;0;0.1;0.01;0;7.4837;0;0;-1
0;345;-7.93038;51.5142;-26.0236;8.65073;2711.73;5.20156;0;0;0.1;0.01;0;5.61121;0;0;-1
0;346;-9.34611;72.1629;-24.4899;8.6207;2683.59;5.1835;0;0;0.1;0.01;0;5.0375;0;0;-1
0;347;-9.09878;88.2414;-25.6667;8.64271;2704.2;5.19674;0;0;0.1;0.01;0;3.97068;0;0;-1
0;348;9.34669;-90.4733;-25.412;10.3115;4592.55;6.20016;0;0;0.1;0.01;0;4.2773;0;0;-1
0;349;6.59649;-75.793;-25.3192;9.7822;3921.01;5.88189;0;0;0.1;0.01;0;6.67497;0;0;-1
0;350;9.4423;-58.6644;-25.7704;9.33001;3402;5.61;0;0;0.1;0.01;0;5.80914;0;0;-1
0;351;5.72626;-40.0304;-25.3981;9.62018;3729.39;5.78447;0;0;0.1;0.01;0;6.09821;0;0;-1
0;352;8.26421;-25.5227;-26.5903;8.72878;2785.8;5.24849;0;0;0.1;0.01;0;5.86103;0;0;-1
0;353;9.02389;-8.76493;-27.6941;10.2426;4501.11;6.15873;0;0;0.1;0.01;0;6.7978;0;0;-1
0;354;5.51595;9.93563;-25.5107;9.14542;3204.05;5.49901;0;0;0.1;0.01;0;4.58426;0;0;-1
0;355;9.43581;29.33;-27.6628;10.081;4291.4;6.06156;0;0;0.1;0.01;0;6.86164;0;0;-1
0;356;6.25182;44.0468;-25.2404;10.3766;4680.09;6.2393;0;0;0.1;0.01;0;7.20078;0;0;-1
0;357;6.86822;63.41;-24.6237;10.1832;4423.25;6.12301;0;0;0.1;0.01;0;6.80769;0;0;-1
0;358;5.89572;78.2841;-28.0027;9.05381;3108.73;5.44392;0;0;0.1;0.01;0;5.55799;0;0;-1
0;359;8.24435;95.6201;-26.8428;10.0208;4214.98;6.02536;0;0;0.1;0.01;0;2.99546;0;0;-1
0;360;22.5782;-82.3672;-25.2169;9.14669;3205.39;5.49977;0;0;0.1;0.01;0;4.65814;0;0;-1
0;361;23.6995;-65.8969;-25.4771;9.51617;3609.73;5.72193;0;0;0.1;0.01;0;5.43847;0;0;-1
0;362;23.2768;-47.2924;-27.431;10.114;4333.69;6.0814;0;0;0.1;0.01;0;6.25876;0;0;-1
0;363;22.7934;-31.7634;-26.0482;9.7203;3847.05;5.84468;0;0;0.1;0.01;0;6.89806;0;0;-1
0;364;22.1274;-16.0897;-25.5871;10.0142;4206.66;6.02139;0;0;0.1;0.01;0;6.72976;0;0;-1
0;365;22.3158;1.01553;-26.81;9.03568;3090.09;5.43302;0;0;0.1;0.01;0;5.17088;0;0;-1
0;366;23.3877;18.1896;-28.0173;9.62583;3735.97;5.78787;0;0;0.1;0.01;0;6.25586;0;0;-1
0;367;23.2482;34.9334;-27.5208;9.48752;3577.23;5.70471;0;0;0.1;0.01;0;7.4198;0;0;-1
0;368;20.5927;51.1132;-24.5177;9.78732;3927.17;5.88497;0;0;0.1;0.01;0;6.26072;0;0;-1
0;369;20.2908;69.1531;-26.9534;9.41126;3491.66;5.65885;0;0;0.1;0.01;0;5.36152;0;0;-1
0;370;23.3584;84.5706;-24.8066;9.48309;3572.22;5.70204;0;0;0.1;0.01;0;4.9004;0;0;-1
0;371;38.0634;-75.9938;-27.1043;9.08221;3138.07;5.461;0;0;0.1;0.01;0;3.94188;0;0;-1
0;372;35.2309;-56.9203;-27.04;8.68961;2748.46;5.22494;0;0;0.1;0.01;0;5.60755;0;0;-1
0;373;37.5327;-39.9425;-26.8276;9.92192;4091.44;5.96591;0;0;0.1;0.01;0;7.96703;0;0;-1
0;374;37.6923;-23.1665;-27.6901;9.98008;4163.81;6.00088;0;0;0.1;0.01;0;7.59094;0;0;-1
0;375;37.4559;-7.211;-24.8384;9.68117;3800.77;5.82115;0;0;0.1;0.01;0;6.56958;0;0;-1
0;376;35.1283;8.91861;-26.7911;8.8148;2868.97;5.30021;0;0;0.1;0.01;0;5.3083;0;0;-1
0;377;37.2279;25.3892;-24.7135;9.96675;4147.15;5.99286;0;0;0.1;0.01;0;6.88004;0;0;-1
0;378;37.0123;42.1385;-27.0991;9.84583;3998.03;5.92015;0;0;0.1;0.01;0;6.57865;0;0;-1
0;379;38.4524;63.6771;-24.902;8.5;2572.44;5.11093;0;0;0.1;0.01;0;4.58589;1;0;-1
0;380;36.7451;78.8121;-24.8764;8.5;2572.44;5.11093;0;0;0.1;0.01;0;4.35231;1;0;-1
0;381;50.4351;-66.6521;-24.7835;10.2137;4463.11;6.14135;0;0;0.1;0.01;0;5.5706;0;0;-1
0;382;49.9653;-50.7737;-25.292;10.1728;4409.71;6.11676;0;0;0.1;0.01;0;6.85188;0;0;-1
0;383;50.0714;-33.4189;-25.0309;8.55599;2623.61;5.14459;0;0;0.1;0.01;0;5.20302;0;0;-1
0;384;52.7137;-15.5643;-26.8615;9.21838;3281.35;5.54288;0;0;0.1;0.01;0;6.25881;0;0;-1
0;385;51.82;1.73462;-28.3323;10.0155;4208.3;6.02217;0;0;0.1;0.01;0;7.16739;0;0;-1
0;386;50.1085;17.7994;-28.5137;9.04577;3100.45;5.43909;0;0;0.1;0.01;0;6.16677;0;0;-1
0;387;50.3077;34.8943;-25.0692;9.38364;3461.01;5.64225;0;0;0.1;0.01;0;5.57743;0;0;-1
0;388;52.979;54.7657;-24.7011;8.65695;2717.59;5.2053;0;0;0.1;0.01;0;4.39648;0;0;-1
0;389;52.1999;72.6205;-26.9407;9.78828;3928.33;5.88555;0;0;0.1;0.01;0;4.37945;0;0;-1
0;390;66.36;-59.2066;-27.6333;8.99162;3045.11;5.40653;0;0;0.1;0.01;0;4.13163;0;0;-1
0;391;66.6358;-42.2224;-25.0412;8.84857;2902.07;5.32052;0;0;0.1;0.01;0;5.48357;0;0;-1
0;392;67.4851;-23.2448;-24.8718;10.3678;4668.19;6.23401;0;0;0.1;0.01;0;6.53697;0;0;-1
0;393;65.5561;-5.59883;-26.9252;8.9529;3005.94;5.38325;0;0;0.1;0.01;0;6.83953;0;0;-1
0;394;66.5841;9.45745;-25.0914;9.2484;3313.51;5.56093;0;0;0.1;0.01;0;5.82305;0;0;-1
0;395;64.8734;25.4075;-25.6026;9.8348;3984.6;5.91352;0;0;0.1;0.01;0;4.81012;0;0;-1
0;396;66.3791;46.5056;-25.9053;10.0347;4232.55;6.03372;0;0;0.1;0.01;0;5.81579;0;0;-1
0;397;65.0728;62.279;-27.5176;10.0508;4252.95;6.0434;0;0;0.1;0.01;0;4.96768;0;0;-1
0;398;79.4187;-51.2633;-25.8173;10.1042;4321.1;6.07551;0;0;0.1;0.01;0;2.1776;0;0;-1
0;399;81.8812;-34.205;-24.8296;10.2512;4512.45;6.1639;0;0;0.1;0.01;0;3.41421;0;0;-1
0;400;80.7504;-16.8095;-25.3506;8.88357;2936.64;5.34156;0;0;0.1;0.01;0;4.46805;0;0;-1
0;401;79.7979;-0.228161;-26.2367;9.30496;3374.68;5.59494;0;0;0.1;0.01;0;4.87222;0;0;-1
0;402;83.2168;17.7931;-25.2686;9.79833;3940.44;5.89159;0;0;0.1;0.01;0;4.14619;0;0;-1
0;403;79.1007;33.7669;-27.9957;8.5;2572.44;5.11093;0;0;0.1;0.01;0;3.36585;1;0;-1
0;404;79.3733;54.6242;-26.5403;10.3516;4646.34;6.22427;0;0;0.1;0.01;0;2.70808;0;0;-1
0;405;-98.4443;0.962078;-11.8067;10.2755;4544.62;6.17851;0;0;0.1;0.01;0;3.70445;0;0;-1
0;406;-84.2849;-42.0878;-11.2464;9.08598;3141.98;5.46327;0;0;0.1;0.01;0;3.46787;0;0;-1
0;407;-84.375;-23.5362;-10.3083;10.4098;4725.15;6.25926;0;0;0.1;0.01;0;5.70442;0;0;-1
0;408;-85.2169;-7.13592;-12.4868;8.91246;2965.39;5.35893;0;0;0.1;0.01;0;5.26931;0;0;-1
0;409;-83.3473;11.6461;-11.9323;10.149;4378.83;6.10245;0;0;0.1;0.01;0;5.92259;0;0;-1
0;410;-84.8113;29.142;-12.4327;8.5;2572.44;5.11093;0;0;0.1;0.01;0;4.12931;1;0;-1
0;411;-84.0328;42.4981;-11.3173;9.39125;3469.44;5.64682;0;0;0.1;0.01;0;4.12711;0;0;-1
0;412;-70.8131;-68.4422;-10.0691;8.78734;2842.24;5.2837;0;0;0.1;0.01;0;2.13457;0;0;-1
0;413;-69.2285;-49.265;-11.9974;9.51949;3613.51;5.72393;0;0;0.1;0.01;0;4.76739;0;0;-1
0;414;-69.8904;-32.5569;-10.1389;9.37135;3447.43;5.63486;0;0;0.1;0.01;0;6.79678;0;0;-1
0;415;-72.1608;-15.7398;-11.6957;9.40543;3485.17;5.65535;0;0;0.1;0.01;0;6.58702;0;0;-1
0;416;-70.7974;3.17312;-10.3094;8.76929;2824.76;5.27285;0;0;0.1;0.01;0;6.07308;0;0;-1
0;417;-68.3505;17.3717;-12.954;8.58719;2652.42;5.16335;0;0;0.1;0.01;0;4.93161;0;0;-1
0;418;-69.4905;36.4698;-11.9856;9.59908;3704.91;5.77179;0;0;0.1;0.01;0;6.33999;0;0;-1
0;419;-71.9172;53.7822;-13.0228;8.9755;3028.76;5.39684;0;0;0.1;0.01;0;4.41775;0;0;-1
0;420;-54.2886;-75.1341;-9.72495;8.85847;2911.82;5.32647;0;0;0.1;0.01;0;3.81304;0;0;-1
0;421;-56.62;-58.2381;-12.3461;9.39962;3478.72;5.65186;0;0;0.1;0.01;0;5.38462;0;0;-1
0;422;-57.3307;-39.1993;-10.3234;8.57706;2643.04;5.15726;0;0;0.1;0.01;0;5.56604;0;0;-1
0;423;-57.31;-23.9552;-11.8611;8.5;2572.44;5.11093;0;0;0.1;0.01;0;5.4917;1;0;-1
0;424;-55.2357;-7.21734;-11.8092;9.00601;3059.75;5.41518;0;0;0.1;0.01;0;5.50037;0;0;-1
0;425;-54.3081;8.60116;-12.5435;10.0595;4264.01;6.04863;0;0;0.1;0.01;0;5.98937;0;0;-1
0;426;-57.3417;29.7703;-12.8167;8.5;2572.44;5.11093;0;0;0.1;0.01;0;5.63768;1;0;-1
0;427;-55.1132;44.7232;-11.8302;9.28257;3350.37;5.58147;0;0;0.1;0.01;0;6.85711;0;0;-1
0;428;-57.9506;60.0319;-10.6859;9.74725;3879.14;5.86088;0;0;0.1;0.01;0;5.44965;0;0;-1
0;429;-42.7872;-83.6454;-13.2562;10.0889;4301.5;6.06631;0;0;0.1;0.01;0;4.25705;0;0;-1
0;430;-39.3565;-64.6236;-11.5712;9.79525;3936.73;5.88974;0;0;0.1;0.01;0;5.60939;0;0;-1
0;431;-41.053;-49.3564;-10.6942;8.52157;2592.07;5.1239;0;0;0.1;0.01;0;5.07811;0;0;-1
0;432;-41.2223;-32.6039;-12.3599;9.80366;3946.87;5.8948;0;0;0.1;0.01;0;6.13946;0;0;-1
0;433;-42.0842;-14.3457;-13.5217;10.014;4206.41;6.02127;0;0;0.1;0.01;0;6.08375;0;0;-1
0;434;-40.921;3.07183;-10.786;9.48602;3575.53;5.70381;0;0;0.1;0.01;0;5.76939;0;0;-1
0;435;-39.4006;20.0879;-11.209;10.0097;4200.99;6.01869;0;0;0.1;0.01;0;6.27724;0;0;-1
0;436;-42.1294;36.9046;-13.1709;9.33057;3402.62;5.61034;0;0;0.1;0.01;0;7.20032;0;0;-1
0;437;-42.6512;52.2159;-12.6241;8.5;2572.44;5.11093;0;0;0.1;0.01;0;5.05213;1;0;-1
0;438;-43.0039;70.689;-12.5541;8.74544;2801.78;5.25851;0;0;0.1;0.01;0;4.7222;0;0;-1
0;439;-43.2521;85.1295;-13.3358;8.5;2572.44;5.11093;0;0;0.1;0.01;0;3.42586;1;0;-1
0;440;-27.9004;-93.1819;-13.0837;9.62079;3730.1;5.78484;0;0;0.1;0.01;0;4.31871;0;0;-1
0;441;-28.1467;-76.8707;-13.0057;10.1441;4372.49;6.0995;0;0;0.1;0.01;0;7.0564;0;0;-1
0;442;-24.6946;-56.5735;-12.2852;10.3899;4698.1;6.2473;0;0;0.1;0.01;0;7.30625;0;0;-1
0;443;-27.3681;-41.753;-10.1914;10.4383;4764.07;6.2764;0;0;0.1;0.01;0;7.63193;0;0;-1
0;444;-26.6281;-22.2837;-11.866;10.2193;4470.46;6.14472;0;0;0.1;0.01;0;6.64802;0;0;-1
0;445;-24.953;-7.30779;-10.3225;8.54228;2611.02;5.13635;0;0;0.1;0.01;0;4.69903;0;0;-1
0;446;-25.1404;9.1458;-10.2537;9.43114;3513.83;5.67081;0;0;0.1;0.01;0;5.1753;0;0;-1
0;447;-27.4334;28.4674;-10.5788;10.2555;4518.13;6.16648;0;0;0.1;0.01;0;6.15164;0;0;-1
0;448;-28.3069;42.9584;-10.775;9.06343;3118.65;5.44971;0;0;0.1;0.01;0;5.62754;0;0;-1
0;449;-24.4433;59.0704;-12.8419;8.80537;2859.77;5.29454;0;0;0.1;0.01;0;4.53581;0;0;-1
0;450;-24.776;77.7007;-12.2446;9.85517;4009.41;5.92577;0;0;0.1;0.01;0;6.45292;0;0;-1
0;451;-24.8569;94.6706;-14.0152;10.1999;4445.05;6.13305;0;0;0.1;0.01;0;3.54571;0;0;-1
0;452;-13.5526;-83.3058;-11.0867;8.5;2572.44;5.11093;0;0;0.1;0.01;0;4.455;1;0;-1
0;453;-12.7714;-65.4545;-13.2574;8.5;2572.44;5.11093;0;0;0.1;0.01;0;5.52586;1;0;-1
0;454;-12.694;-48.4396;-9.71071;9.49539;3586.14;5.70944;0;0;0.1;0.01;0;6.60667;0;0;-1
0;455;-11.4479;-32.3685;-11.7605;10.4018;4714.27;6.25445;0;0;0.1;0.01;0;7.25707;0;0;-1
0;456;-10.3952;-14.2736;-10.7244;8.5;2572.44;5.11093;0;0;0.1;0.01;0;6.0606;1;0;-1
0;457;-10.7178;0.962979;-11.6039;10.2021;4447.92;6.13437;0;0;0.1;0.01;0;7.16144;0;0;-1
0;458;-10.7337;16.9677;-11.6258;9.08701;3143.05;5.46389;0;0;0.1;0.01;0;5.76912;0;0;-1
0;459;-11.5941;34.2436;-12.5367;8.56015;2627.44;5.14709;0;0;0.1;0.01;0;4.61907;0;0;-1
0;460;-10.3531;50.9643;-10.6073;8.54843;2616.66;5.14005;0;0;0.1;0.01;0;5.22156;0;0;-1
0;461;-10.5254;67.4158;-11.6323;9.0735;3129.05;5.45576;0;0;0.1;0.01;0;5.9101;0;0;-1
0;462;-11.7013;87.2568;-12.4311;8.5;2572.44;5.11093;0;0;0.1;0.01;0;4.79606;1;0;-1
0;463;4.39237;-91.5516;-10.5918;8.69412;2752.74;5.22765;0;0;0.1;0.01;0;3.76441;0;0;-1
0;464;1.5455;-75.9957;-12.1263;8.5;2572.44;5.11093;0;0;0.1;0.01;0;5.49068;1;0;-1
0;465;1.34527;-59.4766;-12.8547;8.86284;2916.13;5.3291;0;0;0.1;0.01;0;6.06167;0;0;-1
0;466;1.68245;-41.2625;-12.6225;9.63019;3741.05;5.79049;0;0;0.1;0.01;0;6.53512;0;0;-1
0;467;1.26561;-21.5679;-10.4653;9.21799;3280.93;5.54264;0;0;0.1;0.01;0;6.60844;0;0;-1
0;468;1.59565;-7.44757;-12.1256;8.63646;2698.34;5.19298;0;0;0.1;0.01;0;6.12591;0;0;-1
0;469;3.27796;8.17307;-12.2787;10.1133;4332.79;6.08098;0;0;0.1;0.01;0;6.21248;0;0;-1
0;470;3.19066;25.132;-13.5595;9.05314;3108.04;5.44352;0;0;0.1;0.01;0;4.7232;0;0;-1
0;471;1.9893;43.7641;-10.4951;9.3009;3370.26;5.5925;0;0;0.1;0.01;0;5.57842;0;0;-1
0;472;2.33247;59.5252;-10.7525;9.45512;3540.71;5.68523;0;0;0.1;0.01;0;6.58713;0;0;-1
0;473;2.70726;76.7486;-10.3974;8.91847;2971.39;5.36255;0;0;0.1;0.01;0;6.03257;0;0;-1
0;474;3.09367;94.0416;-11.465;10.2647;4530.3;6.17202;0;0;0.1;0.01;0;4.45969;0;0;-1
0;475;18.8189;-85.1779;-10.537;9.35595;3430.46;5.6256;0;0;0.1;0.01;0;5.79991;0;0;-1
0;476;16.0718;-68.1934;-10.5163;9.47166;3559.32;5.69517;0;0;0.1;0.01;0;6.35433;0;0;-1
0;477;15.9658;-51.4693;-9.87747;9.86583;4022.44;5.93218;0;0;0.1;0.01;0;5.77901;0;0;-1
0;478;15.524;-33.3876;-10.5219;9.65096;3765.3;5.80298;0;0;0.1;0.01;0;5.74369;0;0;-1
0;479;16.035;-16.2984;-11.4694;8.57311;2639.39;5.15489;0;0;0.1;0.01;0;5.90933;0;0;-1
0;480;16.4179;1.11802;-11.4633;9.38448;3461.94;5.64275;0;0;0.1;0.01;0;5.57847;0;0;-1
0;481;19.4868;20.9033;-10.8788;9.88972;4051.73;5.94655;0;0;0.1;0.01;0;6.04947;0;0;-1
0;482;19.6222;38.187;-13.1696;8.5;2572.44;5.11093;0;0;0.1;0.01;0;5.08552;1;0;-1
0;483;18.1883;54.5291;-11.4686;8.5;2572.44;5.11093;0;0;0.1;0.01;0;4.93102;1;0;-1
0;484;17.3042;71.4344;-10.3199;10.3965;4707.06;6.25126;0;0;0.1;0.01;0;7.11074;0;0;-1
0;485;15.6973;84.9726;-12.5717;8.5;2572.44;5.11093;0;0;0.1;0.01;0;5.45089;1;0;-1
0;486;31.9452;-93.7254;-12.042;8.83098;2884.8;5.30994;0;0;0.1;0.01;0;1.8575;0;0;-1
0;487;33.3581;-76.6511;-12.3251;9.41174;3492.19;5.65914;0;0;0.1;0.01;0;5.65359;0;0;-1
0;488;32.8862;-55.3946;-10.3522;9.45135;3536.47;5.68296;0;0;0.1;0.01;0;4.99176;0;0;-1
0;489;34.1682;-38.8908;-10.1261;9.62386;3733.67;5.78669;0;0;0.1;0.01;0;6.14377;0;0;-1
0;490;31.2315;-21.3574;-12.2802;9.89423;4057.28;5.94926;0;0;0.1;0.01;0;7.10782;0;0;-1
0;491;33.1364;-6.33488;-10.7746;8.88235;2935.43;5.34083;0;0;0.1;0.01;0;5.56112;0;0;-1
0;492;33.5012;11.7961;-12.9117;10.3784;4682.52;6.24038;0;0;0.1;0.01;0;7.01793;0;0;-1
0;493;31.4726;29.0503;-10.8346;9.24443;3309.25;5.55854;0;0;0.1;0.01;0;6.82086;0;0;-1
0;494;33.5334;46.2641;-13.2479;9.56238;3662.58;5.74972;0;0;0.1;0.01;0;5.98834;0;0;-1
0;495;32.7918;63.4875;-10.3662;8.6173;2680.42;5.18146;0;0;0.1;0.01;0;5.9866;0;0;-1
0;496;32.266;79.3799;-10.1261;10.0567;4260.45;6.04695;0;0;0.1;0.01;0;6.38663;0;0;-1
0;497;45.9671;-82.9372;-10.7932;8.5;2572.44;5.11093;0;0;0.1;0.01;0;4.15522;1;0;-1
0;498;48.1293;-67.8888;-11.4487;9.53328;3629.24;5.73222;0;0;0.1;0.01;0;6.01282;0;0;-1
0;499;47.701;-47.7313;-11.9619;9.34097;3414.01;5.61659;0;0;0.1;0.01;0;6.11466;0;0;-1
0;500;48.6145;-31.706;-12.5253;9.05733;3112.36;5.44604;0;0;0.1;0.01;0;5.5411;0;0;-1
0;501;45.5581;-14.7399;-10.9547;9.15165;3210.6;5.50275;0;0;0.1;0.01;0;6.26711;0;0;-1
0;502;46.5966;0.436531;-11.0268;10.1585;4391.14;6.10816;0;0;0.1;0.01;0;7.44493;0;0;-1
0;503;47.7364;18.1174;-13.4353;10.1742;4411.53;6.1176;0;0;0.1;0.01;0;7.74705;0;0;-1
0;504;47.9019;34.6502;-10.5469;9.51622;3609.79;5.72196;0;0;0.1;0.01;0;6.42737;0;0;-1
0;505;45.9425;55.1958;-12.4983;8.5;2572.44;5.11093;0;0;0.1;0.01;0;5.01902;1;0;-1
0;506;46.2847;68.4961;-10.0161;9.24156;3306.16;5.55682;0;0;0.1;0.01;0;6.17116;0;0;-1
0;507;47.6949;85.6433;-13.1005;8.6403;2701.94;5.19529;0;0;0.1;0.01;0;2.33849;0;0;-1
0;508;61.0943;-74.2468;-11.2882;10.3036;4582.01;6.19541;0;0;0.1;0.01;0;3.19845;0;0;-1
0;509;60.3066;-56.0671;-13.3011;9.61516;3723.56;5.78146;0;0;0.1;0.01;0;6.39333;0;0;-1
0;510;61.4404;-42.1476;-11.6178;9.39919;3478.24;5.6516;0;0;0.1;0.01;0;6.41297;0;0;-1
0;511;62.5802;-25.7822;-11.8623;9.28468;3352.66;5.58274;0;0;0.1;0.01;0;5.84244;0;0;-1
0;512;62.741;-7.65147;-11.4996;9.83406;3983.7;5.91308;0;0;0.1;0.01;0;6.46711;0;0;-1
0;513;60.7348;9.3747;-12.8105;10.2245;4477.29;6.14784;0;0;0.1;0.01;0;6.65875;0;0;-1
0;514;61.9705;28.7539;-10.2233;9.92591;4096.37;5.96831;0;0;0.1;0.01;0;6.30856;0;0;-1
0;515;62.6726;45.9873;-11.1266;9.50542;3597.51;5.71547;0;0;0.1;0.01;0;5.70246;0;0;-1
0;516;63.2348;63.5931;-10.8022;10.0981;4313.28;6.07184;0;0;0.1;0.01;0;5.33171;0;0;-1
0;517;61.0483;77.9264;-13.7891;8.90529;2958.24;5.35462;0;0;0.1;0.01;0;2.77218;0;0;-1
0;518;77.6022;-47.5318;-10.8089;8.5;2572.44;5.11093;0;0;0.1;0.01;0;3.89169;1;0;-1
0;519;77.3323;-30.0361;-11.2403;8.60685;2670.68;5.17517;0;0;0.1;0.01;0;5.62914;0;0;-1
0;520;75.2998;-14.4403;-10.853;10.4528;4783.95;6.28512;0;0;0.1;0.01;0;7.80125;0;0;-1
0;521;74.941;1.12073;-10.9976;8.5;2572.44;5.11093;0;0;0.1;0.01;0;6.1666;1;0;-1
0;522;76.6049;18.011;-13.3379;8.69993;2758.26;5.23114;0;0;0.1;0.01;0;5.75144;0;0;-1
0;523;75.0674;34.8503;-12.7164;8.5;2572.44;5.11093;0;0;0.1;0.01;0;5.25352;1;0;-1
0;524;75.3423;51.4822;-10.23;9.24246;3307.13;5.55736;0;0;0.1;0.01;0;5.71985;0;0;-1
0;525;89.5827;-22.1707;-11.9522;8.5;2572.44;5.11093;0;0;0.1;0.01;0;3.79105;1;0;-1
0;526;90.0666;-4.25065;-10.1447;9.67018;3787.85;5.81454;0;0;0.1;0.01;0;4.12227;0;0;-1
0;527;89.5579;12.0108;-11.0193;8.94815;3001.15;5.38039;0;0;0.1;0.01;0;4.80418;0;0;-1
0;528;89.424;27.03;-11.2016;8.57982;2645.59;5.15892;0;0;0.1;0.01;0;4.51561;0;0;-1
0;529;89.2393;43.5631;-9.84535;10.0381;4236.85;6.03576;0;0;0.1;0.01;0;3.29376;0;0;-1
0;530;-93.9352;-16.5782;2.39906;9.45997;3546.16;5.68814;0;0;0.1;0.01;0;3.17019;0;0;-1
0;531;-95.6842;2.73008;3.42989;9.65336;3768.11;5.80443;0;0;0.1;0.01;0;3.78392;0;0;-1
0;532;-95.9079;18.6894;2.16243;10.2032;4449.36;6.13504;0;0;0.1;0.01;0;3.23844;0;0;-1
0;533;-79.6786;-55.9201;3.03525;8.5;2572.44;5.11093;0;0;0.1;0.01;0;2.63935;1;0;-1
0;534;-82.629;-41.5214;4.68297;9.80047;3943.02;5.89288;0;0;0.1;0.01;0;4.17511;0;0;-1
0;535;-80.5978;-23.2264;2.9672;9.80139;3944.13;5.89343;0;0;0.1;0.01;0;6.45392;0;0;-1
0;536;-79.866;-6.13401;3.72273;9.46528;3552.13;5.69134;0;0;0.1;0.01;0;5.92345;0;0;-1
0;537;-81.7954;10.3538;2.71821;8.90491;2957.86;5.35439;0;0;0.1;0.01;0;4.70828;0;0;-1
0;538;-80.6014;25.4926;1.20492;8.5;2572.44;5.11093;0;0;0.1;0.01;0;3.69473;1;0;-1
0;539;-82.6821;44.0756;2.76708;10.2457;4505.19;6.16059;0;0;0.1;0.01;0;4.42245;0;0;-1
0;540;-78.9047;61.1259;3.37455;9.4202;3501.62;5.66423;0;0;0.1;0.01;0;2.55913;0;0;-1
0;541;-63.8873;-65.5069;1.68198;8.86781;2921.04;5.33209;0;0;0.1;0.01;0;4.00682;0;0;-1
0;542;-64.2779;-47.287;4.39975;10.2617;4526.33;6.17021;0;0;0.1;0.01;0;6.23383;0;0;-1
0;543;-68.3959;-33.0495;3.55091;8.92266;2975.58;5.36507;0;0;0.1;0.01;0;5.75789;0;0;-1
0;544;-67.797;-14.8215;1.72308;10.4365;4761.6;6.27532;0;0;0.1;0.01;0;6.92561;0;0;-1
0;545;-67.1954;0.400044;3.73757;10.3306;4618.12;6.21164;0;0;0.1;0.01;0;6.93343;0;0;-1
0;546;-64.7312;17.1269;3.36747;10.4477;4776.95;6.28205;0;0;0.1;0.01;0;6.01955;0;0;-1
0;547;-65.1803;36.5217;3.09633;10.4249;4745.74;6.26834;0;0;0.1;0.01;0;6.60255;0;0;-1
0;548;-65.5669;52.0324;3.22384;9.47993;3568.65;5.70014;0;0;0.1;0.01;0;5.47916;0;0;-1
0;549;-64.944;70.4164;3.16522;8.5;2572.44;5.11093;0;0;0.1;0.01;0;2.3485;1;0;-1
0;550;-49.908;-75.3365;3.24064;8.5823;2647.89;5.16041;0;0;0.1;0.01;0;5.00439;0;0;-1
0;551;-50.3395;-59.3865;4.21043;8.71413;2771.79;5.23968;0;0;0.1;0.01;0;5.50599;0;0;-1
0;552;-50.9548;-42.3293;3.33444;8.72965;2786.63;5.24901;0;0;0.1;0.01;0;5.46107;0;0;-1
0;553;-52.115;-24.4729;3.65249;8.58632;2651.61;5.16283;0;0;0.1;0.01;0;4.18546;0;0;-1
0;554;-49.6405;-5.37787;2.14999;8.5;2572.44;5.11093;0;0;0.1;0.01;0;4.35357;1;0;-1
0;555;-52.3024;10.0588;3.74826;8.5;2572.44;5.11093;0;0;0.1;0.01;0;4.98698;1;0;-1
0;556;-52.7548;25.8357;2.70505;8.5;2572.44;5.11093;0;0;0.1;0.01;0;5.48548;1;0;-1
0;557;-50.2701;42.9852;5.11362;9.8444;3996.28;5.91929;0;0;0.1;0.01;0;5.97287;0;0;-1
0;558;-50.7508;63.4597;1.83731;9.04923;3104.01;5.44117;0;0;0.1;0.01;0;5.21408;0;0;-1
0;559;-51.4548;78.1173;1.28633;9.76208;3896.87;5.8698;0;0;0.1;0.01;0;4.43754;0;0;-1
0;560;-34.9749;-84.0137;3.44131;9.36644;3442.01;5.6319;0;0;0.1;0.01;0;5.15533;0;0;-1
0;561;-38.5003;-67.3848;3.24766;9.15764;3216.91;5.50636;0;0;0.1;0.01;0;5.35516;0;0;-1
0;562;-36.7016;-50.3918;4.12097;8.5;2572.44;5.11093;0;0;0.1;0.01;0;5.17386;1;0;-1
0;563;-35.8336;-32.622;2.67773;9.95707;4135.07;5.98704;0;0;0.1;0.01;0;6.05263;0;0;-1
0;564;-38.0799;-14.0871;3.15362;8.97516;3028.41;5.39663;0;0;0.1;0.01;0;4.98257;0;0;-1
0;565;-36.6351;3.18216;4.03875;8.90095;2953.91;5.35201;0;0;0.1;0.01;0;5.85545;0;0;-1
0;566;-38.1395;19.9744;2.9139;10.1518;4382.46;6.10413;0;0;0.1;0.01;0;6.86637;0;0;-1
0;567;-38.1961;36.3071;1.02804;8.89588;2948.87;5.34896;0;0;0.1;0.01;0;5.93236;0;0;-1
0;568;-35.4157;50.8409;2.86296;9.82839;3976.82;5.90967;0;0;0.1;0.01;0;5.01554;0;0;-1
0;569;-35.7469;71.7378;1.34036;10.4423;4769.55;6.2788;0;0;0.1;0.01;0;6.28771;0;0;-1
0;570;-35.3294;87.8899;3.29239;9.58234;3685.56;5.76172;0;0;0.1;0.01;0;5.14431;0;0;-1
0;571;-20.7802;-93.6581;1.59802;9.51832;3612.18;5.72323;0;0;0.1;0.01;0;4.31199;0;0;-1
0;572;-20.5676;-76.6025;4.59415;8.53528;2604.61;5.13214;0;0;0.1;0.01;0;5.26439;0;0;-1
0;573;-23.6225;-57.6378;1.54133;9.2155;3278.27;5.54115;0;0;0.1;0.01;0;6.00437;0;0;-1
0;574;-23.2241;-40.3604;2.14417;9.25268;3318.11;5.5635;0;0;0.1;0.01;0;6.41737;0;0;-1
0;575;-21.1645;-23.0792;3.57044;8.5;2572.44;5.11093;0;0;0.1;0.01;0;5.39825;1;0;-1
0;576;-20.5801;-5.19219;3.33758;8.55675;2624.31;5.14505;0;0;0.1;0.01;0;6.16087;0;0;-1
0;577;-20.191;9.9937;4.07177;10.1133;4332.79;6.08098;0;0;0.1;0.01;0;6.90009;0;0;-1
0;578;-23.9373;27.5219;1.89043;8.5874;2652.61;5.16348;0;0;0.1;0.01;0;3.99376;0;0;-1
0;579;-19.9338;46.9978;1.82732;9.19996;3261.72;5.5318;0;0;0.1;0.01;0;4.5471;0;0;-1
0;580;-22.0312;63.3238;2.16488;9.89483;4058.01;5.94962;0;0;0.1;0.01;0;6.65902;0;0;-1
0;581;-22.1855;77.556;1.90806;9.60554;3712.39;5.77567;0;0;0.1;0.01;0;6.19906;0;0;-1
0;582;-23.3659;96.2338;1.35644;9.90756;4073.7;5.95727;0;0;0.1;0.01;0;3.42113;0;0;-1
0;583;-7.07216;-98.9533;0.925892;10.0776;4287.06;6.05951;0;0;0.1;0.01;0;2.97299;0;0;-1
0;584;-5.64347;-81.0564;3.71421;8.73414;2790.93;5.25171;0;0;0.1;0.01;0;5.62548;0;0;-1
0;585;-9.08097;-66.6501;2.77131;10.3839;4689.97;6.24369;0;0;0.1;0.01;0;5.75216;0;0;-1
0;586;-7.63511;-49.2484;2.31306;8.64791;2709.08;5.19986;0;0;0.1;0.01;0;5.09592;0;0;-1
0;587;-7.4665;-29.974;2.51918;9.4445;3528.79;5.67884;0;0;0.1;0.01;0;6.35186;0;0;-1
0;588;-8.78186;-14.1917;3.11678;9.71029;3835.18;5.83866;0;0;0.1;0.01;0;6.87987;0;0;-1
0;589;-7.88506;1.81198;3.775;8.5;2572.44;5.11093;0;0;0.1;0.01;0;5.90091;1;0;-1
0;590;-6.3001;17.3621;1.34229;8.51996;2590.61;5.12293;0;0;0.1;0.01;0;5.93158;0;0;-1
0;591;-6.1671;34.6536;3.70174;9.22465;3288.05;5.54665;0;0;0.1;0.01;0;5.50854;0;0;-1
0;592;-5.76262;51.7992;3.54304;8.5;2572.44;5.11093;0;0;0.1;0.01;0;5.86932;1;0;-1
0;593;-7.56726;71.7856;2.33064;10.3283;4615.04;6.21026;0;0;0.1;0.01;0;6.85454;0;0;-1
0;594;-9.20416;88.3814;3.67729;9.77079;3907.31;5.87503;0;0;0.1;0.01;0;4.9759;0;0;-1
0;595;8.04016;-92.1747;3.10042;8.71605;2773.63;5.24083;0;0;0.1;0.01;0;4.70568;0;0;-1
0;596;8.63552;-76.0908;1.82791;9.61678;3725.44;5.78243;0;0;0.1;0.01;0;7.03954;0;0;-1
0;597;5.95311;-58.9237;1.68735;10.096;4310.59;6.07058;0;0;0.1;0.01;0;6.91978;0;0;-1
0;598;7.03723;-42.7396;3.58967;9.83689;3987.15;5.91478;0;0;0.1;0.01;0;6.727;0;0;-1
0;599;7.54569;-24.9353;1.84855;9.5353;3631.55;5.73344;0;0;0.1;0.01;0;6.50655;0;0;-1
0;600;9.35706;-8.45957;4.44474;10.1237;4346.17;6.08723;0;0;0.1;0.01;0;5.92996;0;0;-1
0;601;5.73426;10.453;2.77454;8.89902;2951.99;5.35085;0;0;0.1;0.01;0;4.95968;0;0;-1
0;602;7.62799;25.4209;2.11699;9.91149;4078.55;5.95964;0;0;0.1;0.01;0;6.08919;0;0;-1
0;603;8.38601;44.0592;2.34726;8.5;2572.44;5.11093;0;0;0.1;0.01;0;5.04619;1;0;-1
0;604;6.91046;60.3857;1.62507;8.5;2572.44;5.11093;0;0;0.1;0.01;0;5.65735;1;0;-1
0;605;8.80134;76.5073;2.68145;8.62821;2690.61;5.18802;0;0;0.1;0.01;0;5.7995;0;0;-1
0;606;5.61447;97.9045;1.52296;9.70502;3828.93;5.83549;0;0;0.1;0.01;0;2.82701;0;0;-1
0;607;20.4534;-85.2907;2.17785;8.5;2572.44;5.11093;0;0;0.1;0.01;0;4.15193;1;0;-1
0;608;23.7061;-66.3223;2.74007;10.1485;4378.19;6.10215;0;0;0.1;0.01;0;5.92263;0;0;-1
0;609;22.3796;-47.3543;4.38044;8.61569;2678.91;5.18049;0;0;0.1;0.01;0;4.58393;0;0;-1
0;610;21.7421;-31.0893;1.4758;8.5;2572.44;5.11093;0;0;0.1;0.01;0;5.79064;1;0;-1
0;611;21.4284;-14.7068;1.4952;8.5;2572.44;5.11093;0;0;0.1;0.01;0;5.46787;1;0;-1
0;612;23.202;4.33833;1.19854;9.49255;3582.92;5.70773;0;0;0.1;0.01;0;5.44718;0;0;-1
0;613;23.388;20.8338;4.67209;9.56391;3664.33;5.75064;0;0;0.1;0.01;0;6.83896;0;0;-1
0;614;21.9825;37.2962;4.96026;8.5;2572.44;5.11093;0;0;0.1;0.01;0;5.66008;1;0;-1
0;615;22.7777;51.4236;3.72616;9.88732;4048.78;5.9451;0;0;0.1;0.01;0;6.64511;0;0;-1
0;616;21.1352;67.7523;1.65483;9.16445;3224.09;5.51045;0;0;0.1;0.01;0;5.95823;0;0;-1
0;617;21.4064;89.4933;1.13587;10.1186;4339.6;6.08417;0;0;0.1;0.01;0;4.0444;0;0;-1
0;618;38.0421;-75.9268;1.65896;9.44408;3528.32;5.67859;0;0;0.1;0.01;0;6.03143;0;0;-1
0;619;38.5544;-59.5987;4.026;8.64248;2703.98;5.1966;0;0;0.1;0.01;0;5.22698;0;0;-1
0;620;34.9033;-40.1482;3.41615;8.9796;3032.91;5.3993;0;0;0.1;0.01;0;5.44998;0;0;-1
0;621;35.044;-25.725;1.20049;9.54414;3641.66;5.73875;0;0;0.1;0.01;0;6.10531;0;0;-1
0;622;38.0219;-8.84825;4.48489;9.35846;3433.22;5.62711;0;0;0.1;0.01;0;6.01194;0;0;-1
0;623;37.2329;9.0865;1.45459;9.51894;3612.89;5.7236;0;0;0.1;0.01;0;5.74672;0;0;-1
0;624;36.6657;27.2479;2.87511;9.98295;4167.4;6.0026;0;0;0.1;0.01;0;6.51393;0;0;-1
0;625;35.927;44.5353;1.21411;10.3932;4702.58;6.24928;0;0;0.1;0.01;0;6.87849;0;0;-1
0;626;36.1021;62.7062;3.82753;10.293;4567.88;6.18903;0;0;0.1;0.01;0;7.82508;0;0;-1
0;627;37.6659;80.0015;2.52772;10.395;4705.03;6.25036;0;0;0.1;0.01;0;5.13947;0;0;-1
0;628;50.8421;-83.5312;2.8968;8.5;2572.44;5.11093;0;0;0.1;0.01;0;2.98793;1;0;-1
0;629;52.1832;-64.611;4.04917;9.83279;3982.16;5.91231;0;0;0.1;0.01;0;5.58659;0;0;-1
0;630;50.3191;-48.4664;3.25813;10.1367;4362.93;6.09505;0;0;0.1;0.01;0;6.36217;0;0;-1
0;631;53.4029;-33.6511;4.79534;8.5;2572.44;5.11093;0;0;0.1;0.01;0;5.81183;1;0;-1
0;632;51.3827;-15.8265;2.99105;8.60239;2666.53;5.17249;0;0;0.1;0.01;0;5.11785;0;0;-1
0;633;52.1558;1.13861;2.46915;8.51441;2585.55;5.11959;0;0;0.1;0.01;0;5.43469;0;0;-1
0;634;52.3754;17.0471;1.66585;9.47502;3563.11;5.69719;0;0;0.1;0.01;0;7.31119;0;0;-1
0;635;50.1828;34.3876;2.73872;9.80689;3950.78;5.89674;0;0;0.1;0.01;0;6.23199;0;0;-1
0;636;51.3804;54.6323;4.70014;8.5;2572.44;5.11093;0;0;0.1;0.01;0;5.01766;1;0;-1
0;637;50.006;67.71;3.26133;9.09874;3155.24;5.47094;0;0;0.1;0.01;0;4.69991;0;0;-1
0;638;68.0568;-56.062;4.68575;9.91865;4087.39;5.96394;0;0;0.1;0.01;0;4.38688;0;0;-1
0;639;67.5934;-39.0446;2.40304;9.67029;3787.97;5.81461;0;0;0.1;0.01;0;7.0902;0;0;-1
0;640;64.732;-24.1606;3.90268;8.59961;2663.94;5.17082;0;0;0.1;0.01;0;5.67836;0;0;-1
0;641;67.8221;-6.65484;4.42607;8.5;2572.44;5.11093;0;0;0.1;0.01;0;4.86722;1;0;-1
0;642;65.6296;12.2026;3.83404;10.2544;4516.68;6.16582;0;0;0.1;0.01;0;6.72023;0;0;-1
0;643;65.4861;25.933;3.94299;8.5;2572.44;5.11093;0;0;0.1;0.01;0;6.09705;1;0;-1
0;644;66.9171;44.3103;4.35936;9.40417;3483.77;5.65459;0;0;0.1;0.01;0;5.69746;0;0;-1
0;645;67.4229;60.1803;4.32262;9.78995;3930.34;5.88655;0;0;0.1;0.01;0;4.46593;0;0;-1
0;646;82.3287;-47.3923;5.10588;9.16647;3226.23;5.51167;0;0;0.1;0.01;0;3.67633;0;0;-1
0;647;82.1681;-33.1101;3.1816;10.4059;4719.84;6.25692;0;0;0.1;0.01;0;5.82412;0;0;-1
0;648;81.394;-15.7971;3.84096;9.58771;3691.76;5.76495;0;0;0.1;0.01;0;6.49057;0;0;-1
0;649;79.7749;0.0571551;1.87621;9.17655;3236.88;5.51773;0;0;0.1;0.01;0;5.72903;0;0;-1
0;650;80.9732;18.2561;2.4433;9.17519;3235.44;5.51691;0;0;0.1;0.01;0;6.64309;0;0;-1
0;651;82.5345;36.105;4.09249;10.3563;4652.67;6.22709;0;0;0.1;0.01;0;5.55278;0;0;-1
0;652;82.8037;55.2998;4.89634;9.98006;4163.78;6.00087;0;0;0.1;0.01;0;2.84886;0;0;-1
0;653;95.8373;-23.3854;2.10354;10.372;4673.86;6.23653;0;0;0.1;0.01;0;3.6292;0;0;-1
0;654;96.3555;-7.56412;4.22138;9.30892;3378.99;5.59732;0;0;0.1;0.01;0;3.40683;0;0;-1
0;655;94.5242;12.1157;1.93034;9.59168;3696.35;5.76734;0;0;0.1;0.01;0;4.21329;0;0;-1
0;656;94.3112;26.6312;4.47844;10.0281;4224.2;6.02975;0;0;0.1;0.01;0;4.46528;0;0;-1
0;657;-86.8341;-40.7501;19.2003;10.0139;4206.28;6.02121;0;0;0.1;0.01;0;3.22298;0;0;-1
0;658;-85.0811;-21.1753;18.5564;9.39531;3473.94;5.64926;0;0;0.1;0.01;0;3.28302;0;0;-1
0;659;-84.8816;-4.98656;19.2731;9.9256;4095.99;5.96812;0;0;0.1;0.01;0;4.60296;0;0;-1
0;660;-86.6497;10.4796;17.1911;9.41782;3498.97;5.6628;0;0;0.1;0.01;0;4.71591;0;0;-1
0;661;-85.7244;27.1056;18.3051;8.5;2572.44;5.11093;0;0;0.1;0.01;0;3.21792;1;0;-1
0;662;-84.2561;45.3298;18.929;8.68184;2741.09;5.22026;0;0;0.1;0.01;0;2.72822;0;0;-1
0;663;-72.1103;-63.6387;19.844;9.46219;3548.65;5.68948;0;0;0.1;0.01;0;3.35617;0;0;-1
0;664;-70.8102;-48.5635;16.6701;9.04696;3101.68;5.43981;0;0;0.1;0.01;0;6.11219;0;0;-1
0;665;-68.9857;-33.8722;19.1868;8.5;2572.44;5.11093;0;0;0.1;0.01;0;5.46856;1;0;-1
0;666;-71.9592;-13.1873;19.0216;9.90376;4069.01;5.95499;0;0;0.1;0.01;0;7.23499;0;0;-1
0;667;-69.3879;2.17297;19.7082;9.7357;3865.36;5.85394;0;0;0.1;0.01;0;6.93263;0;0;-1
0;668;-70.2518;18.6403;19.2987;9.64972;3763.85;5.80224;0;0;0.1;0.01;0;5.80261;0;0;-1
0;669;-70.2957;34.2564;16.7433;8.77909;2834.24;5.27874;0;0;0.1;0.01;0;4.32368;0;0;-1
0;670;-70.2557;52.8836;16.2628;8.5;2572.44;5.11093;0;0;0.1;0.01;0;3.91581;1;0;-1
0;671;-58.0224;-74.9495;17.1207;10.065;4271;6.05194;0;0;0.1;0.01;0;4.51393;0;0;-1
0;672;-57.5023;-58.6531;18.7051;9.47117;3558.77;5.69488;0;0;0.1;0.01;0;6.43813;0;0;-1
0;673;-56.2034;-39.537;17.4576;10.2399;4497.55;6.1571;0;0;0.1;0.01;0;7.40186;0;0;-1
0;674;-57.0861;-23.2734;16.9184;8.9323;2985.23;5.37086;0;0;0.1;0.01;0;5.7334;0;0;-1
0;675;-55.1847;-6.4655;16.0535;9.97374;4155.88;5.99707;0;0;0.1;0.01;0;6.24398;0;0;-1
0;676;-57.1288;8.61769;17.4041;8.70387;2762.01;5.23351;0;0;0.1;0.01;0;5.38353;0;0;-1
0;677;-55.383;26.7735;16.7982;9.65507;3770.12;5.80545;0;0;0.1;0.01;0;5.70825;0;0;-1
0;678;-54.9758;46.8998;18.9454;8.5;2572.44;5.11093;0;0;0.1;0.01;0;4.35169;1;0;-1
0;679;-53.9888;61.9345;18.2821;8.67427;2733.93;5.21571;0;0;0.1;0.01;0;3.80694;0;0;-1
0;680;-53.7943;78.0473;19.6584;9.60026;3706.27;5.7725;0;0;0.1;0.01;0;2.63938;0;0;-1
0;681;-41.6985;-84.6193;16.8483;9.64536;3758.75;5.79962;0;0;0.1;0.01;0;4.32742;0;0;-1
0;682;-40.6305;-67.4675;17.7362;8.98447;3037.85;5.40223;0;0;0.1;0.01;0;5.51342;0;0;-1
0;683;-40.4617;-47.7813;16.7389;9.09298;3149.25;5.46748;0;0;0.1;0.01;0;5.25907;0;0;-1
0;684;-42.5291;-33.03;18.1964;9.56256;3662.78;5.74983;0;0;0.1;0.01;0;6.3545;0;0;-1
0;685;-42.1558;-13.7597;16.4861;8.5;2572.44;5.11093;0;0;0.1;0.01;0;4.91452;1;0;-1
0;686;-39.9932;2.27982;17.7276;8.8338;2887.56;5.31164;0;0;0.1;0.01;0;5.0823;0;0;-1
0;687;-42.2125;18.6855;18.4631;8.81873;2872.81;5.30257;0;0;0.1;0.01;0;5.4327;0;0;-1
0;688;-41.164;33.7416;18.2768;8.97255;3025.77;5.39506;0;0;0.1;0.01;0;5.18953;0;0;-1
0;689;-39.7053;53.2135;18.5392;8.97931;3032.62;5.39913;0;0;0.1;0.01;0;4.73739;0;0;-1
0;690;-39.5881;71.4842;16.3979;10.2106;4459.05;6.13949;0;0;0.1;0.01;0;5.90381;0;0;-1
0;691;-41.5979;87.7486;18.5414;8.98874;3042.18;5.4048;0;0;0.1;0.01;0;2.93018;0;0;-1
0;692;-27.7627;-93.4568;16.8281;10.4523;4783.26;6.28482;0;0;0.1;0.01;0;3.97856;0;0;-1
0;693;-27.5086;-72.8548;18.5024;9.83112;3980.13;5.91131;0;0;0.1;0.01;0;6.16566;0;0;-1
0;694;-25.3725;-56.7112;16.2742;8.5;2572.44;5.11093;0;0;0.1;0.01;0;4.45118;1;0;-1
0;695;-24.5018;-40.3796;17.8459;8.88227;2935.35;5.34078;0;0;0.1;0.01;0;5.48676;0;0;-1
0;696;-28.3603;-24.7248;16.3208;9.59361;3698.58;5.7685;0;0;0.1;0.01;0;6.04783;0;0;-1
0;697;-28.3786;-7.18333;16.0159;9.33032;3402.34;5.61019;0;0;0.1;0.01;0;5.29157;0;0;-1
0;698;-26.9598;10.6796;16.4906;9.60486;3711.6;5.77526;0;0;0.1;0.01;0;6.09055;0;0;-1
0;699;-27.4497;28.0494;17.3601;9.05772;3112.76;5.44628;0;0;0.1;0.01;0;5.12807;0;0;-1
0;700;-25.4567;45.9307;17.6321;9.58543;3689.13;5.76358;0;0;0.1;0.01;0;5.76723;0;0;-1
0;701;-28.1547;62.0584;16.4029;9.01678;3070.74;5.42166;0;0;0.1;0.01;0;5.90413;0;0;-1
0;702;-27.4126;80.4129;16.3112;10.1887;4430.42;6.12632;0;0;0.1;0.01;0;5.89051;0;0;-1
0;703;-13.2912;-83.6073;17.6358;9.77088;3907.42;5.87509;0;0;0.1;0.01;0;5.45672;0;0;-1
0;704;-13.7325;-65.6442;17.0274;8.5;2572.44;5.11093;0;0;0.1;0.01;0;4.20867;1;0;-1
0;705;-11.1835;-47.5343;16.2682;9.7905;3931;5.88689;0;0;0.1;0.01;0;5.44906;0;0;-1
0;706;-12.3514;-30.7827;19.3464;8.63701;2698.85;5.19331;0;0;0.1;0.01;0;5.76198;0;0;-1
0;707;-11.5485;-16.1884;17.4761;9.71429;3839.92;5.84106;0;0;0.1;0.01;0;6.34135;0;0;-1
0;708;-13.6683;1.66297;17.1253;10.0878;4300.09;6.06565;0;0;0.1;0.01;0;7.02408;0;0;-1
0;709;-13.1787;20.7903;16.6095;10.0841;4295.36;6.06342;0;0;0.1;0.01;0;6.27075;0;0;-1
0;710;-10.9574;37.3181;17.2925;8.97727;3030.55;5.3979;0;0;0.1;0.01;0;5.49591;0;0;-1
0;711;-10.0216;52.3615;18.2991;10.1287;4352.61;6.09024;0;0;0.1;0.01;0;6.64337;0;0;-1
0;712;-11.6696;68.4257;18.3693;8.59754;2662.02;5.16958;0;0;0.1;0.01;0;5.20783;0;0;-1
0;713;-11.054;85.2556;18.6737;8.5;2572.44;5.11093;0;0;0.1;0.01;0;3.73699;1;0;-1
0;714;1.68361;-91.9843;17.4387;10.248;4508.23;6.16197;0;0;0.1;0.01;0;3.90838;0;0;-1
0;715;4.58609;-72.2663;15.9788;8.68782;2746.76;5.22386;0;0;0.1;0.01;0;5.15477;0;0;-1
0;716;2.81451;-56.9698;17.334;8.5;2572.44;5.11093;0;0;0.1;0.01;0;5.54664;1;0;-1
0;717;2.96268;-39.8548;16.6714;9.887;4048.39;5.94491;0;0;0.1;0.01;0;6.58575;0;0;-1
0;718;2.38893;-24.4659;16.4687;8.82136;2875.38;5.30416;0;0;0.1;0.01;0;5.63572;0;0;-1
0;719;4.97485;-8.37244;17.1123;8.57217;2638.52;5.15432;0;0;0.1;0.01;0;4.74482;0;0;-1
0;720;4.1725;9.65099;16.3864;9.89258;4055.25;5.94826;0;0;0.1;0.01;0;4.89263;0;0;-1
0;721;2.16124;28.5078;16.6412;9.95865;4137.04;5.98799;0;0;0.1;0.01;0;6.24777;0;0;-1
0;722;2.53303;46.1839;15.6151;8.5982;2662.63;5.16997;0;0;0.1;0.01;0;5.80343;0;0;-1
0;723;2.66411;63.4037;15.8906;10.4039;4717.12;6.25571;0;0;0.1;0.01;0;6.71159;0;0;-1
0;724;0.994927;77.9666;15.9308;8.66392;2724.16;5.20949;0;0;0.1;0.01;0;5.68519;0;0;-1
0;725;4.69723;93.0887;17.7722;8.70908;2766.98;5.23664;0;0;0.1;0.01;0;2.89417;0;0;-1
0;726;17.7757;-82.3809;17.106;10.0453;4245.97;6.04009;0;0;0.1;0.01;0;5.13096;0;0;-1
0;727;15.7983;-64.413;16.3781;8.5;2572.44;5.11093;0;0;0.1;0.01;0;4.94351;1;0;-1
0;728;16.0227;-50.0826;18.3068;9.61978;3728.93;5.78423;0;0;0.1;0.01;0;5.55396;0;0;-1
0;729;18.9363;-33.9826;18.0981;8.5;2572.44;5.11093;0;0;0.1;0.01;0;4.3155;1;0;-1
0;730;18.3567;-17.0131;17.3392;9.30503;3374.75;5.59498;0;0;0.1;0.01;0;5.77522;0;0;-1
0;731;17.4644;2.7184;18.49;8.54447;2613.03;5.13767;0;0;0.1;0.01;0;4.74012;0;0;-1
0;732;16.5807;21.139;16.2184;9.14026;3198.63;5.49591;0;0;0.1;0.01;0;6.27628;0;0;-1
0;733;16.5135;37.0675;17.4418;8.88866;2941.69;5.34462;0;0;0.1;0.01;0;5.88881;0;0;-1
0;734;19.6651;52.9282;17.6951;8.85858;2911.93;5.32654;0;0;0.1;0.01;0;5.168;0;0;-1
0;735;16.4134;69.7751;17.3857;8.51644;2587.4;5.12081;0;0;0.1;0.01;0;5.15537;0;0;-1
0;736;17.9138;85.6731;16.4548;9.17315;3233.29;5.51568;0;0;0.1;0.01;0;3.5682;0;0;-1
0;737;33.1777;-92.4876;15.9334;9.05955;3114.64;5.44738;0;0;0.1;0.01;0;1.68922;0;0;-1
0;738;33.789;-73.7685;16.0969;9.51316;3606.31;5.72013;0;0;0.1;0.01;0;5.47588;0;0;-1
0;739;33.1766;-55.2463;18.0161;9.15668;3215.9;5.50578;0;0;0.1;0.01;0;4.54193;0;0;-1
0;740;33.6506;-39.0289;18.0744;8.5;2572.44;5.11093;0;0;0.1;0.01;0;5.33063;1;0;-1
0;741;31.4391;-24.4834;16.3335;9.37929;3456.2;5.63963;0;0;0.1;0.01;0;6.48192;0;0;-1
0;742;30.7101;-8.06087;18.5958;9.30862;3378.66;5.59714;0;0;0.1;0.01;0;5.49767;0;0;-1
0;743;30.5322;11.5685;17.0173;8.87722;2930.35;5.33774;0;0;0.1;0.01;0;5.13341;0;0;-1
0;744;32.0926;26.876;16.7654;8.78131;2836.39;5.28007;0;0;0.1;0.01;0;5.40297;0;0;-1
0;745;33.2179;45.7695;16.5213;8.5;2572.44;5.11093;0;0;0.1;0.01;0;5.2892;1;0;-1
0;746;30.4849;63.4365;19.4764;9.08213;3137.99;5.46095;0;0;0.1;0.01;0;6.81629;0;0;-1
0;747;30.6492;77.8151;17.847;9.25776;3323.58;5.56656;0;0;0.1;0.01;0;5.18481;0;0;-1
0;748;45.3102;-81.2454;16.0918;9.99665;4184.58;6.01084;0;0;0.1;0.01;0;4.70908;0;0;-1
0;749;48.9094;-67.639;17.007;8.61752;2680.62;5.18159;0;0;0.1;0.01;0;5.08455;0;0;-1
0;750;47.5074;-48.1704;18.5992;8.5;2572.44;5.11093;0;0;0.1;0.01;0;4.60454;1;0;-1
0;751;46.7608;-31.8968;16.6136;9.52674;3621.78;5.72829;0;0;0.1;0.01;0;6.82886;0;0;-1
0;752;46.3619;-15.3166;17.5072;9.96599;4146.2;5.99241;0;0;0.1;0.01;0;6.40121;0;0;-1
0;753;46.2044;4.39503;19.4826;9.61473;3723.06;5.7812;0;0;0.1;0.01;0;5.4305;0;0;-1
0;754;48.789;20.4702;17.3383;9.77667;3914.37;5.87857;0;0;0.1;0.01;0;6.22948;0;0;-1
0;755;46.8601;34.8785;18.9799;8.5;2572.44;5.11093;0;0;0.1;0.01;0;5.23535;1;0;-1
0;756;45.0833;54.0892;16.5895;10.1386;4365.39;6.09619;0;0;0.1;0.01;0;6.5738;0;0;-1
0;757;46.9781;68.9758;17.7779;8.7934;2848.13;5.28734;0;0;0.1;0.01;0;5.04373;0;0;-1
0;758;45.9396;86.0468;19.6686;8.5;2572.44;5.11093;0;0;0.1;0.01;0;1.283;1;0;-1
0;759;61.2192;-75.4421;17.489;9.74749;3879.42;5.86102;0;0;0.1;0.01;0;2.82328;0;0;-1
0;760;62.3049;-57.9538;18.1624;8.5;2572.44;5.11093;0;0;0.1;0.01;0;4.94974;1;0;-1
0;761;62.5601;-38.7118;16.7021;10.097;4311.87;6.07118;0;0;0.1;0.01;0;7.49489;0;0;-1
0;762;60.4209;-24.2769;16.5113;9.90118;4065.83;5.95344;0;0;0.1;0.01;0;7.54535;0;0;-1
0;763;60.3779;-7.40066;16.7505;8.93108;2984.01;5.37013;0;0;0.1;0.01;0;4.81075;0;0;-1
0;764;62.459;10.6053;16.969;9.45392;3539.36;5.6845;0;0;0.1;0.01;0;5.77961;0;0;-1
0;765;61.6886;28.534;16.4804;10.2254;4478.47;6.14838;0;0;0.1;0.01;0;7.22255;0;0;-1
0;766;61.8666;45.2117;19.0323;8.67367;2733.36;5.21535;0;0;0.1;0.01;0;6.07882;0;0;-1
0;767;62.2918;63.6367;19.0445;10.0225;4217.13;6.02638;0;0;0.1;0.01;0;4.83284;0;0;-1
0;768;75.907;-50.2096;19.5119;8.70096;2759.24;5.23176;0;0;0.1;0.01;0;3.01298;0;0;-1
0;769;76.0458;-33.4774;18.3388;10.0886;4301.12;6.06613;0;0;0.1;0.01;0;6.13391;0;0;-1
0;770;77.6168;-16.9545;16.745;8.5;2572.44;5.11093;0;0;0.1;0.01;0;4.96141;1;0;-1
0;771;74.883;0.85449;19.4112;8.71841;2775.88;5.24225;0;0;0.1;0.01;0;4.4451;0;0;-1
0;772;76.4928;20.1061;16.1883;9.82373;3971.16;5.90687;0;0;0.1;0.01;0;6.53738;0;0;-1
0;773;74.8213;37.9214;19.071;10.3722;4674.14;6.23665;0;0;0.1;0.01;0;6.73483;0;0;-1
0;774;76.5265;52.4233;18.7594;8.77615;2831.4;5.27697;0;0;0.1;0.01;0;4.57944;0;0;-1
0;775;91.5297;-22.068;18.6391;9.7875;3927.39;5.88508;0;0;0.1;0.01;0;4.34411;0;0;-1
0;776;92.7469;-7.35736;19.9314;8.5;2572.44;5.11093;0;0;0.1;0.01;0;2.61853;1;0;-1
0;777;91.6994;9.3253;16.2214;9.05672;3111.73;5.44567;0;0;0.1;0.01;0;2.52577;0;0;-1
0;778;89.4665;26.8419;17.3928;9.35384;3428.14;5.62433;0;0;0.1;0.01;0;4.07821;0;0;-1
0;779;-93.586;2.41134;34.559;8.55786;2625.33;5.14572;0;0;0.1;0.01;0;2.84445;0;0;-1
0;780;-82.0403;-39.7086;31.6334;9.85962;4014.85;5.92845;0;0;0.1;0.01;0;3.15461;0;0;-1
0;781;-79.6832;-25.0868;32.4553;9.32437;3395.84;5.60661;0;0;0.1;0.01;0;4.25248;0;0;-1
0;782;-78.9982;-6.09257;34.0283;9.22038;3283.49;5.54408;0;0;0.1;0.01;0;5.97844;0;0;-1
0;783;-80.1745;10.0462;31.8145;8.73128;2788.19;5.24999;0;0;0.1;0.01;0;4.8957;0;0;-1
0;784;-82.7031;25.8722;30.9219;9.40262;3482.05;5.65366;0;0;0.1;0.01;0;2.74853;0;0;-1
0;785;-79.9038;46.0376;31.3447;8.54151;2610.31;5.13589;0;0;0.1;0.01;0;2.20429;0;0;-1
0;786;-65.9563;-66.8877;33.9556;9.46889;3556.2;5.69351;0;0;0.1;0.01;0;3.41862;0;0;-1
0;787;-66.6258;-47.6732;32.235;9.70994;3834.76;5.83845;0;0;0.1;0.01;0;4.79106;0;0;-1
0;788;-64.3041;-30.7673;34.2037;9.95636;4134.19;5.98661;0;0;0.1;0.01;0;6.5572;0;0;-1
0;789;-66.7697;-15.562;31.0169;8.5;2572.44;5.11093;0;0;0.1;0.01;0;5.95532;1;0;-1
0;790;-65.6115;0.0102606;34.126;8.9441;2997.08;5.37796;0;0;0.1;0.01;0;5.98671;0;0;-1
0;791;-66.5548;18.1278;33.8918;8.5;2572.44;5.11093;0;0;0.1;0.01;0;4.4301;1;0;-1
0;792;-64.4116;35.1685;31.6562;8.58667;2651.94;5.16304;0;0;0.1;0.01;0;4.16491;0;0;-1
0;793;-66.8395;53.0595;33.2019;9.91933;4088.23;5.96435;0;0;0.1;0.01;0;3.57384;0;0;-1
0;794;-53.1867;-73.3261;30.6195;10.1149;4334.84;6.08194;0;0;0.1;0.01;0;4.85169;0;0;-1
0;795;-50.1847;-58.7159;30.9879;9.48167;3570.62;5.70119;0;0;0.1;0.01;0;6.02576;0;0;-1
0;796;-49.8382;-38.4026;31.6557;9.72083;3847.68;5.84499;0;0;0.1;0.01;0;6.12789;0;0;-1
0;797;-52.8055;-21.2965;31.1201;8.5;2572.44;5.11093;0;0;0.1;0.01;0;4.91599;1;0;-1
0;798;-52.7047;-7.28893;34.1975;9.66627;3783.25;5.81219;0;0;0.1;0.01;0;4.47902;0;0;-1
0;799;-51.6669;11.8715;31.7766;8.5;2572.44;5.11093;0;0;0.1;0.01;0;4.16247;1;0;-1
0;800;-50.7145;29.4031;32.607;8.5;2572.44;5.11093;0;0;0.1;0.01;0;5.23735;1;0;-1
0;801;-52.7799;43.3407;33.1279;8.5;2572.44;5.11093;0;0;0.1;0.01;0;5.24036;1;0;-1
0;802;-51.6465;60.0689;33.9735;8.5;2572.44;5.11093;0;0;0.1;0.01;0;4.23585;1;0;-1
0;803;-35.6453;-85.3953;34.2802;10.1766;4414.65;6.11904;0;0;0.1;0.01;0;3.63729;0;0;-1
0;804;-38.0014;-66.3774;31.2847;8.5;2572.44;5.11093;0;0;0.1;0.01;0;4.55953;1;0;-1
0;805;-37.9456;-47.2912;33.1264;9.74583;3877.44;5.86003;0;0;0.1;0.01;0;5.96652;0;0;-1
0;806;-34.4744;-33.0303;33.0256;10.2533;4515.23;6.16516;0;0;0.1;0.01;0;6.52203;0;0;-1
0;807;-35.1764;-16.2793;32.7123;8.8572;2910.57;5.32571;0;0;0.1;0.01;0;4.12903;0;0;-1
0;808;-35.3391;2.97804;32.3011;8.80953;2863.83;5.29704;0;0;0.1;0.01;0;4.53546;0;0;-1
0;809;-38.304;17.6727;32.76;8.96634;3019.49;5.39133;0;0;0.1;0.01;0;4.90101;0;0;-1
0;810;-36.9776;37.9432;31.6617;9.65063;3764.92;5.80278;0;0;0.1;0.01;0;6.08233;0;0;-1
0;811;-36.8412;52.4685;32.4152;8.9865;3039.91;5.40345;0;0;0.1;0.01;0;5.22239;0;0;-1
0;812;-37.9054;69.1966;32.1212;8.5;2572.44;5.11093;0;0;0.1;0.01;0;3.35492;1;0;-1
0;813;-20.967;-91.0258;34.0163;9.86408;4020.3;5.93113;0;0;0.1;0.01;0;3.76584;0;0;-1
0;814;-22.9274;-74.3014;32.23;8.5;2572.44;5.11093;0;0;0.1;0.01;0;5.12;1;0;-1
0;815;-22.8352;-57.0535;34.4206;8.61747;2680.57;5.18156;0;0;0.1;0.01;0;4.58481;0;0;-1
0;816;-21.8622;-42.7427;31.8891;8.61331;2676.69;5.17906;0;0;0.1;0.01;0;5.67914;0;0;-1
0;817;-20.4293;-21.6649;31.3828;8.5;2572.44;5.11093;0;0;0.1;0.01;0;3.95935;1;0;-1
0;818;-20.9568;-4.75341;34.0493;9.37895;3455.82;5.63943;0;0;0.1;0.01;0;5.90083;0;0;-1
0;819;-21.7886;11.1936;31.6454;8.93559;2988.53;5.37284;0;0;0.1;0.01;0;5.87689;0;0;-1
0;820;-22.9979;29.3696;33.7829;9.49202;3582.32;5.70741;0;0;0.1;0.01;0;5.55443;0;0;-1
0;821;-20.7363;44.3012;33.8111;9.19925;3260.96;5.53138;0;0;0.1;0.01;0;6.29547;0;0;-1
0;822;-20.4301;59.6989;30.9814;8.65751;2718.11;5.20564;0;0;0.1;0.01;0;5.12146;0;0;-1
0;823;-21.7702;76.7161;32.675;10.0526;4255.24;6.04448;0;0;0.1;0.01;0;4.73969;0;0;-1
0;824;-6.81703;-81.4825;33.0054;10.2345;4490.44;6.15386;0;0;0.1;0.01;0;5.7365;0;0;-1
0;825;-7.58071;-65.8489;32.0411;9.11861;3175.96;5.48289;0;0;0.1;0.01;0;4.85384;0;0;-1
0;826;-8.80707;-46.9432;30.7946;9.1191;3176.47;5.48318;0;0;0.1;0.01;0;5.151;0;0;-1
0;827;-5.46135;-32.6236;31.1726;8.5;2572.44;5.11093;0;0;0.1;0.01;0;4.74309;1;0;-1
0;828;-8.84317;-13.1735;31.5886;10.4144;4731.42;6.26203;0;0;0.1;0.01;0;6.59289;0;0;-1
0;829;-7.46542;3.47703;31.9495;9.30981;3379.96;5.59785;0;0;0.1;0.01;0;6.08568;0;0;-1
0;830;-6.85543;20.9993;33.6346;10.0649;4270.88;6.05188;0;0;0.1;0.01;0;5.67493;0;0;-1
0;831;-7.48277;37.7985;34.083;9.13604;3194.2;5.49337;0;0;0.1;0.01;0;6.14336;0;0;-1
0;832;-5.8506;51.7226;33.6884;8.5;2572.44;5.11093;0;0;0.1;0.01;0;5.49288;1;0;-1
0;833;-7.20201;69.7853;32.3938;8.73803;2794.66;5.25405;0;0;0.1;0.01;0;4.34983;0;0;-1
0;834;-6.78419;88.6496;31.1311;8.56897;2635.57;5.1524;0;0;0.1;0.01;0;2.16822;0;0;-1
0;835;8.24678;-89.4416;34.6618;8.757;2812.9;5.26546;0;0;0.1;0.01;0;3.18241;0;0;-1
0;836;7.70356;-74.4759;32.4931;10.4534;4784.77;6.28548;0;0;0.1;0.01;0;7.03344;0;0;-1
0;837;6.34303;-58.9465;31.8148;8.79873;2853.31;5.29055;0;0;0.1;0.01;0;5.10282;0;0;-1
0;838;8.48817;-42.9157;33.2026;10.0561;4259.68;6.04659;0;0;0.1;0.01;0;6.75104;0;0;-1
0;839;6.86484;-23.8843;32.7518;8.90408;2957.03;5.35389;0;0;0.1;0.01;0;4.88018;0;0;-1
0;840;7.21424;-6.04593;33.723;9.87605;4034.95;5.93833;0;0;0.1;0.01;0;6.052;0;0;-1
0;841;5.6509;8.78927;34.386;9.10205;3158.68;5.47293;0;0;0.1;0.01;0;4.74267;0;0;-1
0;842;8.34003;27.8194;31.0499;9.25309;3318.55;5.56375;0;0;0.1;0.01;0;5.15862;0;0;-1
0;843;6.79337;42.8939;30.5874;10.1876;4428.99;6.12566;0;0;0.1;0.01;0;6.42013;0;0;-1
0;844;8.63799;61.5753;30.9085;8.68436;2743.48;5.22178;0;0;0.1;0.01;0;4.7567;0;0;-1
0;845;9.12197;78.9335;31.9024;9.46328;3549.88;5.69013;0;0;0.1;0.01;0;4.70504;0;0;-1
0;846;23.1441;-82.6646;33.8591;9.93443;4106.93;5.97343;0;0;0.1;0.01;0;4.76518;0;0;-1
0;847;22.649;-67.9659;33.0105;9.85623;4010.71;5.92641;0;0;0.1;0.01;0;5.40171;0;0;-1
0;848;23.867;-47.7359;33.3876;8.90151;2954.47;5.35235;0;0;0.1;0.01;0;5.89611;0;0;-1
0;849;21.1374;-32.2899;32.4669;10.1635;4397.63;6.11117;0;0;0.1;0.01;0;7.03861;0;0;-1
0;850;22.1175;-14.0038;32.2151;10.1553;4386.99;6.10623;0;0;0.1;0.01;0;6.79658;0;0;-1
0;851;22.337;0.479276;30.9402;8.92445;2977.37;5.36614;0;0;0.1;0.01;0;5.12819;0;0;-1
0;852;23.0088;19.3329;30.4842;9.06881;3124.2;5.45294;0;0;0.1;0.01;0;4.82368;0;0;-1
0;853;22.114;37.5564;33.986;9.3486;3422.38;5.62118;0;0;0.1;0.01;0;5.73664;0;0;-1
0;854;23.797;51.3882;32.5738;9.90615;4071.96;5.95642;0;0;0.1;0.01;0;6.81273;0;0;-1
0;855;22.3301;68.7593;30.9985;8.75237;2808.44;5.26267;0;0;0.1;0.01;0;5.90398;0;0;-1
0;856;20.8582;89.3899;34.2261;9.34689;3420.5;5.62015;0;0;0.1;0.01;0;1.60207;0;0;-1
0;857;35.7813;-74.7212;32.7965;8.5;2572.44;5.11093;0;0;0.1;0.01;0;3.42686;1;0;-1
0;858;37.1868;-55.0846;32.841;9.55435;3653.36;5.74489;0;0;0.1;0.01;0;5.76303;0;0;-1
0;859;35.5718;-38.4166;30.8891;8.5;2572.44;5.11093;0;0;0.1;0.01;0;5.30967;1;0;-1
0;860;37.4992;-21.9805;32.1848;8.5;2572.44;5.11093;0;0;0.1;0.01;0;4.75461;1;0;-1
0;861;35.8961;-4.8105;33.2105;9.17157;3231.62;5.51473;0;0;0.1;0.01;0;5.72613;0;0;-1
0;862;38.7433;9.35465;32.4895;8.59517;2659.82;5.16815;0;0;0.1;0.01;0;4.91551;0;0;-1
0;863;38.102;25.5607;33.0012;9.81869;3965.06;5.90384;0;0;0.1;0.01;0;5.59317;0;0;-1
0;864;38.3509;43.1686;33.0955;9.76301;3897.98;5.87036;0;0;0.1;0.01;0;6.01993;0;0;-1
0;865;35.3775;61.8641;33.7036;9.76121;3895.83;5.86927;0;0;0.1;0.01;0;6.62668;0;0;-1
0;866;36.8566;77.2476;32.1623;10.0224;4217;6.02632;0;0;0.1;0.01;0;5.23753;0;0;-1
0;867;52.8292;-64.6673;31.9323;9.06145;3116.6;5.44852;0;0;0.1;0.01;0;3.97348;0;0;-1
0;868;53.164;-49.3389;32.1196;9.43641;3519.73;5.67398;0;0;0.1;0.01;0;5.6565;0;0;-1
0;869;52.0682;-33.3869;32.4031;9.52844;3623.71;5.72931;0;0;0.1;0.01;0;6.13975;0;0;-1
0;870;51.5443;-17.3182;31.5986;9.93219;4104.15;5.97208;0;0;0.1;0.01;0;6.31958;0;0;-1
0;871;53.2124;0.915831;33.8711;10.0205;4214.6;6.02518;0;0;0.1;0.01;0;6.86701;0;0;-1
0;872;52.4599;17.8224;33.3868;8.9672;3020.36;5.39185;0;0;0.1;0.01;0;6.01774;0;0;-1
0;873;53.4738;38.1475;32.2367;8.9671;3020.26;5.39179;0;0;0.1;0.01;0;6.03608;0;0;-1
0;874;53.2669;53.1823;33.3245;9.60563;3712.5;5.77573;0;0;0.1;0.01;0;6.96914;0;0;-1
0;875;51.4239;68.3314;32.4209;9.14929;3208.12;5.50134;0;0;0.1;0.01;0;4.86855;0;0;-1
0;876;67.26;-58.0735;32.4281;8.83388;2887.64;5.31168;0;0;0.1;0.01;0;3.29151;0;0;-1
0;877;67.695;-38.6013;31.5558;9.31078;3381.01;5.59844;0;0;0.1;0.01;0;5.345;0;0;-1
0;878;66.3905;-21.8162;31.9689;9.12977;3187.63;5.4896;0;0;0.1;0.01;0;5.2722;0;0;-1
0;879;66.9415;-4.76954;32.6264;9.85842;4013.38;5.92772;0;0;0.1;0.01;0;5.72571;0;0;-1
0;880;67.2084;10.3566;32.9757;8.94914;3002.15;5.38099;0;0;0.1;0.01;0;6.55154;0;0;-1
0;881;66.209;28.0122;33.7826;8.61621;2679.4;5.1808;0;0;0.1;0.01;0;5.82141;0;0;-1
0;882;67.3152;45.6474;31.0875;9.11558;3172.79;5.48107;0;0;0.1;0.01;0;6.46583;0;0;-1
0;883;67.0134;59.5005;32.08;9.87652;4035.53;5.93861;0;0;0.1;0.01;0;4.75479;0;0;-1
0;884;79.9456;-30.2576;33.8322;9.91075;4077.63;5.95919;0;0;0.1;0.01;0;4.39791;0;0;-1
0;885;80.1744;-15.9656;30.7226;8.8039;2858.34;5.29366;0;0;0.1;0.01;0;4.50556;0;0;-1
0;886;79.6552;3.68579;33.5537;10.0827;4293.58;6.06258;0;0;0.1;0.01;0;4.94942;0;0;-1
0;887;80.7176;19.6996;34.1941;8.73611;2792.82;5.2529;0;0;0.1;0.01;0;3.84915;0;0;-1
0;888;80.5421;33.6371;31.9251;8.98096;3034.29;5.40012;0;0;0.1;0.01;0;4.25771;0;0;-1
0;889;-86.3544;-6.44334;47.2372;9.7781;3916.08;5.87943;0;0;0.1;0.01;0;3.24421;0;0;-1
0;890;-85.6621;9.85678;47.7976;10.4049;4718.48;6.25632;0;0;0.1;0.01;0;3.02252;0;0;-1
0;891;-69.0194;-49.9825;48.7941;10.4318;4755.17;6.27249;0;0;0.1;0.01;0;2.88035;0;0;-1
0;892;-69.3919;-33.745;47.9905;8.5;2572.44;5.11093;0;0;0.1;0.01;0;4.0922;1;0;-1
0;893;-69.3658;-13.3645;47.6971;9.91875;4087.52;5.964;0;0;0.1;0.01;0;5.72666;0;0;-1
0;894;-71.5173;0.837981;46.7819;8.91111;2964.04;5.35812;0;0;0.1;0.01;0;5.62336;0;0;-1
0;895;-68.5654;18.0351;47.0568;8.75571;2811.66;5.26468;0;0;0.1;0.01;0;3.93434;0;0;-1
0;896;-70.5799;36.4633;49.369;9.25688;3322.63;5.56603;0;0;0.1;0.01;0;1.72338;0;0;-1
0;897;-56.6387;-59.6076;46.1515;8.92538;2978.3;5.3667;0;0;0.1;0.01;0;4.10152;0;0;-1
0;898;-57.0563;-39.1333;47.6017;9.30218;3371.65;5.59327;0;0;0.1;0.01;0;5.77794;0;0;-1
0;899;-57.0501;-23.2623;47.2595;8.5;2572.44;5.11093;0;0;0.1;0.01;0;5.452;1;0;-1
0;900;-56.8246;-6.91024;48.8091;9.56046;3660.37;5.74857;0;0;0.1;0.01;0;5.90576;0;0;-1
0;901;-54.5964;12.7584;45.9817;8.6949;2753.48;5.22812;0;0;0.1;0.01;0;4.41985;0;0;-1
0;902;-57.7038;29.7438;45.9894;8.5;2572.44;5.11093;0;0;0.1;0.01;0;4.65734;1;0;-1
0;903;-56.3064;45.9429;47.0323;8.5;2572.44;5.11093;0;0;0.1;0.01;0;4.45882;1;0;-1
0;904;-54.4392;61.3022;46.4165;8.73256;2789.42;5.25076;0;0;0.1;0.01;0;3.49966;0;0;-1
0;905;-40.6523;-64.3872;45.8812;8.77308;2828.43;5.27513;0;0;0.1;0.01;0;3.66344;0;0;-1
0;906;-40.4058;-50.5765;48.2063;9.14813;3206.9;5.50064;0;0;0.1;0.01;0;5.15912;0;0;-1
0;907;-43.2001;-30.0706;46.0943;10.1709;4407.24;6.11561;0;0;0.1;0.01;0;6.05301;0;0;-1
0;908;-41.5052;-14.2944;49.0772;8.5;2572.44;5.11093;0;0;0.1;0.01;0;4.98836;1;0;-1
0;909;-41.6429;0.772076;49.2611;8.65928;2719.78;5.2067;0;0;0.1;0.01;0;4.60094;0;0;-1
0;910;-42.0973;16.7752;48.271;10.2808;4551.66;6.1817;0;0;0.1;0.01;0;5.92334;0;0;-1
0;911;-42.3327;35.8772;45.2273;8.59133;2656.26;5.16584;0;0;0.1;0.01;0;4.94844;0;0;-1
0;912;-41.2185;53.2398;48.903;10.1348;4360.48;6.09391;0;0;0.1;0.01;0;6.53489;0;0;-1
0;913;-42.4853;69.7219;48.0976;9.85071;4003.97;5.92309;0;0;0.1;0.01;0;4.23718;0;0;-1
0;914;-27.8291;-76.7427;46.7343;9.0812;3137.03;5.46039;0;0;0.1;0.01;0;2.96232;0;0;-1
0;915;-26.1691;-55.5045;48.3159;8.59395;2658.69;5.16742;0;0;0.1;0.01;0;5.99523;0;0;-1
0;916;-27.6875;-41.491;46.525;9.63897;3751.29;5.79577;0;0;0.1;0.01;0;7.57505;0;0;-1
0;917;-28.0309;-24.2543;49.4359;8.5;2572.44;5.11093;0;0;0.1;0.01;0;4.80362;1;0;-1
0;918;-25.7021;-8.79566;47.328;8.5;2572.44;5.11093;0;0;0.1;0.01;0;4.63714;1;0;-1
0;919;-26.6744;12.0273;46.5372;9.92574;4096.16;5.9682;0;0;0.1;0.01;0;5.77885;0;0;-1
0;920;-26.9585;29.5824;48.5554;10.2075;4454.99;6.13762;0;0;0.1;0.01;0;7.06265;0;0;-1
0;921;-26.3498;45.1517;48.8412;9.22863;3292.31;5.54904;0;0;0.1;0.01;0;6.11717;0;0;-1
0;922;-25.8904;60.8778;46.517;10.3198;4603.65;6.20515;0;0;0.1;0.01;0;6.87212;0;0;-1
0;923;-25.5697;79.3377;48.4987;9.1597;3219.08;5.50759;0;0;0.1;0.01;0;3.17522;0;0;-1
0;924;-12.3626;-80.7887;46.0157;8.874;2927.16;5.33581;0;0;0.1;0.01;0;3.06995;0;0;-1
0;925;-11.885;-64.6881;47.9604;8.62741;2689.86;5.18754;0;0;0.1;0.01;0;4.45618;0;0;-1
0;926;-13.4941;-47.9717;46.5712;10.3686;4669.27;6.23449;0;0;0.1;0.01;0;7.5189;0;0;-1
0;927;-12.692;-33.5686;49.1059;10.005;4195.08;6.01586;0;0;0.1;0.01;0;5.88066;0;0;-1
0;928;-11.4124;-13.8834;48.6892;9.93402;4106.42;5.97318;0;0;0.1;0.01;0;6.77217;0;0;-1
0;929;-11.0377;0.268106;46.108;9.49154;3581.78;5.70713;0;0;0.1;0.01;0;6.65;0;0;-1
0;930;-13.1751;19.5121;47.8666;10.0132;4205.4;6.02079;0;0;0.1;0.01;0;6.25809;0;0;-1
0;931;-11.2545;37.0922;49.0572;8.84922;2902.71;5.32091;0;0;0.1;0.01;0;6.45067;0;0;-1
0;932;-12.1998;52.5408;48.7868;9.02879;3083.03;5.42888;0;0;0.1;0.01;0;7.20898;0;0;-1
0;933;-11.7517;69.791;48.0787;10.1432;4371.33;6.09896;0;0;0.1;0.01;0;5.86738;0;0;-1
0;934;-12.8186;86.6144;47.9948;8.5;2572.44;5.11093;0;0;0.1;0.01;0;1.66622;1;0;-1
0;935;2.05834;-73.1381;45.8812;8.5;2572.44;5.11093;0;0;0.1;0.01;0;4.91137;1;0;-1
0;936;1.61083;-59.4397;46.6193;8.99434;3047.87;5.40817;0;0;0.1;0.01;0;5.60702;0;0;-1
0;937;2.35479;-42.2774;46.9536;9.40872;3488.83;5.65733;0;0;0.1;0.01;0;5.65078;0;0;-1
0;938;1.44684;-22.4087;48.5053;9.3869;3464.62;5.64421;0;0;0.1;0.01;0;5.82086;0;0;-1
0;939;4.31157;-5.38984;49.0442;9.50215;3593.8;5.7135;0;0;0.1;0.01;0;6.81258;0;0;-1
0;940;3.22121;8.86455;49.2393;9.40384;3483.41;5.65439;0;0;0.1;0.01;0;5.80782;0;0;-1
0;941;1.82555;29.6402;47.3207;8.5;2572.44;5.11093;0;0;0.1;0.01;0;5.05044;1;0;-1
0;942;1.08574;45.5449;47.5942;8.53776;2606.88;5.13363;0;0;0.1;0.01;0;6.171;0;0;-1
0;943;1.49007;60.622;45.6663;9.03964;3094.15;5.4354;0;0;0.1;0.01;0;5.43698;0;0;-1
0;944;4.9356;79.7295;48.6558;10.1102;4328.8;6.07912;0;0;0.1;0.01;0;3.00492;0;0;-1
0;945;18.9262;-84.4746;48.8933;8.82496;2878.9;5.30632;0;0;0.1;0.01;0;1.95369;0;0;-1
0;946;18.2837;-65.9312;46.7121;9.13393;3191.99;5.4921;0;0;0.1;0.01;0;4.69284;0;0;-1
0;947;16.9309;-49.4112;46.2863;8.5;2572.44;5.11093;0;0;0.1;0.01;0;4.61264;1;0;-1
0;948;19.395;-34.3997;45.933;10.2763;4545.68;6.17899;0;0;0.1;0.01;0;6.56895;0;0;-1
0;949;16.1474;-14.8633;48.457;9.22523;3288.67;5.547;0;0;0.1;0.01;0;6.34208;0;0;-1
0;950;18.7767;1.80512;48.5177;8.50641;2578.26;5.11478;0;0;0.1;0.01;0;5.65828;0;0;-1
0;951;17.3919;17.4909;46.7714;9.55479;3653.86;5.74516;0;0;0.1;0.01;0;5.23443;0;0;-1
0;952;16.0246;36.3951;49.0131;8.5;2572.44;5.11093;0;0;0.1;0.01;0;4.95272;1;0;-1
0;953;19.2404;50.8455;45.5651;9.03341;3087.76;5.43166;0;0;0.1;0.01;0;5.11254;0;0;-1
0;954;17.414;71.0965;46.793;9.52319;3617.73;5.72616;0;0;0.1;0.01;0;4.54429;0;0;-1
0;955;33.2065;-74.276;48.7936;8.9766;3029.87;5.3975;0;0;0.1;0.01;0;3.24478;0;0;-1
0;956;33.1122;-57.1353;47.83;9.60965;3717.16;5.77814;0;0;0.1;0.01;0;6.04758;0;0;-1
0;957;33.4741;-39.2132;45.8209;9.85133;4004.73;5.92346;0;0;0.1;0.01;0;6.54239;0;0;-1
0;958;30.7952;-22.5144;46.1747;9.98303;4167.5;6.00265;0;0;0.1;0.01;0;6.39023;0;0;-1
0;959;31.9806;-5.04313;47.7721;9.48791;3577.67;5.70494;0;0;0.1;0.01;0;5.83507;0;0;-1
0;960;33.2553;12.0625;47.6423;9.44032;3524.1;5.67633;0;0;0.1;0.01;0;5.47882;0;0;-1
0;961;30.6872;25.7871;46.9794;9.75134;3884.02;5.86334;0;0;0.1;0.01;0;6.52873;0;0;-1
0;962;32.7079;43.2079;48.5186;8.95476;3007.81;5.38437;0;0;0.1;0.01;0;6.11851;0;0;-1
0;963;31.8869;59.3286;48.6137;9.99243;4179.28;6.0083;0;0;0.1;0.01;0;6.93129;0;0;-1
0;964;30.9331;76.2475;47.6991;9.44588;3530.33;5.67967;0;0;0.1;0.01;0;4.12669;0;0;-1
0;965;45.9668;-63.7027;46.5712;8.50235;2574.57;5.11234;0;0;0.1;0.01;0;3.30901;0;0;-1
0;966;46.1756;-47.4756;47.569;10.2055;4452.37;6.13642;0;0;0.1;0.01;0;6.42805;0;0;-1
0;967;47.6504;-31.4625;46.294;8.5;2572.44;5.11093;0;0;0.1;0.01;0;5.04353;1;0;-1
0;968;45.2273;-13.9413;49.0364;9.26855;3335.22;5.57304;0;0;0.1;0.01;0;5.88939;0;0;-1
0;969;45.8964;-0.223102;45.3755;8.5;2572.44;5.11093;0;0;0.1;0.01;0;5.34704;1;0;-1
0;970;47.7185;20.7858;46.8798;10.0206;4214.73;6.02524;0;0;0.1;0.01;0;7.16639;0;0;-1
0;971;45.2993;36.6201;48.5884;9.44979;3534.72;5.68202;0;0;0.1;0.01;0;6.80071;0;0;-1
0;972;46.4722;54.7697;49.1054;9.69619;3818.49;5.83018;0;0;0.1;0.01;0;5.8815;0;0;-1
0;973;45.6633;72.0097;48.4172;9.86394;4020.13;5.93104;0;0;0.1;0.01;0;3.34251;0;0;-1
0;974;63.7027;-58.7679;46.4824;8.74716;2803.43;5.25954;0;0;0.1;0.01;0;2.38201;0;0;-1
0;975;62.013;-42.3757;47.6426;9.36522;3440.67;5.63117;0;0;0.1;0.01;0;5.04788;0;0;-1
0;976;59.8935;-24.0695;48.5211;8.5;2572.44;5.11093;0;0;0.1;0.01;0;4.86102;1;0;-1
0;977;63.6075;-8.69985;46.8142;10.1425;4370.42;6.09854;0;0;0.1;0.01;0;6.67328;0;0;-1
0;978;60.6626;8.1358;47.1514;9.86993;4027.46;5.93465;0;0;0.1;0.01;0;6.38266;0;0;-1
0;979;61.5216;26.812;46.1103;9.90075;4065.3;5.95318;0;0;0.1;0.01;0;6.42626;0;0;-1
0;980;60.1724;43.6488;46.0422;10.1384;4365.13;6.09607;0;0;0.1;0.01;0;6.24436;0;0;-1
0;981;61.1701;61.0023;46.9952;9.12844;3186.24;5.4888;0;0;0.1;0.01;0;3.76056;0;0;-1
0;982;77.2942;-30.3681;48.6456;8.61289;2676.3;5.17881;0;0;0.1;0.01;0;2.62411;0;0;-1
0;983;77.1299;-17.1012;47.7285;8.5;2572.44;5.11093;0;0;0.1;0.01;0;3.16405;1;0;-1
0;984;75.567;1.83131;46.5485;9.84126;3992.46;5.91741;0;0;0.1;0.01;0;5.04778;0;0;-1
0;985;78.6899;17.3381;48.7994;10.0526;4255.24;6.04448;0;0;0.1;0.01;0;4.1859;0;0;-1
0;986;75.2838;34.6926;45.9208;10.2898;4563.62;6.18711;0;0;0.1;0.01;0;4.40751;0;0;-1
0;987;-65.6156;-30.2888;62.2654;8.57744;2643.39;5.15749;0;0;0.1;0.01;0;3.43691;0;0;-1
0;988;-66.5759;-15.4278;63.5529;8.87947;2932.58;5.3391;0;0;0.1;0.01;0;3.54056;0;0;-1
0;989;-66.692;0.548261;61.3331;8.52153;2592.04;5.12387;0;0;0.1;0.01;0;3.48002;0;0;-1
0;990;-66.1523;19.5136;63.9377;9.60852;3715.85;5.77746;0;0;0.1;0.01;0;3.35457;0;0;-1
0;991;-51.8216;-58.481;60.4497;9.06277;3117.97;5.44931;0;0;0.1;0.01;0;2.13751;0;0;-1
0;992;-51.4176;-38.7576;63.6211;10.4312;4754.35;6.27213;0;0;0.1;0.01;0;5.19808;0;0;-1
0;993;-50.7476;-24.5024;63.3026;8.99047;3043.94;5.40584;0;0;0.1;0.01;0;6.41246;0;0;-1
0;994;-52.7041;-8.79364;61.3403;8.75928;2815.1;5.26683;0;0;0.1;0.01;0;4.57388;0;0;-1
0;995;-53.4857;10.3292;61.6463;10.3467;4639.75;6.22132;0;0;0.1;0.01;0;5.60318;0;0;-1
0;996;-53.0219;27.1251;62.1081;8.5119;2583.26;5.11808;0;0;0.1;0.01;0;4.04195;0;0;-1
0;997;-51.7523;46.5248;61.8045;9.49673;3587.66;5.71025;0;0;0.1;0.01;0;3.02741;0;0;-1
0;998;-36.3709;-47.5586;60.5205;9.31429;3384.84;5.60055;0;0;0.1;0.01;0;6.18405;0;0;-1
0;999;-36.913;-33.1657;64.1681;8.56914;2635.73;5.1525;0;0;0.1;0.01;0;5.89208;0;0;-1
0;1000;-35.4741;-15.6524;62.6746;9.77893;3917.08;5.87993;0;0;0.1;0.01;0;6.62128;0;0;-1
0;1001;-36.1675;1.456;63.9645;8.73934;2795.92;5.25484;0;0;0.1;0.01;0;4.8762;0;0;-1
0;1002;-35.0639;19.5884;62.2207;8.80965;2863.94;5.29711;0;0;0.1;0.01;0;5.88897;0;0;-1
0;1003;-35.2259;37.0896;60.6638;9.96828;4149.06;5.99378;0;0;0.1;0.01;0;6.29334;0;0;-1
0;1004;-38.3044;52.2594;63.8408;9.47991;3568.63;5.70013;0;0;0.1;0.01;0;3.94556;0;0;-1
0;1005;-38.3159;67.9544;60.6963;9.61487;3723.22;5.78128;0;0;0.1;0.01;0;3.18383;0;0;-1
0;1006;-21.3209;-73.2322;63.7673;8.5;2572.44;5.11093;0;0;0.1;0.01;0;1.71252;1;0;-1
0;1007;-23.2933;-57.0283;62.2448;10.4;4711.82;6.25337;0;0;0.1;0.01;0;6.18634;0;0;-1
0;1008;-22.2405;-40.8622;61.3946;10.2717;4539.58;6.17622;0;0;0.1;0.01;0;8.02949;0;0;-1
0;1009;-21.3049;-22.7358;63.6547;8.53442;2603.82;5.13162;0;0;0.1;0.01;0;6.24314;0;0;-1
0;1010;-21.9767;-5.56871;62.1282;10.3597;4657.26;6.22914;0;0;0.1;0.01;0;6.43841;0;0;-1
0;1011;-22.1196;10.5236;60.8537;8.5;2572.44;5.11093;0;0;0.1;0.01;0;3.63158;1;0;-1
0;1012;-23.7864;26.8108;63.5248;9.01866;3072.66;5.42279;0;0;0.1;0.01;0;4.69452;0;0;-1
0;1013;-22.4091;44.4765;62.8109;9.87176;4029.7;5.93575;0;0;0.1;0.01;0;6.77216;0;0;-1
0;1014;-21.8303;59.7009;60.1757;8.81698;2871.1;5.30152;0;0;0.1;0.01;0;5.43812;0;0;-1
0;1015;-7.87552;-67.6912;60.3432;8.52518;2595.37;5.12607;0;0;0.1;0.01;0;3.89082;0;0;-1
0;1016;-7.87187;-47.704;63.1336;10.2311;4485.96;6.15181;0;0;0.1;0.01;0;6.71358;0;0;-1
0;1017;-5.56429;-29.8854;63.3973;9.05885;3113.92;5.44696;0;0;0.1;0.01;0;6.57562;0;0;-1
0;1018;-6.85198;-15.3332;60.9682;8.54701;2615.36;5.13919;0;0;0.1;0.01;0;6.62614;0;0;-1
0;1019;-8.78309;0.616753;60.7674;8.5;2572.44;5.11093;0;0;0.1;0.01;0;4.71321;1;0;-1
0;1020;-6.95527;20.833;60.3865;8.92528;2978.2;5.36664;0;0;0.1;0.01;0;4.61603;0;0;-1
0;1021;-8.83387;36.0111;63.5809;9.68264;3802.51;5.82203;0;0;0.1;0.01;0;7.04821;0;0;-1
0;1022;-6.47278;52.1444;61.0319;9.64341;3756.48;5.79844;0;0;0.1;0.01;0;7.58093;0;0;-1
0;1023;-7.43295;67.6707;60.8748;10.3052;4584.14;6.19637;0;0;0.1;0.01;0;4.9358;0;0;-1
0;1024;5.32136;-73.7737;61.951;8.5;2572.44;5.11093;0;0;0.1;0.01;0;2.23652;1;0;-1
0;1025;6.87236;-57.4078;62.3007;10.176;4413.87;6.11868;0;0;0.1;0.01;0;5.81558;0;0;-1
0;1026;7.74398;-39.3503;61.0296;8.5;2572.44;5.11093;0;0;0.1;0.01;0;4.5516;1;0;-1
0;1027;6.37978;-22.6899;62.3467;9.92312;4092.92;5.96663;0;0;0.1;0.01;0;6.71294;0;0;-1
0;1028;9.17126;-6.37595;62.4734;10.2402;4497.94;6.15728;0;0;0.1;0.01;0;6.85742;0;0;-1
0;1029;8.77815;12.1997;62.2394;8.66534;2725.5;5.21034;0;0;0.1;0.01;0;4.78691;0;0;-1
0;1030;7.91834;26.3236;63.4133;8.5;2572.44;5.11093;0;0;0.1;0.01;0;5.49436;1;0;-1
0;1031;7.42257;42.072;60.082;10.2988;4575.6;6.19252;0;0;0.1;0.01;0;6.6337;0;0;-1
0;1032;6.63782;63.0881;63.2849;9.3194;3390.41;5.60362;0;0;0.1;0.01;0;4.62245;0;0;-1
0;1033;21.303;-63.8662;60.956;8.5;2572.44;5.11093;0;0;0.1;0.01;0;3.70287;1;0;-1
0;1034;23.2579;-50.2977;61.9521;8.5;2572.44;5.11093;0;0;0.1;0.01;0;4.43443;1;0;-1
0;1035;20.9376;-32.3576;61.028;8.5;2572.44;5.11093;0;0;0.1;0.01;0;3.83454;1;0;-1
0;1036;24.2087;-12.6698;60.3635;8.5;2572.44;5.11093;0;0;0.1;0.01;0;5.40563;1;0;-1
0;1037;20.6093;2.9544;61.7815;8.5;2572.44;5.11093;0;0;0.1;0.01;0;5.06266;1;0;-1
0;1038;23.0819;19.7957;63.7367;10.3275;4613.96;6.20978;0;0;0.1;0.01;0;7.3416;0;0;-1
0;1039;21.9283;37.8441;63.1472;8.70203;2760.26;5.2324;0;0;0.1;0.01;0;5.68806;0;0;-1
0;1040;21.5779;53.1584;60.4254;8.5;2572.44;5.11093;0;0;0.1;0.01;0;5.2955;1;0;-1
0;1041;22.1359;69.1079;61.3928;9.0674;3122.75;5.4521;0;0;0.1;0.01;0;3.39006;0;0;-1
0;1042;34.6662;-59.7344;63.5352;8.5;2572.44;5.11093;0;0;0.1;0.01;0;2.17462;1;0;-1
0;1043;36.1539;-39.341;62.576;9.23923;3303.66;5.55541;0;0;0.1;0.01;0;4.51061;0;0;-1
0;1044;38.183;-22.8171;61.8962;8.81792;2872.02;5.30209;0;0;0.1;0.01;0;4.89444;0;0;-1
0;1045;35.7958;-5.06055;62.6075;8.95321;3006.25;5.38344;0;0;0.1;0.01;0;4.80255;0;0;-1
0;1046;38.2699;12.2903;61.383;9.45337;3538.74;5.68417;0;0;0.1;0.01;0;5.6488;0;0;-1
0;1047;37.9525;26.2069;60.25;8.5;2572.44;5.11093;0;0;0.1;0.01;0;6.7332;1;0;-1
0;1048;35.5217;43.3594;63.5176;9.23679;3301.05;5.55395;0;0;0.1;0.01;0;5.62952;0;0;-1
0;1049;38.6659;60.4731;63.382;9.72555;3853.28;5.84783;0;0;0.1;0.01;0;3.94707;0;0;-1
0;1050;53.4608;-48.734;61.7432;9.52246;3616.9;5.72572;0;0;0.1;0.01;0;3.2233;0;0;-1
0;1051;50.3679;-33.3909;60.8824;8.5;2572.44;5.11093;0;0;0.1;0.01;0;4.87513;1;0;-1
0;1052;51.0245;-15.2841;62.1394;9.58171;3684.83;5.76134;0;0;0.1;0.01;0;5.69752;0;0;-1
0;1053;50.0367;0.797423;62.6974;8.5;2572.44;5.11093;0;0;0.1;0.01;0;4.12962;1;0;-1
0;1054;50.5514;20.6977;60.9346;8.5;2572.44;5.11093;0;0;0.1;0.01;0;5.72251;1;0;-1
0;1055;50.8735;34.8055;61.8183;9.8158;3961.56;5.9021;0;0;0.1;0.01;0;6.01781;0;0;-1
0;1056;53.698;53.0076;62.7372;10.1404;4367.71;6.09728;0;0;0.1;0.01;0;3.14233;0;0;-1
0;1057;67.0783;-40.8579;60.8981;10.4293;4751.76;6.27099;0;0;0.1;0.01;0;2.85204;0;0;-1
0;1058;64.4568;-21.5153;62.1403;8.5;2572.44;5.11093;0;0;0.1;0.01;0;2.95824;1;0;-1
0;1059;64.441;-5.43616;61.8677;8.5;2572.44;5.11093;0;0;0.1;0.01;0;4.08106;1;0;-1
0;1060;66.7743;9.19804;60.6581;9.7064;3830.57;5.83632;0;0;0.1;0.01;0;3.28602;0;0;-1
0;1061;65.1733;25.0314;60.16;8.80062;2855.15;5.29169;0;0;0.1;0.01;0;2.82023;0;0;-1
0;1062;-54.4225;-23.769;75.9843;9.34551;3418.99;5.61932;0;0;0.1;0.01;0;3.60333;0;0;-1
0;1063;-56.511;-4.70236;78.7103;8.5;2572.44;5.11093;0;0;0.1;0.01;0;1.66065;1;0;-1
0;1064;-54.9424;10.6811;76.2461;9.32397;3395.4;5.60637;0;0;0.1;0.01;0;3.90427;0;0;-1
0;1065;-56.4426;29.7245;75.018;10.447;4775.99;6.28163;0;0;0.1;0.01;0;3.23452;0;0;-1
0;1066;-40.0302;-48.9674;77.0285;8.5;2572.44;5.11093;0;0;0.1;0.01;0;2.245;1;0;-1
0;1067;-42.2479;-30.7995;77.7884;8.79456;2849.25;5.28804;0;0;0.1;0.01;0;4.7503;0;0;-1
0;1068;-40.3969;-15.9286;75.0956;9.98709;4172.59;6.00509;0;0;0.1;0.01;0;6.54689;0;0;-1
0;1069;-40.4512;2.87044;77.949;9.51488;3608.27;5.72116;0;0;0.1;0.01;0;5.73028;0;0;-1
0;1070;-41.6309;17.7819;74.6458;8.54694;2615.29;5.13915;0;0;0.1;0.01;0;5.55085;0;0;-1
0;1071;-39.3197;33.6781;76.477;9.87209;4030.1;5.93594;0;0;0.1;0.01;0;4.14374;0;0;-1
0;1072;-24.3906;-55.1621;76.9418;9.73996;3870.44;5.8565;0;0;0.1;0.01;0;3.46887;0;0;-1
0;1073;-26.2717;-40.8481;74.9542;9.02504;3079.19;5.42663;0;0;0.1;0.01;0;5.50557;0;0;-1
0;1074;-27.4667;-23.1545;76.5335;10.0637;4269.35;6.05116;0;0;0.1;0.01;0;7.0147;0;0;-1
0;1075;-27.2507;-4.52257;77.9011;9.34698;3420.6;5.6202;0;0;0.1;0.01;0;6.55064;0;0;-1
0;1076;-24.9795;12.291;77.038;9.04555;3100.23;5.43896;0;0;0.1;0.01;0;5.77477;0;0;-1
0;1077;-25.7892;26.5327;77.3005;9.31413;3384.66;5.60045;0;0;0.1;0.01;0;5.89754;0;0;-1
0;1078;-25.3419;43.7269;77.761;9.28589;3353.97;5.58347;0;0;0.1;0.01;0;3.80724;0;0;-1
0;1079;-10.0701;-47.8119;76.4044;8.80812;2862.45;5.29619;0;0;0.1;0.01;0;4.92461;0;0;-1
0;1080;-12.4513;-31.1448;76.4146;10.2266;4480.05;6.14911;0;0;0.1;0.01;0;7.47915;0;0;-1
0;1081;-12.8026;-16.1714;74.6157;9.40462;3484.27;5.65486;0;0;0.1;0.01;0;7.35146;0;0;-1
0;1082;-13.5669;0.327493;78.4989;10.2202;4471.64;6.14526;0;0;0.1;0.01;0;6.5945;0;0;-1
0;1083;-11.4831;20.5763;78.3234;8.95194;3004.97;5.38267;0;0;0.1;0.01;0;5.81055;0;0;-1
0;1084;-10.8852;36.5077;76.7795;10.0821;4292.81;6.06222;0;0;0.1;0.01;0;7.27591;0;0;-1
0;1085;-11.9894;51.5974;76.3135;9.93362;4105.93;5.97294;0;0;0.1;0.01;0;4.78242;0;0;-1
0;1086;3.54447;-58.8462;76.6027;10.3992;4710.73;6.25289;0;0;0.1;0.01;0;3.37194;0;0;-1
0;1087;1.37705;-42.2284;78.4824;8.5;2572.44;5.11093;0;0;0.1;0.01;0;4.97649;1;0;-1
0;1088;4.76725;-23.2433;76.33;10.0445;4244.96;6.03961;0;0;0.1;0.01;0;6.80854;0;0;-1
0;1089;1.29874;-7.59578;78.2462;9.92445;4094.57;5.96743;0;0;0.1;0.01;0;6.27004;0;0;-1
0;1090;3.27374;11.4205;77.6357;8.90179;2954.75;5.35252;0;0;0.1;0.01;0;4.54059;0;0;-1
0;1091;1.5047;27.3609;77.777;9.65841;3774.03;5.80746;0;0;0.1;0.01;0;7.23953;0;0;-1
0;1092;2.54098;42.4965;76.4622;10.3015;4579.2;6.19414;0;0;0.1;0.01;0;6.33743;0;0;-1
0;1093;4.04417;61.3711;76.566;9.70352;3827.16;5.83459;0;0;0.1;0.01;0;3.29131;0;0;-1
0;1094;16.4739;-49.602;74.9894;8.82222;2876.22;5.30467;0;0;0.1;0.01;0;3.51424;0;0;-1
0;1095;17.4662;-30.7387;77.8423;9.94785;4123.6;5.9815;0;0;0.1;0.01;0;6.0429;0;0;-1
0;1096;18.4962;-13.1223;74.6072;9.11763;3174.93;5.4823;0;0;0.1;0.01;0;6.1415;0;0;-1
0;1097;16.7222;3.34145;76.3062;8.78297;2838;5.28107;0;0;0.1;0.01;0;5.25079;0;0;-1
0;1098;18.4085;20.1291;76.7556;8.5;2572.44;5.11093;0;0;0.1;0.01;0;5.81213;1;0;-1
0;1099;18.6038;33.9799;76.0128;10.0972;4312.13;6.0713;0;0;0.1;0.01;0;7.30728;0;0;-1
0;1100;18.5671;54.4263;76.1478;9.59276;3697.6;5.76799;0;0;0.1;0.01;0;3.60078;0;0;-1
0;1101;32.5536;-40.1988;76.4262;10.1849;4425.47;6.12403;0;0;0.1;0.01;0;3.81321;0;0;-1
0;1102;31.249;-22.9465;78.5529;10.1291;4353.13;6.09048;0;0;0.1;0.01;0;5.58245;0;0;-1
0;1103;31.1784;-5.98694;77.3449;8.5572;2624.72;5.14532;0;0;0.1;0.01;0;5.19923;0;0;-1
0;1104;32.3739;11.7438;76.1708;9.07028;3125.72;5.45383;0;0;0.1;0.01;0;4.46344;0;0;-1
0;1105;34.5161;28.408;76.6476;10.3011;4578.67;6.1939;0;0;0.1;0.01;0;5.87568;0;0;-1
0;1106;30.9523;46.4987;78.161;10.3268;4613.03;6.20935;0;0;0.1;0.01;0;4.16825;0;0;-1
0;1107;49.0849;-30.3963;78.67;9.26179;3327.92;5.56898;0;0;0.1;0.01;0;1.68959;0;0;-1
0;1108;45.4501;-13.8821;75.3074;8.5304;2600.14;5.12921;0;0;0.1;0.01;0;4.76067;0;0;-1
0;1109;47.4462;0.40205;77.9784;8.55106;2619.08;5.14163;0;0;0.1;0.01;0;3.45316;0;0;-1
0;1110;48.3215;20.0372;74.9174;9.58572;3689.46;5.76375;0;0;0.1;0.01;0;3.87176;0;0;-1
0;1111;49.0092;36.2379;77.4613;8.5;2572.44;5.11093;0;0;0.1;0.01;0;2.34264;1;0;-1
0;1112;60.4402;-6.10415;78.44;8.5;2572.44;5.11093;0;0;0.1;0.01;0;1.59575;1;0;-1
0;1113;-36.2716;-15.734;89.6391;9.8315;3980.59;5.91154;0;0;0.1;0.01;0;4.24646;0;0;-1
0;1114;-36.4127;1.5633;91.2402;8.5;2572.44;5.11093;0;0;0.1;0.01;0;3.92247;1;0;-1
0;1115;-38.4485;16.9528;89.8872;10.0141;4206.53;6.02133;0;0;0.1;0.01;0;3.77002;0;0;-1
0;1116;-21.1024;-24.4716;90.0494;10.4526;4783.67;6.285;0;0;0.1;0.01;0;4.9486;0;0;-1
0;1117;-23.4161;-6.36317;93.0735;10.0382;4236.98;6.03582;0;0;0.1;0.01;0;4.54113;0;0;-1
0;1118;-22.7383;11.6899;89.7605;8.5;2572.44;5.11093;0;0;0.1;0.01;0;4.56453;1;0;-1
0;1119;-21.6283;27.6367;93.3754;10.1704;4406.59;6.11531;0;0;0.1;0.01;0;3.63662;0;0;-1
0;1120;-7.477;-31.4726;90.7931;9.99572;4183.41;6.01028;0;0;0.1;0.01;0;4.74504;0;0;-1
0;1121;-8.53478;-14.0095;89.4418;9.49792;3589.01;5.71096;0;0;0.1;0.01;0;6.43343;0;0;-1
0;1122;-6.51095;1.18158;92.6608;9.92513;4095.41;5.96784;0;0;0.1;0.01;0;5.31192;0;0;-1
0;1123;-5.80994;19.1302;93.3216;10.3778;4681.71;6.24002;0;0;0.1;0.01;0;5.37636;0;0;-1
0;1124;-7.61359;35.0414;92.3596;8.5;2572.44;5.11093;0;0;0.1;0.01;0;3.70863;1;0;-1
0;1125;5.41993;-38.5692;92.1417;8.64182;2703.36;5.1962;0;0;0.1;0.01;0;2.77298;0;0;-1
0;1126;6.63423;-23.3664;92.1245;9.97299;4154.94;5.99661;0;0;0.1;0.01;0;4.8573;0;0;-1
0;1127;7.32951;-5.03926;91.6065;9.76217;3896.98;5.86985;0;0;0.1;0.01;0;4.37102;0;0;-1
0;1128;6.66576;10.808;91.2137;9.29955;3368.79;5.59168;0;0;0.1;0.01;0;4.12434;0;0;-1
0;1129;6.09855;28.749;90.0548;9.47028;3557.76;5.69434;0;0;0.1;0.01;0;5.33497;0;0;-1
0;1130;23.7588;-31.9724;89.8651;8.5;2572.44;5.11093;0;0;0.1;0.01;0;2.9471;1;0;-1
0;1131;20.7075;-13.4757;89.3533;8.96289;3016.01;5.38926;0;0;0.1;0.01;0;4.82211;0;0;-1
0;1132;22.7977;0.118627;90.1681;8.56343;2630.46;5.14907;0;0;0.1;0.01;0;3.46858;0;0;-1
0;1133;20.0082;20.8178;90.9625;8.88242;2935.5;5.34087;0;0;0.1;0.01;0;3.2542;0;0;-1
0;1134;20.8903;36.7156;90.3455;8.61361;2676.97;5.17924;0;0;0.1;0.01;0;2.71894;0;0;-1
0;1135;37.3235;-7.80773;89.7316;9.767;3902.76;5.87276;0;0;0.1;0.01;0;3.63597;0;0;-1
0;1136;35.4224;9.72347;91.1679;8.5238;2594.11;5.12524;0;0;0.1;0.01;0;1.96405;0;0;-1
