Time;ID;x;y;z;radius;volume_total;radius_nuclear;contact_ECM;freezer;polarized_fraction;motility;cell_line;Cell_cell;phase;Cycle;NFkB
0;0;-51.3205;-4.61089;-83.4216;8.5;2572.44;5.11093;0;0;0.1;0.01;0;2.64436;1;0;-1
0;1;-37.4328;-33.3433;-84.6846;9.8791;4038.69;5.94016;0;0;0.1;0.01;0;2.67644;0;0;-1
0;2;-37.6589;-13.8277;-86.485;8.5;2572.44;5.11093;0;0;0.1;0.01;0;2.6511;1;0;-1
0;3;-38.5093;0.474511;-85.5919;8.93259;2985.53;5.37104;0;0;0.1;0.01;0;2.49504;0;0;-1
0;4;-35.4904;20.6067;-84.3367;10.0373;4235.84;6.03528;0;0;0.1;0.01;0;3.05481;0;0;-1
0;5;-21.8039;-40.629;-87.2623;9.31441;3384.97;5.60062;0;0;0.1;0.01;0;2.80754;0;0;-1
0;6;-20.5443;-22.401;-85.932;8.72424;2781.45;5.24576;0;0;0.1;0.01;0;4.24005;0;0;-1
0;7;-21.0271;-8.41636;-84.5113;8.68751;2746.47;5.22367;0;0;0.1;0.01;0;4.10736;0;0;-1
0;8;-20.3052;10.7144;-85.9705;8.9461;2999.09;5.37916;0;0;0.1;0.01;0;3.39601;0;0;-1
0;9;-22.2964;28.7576;-84.0075;9.1147;3171.87;5.48054;0;0;0.1;0.01;0;3.81324;0;0;-1
0;10;-8.84339;-49.3341;-83.4162;10.3831;4688.89;6.24321;0;0;0.1;0.01;0;3.6092;0;0;-1
0;11;-7.09704;-30.7531;-87.1653;9.25676;3322.5;5.56596;0;0;0.1;0.01;0;4.75263;0;0;-1
0;12;-6.80802;-16.6174;-86.2538;8.92614;2979.06;5.36716;0;0;0.1;0.01;0;5.07698;0;0;-1
0;13;-6.59345;0.141896;-85.516;10.1914;4433.94;6.12794;0;0;0.1;0.01;0;5.02096;0;0;-1
0;14;-7.56604;20.0286;-83.7617;10.1998;4444.92;6.13299;0;0;0.1;0.01;0;5.00591;0;0;-1
0;15;-7.67865;38.2912;-83.9369;9.71243;3837.71;5.83994;0;0;0.1;0.01;0;3.31965;0;0;-1
0;16;7.44624;-40.8692;-85.9507;10.0896;4302.4;6.06673;0;0;0.1;0.01;0;4.848;0;0;-1
0;17;6.40338;-24.2356;-83.4872;10.0954;4309.82;6.07022;0;0;0.1;0.01;0;6.03685;0;0;-1
0;18;8.72396;-6.01816;-85.8335;8.76963;2825.09;5.27305;0;0;0.1;0.01;0;3.89284;0;0;-1
0;19;6.47732;10.9326;-86.7609;8.73724;2793.9;5.25358;0;0;0.1;0.01;0;2.66679;0;0;-1
0;20;7.75784;27.7549;-87.3906;8.84193;2895.54;5.31652;0;0;0.1;0.01;0;3.18301;0;0;-1
0;21;8.87805;45.3821;-83.5801;10.2972;4573.47;6.19156;0;0;0.1;0.01;0;3.80082;0;0;-1
0;22;20.2467;-49.1514;-84.4957;9.44966;3534.57;5.68194;0;0;0.1;0.01;0;3.23641;0;0;-1
0;23;23.3351;-34.0353;-86.6637;10.0918;4305.21;6.06805;0;0;0.1;0.01;0;5.12447;0;0;-1
0;24;20.6087;-15.7293;-84.9628;8.5;2572.44;5.11093;0;0;0.1;0.01;0;3.28274;1;0;-1
0;25;22.4787;3.45339;-86.8646;8.58914;2654.22;5.16453;0;0;0.1;0.01;0;3.5904;0;0;-1
0;26;23.6302;20.3938;-84.4846;8.88816;2941.2;5.34432;0;0;0.1;0.01;0;4.47784;0;0;-1
0;27;23.5494;37.7413;-84.8651;9.8457;3997.87;5.92008;0;0;0.1;0.01;0;3.69402;0;0;-1
0;28;36.354;-40.1921;-83.6479;9.99562;4183.29;6.01022;0;0;0.1;0.01;0;3.76943;0;0;-1
0;29;35.4707;-25.5446;-86.1266;8.5;2572.44;5.11093;0;0;0.1;0.01;0;3.01555;1;0;-1
0;30;37.2087;-5.59978;-85.3012;10.2046;4451.19;6.13588;0;0;0.1;0.01;0;2.52851;0;0;-1
0;31;36.5593;10.8592;-83.9722;10.2277;4481.49;6.14977;0;0;0.1;0.01;0;3.93851;0;0;-1
0;32;37.5874;26.9806;-83.9281;10.0868;4298.82;6.06505;0;0;0.1;0.01;0;4.35875;0;0;-1
0;33;-70.5252;-14.7658;-69.3741;9.3986;3477.59;5.65124;0;0;0.1;0.01;0;2.28142;0;0;-1
0;34;-57.8116;-39.4491;-71.3453;9.97762;4160.73;5.9994;0;0;0.1;0.01;0;3.10561;0;0;-1
0;35;-56.666;-25.1908;-72.4968;9.30194;3371.39;5.59312;0;0;0.1;0.01;0;3.99595;0;0;-1
0;36;-54.7606;-8.89941;-70.8484;8.5;2572.44;5.11093;0;0;0.1;0.01;0;4.50532;1;0;-1
0;37;-56.2916;9.85635;-69.7929;10.3383;4628.45;6.21627;0;0;0.1;0.01;0;3.50686;0;0;-1
0;38;-57.7874;28.4762;-71.5052;8.5;2572.44;5.11093;0;0;0.1;0.01;0;2.1571;1;0;-1
0;39;-54.6558;46.9041;-68.5777;9.52835;3623.61;5.72926;0;0;0.1;0.01;0;3.24045;0;0;-1
0;40;-41.549;-51.3156;-72.6799;9.08313;3139.03;5.46155;0;0;0.1;0.01;0;2.1111;0;0;-1
0;41;-41.3965;-30.4538;-70.9862;9.44447;3528.75;5.67882;0;0;0.1;0.01;0;5.73829;0;0;-1
0;42;-42.2331;-16.6242;-69.6716;10.4347;4759.14;6.27423;0;0;0.1;0.01;0;6.85693;0;0;-1
0;43;-39.413;1.72865;-69.0909;8.5;2572.44;5.11093;0;0;0.1;0.01;0;4.22308;1;0;-1
0;44;-42.3619;16.759;-69.0594;8.5;2572.44;5.11093;0;0;0.1;0.01;0;5.51259;1;0;-1
0;45;-42.4228;34.2527;-69.8651;9.48534;3574.76;5.7034;0;0;0.1;0.01;0;5.2118;0;0;-1
0;46;-41.2125;53.466;-69.4141;8.5;2572.44;5.11093;0;0;0.1;0.01;0;3.80416;1;0;-1
0;47;-26.5858;-57.196;-70.3538;8.69547;2754.02;5.22846;0;0;0.1;0.01;0;4.02619;0;0;-1
0;48;-28.5592;-42.5905;-68.4952;10.4235;4743.83;6.2675;0;0;0.1;0.01;0;6.38738;0;0;-1
0;49;-26.2534;-24.7412;-70.6832;8.78999;2844.81;5.28529;0;0;0.1;0.01;0;5.81416;0;0;-1
0;50;-24.7273;-8.8151;-71.8639;8.5;2572.44;5.11093;0;0;0.1;0.01;0;4.4757;1;0;-1
0;51;-26.879;11.1056;-69.6518;9.33999;3412.93;5.616;0;0;0.1;0.01;0;5.35089;0;0;-1
0;52;-26.0054;26.9273;-69.2426;10.0291;4225.46;6.03035;0;0;0.1;0.01;0;6.56897;0;0;-1
0;53;-27.6119;43.7343;-70.6699;9.33376;3406.11;5.61225;0;0;0.1;0.01;0;4.60064;0;0;-1
0;54;-27.1649;62.1952;-69.808;9.79464;3935.99;5.88937;0;0;0.1;0.01;0;3.73902;0;0;-1
0;55;-13.5733;-63.8525;-69.0167;9.87774;4037.02;5.93934;0;0;0.1;0.01;0;4.04043;0;0;-1
0;56;-13.8214;-48.1388;-68.34;8.5;2572.44;5.11093;0;0;0.1;0.01;0;5.72125;1;0;-1
0;57;-11.3482;-31.1857;-72.6099;8.91585;2968.77;5.36097;0;0;0.1;0.01;0;5.09878;0;0;-1
0;58;-12.6969;-15.0499;-70.9662;9.29638;3365.35;5.58978;0;0;0.1;0.01;0;6.5894;0;0;-1
0;59;-9.9504;1.96313;-71.7786;9.45092;3535.99;5.6827;0;0;0.1;0.01;0;5.80967;0;0;-1
0;60;-11.6472;16.5869;-70.1466;8.82064;2874.68;5.30372;0;0;0.1;0.01;0;5.3463;0;0;-1
0;61;-11.8811;36.6261;-70.9306;9.09843;3154.92;5.47075;0;0;0.1;0.01;0;4.65101;0;0;-1
0;62;-10.7517;55.0837;-70.3615;9.75011;3882.55;5.8626;0;0;0.1;0.01;0;3.31369;0;0;-1
0;63;2.17581;-56.2438;-69.0637;9.01971;3073.73;5.42342;0;0;0.1;0.01;0;4.73838;0;0;-1
0;64;3.94158;-40.1491;-72.046;8.76763;2823.16;5.27185;0;0;0.1;0.01;0;5.19939;0;0;-1
0;65;2.71716;-22.8987;-68.5018;10.2393;4496.76;6.15674;0;0;0.1;0.01;0;7.06964;0;0;-1
0;66;4.34292;-7.97599;-72.0123;9.90275;4067.77;5.95438;0;0;0.1;0.01;0;6.59498;0;0;-1
0;67;2.35173;10.1654;-69.2137;8.5;2572.44;5.11093;0;0;0.1;0.01;0;4.96626;1;0;-1
0;68;4.40166;26.7907;-69.6902;8.5;2572.44;5.11093;0;0;0.1;0.01;0;4.49148;1;0;-1
0;69;4.43649;45.7959;-70.5419;9.40266;3482.1;5.65368;0;0;0.1;0.01;0;6.07101;0;0;-1
0;70;3.50729;63.7174;-70.1462;9.87208;4030.09;5.93594;0;0;0.1;0.01;0;3.45389;0;0;-1
0;71;16.3327;-66.2678;-69.8958;9.33398;3406.35;5.61239;0;0;0.1;0.01;0;2.89339;0;0;-1
0;72;15.9708;-47.1685;-70.9243;8.71329;2770.99;5.23917;0;0;0.1;0.01;0;4.75283;0;0;-1
0;73;19.2576;-30.2035;-70.8789;10.2304;4485.04;6.15139;0;0;0.1;0.01;0;6.89108;0;0;-1
0;74;16.4068;-14.0868;-69.2271;8.5;2572.44;5.11093;0;0;0.1;0.01;0;6.69971;1;0;-1
0;75;16.9942;1.22381;-71.3275;9.24351;3308.26;5.55799;0;0;0.1;0.01;0;5.4425;0;0;-1
0;76;16.0041;18.2081;-69.2038;8.72477;2781.96;5.24608;0;0;0.1;0.01;0;4.98897;0;0;-1
0;77;17.308;35.442;-70.637;9.03495;3089.34;5.43258;0;0;0.1;0.01;0;5.48901;0;0;-1
0;78;19.458;55.0757;-70.2805;10.194;4437.34;6.1295;0;0;0.1;0.01;0;4.06633;0;0;-1
0;79;31.0805;-57.7996;-69.4734;8.5;2572.44;5.11093;0;0;0.1;0.01;0;3.36016;1;0;-1
0;80;31.7641;-38.5298;-68.4317;9.87873;4038.24;5.93994;0;0;0.1;0.01;0;6.27471;0;0;-1
0;81;32.0153;-21.8275;-69.6473;8.5;2572.44;5.11093;0;0;0.1;0.01;0;4.9331;1;0;-1
0;82;33.336;-6.34114;-68.8025;9.53103;3626.67;5.73087;0;0;0.1;0.01;0;5.57003;0;0;-1
0;83;30.5728;12.4388;-71.2986;9.73152;3860.39;5.85142;0;0;0.1;0.01;0;6.4527;0;0;-1
0;84;33.6229;28.6013;-68.5206;10.0382;4236.98;6.03582;0;0;0.1;0.01;0;6.88803;0;0;-1
0;85;34.0079;43.745;-71.9727;8.5;2572.44;5.11093;0;0;0.1;0.01;0;4.23529;1;0;-1
0;86;46.3676;-51.2928;-68.9082;9.61922;3728.28;5.7839;0;0;0.1;0.01;0;2.7587;0;0;-1
0;87;45.9827;-30.4844;-71.9446;9.01313;3067.01;5.41946;0;0;0.1;0.01;0;4.33272;0;0;-1
0;88;47.5575;-13.4205;-72.0014;9.9526;4129.51;5.98435;0;0;0.1;0.01;0;4.86338;0;0;-1
0;89;45.3338;1.65262;-69.0572;8.5;2572.44;5.11093;0;0;0.1;0.01;0;5.7619;1;0;-1
0;90;47.3063;17.1287;-68.9543;10.3912;4699.87;6.24808;0;0;0.1;0.01;0;6.38441;0;0;-1
0;91;48.9714;36.8808;-71.9528;10.2103;4458.66;6.13931;0;0;0.1;0.01;0;3.53479;0;0;-1
0;92;46.7025;54.1104;-69.0076;8.5;2572.44;5.11093;0;0;0.1;0.01;0;2.53609;1;0;-1
0;93;60.0272;-25.6677;-72.0494;10.0688;4275.84;6.05422;0;0;0.1;0.01;0;2.75241;0;0;-1
0;94;62.5649;-5.60817;-71.9141;8.73835;2794.97;5.25424;0;0;0.1;0.01;0;2.33692;0;0;-1
0;95;61.3295;9.8726;-68.8454;9.81409;3959.49;5.90107;0;0;0.1;0.01;0;3.63397;0;0;-1
0;96;-80.3934;-8.31533;-55.4101;9.69228;3813.88;5.82783;0;0;0.1;0.01;0;2.96194;0;0;-1
0;97;-80.1245;12.4609;-54.3348;8.7296;2786.58;5.24898;0;0;0.1;0.01;0;2.61304;0;0;-1
0;98;-65.7575;-48.4227;-54.2743;10.1245;4347.2;6.08771;0;0;0.1;0.01;0;4.68035;0;0;-1
0;99;-67.7003;-33.8794;-55.408;8.95215;3005.18;5.3828;0;0;0.1;0.01;0;3.30557;0;0;-1
0;100;-65.5525;-12.6509;-56.3791;8.50736;2579.13;5.11535;0;0;0.1;0.01;0;4.00141;0;0;-1
0;101;-64.5978;1.73749;-53.9654;9.72048;3847.26;5.84478;0;0;0.1;0.01;0;5.33466;0;0;-1
0;102;-68.0141;19.6445;-57.7803;8.68328;2742.46;5.22113;0;0;0.1;0.01;0;3.5345;0;0;-1
0;103;-66.4432;35.4389;-55.5514;8.5;2572.44;5.11093;0;0;0.1;0.01;0;3.49321;1;0;-1
0;104;-52.2497;-59.3447;-54.872;9.7421;3872.99;5.85778;0;0;0.1;0.01;0;4.05893;0;0;-1
0;105;-52.9134;-42.3657;-57.5561;8.54632;2614.73;5.13878;0;0;0.1;0.01;0;4.59238;0;0;-1
0;106;-51.3188;-24.6975;-57.8065;8.5;2572.44;5.11093;0;0;0.1;0.01;0;4.56991;1;0;-1
0;107;-49.8609;-4.79535;-57.1193;9.83619;3986.29;5.91436;0;0;0.1;0.01;0;6.42279;0;0;-1
0;108;-51.7459;12.0415;-54.3842;9.7551;3888.52;5.8656;0;0;0.1;0.01;0;7.06195;0;0;-1
0;109;-51.0311;27.8562;-57.8099;10.3779;4681.85;6.24008;0;0;0.1;0.01;0;6.92868;0;0;-1
0;110;-52.1441;44.8063;-54.0119;9.75705;3890.85;5.86677;0;0;0.1;0.01;0;6.19844;0;0;-1
0;111;-50.5787;59.732;-54.4331;10.0947;4308.92;6.0698;0;0;0.1;0.01;0;5.15171;0;0;-1
0;112;-38.662;-66.5843;-56.3483;9.78686;3926.62;5.8847;0;0;0.1;0.01;0;4.10133;0;0;-1
0;113;-38.3699;-51.0466;-54.5686;9.22818;3291.83;5.54877;0;0;0.1;0.01;0;5.19097;0;0;-1
0;114;-36.5516;-31.2289;-56.2449;9.62245;3732.03;5.78584;0;0;0.1;0.01;0;6.1819;0;0;-1
0;115;-36.5257;-14.8558;-55.7944;10.2702;4537.59;6.17532;0;0;0.1;0.01;0;6.81716;0;0;-1
0;116;-37.7515;2.43907;-54.3722;8.98033;3033.65;5.39974;0;0;0.1;0.01;0;5.52404;0;0;-1
0;117;-36.0804;20.9971;-57.0186;10.2728;4541.04;6.17689;0;0;0.1;0.01;0;7.54162;0;0;-1
0;118;-35.205;36.6505;-55.0663;8.75833;2814.18;5.26626;0;0;0.1;0.01;0;6.65406;0;0;-1
0;119;-36.9995;51.2787;-56.5101;10.0445;4244.96;6.03961;0;0;0.1;0.01;0;6.94491;0;0;-1
0;120;-35.928;70.3119;-57.9306;10.4064;4720.52;6.25722;0;0;0.1;0.01;0;4.27338;0;0;-1
0;121;-23.9302;-76.0254;-57.3282;9.56038;3660.28;5.74852;0;0;0.1;0.01;0;3.14414;0;0;-1
0;122;-21.8293;-56.2141;-56.4039;9.42137;3502.92;5.66493;0;0;0.1;0.01;0;6.51214;0;0;-1
0;123;-21.092;-40.4629;-54.848;10.0066;4197.09;6.01682;0;0;0.1;0.01;0;6.98303;0;0;-1
0;124;-23.6222;-22.538;-56.7441;9.91108;4078.04;5.95939;0;0;0.1;0.01;0;6.8774;0;0;-1
0;125;-21.5847;-7.15233;-56.3453;8.98657;3039.98;5.40349;0;0;0.1;0.01;0;5.63129;0;0;-1
0;126;-22.4103;9.00102;-55.9843;9.44496;3529.3;5.67912;0;0;0.1;0.01;0;4.80058;0;0;-1
0;127;-21.4009;25.5931;-55.5904;8.61865;2681.68;5.18227;0;0;0.1;0.01;0;5.26469;0;0;-1
0;128;-21.7817;42.3068;-56.7047;8.5;2572.44;5.11093;0;0;0.1;0.01;0;5.12239;1;0;-1
0;129;-22.1168;63.2054;-54.46;10.3642;4663.33;6.23184;0;0;0.1;0.01;0;7.13752;0;0;-1
0;130;-22.0264;77.976;-57.0165;9.14647;3205.16;5.49964;0;0;0.1;0.01;0;3.52697;0;0;-1
0;131;-9.28377;-80.7863;-56.0046;8.5;2572.44;5.11093;0;0;0.1;0.01;0;2.47048;1;0;-1
0;132;-5.76913;-65.6687;-55.7501;9.0412;3095.76;5.43634;0;0;0.1;0.01;0;4.74673;0;0;-1
0;133;-6.23476;-47.113;-55.1225;9.62786;3738.33;5.78909;0;0;0.1;0.01;0;5.8824;0;0;-1
0;134;-8.77397;-29.9183;-54.6147;9.80216;3945.06;5.8939;0;0;0.1;0.01;0;5.5757;0;0;-1
0;135;-8.9489;-14.1404;-55.4244;8.61231;2675.76;5.17846;0;0;0.1;0.01;0;5.8409;0;0;-1
0;136;-7.06897;0.368705;-56.717;8.5;2572.44;5.11093;0;0;0.1;0.01;0;5.3385;1;0;-1
0;137;-5.92288;20.9923;-55.1493;10.3787;4682.93;6.24056;0;0;0.1;0.01;0;6.33364;0;0;-1
0;138;-8.23787;36.9524;-55.4876;10.3709;4672.38;6.23587;0;0;0.1;0.01;0;6.41167;0;0;-1
0;139;-5.83232;54.9376;-55.1072;10.4463;4775.03;6.28121;0;0;0.1;0.01;0;6.18375;0;0;-1
0;140;-8.7197;70.3263;-55.137;8.9171;2970.02;5.36172;0;0;0.1;0.01;0;3.30153;0;0;-1
0;141;8.98579;-74.3229;-56.9017;8.95921;3012.3;5.38704;0;0;0.1;0.01;0;3.46773;0;0;-1
0;142;6.86286;-58.082;-56.2135;9.9375;4110.74;5.97527;0;0;0.1;0.01;0;6.12598;0;0;-1
0;143;7.34238;-41.7062;-54.9297;8.5;2572.44;5.11093;0;0;0.1;0.01;0;4.37961;1;0;-1
0;144;9.40162;-22.716;-56.6011;9.348;3421.72;5.62082;0;0;0.1;0.01;0;6.49413;0;0;-1
0;145;6.03567;-8.01901;-56.8603;9.37777;3454.52;5.63872;0;0;0.1;0.01;0;6.47448;0;0;-1
0;146;5.6101;9.7195;-55.2412;8.95394;3006.98;5.38387;0;0;0.1;0.01;0;4.2803;0;0;-1
0;147;8.44524;27.7486;-53.9552;10.1128;4332.14;6.08068;0;0;0.1;0.01;0;6.67668;0;0;-1
0;148;8.53552;44.9752;-55.9761;10.2821;4553.38;6.18248;0;0;0.1;0.01;0;7.63883;0;0;-1
0;149;8.84367;59.8424;-57.7148;8.76315;2818.83;5.26915;0;0;0.1;0.01;0;5.81021;0;0;-1
0;150;8.5707;79.8413;-54.3437;9.33081;3402.88;5.61048;0;0;0.1;0.01;0;2.80651;0;0;-1
0;151;22.2811;-64.2618;-56.6558;9.79249;3933.4;5.88808;0;0;0.1;0.01;0;4.96818;0;0;-1
0;152;24.1794;-49.9839;-53.7179;8.97699;3030.27;5.39773;0;0;0.1;0.01;0;5.40033;0;0;-1
0;153;20.291;-32.613;-55.2877;9.10775;3164.62;5.47636;0;0;0.1;0.01;0;5.15282;0;0;-1
0;154;20.523;-12.7145;-57.37;9.31056;3380.77;5.5983;0;0;0.1;0.01;0;6.01123;0;0;-1
0;155;23.6278;1.4198;-56.4401;9.29185;3360.43;5.58705;0;0;0.1;0.01;0;5.68133;0;0;-1
0;156;23.753;20.6596;-55.7377;10.1452;4373.92;6.10016;0;0;0.1;0.01;0;6.42701;0;0;-1
0;157;22.6894;38.2432;-56.2094;10.0929;4306.62;6.06871;0;0;0.1;0.01;0;7.04123;0;0;-1
0;158;22.9278;54.3758;-53.9783;10.4336;4757.64;6.27357;0;0;0.1;0.01;0;7.09897;0;0;-1
0;159;22.0572;70.5622;-57.6916;9.08793;3144.01;5.46444;0;0;0.1;0.01;0;2.47092;0;0;-1
0;160;38.5711;-56.0251;-56.4248;9.06067;3115.8;5.44805;0;0;0.1;0.01;0;4.55441;0;0;-1
0;161;34.9339;-38.3592;-54.7238;8.60039;2664.67;5.17129;0;0;0.1;0.01;0;5.32451;0;0;-1
0;162;38.5271;-25.0997;-56.4516;9.04343;3098.05;5.43768;0;0;0.1;0.01;0;5.60513;0;0;-1
0;163;37.2051;-5.69296;-54.832;8.57831;2644.2;5.15801;0;0;0.1;0.01;0;5.96527;0;0;-1
0;164;38.4607;8.33523;-55.4107;9.23354;3297.56;5.55199;0;0;0.1;0.01;0;6.96466;0;0;-1
0;165;38.8679;25.4344;-54.6038;9.85015;4003.29;5.92275;0;0;0.1;0.01;0;6.3266;0;0;-1
0;166;36.7824;46.1485;-56.6485;9.17439;3234.6;5.51643;0;0;0.1;0.01;0;5.85509;0;0;-1
0;167;36.3675;60.7309;-54.1132;8.5;2572.44;5.11093;0;0;0.1;0.01;0;4.54136;1;0;-1
0;168;52.886;-50.9619;-56.0594;8.97539;3028.65;5.39677;0;0;0.1;0.01;0;3.28757;0;0;-1
0;169;52.0671;-31.0904;-54.1335;9.95776;4135.93;5.98746;0;0;0.1;0.01;0;5.73209;0;0;-1
0;170;52.9072;-15.0645;-54.382;8.5;2572.44;5.11093;0;0;0.1;0.01;0;5.22928;1;0;-1
0;171;52.2502;0.0392579;-54.3891;9.99184;4178.54;6.00795;0;0;0.1;0.01;0;7.51577;0;0;-1
0;172;51.1932;18.0858;-56.038;9.0008;3054.44;5.41205;0;0;0.1;0.01;0;6.79142;0;0;-1
0;173;52.9397;34.0763;-55.767;9.24176;3306.38;5.55694;0;0;0.1;0.01;0;5.3101;0;0;-1
0;174;52.696;55.258;-56.5052;10.1122;4331.37;6.08032;0;0;0.1;0.01;0;4.26838;0;0;-1
0;175;64.6175;-40.8707;-56.6731;9.03274;3087.07;5.43126;0;0;0.1;0.01;0;2.99475;0;0;-1
0;176;67.2833;-25.083;-56.11;9.38578;3463.38;5.64353;0;0;0.1;0.01;0;4.4204;0;0;-1
0;177;67.773;-4.4952;-55.1301;8.5;2572.44;5.11093;0;0;0.1;0.01;0;5.13998;1;0;-1
0;178;65.8302;11.9965;-53.8095;9.54477;3642.38;5.73913;0;0;0.1;0.01;0;5.87476;0;0;-1
0;179;66.0114;26.6457;-55.276;8.5;2572.44;5.11093;0;0;0.1;0.01;0;3.89065;1;0;-1
0;180;64.7675;46.0634;-54.317;9.81335;3958.59;5.90062;0;0;0.1;0.01;0;3.3976;0;0;-1
0;181;79.7157;-16.8499;-56.7582;10.1836;4423.77;6.12325;0;0;0.1;0.01;0;2.82666;0;0;-1
0;182;82.2234;1.12347;-54.4696;8.92226;2975.18;5.36483;0;0;0.1;0.01;0;2.82642;0;0;-1
0;183;-87.5155;-21.6622;-40.6283;9.37018;3446.14;5.63415;0;0;0.1;0.01;0;3.14491;0;0;-1
0;184;-84.1178;-8.17133;-40.1236;10.0307;4227.49;6.03131;0;0;0.1;0.01;0;5.21963;0;0;-1
0;185;-86.3097;12.3495;-39.627;9.63572;3747.5;5.79382;0;0;0.1;0.01;0;4.44067;0;0;-1
0;186;-86.6583;29.3364;-39.2295;9.84885;4001.71;5.92197;0;0;0.1;0.01;0;3.00453;0;0;-1
0;187;-70.1806;-48.0382;-39.6375;8.5;2572.44;5.11093;0;0;0.1;0.01;0;4.05773;1;0;-1
0;188;-72.1221;-33.9465;-41.567;10.2288;4482.94;6.15043;0;0;0.1;0.01;0;5.02554;0;0;-1
0;189;-71.5941;-14.5669;-41.6334;8.5;2572.44;5.11093;0;0;0.1;0.01;0;5.38572;1;0;-1
0;190;-72.6809;3.61618;-40.9298;10.2704;4537.86;6.17544;0;0;0.1;0.01;0;7.38622;0;0;-1
0;191;-70.5111;19.072;-42.0654;9.73679;3866.66;5.85459;0;0;0.1;0.01;0;6.24273;0;0;-1
0;192;-69.9855;37.0779;-42.9185;9.92192;4091.44;5.96591;0;0;0.1;0.01;0;5.68369;0;0;-1
0;193;-72.6602;51.3914;-41.104;9.59208;3696.81;5.76758;0;0;0.1;0.01;0;3.09346;0;0;-1
0;194;-56.9544;-59.2048;-39.9322;10.3288;4615.71;6.21056;0;0;0.1;0.01;0;5.24988;0;0;-1
0;195;-56.7238;-39.4604;-41.8714;9.50868;3601.22;5.71743;0;0;0.1;0.01;0;6.64185;0;0;-1
0;196;-54.1629;-24.6465;-40.9071;9.31218;3382.54;5.59928;0;0;0.1;0.01;0;5.42018;0;0;-1
0;197;-57.4638;-7.33017;-42.0173;10.0834;4294.47;6.063;0;0;0.1;0.01;0;6.9902;0;0;-1
0;198;-55.0622;9.53975;-39.8524;10.2811;4552.05;6.18188;0;0;0.1;0.01;0;6.71519;0;0;-1
0;199;-55.5431;25.8706;-41.5511;9.89022;4052.35;5.94685;0;0;0.1;0.01;0;6.11506;0;0;-1
0;200;-56.9718;42.6507;-40.1085;9.6706;3788.34;5.81479;0;0;0.1;0.01;0;6.52707;0;0;-1
0;201;-54.2553;60.4443;-39.5943;9.62047;3729.73;5.78465;0;0;0.1;0.01;0;5.24147;0;0;-1
0;202;-40.5192;-80.6257;-40.9839;8.5;2572.44;5.11093;0;0;0.1;0.01;0;2.97049;1;0;-1
0;203;-41.6796;-65.9001;-39.2259;9.46189;3548.32;5.6893;0;0;0.1;0.01;0;6.3821;0;0;-1
0;204;-43.0521;-47.5183;-41.7125;8.5;2572.44;5.11093;0;0;0.1;0.01;0;4.9014;1;0;-1
0;205;-42.5694;-31.6926;-42.2071;8.64528;2706.61;5.19828;0;0;0.1;0.01;0;5.09497;0;0;-1
0;206;-40.2487;-13.4538;-40.653;9.60474;3711.47;5.77519;0;0;0.1;0.01;0;6.10306;0;0;-1
0;207;-42.0138;1.94985;-39.9943;9.25091;3316.21;5.56244;0;0;0.1;0.01;0;6.47448;0;0;-1
0;208;-41.7825;19.6596;-42.4162;8.59492;2659.59;5.168;0;0;0.1;0.01;0;5.91457;0;0;-1
0;209;-41.453;34.4578;-41.4098;8.78789;2842.77;5.28403;0;0;0.1;0.01;0;5.64265;0;0;-1
0;210;-40.2734;53.6167;-41.2198;9.53739;3633.94;5.73469;0;0;0.1;0.01;0;7.073;0;0;-1
0;211;-40.8062;68.4787;-42.139;10.3601;4657.8;6.22938;0;0;0.1;0.01;0;6.08145;0;0;-1
0;212;-27.6584;-72.9639;-42.8794;9.39388;3472.35;5.6484;0;0;0.1;0.01;0;6.10649;0;0;-1
0;213;-28.1446;-57.7287;-40.4582;10.4418;4768.86;6.2785;0;0;0.1;0.01;0;7.09443;0;0;-1
0;214;-25.2958;-38.504;-42.3688;9.23225;3296.18;5.55122;0;0;0.1;0.01;0;5.3292;0;0;-1
0;215;-25.0071;-22.3784;-39.8164;9.9908;4177.24;6.00732;0;0;0.1;0.01;0;6.38987;0;0;-1
0;216;-24.7425;-5.17997;-40.6524;8.87426;2927.42;5.33596;0;0;0.1;0.01;0;5.61222;0;0;-1
0;217;-25.4515;9.75944;-41.0465;8.5;2572.44;5.11093;0;0;0.1;0.01;0;4.04211;1;0;-1
0;218;-28.1781;27.0157;-42.0161;9.3773;3454;5.63843;0;0;0.1;0.01;0;5.49031;0;0;-1
0;219;-27.217;44.1217;-42.1025;9.59228;3697.04;5.7677;0;0;0.1;0.01;0;6.10445;0;0;-1
0;220;-27.5577;60.5343;-40.7633;9.41372;3494.4;5.66033;0;0;0.1;0.01;0;7.06739;0;0;-1
0;221;-25.0149;77.1718;-42.0829;9.57316;3674.98;5.7562;0;0;0.1;0.01;0;5.24534;0;0;-1
0;222;-12.9861;-83.1432;-42.1692;8.61093;2674.48;5.17763;0;0;0.1;0.01;0;4.0369;0;0;-1
0;223;-12.949;-67.6036;-39.7418;10.0617;4266.8;6.04995;0;0;0.1;0.01;0;6.69567;0;0;-1
0;224;-12.3937;-49.3777;-41.8351;9.18212;3242.78;5.52108;0;0;0.1;0.01;0;5.31891;0;0;-1
0;225;-9.78772;-33.3276;-39.8297;9.50911;3601.71;5.71769;0;0;0.1;0.01;0;6.11819;0;0;-1
0;226;-13.0713;-15.5111;-40.7627;8.69144;2750.2;5.22604;0;0;0.1;0.01;0;6.37436;0;0;-1
0;227;-11.0655;0.258181;-41.4488;8.66025;2720.7;5.20728;0;0;0.1;0.01;0;5.45396;0;0;-1
0;228;-12.5379;20.0318;-39.3415;9.95302;4130.03;5.98461;0;0;0.1;0.01;0;6.16145;0;0;-1
0;229;-9.95835;34.313;-39.765;8.5;2572.44;5.11093;0;0;0.1;0.01;0;6.08755;1;0;-1
0;230;-11.5612;52.9645;-39.3565;10.1789;4417.65;6.12042;0;0;0.1;0.01;0;6.47115;0;0;-1
0;231;-11.1003;70.7581;-40.0404;9.43087;3513.53;5.67065;0;0;0.1;0.01;0;5.57592;0;0;-1
0;232;-9.78607;87.0993;-39.9609;8.5;2572.44;5.11093;0;0;0.1;0.01;0;2.38879;1;0;-1
0;233;2.81601;-89.5402;-42.0517;9.11671;3173.97;5.48175;0;0;0.1;0.01;0;2.8825;0;0;-1
0;234;4.68172;-74.9293;-41.1623;8.55271;2620.59;5.14262;0;0;0.1;0.01;0;5.17724;0;0;-1
0;235;2.01494;-59.7575;-39.3826;9.47364;3561.55;5.69636;0;0;0.1;0.01;0;5.41867;0;0;-1
0;236;3.62814;-40.7673;-39.805;8.5;2572.44;5.11093;0;0;0.1;0.01;0;4.85022;1;0;-1
0;237;4.67458;-25.2808;-39.5121;9.5216;3615.92;5.7252;0;0;0.1;0.01;0;6.1392;0;0;-1
0;238;1.23344;-8.08125;-42.429;10.2613;4525.8;6.16997;0;0;0.1;0.01;0;6.26722;0;0;-1
0;239;3.21428;10.4461;-41.0071;8.61838;2681.42;5.18211;0;0;0.1;0.01;0;4.36951;0;0;-1
0;240;4.0739;27.186;-39.4788;8.90471;2957.66;5.35427;0;0;0.1;0.01;0;6.72745;0;0;-1
0;241;1.22899;43.0304;-40.2747;10.0973;4312.25;6.07136;0;0;0.1;0.01;0;7.97712;0;0;-1
0;242;1.52075;60.6181;-40.9738;8.5;2572.44;5.11093;0;0;0.1;0.01;0;5.36212;1;0;-1
0;243;3.95586;76.3845;-41.075;9.14274;3201.24;5.4974;0;0;0.1;0.01;0;5.26488;0;0;-1
0;244;17.6743;-82.3238;-42.0938;8.5;2572.44;5.11093;0;0;0.1;0.01;0;3.29405;1;0;-1
0;245;18.2135;-65.4531;-39.2855;10.2625;4527.39;6.17069;0;0;0.1;0.01;0;5.88487;0;0;-1
0;246;17.9198;-46.4602;-40.8009;8.89095;2943.97;5.346;0;0;0.1;0.01;0;5.26569;0;0;-1
0;247;17.8353;-31.7649;-41.1561;8.5;2572.44;5.11093;0;0;0.1;0.01;0;5.8378;1;0;-1
0;248;19.0953;-15.4931;-41.7727;9.48375;3572.97;5.70244;0;0;0.1;0.01;0;5.9241;0;0;-1
0;249;19.7529;1.94119;-42.1609;9.10927;3166.21;5.47727;0;0;0.1;0.01;0;4.69298;0;0;-1
0;250;17.664;17.7341;-40.5199;9.27102;3337.88;5.57453;0;0;0.1;0.01;0;5.59965;0;0;-1
0;251;19.0261;36.7152;-42.8424;9.9124;4079.67;5.96018;0;0;0.1;0.01;0;7.63402;0;0;-1
0;252;16.7955;52.0128;-39.6889;10.0976;4312.64;6.07154;0;0;0.1;0.01;0;7.44184;0;0;-1
0;253;18.7612;68.4664;-41.1931;10.3155;4597.9;6.20256;0;0;0.1;0.01;0;5.94186;0;0;-1
0;254;16.413;87.4184;-41.1269;10.0767;4285.92;6.05897;0;0;0.1;0.01;0;3.14668;0;0;-1
0;255;32.9524;-75.633;-42.5057;8.64912;2710.22;5.20059;0;0;0.1;0.01;0;2.25057;0;0;-1
0;256;30.5633;-56.4942;-40.526;9.0958;3152.18;5.46917;0;0;0.1;0.01;0;6.27858;0;0;-1
0;257;33.7155;-41.1818;-40.4665;10.005;4195.08;6.01586;0;0;0.1;0.01;0;7.65256;0;0;-1
0;258;32.7722;-25.29;-41.5667;10.1242;4346.81;6.08753;0;0;0.1;0.01;0;7.40539;0;0;-1
0;259;33.7414;-8.04944;-42.0275;8.5;2572.44;5.11093;0;0;0.1;0.01;0;4.72527;1;0;-1
0;260;33.8429;10.0353;-42.2923;8.5;2572.44;5.11093;0;0;0.1;0.01;0;5.1024;1;0;-1
0;261;33.8483;29.5182;-39.8772;8.93213;2985.06;5.37076;0;0;0.1;0.01;0;6.0342;0;0;-1
0;262;32.944;46.1526;-39.4249;10.038;4236.72;6.0357;0;0;0.1;0.01;0;7.76907;0;0;-1
0;263;33.9202;60.0857;-39.7046;9.38769;3465.49;5.64468;0;0;0.1;0.01;0;6.20762;0;0;-1
0;264;33.5538;79.8386;-40.4313;8.95437;3007.42;5.38413;0;0;0.1;0.01;0;2.74299;0;0;-1
0;265;47.8258;-65.273;-41.6053;8.94443;2997.41;5.37816;0;0;0.1;0.01;0;2.46609;0;0;-1
0;266;47.1412;-47.7062;-39.9492;9.52788;3623.08;5.72898;0;0;0.1;0.01;0;5.80287;0;0;-1
0;267;47.7632;-30.2389;-39.2245;10.3176;4600.71;6.20382;0;0;0.1;0.01;0;7.66044;0;0;-1
0;268;46.7889;-14.9404;-42.5854;10.067;4273.55;6.05314;0;0;0.1;0.01;0;7.77903;0;0;-1
0;269;46.0838;2.8798;-42.1804;8.5;2572.44;5.11093;0;0;0.1;0.01;0;6.19991;1;0;-1
0;270;47.7583;16.8706;-43.0415;10.1627;4396.59;6.11068;0;0;0.1;0.01;0;7.43885;0;0;-1
0;271;46.8457;37.9653;-41.0973;9.52653;3621.54;5.72816;0;0;0.1;0.01;0;6.19146;0;0;-1
0;272;46.7012;52.1384;-42.8733;9.67637;3795.12;5.81826;0;0;0.1;0.01;0;6.60547;0;0;-1
0;273;46.8351;69.2615;-39.8983;9.92643;4097.02;5.96862;0;0;0.1;0.01;0;4.49583;0;0;-1
0;274;60.3754;-55.361;-39.3309;9.8308;3979.74;5.91112;0;0;0.1;0.01;0;4.74453;0;0;-1
0;275;63.9937;-41.6883;-39.828;8.94562;2998.61;5.37887;0;0;0.1;0.01;0;4.28174;0;0;-1
0;276;61.2106;-23.3567;-39.8333;8.55006;2618.16;5.14103;0;0;0.1;0.01;0;5.54325;0;0;-1
0;277;63.4159;-7.79467;-42.3275;9.67674;3795.56;5.81848;0;0;0.1;0.01;0;6.80243;0;0;-1
0;278;63.6004;8.22938;-39.47;10.0114;4203.13;6.01971;0;0;0.1;0.01;0;6.56038;0;0;-1
0;279;63.0248;26.1899;-42.2749;10.0357;4233.81;6.03432;0;0;0.1;0.01;0;6.07532;0;0;-1
0;280;61.5491;42.1354;-41.1983;8.88075;2933.85;5.33987;0;0;0.1;0.01;0;5.08237;0;0;-1
0;281;61.9975;60.4257;-42.4637;9.23144;3295.32;5.55073;0;0;0.1;0.01;0;3.67632;0;0;-1
0;282;74.947;-32.4943;-43.1659;9.0112;3065.04;5.4183;0;0;0.1;0.01;0;3.21737;0;0;-1
0;283;77.7408;-14.9977;-41.1227;8.62851;2690.89;5.1882;0;0;0.1;0.01;0;4.46593;0;0;-1
0;284;76.3275;-0.0862416;-41.4674;10.2851;4557.37;6.18428;0;0;0.1;0.01;0;6.87687;0;0;-1
0;285;78.7414;19.7244;-42.8234;8.99017;3043.63;5.40566;0;0;0.1;0.01;0;3.33126;0;0;-1
0;286;76.5333;34.3353;-41.947;9.23964;3304.1;5.55566;0;0;0.1;0.01;0;3.54175;0;0;-1
0;287;90.5172;-4.55867;-40.5382;8.7003;2758.62;5.23136;0;0;0.1;0.01;0;2.23151;0;0;-1
0;288;-95.1311;-13.5099;-24.7018;8.77145;2826.85;5.27415;0;0;0.1;0.01;0;3.17521;0;0;-1
0;289;-95.6334;1.25092;-26.0973;9.92316;4092.97;5.96665;0;0;0.1;0.01;0;3.87515;0;0;-1
0;290;-80.8687;-41.5023;-24.6593;9.90428;4069.65;5.9553;0;0;0.1;0.01;0;2.88648;0;0;-1
0;291;-81.7982;-23.4405;-27.3414;9.5595;3659.27;5.74799;0;0;0.1;0.01;0;3.86399;0;0;-1
0;292;-78.907;-4.65385;-26.487;10.0423;4242.17;6.03829;0;0;0.1;0.01;0;5.59189;0;0;-1
0;293;-82.5758;10.9711;-26.4523;10.1274;4350.93;6.08946;0;0;0.1;0.01;0;6.28594;0;0;-1
0;294;-82.4137;27.6795;-25.1462;10.0349;4232.8;6.03384;0;0;0.1;0.01;0;5.02798;0;0;-1
0;295;-80.406;44.5611;-28.1139;9.88358;4044.19;5.94285;0;0;0.1;0.01;0;3.28442;0;0;-1
0;296;-64.0823;-67.8801;-25.9958;8.5;2572.44;5.11093;0;0;0.1;0.01;0;2.51736;1;0;-1
0;297;-64.375;-48.9959;-26.1287;8.77835;2833.53;5.27829;0;0;0.1;0.01;0;4.35948;0;0;-1
0;298;-64.528;-31.2626;-25.463;9.74862;3880.77;5.8617;0;0;0.1;0.01;0;5.46679;0;0;-1
0;299;-64.4858;-12.8908;-26.9909;9.28066;3348.31;5.58033;0;0;0.1;0.01;0;5.55713;0;0;-1
0;300;-66.0761;4.44326;-26.0305;8.5;2572.44;5.11093;0;0;0.1;0.01;0;5.94107;1;0;-1
0;301;-65.4687;20.2184;-26.9353;8.59094;2655.89;5.16561;0;0;0.1;0.01;0;5.71427;0;0;-1
0;302;-64.6847;35.2176;-27.1735;10.0497;4251.56;6.04274;0;0;0.1;0.01;0;6.30995;0;0;-1
0;303;-64.549;50.9157;-26.2302;9.27992;3347.51;5.57988;0;0;0.1;0.01;0;5.75026;0;0;-1
0;304;-66.6803;68.6712;-26.71;9.4554;3541.02;5.68539;0;0;0.1;0.01;0;2.15064;0;0;-1
0;305;-49.7085;-72.5017;-27.7906;8.99661;3050.18;5.40953;0;0;0.1;0.01;0;5.22909;0;0;-1
0;306;-49.6163;-58.18;-26.2911;9.25063;3315.91;5.56227;0;0;0.1;0.01;0;6.2954;0;0;-1
0;307;-51.5407;-39.7137;-26.3435;9.3425;3415.69;5.61751;0;0;0.1;0.01;0;6.00892;0;0;-1
0;308;-52.4128;-23.1166;-27.5525;9.77632;3913.95;5.87836;0;0;0.1;0.01;0;6.55488;0;0;-1
0;309;-50.4832;-7.0332;-27.8114;9.73264;3861.72;5.8521;0;0;0.1;0.01;0;6.60908;0;0;-1
0;310;-53.0216;8.65481;-26.3251;8.9409;2993.87;5.37603;0;0;0.1;0.01;0;5.48723;0;0;-1
0;311;-51.1149;26.7889;-24.4686;9.14375;3202.3;5.498;0;0;0.1;0.01;0;5.57798;0;0;-1
0;312;-49.9877;45.514;-24.8753;9.78011;3918.5;5.88064;0;0;0.1;0.01;0;7.33755;0;0;-1
0;313;-50.6662;62.4869;-25.579;8.75947;2815.28;5.26694;0;0;0.1;0.01;0;6.08514;0;0;-1
0;314;-51.7962;78.4804;-28.2609;8.72318;2780.44;5.24512;0;0;0.1;0.01;0;2.65065;0;0;-1
0;315;-36.4319;-82.1765;-26.5187;10.3133;4594.96;6.20124;0;0;0.1;0.01;0;6.195;0;0;-1
0;316;-34.9858;-67.3048;-26.7985;8.88636;2939.41;5.34324;0;0;0.1;0.01;0;6.99062;0;0;-1
0;317;-38.3674;-47.1066;-27.1454;10.1598;4392.83;6.10894;0;0;0.1;0.01;0;5.71385;0;0;-1
0;318;-36.0592;-30.0827;-26.0739;9.32899;3400.89;5.60939;0;0;0.1;0.01;0;6.11565;0;0;-1
0;319;-34.6374;-13.7618;-26.7989;8.77558;2830.85;5.27663;0;0;0.1;0.01;0;5.01432;0;0;-1
0;320;-36.5863;4.31541;-27.4479;8.5;2572.44;5.11093;0;0;0.1;0.01;0;4.19151;1;0;-1
0;321;-38.3568;18.5438;-27.4813;9.50184;3593.45;5.71332;0;0;0.1;0.01;0;5.45411;0;0;-1
0;322;-38.2456;34.5868;-25.1781;8.5;2572.44;5.11093;0;0;0.1;0.01;0;5.50087;1;0;-1
0;323;-37.648;52.2763;-27.8677;9.223;3286.29;5.54566;0;0;0.1;0.01;0;6.07378;0;0;-1
0;324;-38.2077;67.7249;-25.7586;8.5;2572.44;5.11093;0;0;0.1;0.01;0;4.48594;1;0;-1
0;325;-35.5386;85.8442;-24.9486;10.2803;4550.99;6.1814;0;0;0.1;0.01;0;3.74644;0;0;-1
0;326;-21.7858;-90.7769;-25.2901;10.3383;4628.45;6.21627;0;0;0.1;0.01;0;3.98677;0;0;-1
0;327;-20.5819;-73.0883;-27.0219;10.1729;4409.84;6.11682;0;0;0.1;0.01;0;8.2763;0;0;-1
0;328;-20.3456;-59.1621;-26.308;9.74517;3876.65;5.85963;0;0;0.1;0.01;0;7.26629;0;0;-1
0;329;-22.0201;-40.5879;-26.6606;8.61701;2680.15;5.18128;0;0;0.1;0.01;0;4.98706;0;0;-1
0;330;-21.3616;-21.102;-24.9735;10.094;4308.03;6.06938;0;0;0.1;0.01;0;6.84273;0;0;-1
0;331;-19.7228;-5.48647;-28.0802;8.5;2572.44;5.11093;0;0;0.1;0.01;0;4.64981;1;0;-1
0;332;-21.308;11.8104;-25.776;8.5;2572.44;5.11093;0;0;0.1;0.01;0;4.00251;1;0;-1
0;333;-22.7766;28.7608;-27.7843;8.64731;2708.52;5.1995;0;0;0.1;0.01;0;5.10169;0;0;-1
0;334;-21.2683;44.7714;-27.8782;9.74786;3879.86;5.86125;0;0;0.1;0.01;0;5.84097;0;0;-1
0;335;-21.6936;62.172;-26.6176;9.66986;3787.47;5.81435;0;0;0.1;0.01;0;6.33863;0;0;-1
0;336;-22.8411;78.7615;-27.9129;9.43208;3514.88;5.67137;0;0;0.1;0.01;0;5.63064;0;0;-1
0;337;-5.94216;-81.2661;-28.6515;9.37792;3454.68;5.63881;0;0;0.1;0.01;0;6.09365;0;0;-1
0;338;-7.9085;-66.6038;-26.3292;9.47884;3567.42;5.69949;0;0;0.1;0.01;0;6.68922;0;0;-1
0;339;-8.56327;-48.5903;-24.3764;9.13807;3196.33;5.49459;0;0;0.1;0.01;0;5.18533;0;0;-1
0;340;-8.20641;-29.691;-25.5455;8.77274;2828.1;5.27492;0;0;0.1;0.01;0;5.56651;0;0;-1
0;341;-6.01052;-13.3239;-27.8167;9.41095;3491.31;5.65867;0;0;0.1;0.01;0;6.59737;0;0;-1
0;342;-5.49602;1.93257;-27.6478;8.53399;2603.42;5.13136;0;0;0.1;0.01;0;5.70903;0;0;-1
0;343;-6.6107;21.1268;-25.6313;9.60397;3710.57;5.77473;0;0;0.1;0.01;0;6.70011;0;0;-1
0;344;-7.09335;35.4101;-27.0961;9.34522;3418.67;5.61915;0;0;0.1;0.01;0;7.48356;0;0;-1
0;345;-7.92794;51.5165;-26.0242;8.65073;2711.73;5.20156;0;0;0.1;0.01;0;5.61231;0;0;-1
0;346;-9.34801;72.1652;-24.4884;8.6207;2683.59;5.1835;0;0;0.1;0.01;0;5.03756;0;0;-1
0;347;-9.10042;88.2399;-25.6731;8.64271;2704.2;5.19674;0;0;0.1;0.01;0;3.97031;0;0;-1
0;348;9.34859;-90.4725;-25.4104;10.3115;4592.55;6.20016;0;0;0.1;0.01;0;4.27775;0;0;-1
0;349;6.59615;-75.7949;-25.3219;9.7822;3921.01;5.88189;0;0;0.1;0.01;0;6.67558;0;0;-1
0;350;9.44235;-58.666;-25.7662;9.33001;3402;5.61;0;0;0.1;0.01;0;5.80862;0;0;-1
0;351;5.72605;-40.0298;-25.394;9.62018;3729.39;5.78447;0;0;0.1;0.01;0;6.09834;0;0;-1
0;352;8.26439;-25.5178;-26.5968;8.72878;2785.8;5.24849;0;0;0.1;0.01;0;5.86082;0;0;-1
0;353;9.02574;-8.76814;-27.6917;10.2426;4501.11;6.15873;0;0;0.1;0.01;0;6.79718;0;0;-1
0;354;5.51573;9.9374;-25.5112;9.14542;3204.05;5.49901;0;0;0.1;0.01;0;4.58322;0;0;-1
0;355;9.43617;29.3286;-27.6652;10.081;4291.4;6.06156;0;0;0.1;0.01;0;6.86092;0;0;-1
0;356;6.25171;44.0502;-25.2393;10.3766;4680.09;6.2393;0;0;0.1;0.01;0;7.20067;0;0;-1
0;357;6.86727;63.4093;-24.6224;10.1832;4423.25;6.12301;0;0;0.1;0.01;0;6.80768;0;0;-1
0;358;5.89697;78.2849;-28.0049;9.05381;3108.73;5.44392;0;0;0.1;0.01;0;5.55722;0;0;-1
0;359;8.24319;95.6191;-26.8446;10.0208;4214.98;6.02536;0;0;0.1;0.01;0;2.99641;0;0;-1
0;360;22.5746;-82.3657;-25.2132;9.14669;3205.39;5.49977;0;0;0.1;0.01;0;4.65992;0;0;-1
0;361;23.6999;-65.8972;-25.4752;9.51617;3609.73;5.72193;0;0;0.1;0.01;0;5.43839;0;0;-1
0;362;23.278;-47.2918;-27.4337;10.114;4333.69;6.0814;0;0;0.1;0.01;0;6.2592;0;0;-1
0;363;22.7922;-31.7587;-26.044;9.7203;3847.05;5.84468;0;0;0.1;0.01;0;6.89705;0;0;-1
0;364;22.1307;-16.0917;-25.586;10.0142;4206.66;6.02139;0;0;0.1;0.01;0;6.73113;0;0;-1
0;365;22.3173;1.01516;-26.8072;9.03568;3090.09;5.43302;0;0;0.1;0.01;0;5.17032;0;0;-1
0;366;23.3865;18.1901;-28.0144;9.62583;3735.97;5.78787;0;0;0.1;0.01;0;6.25419;0;0;-1
0;367;23.2498;34.935;-27.5202;9.48752;3577.23;5.70471;0;0;0.1;0.01;0;7.41991;0;0;-1
0;368;20.596;51.1119;-24.5183;9.78732;3927.17;5.88497;0;0;0.1;0.01;0;6.2619;0;0;-1
0;369;20.29;69.1541;-26.9538;9.41126;3491.66;5.65885;0;0;0.1;0.01;0;5.36147;0;0;-1
0;370;23.3581;84.5748;-24.8027;9.48309;3572.22;5.70204;0;0;0.1;0.01;0;4.89986;0;0;-1
0;371;38.0656;-75.9931;-27.1011;9.08221;3138.07;5.461;0;0;0.1;0.01;0;3.94034;0;0;-1
0;372;35.2274;-56.9177;-27.0362;8.68961;2748.46;5.22494;0;0;0.1;0.01;0;5.60635;0;0;-1
0;373;37.5323;-39.9438;-26.8253;9.92192;4091.44;5.96591;0;0;0.1;0.01;0;7.96715;0;0;-1
0;374;37.6913;-23.1678;-27.6918;9.98008;4163.81;6.00088;0;0;0.1;0.01;0;7.59133;0;0;-1
0;375;37.455;-7.20861;-24.8407;9.68117;3800.77;5.82115;0;0;0.1;0.01;0;6.56989;0;0;-1
0;376;35.1281;8.91633;-26.7873;8.8148;2868.97;5.30021;0;0;0.1;0.01;0;5.30805;0;0;-1
0;377;37.2279;25.3909;-24.712;9.96675;4147.15;5.99286;0;0;0.1;0.01;0;6.88002;0;0;-1
0;378;37.0141;42.1402;-27.0998;9.84583;3998.03;5.92015;0;0;0.1;0.01;0;6.57865;0;0;-1
0;379;38.4483;63.6777;-24.903;8.5;2572.44;5.11093;0;0;0.1;0.01;0;4.58446;1;0;-1
0;380;36.7478;78.8105;-24.8727;8.5;2572.44;5.11093;0;0;0.1;0.01;0;4.35143;1;0;-1
0;381;50.4383;-66.65;-24.7864;10.2137;4463.11;6.14135;0;0;0.1;0.01;0;5.56975;0;0;-1
0;382;49.9648;-50.7728;-25.2884;10.1728;4409.71;6.11676;0;0;0.1;0.01;0;6.85224;0;0;-1
0;383;50.073;-33.4125;-25.0318;8.55599;2623.61;5.14459;0;0;0.1;0.01;0;5.20345;0;0;-1
0;384;52.7147;-15.5646;-26.8554;9.21838;3281.35;5.54288;0;0;0.1;0.01;0;6.25934;0;0;-1
0;385;51.8223;1.73312;-28.3354;10.0155;4208.3;6.02217;0;0;0.1;0.01;0;7.16845;0;0;-1
0;386;50.1098;17.7981;-28.5147;9.04577;3100.45;5.43909;0;0;0.1;0.01;0;6.1667;0;0;-1
0;387;50.3113;34.8905;-25.0696;9.38364;3461.01;5.64225;0;0;0.1;0.01;0;5.57866;0;0;-1
0;388;52.9813;54.7696;-24.6924;8.65695;2717.59;5.2053;0;0;0.1;0.01;0;4.39655;0;0;-1
0;389;52.2024;72.6233;-26.9438;9.78828;3928.33;5.88555;0;0;0.1;0.01;0;4.37707;0;0;-1
0;390;66.36;-59.2029;-27.6323;8.99162;3045.11;5.40653;0;0;0.1;0.01;0;4.13149;0;0;-1
0;391;66.6355;-42.2245;-25.0415;8.84857;2902.07;5.32052;0;0;0.1;0.01;0;5.48347;0;0;-1
0;392;67.4822;-23.2452;-24.8727;10.3678;4668.19;6.23401;0;0;0.1;0.01;0;6.53852;0;0;-1
0;393;65.5571;-5.59851;-26.9246;8.9529;3005.94;5.38325;0;0;0.1;0.01;0;6.84108;0;0;-1
0;394;66.5828;9.45175;-25.091;9.2484;3313.51;5.56093;0;0;0.1;0.01;0;5.82351;0;0;-1
0;395;64.8749;25.4064;-25.6051;9.8348;3984.6;5.91352;0;0;0.1;0.01;0;4.80975;0;0;-1
0;396;66.3803;46.5071;-25.9028;10.0347;4232.55;6.03372;0;0;0.1;0.01;0;5.81629;0;0;-1
0;397;65.0718;62.2779;-27.5159;10.0508;4252.95;6.0434;0;0;0.1;0.01;0;4.96912;0;0;-1
0;398;79.4182;-51.2652;-25.8173;10.1042;4321.1;6.07551;0;0;0.1;0.01;0;2.178;0;0;-1
0;399;81.8802;-34.2028;-24.8304;10.2512;4512.45;6.1639;0;0;0.1;0.01;0;3.41557;0;0;-1
0;400;80.7499;-16.8118;-25.352;8.88357;2936.64;5.34156;0;0;0.1;0.01;0;4.46847;0;0;-1
0;401;79.7971;-0.231046;-26.2383;9.30496;3374.68;5.59494;0;0;0.1;0.01;0;4.87179;0;0;-1
0;402;83.2166;17.7963;-25.269;9.79833;3940.44;5.89159;0;0;0.1;0.01;0;4.14567;0;0;-1
0;403;79.0979;33.7625;-27.9875;8.5;2572.44;5.11093;0;0;0.1;0.01;0;3.36517;1;0;-1
0;404;79.3731;54.6245;-26.5425;10.3516;4646.34;6.22427;0;0;0.1;0.01;0;2.70762;0;0;-1
0;405;-98.4419;0.961254;-11.806;10.2755;4544.62;6.17851;0;0;0.1;0.01;0;3.70355;0;0;-1
0;406;-84.2819;-42.0827;-11.2493;9.08598;3141.98;5.46327;0;0;0.1;0.01;0;3.46866;0;0;-1
0;407;-84.3763;-23.5373;-10.3058;10.4098;4725.15;6.25926;0;0;0.1;0.01;0;5.70346;0;0;-1
0;408;-85.2168;-7.13542;-12.4869;8.91246;2965.39;5.35893;0;0;0.1;0.01;0;5.26719;0;0;-1
0;409;-83.3457;11.6471;-11.9308;10.149;4378.83;6.10245;0;0;0.1;0.01;0;5.92205;0;0;-1
0;410;-84.8141;29.1422;-12.4323;8.5;2572.44;5.11093;0;0;0.1;0.01;0;4.12929;1;0;-1
0;411;-84.0308;42.4968;-11.3151;9.39125;3469.44;5.64682;0;0;0.1;0.01;0;4.1276;0;0;-1
0;412;-70.8158;-68.4418;-10.0679;8.78734;2842.24;5.2837;0;0;0.1;0.01;0;2.13476;0;0;-1
0;413;-69.2289;-49.265;-11.9959;9.51949;3613.51;5.72393;0;0;0.1;0.01;0;4.76773;0;0;-1
0;414;-69.8912;-32.5562;-10.1378;9.37135;3447.43;5.63486;0;0;0.1;0.01;0;6.79661;0;0;-1
0;415;-72.1638;-15.7381;-11.6946;9.40543;3485.17;5.65535;0;0;0.1;0.01;0;6.5857;0;0;-1
0;416;-70.7963;3.17303;-10.3143;8.76929;2824.76;5.27285;0;0;0.1;0.01;0;6.07055;0;0;-1
0;417;-68.3552;17.3759;-12.9565;8.58719;2652.42;5.16335;0;0;0.1;0.01;0;4.9327;0;0;-1
0;418;-69.4929;36.4704;-11.9864;9.59908;3704.91;5.77179;0;0;0.1;0.01;0;6.33974;0;0;-1
0;419;-71.9189;53.7847;-13.0282;8.9755;3028.76;5.39684;0;0;0.1;0.01;0;4.41654;0;0;-1
0;420;-54.2897;-75.1344;-9.71753;8.85847;2911.82;5.32647;0;0;0.1;0.01;0;3.81304;0;0;-1
0;421;-56.6173;-58.2374;-12.3494;9.39962;3478.72;5.65186;0;0;0.1;0.01;0;5.38504;0;0;-1
0;422;-57.3294;-39.2046;-10.3196;8.57706;2643.04;5.15726;0;0;0.1;0.01;0;5.56598;0;0;-1
0;423;-57.3122;-23.9578;-11.859;8.5;2572.44;5.11093;0;0;0.1;0.01;0;5.49196;1;0;-1
0;424;-55.2361;-7.21983;-11.8098;9.00601;3059.75;5.41518;0;0;0.1;0.01;0;5.50016;0;0;-1
0;425;-54.3071;8.60088;-12.5455;10.0595;4264.01;6.04863;0;0;0.1;0.01;0;5.98769;0;0;-1
0;426;-57.3402;29.7681;-12.817;8.5;2572.44;5.11093;0;0;0.1;0.01;0;5.63742;1;0;-1
0;427;-55.1147;44.7223;-11.8296;9.28257;3350.37;5.58147;0;0;0.1;0.01;0;6.8563;0;0;-1
0;428;-57.9534;60.0323;-10.6865;9.74725;3879.14;5.86088;0;0;0.1;0.01;0;5.44907;0;0;-1
0;429;-42.7888;-83.6447;-13.2552;10.0889;4301.5;6.06631;0;0;0.1;0.01;0;4.25692;0;0;-1
0;430;-39.3564;-64.6245;-11.5747;9.79525;3936.73;5.88974;0;0;0.1;0.01;0;5.61009;0;0;-1
0;431;-41.0516;-49.3544;-10.6935;8.52157;2592.07;5.1239;0;0;0.1;0.01;0;5.07918;0;0;-1
0;432;-41.2237;-32.605;-12.3639;9.80366;3946.87;5.8948;0;0;0.1;0.01;0;6.13963;0;0;-1
0;433;-42.0824;-14.3479;-13.5189;10.014;4206.41;6.02127;0;0;0.1;0.01;0;6.0837;0;0;-1
0;434;-40.9231;3.06901;-10.7853;9.48602;3575.53;5.70381;0;0;0.1;0.01;0;5.76873;0;0;-1
0;435;-39.4007;20.0893;-11.2056;10.0097;4200.99;6.01869;0;0;0.1;0.01;0;6.27748;0;0;-1
0;436;-42.1307;36.9051;-13.1678;9.33057;3402.62;5.61034;0;0;0.1;0.01;0;7.19939;0;0;-1
0;437;-42.6539;52.2149;-12.6251;8.5;2572.44;5.11093;0;0;0.1;0.01;0;5.05131;1;0;-1
0;438;-43.0054;70.6885;-12.5555;8.74544;2801.78;5.25851;0;0;0.1;0.01;0;4.7211;0;0;-1
0;439;-43.2512;85.1347;-13.3306;8.5;2572.44;5.11093;0;0;0.1;0.01;0;3.42462;1;0;-1
0;440;-27.9004;-93.1855;-13.0827;9.62079;3730.1;5.78484;0;0;0.1;0.01;0;4.31694;0;0;-1
0;441;-28.1474;-76.8692;-13.0053;10.1441;4372.49;6.0995;0;0;0.1;0.01;0;7.05499;0;0;-1
0;442;-24.6975;-56.572;-12.2839;10.3899;4698.1;6.2473;0;0;0.1;0.01;0;7.3076;0;0;-1
0;443;-27.3666;-41.754;-10.1899;10.4383;4764.07;6.2764;0;0;0.1;0.01;0;7.63207;0;0;-1
0;444;-26.6307;-22.2857;-11.8624;10.2193;4470.46;6.14472;0;0;0.1;0.01;0;6.64893;0;0;-1
0;445;-24.9534;-7.3044;-10.3198;8.54228;2611.02;5.13635;0;0;0.1;0.01;0;4.69811;0;0;-1
0;446;-25.1413;9.14843;-10.2565;9.43114;3513.83;5.67081;0;0;0.1;0.01;0;5.1743;0;0;-1
0;447;-27.4319;28.467;-10.5823;10.2555;4518.13;6.16648;0;0;0.1;0.01;0;6.15115;0;0;-1
0;448;-28.3076;42.9588;-10.7743;9.06343;3118.65;5.44971;0;0;0.1;0.01;0;5.62686;0;0;-1
0;449;-24.4432;59.0693;-12.8475;8.80537;2859.77;5.29454;0;0;0.1;0.01;0;4.53496;0;0;-1
0;450;-24.7751;77.7006;-12.2445;9.85517;4009.41;5.92577;0;0;0.1;0.01;0;6.45232;0;0;-1
0;451;-24.8588;94.672;-14.0136;10.1999;4445.05;6.13305;0;0;0.1;0.01;0;3.54469;0;0;-1
0;452;-13.5478;-83.3076;-11.0865;8.5;2572.44;5.11093;0;0;0.1;0.01;0;4.4524;1;0;-1
0;453;-12.7721;-65.4491;-13.251;8.5;2572.44;5.11093;0;0;0.1;0.01;0;5.52459;1;0;-1
0;454;-12.695;-48.436;-9.7066;9.49539;3586.14;5.70944;0;0;0.1;0.01;0;6.60703;0;0;-1
0;455;-11.4446;-32.365;-11.7632;10.4018;4714.27;6.25445;0;0;0.1;0.01;0;7.25837;0;0;-1
0;456;-10.3965;-14.2741;-10.725;8.5;2572.44;5.11093;0;0;0.1;0.01;0;6.061;1;0;-1
0;457;-10.7163;0.962296;-11.6027;10.2021;4447.92;6.13437;0;0;0.1;0.01;0;7.15978;0;0;-1
0;458;-10.7336;16.9699;-11.621;9.08701;3143.05;5.46389;0;0;0.1;0.01;0;5.7678;0;0;-1
0;459;-11.5931;34.2465;-12.5381;8.56015;2627.44;5.14709;0;0;0.1;0.01;0;4.6191;0;0;-1
0;460;-10.3517;50.9695;-10.6036;8.54843;2616.66;5.14005;0;0;0.1;0.01;0;5.2217;0;0;-1
0;461;-10.5243;67.4166;-11.6288;9.0735;3129.05;5.45576;0;0;0.1;0.01;0;5.9102;0;0;-1
0;462;-11.7002;87.2535;-12.4328;8.5;2572.44;5.11093;0;0;0.1;0.01;0;4.79522;1;0;-1
0;463;4.39391;-91.5539;-10.5879;8.69412;2752.74;5.22765;0;0;0.1;0.01;0;3.76483;0;0;-1
0;464;1.54793;-75.9944;-12.1306;8.5;2572.44;5.11093;0;0;0.1;0.01;0;5.48917;1;0;-1
0;465;1.34191;-59.4773;-12.8559;8.86284;2916.13;5.3291;0;0;0.1;0.01;0;6.06224;0;0;-1
0;466;1.67903;-41.2627;-12.6241;9.63019;3741.05;5.79049;0;0;0.1;0.01;0;6.5363;0;0;-1
0;467;1.26682;-21.5714;-10.4643;9.21799;3280.93;5.54264;0;0;0.1;0.01;0;6.60723;0;0;-1
0;468;1.59605;-7.44752;-12.1255;8.63646;2698.34;5.19298;0;0;0.1;0.01;0;6.12481;0;0;-1
0;469;3.27893;8.17211;-12.2801;10.1133;4332.79;6.08098;0;0;0.1;0.01;0;6.21118;0;0;-1
0;470;3.1903;25.1309;-13.5573;9.05314;3108.04;5.44352;0;0;0.1;0.01;0;4.72216;0;0;-1
0;471;1.98597;43.7631;-10.4975;9.3009;3370.26;5.5925;0;0;0.1;0.01;0;5.57948;0;0;-1
0;472;2.33533;59.5197;-10.7522;9.45512;3540.71;5.68523;0;0;0.1;0.01;0;6.58906;0;0;-1
0;473;2.70533;76.7489;-10.3948;8.91847;2971.39;5.36255;0;0;0.1;0.01;0;6.03191;0;0;-1
0;474;3.09554;94.0428;-11.4663;10.2647;4530.3;6.17202;0;0;0.1;0.01;0;4.45766;0;0;-1
0;475;18.8192;-85.179;-10.5362;9.35595;3430.46;5.6256;0;0;0.1;0.01;0;5.80112;0;0;-1
0;476;16.0709;-68.192;-10.5165;9.47166;3559.32;5.69517;0;0;0.1;0.01;0;6.3539;0;0;-1
0;477;15.9645;-51.468;-9.87433;9.86583;4022.44;5.93218;0;0;0.1;0.01;0;5.77753;0;0;-1
0;478;15.5237;-33.39;-10.522;9.65096;3765.3;5.80298;0;0;0.1;0.01;0;5.74311;0;0;-1
0;479;16.0376;-16.2985;-11.4693;8.57311;2639.39;5.15489;0;0;0.1;0.01;0;5.9086;0;0;-1
0;480;16.4173;1.1187;-11.4624;9.38448;3461.94;5.64275;0;0;0.1;0.01;0;5.57798;0;0;-1
0;481;19.4877;20.9026;-10.8751;9.88972;4051.73;5.94655;0;0;0.1;0.01;0;6.04941;0;0;-1
0;482;19.6261;38.1898;-13.1715;8.5;2572.44;5.11093;0;0;0.1;0.01;0;5.08454;1;0;-1
0;483;18.1839;54.5319;-11.4746;8.5;2572.44;5.11093;0;0;0.1;0.01;0;4.93013;1;0;-1
0;484;17.3045;71.434;-10.3208;10.3965;4707.06;6.25126;0;0;0.1;0.01;0;7.10984;0;0;-1
0;485;15.6982;84.9748;-12.5754;8.5;2572.44;5.11093;0;0;0.1;0.01;0;5.44932;1;0;-1
0;486;31.9455;-93.7273;-12.0451;8.83098;2884.8;5.30994;0;0;0.1;0.01;0;1.85695;0;0;-1
0;487;33.3604;-76.6514;-12.3237;9.41174;3492.19;5.65914;0;0;0.1;0.01;0;5.65272;0;0;-1
0;488;32.8872;-55.3935;-10.3531;9.45135;3536.47;5.68296;0;0;0.1;0.01;0;4.99182;0;0;-1
0;489;34.1674;-38.8935;-10.1266;9.62386;3733.67;5.78669;0;0;0.1;0.01;0;6.14404;0;0;-1
0;490;31.2337;-21.3559;-12.279;9.89423;4057.28;5.94926;0;0;0.1;0.01;0;7.10915;0;0;-1
0;491;33.1361;-6.34052;-10.7818;8.88235;2935.43;5.34083;0;0;0.1;0.01;0;5.56241;0;0;-1
0;492;33.5019;11.7977;-12.9126;10.3784;4682.52;6.24038;0;0;0.1;0.01;0;7.01865;0;0;-1
0;493;31.4706;29.0504;-10.8346;9.24443;3309.25;5.55854;0;0;0.1;0.01;0;6.82243;0;0;-1
0;494;33.5344;46.2611;-13.2458;9.56238;3662.58;5.74972;0;0;0.1;0.01;0;5.98824;0;0;-1
0;495;32.792;63.4866;-10.3686;8.6173;2680.42;5.18146;0;0;0.1;0.01;0;5.98394;0;0;-1
0;496;32.2664;79.3804;-10.1281;10.0567;4260.45;6.04695;0;0;0.1;0.01;0;6.38619;0;0;-1
0;497;45.9695;-82.9354;-10.7917;8.5;2572.44;5.11093;0;0;0.1;0.01;0;4.15652;1;0;-1
0;498;48.1331;-67.8891;-11.4512;9.53328;3629.24;5.73222;0;0;0.1;0.01;0;6.01376;0;0;-1
0;499;47.7014;-47.7304;-11.9614;9.34097;3414.01;5.61659;0;0;0.1;0.01;0;6.11503;0;0;-1
0;500;48.6154;-31.7053;-12.524;9.05733;3112.36;5.44604;0;0;0.1;0.01;0;5.54043;0;0;-1
0;501;45.557;-14.7394;-10.9534;9.15165;3210.6;5.50275;0;0;0.1;0.01;0;6.26715;0;0;-1
0;502;46.5961;0.436061;-11.0244;10.1585;4391.14;6.10816;0;0;0.1;0.01;0;7.44489;0;0;-1
0;503;47.7349;18.1163;-13.4364;10.1742;4411.53;6.1176;0;0;0.1;0.01;0;7.74678;0;0;-1
0;504;47.9014;34.6489;-10.5466;9.51622;3609.79;5.72196;0;0;0.1;0.01;0;6.4279;0;0;-1
0;505;45.9466;55.1918;-12.4941;8.5;2572.44;5.11093;0;0;0.1;0.01;0;5.01867;1;0;-1
0;506;46.2857;68.4947;-10.012;9.24156;3306.16;5.55682;0;0;0.1;0.01;0;6.16994;0;0;-1
0;507;47.6932;85.6435;-13.0981;8.6403;2701.94;5.19529;0;0;0.1;0.01;0;2.33845;0;0;-1
0;508;61.093;-74.2492;-11.2898;10.3036;4582.01;6.19541;0;0;0.1;0.01;0;3.19947;0;0;-1
0;509;60.3063;-56.0657;-13.3029;9.61516;3723.56;5.78146;0;0;0.1;0.01;0;6.3939;0;0;-1
0;510;61.4408;-42.1483;-11.6228;9.39919;3478.24;5.6516;0;0;0.1;0.01;0;6.4115;0;0;-1
0;511;62.5789;-25.7837;-11.8621;9.28468;3352.66;5.58274;0;0;0.1;0.01;0;5.84202;0;0;-1
0;512;62.74;-7.65139;-11.503;9.83406;3983.7;5.91308;0;0;0.1;0.01;0;6.46844;0;0;-1
0;513;60.7358;9.37406;-12.8093;10.2245;4477.29;6.14784;0;0;0.1;0.01;0;6.65773;0;0;-1
0;514;61.9711;28.7535;-10.2241;9.92591;4096.37;5.96831;0;0;0.1;0.01;0;6.30837;0;0;-1
0;515;62.673;45.9891;-11.1317;9.50542;3597.51;5.71547;0;0;0.1;0.01;0;5.70425;0;0;-1
0;516;63.2342;63.59;-10.8006;10.0981;4313.28;6.07184;0;0;0.1;0.01;0;5.33395;0;0;-1
0;517;61.0447;77.9244;-13.7868;8.90529;2958.24;5.35462;0;0;0.1;0.01;0;2.77208;0;0;-1
0;518;77.6049;-47.5324;-10.807;8.5;2572.44;5.11093;0;0;0.1;0.01;0;3.89016;1;0;-1
0;519;77.3325;-30.0323;-11.2444;8.60685;2670.68;5.17517;0;0;0.1;0.01;0;5.6282;0;0;-1
0;520;75.2978;-14.4428;-10.8545;10.4528;4783.95;6.28512;0;0;0.1;0.01;0;7.80103;0;0;-1
0;521;74.944;1.11929;-10.9978;8.5;2572.44;5.11093;0;0;0.1;0.01;0;6.16715;1;0;-1
0;522;76.6101;18.0096;-13.3392;8.69993;2758.26;5.23114;0;0;0.1;0.01;0;5.74929;0;0;-1
0;523;75.0679;34.8492;-12.71;8.5;2572.44;5.11093;0;0;0.1;0.01;0;5.25338;1;0;-1
0;524;75.3441;51.4834;-10.2256;9.24246;3307.13;5.55736;0;0;0.1;0.01;0;5.71986;0;0;-1
0;525;89.5818;-22.1769;-11.9557;8.5;2572.44;5.11093;0;0;0.1;0.01;0;3.79165;1;0;-1
0;526;90.0681;-4.25236;-10.145;9.67018;3787.85;5.81454;0;0;0.1;0.01;0;4.12114;0;0;-1
0;527;89.5596;12.0092;-11.02;8.94815;3001.15;5.38039;0;0;0.1;0.01;0;4.80263;0;0;-1
0;528;89.4281;27.0315;-11.2027;8.57982;2645.59;5.15892;0;0;0.1;0.01;0;4.51348;0;0;-1
0;529;89.2372;43.5635;-9.84526;10.0381;4236.85;6.03576;0;0;0.1;0.01;0;3.29402;0;0;-1
0;530;-93.9358;-16.5797;2.40048;9.45997;3546.16;5.68814;0;0;0.1;0.01;0;3.17068;0;0;-1
0;531;-95.6854;2.72819;3.43118;9.65336;3768.11;5.80443;0;0;0.1;0.01;0;3.78318;0;0;-1
0;532;-95.9084;18.6879;2.16356;10.2032;4449.36;6.13504;0;0;0.1;0.01;0;3.2383;0;0;-1
0;533;-79.6793;-55.9238;3.03635;8.5;2572.44;5.11093;0;0;0.1;0.01;0;2.63862;1;0;-1
0;534;-82.6246;-41.5244;4.68458;9.80047;3943.02;5.89288;0;0;0.1;0.01;0;4.17508;0;0;-1
0;535;-80.6009;-23.2247;2.97186;9.80139;3944.13;5.89343;0;0;0.1;0.01;0;6.45378;0;0;-1
0;536;-79.8663;-6.13629;3.72561;9.46528;3552.13;5.69134;0;0;0.1;0.01;0;5.92389;0;0;-1
0;537;-81.7953;10.3555;2.7168;8.90491;2957.86;5.35439;0;0;0.1;0.01;0;4.70793;0;0;-1
0;538;-80.6016;25.4924;1.2054;8.5;2572.44;5.11093;0;0;0.1;0.01;0;3.69508;1;0;-1
0;539;-82.6825;44.0753;2.76741;10.2457;4505.19;6.16059;0;0;0.1;0.01;0;4.42105;0;0;-1
0;540;-78.9011;61.1295;3.38044;9.4202;3501.62;5.66423;0;0;0.1;0.01;0;2.55918;0;0;-1
0;541;-63.8841;-65.5082;1.67703;8.86781;2921.04;5.33209;0;0;0.1;0.01;0;4.00742;0;0;-1
0;542;-64.2821;-47.2868;4.39853;10.2617;4526.33;6.17021;0;0;0.1;0.01;0;6.23269;0;0;-1
0;543;-68.3942;-33.0515;3.55215;8.92266;2975.58;5.36507;0;0;0.1;0.01;0;5.75748;0;0;-1
0;544;-67.7957;-14.8233;1.72524;10.4365;4761.6;6.27532;0;0;0.1;0.01;0;6.92552;0;0;-1
0;545;-67.1951;0.401602;3.73756;10.3306;4618.12;6.21164;0;0;0.1;0.01;0;6.93346;0;0;-1
0;546;-64.7293;17.1294;3.36566;10.4477;4776.95;6.28205;0;0;0.1;0.01;0;6.02012;0;0;-1
0;547;-65.1793;36.5246;3.097;10.4249;4745.74;6.26834;0;0;0.1;0.01;0;6.60364;0;0;-1
0;548;-65.5674;52.0309;3.22621;9.47993;3568.65;5.70014;0;0;0.1;0.01;0;5.48042;0;0;-1
0;549;-64.9432;70.4087;3.16871;8.5;2572.44;5.11093;0;0;0.1;0.01;0;2.3513;1;0;-1
0;550;-49.9068;-75.3368;3.24471;8.5823;2647.89;5.16041;0;0;0.1;0.01;0;5.00626;0;0;-1
0;551;-50.3418;-59.3919;4.20966;8.71413;2771.79;5.23968;0;0;0.1;0.01;0;5.50607;0;0;-1
0;552;-50.9524;-42.3312;3.33617;8.72965;2786.63;5.24901;0;0;0.1;0.01;0;5.46097;0;0;-1
0;553;-52.1147;-24.4743;3.65297;8.58632;2651.61;5.16283;0;0;0.1;0.01;0;4.18447;0;0;-1
0;554;-49.6407;-5.38013;2.15446;8.5;2572.44;5.11093;0;0;0.1;0.01;0;4.35419;1;0;-1
0;555;-52.3012;10.0568;3.75004;8.5;2572.44;5.11093;0;0;0.1;0.01;0;4.98829;1;0;-1
0;556;-52.756;25.8378;2.70263;8.5;2572.44;5.11093;0;0;0.1;0.01;0;5.48554;1;0;-1
0;557;-50.2713;42.9839;5.11479;9.8444;3996.28;5.91929;0;0;0.1;0.01;0;5.97264;0;0;-1
0;558;-50.755;63.4567;1.83926;9.04923;3104.01;5.44117;0;0;0.1;0.01;0;5.21382;0;0;-1
0;559;-51.4568;78.119;1.28881;9.76208;3896.87;5.8698;0;0;0.1;0.01;0;4.43673;0;0;-1
0;560;-34.9791;-84.0127;3.4422;9.36644;3442.01;5.6319;0;0;0.1;0.01;0;5.15552;0;0;-1
0;561;-38.4989;-67.3833;3.24507;9.15764;3216.91;5.50636;0;0;0.1;0.01;0;5.35544;0;0;-1
0;562;-36.7056;-50.391;4.1201;8.5;2572.44;5.11093;0;0;0.1;0.01;0;5.17374;1;0;-1
0;563;-35.8315;-32.6207;2.6748;9.95707;4135.07;5.98704;0;0;0.1;0.01;0;6.05261;0;0;-1
0;564;-38.0813;-14.085;3.1532;8.97516;3028.41;5.39663;0;0;0.1;0.01;0;4.98342;0;0;-1
0;565;-36.6342;3.18151;4.03843;8.90095;2953.91;5.35201;0;0;0.1;0.01;0;5.85572;0;0;-1
0;566;-38.1389;19.9736;2.9176;10.1518;4382.46;6.10413;0;0;0.1;0.01;0;6.86744;0;0;-1
0;567;-38.1969;36.306;1.02827;8.89588;2948.87;5.34896;0;0;0.1;0.01;0;5.93212;0;0;-1
0;568;-35.4201;50.8432;2.86204;9.82839;3976.82;5.90967;0;0;0.1;0.01;0;5.01404;0;0;-1
0;569;-35.7454;71.7399;1.34266;10.4423;4769.55;6.2788;0;0;0.1;0.01;0;6.28599;0;0;-1
0;570;-35.3303;87.8887;3.28969;9.58234;3685.56;5.76172;0;0;0.1;0.01;0;5.14469;0;0;-1
0;571;-20.7798;-93.6564;1.59874;9.51832;3612.18;5.72323;0;0;0.1;0.01;0;4.31315;0;0;-1
0;572;-20.5633;-76.6083;4.59705;8.53528;2604.61;5.13214;0;0;0.1;0.01;0;5.26502;0;0;-1
0;573;-23.6209;-57.6395;1.54506;9.2155;3278.27;5.54115;0;0;0.1;0.01;0;6.00472;0;0;-1
0;574;-23.224;-40.3613;2.14417;9.25268;3318.11;5.5635;0;0;0.1;0.01;0;6.41764;0;0;-1
0;575;-21.1663;-23.0798;3.5673;8.5;2572.44;5.11093;0;0;0.1;0.01;0;5.39938;1;0;-1
0;576;-20.5803;-5.19406;3.33977;8.55675;2624.31;5.14505;0;0;0.1;0.01;0;6.161;0;0;-1
0;577;-20.192;9.9932;4.07095;10.1133;4332.79;6.08098;0;0;0.1;0.01;0;6.8996;0;0;-1
0;578;-23.941;27.5232;1.88608;8.5874;2652.61;5.16348;0;0;0.1;0.01;0;3.99288;0;0;-1
0;579;-19.9328;46.9957;1.83231;9.19996;3261.72;5.5318;0;0;0.1;0.01;0;4.5473;0;0;-1
0;580;-22.0295;63.3241;2.16836;9.89483;4058.01;5.94962;0;0;0.1;0.01;0;6.65841;0;0;-1
0;581;-22.1876;77.5544;1.90648;9.60554;3712.39;5.77567;0;0;0.1;0.01;0;6.1986;0;0;-1
0;582;-23.3664;96.2375;1.35847;9.90756;4073.7;5.95727;0;0;0.1;0.01;0;3.41889;0;0;-1
0;583;-7.0717;-98.9498;0.931248;10.0776;4287.06;6.05951;0;0;0.1;0.01;0;2.97529;0;0;-1
0;584;-5.64482;-81.0559;3.7149;8.73414;2790.93;5.25171;0;0;0.1;0.01;0;5.62586;0;0;-1
0;585;-9.08194;-66.6453;2.77288;10.3839;4689.97;6.24369;0;0;0.1;0.01;0;5.75097;0;0;-1
0;586;-7.6334;-49.2535;2.31205;8.64791;2709.08;5.19986;0;0;0.1;0.01;0;5.09595;0;0;-1
0;587;-7.46818;-29.9749;2.5199;9.4445;3528.79;5.67884;0;0;0.1;0.01;0;6.35273;0;0;-1
0;588;-8.78181;-14.1948;3.11496;9.71029;3835.18;5.83866;0;0;0.1;0.01;0;6.88118;0;0;-1
0;589;-7.88839;1.80715;3.77392;8.5;2572.44;5.11093;0;0;0.1;0.01;0;5.89992;1;0;-1
0;590;-6.2965;17.3577;1.34721;8.51996;2590.61;5.12293;0;0;0.1;0.01;0;5.93107;0;0;-1
0;591;-6.16603;34.6557;3.70364;9.22465;3288.05;5.54665;0;0;0.1;0.01;0;5.50855;0;0;-1
0;592;-5.76302;51.8012;3.54397;8.5;2572.44;5.11093;0;0;0.1;0.01;0;5.87101;1;0;-1
0;593;-7.56983;71.7846;2.32998;10.3283;4615.04;6.21026;0;0;0.1;0.01;0;6.8559;0;0;-1
0;594;-9.20775;88.3774;3.67989;9.77079;3907.31;5.87503;0;0;0.1;0.01;0;4.97561;0;0;-1
0;595;8.04036;-92.1728;3.09858;8.71605;2773.63;5.24083;0;0;0.1;0.01;0;4.70728;0;0;-1
0;596;8.63706;-76.0919;1.82401;9.61678;3725.44;5.78243;0;0;0.1;0.01;0;7.03897;0;0;-1
0;597;5.95237;-58.9215;1.68969;10.096;4310.59;6.07058;0;0;0.1;0.01;0;6.91847;0;0;-1
0;598;7.03516;-42.7375;3.59307;9.83689;3987.15;5.91478;0;0;0.1;0.01;0;6.72713;0;0;-1
0;599;7.54629;-24.9371;1.85032;9.5353;3631.55;5.73344;0;0;0.1;0.01;0;6.50601;0;0;-1
0;600;9.35982;-8.46117;4.44427;10.1237;4346.17;6.08723;0;0;0.1;0.01;0;5.93033;0;0;-1
0;601;5.72972;10.449;2.77721;8.89902;2951.99;5.35085;0;0;0.1;0.01;0;4.95882;0;0;-1
0;602;7.62957;25.4216;2.11776;9.91149;4078.55;5.95964;0;0;0.1;0.01;0;6.08899;0;0;-1
0;603;8.37787;44.0611;2.34713;8.5;2572.44;5.11093;0;0;0.1;0.01;0;5.045;1;0;-1
0;604;6.90877;60.3903;1.62366;8.5;2572.44;5.11093;0;0;0.1;0.01;0;5.65722;1;0;-1
0;605;8.80164;76.5014;2.68347;8.62821;2690.61;5.18802;0;0;0.1;0.01;0;5.79802;0;0;-1
0;606;5.61446;97.9088;1.52297;9.70502;3828.93;5.83549;0;0;0.1;0.01;0;2.82491;0;0;-1
0;607;20.4542;-85.2878;2.17473;8.5;2572.44;5.11093;0;0;0.1;0.01;0;4.15358;1;0;-1
0;608;23.7059;-66.3252;2.7381;10.1485;4378.19;6.10215;0;0;0.1;0.01;0;5.92293;0;0;-1
0;609;22.3789;-47.3551;4.3831;8.61569;2678.91;5.18049;0;0;0.1;0.01;0;4.58267;0;0;-1
0;610;21.7408;-31.0866;1.47405;8.5;2572.44;5.11093;0;0;0.1;0.01;0;5.79088;1;0;-1
0;611;21.432;-14.7088;1.49777;8.5;2572.44;5.11093;0;0;0.1;0.01;0;5.4698;1;0;-1
0;612;23.2004;4.33786;1.19782;9.49255;3582.92;5.70773;0;0;0.1;0.01;0;5.44737;0;0;-1
0;613;23.3885;20.8321;4.67165;9.56391;3664.33;5.75064;0;0;0.1;0.01;0;6.83943;0;0;-1
0;614;21.9832;37.2957;4.96539;8.5;2572.44;5.11093;0;0;0.1;0.01;0;5.66104;1;0;-1
0;615;22.7723;51.4216;3.7268;9.88732;4048.78;5.9451;0;0;0.1;0.01;0;6.64316;0;0;-1
0;616;21.1356;67.7537;1.65935;9.16445;3224.09;5.51045;0;0;0.1;0.01;0;5.95802;0;0;-1
0;617;21.4059;89.4947;1.13929;10.1186;4339.6;6.08417;0;0;0.1;0.01;0;4.04327;0;0;-1
0;618;38.0409;-75.9265;1.6561;9.44408;3528.32;5.67859;0;0;0.1;0.01;0;6.03268;0;0;-1
0;619;38.5539;-59.6026;4.02469;8.64248;2703.98;5.1966;0;0;0.1;0.01;0;5.22569;0;0;-1
0;620;34.9027;-40.1471;3.41157;8.9796;3032.91;5.3993;0;0;0.1;0.01;0;5.44853;0;0;-1
0;621;35.0418;-25.723;1.20156;9.54414;3641.66;5.73875;0;0;0.1;0.01;0;6.10624;0;0;-1
0;622;38.0196;-8.85287;4.48426;9.35846;3433.22;5.62711;0;0;0.1;0.01;0;6.01417;0;0;-1
0;623;37.2322;9.08681;1.45235;9.51894;3612.89;5.7236;0;0;0.1;0.01;0;5.74615;0;0;-1
0;624;36.6633;27.2526;2.87356;9.98295;4167.4;6.0026;0;0;0.1;0.01;0;6.51422;0;0;-1
0;625;35.9266;44.5351;1.21251;10.3932;4702.58;6.24928;0;0;0.1;0.01;0;6.879;0;0;-1
0;626;36.1;62.7048;3.82921;10.293;4567.88;6.18903;0;0;0.1;0.01;0;7.82445;0;0;-1
0;627;37.663;80.0015;2.52869;10.395;4705.03;6.25036;0;0;0.1;0.01;0;5.13958;0;0;-1
0;628;50.8435;-83.5273;2.89833;8.5;2572.44;5.11093;0;0;0.1;0.01;0;2.98986;1;0;-1
0;629;52.1814;-64.6106;4.04822;9.83279;3982.16;5.91231;0;0;0.1;0.01;0;5.58536;0;0;-1
0;630;50.3197;-48.4694;3.25989;10.1367;4362.93;6.09505;0;0;0.1;0.01;0;6.36221;0;0;-1
0;631;53.404;-33.6527;4.79347;8.5;2572.44;5.11093;0;0;0.1;0.01;0;5.81146;1;0;-1
0;632;51.3839;-15.827;2.99741;8.60239;2666.53;5.17249;0;0;0.1;0.01;0;5.11937;0;0;-1
0;633;52.1587;1.13506;2.46826;8.51441;2585.55;5.11959;0;0;0.1;0.01;0;5.43586;0;0;-1
0;634;52.376;17.0471;1.66642;9.47502;3563.11;5.69719;0;0;0.1;0.01;0;7.3105;0;0;-1
0;635;50.182;34.3879;2.73409;9.80689;3950.78;5.89674;0;0;0.1;0.01;0;6.23097;0;0;-1
0;636;51.3781;54.6333;4.7043;8.5;2572.44;5.11093;0;0;0.1;0.01;0;5.01738;1;0;-1
0;637;50.0066;67.7093;3.25975;9.09874;3155.24;5.47094;0;0;0.1;0.01;0;4.70028;0;0;-1
0;638;68.0603;-56.0619;4.68453;9.91865;4087.39;5.96394;0;0;0.1;0.01;0;4.38736;0;0;-1
0;639;67.5932;-39.0467;2.40643;9.67029;3787.97;5.81461;0;0;0.1;0.01;0;7.08923;0;0;-1
0;640;64.7303;-24.1626;3.90299;8.59961;2663.94;5.17082;0;0;0.1;0.01;0;5.67618;0;0;-1
0;641;67.8258;-6.65288;4.42064;8.5;2572.44;5.11093;0;0;0.1;0.01;0;4.86707;1;0;-1
0;642;65.629;12.1994;3.83428;10.2544;4516.68;6.16582;0;0;0.1;0.01;0;6.72033;0;0;-1
0;643;65.4899;25.9345;3.93809;8.5;2572.44;5.11093;0;0;0.1;0.01;0;6.09705;1;0;-1
0;644;66.9167;44.3116;4.36157;9.40417;3483.77;5.65459;0;0;0.1;0.01;0;5.69757;0;0;-1
0;645;67.4206;60.1773;4.322;9.78995;3930.34;5.88655;0;0;0.1;0.01;0;4.46662;0;0;-1
0;646;82.3268;-47.3923;5.11146;9.16647;3226.23;5.51167;0;0;0.1;0.01;0;3.67655;0;0;-1
0;647;82.1685;-33.1114;3.18493;10.4059;4719.84;6.25692;0;0;0.1;0.01;0;5.82201;0;0;-1
0;648;81.3969;-15.7991;3.841;9.58771;3691.76;5.76495;0;0;0.1;0.01;0;6.48861;0;0;-1
0;649;79.7728;0.058415;1.87722;9.17655;3236.88;5.51773;0;0;0.1;0.01;0;5.73018;0;0;-1
0;650;80.9742;18.2553;2.4461;9.17519;3235.44;5.51691;0;0;0.1;0.01;0;6.64393;0;0;-1
0;651;82.5361;36.1048;4.09282;10.3563;4652.67;6.22709;0;0;0.1;0.01;0;5.554;0;0;-1
0;652;82.8004;55.2988;4.89727;9.98006;4163.78;6.00087;0;0;0.1;0.01;0;2.85005;0;0;-1
0;653;95.8375;-23.388;2.10099;10.372;4673.86;6.23653;0;0;0.1;0.01;0;3.62839;0;0;-1
0;654;96.3576;-7.56535;4.22411;9.30892;3378.99;5.59732;0;0;0.1;0.01;0;3.40722;0;0;-1
0;655;94.523;12.1142;1.93725;9.59168;3696.35;5.76734;0;0;0.1;0.01;0;4.21382;0;0;-1
0;656;94.3084;26.6333;4.47774;10.0281;4224.2;6.02975;0;0;0.1;0.01;0;4.46594;0;0;-1
0;657;-86.8349;-40.7512;19.2026;10.0139;4206.28;6.02121;0;0;0.1;0.01;0;3.22396;0;0;-1
0;658;-85.0793;-21.1775;18.5549;9.39531;3473.94;5.64926;0;0;0.1;0.01;0;3.28437;0;0;-1
0;659;-84.8781;-4.988;19.2754;9.9256;4095.99;5.96812;0;0;0.1;0.01;0;4.60294;0;0;-1
0;660;-86.6505;10.4804;17.1898;9.41782;3498.97;5.6628;0;0;0.1;0.01;0;4.71458;0;0;-1
0;661;-85.7235;27.1058;18.3072;8.5;2572.44;5.11093;0;0;0.1;0.01;0;3.21634;1;0;-1
0;662;-84.2564;45.3333;18.9281;8.68184;2741.09;5.22026;0;0;0.1;0.01;0;2.72692;0;0;-1
0;663;-72.1117;-63.6402;19.8403;9.46219;3548.65;5.68948;0;0;0.1;0.01;0;3.3554;0;0;-1
0;664;-70.8099;-48.5634;16.6721;9.04696;3101.68;5.43981;0;0;0.1;0.01;0;6.11206;0;0;-1
0;665;-68.9868;-33.8705;19.1871;8.5;2572.44;5.11093;0;0;0.1;0.01;0;5.46836;1;0;-1
0;666;-71.9587;-13.1844;19.021;9.90376;4069.01;5.95499;0;0;0.1;0.01;0;7.23513;0;0;-1
0;667;-69.387;2.17389;19.7064;9.7357;3865.36;5.85394;0;0;0.1;0.01;0;6.93192;0;0;-1
0;668;-70.2476;18.6382;19.3008;9.64972;3763.85;5.80224;0;0;0.1;0.01;0;5.80214;0;0;-1
0;669;-70.2913;34.2571;16.7418;8.77909;2834.24;5.27874;0;0;0.1;0.01;0;4.32319;0;0;-1
0;670;-70.253;52.886;16.2639;8.5;2572.44;5.11093;0;0;0.1;0.01;0;3.91687;1;0;-1
0;671;-58.0252;-74.9474;17.1222;10.065;4271;6.05194;0;0;0.1;0.01;0;4.51541;0;0;-1
0;672;-57.497;-58.6531;18.7046;9.47117;3558.77;5.69488;0;0;0.1;0.01;0;6.43757;0;0;-1
0;673;-56.2014;-39.5376;17.4592;10.2399;4497.55;6.1571;0;0;0.1;0.01;0;7.40162;0;0;-1
0;674;-57.085;-23.2711;16.9178;8.9323;2985.23;5.37086;0;0;0.1;0.01;0;5.73249;0;0;-1
0;675;-55.1822;-6.46352;16.0504;9.97374;4155.88;5.99707;0;0;0.1;0.01;0;6.24459;0;0;-1
0;676;-57.1253;8.61539;17.4043;8.70387;2762.01;5.23351;0;0;0.1;0.01;0;5.38492;0;0;-1
0;677;-55.3813;26.7695;16.7938;9.65507;3770.12;5.80545;0;0;0.1;0.01;0;5.70901;0;0;-1
0;678;-54.9768;46.9023;18.941;8.5;2572.44;5.11093;0;0;0.1;0.01;0;4.35255;1;0;-1
0;679;-53.9903;61.9353;18.2818;8.67427;2733.93;5.21571;0;0;0.1;0.01;0;3.80913;0;0;-1
0;680;-53.7973;78.0484;19.6583;9.60026;3706.27;5.7725;0;0;0.1;0.01;0;2.63975;0;0;-1
0;681;-41.6982;-84.6125;16.8455;9.64536;3758.75;5.79962;0;0;0.1;0.01;0;4.32973;0;0;-1
0;682;-40.6307;-67.4729;17.736;8.98447;3037.85;5.40223;0;0;0.1;0.01;0;5.51494;0;0;-1
0;683;-40.4661;-47.7834;16.7395;9.09298;3149.25;5.46748;0;0;0.1;0.01;0;5.25968;0;0;-1
0;684;-42.5276;-33.0296;18.1937;9.56256;3662.78;5.74983;0;0;0.1;0.01;0;6.35427;0;0;-1
0;685;-42.1545;-13.7589;16.4931;8.5;2572.44;5.11093;0;0;0.1;0.01;0;4.91628;1;0;-1
0;686;-39.9939;2.27879;17.726;8.8338;2887.56;5.31164;0;0;0.1;0.01;0;5.0834;0;0;-1
0;687;-42.2105;18.6825;18.4644;8.81873;2872.81;5.30257;0;0;0.1;0.01;0;5.43351;0;0;-1
0;688;-41.1632;33.7367;18.2773;8.97255;3025.77;5.39506;0;0;0.1;0.01;0;5.1894;0;0;-1
0;689;-39.7085;53.2121;18.5449;8.97931;3032.62;5.39913;0;0;0.1;0.01;0;4.73824;0;0;-1
0;690;-39.5884;71.4832;16.4011;10.2106;4459.05;6.13949;0;0;0.1;0.01;0;5.90331;0;0;-1
0;691;-41.5973;87.7473;18.544;8.98874;3042.18;5.4048;0;0;0.1;0.01;0;2.93001;0;0;-1
0;692;-27.7636;-93.4563;16.8299;10.4523;4783.26;6.28482;0;0;0.1;0.01;0;3.97827;0;0;-1
0;693;-27.5071;-72.8541;18.4976;9.83112;3980.13;5.91131;0;0;0.1;0.01;0;6.16499;0;0;-1
0;694;-25.369;-56.7074;16.2793;8.5;2572.44;5.11093;0;0;0.1;0.01;0;4.44948;1;0;-1
0;695;-24.5028;-40.379;17.8416;8.88227;2935.35;5.34078;0;0;0.1;0.01;0;5.48664;0;0;-1
0;696;-28.3592;-24.7242;16.3212;9.59361;3698.58;5.7685;0;0;0.1;0.01;0;6.04815;0;0;-1
0;697;-28.3807;-7.18751;16.0158;9.33032;3402.34;5.61019;0;0;0.1;0.01;0;5.29156;0;0;-1
0;698;-26.9613;10.6765;16.4873;9.60486;3711.6;5.77526;0;0;0.1;0.01;0;6.09193;0;0;-1
0;699;-27.4515;28.0463;17.3635;9.05772;3112.76;5.44628;0;0;0.1;0.01;0;5.12862;0;0;-1
0;700;-25.4604;45.9277;17.6326;9.58543;3689.13;5.76358;0;0;0.1;0.01;0;5.76641;0;0;-1
0;701;-28.1542;62.0563;16.4059;9.01678;3070.74;5.42166;0;0;0.1;0.01;0;5.90515;0;0;-1
0;702;-27.4135;80.4131;16.315;10.1887;4430.42;6.12632;0;0;0.1;0.01;0;5.88996;0;0;-1
0;703;-13.2904;-83.609;17.6377;9.77088;3907.42;5.87509;0;0;0.1;0.01;0;5.45768;0;0;-1
0;704;-13.7318;-65.6476;17.0281;8.5;2572.44;5.11093;0;0;0.1;0.01;0;4.20908;1;0;-1
0;705;-11.1802;-47.5321;16.2721;9.7905;3931;5.88689;0;0;0.1;0.01;0;5.44975;0;0;-1
0;706;-12.3537;-30.7832;19.3444;8.63701;2698.85;5.19331;0;0;0.1;0.01;0;5.76186;0;0;-1
0;707;-11.551;-16.1902;17.4778;9.71429;3839.92;5.84106;0;0;0.1;0.01;0;6.34202;0;0;-1
0;708;-13.6703;1.66301;17.1256;10.0878;4300.09;6.06565;0;0;0.1;0.01;0;7.02305;0;0;-1
0;709;-13.1784;20.7905;16.6138;10.0841;4295.36;6.06342;0;0;0.1;0.01;0;6.26944;0;0;-1
0;710;-10.9527;37.3186;17.2905;8.97727;3030.55;5.3979;0;0;0.1;0.01;0;5.49491;0;0;-1
0;711;-10.0217;52.3593;18.2997;10.1287;4352.61;6.09024;0;0;0.1;0.01;0;6.64469;0;0;-1
0;712;-11.6701;68.4248;18.3708;8.59754;2662.02;5.16958;0;0;0.1;0.01;0;5.20822;0;0;-1
0;713;-11.052;85.2605;18.6682;8.5;2572.44;5.11093;0;0;0.1;0.01;0;3.73733;1;0;-1
0;714;1.68324;-91.9831;17.4343;10.248;4508.23;6.16197;0;0;0.1;0.01;0;3.90942;0;0;-1
0;715;4.58306;-72.2711;15.9833;8.68782;2746.76;5.22386;0;0;0.1;0.01;0;5.1547;0;0;-1
0;716;2.81765;-56.9701;17.3357;8.5;2572.44;5.11093;0;0;0.1;0.01;0;5.54572;1;0;-1
0;717;2.96211;-39.8548;16.675;9.887;4048.39;5.94491;0;0;0.1;0.01;0;6.58568;0;0;-1
0;718;2.3851;-24.4647;16.4648;8.82136;2875.38;5.30416;0;0;0.1;0.01;0;5.63671;0;0;-1
0;719;4.97467;-8.37308;17.1128;8.57217;2638.52;5.15432;0;0;0.1;0.01;0;4.74455;0;0;-1
0;720;4.1759;9.64934;16.3855;9.89258;4055.25;5.94826;0;0;0.1;0.01;0;4.89191;0;0;-1
0;721;2.15948;28.5089;16.6405;9.95865;4137.04;5.98799;0;0;0.1;0.01;0;6.24775;0;0;-1
0;722;2.53404;46.1919;15.6178;8.5982;2662.63;5.16997;0;0;0.1;0.01;0;5.80293;0;0;-1
0;723;2.66061;63.403;15.8933;10.4039;4717.12;6.25571;0;0;0.1;0.01;0;6.7137;0;0;-1
0;724;0.994969;77.964;15.9335;8.66392;2724.16;5.20949;0;0;0.1;0.01;0;5.68462;0;0;-1
0;725;4.69634;93.0889;17.7703;8.70908;2766.98;5.23664;0;0;0.1;0.01;0;2.89427;0;0;-1
0;726;17.7786;-82.3796;17.1031;10.0453;4245.97;6.04009;0;0;0.1;0.01;0;5.13142;0;0;-1
0;727;15.7976;-64.4134;16.3806;8.5;2572.44;5.11093;0;0;0.1;0.01;0;4.94309;1;0;-1
0;728;16.0262;-50.0833;18.306;9.61978;3728.93;5.78423;0;0;0.1;0.01;0;5.55395;0;0;-1
0;729;18.9308;-33.9845;18.1016;8.5;2572.44;5.11093;0;0;0.1;0.01;0;4.31426;1;0;-1
0;730;18.3551;-17.0093;17.343;9.30503;3374.75;5.59498;0;0;0.1;0.01;0;5.77581;0;0;-1
0;731;17.4633;2.71634;18.4897;8.54447;2613.03;5.13767;0;0;0.1;0.01;0;4.74077;0;0;-1
0;732;16.5797;21.1422;16.2194;9.14026;3198.63;5.49591;0;0;0.1;0.01;0;6.2762;0;0;-1
0;733;16.5159;37.0718;17.4416;8.88866;2941.69;5.34462;0;0;0.1;0.01;0;5.88871;0;0;-1
0;734;19.6635;52.9289;17.6949;8.85858;2911.93;5.32654;0;0;0.1;0.01;0;5.16909;0;0;-1
0;735;16.4145;69.7725;17.389;8.51644;2587.4;5.12081;0;0;0.1;0.01;0;5.15656;0;0;-1
0;736;17.9136;85.6738;16.4556;9.17315;3233.29;5.51568;0;0;0.1;0.01;0;3.56757;0;0;-1
0;737;33.1753;-92.4857;15.9319;9.05955;3114.64;5.44738;0;0;0.1;0.01;0;1.68999;0;0;-1
0;738;33.7867;-73.7654;16.0964;9.51316;3606.31;5.72013;0;0;0.1;0.01;0;5.47789;0;0;-1
0;739;33.1795;-55.2465;18.016;9.15668;3215.9;5.50578;0;0;0.1;0.01;0;4.54198;0;0;-1
0;740;33.6526;-39.027;18.0779;8.5;2572.44;5.11093;0;0;0.1;0.01;0;5.32969;1;0;-1
0;741;31.4399;-24.4853;16.3331;9.37929;3456.2;5.63963;0;0;0.1;0.01;0;6.48224;0;0;-1
0;742;30.7111;-8.06313;18.5944;9.30862;3378.66;5.59714;0;0;0.1;0.01;0;5.49713;0;0;-1
0;743;30.5311;11.5688;17.0171;8.87722;2930.35;5.33774;0;0;0.1;0.01;0;5.13308;0;0;-1
0;744;32.095;26.8776;16.7614;8.78131;2836.39;5.28007;0;0;0.1;0.01;0;5.4026;0;0;-1
0;745;33.2186;45.7665;16.5229;8.5;2572.44;5.11093;0;0;0.1;0.01;0;5.28911;1;0;-1
0;746;30.4887;63.4355;19.4788;9.08213;3137.99;5.46095;0;0;0.1;0.01;0;6.81635;0;0;-1
0;747;30.6497;77.8124;17.845;9.25776;3323.58;5.56656;0;0;0.1;0.01;0;5.18487;0;0;-1
0;748;45.3078;-81.2464;16.087;9.99665;4184.58;6.01084;0;0;0.1;0.01;0;4.70901;0;0;-1
0;749;48.9017;-67.6396;17.0066;8.61752;2680.62;5.18159;0;0;0.1;0.01;0;5.08371;0;0;-1
0;750;47.5124;-48.1697;18.5962;8.5;2572.44;5.11093;0;0;0.1;0.01;0;4.60288;1;0;-1
0;751;46.7635;-31.8992;16.6103;9.52674;3621.78;5.72829;0;0;0.1;0.01;0;6.82894;0;0;-1
0;752;46.3608;-15.3163;17.5037;9.96599;4146.2;5.99241;0;0;0.1;0.01;0;6.40248;0;0;-1
0;753;46.2085;4.39452;19.4811;9.61473;3723.06;5.7812;0;0;0.1;0.01;0;5.43088;0;0;-1
0;754;48.7876;20.4719;17.3406;9.77667;3914.37;5.87857;0;0;0.1;0.01;0;6.22869;0;0;-1
0;755;46.8606;34.8799;18.9845;8.5;2572.44;5.11093;0;0;0.1;0.01;0;5.23533;1;0;-1
0;756;45.0864;54.0899;16.588;10.1386;4365.39;6.09619;0;0;0.1;0.01;0;6.57496;0;0;-1
0;757;46.9791;68.9774;17.7786;8.7934;2848.13;5.28734;0;0;0.1;0.01;0;5.04398;0;0;-1
0;758;45.943;86.0479;19.6678;8.5;2572.44;5.11093;0;0;0.1;0.01;0;1.2827;1;0;-1
0;759;61.222;-75.4418;17.4876;9.74749;3879.42;5.86102;0;0;0.1;0.01;0;2.82194;0;0;-1
0;760;62.3098;-57.9516;18.162;8.5;2572.44;5.11093;0;0;0.1;0.01;0;4.94846;1;0;-1
0;761;62.5622;-38.7143;16.7041;10.097;4311.87;6.07118;0;0;0.1;0.01;0;7.49708;0;0;-1
0;762;60.4218;-24.2774;16.512;9.90118;4065.83;5.95344;0;0;0.1;0.01;0;7.54661;0;0;-1
0;763;60.3747;-7.40396;16.745;8.93108;2984.01;5.37013;0;0;0.1;0.01;0;4.81197;0;0;-1
0;764;62.4586;10.5991;16.9682;9.45392;3539.36;5.6845;0;0;0.1;0.01;0;5.77934;0;0;-1
0;765;61.6893;28.5311;16.4753;10.2254;4478.47;6.14838;0;0;0.1;0.01;0;7.22107;0;0;-1
0;766;61.8677;45.2094;19.0424;8.67367;2733.36;5.21535;0;0;0.1;0.01;0;6.08043;0;0;-1
0;767;62.2903;63.6366;19.0443;10.0225;4217.13;6.02638;0;0;0.1;0.01;0;4.83351;0;0;-1
0;768;75.9038;-50.2093;19.5131;8.70096;2759.24;5.23176;0;0;0.1;0.01;0;3.01537;0;0;-1
0;769;76.0452;-33.4806;18.3429;10.0886;4301.12;6.06613;0;0;0.1;0.01;0;6.1338;0;0;-1
0;770;77.6183;-16.9515;16.7495;8.5;2572.44;5.11093;0;0;0.1;0.01;0;4.95972;1;0;-1
0;771;74.8812;0.851855;19.4066;8.71841;2775.88;5.24225;0;0;0.1;0.01;0;4.44529;0;0;-1
0;772;76.4918;20.106;16.1838;9.82373;3971.16;5.90687;0;0;0.1;0.01;0;6.53763;0;0;-1
0;773;74.822;37.922;19.0709;10.3722;4674.14;6.23665;0;0;0.1;0.01;0;6.73452;0;0;-1
0;774;76.5246;52.427;18.7536;8.77615;2831.4;5.27697;0;0;0.1;0.01;0;4.58059;0;0;-1
0;775;91.5306;-22.068;18.6404;9.7875;3927.39;5.88508;0;0;0.1;0.01;0;4.34319;0;0;-1
0;776;92.7488;-7.35745;19.932;8.5;2572.44;5.11093;0;0;0.1;0.01;0;2.61936;1;0;-1
0;777;91.6981;9.32571;16.2195;9.05672;3111.73;5.44567;0;0;0.1;0.01;0;2.52763;0;0;-1
0;778;89.4682;26.8421;17.3952;9.35384;3428.14;5.62433;0;0;0.1;0.01;0;4.07835;0;0;-1
0;779;-93.5877;2.41117;34.5673;8.55786;2625.33;5.14572;0;0;0.1;0.01;0;2.84438;0;0;-1
0;780;-82.0404;-39.71;31.6315;9.85962;4014.85;5.92845;0;0;0.1;0.01;0;3.15525;0;0;-1
0;781;-79.6888;-25.0911;32.4523;9.32437;3395.84;5.60661;0;0;0.1;0.01;0;4.25175;0;0;-1
0;782;-78.9982;-6.09189;34.0212;9.22038;3283.49;5.54408;0;0;0.1;0.01;0;5.97763;0;0;-1
0;783;-80.1747;10.0448;31.8185;8.73128;2788.19;5.24999;0;0;0.1;0.01;0;4.89507;0;0;-1
0;784;-82.7012;25.871;30.9193;9.40262;3482.05;5.65366;0;0;0.1;0.01;0;2.7495;0;0;-1
0;785;-79.9045;46.0354;31.3457;8.54151;2610.31;5.13589;0;0;0.1;0.01;0;2.20408;0;0;-1
0;786;-65.9587;-66.8935;33.9539;9.46889;3556.2;5.69351;0;0;0.1;0.01;0;3.41728;0;0;-1
0;787;-66.6252;-47.6751;32.2365;9.70994;3834.76;5.83845;0;0;0.1;0.01;0;4.79086;0;0;-1
0;788;-64.3027;-30.7695;34.204;9.95636;4134.19;5.98661;0;0;0.1;0.01;0;6.5572;0;0;-1
0;789;-66.7737;-15.5618;31.0212;8.5;2572.44;5.11093;0;0;0.1;0.01;0;5.95202;1;0;-1
0;790;-65.6099;0.0138003;34.1247;8.9441;2997.08;5.37796;0;0;0.1;0.01;0;5.98573;0;0;-1
0;791;-66.5545;18.134;33.8917;8.5;2572.44;5.11093;0;0;0.1;0.01;0;4.43111;1;0;-1
0;792;-64.4096;35.1685;31.6544;8.58667;2651.94;5.16304;0;0;0.1;0.01;0;4.16552;0;0;-1
0;793;-66.8419;53.0582;33.2035;9.91933;4088.23;5.96435;0;0;0.1;0.01;0;3.57304;0;0;-1
0;794;-53.1864;-73.3252;30.6159;10.1149;4334.84;6.08194;0;0;0.1;0.01;0;4.85186;0;0;-1
0;795;-50.1841;-58.7156;30.986;9.48167;3570.62;5.70119;0;0;0.1;0.01;0;6.02598;0;0;-1
0;796;-49.8372;-38.4027;31.6501;9.72083;3847.68;5.84499;0;0;0.1;0.01;0;6.12876;0;0;-1
0;797;-52.8026;-21.296;31.1231;8.5;2572.44;5.11093;0;0;0.1;0.01;0;4.91565;1;0;-1
0;798;-52.7056;-7.28996;34.1922;9.66627;3783.25;5.81219;0;0;0.1;0.01;0;4.47756;0;0;-1
0;799;-51.6703;11.8701;31.7813;8.5;2572.44;5.11093;0;0;0.1;0.01;0;4.16046;1;0;-1
0;800;-50.7146;29.4046;32.6077;8.5;2572.44;5.11093;0;0;0.1;0.01;0;5.23752;1;0;-1
0;801;-52.7786;43.3406;33.1273;8.5;2572.44;5.11093;0;0;0.1;0.01;0;5.2397;1;0;-1
0;802;-51.6464;60.0673;33.9683;8.5;2572.44;5.11093;0;0;0.1;0.01;0;4.23697;1;0;-1
0;803;-35.6449;-85.3954;34.2858;10.1766;4414.65;6.11904;0;0;0.1;0.01;0;3.63607;0;0;-1
0;804;-38.0001;-66.3761;31.2879;8.5;2572.44;5.11093;0;0;0.1;0.01;0;4.55794;1;0;-1
0;805;-37.9456;-47.2915;33.1283;9.74583;3877.44;5.86003;0;0;0.1;0.01;0;5.9656;0;0;-1
0;806;-34.4737;-33.0301;33.0278;10.2533;4515.23;6.16516;0;0;0.1;0.01;0;6.52135;0;0;-1
0;807;-35.1752;-16.2784;32.7162;8.8572;2910.57;5.32571;0;0;0.1;0.01;0;4.13064;0;0;-1
0;808;-35.3366;2.97974;32.3022;8.80953;2863.83;5.29704;0;0;0.1;0.01;0;4.53446;0;0;-1
0;809;-38.3052;17.6726;32.7552;8.96634;3019.49;5.39133;0;0;0.1;0.01;0;4.9003;0;0;-1
0;810;-36.9794;37.9441;31.6602;9.65063;3764.92;5.80278;0;0;0.1;0.01;0;6.08287;0;0;-1
0;811;-36.8411;52.4732;32.4156;8.9865;3039.91;5.40345;0;0;0.1;0.01;0;5.2244;0;0;-1
0;812;-37.9053;69.1946;32.1208;8.5;2572.44;5.11093;0;0;0.1;0.01;0;3.35779;1;0;-1
0;813;-20.9677;-91.0257;34.0217;9.86408;4020.3;5.93113;0;0;0.1;0.01;0;3.76509;0;0;-1
0;814;-22.9241;-74.3029;32.2313;8.5;2572.44;5.11093;0;0;0.1;0.01;0;5.11856;1;0;-1
0;815;-22.8336;-57.0488;34.4252;8.61747;2680.57;5.18156;0;0;0.1;0.01;0;4.58692;0;0;-1
0;816;-21.8617;-42.7413;31.8908;8.61331;2676.69;5.17906;0;0;0.1;0.01;0;5.68017;0;0;-1
0;817;-20.4295;-21.6666;31.3851;8.5;2572.44;5.11093;0;0;0.1;0.01;0;3.95979;1;0;-1
0;818;-20.9561;-4.7549;34.0517;9.37895;3455.82;5.63943;0;0;0.1;0.01;0;5.90131;0;0;-1
0;819;-21.7893;11.1915;31.6422;8.93559;2988.53;5.37284;0;0;0.1;0.01;0;5.87677;0;0;-1
0;820;-22.9978;29.3677;33.7801;9.49202;3582.32;5.70741;0;0;0.1;0.01;0;5.55418;0;0;-1
0;821;-20.7384;44.2967;33.8099;9.19925;3260.96;5.53138;0;0;0.1;0.01;0;6.29478;0;0;-1
0;822;-20.4308;59.7;30.977;8.65751;2718.11;5.20564;0;0;0.1;0.01;0;5.12154;0;0;-1
0;823;-21.7727;76.7166;32.6726;10.0526;4255.24;6.04448;0;0;0.1;0.01;0;4.73802;0;0;-1
0;824;-6.81852;-81.4832;33.0083;10.2345;4490.44;6.15386;0;0;0.1;0.01;0;5.73618;0;0;-1
0;825;-7.57881;-65.8483;32.0446;9.11861;3175.96;5.48289;0;0;0.1;0.01;0;4.85336;0;0;-1
0;826;-8.80856;-46.9435;30.7948;9.1191;3176.47;5.48318;0;0;0.1;0.01;0;5.15087;0;0;-1
0;827;-5.45589;-32.629;31.1703;8.5;2572.44;5.11093;0;0;0.1;0.01;0;4.74374;1;0;-1
0;828;-8.84197;-13.177;31.588;10.4144;4731.42;6.26203;0;0;0.1;0.01;0;6.59288;0;0;-1
0;829;-7.46707;3.47343;31.9521;9.30981;3379.96;5.59785;0;0;0.1;0.01;0;6.08547;0;0;-1
0;830;-6.85375;20.9997;33.6335;10.0649;4270.88;6.05188;0;0;0.1;0.01;0;5.67486;0;0;-1
0;831;-7.48073;37.7992;34.0866;9.13604;3194.2;5.49337;0;0;0.1;0.01;0;6.14316;0;0;-1
0;832;-5.8528;51.7245;33.6885;8.5;2572.44;5.11093;0;0;0.1;0.01;0;5.49212;1;0;-1
0;833;-7.20337;69.7796;32.3996;8.73803;2794.66;5.25405;0;0;0.1;0.01;0;4.35037;0;0;-1
0;834;-6.77946;88.6456;31.13;8.56897;2635.57;5.1524;0;0;0.1;0.01;0;2.16916;0;0;-1
0;835;8.24726;-89.4376;34.6582;8.757;2812.9;5.26546;0;0;0.1;0.01;0;3.18203;0;0;-1
0;836;7.70542;-74.4732;32.4952;10.4534;4784.77;6.28548;0;0;0.1;0.01;0;7.03404;0;0;-1
0;837;6.34386;-58.9465;31.8175;8.79873;2853.31;5.29055;0;0;0.1;0.01;0;5.10381;0;0;-1
0;838;8.48944;-42.9182;33.2007;10.0561;4259.68;6.04659;0;0;0.1;0.01;0;6.75285;0;0;-1
0;839;6.86749;-23.8845;32.7503;8.90408;2957.03;5.35389;0;0;0.1;0.01;0;4.88043;0;0;-1
0;840;7.21343;-6.04721;33.7246;9.87605;4034.95;5.93833;0;0;0.1;0.01;0;6.05245;0;0;-1
0;841;5.64893;8.78822;34.381;9.10205;3158.68;5.47293;0;0;0.1;0.01;0;4.74287;0;0;-1
0;842;8.33671;27.8162;31.043;9.25309;3318.55;5.56375;0;0;0.1;0.01;0;5.15882;0;0;-1
0;843;6.79273;42.8943;30.5881;10.1876;4428.99;6.12566;0;0;0.1;0.01;0;6.4209;0;0;-1
0;844;8.63785;61.5732;30.8986;8.68436;2743.48;5.22178;0;0;0.1;0.01;0;4.75678;0;0;-1
0;845;9.12114;78.9366;31.9036;9.46328;3549.88;5.69013;0;0;0.1;0.01;0;4.70424;0;0;-1
0;846;23.1446;-82.6654;33.8561;9.93443;4106.93;5.97343;0;0;0.1;0.01;0;4.76571;0;0;-1
0;847;22.6496;-67.9665;33.0097;9.85623;4010.71;5.92641;0;0;0.1;0.01;0;5.40277;0;0;-1
0;848;23.8679;-47.7329;33.3848;8.90151;2954.47;5.35235;0;0;0.1;0.01;0;5.89747;0;0;-1
0;849;21.1364;-32.2879;32.4697;10.1635;4397.63;6.11117;0;0;0.1;0.01;0;7.03973;0;0;-1
0;850;22.1161;-14.005;32.2172;10.1553;4386.99;6.10623;0;0;0.1;0.01;0;6.79566;0;0;-1
0;851;22.3359;0.485346;30.943;8.92445;2977.37;5.36614;0;0;0.1;0.01;0;5.12718;0;0;-1
0;852;23.0065;19.3343;30.4855;9.06881;3124.2;5.45294;0;0;0.1;0.01;0;4.82346;0;0;-1
0;853;22.1058;37.5584;33.9856;9.3486;3422.38;5.62118;0;0;0.1;0.01;0;5.73585;0;0;-1
0;854;23.7956;51.387;32.5714;9.90615;4071.96;5.95642;0;0;0.1;0.01;0;6.81279;0;0;-1
0;855;22.3252;68.7586;31.002;8.75237;2808.44;5.26267;0;0;0.1;0.01;0;5.90317;0;0;-1
0;856;20.8563;89.3914;34.2282;9.34689;3420.5;5.62015;0;0;0.1;0.01;0;1.60208;0;0;-1
0;857;35.7844;-74.724;32.7953;8.5;2572.44;5.11093;0;0;0.1;0.01;0;3.42648;1;0;-1
0;858;37.1857;-55.0847;32.8363;9.55435;3653.36;5.74489;0;0;0.1;0.01;0;5.76152;0;0;-1
0;859;35.5726;-38.4168;30.8917;8.5;2572.44;5.11093;0;0;0.1;0.01;0;5.30886;1;0;-1
0;860;37.5015;-21.9799;32.184;8.5;2572.44;5.11093;0;0;0.1;0.01;0;4.75424;1;0;-1
0;861;35.8966;-4.81303;33.2115;9.17157;3231.62;5.51473;0;0;0.1;0.01;0;5.72376;0;0;-1
0;862;38.7417;9.35289;32.4806;8.59517;2659.82;5.16815;0;0;0.1;0.01;0;4.91425;0;0;-1
0;863;38.104;25.5631;32.9994;9.81869;3965.06;5.90384;0;0;0.1;0.01;0;5.59236;0;0;-1
0;864;38.3519;43.168;33.0958;9.76301;3897.98;5.87036;0;0;0.1;0.01;0;6.01997;0;0;-1
0;865;35.3797;61.8602;33.7062;9.76121;3895.83;5.86927;0;0;0.1;0.01;0;6.62582;0;0;-1
0;866;36.8549;77.2493;32.1604;10.0224;4217;6.02632;0;0;0.1;0.01;0;5.23626;0;0;-1
0;867;52.8283;-64.667;31.9354;9.06145;3116.6;5.44852;0;0;0.1;0.01;0;3.97256;0;0;-1
0;868;53.168;-49.3411;32.1237;9.43641;3519.73;5.67398;0;0;0.1;0.01;0;5.6551;0;0;-1
0;869;52.0685;-33.3838;32.4054;9.52844;3623.71;5.72931;0;0;0.1;0.01;0;6.13896;0;0;-1
0;870;51.5467;-17.3175;31.5997;9.93219;4104.15;5.97208;0;0;0.1;0.01;0;6.32002;0;0;-1
0;871;53.2142;0.915181;33.8726;10.0205;4214.6;6.02518;0;0;0.1;0.01;0;6.86697;0;0;-1
0;872;52.4615;17.8191;33.3881;8.9672;3020.36;5.39185;0;0;0.1;0.01;0;6.01589;0;0;-1
0;873;53.4763;38.1482;32.2395;8.9671;3020.26;5.39179;0;0;0.1;0.01;0;6.03741;0;0;-1
0;874;53.2652;53.1792;33.3251;9.60563;3712.5;5.77573;0;0;0.1;0.01;0;6.97015;0;0;-1
0;875;51.429;68.3314;32.4172;9.14929;3208.12;5.50134;0;0;0.1;0.01;0;4.8679;0;0;-1
0;876;67.2605;-58.0711;32.4272;8.83388;2887.64;5.31168;0;0;0.1;0.01;0;3.29135;0;0;-1
0;877;67.6961;-38.6057;31.55;9.31078;3381.01;5.59844;0;0;0.1;0.01;0;5.34565;0;0;-1
0;878;66.3873;-21.8166;31.9649;9.12977;3187.63;5.4896;0;0;0.1;0.01;0;5.27228;0;0;-1
0;879;66.9425;-4.77046;32.626;9.85842;4013.38;5.92772;0;0;0.1;0.01;0;5.72449;0;0;-1
0;880;67.2087;10.3598;32.9729;8.94914;3002.15;5.38099;0;0;0.1;0.01;0;6.55068;0;0;-1
0;881;66.2124;28.0125;33.7845;8.61621;2679.4;5.1808;0;0;0.1;0.01;0;5.82082;0;0;-1
0;882;67.3155;45.6439;31.0868;9.11558;3172.79;5.48107;0;0;0.1;0.01;0;6.46694;0;0;-1
0;883;67.0132;59.4996;32.0807;9.87652;4035.53;5.93861;0;0;0.1;0.01;0;4.75479;0;0;-1
0;884;79.9408;-30.2583;33.8354;9.91075;4077.63;5.95919;0;0;0.1;0.01;0;4.39832;0;0;-1
0;885;80.1778;-15.9648;30.7276;8.8039;2858.34;5.29366;0;0;0.1;0.01;0;4.50469;0;0;-1
0;886;79.6556;3.68721;33.5504;10.0827;4293.58;6.06258;0;0;0.1;0.01;0;4.94795;0;0;-1
0;887;80.7137;19.6998;34.1902;8.73611;2792.82;5.2529;0;0;0.1;0.01;0;3.84849;0;0;-1
0;888;80.5437;33.6389;31.9229;8.98096;3034.29;5.40012;0;0;0.1;0.01;0;4.25648;0;0;-1
0;889;-86.3526;-6.44504;47.2348;9.7781;3916.08;5.87943;0;0;0.1;0.01;0;3.2447;0;0;-1
0;890;-85.6612;9.85754;47.7958;10.4049;4718.48;6.25632;0;0;0.1;0.01;0;3.02294;0;0;-1
0;891;-69.0174;-49.9827;48.7939;10.4318;4755.17;6.27249;0;0;0.1;0.01;0;2.88073;0;0;-1
0;892;-69.3934;-33.7473;47.984;8.5;2572.44;5.11093;0;0;0.1;0.01;0;4.09441;1;0;-1
0;893;-69.367;-13.3657;47.6999;9.91875;4087.52;5.964;0;0;0.1;0.01;0;5.7245;0;0;-1
0;894;-71.5176;0.837814;46.7808;8.91111;2964.04;5.35812;0;0;0.1;0.01;0;5.62221;0;0;-1
0;895;-68.5679;18.0376;47.053;8.75571;2811.66;5.26468;0;0;0.1;0.01;0;3.93438;0;0;-1
0;896;-70.5793;36.4586;49.3685;9.25688;3322.63;5.56603;0;0;0.1;0.01;0;1.72325;0;0;-1
0;897;-56.6353;-59.6041;46.1465;8.92538;2978.3;5.3667;0;0;0.1;0.01;0;4.10193;0;0;-1
0;898;-57.0568;-39.1316;47.6034;9.30218;3371.65;5.59327;0;0;0.1;0.01;0;5.77832;0;0;-1
0;899;-57.0509;-23.2647;47.2608;8.5;2572.44;5.11093;0;0;0.1;0.01;0;5.45243;1;0;-1
0;900;-56.8224;-6.91504;48.8076;9.56046;3660.37;5.74857;0;0;0.1;0.01;0;5.90515;0;0;-1
0;901;-54.5975;12.7529;45.9875;8.6949;2753.48;5.22812;0;0;0.1;0.01;0;4.41982;0;0;-1
0;902;-57.7024;29.7437;45.9815;8.5;2572.44;5.11093;0;0;0.1;0.01;0;4.6584;1;0;-1
0;903;-56.304;45.9434;47.0298;8.5;2572.44;5.11093;0;0;0.1;0.01;0;4.45886;1;0;-1
0;904;-54.4405;61.3008;46.4159;8.73256;2789.42;5.25076;0;0;0.1;0.01;0;3.49913;0;0;-1
0;905;-40.6501;-64.3854;45.8797;8.77308;2828.43;5.27513;0;0;0.1;0.01;0;3.66354;0;0;-1
0;906;-40.4072;-50.5779;48.2052;9.14813;3206.9;5.50064;0;0;0.1;0.01;0;5.15981;0;0;-1
0;907;-43.1981;-30.0702;46.0942;10.1709;4407.24;6.11561;0;0;0.1;0.01;0;6.05371;0;0;-1
0;908;-41.5093;-14.2966;49.0801;8.5;2572.44;5.11093;0;0;0.1;0.01;0;4.98818;1;0;-1
0;909;-41.6387;0.770228;49.2591;8.65928;2719.78;5.2067;0;0;0.1;0.01;0;4.59962;0;0;-1
0;910;-42.0982;16.778;48.273;10.2808;4551.66;6.1817;0;0;0.1;0.01;0;5.92265;0;0;-1
0;911;-42.3298;35.8769;45.2291;8.59133;2656.26;5.16584;0;0;0.1;0.01;0;4.94985;0;0;-1
0;912;-41.2198;53.2396;48.9045;10.1348;4360.48;6.09391;0;0;0.1;0.01;0;6.53467;0;0;-1
0;913;-42.485;69.7215;48.0981;9.85071;4003.97;5.92309;0;0;0.1;0.01;0;4.23743;0;0;-1
0;914;-27.8308;-76.7453;46.7402;9.0812;3137.03;5.46039;0;0;0.1;0.01;0;2.96183;0;0;-1
0;915;-26.1685;-55.5062;48.3163;8.59395;2658.69;5.16742;0;0;0.1;0.01;0;5.9959;0;0;-1
0;916;-27.6874;-41.4917;46.5294;9.63897;3751.29;5.79577;0;0;0.1;0.01;0;7.57644;0;0;-1
0;917;-28.0301;-24.2541;49.4361;8.5;2572.44;5.11093;0;0;0.1;0.01;0;4.80522;1;0;-1
0;918;-25.703;-8.79593;47.3267;8.5;2572.44;5.11093;0;0;0.1;0.01;0;4.63791;1;0;-1
0;919;-26.6718;12.0261;46.5408;9.92574;4096.16;5.9682;0;0;0.1;0.01;0;5.77823;0;0;-1
0;920;-26.9552;29.5843;48.5543;10.2075;4454.99;6.13762;0;0;0.1;0.01;0;7.06257;0;0;-1
0;921;-26.3521;45.1514;48.8364;9.22863;3292.31;5.54904;0;0;0.1;0.01;0;6.11768;0;0;-1
0;922;-25.8917;60.8802;46.5203;10.3198;4603.65;6.20515;0;0;0.1;0.01;0;6.87178;0;0;-1
0;923;-25.5687;79.3377;48.4975;9.1597;3219.08;5.50759;0;0;0.1;0.01;0;3.17611;0;0;-1
0;924;-12.3604;-80.787;46.016;8.874;2927.16;5.33581;0;0;0.1;0.01;0;3.07183;0;0;-1
0;925;-11.8855;-64.6835;47.961;8.62741;2689.86;5.18754;0;0;0.1;0.01;0;4.45696;0;0;-1
0;926;-13.494;-47.9744;46.5688;10.3686;4669.27;6.23449;0;0;0.1;0.01;0;7.52126;0;0;-1
0;927;-12.6928;-33.5688;49.1051;10.005;4195.08;6.01586;0;0;0.1;0.01;0;5.88136;0;0;-1
0;928;-11.4151;-13.8808;48.6887;9.93402;4106.42;5.97318;0;0;0.1;0.01;0;6.77293;0;0;-1
0;929;-11.0372;0.26786;46.1075;9.49154;3581.78;5.70713;0;0;0.1;0.01;0;6.65057;0;0;-1
0;930;-13.1766;19.5106;47.8677;10.0132;4205.4;6.02079;0;0;0.1;0.01;0;6.25737;0;0;-1
0;931;-11.2572;37.0967;49.0543;8.84922;2902.71;5.32091;0;0;0.1;0.01;0;6.4503;0;0;-1
0;932;-12.2002;52.5398;48.7899;9.02879;3083.03;5.42888;0;0;0.1;0.01;0;7.20825;0;0;-1
0;933;-11.7516;69.7905;48.0787;10.1432;4371.33;6.09896;0;0;0.1;0.01;0;5.86784;0;0;-1
0;934;-12.818;86.618;47.9917;8.5;2572.44;5.11093;0;0;0.1;0.01;0;1.66612;1;0;-1
0;935;2.06017;-73.1418;45.8819;8.5;2572.44;5.11093;0;0;0.1;0.01;0;4.91201;1;0;-1
0;936;1.60974;-59.4393;46.6247;8.99434;3047.87;5.40817;0;0;0.1;0.01;0;5.60862;0;0;-1
0;937;2.35421;-42.2791;46.957;9.40872;3488.83;5.65733;0;0;0.1;0.01;0;5.6517;0;0;-1
0;938;1.44632;-22.4096;48.5052;9.3869;3464.62;5.64421;0;0;0.1;0.01;0;5.82091;0;0;-1
0;939;4.30941;-5.38932;49.0452;9.50215;3593.8;5.7135;0;0;0.1;0.01;0;6.81278;0;0;-1
0;940;3.2236;8.86391;49.2378;9.40384;3483.41;5.65439;0;0;0.1;0.01;0;5.80819;0;0;-1
0;941;1.82494;29.6368;47.3212;8.5;2572.44;5.11093;0;0;0.1;0.01;0;5.04869;1;0;-1
0;942;1.08804;45.5439;47.5986;8.53776;2606.88;5.13363;0;0;0.1;0.01;0;6.17144;0;0;-1
0;943;1.48867;60.6217;45.6702;9.03964;3094.15;5.4354;0;0;0.1;0.01;0;5.43625;0;0;-1
0;944;4.93253;79.729;48.6621;10.1102;4328.8;6.07912;0;0;0.1;0.01;0;3.00479;0;0;-1
0;945;18.9268;-84.4706;48.8954;8.82496;2878.9;5.30632;0;0;0.1;0.01;0;1.95471;0;0;-1
0;946;18.2811;-65.9331;46.7113;9.13393;3191.99;5.4921;0;0;0.1;0.01;0;4.69503;0;0;-1
0;947;16.927;-49.4114;46.2838;8.5;2572.44;5.11093;0;0;0.1;0.01;0;4.61374;1;0;-1
0;948;19.3931;-34.4004;45.9294;10.2763;4545.68;6.17899;0;0;0.1;0.01;0;6.56952;0;0;-1
0;949;16.1459;-14.8631;48.4594;9.22523;3288.67;5.547;0;0;0.1;0.01;0;6.34092;0;0;-1
0;950;18.7768;1.80974;48.5173;8.50641;2578.26;5.11478;0;0;0.1;0.01;0;5.65769;0;0;-1
0;951;17.3916;17.4891;46.7728;9.55479;3653.86;5.74516;0;0;0.1;0.01;0;5.23494;0;0;-1
0;952;16.0257;36.396;49.0173;8.5;2572.44;5.11093;0;0;0.1;0.01;0;4.95302;1;0;-1
0;953;19.2404;50.8444;45.5638;9.03341;3087.76;5.43166;0;0;0.1;0.01;0;5.11309;0;0;-1
0;954;17.4143;71.0963;46.7938;9.52319;3617.73;5.72616;0;0;0.1;0.01;0;4.54343;0;0;-1
0;955;33.2112;-74.2757;48.7925;8.9766;3029.87;5.3975;0;0;0.1;0.01;0;3.24472;0;0;-1
0;956;33.1137;-57.1356;47.8285;9.60965;3717.16;5.77814;0;0;0.1;0.01;0;6.04658;0;0;-1
0;957;33.4734;-39.2129;45.8207;9.85133;4004.73;5.92346;0;0;0.1;0.01;0;6.54264;0;0;-1
0;958;30.7985;-22.5167;46.1747;9.98303;4167.5;6.00265;0;0;0.1;0.01;0;6.39065;0;0;-1
0;959;31.9825;-5.04461;47.7738;9.48791;3577.67;5.70494;0;0;0.1;0.01;0;5.83393;0;0;-1
0;960;33.2578;12.0639;47.6403;9.44032;3524.1;5.67633;0;0;0.1;0.01;0;5.4789;0;0;-1
0;961;30.6838;25.7836;46.9797;9.75134;3884.02;5.86334;0;0;0.1;0.01;0;6.52778;0;0;-1
0;962;32.7078;43.2082;48.5197;8.95476;3007.81;5.38437;0;0;0.1;0.01;0;6.11648;0;0;-1
0;963;31.8847;59.3284;48.6125;9.99243;4179.28;6.0083;0;0;0.1;0.01;0;6.93128;0;0;-1
0;964;30.9321;76.2517;47.696;9.44588;3530.33;5.67967;0;0;0.1;0.01;0;4.12585;0;0;-1
0;965;45.9653;-63.7018;46.5659;8.50235;2574.57;5.11234;0;0;0.1;0.01;0;3.30991;0;0;-1
0;966;46.1769;-47.4745;47.5685;10.2055;4452.37;6.13642;0;0;0.1;0.01;0;6.42863;0;0;-1
0;967;47.6473;-31.4589;46.2934;8.5;2572.44;5.11093;0;0;0.1;0.01;0;5.04487;1;0;-1
0;968;45.2302;-13.9433;49.033;9.26855;3335.22;5.57304;0;0;0.1;0.01;0;5.88994;0;0;-1
0;969;45.9004;-0.221748;45.3765;8.5;2572.44;5.11093;0;0;0.1;0.01;0;5.34537;1;0;-1
0;970;47.718;20.7845;46.8839;10.0206;4214.73;6.02524;0;0;0.1;0.01;0;7.16737;0;0;-1
0;971;45.3038;36.6214;48.587;9.44979;3534.72;5.68202;0;0;0.1;0.01;0;6.80047;0;0;-1
0;972;46.4714;54.7712;49.1056;9.69619;3818.49;5.83018;0;0;0.1;0.01;0;5.88146;0;0;-1
0;973;45.6606;72.0079;48.4208;9.86394;4020.13;5.93104;0;0;0.1;0.01;0;3.34198;0;0;-1
0;974;63.7041;-58.7691;46.4877;8.74716;2803.43;5.25954;0;0;0.1;0.01;0;2.38062;0;0;-1
0;975;62.0115;-42.3747;47.6472;9.36522;3440.67;5.63117;0;0;0.1;0.01;0;5.04803;0;0;-1
0;976;59.8933;-24.0724;48.5226;8.5;2572.44;5.11093;0;0;0.1;0.01;0;4.86059;1;0;-1
0;977;63.605;-8.69955;46.8181;10.1425;4370.42;6.09854;0;0;0.1;0.01;0;6.67296;0;0;-1
0;978;60.664;8.13512;47.1492;9.86993;4027.46;5.93465;0;0;0.1;0.01;0;6.38242;0;0;-1
0;979;61.5214;26.8093;46.1112;9.90075;4065.3;5.95318;0;0;0.1;0.01;0;6.42635;0;0;-1
0;980;60.171;43.6491;46.0407;10.1384;4365.13;6.09607;0;0;0.1;0.01;0;6.24581;0;0;-1
0;981;61.1678;61.0014;46.9963;9.12844;3186.24;5.4888;0;0;0.1;0.01;0;3.76088;0;0;-1
0;982;77.2976;-30.3729;48.6506;8.61289;2676.3;5.17881;0;0;0.1;0.01;0;2.62299;0;0;-1
0;983;77.1354;-17.101;47.7285;8.5;2572.44;5.11093;0;0;0.1;0.01;0;3.16165;1;0;-1
0;984;75.5669;1.83293;46.5531;9.84126;3992.46;5.91741;0;0;0.1;0.01;0;5.04685;0;0;-1
0;985;78.6902;17.3393;48.7992;10.0526;4255.24;6.04448;0;0;0.1;0.01;0;4.1851;0;0;-1
0;986;75.284;34.696;45.9241;10.2898;4563.62;6.18711;0;0;0.1;0.01;0;4.40686;0;0;-1
0;987;-65.6153;-30.2914;62.2603;8.57744;2643.39;5.15749;0;0;0.1;0.01;0;3.43614;0;0;-1
0;988;-66.5747;-15.4224;63.5489;8.87947;2932.58;5.3391;0;0;0.1;0.01;0;3.54199;0;0;-1
0;989;-66.6893;0.548773;61.3402;8.52153;2592.04;5.12387;0;0;0.1;0.01;0;3.47866;0;0;-1
0;990;-66.1498;19.5149;63.9366;9.60852;3715.85;5.77746;0;0;0.1;0.01;0;3.35506;0;0;-1
0;991;-51.8185;-58.4794;60.4477;9.06277;3117.97;5.44931;0;0;0.1;0.01;0;2.13839;0;0;-1
0;992;-51.4196;-38.7596;63.6207;10.4312;4754.35;6.27213;0;0;0.1;0.01;0;5.19826;0;0;-1
0;993;-50.7476;-24.5029;63.3074;8.99047;3043.94;5.40584;0;0;0.1;0.01;0;6.41243;0;0;-1
0;994;-52.7047;-8.79522;61.3375;8.75928;2815.1;5.26683;0;0;0.1;0.01;0;4.57429;0;0;-1
0;995;-53.4874;10.326;61.6468;10.3467;4639.75;6.22132;0;0;0.1;0.01;0;5.60295;0;0;-1
0;996;-53.0208;27.1218;62.1095;8.5119;2583.26;5.11808;0;0;0.1;0.01;0;4.04353;0;0;-1
0;997;-51.7518;46.5221;61.8016;9.49673;3587.66;5.71025;0;0;0.1;0.01;0;3.02865;0;0;-1
0;998;-36.375;-47.5579;60.5194;9.31429;3384.84;5.60055;0;0;0.1;0.01;0;6.18511;0;0;-1
0;999;-36.9183;-33.1643;64.1657;8.56914;2635.73;5.1525;0;0;0.1;0.01;0;5.89201;0;0;-1
0;1000;-35.4753;-15.6574;62.6745;9.77893;3917.08;5.87993;0;0;0.1;0.01;0;6.62039;0;0;-1
0;1001;-36.1618;1.45615;63.9618;8.73934;2795.92;5.25484;0;0;0.1;0.01;0;4.87375;0;0;-1
0;1002;-35.0676;19.5881;62.2231;8.80965;2863.94;5.29711;0;0;0.1;0.01;0;5.88806;0;0;-1
0;1003;-35.228;37.0931;60.6612;9.96828;4149.06;5.99378;0;0;0.1;0.01;0;6.29361;0;0;-1
0;1004;-38.3048;52.2584;63.8425;9.47991;3568.63;5.70013;0;0;0.1;0.01;0;3.94368;0;0;-1
0;1005;-38.3147;67.9564;60.6942;9.61487;3723.22;5.78128;0;0;0.1;0.01;0;3.1848;0;0;-1
0;1006;-21.3201;-73.2338;63.7665;8.5;2572.44;5.11093;0;0;0.1;0.01;0;1.71184;1;0;-1
0;1007;-23.2916;-57.028;62.2443;10.4;4711.82;6.25337;0;0;0.1;0.01;0;6.18653;0;0;-1
0;1008;-22.243;-40.8631;61.3902;10.2717;4539.58;6.17622;0;0;0.1;0.01;0;8.02859;0;0;-1
0;1009;-21.3066;-22.7338;63.6566;8.53442;2603.82;5.13162;0;0;0.1;0.01;0;6.24217;0;0;-1
0;1010;-21.9738;-5.56865;62.128;10.3597;4657.26;6.22914;0;0;0.1;0.01;0;6.4384;0;0;-1
0;1011;-22.1186;10.5221;60.854;8.5;2572.44;5.11093;0;0;0.1;0.01;0;3.63381;1;0;-1
0;1012;-23.787;26.8093;63.5233;9.01866;3072.66;5.42279;0;0;0.1;0.01;0;4.69384;0;0;-1
0;1013;-22.4075;44.476;62.8103;9.87176;4029.7;5.93575;0;0;0.1;0.01;0;6.77155;0;0;-1
0;1014;-21.8302;59.7007;60.1773;8.81698;2871.1;5.30152;0;0;0.1;0.01;0;5.43761;0;0;-1
0;1015;-7.87313;-67.6922;60.3414;8.52518;2595.37;5.12607;0;0;0.1;0.01;0;3.89177;0;0;-1
0;1016;-7.87096;-47.7031;63.13;10.2311;4485.96;6.15181;0;0;0.1;0.01;0;6.71326;0;0;-1
0;1017;-5.56172;-29.887;63.3954;9.05885;3113.92;5.44696;0;0;0.1;0.01;0;6.57428;0;0;-1
0;1018;-6.85245;-15.3322;60.9668;8.54701;2615.36;5.13919;0;0;0.1;0.01;0;6.62538;0;0;-1
0;1019;-8.78464;0.620443;60.7691;8.5;2572.44;5.11093;0;0;0.1;0.01;0;4.71385;1;0;-1
0;1020;-6.95396;20.8287;60.3936;8.92528;2978.2;5.36664;0;0;0.1;0.01;0;4.61558;0;0;-1
0;1021;-8.83321;36.0104;63.5797;9.68264;3802.51;5.82203;0;0;0.1;0.01;0;7.04734;0;0;-1
0;1022;-6.47198;52.1443;61.0317;9.64341;3756.48;5.79844;0;0;0.1;0.01;0;7.58161;0;0;-1
0;1023;-7.43276;67.6704;60.8751;10.3052;4584.14;6.19637;0;0;0.1;0.01;0;4.93639;0;0;-1
0;1024;5.31545;-73.772;61.954;8.5;2572.44;5.11093;0;0;0.1;0.01;0;2.23751;1;0;-1
0;1025;6.8742;-57.4058;62.2999;10.176;4413.87;6.11868;0;0;0.1;0.01;0;5.81643;0;0;-1
0;1026;7.74325;-39.3516;61.0332;8.5;2572.44;5.11093;0;0;0.1;0.01;0;4.55228;1;0;-1
0;1027;6.3824;-22.6902;62.3435;9.92312;4092.92;5.96663;0;0;0.1;0.01;0;6.71142;0;0;-1
0;1028;9.17315;-6.37336;62.4716;10.2402;4497.94;6.15728;0;0;0.1;0.01;0;6.85601;0;0;-1
0;1029;8.78324;12.1977;62.245;8.66534;2725.5;5.21034;0;0;0.1;0.01;0;4.78837;0;0;-1
0;1030;7.922;26.3223;63.4116;8.5;2572.44;5.11093;0;0;0.1;0.01;0;5.49456;1;0;-1
0;1031;7.42367;42.0723;60.0809;10.2988;4575.6;6.19252;0;0;0.1;0.01;0;6.63427;0;0;-1
0;1032;6.63967;63.0845;63.2861;9.3194;3390.41;5.60362;0;0;0.1;0.01;0;4.62318;0;0;-1
0;1033;21.3021;-63.8653;60.9587;8.5;2572.44;5.11093;0;0;0.1;0.01;0;3.70126;1;0;-1
0;1034;23.2544;-50.2985;61.9518;8.5;2572.44;5.11093;0;0;0.1;0.01;0;4.43374;1;0;-1
0;1035;20.9392;-32.3645;61.0261;8.5;2572.44;5.11093;0;0;0.1;0.01;0;3.83302;1;0;-1
0;1036;24.216;-12.6682;60.3664;8.5;2572.44;5.11093;0;0;0.1;0.01;0;5.40534;1;0;-1
0;1037;20.6127;2.95445;61.7841;8.5;2572.44;5.11093;0;0;0.1;0.01;0;5.06297;1;0;-1
0;1038;23.0811;19.7959;63.7358;10.3275;4613.96;6.20978;0;0;0.1;0.01;0;7.34183;0;0;-1
0;1039;21.925;37.8422;63.1493;8.70203;2760.26;5.2324;0;0;0.1;0.01;0;5.68838;0;0;-1
0;1040;21.5776;53.1559;60.4243;8.5;2572.44;5.11093;0;0;0.1;0.01;0;5.29707;1;0;-1
0;1041;22.1358;69.1084;61.3929;9.0674;3122.75;5.4521;0;0;0.1;0.01;0;3.38998;0;0;-1
0;1042;34.6686;-59.7338;63.5357;8.5;2572.44;5.11093;0;0;0.1;0.01;0;2.17464;1;0;-1
0;1043;36.1555;-39.3426;62.5757;9.23923;3303.66;5.55541;0;0;0.1;0.01;0;4.51096;0;0;-1
0;1044;38.1841;-22.812;61.8915;8.81792;2872.02;5.30209;0;0;0.1;0.01;0;4.89484;0;0;-1
0;1045;35.796;-5.06191;62.6097;8.95321;3006.25;5.38344;0;0;0.1;0.01;0;4.80411;0;0;-1
0;1046;38.2676;12.2872;61.3801;9.45337;3538.74;5.68417;0;0;0.1;0.01;0;5.6476;0;0;-1
0;1047;37.9545;26.2082;60.249;8.5;2572.44;5.11093;0;0;0.1;0.01;0;6.7317;1;0;-1
0;1048;35.5221;43.3623;63.5196;9.23679;3301.05;5.55395;0;0;0.1;0.01;0;5.62978;0;0;-1
0;1049;38.6625;60.4738;63.3854;9.72555;3853.28;5.84783;0;0;0.1;0.01;0;3.947;0;0;-1
0;1050;53.4567;-48.7339;61.7439;9.52246;3616.9;5.72572;0;0;0.1;0.01;0;3.22441;0;0;-1
0;1051;50.3659;-33.3945;60.8837;8.5;2572.44;5.11093;0;0;0.1;0.01;0;4.87547;1;0;-1
0;1052;51.0266;-15.2822;62.1434;9.58171;3684.83;5.76134;0;0;0.1;0.01;0;5.69807;0;0;-1
0;1053;50.0364;0.790602;62.7007;8.5;2572.44;5.11093;0;0;0.1;0.01;0;4.12921;1;0;-1
0;1054;50.5488;20.6946;60.9314;8.5;2572.44;5.11093;0;0;0.1;0.01;0;5.72246;1;0;-1
0;1055;50.8718;34.8079;61.817;9.8158;3961.56;5.9021;0;0;0.1;0.01;0;6.01671;0;0;-1
0;1056;53.6971;53.0072;62.7363;10.1404;4367.71;6.09728;0;0;0.1;0.01;0;3.14301;0;0;-1
0;1057;67.0766;-40.8558;60.8969;10.4293;4751.76;6.27099;0;0;0.1;0.01;0;2.85329;0;0;-1
0;1058;64.4528;-21.5202;62.1442;8.5;2572.44;5.11093;0;0;0.1;0.01;0;2.95786;1;0;-1
0;1059;64.4423;-5.4387;61.8735;8.5;2572.44;5.11093;0;0;0.1;0.01;0;4.08004;1;0;-1
0;1060;66.7731;9.19713;60.6576;9.7064;3830.57;5.83632;0;0;0.1;0.01;0;3.28626;0;0;-1
0;1061;65.1706;25.0332;60.1602;8.80062;2855.15;5.29169;0;0;0.1;0.01;0;2.82086;0;0;-1
0;1062;-54.4219;-23.7658;75.9858;9.34551;3418.99;5.61932;0;0;0.1;0.01;0;3.6022;0;0;-1
0;1063;-56.5108;-4.70443;78.7045;8.5;2572.44;5.11093;0;0;0.1;0.01;0;1.66279;1;0;-1
0;1064;-54.9451;10.6827;76.2469;9.32397;3395.4;5.60637;0;0;0.1;0.01;0;3.90415;0;0;-1
0;1065;-56.4421;29.7264;75.0153;10.447;4775.99;6.28163;0;0;0.1;0.01;0;3.23486;0;0;-1
0;1066;-40.0273;-48.9617;77.0265;8.5;2572.44;5.11093;0;0;0.1;0.01;0;2.24646;1;0;-1
0;1067;-42.2526;-30.7987;77.7938;8.79456;2849.25;5.28804;0;0;0.1;0.01;0;4.7494;0;0;-1
0;1068;-40.3996;-15.928;75.0993;9.98709;4172.59;6.00509;0;0;0.1;0.01;0;6.54671;0;0;-1
0;1069;-40.4531;2.86836;77.9509;9.51488;3608.27;5.72116;0;0;0.1;0.01;0;5.72955;0;0;-1
0;1070;-41.6367;17.7765;74.6444;8.54694;2615.29;5.13915;0;0;0.1;0.01;0;5.54975;0;0;-1
0;1071;-39.3217;33.6791;76.4801;9.87209;4030.1;5.93594;0;0;0.1;0.01;0;4.14318;0;0;-1
0;1072;-24.3929;-55.1633;76.9384;9.73996;3870.44;5.8565;0;0;0.1;0.01;0;3.46815;0;0;-1
0;1073;-26.2743;-40.8472;74.9497;9.02504;3079.19;5.42663;0;0;0.1;0.01;0;5.50497;0;0;-1
0;1074;-27.4697;-23.1561;76.5311;10.0637;4269.35;6.05116;0;0;0.1;0.01;0;7.01434;0;0;-1
0;1075;-27.2482;-4.51857;77.9013;9.34698;3420.6;5.6202;0;0;0.1;0.01;0;6.54936;0;0;-1
0;1076;-24.9819;12.2889;77.0423;9.04555;3100.23;5.43896;0;0;0.1;0.01;0;5.77532;0;0;-1
0;1077;-25.7864;26.531;77.3017;9.31413;3384.66;5.60045;0;0;0.1;0.01;0;5.89691;0;0;-1
0;1078;-25.3429;43.7244;77.7659;9.28589;3353.97;5.58347;0;0;0.1;0.01;0;3.80767;0;0;-1
0;1079;-10.066;-47.8113;76.4042;8.80812;2862.45;5.29619;0;0;0.1;0.01;0;4.92247;0;0;-1
0;1080;-12.4518;-31.1467;76.4156;10.2266;4480.05;6.14911;0;0;0.1;0.01;0;7.47771;0;0;-1
0;1081;-12.8029;-16.174;74.6125;9.40462;3484.27;5.65486;0;0;0.1;0.01;0;7.35067;0;0;-1
0;1082;-13.5673;0.329484;78.4965;10.2202;4471.64;6.14526;0;0;0.1;0.01;0;6.59642;0;0;-1
0;1083;-11.4814;20.572;78.3179;8.95194;3004.97;5.38267;0;0;0.1;0.01;0;5.81138;0;0;-1
0;1084;-10.8844;36.51;76.7815;10.0821;4292.81;6.06222;0;0;0.1;0.01;0;7.2755;0;0;-1
0;1085;-11.99;51.5981;76.3122;9.93362;4105.93;5.97294;0;0;0.1;0.01;0;4.78291;0;0;-1
0;1086;3.54584;-58.8468;76.6026;10.3992;4710.73;6.25289;0;0;0.1;0.01;0;3.37116;0;0;-1
0;1087;1.38152;-42.2299;78.4819;8.5;2572.44;5.11093;0;0;0.1;0.01;0;4.97611;1;0;-1
0;1088;4.76727;-23.2463;76.3344;10.0445;4244.96;6.03961;0;0;0.1;0.01;0;6.80741;0;0;-1
0;1089;1.29699;-7.59286;78.2446;9.92445;4094.57;5.96743;0;0;0.1;0.01;0;6.26823;0;0;-1
0;1090;3.27057;11.4158;77.6358;8.90179;2954.75;5.35252;0;0;0.1;0.01;0;4.54153;0;0;-1
0;1091;1.50656;27.3597;77.7762;9.65841;3774.03;5.80746;0;0;0.1;0.01;0;7.23942;0;0;-1
0;1092;2.54282;42.4954;76.4656;10.3015;4579.2;6.19414;0;0;0.1;0.01;0;6.33606;0;0;-1
0;1093;4.04424;61.371;76.5683;9.70352;3827.16;5.83459;0;0;0.1;0.01;0;3.29161;0;0;-1
0;1094;16.476;-49.6005;74.9953;8.82222;2876.22;5.30467;0;0;0.1;0.01;0;3.515;0;0;-1
0;1095;17.4651;-30.7391;77.8438;9.94785;4123.6;5.9815;0;0;0.1;0.01;0;6.04407;0;0;-1
0;1096;18.4962;-13.1224;74.6074;9.11763;3174.93;5.4823;0;0;0.1;0.01;0;6.14025;0;0;-1
0;1097;16.7244;3.34193;76.3106;8.78297;2838;5.28107;0;0;0.1;0.01;0;5.25181;0;0;-1
0;1098;18.4084;20.126;76.758;8.5;2572.44;5.11093;0;0;0.1;0.01;0;5.81245;1;0;-1
0;1099;18.604;33.9786;76.0103;10.0972;4312.13;6.0713;0;0;0.1;0.01;0;7.30686;0;0;-1
0;1100;18.5662;54.4265;76.1429;9.59276;3697.6;5.76799;0;0;0.1;0.01;0;3.60151;0;0;-1
0;1101;32.5519;-40.2006;76.4319;10.1849;4425.47;6.12403;0;0;0.1;0.01;0;3.81253;0;0;-1
0;1102;31.2456;-22.9453;78.5541;10.1291;4353.13;6.09048;0;0;0.1;0.01;0;5.58297;0;0;-1
0;1103;31.1823;-5.98532;77.3425;8.5572;2624.72;5.14532;0;0;0.1;0.01;0;5.20035;0;0;-1
0;1104;32.3723;11.743;76.1735;9.07028;3125.72;5.45383;0;0;0.1;0.01;0;4.46361;0;0;-1
0;1105;34.5185;28.4098;76.6495;10.3011;4578.67;6.1939;0;0;0.1;0.01;0;5.87433;0;0;-1
0;1106;30.9545;46.4947;78.1597;10.3268;4613.03;6.20935;0;0;0.1;0.01;0;4.17064;0;0;-1
0;1107;49.0841;-30.3924;78.67;9.26179;3327.92;5.56898;0;0;0.1;0.01;0;1.69034;0;0;-1
0;1108;45.448;-13.8828;75.3108;8.5304;2600.14;5.12921;0;0;0.1;0.01;0;4.7624;0;0;-1
0;1109;47.4424;0.399148;77.9828;8.55106;2619.08;5.14163;0;0;0.1;0.01;0;3.45407;0;0;-1
0;1110;48.3207;20.0374;74.9229;9.58572;3689.46;5.76375;0;0;0.1;0.01;0;3.86881;0;0;-1
0;1111;49.0098;36.2386;77.4668;8.5;2572.44;5.11093;0;0;0.1;0.01;0;2.34156;1;0;-1
0;1112;60.4392;-6.10538;78.4483;8.5;2572.44;5.11093;0;0;0.1;0.01;0;1.59375;1;0;-1
0;1113;-36.2714;-15.7304;89.6395;9.8315;3980.59;5.91154;0;0;0.1;0.01;0;4.24687;0;0;-1
0;1114;-36.4139;1.56741;91.2442;8.5;2572.44;5.11093;0;0;0.1;0.01;0;3.92093;1;0;-1
0;1115;-38.4465;16.9531;89.8892;10.0141;4206.53;6.02133;0;0;0.1;0.01;0;3.76963;0;0;-1
0;1116;-21.1032;-24.4699;90.0459;10.4526;4783.67;6.285;0;0;0.1;0.01;0;4.94894;0;0;-1
0;1117;-23.4173;-6.3622;93.0703;10.0382;4236.98;6.03582;0;0;0.1;0.01;0;4.54195;0;0;-1
0;1118;-22.7356;11.6889;89.7636;8.5;2572.44;5.11093;0;0;0.1;0.01;0;4.56557;1;0;-1
0;1119;-21.6276;27.6363;93.3725;10.1704;4406.59;6.11531;0;0;0.1;0.01;0;3.63883;0;0;-1
0;1120;-7.47757;-31.471;90.7924;9.99572;4183.41;6.01028;0;0;0.1;0.01;0;4.74569;0;0;-1
0;1121;-8.53494;-14.0102;89.4457;9.49792;3589.01;5.71096;0;0;0.1;0.01;0;6.43206;0;0;-1
0;1122;-6.51294;1.18376;92.6609;9.92513;4095.41;5.96784;0;0;0.1;0.01;0;5.31262;0;0;-1
0;1123;-5.80679;19.131;93.318;10.3778;4681.71;6.24002;0;0;0.1;0.01;0;5.37844;0;0;-1
0;1124;-7.61444;35.0379;92.3602;8.5;2572.44;5.11093;0;0;0.1;0.01;0;3.70876;1;0;-1
0;1125;5.422;-38.5672;92.1462;8.64182;2703.36;5.1962;0;0;0.1;0.01;0;2.77464;0;0;-1
0;1126;6.63319;-23.3644;92.1248;9.97299;4154.94;5.99661;0;0;0.1;0.01;0;4.85836;0;0;-1
0;1127;7.32796;-5.04197;91.605;9.76217;3896.98;5.86985;0;0;0.1;0.01;0;4.37179;0;0;-1
0;1128;6.66619;10.8066;91.2079;9.29955;3368.79;5.59168;0;0;0.1;0.01;0;4.12629;0;0;-1
0;1129;6.09659;28.7499;90.0602;9.47028;3557.76;5.69434;0;0;0.1;0.01;0;5.33358;0;0;-1
0;1130;23.7531;-31.9757;89.8618;8.5;2572.44;5.11093;0;0;0.1;0.01;0;2.94862;1;0;-1
0;1131;20.7078;-13.4747;89.3539;8.96289;3016.01;5.38926;0;0;0.1;0.01;0;4.82237;0;0;-1
0;1132;22.795;0.120892;90.1706;8.56343;2630.46;5.14907;0;0;0.1;0.01;0;3.46896;0;0;-1
0;1133;20.0074;20.817;90.965;8.88242;2935.5;5.34087;0;0;0.1;0.01;0;3.25269;0;0;-1
0;1134;20.8912;36.7143;90.3466;8.61361;2676.97;5.17924;0;0;0.1;0.01;0;2.71903;0;0;-1
0;1135;37.3196;-7.80645;89.7316;9.767;3902.76;5.87276;0;0;0.1;0.01;0;3.6374;0;0;-1
0;1136;35.4249;9.72969;91.1679;8.5238;2594.11;5.12524;0;0;0.1;0.01;0;1.96359;0;0;-1
