Time;ID;x;y;z;radius;volume_total;radius_nuclear;contact_ECM;freezer;polarized_fraction;motility;cell_line;Cell_cell;phase;Cycle;NFkB
0;0;-51.3189;-4.61112;-83.4237;8.5;2572.44;5.11093;0;0;0.1;0.01;0;2.64454;1;0;-1
0;1;-37.4329;-33.3438;-84.6858;9.8791;4038.69;5.94016;0;0;0.1;0.01;0;2.6763;0;0;-1
0;2;-37.6563;-13.8296;-86.4839;8.5;2572.44;5.11093;0;0;0.1;0.01;0;2.65188;1;0;-1
0;3;-38.5081;0.471096;-85.5919;8.93259;2985.53;5.37104;0;0;0.1;0.01;0;2.49594;0;0;-1
0;4;-35.4904;20.6053;-84.3377;10.0373;4235.84;6.03528;0;0;0.1;0.01;0;3.05483;0;0;-1
0;5;-21.8018;-40.6292;-87.2595;9.31441;3384.97;5.60062;0;0;0.1;0.01;0;2.80783;0;0;-1
0;6;-20.5477;-22.4009;-85.9356;8.72424;2781.45;5.24576;0;0;0.1;0.01;0;4.23993;0;0;-1
0;7;-21.0327;-8.41967;-84.5138;8.68751;2746.47;5.22367;0;0;0.1;0.01;0;4.10643;0;0;-1
0;8;-20.3052;10.7169;-85.9744;8.9461;2999.09;5.37916;0;0;0.1;0.01;0;3.39538;0;0;-1
0;9;-22.297;28.7617;-84.0075;9.1147;3171.87;5.48054;0;0;0.1;0.01;0;3.81316;0;0;-1
0;10;-8.84346;-49.3334;-83.4123;10.3831;4688.89;6.24321;0;0;0.1;0.01;0;3.60997;0;0;-1
0;11;-7.09607;-30.7522;-87.1682;9.25676;3322.5;5.56596;0;0;0.1;0.01;0;4.75156;0;0;-1
0;12;-6.80732;-16.6191;-86.249;8.92614;2979.06;5.36716;0;0;0.1;0.01;0;5.07852;0;0;-1
0;13;-6.59115;0.141256;-85.5162;10.1914;4433.94;6.12794;0;0;0.1;0.01;0;5.01988;0;0;-1
0;14;-7.5644;20.0314;-83.7613;10.1998;4444.92;6.13299;0;0;0.1;0.01;0;5.00686;0;0;-1
0;15;-7.67891;38.2913;-83.9338;9.71243;3837.71;5.83994;0;0;0.1;0.01;0;3.321;0;0;-1
0;16;7.44438;-40.8669;-85.9506;10.0896;4302.4;6.06673;0;0;0.1;0.01;0;4.84797;0;0;-1
0;17;6.40574;-24.235;-83.489;10.0954;4309.82;6.07022;0;0;0.1;0.01;0;6.03679;0;0;-1
0;18;8.72366;-6.02061;-85.8378;8.76963;2825.09;5.27305;0;0;0.1;0.01;0;3.89405;0;0;-1
0;19;6.47825;10.933;-86.7612;8.73724;2793.9;5.25358;0;0;0.1;0.01;0;2.6673;0;0;-1
0;20;7.75465;27.7539;-87.3872;8.84193;2895.54;5.31652;0;0;0.1;0.01;0;3.1842;0;0;-1
0;21;8.87784;45.3829;-83.5801;10.2972;4573.47;6.19156;0;0;0.1;0.01;0;3.80099;0;0;-1
0;22;20.244;-49.1551;-84.4982;9.44966;3534.57;5.68194;0;0;0.1;0.01;0;3.2343;0;0;-1
0;23;23.3387;-34.0347;-86.6618;10.0918;4305.21;6.06805;0;0;0.1;0.01;0;5.12393;0;0;-1
0;24;20.6119;-15.7228;-84.9676;8.5;2572.44;5.11093;0;0;0.1;0.01;0;3.28148;1;0;-1
0;25;22.4791;3.44911;-86.8677;8.58914;2654.22;5.16453;0;0;0.1;0.01;0;3.59064;0;0;-1
0;26;23.6318;20.3928;-84.4865;8.88816;2941.2;5.34432;0;0;0.1;0.01;0;4.47602;0;0;-1
0;27;23.5502;37.7423;-84.8627;9.8457;3997.87;5.92008;0;0;0.1;0.01;0;3.69322;0;0;-1
0;28;36.3525;-40.1942;-83.6481;9.99562;4183.29;6.01022;0;0;0.1;0.01;0;3.769;0;0;-1
0;29;35.4697;-25.548;-86.1265;8.5;2572.44;5.11093;0;0;0.1;0.01;0;3.01591;1;0;-1
0;30;37.2076;-5.59626;-85.3004;10.2046;4451.19;6.13588;0;0;0.1;0.01;0;2.53022;0;0;-1
0;31;36.5581;10.8597;-83.9715;10.2277;4481.49;6.14977;0;0;0.1;0.01;0;3.93932;0;0;-1
0;32;37.5908;26.98;-83.9265;10.0868;4298.82;6.06505;0;0;0.1;0.01;0;4.35836;0;0;-1
0;33;-70.5278;-14.7648;-69.3737;9.3986;3477.59;5.65124;0;0;0.1;0.01;0;2.28002;0;0;-1
0;34;-57.8091;-39.4485;-71.3428;9.97762;4160.73;5.9994;0;0;0.1;0.01;0;3.10588;0;0;-1
0;35;-56.666;-25.1905;-72.4955;9.30194;3371.39;5.59312;0;0;0.1;0.01;0;3.99662;0;0;-1
0;36;-54.7629;-8.89802;-70.8518;8.5;2572.44;5.11093;0;0;0.1;0.01;0;4.50364;1;0;-1
0;37;-56.2959;9.85601;-69.798;10.3383;4628.45;6.21627;0;0;0.1;0.01;0;3.50634;0;0;-1
0;38;-57.788;28.4763;-71.511;8.5;2572.44;5.11093;0;0;0.1;0.01;0;2.15648;1;0;-1
0;39;-54.6567;46.9005;-68.5813;9.52835;3623.61;5.72926;0;0;0.1;0.01;0;3.24061;0;0;-1
0;40;-41.5464;-51.315;-72.6823;9.08313;3139.03;5.46155;0;0;0.1;0.01;0;2.11096;0;0;-1
0;41;-41.3982;-30.4532;-70.9844;9.44447;3528.75;5.67882;0;0;0.1;0.01;0;5.73815;0;0;-1
0;42;-42.2319;-16.6246;-69.6684;10.4347;4759.14;6.27423;0;0;0.1;0.01;0;6.85611;0;0;-1
0;43;-39.4117;1.73132;-69.0966;8.5;2572.44;5.11093;0;0;0.1;0.01;0;4.22086;1;0;-1
0;44;-42.3787;16.7546;-69.0627;8.5;2572.44;5.11093;0;0;0.1;0.01;0;4.68391;1;0;-1
0;45;-42.4225;34.253;-69.8635;9.48534;3574.76;5.7034;0;0;0.1;0.01;0;5.21331;0;0;-1
0;46;-41.2168;53.4623;-69.4142;8.5;2572.44;5.11093;0;0;0.1;0.01;0;3.80442;1;0;-1
0;47;-26.5824;-57.1942;-70.3604;8.69547;2754.02;5.22846;0;0;0.1;0.01;0;4.02516;0;0;-1
0;48;-28.5589;-42.5932;-68.4949;10.4235;4743.83;6.2675;0;0;0.1;0.01;0;6.38794;0;0;-1
0;49;-26.2496;-24.7433;-70.6809;8.78999;2844.81;5.28529;0;0;0.1;0.01;0;5.81232;0;0;-1
0;50;-24.7289;-8.80987;-71.8672;8.5;2572.44;5.11093;0;0;0.1;0.01;0;4.47362;1;0;-1
0;51;-26.8815;11.1069;-69.6566;9.33999;3412.93;5.616;0;0;0.1;0.01;0;5.34991;0;0;-1
0;52;-26.0026;26.9253;-69.242;10.0291;4225.46;6.03035;0;0;0.1;0.01;0;6.56973;0;0;-1
0;53;-27.6132;43.7317;-70.6686;9.33376;3406.11;5.61225;0;0;0.1;0.01;0;4.60061;0;0;-1
0;54;-27.1645;62.1979;-69.8043;9.79464;3935.99;5.88937;0;0;0.1;0.01;0;3.7385;0;0;-1
0;55;-13.5718;-63.8505;-69.0158;9.87774;4037.02;5.93934;0;0;0.1;0.01;0;4.04141;0;0;-1
0;56;-13.8187;-48.138;-68.3391;8.5;2572.44;5.11093;0;0;0.1;0.01;0;5.72326;1;0;-1
0;57;-11.3467;-31.1855;-72.6089;8.91585;2968.77;5.36097;0;0;0.1;0.01;0;5.09826;0;0;-1
0;58;-12.6988;-15.0508;-70.9724;9.29638;3365.35;5.58978;0;0;0.1;0.01;0;6.58763;0;0;-1
0;59;-9.94768;1.96482;-71.7821;9.45092;3535.99;5.6827;0;0;0.1;0.01;0;5.80679;0;0;-1
0;60;-11.6479;16.5893;-70.1491;8.82064;2874.68;5.30372;0;0;0.1;0.01;0;5.34621;0;0;-1
0;61;-11.8822;36.628;-70.9312;9.09843;3154.92;5.47075;0;0;0.1;0.01;0;4.65181;0;0;-1
0;62;-10.7505;55.084;-70.3592;9.75011;3882.55;5.8626;0;0;0.1;0.01;0;3.31329;0;0;-1
0;63;2.17796;-56.2414;-69.0645;9.01971;3073.73;5.42342;0;0;0.1;0.01;0;4.74032;0;0;-1
0;64;3.94181;-40.1485;-72.0492;8.76763;2823.16;5.27185;0;0;0.1;0.01;0;5.20028;0;0;-1
0;65;2.71703;-22.8977;-68.5012;10.2393;4496.76;6.15674;0;0;0.1;0.01;0;7.06991;0;0;-1
0;66;4.34187;-7.97821;-72.0188;9.90275;4067.77;5.95438;0;0;0.1;0.01;0;6.59448;0;0;-1
0;67;2.3513;10.1711;-69.2167;8.5;2572.44;5.11093;0;0;0.1;0.01;0;4.96569;1;0;-1
0;68;4.40482;26.7924;-69.6902;8.5;2572.44;5.11093;0;0;0.1;0.01;0;4.49117;1;0;-1
0;69;4.43537;45.7961;-70.5473;9.40266;3482.1;5.65368;0;0;0.1;0.01;0;6.07109;0;0;-1
0;70;3.50652;63.715;-70.1493;9.87208;4030.09;5.93594;0;0;0.1;0.01;0;3.45382;0;0;-1
0;71;16.332;-66.2691;-69.8993;9.33398;3406.35;5.61239;0;0;0.1;0.01;0;2.89099;0;0;-1
0;72;15.9667;-47.1699;-70.9269;8.71329;2770.99;5.23917;0;0;0.1;0.01;0;4.75321;0;0;-1
0;73;19.2597;-30.2041;-70.8764;10.2304;4485.04;6.15139;0;0;0.1;0.01;0;6.8895;0;0;-1
0;74;16.4072;-14.0949;-69.2243;8.5;2572.44;5.11093;0;0;0.1;0.01;0;6.69835;1;0;-1
0;75;16.9944;1.22141;-71.3284;9.24351;3308.26;5.55799;0;0;0.1;0.01;0;5.43916;0;0;-1
0;76;16.0066;18.2075;-69.2054;8.72477;2781.96;5.24608;0;0;0.1;0.01;0;4.98718;0;0;-1
0;77;17.3085;35.4446;-70.6364;9.03495;3089.34;5.43258;0;0;0.1;0.01;0;5.48875;0;0;-1
0;78;19.4579;55.0762;-70.2784;10.194;4437.34;6.1295;0;0;0.1;0.01;0;4.06584;0;0;-1
0;79;31.0801;-57.7949;-69.4674;8.5;2572.44;5.11093;0;0;0.1;0.01;0;3.36119;1;0;-1
0;80;31.7637;-38.529;-68.43;9.87873;4038.24;5.93994;0;0;0.1;0.01;0;6.27518;0;0;-1
0;81;32.0193;-21.8272;-69.6489;8.5;2572.44;5.11093;0;0;0.1;0.01;0;4.93414;1;0;-1
0;82;33.3331;-6.34146;-68.8083;9.53103;3626.67;5.73087;0;0;0.1;0.01;0;5.57056;0;0;-1
0;83;30.5744;12.4419;-71.3009;9.73152;3860.39;5.85142;0;0;0.1;0.01;0;6.45212;0;0;-1
0;84;33.6256;28.6036;-68.5209;10.0382;4236.98;6.03582;0;0;0.1;0.01;0;6.88762;0;0;-1
0;85;34.0073;43.7461;-71.9712;8.5;2572.44;5.11093;0;0;0.1;0.01;0;4.23573;1;0;-1
0;86;46.3691;-51.2936;-68.9066;9.61922;3728.28;5.7839;0;0;0.1;0.01;0;2.75848;0;0;-1
0;87;45.9801;-30.4843;-71.9518;9.01313;3067.01;5.41946;0;0;0.1;0.01;0;4.33358;0;0;-1
0;88;47.5544;-13.4218;-72;9.9526;4129.51;5.98435;0;0;0.1;0.01;0;4.8663;0;0;-1
0;89;45.3282;1.65315;-69.0612;8.5;2572.44;5.11093;0;0;0.1;0.01;0;5.76267;1;0;-1
0;90;47.3072;17.1287;-68.9545;10.3912;4699.87;6.24808;0;0;0.1;0.01;0;6.38386;0;0;-1
0;91;48.9689;36.8815;-71.9544;10.2103;4458.66;6.13931;0;0;0.1;0.01;0;3.53499;0;0;-1
0;92;46.7006;54.1061;-69.003;8.5;2572.44;5.11093;0;0;0.1;0.01;0;2.53843;1;0;-1
0;93;60.0245;-25.6672;-72.0457;10.0688;4275.84;6.05422;0;0;0.1;0.01;0;2.75326;0;0;-1
0;94;62.5644;-5.60635;-71.9201;8.73835;2794.97;5.25424;0;0;0.1;0.01;0;2.33507;0;0;-1
0;95;61.331;9.87366;-68.8416;9.81409;3959.49;5.90107;0;0;0.1;0.01;0;3.63356;0;0;-1
0;96;-80.3944;-8.31222;-55.407;9.69228;3813.88;5.82783;0;0;0.1;0.01;0;2.96246;0;0;-1
0;97;-80.1248;12.4622;-54.3336;8.7296;2786.58;5.24898;0;0;0.1;0.01;0;2.61359;0;0;-1
0;98;-65.7608;-48.4214;-54.2718;10.1245;4347.2;6.08771;0;0;0.1;0.01;0;4.68027;0;0;-1
0;99;-67.7029;-33.8797;-55.41;8.95215;3005.18;5.3828;0;0;0.1;0.01;0;3.30325;0;0;-1
0;100;-65.5547;-12.6494;-56.3773;8.50736;2579.13;5.11535;0;0;0.1;0.01;0;4.00061;0;0;-1
0;101;-64.5977;1.73431;-53.9679;9.72048;3847.26;5.84478;0;0;0.1;0.01;0;5.33386;0;0;-1
0;102;-68.0112;19.6447;-57.7806;8.68328;2742.46;5.22113;0;0;0.1;0.01;0;3.53503;0;0;-1
0;103;-66.444;35.4385;-55.5531;8.5;2572.44;5.11093;0;0;0.1;0.01;0;3.49144;1;0;-1
0;104;-52.2508;-59.3475;-54.8737;9.7421;3872.99;5.85778;0;0;0.1;0.01;0;4.05945;0;0;-1
0;105;-52.9128;-42.3734;-57.5542;8.54632;2614.73;5.13878;0;0;0.1;0.01;0;4.59203;0;0;-1
0;106;-51.3212;-24.6946;-57.807;8.5;2572.44;5.11093;0;0;0.1;0.01;0;4.56938;1;0;-1
0;107;-49.8617;-4.79739;-57.1201;9.83619;3986.29;5.91436;0;0;0.1;0.01;0;6.4204;0;0;-1
0;108;-51.7469;12.0409;-54.3895;9.7551;3888.52;5.8656;0;0;0.1;0.01;0;7.06043;0;0;-1
0;109;-51.0341;27.8548;-57.8126;10.3779;4681.85;6.24008;0;0;0.1;0.01;0;6.92841;0;0;-1
0;110;-52.1427;44.8053;-54.0119;9.75705;3890.85;5.86677;0;0;0.1;0.01;0;6.19836;0;0;-1
0;111;-50.5756;59.7288;-54.4356;10.0947;4308.92;6.0698;0;0;0.1;0.01;0;5.15173;0;0;-1
0;112;-38.6639;-66.5816;-56.348;9.78686;3926.62;5.8847;0;0;0.1;0.01;0;4.10061;0;0;-1
0;113;-38.3739;-51.0443;-54.5689;9.22818;3291.83;5.54877;0;0;0.1;0.01;0;5.19103;0;0;-1
0;114;-36.5536;-31.2284;-56.247;9.62245;3732.03;5.78584;0;0;0.1;0.01;0;6.18152;0;0;-1
0;115;-36.5232;-14.8546;-55.7946;10.2702;4537.59;6.17532;0;0;0.1;0.01;0;6.81644;0;0;-1
0;116;-37.752;2.43981;-54.3708;8.98033;3033.65;5.39974;0;0;0.1;0.01;0;5.52307;0;0;-1
0;117;-36.079;20.9955;-57.0196;10.2728;4541.04;6.17689;0;0;0.1;0.01;0;7.54065;0;0;-1
0;118;-35.2044;36.6489;-55.0713;8.75833;2814.18;5.26626;0;0;0.1;0.01;0;6.65463;0;0;-1
0;119;-36.9987;51.2809;-56.5096;10.0445;4244.96;6.03961;0;0;0.1;0.01;0;6.94545;0;0;-1
0;120;-35.927;70.3136;-57.9314;10.4064;4720.52;6.25722;0;0;0.1;0.01;0;4.27277;0;0;-1
0;121;-23.9308;-76.0268;-57.328;9.56038;3660.28;5.74852;0;0;0.1;0.01;0;3.14299;0;0;-1
0;122;-21.8336;-56.2129;-56.411;9.42137;3502.92;5.66493;0;0;0.1;0.01;0;6.50995;0;0;-1
0;123;-21.0918;-40.4619;-54.85;10.0066;4197.09;6.01682;0;0;0.1;0.01;0;6.98239;0;0;-1
0;124;-23.6227;-22.5404;-56.7423;9.91108;4078.04;5.95939;0;0;0.1;0.01;0;6.87511;0;0;-1
0;125;-21.5834;-7.15033;-56.3465;8.98657;3039.98;5.40349;0;0;0.1;0.01;0;5.62887;0;0;-1
0;126;-22.4099;8.99965;-55.9861;9.44496;3529.3;5.67912;0;0;0.1;0.01;0;4.7997;0;0;-1
0;127;-21.4026;25.5984;-55.5874;8.61865;2681.68;5.18227;0;0;0.1;0.01;0;5.26525;0;0;-1
0;128;-21.7845;42.3062;-56.7023;8.5;2572.44;5.11093;0;0;0.1;0.01;0;5.12182;1;0;-1
0;129;-22.1155;63.2052;-54.463;10.3642;4663.33;6.23184;0;0;0.1;0.01;0;7.13677;0;0;-1
0;130;-22.0255;77.9786;-57.0112;9.14647;3205.16;5.49964;0;0;0.1;0.01;0;3.52716;0;0;-1
0;131;-9.28363;-80.7872;-56.0131;8.5;2572.44;5.11093;0;0;0.1;0.01;0;2.46835;1;0;-1
0;132;-5.76858;-65.6661;-55.7498;9.0412;3095.76;5.43634;0;0;0.1;0.01;0;4.74484;0;0;-1
0;133;-6.23224;-47.1136;-55.1236;9.62786;3738.33;5.78909;0;0;0.1;0.01;0;5.88219;0;0;-1
0;134;-8.77082;-29.9211;-54.613;9.80216;3945.06;5.8939;0;0;0.1;0.01;0;5.57548;0;0;-1
0;135;-8.94628;-14.1391;-55.423;8.61231;2675.76;5.17846;0;0;0.1;0.01;0;5.83966;0;0;-1
0;136;-7.06556;0.371879;-56.7173;8.5;2572.44;5.11093;0;0;0.1;0.01;0;5.33767;1;0;-1
0;137;-5.92476;20.9947;-55.1513;10.3787;4682.93;6.24056;0;0;0.1;0.01;0;6.33273;0;0;-1
0;138;-8.23801;36.9536;-55.4907;10.3709;4672.38;6.23587;0;0;0.1;0.01;0;6.41089;0;0;-1
0;139;-5.83138;54.9372;-55.1063;10.4463;4775.03;6.28121;0;0;0.1;0.01;0;6.18329;0;0;-1
0;140;-8.71948;70.3271;-55.1354;8.9171;2970.02;5.36172;0;0;0.1;0.01;0;3.3016;0;0;-1
0;141;8.98334;-74.3207;-56.9002;8.95921;3012.3;5.38704;0;0;0.1;0.01;0;3.4679;0;0;-1
0;142;6.86235;-58.0794;-56.2107;9.9375;4110.74;5.97527;0;0;0.1;0.01;0;6.12597;0;0;-1
0;143;7.34405;-41.7047;-54.9302;8.5;2572.44;5.11093;0;0;0.1;0.01;0;4.38147;1;0;-1
0;144;9.39891;-22.7177;-56.6023;9.348;3421.72;5.62082;0;0;0.1;0.01;0;6.49551;0;0;-1
0;145;6.03245;-8.02009;-56.859;9.37777;3454.52;5.63872;0;0;0.1;0.01;0;6.47297;0;0;-1
0;146;5.60775;9.72317;-55.2359;8.95394;3006.98;5.38387;0;0;0.1;0.01;0;4.27807;0;0;-1
0;147;8.44472;27.749;-53.9543;10.1128;4332.14;6.08068;0;0;0.1;0.01;0;6.67639;0;0;-1
0;148;8.5356;44.9751;-55.9736;10.2821;4553.38;6.18248;0;0;0.1;0.01;0;7.63866;0;0;-1
0;149;8.84125;59.8419;-57.7143;8.76315;2818.83;5.26915;0;0;0.1;0.01;0;5.80819;0;0;-1
0;150;8.56843;79.8463;-54.3454;9.33081;3402.88;5.61048;0;0;0.1;0.01;0;2.80569;0;0;-1
0;151;22.2828;-64.2593;-56.6562;9.79249;3933.4;5.88808;0;0;0.1;0.01;0;4.96802;0;0;-1
0;152;24.1796;-49.9851;-53.72;8.97699;3030.27;5.39773;0;0;0.1;0.01;0;5.40043;0;0;-1
0;153;20.2907;-32.6144;-55.2869;9.10775;3164.62;5.47636;0;0;0.1;0.01;0;5.15471;0;0;-1
0;154;20.521;-12.7132;-57.3707;9.31056;3380.77;5.5983;0;0;0.1;0.01;0;6.00966;0;0;-1
0;155;23.6283;1.42141;-56.4439;9.29185;3360.43;5.58705;0;0;0.1;0.01;0;5.67974;0;0;-1
0;156;23.752;20.6604;-55.7375;10.1452;4373.92;6.10016;0;0;0.1;0.01;0;6.42634;0;0;-1
0;157;22.6855;38.2395;-56.2053;10.0929;4306.62;6.06871;0;0;0.1;0.01;0;7.04087;0;0;-1
0;158;22.9289;54.3766;-53.9783;10.4336;4757.64;6.27357;0;0;0.1;0.01;0;7.09826;0;0;-1
0;159;22.057;70.5645;-57.6894;9.08793;3144.01;5.46444;0;0;0.1;0.01;0;2.47051;0;0;-1
0;160;38.5695;-56.0264;-56.4265;9.06067;3115.8;5.44805;0;0;0.1;0.01;0;4.55333;0;0;-1
0;161;34.9344;-38.3547;-54.7227;8.60039;2664.67;5.17129;0;0;0.1;0.01;0;5.32488;0;0;-1
0;162;38.5233;-25.0975;-56.4542;9.04343;3098.05;5.43768;0;0;0.1;0.01;0;5.6051;0;0;-1
0;163;37.2077;-5.69305;-54.8347;8.57831;2644.2;5.15801;0;0;0.1;0.01;0;5.96631;0;0;-1
0;164;38.4614;8.33327;-55.409;9.23354;3297.56;5.55199;0;0;0.1;0.01;0;6.96443;0;0;-1
0;165;38.8704;25.4349;-54.6042;9.85015;4003.29;5.92275;0;0;0.1;0.01;0;6.3266;0;0;-1
0;166;36.7841;46.1512;-56.6519;9.17439;3234.6;5.51643;0;0;0.1;0.01;0;5.8549;0;0;-1
0;167;36.3675;60.7344;-54.1217;8.5;2572.44;5.11093;0;0;0.1;0.01;0;4.54007;1;0;-1
0;168;52.8871;-50.9585;-56.0579;8.97539;3028.65;5.39677;0;0;0.1;0.01;0;3.2869;0;0;-1
0;169;52.0652;-31.09;-54.1372;9.95776;4135.93;5.98746;0;0;0.1;0.01;0;5.72996;0;0;-1
0;170;52.9085;-15.0673;-54.385;8.5;2572.44;5.11093;0;0;0.1;0.01;0;5.229;1;0;-1
0;171;52.2509;0.0384766;-54.3852;9.99184;4178.54;6.00795;0;0;0.1;0.01;0;7.51452;0;0;-1
0;172;51.1918;18.0857;-56.0376;9.0008;3054.44;5.41205;0;0;0.1;0.01;0;6.79161;0;0;-1
0;173;52.9415;34.0737;-55.7623;9.24176;3306.38;5.55694;0;0;0.1;0.01;0;5.31183;0;0;-1
0;174;52.698;55.2598;-56.5053;10.1122;4331.37;6.08032;0;0;0.1;0.01;0;4.26918;0;0;-1
0;175;64.6177;-40.8704;-56.6716;9.03274;3087.07;5.43126;0;0;0.1;0.01;0;2.99478;0;0;-1
0;176;67.2811;-25.0823;-56.1084;9.38578;3463.38;5.64353;0;0;0.1;0.01;0;4.42142;0;0;-1
0;177;67.7758;-4.49964;-55.1337;8.5;2572.44;5.11093;0;0;0.1;0.01;0;5.13802;1;0;-1
0;178;65.8299;11.9951;-53.8083;9.54477;3642.38;5.73913;0;0;0.1;0.01;0;5.87355;0;0;-1
0;179;66.0092;26.6443;-55.2761;8.5;2572.44;5.11093;0;0;0.1;0.01;0;3.89072;1;0;-1
0;180;64.7672;46.0659;-54.3203;9.81335;3958.59;5.90062;0;0;0.1;0.01;0;3.39624;0;0;-1
0;181;79.7173;-16.8515;-56.7556;10.1836;4423.77;6.12325;0;0;0.1;0.01;0;2.82807;0;0;-1
0;182;82.223;1.11865;-54.4704;8.92226;2975.18;5.36483;0;0;0.1;0.01;0;2.8272;0;0;-1
0;183;-87.5132;-21.6647;-40.6303;9.37018;3446.14;5.63415;0;0;0.1;0.01;0;3.14597;0;0;-1
0;184;-84.1175;-8.17305;-40.1242;10.0307;4227.49;6.03131;0;0;0.1;0.01;0;5.21934;0;0;-1
0;185;-86.3107;12.352;-39.6303;9.63572;3747.5;5.79382;0;0;0.1;0.01;0;4.43949;0;0;-1
0;186;-86.6575;29.3334;-39.2303;9.84885;4001.71;5.92197;0;0;0.1;0.01;0;3.00427;0;0;-1
0;187;-70.1802;-48.0421;-39.6376;8.5;2572.44;5.11093;0;0;0.1;0.01;0;4.05789;1;0;-1
0;188;-72.1215;-33.9471;-41.561;10.2288;4482.94;6.15043;0;0;0.1;0.01;0;5.02704;0;0;-1
0;189;-71.5934;-14.5681;-41.6299;8.5;2572.44;5.11093;0;0;0.1;0.01;0;5.38683;1;0;-1
0;190;-72.677;3.61721;-40.9302;10.2704;4537.86;6.17544;0;0;0.1;0.01;0;7.38535;0;0;-1
0;191;-70.5097;19.0736;-42.0682;9.73679;3866.66;5.85459;0;0;0.1;0.01;0;6.24187;0;0;-1
0;192;-69.9879;37.0804;-42.9181;9.92192;4091.44;5.96591;0;0;0.1;0.01;0;5.68271;0;0;-1
0;193;-72.6582;51.3922;-41.1029;9.59208;3696.81;5.76758;0;0;0.1;0.01;0;3.09331;0;0;-1
0;194;-56.9526;-59.203;-39.934;10.3288;4615.71;6.21056;0;0;0.1;0.01;0;5.2499;0;0;-1
0;195;-56.7249;-39.4602;-41.8706;9.50868;3601.22;5.71743;0;0;0.1;0.01;0;6.64166;0;0;-1
0;196;-54.1665;-24.6431;-40.9062;9.31218;3382.54;5.59928;0;0;0.1;0.01;0;5.42017;0;0;-1
0;197;-57.4621;-7.32827;-42.0168;10.0834;4294.47;6.063;0;0;0.1;0.01;0;6.98979;0;0;-1
0;198;-55.0644;9.53953;-39.8526;10.2811;4552.05;6.18188;0;0;0.1;0.01;0;6.71303;0;0;-1
0;199;-55.542;25.8733;-41.551;9.89022;4052.35;5.94685;0;0;0.1;0.01;0;6.11362;0;0;-1
0;200;-56.9718;42.6517;-40.1061;9.6706;3788.34;5.81479;0;0;0.1;0.01;0;6.52605;0;0;-1
0;201;-54.2535;60.4476;-39.5938;9.62047;3729.73;5.78465;0;0;0.1;0.01;0;5.24091;0;0;-1
0;202;-40.5195;-80.6236;-40.9815;8.5;2572.44;5.11093;0;0;0.1;0.01;0;2.97169;1;0;-1
0;203;-41.6812;-65.9006;-39.2298;9.46189;3548.32;5.6893;0;0;0.1;0.01;0;6.3819;0;0;-1
0;204;-43.0539;-47.5219;-41.7159;8.5;2572.44;5.11093;0;0;0.1;0.01;0;4.90142;1;0;-1
0;205;-42.5693;-31.6904;-42.2074;8.64528;2706.61;5.19828;0;0;0.1;0.01;0;5.0937;0;0;-1
0;206;-40.2488;-13.4536;-40.6495;9.60474;3711.47;5.77519;0;0;0.1;0.01;0;6.10396;0;0;-1
0;207;-42.0111;1.94892;-39.9942;9.25091;3316.21;5.56244;0;0;0.1;0.01;0;6.47399;0;0;-1
0;208;-41.7821;19.663;-42.4179;8.59492;2659.59;5.168;0;0;0.1;0.01;0;5.91341;0;0;-1
0;209;-41.4493;34.4604;-41.4089;8.78789;2842.77;5.28403;0;0;0.1;0.01;0;5.64143;0;0;-1
0;210;-40.2705;53.6184;-41.219;9.53739;3633.94;5.73469;0;0;0.1;0.01;0;7.07341;0;0;-1
0;211;-40.8061;68.4786;-42.1368;10.3601;4657.8;6.22938;0;0;0.1;0.01;0;6.0811;0;0;-1
0;212;-27.6592;-72.9645;-42.8739;9.39388;3472.35;5.6484;0;0;0.1;0.01;0;6.10684;0;0;-1
0;213;-28.1441;-57.7276;-40.4605;10.4418;4768.86;6.2785;0;0;0.1;0.01;0;7.09306;0;0;-1
0;214;-25.2967;-38.5064;-42.3707;9.23225;3296.18;5.55122;0;0;0.1;0.01;0;5.32726;0;0;-1
0;215;-25.0104;-22.3777;-39.8173;9.9908;4177.24;6.00732;0;0;0.1;0.01;0;6.38984;0;0;-1
0;216;-24.7449;-5.18067;-40.6565;8.87426;2927.42;5.33596;0;0;0.1;0.01;0;5.61408;0;0;-1
0;217;-25.4513;9.75773;-41.0453;8.5;2572.44;5.11093;0;0;0.1;0.01;0;4.0421;1;0;-1
0;218;-28.1748;27.0144;-42.0154;9.3773;3454;5.63843;0;0;0.1;0.01;0;5.48904;0;0;-1
0;219;-27.2191;44.1224;-42.0976;9.59228;3697.04;5.7677;0;0;0.1;0.01;0;6.10534;0;0;-1
0;220;-27.5583;60.5331;-40.7619;9.41372;3494.4;5.66033;0;0;0.1;0.01;0;7.06685;0;0;-1
0;221;-25.0138;77.1718;-42.0772;9.57316;3674.98;5.7562;0;0;0.1;0.01;0;5.24533;0;0;-1
0;222;-12.9869;-83.1455;-42.1689;8.61093;2674.48;5.17763;0;0;0.1;0.01;0;4.03657;0;0;-1
0;223;-12.954;-67.607;-39.7403;10.0617;4266.8;6.04995;0;0;0.1;0.01;0;6.69412;0;0;-1
0;224;-12.3937;-49.3794;-41.835;9.18212;3242.78;5.52108;0;0;0.1;0.01;0;5.31729;0;0;-1
0;225;-9.78587;-33.3266;-39.8353;9.50911;3601.71;5.71769;0;0;0.1;0.01;0;6.11714;0;0;-1
0;226;-13.0698;-15.5128;-40.7553;8.69144;2750.2;5.22604;0;0;0.1;0.01;0;6.37337;0;0;-1
0;227;-11.0646;0.256945;-41.4492;8.66025;2720.7;5.20728;0;0;0.1;0.01;0;5.45254;0;0;-1
0;228;-12.5366;20.0326;-39.3417;9.95302;4130.03;5.98461;0;0;0.1;0.01;0;6.1597;0;0;-1
0;229;-9.96092;34.3125;-39.7641;8.5;2572.44;5.11093;0;0;0.1;0.01;0;6.08727;1;0;-1
0;230;-11.5621;52.9623;-39.3561;10.1789;4417.65;6.12042;0;0;0.1;0.01;0;6.47134;0;0;-1
0;231;-11.0996;70.7602;-40.044;9.43087;3513.53;5.67065;0;0;0.1;0.01;0;5.57654;0;0;-1
0;232;-9.78479;87.0998;-39.9625;8.5;2572.44;5.11093;0;0;0.1;0.01;0;2.38876;1;0;-1
0;233;2.81953;-89.544;-42.0554;9.11671;3173.97;5.48175;0;0;0.1;0.01;0;2.88099;0;0;-1
0;234;4.67886;-74.9296;-41.1621;8.55271;2620.59;5.14262;0;0;0.1;0.01;0;5.17739;0;0;-1
0;235;2.01208;-59.7574;-39.3763;9.47364;3561.55;5.69636;0;0;0.1;0.01;0;5.41844;0;0;-1
0;236;3.62835;-40.7657;-39.8045;8.5;2572.44;5.11093;0;0;0.1;0.01;0;4.84962;1;0;-1
0;237;4.67679;-25.2778;-39.513;9.5216;3615.92;5.7252;0;0;0.1;0.01;0;6.13864;0;0;-1
0;238;1.23411;-8.08049;-42.4277;10.2613;4525.8;6.16997;0;0;0.1;0.01;0;6.26765;0;0;-1
0;239;3.21783;10.4483;-41.0065;8.61838;2681.42;5.18211;0;0;0.1;0.01;0;4.36944;0;0;-1
0;240;4.07511;27.187;-39.4763;8.90471;2957.66;5.35427;0;0;0.1;0.01;0;6.72713;0;0;-1
0;241;1.22592;43.0289;-40.2765;10.0973;4312.25;6.07136;0;0;0.1;0.01;0;7.97741;0;0;-1
0;242;1.52306;60.6222;-40.9691;8.5;2572.44;5.11093;0;0;0.1;0.01;0;5.36126;1;0;-1
0;243;3.95512;76.3861;-41.0751;9.14274;3201.24;5.4974;0;0;0.1;0.01;0;5.26496;0;0;-1
0;244;17.67;-82.3276;-42.0937;8.5;2572.44;5.11093;0;0;0.1;0.01;0;3.29446;1;0;-1
0;245;18.2152;-65.4542;-39.2882;10.2625;4527.39;6.17069;0;0;0.1;0.01;0;5.88485;0;0;-1
0;246;17.9208;-46.4608;-40.8042;8.89095;2943.97;5.346;0;0;0.1;0.01;0;5.26743;0;0;-1
0;247;17.8391;-31.7645;-41.1594;8.5;2572.44;5.11093;0;0;0.1;0.01;0;5.83805;1;0;-1
0;248;19.0976;-15.4954;-41.7711;9.48375;3572.97;5.70244;0;0;0.1;0.01;0;5.92437;0;0;-1
0;249;19.7503;1.94137;-42.1582;9.10927;3166.21;5.47727;0;0;0.1;0.01;0;4.69307;0;0;-1
0;250;17.6637;17.7348;-40.5165;9.27102;3337.88;5.57453;0;0;0.1;0.01;0;5.59869;0;0;-1
0;251;19.0256;36.7149;-42.8361;9.9124;4079.67;5.96018;0;0;0.1;0.01;0;7.63501;0;0;-1
0;252;16.796;52.0124;-39.6904;10.0976;4312.64;6.07154;0;0;0.1;0.01;0;7.44177;0;0;-1
0;253;18.7594;68.4675;-41.1952;10.3155;4597.9;6.20256;0;0;0.1;0.01;0;5.94142;0;0;-1
0;254;16.4103;87.4161;-41.1266;10.0767;4285.92;6.05897;0;0;0.1;0.01;0;3.14741;0;0;-1
0;255;32.9527;-75.6308;-42.5056;8.64912;2710.22;5.20059;0;0;0.1;0.01;0;2.25217;0;0;-1
0;256;30.5641;-56.4918;-40.5206;9.0958;3152.18;5.46917;0;0;0.1;0.01;0;6.28014;0;0;-1
0;257;33.7149;-41.1811;-40.465;10.005;4195.08;6.01586;0;0;0.1;0.01;0;7.65398;0;0;-1
0;258;32.7739;-25.289;-41.5681;10.1242;4346.81;6.08753;0;0;0.1;0.01;0;7.40537;0;0;-1
0;259;33.7406;-8.04411;-42.0277;8.5;2572.44;5.11093;0;0;0.1;0.01;0;4.72399;1;0;-1
0;260;33.8432;10.0294;-42.2918;8.5;2572.44;5.11093;0;0;0.1;0.01;0;5.09974;1;0;-1
0;261;33.8464;29.5213;-39.8844;8.93213;2985.06;5.37076;0;0;0.1;0.01;0;6.03303;0;0;-1
0;262;32.9447;46.1549;-39.4224;10.038;4236.72;6.0357;0;0;0.1;0.01;0;7.76743;0;0;-1
0;263;33.921;60.0839;-39.7071;9.38769;3465.49;5.64468;0;0;0.1;0.01;0;6.20743;0;0;-1
0;264;33.5535;79.838;-40.4247;8.95437;3007.42;5.38413;0;0;0.1;0.01;0;2.74535;0;0;-1
0;265;47.8254;-65.2746;-41.6057;8.94443;2997.41;5.37816;0;0;0.1;0.01;0;2.46645;0;0;-1
0;266;47.14;-47.7046;-39.9492;9.52788;3623.08;5.72898;0;0;0.1;0.01;0;5.80342;0;0;-1
0;267;47.7677;-30.2364;-39.2212;10.3176;4600.71;6.20382;0;0;0.1;0.01;0;7.65911;0;0;-1
0;268;46.7901;-14.938;-42.5876;10.067;4273.55;6.05314;0;0;0.1;0.01;0;7.77882;0;0;-1
0;269;46.0833;2.87723;-42.1827;8.5;2572.44;5.11093;0;0;0.1;0.01;0;6.2019;1;0;-1
0;270;47.7575;16.8716;-43.0406;10.1627;4396.59;6.11068;0;0;0.1;0.01;0;7.43911;0;0;-1
0;271;46.8457;37.966;-41.099;9.52653;3621.54;5.72816;0;0;0.1;0.01;0;6.19143;0;0;-1
0;272;46.7008;52.1417;-42.8708;9.67637;3795.12;5.81826;0;0;0.1;0.01;0;6.60612;0;0;-1
0;273;46.8345;69.2605;-39.8944;9.92643;4097.02;5.96862;0;0;0.1;0.01;0;4.49761;0;0;-1
0;274;60.3733;-55.3639;-39.3255;9.8308;3979.74;5.91112;0;0;0.1;0.01;0;4.74573;0;0;-1
0;275;63.9931;-41.6912;-39.8253;8.94562;2998.61;5.37887;0;0;0.1;0.01;0;4.28125;0;0;-1
0;276;61.2103;-23.3549;-39.8304;8.55006;2618.16;5.14103;0;0;0.1;0.01;0;5.54205;0;0;-1
0;277;63.4173;-7.79415;-42.3293;9.67674;3795.56;5.81848;0;0;0.1;0.01;0;6.80282;0;0;-1
0;278;63.5991;8.22838;-39.4669;10.0114;4203.13;6.01971;0;0;0.1;0.01;0;6.56035;0;0;-1
0;279;63.0223;26.1921;-42.2747;10.0357;4233.81;6.03432;0;0;0.1;0.01;0;6.07557;0;0;-1
0;280;61.5493;42.1364;-41.1951;8.88075;2933.85;5.33987;0;0;0.1;0.01;0;5.0829;0;0;-1
0;281;61.9971;60.4245;-42.4607;9.23144;3295.32;5.55073;0;0;0.1;0.01;0;3.67845;0;0;-1
0;282;74.9428;-32.4976;-43.1698;9.0112;3065.04;5.4183;0;0;0.1;0.01;0;3.21784;0;0;-1
0;283;77.7417;-15.0008;-41.1229;8.62851;2690.89;5.1882;0;0;0.1;0.01;0;4.46555;0;0;-1
0;284;76.3289;-0.0856342;-41.4669;10.2851;4557.37;6.18428;0;0;0.1;0.01;0;6.87674;0;0;-1
0;285;78.7406;19.727;-42.8265;8.99017;3043.63;5.40566;0;0;0.1;0.01;0;3.3305;0;0;-1
0;286;76.5318;34.3392;-41.941;9.23964;3304.1;5.55566;0;0;0.1;0.01;0;3.54267;0;0;-1
0;287;90.5162;-4.55652;-40.5381;8.7003;2758.62;5.23136;0;0;0.1;0.01;0;2.23212;0;0;-1
0;288;-95.1325;-13.5122;-24.706;8.77145;2826.85;5.27415;0;0;0.1;0.01;0;3.17459;0;0;-1
0;289;-95.6341;1.24735;-26.0943;9.92316;4092.97;5.96665;0;0;0.1;0.01;0;3.8748;0;0;-1
0;290;-80.8659;-41.5009;-24.6619;9.90428;4069.65;5.9553;0;0;0.1;0.01;0;2.88738;0;0;-1
0;291;-81.798;-23.4406;-27.3419;9.5595;3659.27;5.74799;0;0;0.1;0.01;0;3.86518;0;0;-1
0;292;-78.9092;-4.65383;-26.484;10.0423;4242.17;6.03829;0;0;0.1;0.01;0;5.59173;0;0;-1
0;293;-82.5735;10.9722;-26.4483;10.1274;4350.93;6.08946;0;0;0.1;0.01;0;6.28604;0;0;-1
0;294;-82.4134;27.6794;-25.1447;10.0349;4232.8;6.03384;0;0;0.1;0.01;0;5.0274;0;0;-1
0;295;-80.4014;44.5614;-28.1086;9.88358;4044.19;5.94285;0;0;0.1;0.01;0;3.28363;0;0;-1
0;296;-64.0831;-67.8751;-25.9978;8.5;2572.44;5.11093;0;0;0.1;0.01;0;2.51706;1;0;-1
0;297;-64.3784;-48.9939;-26.1291;8.77835;2833.53;5.27829;0;0;0.1;0.01;0;4.35842;0;0;-1
0;298;-64.5283;-31.265;-25.4612;9.74862;3880.77;5.8617;0;0;0.1;0.01;0;5.4682;0;0;-1
0;299;-64.488;-12.8926;-26.9918;9.28066;3348.31;5.58033;0;0;0.1;0.01;0;5.55682;0;0;-1
0;300;-66.0787;4.44744;-26.0263;8.5;2572.44;5.11093;0;0;0.1;0.01;0;5.93956;1;0;-1
0;301;-65.4703;20.2213;-26.9321;8.59094;2655.89;5.16561;0;0;0.1;0.01;0;5.71279;0;0;-1
0;302;-64.6881;35.2167;-27.1721;10.0497;4251.56;6.04274;0;0;0.1;0.01;0;6.3083;0;0;-1
0;303;-64.5509;50.9154;-26.2274;9.27992;3347.51;5.57988;0;0;0.1;0.01;0;5.74968;0;0;-1
0;304;-66.6779;68.6696;-26.7103;9.4554;3541.02;5.68539;0;0;0.1;0.01;0;2.15161;0;0;-1
0;305;-49.7086;-72.5029;-27.7904;8.99661;3050.18;5.40953;0;0;0.1;0.01;0;5.22851;0;0;-1
0;306;-49.6161;-58.1784;-26.2895;9.25063;3315.91;5.56227;0;0;0.1;0.01;0;6.29339;0;0;-1
0;307;-51.5413;-39.7112;-26.347;9.3425;3415.69;5.61751;0;0;0.1;0.01;0;6.00801;0;0;-1
0;308;-52.4103;-23.1178;-27.5508;9.77632;3913.95;5.87836;0;0;0.1;0.01;0;6.55555;0;0;-1
0;309;-50.482;-7.03266;-27.8091;9.73264;3861.72;5.8521;0;0;0.1;0.01;0;6.60856;0;0;-1
0;310;-53.0191;8.65233;-26.3255;8.9409;2993.87;5.37603;0;0;0.1;0.01;0;5.48675;0;0;-1
0;311;-51.1112;26.7834;-24.468;9.14375;3202.3;5.498;0;0;0.1;0.01;0;5.5776;0;0;-1
0;312;-49.9893;45.51;-24.8779;9.78011;3918.5;5.88064;0;0;0.1;0.01;0;7.33743;0;0;-1
0;313;-50.6693;62.4864;-25.5789;8.75947;2815.28;5.26694;0;0;0.1;0.01;0;6.08529;0;0;-1
0;314;-51.7938;78.4853;-28.261;8.72318;2780.44;5.24512;0;0;0.1;0.01;0;2.65082;0;0;-1
0;315;-36.4318;-82.176;-26.5207;10.3133;4594.96;6.20124;0;0;0.1;0.01;0;6.19619;0;0;-1
0;316;-34.9854;-67.3066;-26.8008;8.88636;2939.41;5.34324;0;0;0.1;0.01;0;6.99052;0;0;-1
0;317;-38.3688;-47.1061;-27.1456;10.1598;4392.83;6.10894;0;0;0.1;0.01;0;5.71128;0;0;-1
0;318;-36.0582;-30.0812;-26.0696;9.32899;3400.89;5.60939;0;0;0.1;0.01;0;6.1157;0;0;-1
0;319;-34.6372;-13.7624;-26.8028;8.77558;2830.85;5.27663;0;0;0.1;0.01;0;5.01411;0;0;-1
0;320;-36.583;4.31628;-27.4443;8.5;2572.44;5.11093;0;0;0.1;0.01;0;4.19257;1;0;-1
0;321;-38.3577;18.546;-27.479;9.50184;3593.45;5.71332;0;0;0.1;0.01;0;5.45476;0;0;-1
0;322;-38.2439;34.5897;-25.1726;8.5;2572.44;5.11093;0;0;0.1;0.01;0;5.5019;1;0;-1
0;323;-37.647;52.2756;-27.8691;9.223;3286.29;5.54566;0;0;0.1;0.01;0;6.07438;0;0;-1
0;324;-38.2108;67.7242;-25.7613;8.5;2572.44;5.11093;0;0;0.1;0.01;0;4.48632;1;0;-1
0;325;-35.54;85.8411;-24.953;10.2803;4550.99;6.1814;0;0;0.1;0.01;0;3.74731;0;0;-1
0;326;-21.7838;-90.7758;-25.2876;10.3383;4628.45;6.21627;0;0;0.1;0.01;0;3.98826;0;0;-1
0;327;-20.5839;-73.0896;-27.0233;10.1729;4409.84;6.11682;0;0;0.1;0.01;0;8.27774;0;0;-1
0;328;-20.3491;-59.1612;-26.3059;9.74517;3876.65;5.85963;0;0;0.1;0.01;0;7.26704;0;0;-1
0;329;-22.017;-40.588;-26.658;8.61701;2680.15;5.18128;0;0;0.1;0.01;0;4.98688;0;0;-1
0;330;-21.3607;-21.104;-24.9779;10.094;4308.03;6.06938;0;0;0.1;0.01;0;6.84235;0;0;-1
0;331;-19.721;-5.4826;-28.0853;8.5;2572.44;5.11093;0;0;0.1;0.01;0;4.64836;1;0;-1
0;332;-21.3123;11.808;-25.7708;8.5;2572.44;5.11093;0;0;0.1;0.01;0;4.00283;1;0;-1
0;333;-22.7775;28.7607;-27.7831;8.64731;2708.52;5.1995;0;0;0.1;0.01;0;5.10171;0;0;-1
0;334;-21.2683;44.7718;-27.8786;9.74786;3879.86;5.86125;0;0;0.1;0.01;0;5.84169;0;0;-1
0;335;-21.6922;62.1772;-26.6121;9.66986;3787.47;5.81435;0;0;0.1;0.01;0;6.33954;0;0;-1
0;336;-22.8373;78.7593;-27.9106;9.43208;3514.88;5.67137;0;0;0.1;0.01;0;5.63227;0;0;-1
0;337;-5.94206;-81.268;-28.6491;9.37792;3454.68;5.63881;0;0;0.1;0.01;0;6.09362;0;0;-1
0;338;-7.90775;-66.604;-26.3295;9.47884;3567.42;5.69949;0;0;0.1;0.01;0;6.68926;0;0;-1
0;339;-8.56058;-48.5896;-24.3813;9.13807;3196.33;5.49459;0;0;0.1;0.01;0;5.18721;0;0;-1
0;340;-8.20046;-29.6937;-25.5416;8.77274;2828.1;5.27492;0;0;0.1;0.01;0;5.56697;0;0;-1
0;341;-6.01149;-13.3285;-27.8116;9.41095;3491.31;5.65867;0;0;0.1;0.01;0;6.59893;0;0;-1
0;342;-5.4952;1.92956;-27.643;8.53399;2603.42;5.13136;0;0;0.1;0.01;0;5.71041;0;0;-1
0;343;-6.60773;21.1271;-25.6276;9.60397;3710.57;5.77473;0;0;0.1;0.01;0;6.70017;0;0;-1
0;344;-7.09492;35.4085;-27.0989;9.34522;3418.67;5.61915;0;0;0.1;0.01;0;7.48386;0;0;-1
0;345;-7.92922;51.5152;-26.024;8.65073;2711.73;5.20156;0;0;0.1;0.01;0;5.61138;0;0;-1
0;346;-9.3471;72.1649;-24.4929;8.6207;2683.59;5.1835;0;0;0.1;0.01;0;5.0373;0;0;-1
0;347;-9.09996;88.2418;-25.6727;8.64271;2704.2;5.19674;0;0;0.1;0.01;0;3.97086;0;0;-1
0;348;9.3465;-90.4748;-25.4096;10.3115;4592.55;6.20016;0;0;0.1;0.01;0;4.2773;0;0;-1
0;349;6.59569;-75.7941;-25.3209;9.7822;3921.01;5.88189;0;0;0.1;0.01;0;6.67436;0;0;-1
0;350;9.44411;-58.6612;-25.7672;9.33001;3402;5.61;0;0;0.1;0.01;0;5.80888;0;0;-1
0;351;5.72598;-40.0308;-25.3955;9.62018;3729.39;5.78447;0;0;0.1;0.01;0;6.09737;0;0;-1
0;352;8.26678;-25.5194;-26.5938;8.72878;2785.8;5.24849;0;0;0.1;0.01;0;5.86005;0;0;-1
0;353;9.02273;-8.76368;-27.6933;10.2426;4501.11;6.15873;0;0;0.1;0.01;0;6.79813;0;0;-1
0;354;5.51267;9.93494;-25.5089;9.14542;3204.05;5.49901;0;0;0.1;0.01;0;4.58442;0;0;-1
0;355;9.43652;29.3326;-27.6625;10.081;4291.4;6.06156;0;0;0.1;0.01;0;6.86227;0;0;-1
0;356;6.25183;44.0475;-25.2416;10.3766;4680.09;6.2393;0;0;0.1;0.01;0;7.20034;0;0;-1
0;357;6.86854;63.4085;-24.6237;10.1832;4423.25;6.12301;0;0;0.1;0.01;0;6.80676;0;0;-1
0;358;5.89759;78.2861;-28.0018;9.05381;3108.73;5.44392;0;0;0.1;0.01;0;5.55897;0;0;-1
0;359;8.2448;95.6177;-26.8463;10.0208;4214.98;6.02536;0;0;0.1;0.01;0;2.99716;0;0;-1
0;360;22.5783;-82.3694;-25.2174;9.14669;3205.39;5.49977;0;0;0.1;0.01;0;4.65819;0;0;-1
0;361;23.7013;-65.8973;-25.4767;9.51617;3609.73;5.72193;0;0;0.1;0.01;0;5.43888;0;0;-1
0;362;23.2784;-47.2935;-27.4359;10.114;4333.69;6.0814;0;0;0.1;0.01;0;6.25996;0;0;-1
0;363;22.7921;-31.7619;-26.049;9.7203;3847.05;5.84468;0;0;0.1;0.01;0;6.89739;0;0;-1
0;364;22.1293;-16.0904;-25.5869;10.0142;4206.66;6.02139;0;0;0.1;0.01;0;6.72988;0;0;-1
0;365;22.3194;1.01726;-26.8056;9.03568;3090.09;5.43302;0;0;0.1;0.01;0;5.1712;0;0;-1
0;366;23.3879;18.1908;-28.0109;9.62583;3735.97;5.78787;0;0;0.1;0.01;0;6.25379;0;0;-1
0;367;23.2495;34.9377;-27.5168;9.48752;3577.23;5.70471;0;0;0.1;0.01;0;7.4199;0;0;-1
0;368;20.5963;51.1125;-24.5178;9.78732;3927.17;5.88497;0;0;0.1;0.01;0;6.26229;0;0;-1
0;369;20.2911;69.1496;-26.9497;9.41126;3491.66;5.65885;0;0;0.1;0.01;0;5.36252;0;0;-1
0;370;23.3586;84.5732;-24.8055;9.48309;3572.22;5.70204;0;0;0.1;0.01;0;4.90088;0;0;-1
0;371;38.0639;-75.9907;-27.1023;9.08221;3138.07;5.461;0;0;0.1;0.01;0;3.94201;0;0;-1
0;372;35.2256;-56.9159;-27.0348;8.68961;2748.46;5.22494;0;0;0.1;0.01;0;5.60803;0;0;-1
0;373;37.5319;-39.9427;-26.8252;9.92192;4091.44;5.96591;0;0;0.1;0.01;0;7.96795;0;0;-1
0;374;37.6928;-23.1688;-27.692;9.98008;4163.81;6.00088;0;0;0.1;0.01;0;7.5906;0;0;-1
0;375;37.4562;-7.208;-24.8424;9.68117;3800.77;5.82115;0;0;0.1;0.01;0;6.57002;0;0;-1
0;376;35.1286;8.91809;-26.7904;8.8148;2868.97;5.30021;0;0;0.1;0.01;0;5.30909;0;0;-1
0;377;37.2264;25.3874;-24.7111;9.96675;4147.15;5.99286;0;0;0.1;0.01;0;6.87918;0;0;-1
0;378;37.0135;42.1376;-27.0994;9.84583;3998.03;5.92015;0;0;0.1;0.01;0;6.57848;0;0;-1
0;379;38.4522;63.6774;-24.9025;8.5;2572.44;5.11093;0;0;0.1;0.01;0;4.58562;1;0;-1
0;380;36.7512;78.811;-24.8806;8.5;2572.44;5.11093;0;0;0.1;0.01;0;4.35151;1;0;-1
0;381;50.4401;-66.6511;-24.7853;10.2137;4463.11;6.14135;0;0;0.1;0.01;0;5.57045;0;0;-1
0;382;49.9645;-50.7719;-25.2894;10.1728;4409.71;6.11676;0;0;0.1;0.01;0;6.85263;0;0;-1
0;383;50.0729;-33.4157;-25.0355;8.55599;2623.61;5.14459;0;0;0.1;0.01;0;5.20321;0;0;-1
0;384;52.7129;-15.5618;-26.8571;9.21838;3281.35;5.54288;0;0;0.1;0.01;0;6.25892;0;0;-1
0;385;51.8202;1.73465;-28.3378;10.0155;4208.3;6.02217;0;0;0.1;0.01;0;7.16943;0;0;-1
0;386;50.107;17.7997;-28.5133;9.04577;3100.45;5.43909;0;0;0.1;0.01;0;6.16694;0;0;-1
0;387;50.3086;34.8924;-25.0684;9.38364;3461.01;5.64225;0;0;0.1;0.01;0;5.57753;0;0;-1
0;388;52.9804;54.7646;-24.6968;8.65695;2717.59;5.2053;0;0;0.1;0.01;0;4.39705;0;0;-1
0;389;52.2012;72.6203;-26.9425;9.78828;3928.33;5.88555;0;0;0.1;0.01;0;4.3786;0;0;-1
0;390;66.3591;-59.2044;-27.6302;8.99162;3045.11;5.40653;0;0;0.1;0.01;0;4.13277;0;0;-1
0;391;66.6335;-42.2246;-25.0384;8.84857;2902.07;5.32052;0;0;0.1;0.01;0;5.48521;0;0;-1
0;392;67.4826;-23.2463;-24.8692;10.3678;4668.19;6.23401;0;0;0.1;0.01;0;6.53818;0;0;-1
0;393;65.5564;-5.60032;-26.9279;8.9529;3005.94;5.38325;0;0;0.1;0.01;0;6.84101;0;0;-1
0;394;66.5825;9.45186;-25.093;9.2484;3313.51;5.56093;0;0;0.1;0.01;0;5.82419;0;0;-1
0;395;64.8727;25.4051;-25.6025;9.8348;3984.6;5.91352;0;0;0.1;0.01;0;4.80952;0;0;-1
0;396;66.3811;46.5039;-25.9033;10.0347;4232.55;6.03372;0;0;0.1;0.01;0;5.81716;0;0;-1
0;397;65.0747;62.2785;-27.5153;10.0508;4252.95;6.0434;0;0;0.1;0.01;0;4.9693;0;0;-1
0;398;79.4166;-51.2646;-25.8207;10.1042;4321.1;6.07551;0;0;0.1;0.01;0;2.17825;0;0;-1
0;399;81.8791;-34.2048;-24.8322;10.2512;4512.45;6.1639;0;0;0.1;0.01;0;3.41499;0;0;-1
0;400;80.7484;-16.8095;-25.3499;8.88357;2936.64;5.34156;0;0;0.1;0.01;0;4.46977;0;0;-1
0;401;79.7961;-0.231026;-26.2394;9.30496;3374.68;5.59494;0;0;0.1;0.01;0;4.87298;0;0;-1
0;402;83.2165;17.7947;-25.271;9.79833;3940.44;5.89159;0;0;0.1;0.01;0;4.14591;0;0;-1
0;403;79.0952;33.7611;-27.9924;8.5;2572.44;5.11093;0;0;0.1;0.01;0;3.36574;1;0;-1
0;404;79.3693;54.6249;-26.5435;10.3516;4646.34;6.22427;0;0;0.1;0.01;0;2.70743;0;0;-1
0;405;-98.4443;0.961024;-11.8071;10.2755;4544.62;6.17851;0;0;0.1;0.01;0;3.70318;0;0;-1
0;406;-84.2846;-42.087;-11.2521;9.08598;3141.98;5.46327;0;0;0.1;0.01;0;3.46691;0;0;-1
0;407;-84.374;-23.5385;-10.3105;10.4098;4725.15;6.25926;0;0;0.1;0.01;0;5.70308;0;0;-1
0;408;-85.2149;-7.1335;-12.4897;8.91246;2965.39;5.35893;0;0;0.1;0.01;0;5.26822;0;0;-1
0;409;-83.3453;11.6469;-11.9343;10.149;4378.83;6.10245;0;0;0.1;0.01;0;5.92208;0;0;-1
0;410;-84.8122;29.1429;-12.4316;8.5;2572.44;5.11093;0;0;0.1;0.01;0;4.12939;1;0;-1
0;411;-84.0276;42.4979;-11.3157;9.39125;3469.44;5.64682;0;0;0.1;0.01;0;4.12777;0;0;-1
0;412;-70.8103;-68.4401;-10.0659;8.78734;2842.24;5.2837;0;0;0.1;0.01;0;2.13512;0;0;-1
0;413;-69.2271;-49.267;-11.9961;9.51949;3613.51;5.72393;0;0;0.1;0.01;0;4.76687;0;0;-1
0;414;-69.8924;-32.5579;-10.1371;9.37135;3447.43;5.63486;0;0;0.1;0.01;0;6.7959;0;0;-1
0;415;-72.163;-15.7377;-11.6916;9.40543;3485.17;5.65535;0;0;0.1;0.01;0;6.58689;0;0;-1
0;416;-70.7984;3.17286;-10.3124;8.76929;2824.76;5.27285;0;0;0.1;0.01;0;6.07291;0;0;-1
0;417;-68.3502;17.3772;-12.9534;8.58719;2652.42;5.16335;0;0;0.1;0.01;0;4.93274;0;0;-1
0;418;-69.4918;36.4694;-11.9838;9.59908;3704.91;5.77179;0;0;0.1;0.01;0;6.34135;0;0;-1
0;419;-71.9145;53.7835;-13.0224;8.9755;3028.76;5.39684;0;0;0.1;0.01;0;4.41873;0;0;-1
0;420;-54.2875;-75.1335;-9.71908;8.85847;2911.82;5.32647;0;0;0.1;0.01;0;3.81368;0;0;-1
0;421;-56.6172;-58.239;-12.3509;9.39962;3478.72;5.65186;0;0;0.1;0.01;0;5.38418;0;0;-1
0;422;-57.3288;-39.2006;-10.3151;8.57706;2643.04;5.15726;0;0;0.1;0.01;0;5.56418;0;0;-1
0;423;-57.3105;-23.9524;-11.8661;8.5;2572.44;5.11093;0;0;0.1;0.01;0;5.49235;1;0;-1
0;424;-55.2346;-7.21909;-11.8096;9.00601;3059.75;5.41518;0;0;0.1;0.01;0;5.5006;0;0;-1
0;425;-54.3102;8.59938;-12.5414;10.0595;4264.01;6.04863;0;0;0.1;0.01;0;5.98947;0;0;-1
0;426;-57.3383;29.7682;-12.8166;8.5;2572.44;5.11093;0;0;0.1;0.01;0;5.63932;1;0;-1
0;427;-55.1165;44.7213;-11.8301;9.28257;3350.37;5.58147;0;0;0.1;0.01;0;6.85716;0;0;-1
0;428;-57.9504;60.0319;-10.6878;9.74725;3879.14;5.86088;0;0;0.1;0.01;0;5.44964;0;0;-1
0;429;-42.7878;-83.6449;-13.2568;10.0889;4301.5;6.06631;0;0;0.1;0.01;0;4.2572;0;0;-1
0;430;-39.3544;-64.626;-11.5718;9.79525;3936.73;5.88974;0;0;0.1;0.01;0;5.60881;0;0;-1
0;431;-41.0524;-49.3536;-10.6897;8.52157;2592.07;5.1239;0;0;0.1;0.01;0;5.07733;0;0;-1
0;432;-41.2226;-32.6049;-12.3614;9.80366;3946.87;5.8948;0;0;0.1;0.01;0;6.13975;0;0;-1
0;433;-42.0827;-14.3467;-13.5193;10.014;4206.41;6.02127;0;0;0.1;0.01;0;6.0853;0;0;-1
0;434;-40.923;3.07128;-10.7839;9.48602;3575.53;5.70381;0;0;0.1;0.01;0;5.76907;0;0;-1
0;435;-39.4038;20.0891;-11.2061;10.0097;4200.99;6.01869;0;0;0.1;0.01;0;6.27815;0;0;-1
0;436;-42.1308;36.9035;-13.1703;9.33057;3402.62;5.61034;0;0;0.1;0.01;0;7.20027;0;0;-1
0;437;-42.6537;52.2125;-12.6283;8.5;2572.44;5.11093;0;0;0.1;0.01;0;5.05186;1;0;-1
0;438;-43.0038;70.6845;-12.559;8.74544;2801.78;5.25851;0;0;0.1;0.01;0;4.72253;0;0;-1
0;439;-43.2505;85.1302;-13.3303;8.5;2572.44;5.11093;0;0;0.1;0.01;0;3.42636;1;0;-1
0;440;-27.8994;-93.1823;-13.0831;9.62079;3730.1;5.78484;0;0;0.1;0.01;0;4.31786;0;0;-1
0;441;-28.1468;-76.8716;-13.007;10.1441;4372.49;6.0995;0;0;0.1;0.01;0;7.05591;0;0;-1
0;442;-24.6948;-56.5723;-12.2817;10.3899;4698.1;6.2473;0;0;0.1;0.01;0;7.30729;0;0;-1
0;443;-27.3664;-41.7539;-10.1919;10.4383;4764.07;6.2764;0;0;0.1;0.01;0;7.63213;0;0;-1
0;444;-26.6319;-22.2851;-11.8645;10.2193;4470.46;6.14472;0;0;0.1;0.01;0;6.64855;0;0;-1
0;445;-24.9562;-7.31111;-10.3149;8.54228;2611.02;5.13635;0;0;0.1;0.01;0;4.69689;0;0;-1
0;446;-25.1377;9.14565;-10.2587;9.43114;3513.83;5.67081;0;0;0.1;0.01;0;5.17326;0;0;-1
0;447;-27.4309;28.4657;-10.5821;10.2555;4518.13;6.16648;0;0;0.1;0.01;0;6.1507;0;0;-1
0;448;-28.3081;42.9618;-10.776;9.06343;3118.65;5.44971;0;0;0.1;0.01;0;5.62753;0;0;-1
0;449;-24.4467;59.0704;-12.8445;8.80537;2859.77;5.29454;0;0;0.1;0.01;0;4.53812;0;0;-1
0;450;-24.7752;77.6979;-12.2462;9.85517;4009.41;5.92577;0;0;0.1;0.01;0;6.45412;0;0;-1
0;451;-24.8589;94.6693;-14.0168;10.1999;4445.05;6.13305;0;0;0.1;0.01;0;3.54545;0;0;-1
0;452;-13.5497;-83.304;-11.088;8.5;2572.44;5.11093;0;0;0.1;0.01;0;4.45507;1;0;-1
0;453;-12.7716;-65.451;-13.2524;8.5;2572.44;5.11093;0;0;0.1;0.01;0;5.52577;1;0;-1
0;454;-12.6929;-48.441;-9.71312;9.49539;3586.14;5.70944;0;0;0.1;0.01;0;6.60771;0;0;-1
0;455;-11.4462;-32.3656;-11.7589;10.4018;4714.27;6.25445;0;0;0.1;0.01;0;7.25729;0;0;-1
0;456;-10.3949;-14.2716;-10.7249;8.5;2572.44;5.11093;0;0;0.1;0.01;0;6.05874;1;0;-1
0;457;-10.715;0.964262;-11.6044;10.2021;4447.92;6.13437;0;0;0.1;0.01;0;7.16037;0;0;-1
0;458;-10.7307;16.9704;-11.627;9.08701;3143.05;5.46389;0;0;0.1;0.01;0;5.76926;0;0;-1
0;459;-11.594;34.2425;-12.543;8.56015;2627.44;5.14709;0;0;0.1;0.01;0;4.61802;0;0;-1
0;460;-10.3568;50.9716;-10.6072;8.54843;2616.66;5.14005;0;0;0.1;0.01;0;5.22222;0;0;-1
0;461;-10.5268;67.4125;-11.6327;9.0735;3129.05;5.45576;0;0;0.1;0.01;0;5.91037;0;0;-1
0;462;-11.7005;87.2557;-12.4345;8.5;2572.44;5.11093;0;0;0.1;0.01;0;4.79414;1;0;-1
0;463;4.39193;-91.552;-10.5859;8.69412;2752.74;5.22765;0;0;0.1;0.01;0;3.76661;0;0;-1
0;464;1.5456;-75.9994;-12.1279;8.5;2572.44;5.11093;0;0;0.1;0.01;0;5.49085;1;0;-1
0;465;1.34433;-59.4748;-12.8599;8.86284;2916.13;5.3291;0;0;0.1;0.01;0;6.06177;0;0;-1
0;466;1.67968;-41.2641;-12.6224;9.63019;3741.05;5.79049;0;0;0.1;0.01;0;6.5368;0;0;-1
0;467;1.26663;-21.5687;-10.4641;9.21799;3280.93;5.54264;0;0;0.1;0.01;0;6.60888;0;0;-1
0;468;1.59391;-7.44562;-12.1302;8.63646;2698.34;5.19298;0;0;0.1;0.01;0;6.12702;0;0;-1
0;469;3.28058;8.17333;-12.2769;10.1133;4332.79;6.08098;0;0;0.1;0.01;0;6.21287;0;0;-1
0;470;3.19393;25.1272;-13.5563;9.05314;3108.04;5.44352;0;0;0.1;0.01;0;4.72204;0;0;-1
0;471;1.98844;43.766;-10.4951;9.3009;3370.26;5.5925;0;0;0.1;0.01;0;5.57682;0;0;-1
0;472;2.33313;59.523;-10.7499;9.45512;3540.71;5.68523;0;0;0.1;0.01;0;6.58728;0;0;-1
0;473;2.71006;76.752;-10.3971;8.91847;2971.39;5.36255;0;0;0.1;0.01;0;6.03138;0;0;-1
0;474;3.09568;94.0414;-11.4648;10.2647;4530.3;6.17202;0;0;0.1;0.01;0;4.4586;0;0;-1
0;475;18.8176;-85.175;-10.5402;9.35595;3430.46;5.6256;0;0;0.1;0.01;0;5.80134;0;0;-1
0;476;16.0694;-68.1892;-10.5201;9.47166;3559.32;5.69517;0;0;0.1;0.01;0;6.35294;0;0;-1
0;477;15.9655;-51.4672;-9.87128;9.86583;4022.44;5.93218;0;0;0.1;0.01;0;5.77722;0;0;-1
0;478;15.5232;-33.3892;-10.5218;9.65096;3765.3;5.80298;0;0;0.1;0.01;0;5.74231;0;0;-1
0;479;16.0327;-16.2982;-11.4633;8.57311;2639.39;5.15489;0;0;0.1;0.01;0;5.90996;0;0;-1
0;480;16.4186;1.12013;-11.4591;9.38448;3461.94;5.64275;0;0;0.1;0.01;0;5.57872;0;0;-1
0;481;19.4896;20.8997;-10.8758;9.88972;4051.73;5.94655;0;0;0.1;0.01;0;6.05066;0;0;-1
0;482;19.6212;38.1907;-13.168;8.5;2572.44;5.11093;0;0;0.1;0.01;0;5.08502;1;0;-1
0;483;18.1883;54.5313;-11.4685;8.5;2572.44;5.11093;0;0;0.1;0.01;0;4.93105;1;0;-1
0;484;17.3042;71.4398;-10.3235;10.3965;4707.06;6.25126;0;0;0.1;0.01;0;7.11217;0;0;-1
0;485;15.6965;84.9725;-12.5714;8.5;2572.44;5.11093;0;0;0.1;0.01;0;5.45169;1;0;-1
0;486;31.946;-93.726;-12.043;8.83098;2884.8;5.30994;0;0;0.1;0.01;0;1.85694;0;0;-1
0;487;33.3621;-76.6501;-12.3258;9.41174;3492.19;5.65914;0;0;0.1;0.01;0;5.65353;0;0;-1
0;488;32.8881;-55.392;-10.3532;9.45135;3536.47;5.68296;0;0;0.1;0.01;0;4.99189;0;0;-1
0;489;34.1679;-38.8925;-10.1237;9.62386;3733.67;5.78669;0;0;0.1;0.01;0;6.14362;0;0;-1
0;490;31.2333;-21.3565;-12.2815;9.89423;4057.28;5.94926;0;0;0.1;0.01;0;7.10794;0;0;-1
0;491;33.1393;-6.34321;-10.7804;8.88235;2935.43;5.34083;0;0;0.1;0.01;0;5.56149;0;0;-1
0;492;33.4999;11.7967;-12.9149;10.3784;4682.52;6.24038;0;0;0.1;0.01;0;7.01976;0;0;-1
0;493;31.4734;29.0512;-10.8359;9.24443;3309.25;5.55854;0;0;0.1;0.01;0;6.82194;0;0;-1
0;494;33.5356;46.2619;-13.246;9.56238;3662.58;5.74972;0;0;0.1;0.01;0;5.9888;0;0;-1
0;495;32.7883;63.4894;-10.3684;8.6173;2680.42;5.18146;0;0;0.1;0.01;0;5.9855;0;0;-1
0;496;32.2654;79.38;-10.1274;10.0567;4260.45;6.04695;0;0;0.1;0.01;0;6.38583;0;0;-1
0;497;45.9682;-82.9331;-10.7902;8.5;2572.44;5.11093;0;0;0.1;0.01;0;4.15709;1;0;-1
0;498;48.1304;-67.8888;-11.4544;9.53328;3629.24;5.73222;0;0;0.1;0.01;0;6.01312;0;0;-1
0;499;47.7015;-47.7316;-11.9602;9.34097;3414.01;5.61659;0;0;0.1;0.01;0;6.11372;0;0;-1
0;500;48.6149;-31.7084;-12.5285;9.05733;3112.36;5.44604;0;0;0.1;0.01;0;5.53968;0;0;-1
0;501;45.556;-14.7383;-10.9489;9.15165;3210.6;5.50275;0;0;0.1;0.01;0;6.2663;0;0;-1
0;502;46.5944;0.438471;-11.0284;10.1585;4391.14;6.10816;0;0;0.1;0.01;0;7.44443;0;0;-1
0;503;47.7374;18.1167;-13.435;10.1742;4411.53;6.1176;0;0;0.1;0.01;0;7.74703;0;0;-1
0;504;47.8999;34.6531;-10.5429;9.51622;3609.79;5.72196;0;0;0.1;0.01;0;6.42838;0;0;-1
0;505;45.9439;55.1949;-12.4972;8.5;2572.44;5.11093;0;0;0.1;0.01;0;5.01979;1;0;-1
0;506;46.2872;68.4913;-10.0109;9.24156;3306.16;5.55682;0;0;0.1;0.01;0;6.1691;0;0;-1
0;507;47.6993;85.6451;-13.0974;8.6403;2701.94;5.19529;0;0;0.1;0.01;0;2.33666;0;0;-1
0;508;61.0934;-74.2499;-11.2902;10.3036;4582.01;6.19541;0;0;0.1;0.01;0;3.19864;0;0;-1
0;509;60.309;-56.0657;-13.3034;9.61516;3723.56;5.78146;0;0;0.1;0.01;0;6.39367;0;0;-1
0;510;61.4429;-42.1496;-11.6211;9.39919;3478.24;5.6516;0;0;0.1;0.01;0;6.41142;0;0;-1
0;511;62.5798;-25.7807;-11.8624;9.28468;3352.66;5.58274;0;0;0.1;0.01;0;5.84091;0;0;-1
0;512;62.7412;-7.65112;-11.502;9.83406;3983.7;5.91308;0;0;0.1;0.01;0;6.46756;0;0;-1
0;513;60.7354;9.37395;-12.8103;10.2245;4477.29;6.14784;0;0;0.1;0.01;0;6.65873;0;0;-1
0;514;61.9708;28.7547;-10.2226;9.92591;4096.37;5.96831;0;0;0.1;0.01;0;6.30949;0;0;-1
0;515;62.6735;45.9884;-11.129;9.50542;3597.51;5.71547;0;0;0.1;0.01;0;5.70489;0;0;-1
0;516;63.2359;63.5889;-10.8017;10.0981;4313.28;6.07184;0;0;0.1;0.01;0;5.33366;0;0;-1
0;517;61.0509;77.9213;-13.7911;8.90529;2958.24;5.35462;0;0;0.1;0.01;0;2.7721;0;0;-1
0;518;77.604;-47.5287;-10.8119;8.5;2572.44;5.11093;0;0;0.1;0.01;0;3.89174;1;0;-1
0;519;77.3357;-30.0333;-11.2429;8.60685;2670.68;5.17517;0;0;0.1;0.01;0;5.62842;0;0;-1
0;520;75.2986;-14.4393;-10.8527;10.4528;4783.95;6.28512;0;0;0.1;0.01;0;7.80097;0;0;-1
0;521;74.9373;1.12126;-10.9974;8.5;2572.44;5.11093;0;0;0.1;0.01;0;6.16644;1;0;-1
0;522;76.606;18.0097;-13.3385;8.69993;2758.26;5.23114;0;0;0.1;0.01;0;5.74967;0;0;-1
0;523;75.0678;34.8527;-12.7102;8.5;2572.44;5.11093;0;0;0.1;0.01;0;5.25284;1;0;-1
0;524;75.3403;51.4837;-10.2262;9.24246;3307.13;5.55736;0;0;0.1;0.01;0;5.72144;0;0;-1
0;525;89.5855;-22.1761;-11.957;8.5;2572.44;5.11093;0;0;0.1;0.01;0;3.78952;1;0;-1
0;526;90.0682;-4.25099;-10.1491;9.67018;3787.85;5.81454;0;0;0.1;0.01;0;4.12032;0;0;-1
0;527;89.5555;12.0108;-11.0207;8.94815;3001.15;5.38039;0;0;0.1;0.01;0;4.80341;0;0;-1
0;528;89.4309;27.0286;-11.2006;8.57982;2645.59;5.15892;0;0;0.1;0.01;0;4.51214;0;0;-1
0;529;89.2353;43.5668;-9.84177;10.0381;4236.85;6.03576;0;0;0.1;0.01;0;3.29423;0;0;-1
0;530;-93.9373;-16.5771;2.40035;9.45997;3546.16;5.68814;0;0;0.1;0.01;0;3.16974;0;0;-1
0;531;-95.6853;2.72843;3.43316;9.65336;3768.11;5.80443;0;0;0.1;0.01;0;3.7834;0;0;-1
0;532;-95.9054;18.6872;2.16276;10.2032;4449.36;6.13504;0;0;0.1;0.01;0;3.23965;0;0;-1
0;533;-79.6759;-55.9188;3.04012;8.5;2572.44;5.11093;0;0;0.1;0.01;0;2.63984;1;0;-1
0;534;-82.6265;-41.5233;4.68224;9.80047;3943.02;5.89288;0;0;0.1;0.01;0;4.17565;0;0;-1
0;535;-80.5974;-23.226;2.97106;9.80139;3944.13;5.89343;0;0;0.1;0.01;0;6.45438;0;0;-1
0;536;-79.8653;-6.13606;3.72183;9.46528;3552.13;5.69134;0;0;0.1;0.01;0;5.92518;0;0;-1
0;537;-81.7928;10.3569;2.72049;8.90491;2957.86;5.35439;0;0;0.1;0.01;0;4.70874;0;0;-1
0;538;-80.5988;25.4912;1.20744;8.5;2572.44;5.11093;0;0;0.1;0.01;0;3.69634;1;0;-1
0;539;-82.6798;44.0751;2.76775;10.2457;4505.19;6.16059;0;0;0.1;0.01;0;4.42359;0;0;-1
0;540;-78.901;61.1281;3.37465;9.4202;3501.62;5.66423;0;0;0.1;0.01;0;2.55979;0;0;-1
0;541;-63.8836;-65.5109;1.68175;8.86781;2921.04;5.33209;0;0;0.1;0.01;0;4.00812;0;0;-1
0;542;-64.2796;-47.2864;4.40411;10.2617;4526.33;6.17021;0;0;0.1;0.01;0;6.23472;0;0;-1
0;543;-68.3945;-33.0481;3.5563;8.92266;2975.58;5.36507;0;0;0.1;0.01;0;5.75939;0;0;-1
0;544;-67.7975;-14.8215;1.72254;10.4365;4761.6;6.27532;0;0;0.1;0.01;0;6.92655;0;0;-1
0;545;-67.195;0.396876;3.7396;10.3306;4618.12;6.21164;0;0;0.1;0.01;0;6.9341;0;0;-1
0;546;-64.7304;17.1279;3.36669;10.4477;4776.95;6.28205;0;0;0.1;0.01;0;6.02014;0;0;-1
0;547;-65.1779;36.5251;3.09612;10.4249;4745.74;6.26834;0;0;0.1;0.01;0;6.60466;0;0;-1
0;548;-65.5675;52.0302;3.22705;9.47993;3568.65;5.70014;0;0;0.1;0.01;0;5.47997;0;0;-1
0;549;-64.9432;70.413;3.16899;8.5;2572.44;5.11093;0;0;0.1;0.01;0;2.34974;1;0;-1
0;550;-49.9064;-75.3376;3.24368;8.5823;2647.89;5.16041;0;0;0.1;0.01;0;5.00625;0;0;-1
0;551;-50.348;-59.3849;4.21309;8.71413;2771.79;5.23968;0;0;0.1;0.01;0;5.50624;0;0;-1
0;552;-50.9554;-42.3316;3.33775;8.72965;2786.63;5.24901;0;0;0.1;0.01;0;5.46284;0;0;-1
0;553;-52.1135;-24.4761;3.65675;8.58632;2651.61;5.16283;0;0;0.1;0.01;0;4.18451;0;0;-1
0;554;-49.639;-5.37638;2.14823;8.5;2572.44;5.11093;0;0;0.1;0.01;0;4.35434;1;0;-1
0;555;-52.3032;10.0606;3.7478;8.5;2572.44;5.11093;0;0;0.1;0.01;0;4.98711;1;0;-1
0;556;-52.7568;25.8386;2.69732;8.5;2572.44;5.11093;0;0;0.1;0.01;0;5.4867;1;0;-1
0;557;-50.2674;42.985;5.11447;9.8444;3996.28;5.91929;0;0;0.1;0.01;0;5.97334;0;0;-1
0;558;-50.755;63.4588;1.83702;9.04923;3104.01;5.44117;0;0;0.1;0.01;0;5.21303;0;0;-1
0;559;-51.456;78.1185;1.28637;9.76208;3896.87;5.8698;0;0;0.1;0.01;0;4.43714;0;0;-1
0;560;-34.9766;-84.0138;3.44529;9.36644;3442.01;5.6319;0;0;0.1;0.01;0;5.15482;0;0;-1
0;561;-38.5036;-67.3845;3.24439;9.15764;3216.91;5.50636;0;0;0.1;0.01;0;5.35421;0;0;-1
0;562;-36.7013;-50.392;4.12253;8.5;2572.44;5.11093;0;0;0.1;0.01;0;5.17327;1;0;-1
0;563;-35.8316;-32.6231;2.68068;9.95707;4135.07;5.98704;0;0;0.1;0.01;0;6.05325;0;0;-1
0;564;-38.0801;-14.0872;3.15379;8.97516;3028.41;5.39663;0;0;0.1;0.01;0;4.98395;0;0;-1
0;565;-36.6332;3.17809;4.04096;8.90095;2953.91;5.35201;0;0;0.1;0.01;0;5.85541;0;0;-1
0;566;-38.1414;19.9759;2.91772;10.1518;4382.46;6.10413;0;0;0.1;0.01;0;6.86628;0;0;-1
0;567;-38.196;36.3077;1.02685;8.89588;2948.87;5.34896;0;0;0.1;0.01;0;5.93243;0;0;-1
0;568;-35.4169;50.844;2.86424;9.82839;3976.82;5.90967;0;0;0.1;0.01;0;5.01458;0;0;-1
0;569;-35.7462;71.7402;1.34097;10.4423;4769.55;6.2788;0;0;0.1;0.01;0;6.28783;0;0;-1
0;570;-35.3292;87.8914;3.29508;9.58234;3685.56;5.76172;0;0;0.1;0.01;0;5.14498;0;0;-1
0;571;-20.7826;-93.6545;1.60043;9.51832;3612.18;5.72323;0;0;0.1;0.01;0;4.31251;0;0;-1
0;572;-20.5643;-76.6043;4.59498;8.53528;2604.61;5.13214;0;0;0.1;0.01;0;5.26484;0;0;-1
0;573;-23.6211;-57.6403;1.54118;9.2155;3278.27;5.54115;0;0;0.1;0.01;0;6.00491;0;0;-1
0;574;-23.2227;-40.361;2.14422;9.25268;3318.11;5.5635;0;0;0.1;0.01;0;6.41642;0;0;-1
0;575;-21.1667;-23.0795;3.57032;8.5;2572.44;5.11093;0;0;0.1;0.01;0;5.39769;1;0;-1
0;576;-20.5824;-5.19683;3.34193;8.55675;2624.31;5.14505;0;0;0.1;0.01;0;6.16083;0;0;-1
0;577;-20.1916;9.99348;4.06928;10.1133;4332.79;6.08098;0;0;0.1;0.01;0;6.89863;0;0;-1
0;578;-23.9425;27.526;1.88899;8.5874;2652.61;5.16348;0;0;0.1;0.01;0;3.99284;0;0;-1
0;579;-19.9323;46.9992;1.82783;9.19996;3261.72;5.5318;0;0;0.1;0.01;0;4.54679;0;0;-1
0;580;-22.0299;63.3272;2.16223;9.89483;4058.01;5.94962;0;0;0.1;0.01;0;6.66058;0;0;-1
0;581;-22.1865;77.5594;1.90766;9.60554;3712.39;5.77567;0;0;0.1;0.01;0;6.19962;0;0;-1
0;582;-23.3653;96.2362;1.35795;9.90756;4073.7;5.95727;0;0;0.1;0.01;0;3.41959;0;0;-1
0;583;-7.06951;-98.9507;0.932485;10.0776;4287.06;6.05951;0;0;0.1;0.01;0;2.97437;0;0;-1
0;584;-5.64205;-81.0535;3.71143;8.73414;2790.93;5.25171;0;0;0.1;0.01;0;5.62703;0;0;-1
0;585;-9.08351;-66.6475;2.7703;10.3839;4689.97;6.24369;0;0;0.1;0.01;0;5.752;0;0;-1
0;586;-7.63607;-49.2519;2.31052;8.64791;2709.08;5.19986;0;0;0.1;0.01;0;5.09508;0;0;-1
0;587;-7.46414;-29.9757;2.52041;9.4445;3528.79;5.67884;0;0;0.1;0.01;0;6.35204;0;0;-1
0;588;-8.78434;-14.1932;3.11589;9.71029;3835.18;5.83866;0;0;0.1;0.01;0;6.87902;0;0;-1
0;589;-7.88833;1.80739;3.7742;8.5;2572.44;5.11093;0;0;0.1;0.01;0;5.89948;1;0;-1
0;590;-6.29822;17.3616;1.34352;8.51996;2590.61;5.12293;0;0;0.1;0.01;0;5.9304;0;0;-1
0;591;-6.16774;34.6544;3.7004;9.22465;3288.05;5.54665;0;0;0.1;0.01;0;5.50661;0;0;-1
0;592;-5.76068;51.801;3.54052;8.5;2572.44;5.11093;0;0;0.1;0.01;0;5.86925;1;0;-1
0;593;-7.56927;71.7833;2.33275;10.3283;4615.04;6.21026;0;0;0.1;0.01;0;6.85476;0;0;-1
0;594;-9.20792;88.3788;3.67905;9.77079;3907.31;5.87503;0;0;0.1;0.01;0;4.97504;0;0;-1
0;595;8.03942;-92.174;3.09977;8.71605;2773.63;5.24083;0;0;0.1;0.01;0;4.70748;0;0;-1
0;596;8.63659;-76.0912;1.82876;9.61678;3725.44;5.78243;0;0;0.1;0.01;0;7.03983;0;0;-1
0;597;5.95178;-58.9245;1.68783;10.096;4310.59;6.07058;0;0;0.1;0.01;0;6.91738;0;0;-1
0;598;7.038;-42.7386;3.58771;9.83689;3987.15;5.91478;0;0;0.1;0.01;0;6.72721;0;0;-1
0;599;7.54578;-24.9356;1.84911;9.5353;3631.55;5.73344;0;0;0.1;0.01;0;6.50712;0;0;-1
0;600;9.35682;-8.45993;4.4418;10.1237;4346.17;6.08723;0;0;0.1;0.01;0;5.92976;0;0;-1
0;601;5.73471;10.4487;2.77681;8.89902;2951.99;5.35085;0;0;0.1;0.01;0;4.95846;0;0;-1
0;602;7.62913;25.4207;2.11677;9.91149;4078.55;5.95964;0;0;0.1;0.01;0;6.08867;0;0;-1
0;603;8.38339;44.0598;2.35194;8.5;2572.44;5.11093;0;0;0.1;0.01;0;5.04579;1;0;-1
0;604;6.90976;60.3908;1.62508;8.5;2572.44;5.11093;0;0;0.1;0.01;0;5.65642;1;0;-1
0;605;8.80149;76.5075;2.68095;8.62821;2690.61;5.18802;0;0;0.1;0.01;0;5.79752;0;0;-1
0;606;5.61342;97.9083;1.52262;9.70502;3828.93;5.83549;0;0;0.1;0.01;0;2.82555;0;0;-1
0;607;20.4542;-85.288;2.17184;8.5;2572.44;5.11093;0;0;0.1;0.01;0;4.15322;1;0;-1
0;608;23.7048;-66.3246;2.73909;10.1485;4378.19;6.10215;0;0;0.1;0.01;0;5.92286;0;0;-1
0;609;22.3818;-47.3559;4.38296;8.61569;2678.91;5.18049;0;0;0.1;0.01;0;4.58352;0;0;-1
0;610;21.7439;-31.0865;1.47714;8.5;2572.44;5.11093;0;0;0.1;0.01;0;5.79073;1;0;-1
0;611;21.4316;-14.7127;1.49402;8.5;2572.44;5.11093;0;0;0.1;0.01;0;5.46749;1;0;-1
0;612;23.2033;4.33801;1.20239;9.49255;3582.92;5.70773;0;0;0.1;0.01;0;5.44687;0;0;-1
0;613;23.3891;20.8319;4.67253;9.56391;3664.33;5.75064;0;0;0.1;0.01;0;6.83809;0;0;-1
0;614;21.9803;37.2971;4.96335;8.5;2572.44;5.11093;0;0;0.1;0.01;0;5.65906;1;0;-1
0;615;22.7776;51.4212;3.72622;9.88732;4048.78;5.9451;0;0;0.1;0.01;0;6.64382;0;0;-1
0;616;21.1349;67.7501;1.65211;9.16445;3224.09;5.51045;0;0;0.1;0.01;0;5.95668;0;0;-1
0;617;21.4059;89.4946;1.14057;10.1186;4339.6;6.08417;0;0;0.1;0.01;0;4.04375;0;0;-1
0;618;38.0402;-75.9271;1.6561;9.44408;3528.32;5.67859;0;0;0.1;0.01;0;6.03223;0;0;-1
0;619;38.5536;-59.603;4.02638;8.64248;2703.98;5.1966;0;0;0.1;0.01;0;5.22688;0;0;-1
0;620;34.9014;-40.1467;3.41297;8.9796;3032.91;5.3993;0;0;0.1;0.01;0;5.44888;0;0;-1
0;621;35.0455;-25.7249;1.1993;9.54414;3641.66;5.73875;0;0;0.1;0.01;0;6.10544;0;0;-1
0;622;38.0202;-8.85091;4.48399;9.35846;3433.22;5.62711;0;0;0.1;0.01;0;6.01184;0;0;-1
0;623;37.2361;9.08914;1.45554;9.51894;3612.89;5.7236;0;0;0.1;0.01;0;5.74582;0;0;-1
0;624;36.664;27.2521;2.87022;9.98295;4167.4;6.0026;0;0;0.1;0.01;0;6.51331;0;0;-1
0;625;35.928;44.5355;1.21461;10.3932;4702.58;6.24928;0;0;0.1;0.01;0;6.87926;0;0;-1
0;626;36.1026;62.7056;3.8294;10.293;4567.88;6.18903;0;0;0.1;0.01;0;7.82504;0;0;-1
0;627;37.6627;80.0013;2.5281;10.395;4705.03;6.25036;0;0;0.1;0.01;0;5.13986;0;0;-1
0;628;50.844;-83.5284;2.89587;8.5;2572.44;5.11093;0;0;0.1;0.01;0;2.98871;1;0;-1
0;629;52.1843;-64.6112;4.04856;9.83279;3982.16;5.91231;0;0;0.1;0.01;0;5.58478;0;0;-1
0;630;50.3204;-48.4693;3.25845;10.1367;4362.93;6.09505;0;0;0.1;0.01;0;6.36241;0;0;-1
0;631;53.4013;-33.6537;4.79785;8.5;2572.44;5.11093;0;0;0.1;0.01;0;5.81002;1;0;-1
0;632;51.3821;-15.8284;2.99581;8.60239;2666.53;5.17249;0;0;0.1;0.01;0;5.11725;0;0;-1
0;633;52.1618;1.13822;2.46433;8.51441;2585.55;5.11959;0;0;0.1;0.01;0;5.43433;0;0;-1
0;634;52.3774;17.0469;1.66692;9.47502;3563.11;5.69719;0;0;0.1;0.01;0;7.31297;0;0;-1
0;635;50.1841;34.388;2.7344;9.80689;3950.78;5.89674;0;0;0.1;0.01;0;6.23282;0;0;-1
0;636;51.3731;54.6329;4.69736;8.5;2572.44;5.11093;0;0;0.1;0.01;0;5.01909;1;0;-1
0;637;50.0075;67.7134;3.26175;9.09874;3155.24;5.47094;0;0;0.1;0.01;0;4.70054;0;0;-1
0;638;68.0559;-56.0585;4.68538;9.91865;4087.39;5.96394;0;0;0.1;0.01;0;4.38828;0;0;-1
0;639;67.5941;-39.0443;2.40571;9.67029;3787.97;5.81461;0;0;0.1;0.01;0;7.08904;0;0;-1
0;640;64.7318;-24.1597;3.90018;8.59961;2663.94;5.17082;0;0;0.1;0.01;0;5.67662;0;0;-1
0;641;67.8257;-6.65782;4.43074;8.5;2572.44;5.11093;0;0;0.1;0.01;0;4.86715;1;0;-1
0;642;65.6249;12.2022;3.83335;10.2544;4516.68;6.16582;0;0;0.1;0.01;0;6.72122;0;0;-1
0;643;65.4873;25.933;3.939;8.5;2572.44;5.11093;0;0;0.1;0.01;0;6.09723;1;0;-1
0;644;66.9144;44.3099;4.3596;9.40417;3483.77;5.65459;0;0;0.1;0.01;0;5.69775;0;0;-1
0;645;67.4218;60.1785;4.32105;9.78995;3930.34;5.88655;0;0;0.1;0.01;0;4.46708;0;0;-1
0;646;82.332;-47.3934;5.10206;9.16647;3226.23;5.51167;0;0;0.1;0.01;0;3.67456;0;0;-1
0;647;82.1719;-33.1089;3.18381;10.4059;4719.84;6.25692;0;0;0.1;0.01;0;5.82214;0;0;-1
0;648;81.3951;-15.7987;3.84349;9.58771;3691.76;5.76495;0;0;0.1;0.01;0;6.48901;0;0;-1
0;649;79.7748;0.0546408;1.87776;9.17655;3236.88;5.51773;0;0;0.1;0.01;0;5.72836;0;0;-1
0;650;80.9756;18.2571;2.44692;9.17519;3235.44;5.51691;0;0;0.1;0.01;0;6.64249;0;0;-1
0;651;82.5374;36.1058;4.09295;10.3563;4652.67;6.22709;0;0;0.1;0.01;0;5.55152;0;0;-1
0;652;82.8025;55.2997;4.89487;9.98006;4163.78;6.00087;0;0;0.1;0.01;0;2.84957;0;0;-1
0;653;95.8383;-23.3876;2.10122;10.372;4673.86;6.23653;0;0;0.1;0.01;0;3.62831;0;0;-1
0;654;96.3559;-7.56323;4.22196;9.30892;3378.99;5.59732;0;0;0.1;0.01;0;3.40646;0;0;-1
0;655;94.5254;12.1123;1.93595;9.59168;3696.35;5.76734;0;0;0.1;0.01;0;4.21217;0;0;-1
0;656;94.3113;26.6302;4.47782;10.0281;4224.2;6.02975;0;0;0.1;0.01;0;4.46467;0;0;-1
0;657;-86.8337;-40.7532;19.2003;10.0139;4206.28;6.02121;0;0;0.1;0.01;0;3.22316;0;0;-1
0;658;-85.0841;-21.1764;18.5576;9.39531;3473.94;5.64926;0;0;0.1;0.01;0;3.28225;0;0;-1
0;659;-84.8774;-4.98773;19.273;9.9256;4095.99;5.96812;0;0;0.1;0.01;0;4.60379;0;0;-1
0;660;-86.6486;10.4816;17.1875;9.41782;3498.97;5.6628;0;0;0.1;0.01;0;4.71644;0;0;-1
0;661;-85.7229;27.1054;18.3063;8.5;2572.44;5.11093;0;0;0.1;0.01;0;3.21771;1;0;-1
0;662;-84.2545;45.3281;18.9296;8.68184;2741.09;5.22026;0;0;0.1;0.01;0;2.72832;0;0;-1
0;663;-72.1117;-63.6395;19.8434;9.46219;3548.65;5.68948;0;0;0.1;0.01;0;3.35617;0;0;-1
0;664;-70.8119;-48.5634;16.6687;9.04696;3101.68;5.43981;0;0;0.1;0.01;0;6.11359;0;0;-1
0;665;-68.9856;-33.872;19.1838;8.5;2572.44;5.11093;0;0;0.1;0.01;0;5.46924;1;0;-1
0;666;-71.9593;-13.1871;19.0196;9.90376;4069.01;5.95499;0;0;0.1;0.01;0;7.23458;0;0;-1
0;667;-69.3893;2.17376;19.7064;9.7357;3865.36;5.85394;0;0;0.1;0.01;0;6.93142;0;0;-1
0;668;-70.2478;18.6413;19.2981;9.64972;3763.85;5.80224;0;0;0.1;0.01;0;5.80172;0;0;-1
0;669;-70.2943;34.2553;16.7398;8.77909;2834.24;5.27874;0;0;0.1;0.01;0;4.3241;0;0;-1
0;670;-70.2552;52.8855;16.2651;8.5;2572.44;5.11093;0;0;0.1;0.01;0;3.91585;1;0;-1
0;671;-58.0228;-74.9473;17.1226;10.065;4271;6.05194;0;0;0.1;0.01;0;4.51594;0;0;-1
0;672;-57.4981;-58.6561;18.7008;9.47117;3558.77;5.69488;0;0;0.1;0.01;0;6.43941;0;0;-1
0;673;-56.2;-39.5377;17.4576;10.2399;4497.55;6.1571;0;0;0.1;0.01;0;7.40289;0;0;-1
0;674;-57.0841;-23.2733;16.9168;8.9323;2985.23;5.37086;0;0;0.1;0.01;0;5.73215;0;0;-1
0;675;-55.1863;-6.465;16.0513;9.97374;4155.88;5.99707;0;0;0.1;0.01;0;6.24367;0;0;-1
0;676;-57.1271;8.61729;17.412;8.70387;2762.01;5.23351;0;0;0.1;0.01;0;5.38418;0;0;-1
0;677;-55.382;26.775;16.7929;9.65507;3770.12;5.80545;0;0;0.1;0.01;0;5.71019;0;0;-1
0;678;-54.9723;46.8991;18.9463;8.5;2572.44;5.11093;0;0;0.1;0.01;0;4.35168;1;0;-1
0;679;-53.9853;61.9363;18.2808;8.67427;2733.93;5.21571;0;0;0.1;0.01;0;3.80704;0;0;-1
0;680;-53.7976;78.0484;19.6589;9.60026;3706.27;5.7725;0;0;0.1;0.01;0;2.63934;0;0;-1
0;681;-41.6968;-84.6136;16.8499;9.64536;3758.75;5.79962;0;0;0.1;0.01;0;4.33033;0;0;-1
0;682;-40.6292;-67.4678;17.7356;8.98447;3037.85;5.40223;0;0;0.1;0.01;0;5.51469;0;0;-1
0;683;-40.4641;-47.7828;16.7395;9.09298;3149.25;5.46748;0;0;0.1;0.01;0;5.26002;0;0;-1
0;684;-42.5275;-33.0314;18.193;9.56256;3662.78;5.74983;0;0;0.1;0.01;0;6.35475;0;0;-1
0;685;-42.1537;-13.7563;16.4945;8.5;2572.44;5.11093;0;0;0.1;0.01;0;4.91447;1;0;-1
0;686;-39.9918;2.281;17.7234;8.8338;2887.56;5.31164;0;0;0.1;0.01;0;5.08381;0;0;-1
0;687;-42.21;18.6828;18.4617;8.81873;2872.81;5.30257;0;0;0.1;0.01;0;5.43388;0;0;-1
0;688;-41.1661;33.7366;18.2772;8.97255;3025.77;5.39506;0;0;0.1;0.01;0;5.19048;0;0;-1
0;689;-39.7057;53.2121;18.5446;8.97931;3032.62;5.39913;0;0;0.1;0.01;0;4.73848;0;0;-1
0;690;-39.5877;71.4829;16.397;10.2106;4459.05;6.13949;0;0;0.1;0.01;0;5.90446;0;0;-1
0;691;-41.5967;87.7427;18.541;8.98874;3042.18;5.4048;0;0;0.1;0.01;0;2.9319;0;0;-1
0;692;-27.7618;-93.4526;16.8298;10.4523;4783.26;6.28482;0;0;0.1;0.01;0;3.98023;0;0;-1
0;693;-27.5077;-72.852;18.5012;9.83112;3980.13;5.91131;0;0;0.1;0.01;0;6.16592;0;0;-1
0;694;-25.3673;-56.7097;16.2793;8.5;2572.44;5.11093;0;0;0.1;0.01;0;4.44999;1;0;-1
0;695;-24.5028;-40.3772;17.8471;8.88227;2935.35;5.34078;0;0;0.1;0.01;0;5.48716;0;0;-1
0;696;-28.3604;-24.7205;16.3216;9.59361;3698.58;5.7685;0;0;0.1;0.01;0;6.04816;0;0;-1
0;697;-28.3789;-7.18488;16.0142;9.33032;3402.34;5.61019;0;0;0.1;0.01;0;5.293;0;0;-1
0;698;-26.961;10.6801;16.4898;9.60486;3711.6;5.77526;0;0;0.1;0.01;0;6.09226;0;0;-1
0;699;-27.4528;28.0484;17.3633;9.05772;3112.76;5.44628;0;0;0.1;0.01;0;5.12866;0;0;-1
0;700;-25.4589;45.9294;17.6325;9.58543;3689.13;5.76358;0;0;0.1;0.01;0;5.76636;0;0;-1
0;701;-28.1552;62.0597;16.3985;9.01678;3070.74;5.42166;0;0;0.1;0.01;0;5.90442;0;0;-1
0;702;-27.4138;80.4128;16.3109;10.1887;4430.42;6.12632;0;0;0.1;0.01;0;5.89178;0;0;-1
0;703;-13.2915;-83.6083;17.6374;9.77088;3907.42;5.87509;0;0;0.1;0.01;0;5.45786;0;0;-1
0;704;-13.7337;-65.6469;17.0238;8.5;2572.44;5.11093;0;0;0.1;0.01;0;4.20911;1;0;-1
0;705;-11.1813;-47.5319;16.2735;9.7905;3931;5.88689;0;0;0.1;0.01;0;5.44931;0;0;-1
0;706;-12.3543;-30.7866;19.35;8.63701;2698.85;5.19331;0;0;0.1;0.01;0;5.76322;0;0;-1
0;707;-11.5498;-16.1871;17.4799;9.71429;3839.92;5.84106;0;0;0.1;0.01;0;6.34171;0;0;-1
0;708;-13.6676;1.66515;17.125;10.0878;4300.09;6.06565;0;0;0.1;0.01;0;7.02318;0;0;-1
0;709;-13.1782;20.7905;16.6119;10.0841;4295.36;6.06342;0;0;0.1;0.01;0;6.26939;0;0;-1
0;710;-10.9575;37.3179;17.2938;8.97727;3030.55;5.3979;0;0;0.1;0.01;0;5.49382;0;0;-1
0;711;-10.0217;52.3605;18.2962;10.1287;4352.61;6.09024;0;0;0.1;0.01;0;6.64274;0;0;-1
0;712;-11.671;68.4249;18.3649;8.59754;2662.02;5.16958;0;0;0.1;0.01;0;5.20835;0;0;-1
0;713;-11.0501;85.2582;18.6677;8.5;2572.44;5.11093;0;0;0.1;0.01;0;3.73718;1;0;-1
0;714;1.68465;-91.9823;17.4359;10.248;4508.23;6.16197;0;0;0.1;0.01;0;3.90896;0;0;-1
0;715;4.585;-72.2681;15.9832;8.68782;2746.76;5.22386;0;0;0.1;0.01;0;5.1539;0;0;-1
0;716;2.82146;-56.967;17.3389;8.5;2572.44;5.11093;0;0;0.1;0.01;0;5.54423;1;0;-1
0;717;2.96152;-39.8542;16.6718;9.887;4048.39;5.94491;0;0;0.1;0.01;0;6.58628;0;0;-1
0;718;2.38351;-24.4647;16.4655;8.82136;2875.38;5.30416;0;0;0.1;0.01;0;5.63591;0;0;-1
0;719;4.9752;-8.37311;17.1131;8.57217;2638.52;5.15432;0;0;0.1;0.01;0;4.74423;0;0;-1
0;720;4.17363;9.65148;16.3872;9.89258;4055.25;5.94826;0;0;0.1;0.01;0;4.89232;0;0;-1
0;721;2.16218;28.5085;16.638;9.95865;4137.04;5.98799;0;0;0.1;0.01;0;6.24736;0;0;-1
0;722;2.53381;46.1886;15.6202;8.5982;2662.63;5.16997;0;0;0.1;0.01;0;5.80203;0;0;-1
0;723;2.66109;63.4011;15.8936;10.4039;4717.12;6.25571;0;0;0.1;0.01;0;6.7132;0;0;-1
0;724;0.994359;77.9644;15.9361;8.66392;2724.16;5.20949;0;0;0.1;0.01;0;5.68498;0;0;-1
0;725;4.69913;93.0913;17.7703;8.70908;2766.98;5.23664;0;0;0.1;0.01;0;2.89356;0;0;-1
0;726;17.7775;-82.3808;17.1044;10.0453;4245.97;6.04009;0;0;0.1;0.01;0;5.13097;0;0;-1
0;727;15.7992;-64.4129;16.3851;8.5;2572.44;5.11093;0;0;0.1;0.01;0;4.94395;1;0;-1
0;728;16.0247;-50.0863;18.3089;9.61978;3728.93;5.78423;0;0;0.1;0.01;0;5.55416;0;0;-1
0;729;18.9306;-33.9819;18.101;8.5;2572.44;5.11093;0;0;0.1;0.01;0;4.31537;1;0;-1
0;730;18.3554;-17.0113;17.3436;9.30503;3374.75;5.59498;0;0;0.1;0.01;0;5.77561;0;0;-1
0;731;17.4643;2.71595;18.4858;8.54447;2613.03;5.13767;0;0;0.1;0.01;0;4.74083;0;0;-1
0;732;16.5783;21.1389;16.2214;9.14026;3198.63;5.49591;0;0;0.1;0.01;0;6.27649;0;0;-1
0;733;16.514;37.07;17.4426;8.88866;2941.69;5.34462;0;0;0.1;0.01;0;5.88939;0;0;-1
0;734;19.6646;52.9309;17.6982;8.85858;2911.93;5.32654;0;0;0.1;0.01;0;5.16914;0;0;-1
0;735;16.4128;69.7765;17.3881;8.51644;2587.4;5.12081;0;0;0.1;0.01;0;5.15477;0;0;-1
0;736;17.9127;85.6748;16.4592;9.17315;3233.29;5.51568;0;0;0.1;0.01;0;3.5685;0;0;-1
0;737;33.1754;-92.4856;15.9319;9.05955;3114.64;5.44738;0;0;0.1;0.01;0;1.68855;0;0;-1
0;738;33.7891;-73.7649;16.0985;9.51316;3606.31;5.72013;0;0;0.1;0.01;0;5.47874;0;0;-1
0;739;33.177;-55.2467;18.0179;9.15668;3215.9;5.50578;0;0;0.1;0.01;0;4.54304;0;0;-1
0;740;33.6499;-39.0261;18.0763;8.5;2572.44;5.11093;0;0;0.1;0.01;0;5.33039;1;0;-1
0;741;31.4368;-24.485;16.3412;9.37929;3456.2;5.63963;0;0;0.1;0.01;0;6.48322;0;0;-1
0;742;30.7117;-8.06196;18.5975;9.30862;3378.66;5.59714;0;0;0.1;0.01;0;5.49793;0;0;-1
0;743;30.5302;11.571;17.021;8.87722;2930.35;5.33774;0;0;0.1;0.01;0;5.13317;0;0;-1
0;744;32.0959;26.8757;16.7701;8.78131;2836.39;5.28007;0;0;0.1;0.01;0;5.40147;0;0;-1
0;745;33.2179;45.7682;16.5243;8.5;2572.44;5.11093;0;0;0.1;0.01;0;5.28855;1;0;-1
0;746;30.4854;63.4379;19.4822;9.08213;3137.99;5.46095;0;0;0.1;0.01;0;6.81529;0;0;-1
0;747;30.6505;77.8167;17.8472;9.25776;3323.58;5.56656;0;0;0.1;0.01;0;5.18377;0;0;-1
0;748;45.3093;-81.2475;16.0914;9.99665;4184.58;6.01084;0;0;0.1;0.01;0;4.70833;0;0;-1
0;749;48.9015;-67.6386;17.0029;8.61752;2680.62;5.18159;0;0;0.1;0.01;0;5.08459;0;0;-1
0;750;47.5132;-48.1659;18.594;8.5;2572.44;5.11093;0;0;0.1;0.01;0;4.60295;1;0;-1
0;751;46.7613;-31.8993;16.615;9.52674;3621.78;5.72829;0;0;0.1;0.01;0;6.83087;0;0;-1
0;752;46.3597;-15.3191;17.5037;9.96599;4146.2;5.99241;0;0;0.1;0.01;0;6.40241;0;0;-1
0;753;46.2098;4.39514;19.4807;9.61473;3723.06;5.7812;0;0;0.1;0.01;0;5.42881;0;0;-1
0;754;48.7917;20.4685;17.3379;9.77667;3914.37;5.87857;0;0;0.1;0.01;0;6.22898;0;0;-1
0;755;46.8612;34.8776;18.9862;8.5;2572.44;5.11093;0;0;0.1;0.01;0;5.23534;1;0;-1
0;756;45.0828;54.09;16.5888;10.1386;4365.39;6.09619;0;0;0.1;0.01;0;6.57318;0;0;-1
0;757;46.9782;68.9801;17.7722;8.7934;2848.13;5.28734;0;0;0.1;0.01;0;5.04283;0;0;-1
0;758;45.9421;86.0472;19.6704;8.5;2572.44;5.11093;0;0;0.1;0.01;0;1.28303;1;0;-1
0;759;61.2253;-75.4413;17.4859;9.74749;3879.42;5.86102;0;0;0.1;0.01;0;2.82146;0;0;-1
0;760;62.3066;-57.9556;18.1627;8.5;2572.44;5.11093;0;0;0.1;0.01;0;4.94907;1;0;-1
0;761;62.5605;-38.7158;16.7055;10.097;4311.87;6.07118;0;0;0.1;0.01;0;7.49714;0;0;-1
0;762;60.4201;-24.2786;16.5104;9.90118;4065.83;5.95344;0;0;0.1;0.01;0;7.5465;0;0;-1
0;763;60.3755;-7.40286;16.7502;8.93108;2984.01;5.37013;0;0;0.1;0.01;0;4.81084;0;0;-1
0;764;62.4605;10.6011;16.9656;9.45392;3539.36;5.6845;0;0;0.1;0.01;0;5.77899;0;0;-1
0;765;61.6878;28.5314;16.4795;10.2254;4478.47;6.14838;0;0;0.1;0.01;0;7.22198;0;0;-1
0;766;61.8697;45.2135;19.0314;8.67367;2733.36;5.21535;0;0;0.1;0.01;0;6.07967;0;0;-1
0;767;62.2903;63.6394;19.0442;10.0225;4217.13;6.02638;0;0;0.1;0.01;0;4.83302;0;0;-1
0;768;75.9013;-50.2057;19.512;8.70096;2759.24;5.23176;0;0;0.1;0.01;0;3.0148;0;0;-1
0;769;76.0462;-33.4776;18.3428;10.0886;4301.12;6.06613;0;0;0.1;0.01;0;6.13389;0;0;-1
0;770;77.6197;-16.9539;16.7465;8.5;2572.44;5.11093;0;0;0.1;0.01;0;4.96242;1;0;-1
0;771;74.8849;0.852808;19.4095;8.71841;2775.88;5.24225;0;0;0.1;0.01;0;4.44528;0;0;-1
0;772;76.4912;20.1055;16.187;9.82373;3971.16;5.90687;0;0;0.1;0.01;0;6.53735;0;0;-1
0;773;74.8207;37.9197;19.0733;10.3722;4674.14;6.23665;0;0;0.1;0.01;0;6.73425;0;0;-1
0;774;76.5237;52.428;18.7599;8.77615;2831.4;5.27697;0;0;0.1;0.01;0;4.57993;0;0;-1
0;775;91.5294;-22.0683;18.64;9.7875;3927.39;5.88508;0;0;0.1;0.01;0;4.34474;0;0;-1
0;776;92.7476;-7.36051;19.9353;8.5;2572.44;5.11093;0;0;0.1;0.01;0;2.61936;1;0;-1
0;777;91.6955;9.32855;16.2189;9.05672;3111.73;5.44567;0;0;0.1;0.01;0;2.52798;0;0;-1
0;778;89.4673;26.8426;17.3958;9.35384;3428.14;5.62433;0;0;0.1;0.01;0;4.07779;0;0;-1
0;779;-93.5881;2.4108;34.5614;8.55786;2625.33;5.14572;0;0;0.1;0.01;0;2.84576;0;0;-1
0;780;-82.0381;-39.7127;31.633;9.85962;4014.85;5.92845;0;0;0.1;0.01;0;3.15554;0;0;-1
0;781;-79.6864;-25.0905;32.4526;9.32437;3395.84;5.60661;0;0;0.1;0.01;0;4.25247;0;0;-1
0;782;-79.0018;-6.09022;34.0282;9.22038;3283.49;5.54408;0;0;0.1;0.01;0;5.97852;0;0;-1
0;783;-80.1774;10.0421;31.8147;8.73128;2788.19;5.24999;0;0;0.1;0.01;0;4.89513;0;0;-1
0;784;-82.7004;25.8712;30.9233;9.40262;3482.05;5.65366;0;0;0.1;0.01;0;2.74852;0;0;-1
0;785;-79.9034;46.0361;31.3476;8.54151;2610.31;5.13589;0;0;0.1;0.01;0;2.20438;0;0;-1
0;786;-65.9589;-66.8898;33.9574;9.46889;3556.2;5.69351;0;0;0.1;0.01;0;3.41773;0;0;-1
0;787;-66.6261;-47.6743;32.2316;9.70994;3834.76;5.83845;0;0;0.1;0.01;0;4.79094;0;0;-1
0;788;-64.304;-30.7714;34.2052;9.95636;4134.19;5.98661;0;0;0.1;0.01;0;6.55707;0;0;-1
0;789;-66.7764;-15.5679;31.0232;8.5;2572.44;5.11093;0;0;0.1;0.01;0;5.9507;1;0;-1
0;790;-65.6108;0.0156289;34.1216;8.9441;2997.08;5.37796;0;0;0.1;0.01;0;5.98629;0;0;-1
0;791;-66.5535;18.1321;33.8901;8.5;2572.44;5.11093;0;0;0.1;0.01;0;4.43018;1;0;-1
0;792;-64.4059;35.1705;31.656;8.58667;2651.94;5.16304;0;0;0.1;0.01;0;4.16675;0;0;-1
0;793;-66.8397;53.0612;33.2031;9.91933;4088.23;5.96435;0;0;0.1;0.01;0;3.5731;0;0;-1
0;794;-53.187;-73.3233;30.6174;10.1149;4334.84;6.08194;0;0;0.1;0.01;0;4.85264;0;0;-1
0;795;-50.1854;-58.7165;30.9828;9.48167;3570.62;5.70119;0;0;0.1;0.01;0;6.02658;0;0;-1
0;796;-49.837;-38.403;31.6517;9.72083;3847.68;5.84499;0;0;0.1;0.01;0;6.12823;0;0;-1
0;797;-52.8028;-21.2976;31.1198;8.5;2572.44;5.11093;0;0;0.1;0.01;0;4.91565;1;0;-1
0;798;-52.7065;-7.28983;34.1935;9.66627;3783.25;5.81219;0;0;0.1;0.01;0;4.47786;0;0;-1
0;799;-51.6678;11.8737;31.7774;8.5;2572.44;5.11093;0;0;0.1;0.01;0;4.16174;1;0;-1
0;800;-50.7166;29.4044;32.6061;8.5;2572.44;5.11093;0;0;0.1;0.01;0;5.23834;1;0;-1
0;801;-52.7784;43.3441;33.1309;8.5;2572.44;5.11093;0;0;0.1;0.01;0;5.24374;1;0;-1
0;802;-51.6416;60.0647;33.9751;8.5;2572.44;5.11093;0;0;0.1;0.01;0;4.23976;1;0;-1
0;803;-35.6451;-85.3948;34.2794;10.1766;4414.65;6.11904;0;0;0.1;0.01;0;3.63786;0;0;-1
0;804;-38.0011;-66.3757;31.2824;8.5;2572.44;5.11093;0;0;0.1;0.01;0;4.55935;1;0;-1
0;805;-37.9462;-47.2921;33.1264;9.74583;3877.44;5.86003;0;0;0.1;0.01;0;5.96649;0;0;-1
0;806;-34.4747;-33.031;33.029;10.2533;4515.23;6.16516;0;0;0.1;0.01;0;6.52202;0;0;-1
0;807;-35.1762;-16.2783;32.7161;8.8572;2910.57;5.32571;0;0;0.1;0.01;0;4.13133;0;0;-1
0;808;-35.3371;2.9801;32.2983;8.80953;2863.83;5.29704;0;0;0.1;0.01;0;4.53376;0;0;-1
0;809;-38.3054;17.6742;32.7551;8.96634;3019.49;5.39133;0;0;0.1;0.01;0;4.89964;0;0;-1
0;810;-36.979;37.9458;31.6605;9.65063;3764.92;5.80278;0;0;0.1;0.01;0;6.08222;0;0;-1
0;811;-36.841;52.4731;32.4176;8.9865;3039.91;5.40345;0;0;0.1;0.01;0;5.22481;0;0;-1
0;812;-37.9036;69.1964;32.122;8.5;2572.44;5.11093;0;0;0.1;0.01;0;3.35664;1;0;-1
0;813;-20.9665;-91.0235;34.0198;9.86408;4020.3;5.93113;0;0;0.1;0.01;0;3.76627;0;0;-1
0;814;-22.9227;-74.3022;32.2327;8.5;2572.44;5.11093;0;0;0.1;0.01;0;5.1201;1;0;-1
0;815;-22.8367;-57.0497;34.4245;8.61747;2680.57;5.18156;0;0;0.1;0.01;0;4.58599;0;0;-1
0;816;-21.8574;-42.7411;31.8917;8.61331;2676.69;5.17906;0;0;0.1;0.01;0;5.68229;0;0;-1
0;817;-20.4332;-21.6671;31.3803;8.5;2572.44;5.11093;0;0;0.1;0.01;0;3.95985;1;0;-1
0;818;-20.9605;-4.75547;34.0491;9.37895;3455.82;5.63943;0;0;0.1;0.01;0;5.90117;0;0;-1
0;819;-21.7903;11.193;31.6445;8.93559;2988.53;5.37284;0;0;0.1;0.01;0;5.87706;0;0;-1
0;820;-22.9967;29.3687;33.7858;9.49202;3582.32;5.70741;0;0;0.1;0.01;0;5.55421;0;0;-1
0;821;-20.737;44.2977;33.8112;9.19925;3260.96;5.53138;0;0;0.1;0.01;0;6.29446;0;0;-1
0;822;-20.4328;59.6972;30.9812;8.65751;2718.11;5.20564;0;0;0.1;0.01;0;5.12105;0;0;-1
0;823;-21.7719;76.715;32.6714;10.0526;4255.24;6.04448;0;0;0.1;0.01;0;4.7376;0;0;-1
0;824;-6.81945;-81.4806;33.0059;10.2345;4490.44;6.15386;0;0;0.1;0.01;0;5.73741;0;0;-1
0;825;-7.5802;-65.8478;32.0452;9.11861;3175.96;5.48289;0;0;0.1;0.01;0;4.85347;0;0;-1
0;826;-8.80925;-46.9403;30.7928;9.1191;3176.47;5.48318;0;0;0.1;0.01;0;5.15245;0;0;-1
0;827;-5.46164;-32.6276;31.1752;8.5;2572.44;5.11093;0;0;0.1;0.01;0;4.74405;1;0;-1
0;828;-8.84266;-13.1762;31.5901;10.4144;4731.42;6.26203;0;0;0.1;0.01;0;6.59173;0;0;-1
0;829;-7.46477;3.47377;31.9506;9.30981;3379.96;5.59785;0;0;0.1;0.01;0;6.08582;0;0;-1
0;830;-6.85458;20.9989;33.6347;10.0649;4270.88;6.05188;0;0;0.1;0.01;0;5.67493;0;0;-1
0;831;-7.47987;37.7966;34.0854;9.13604;3194.2;5.49337;0;0;0.1;0.01;0;6.14216;0;0;-1
0;832;-5.84982;51.7276;33.6896;8.5;2572.44;5.11093;0;0;0.1;0.01;0;5.492;1;0;-1
0;833;-7.20399;69.7839;32.3973;8.73803;2794.66;5.25405;0;0;0.1;0.01;0;4.35046;0;0;-1
0;834;-6.77963;88.6512;31.1329;8.56897;2635.57;5.1524;0;0;0.1;0.01;0;2.16774;0;0;-1
0;835;8.24714;-89.4371;34.6599;8.757;2812.9;5.26546;0;0;0.1;0.01;0;3.18267;0;0;-1
0;836;7.70463;-74.4745;32.4957;10.4534;4784.77;6.28548;0;0;0.1;0.01;0;7.03469;0;0;-1
0;837;6.34381;-58.9476;31.8204;8.79873;2853.31;5.29055;0;0;0.1;0.01;0;5.10564;0;0;-1
0;838;8.48708;-42.9145;33.2016;10.0561;4259.68;6.04659;0;0;0.1;0.01;0;6.75188;0;0;-1
0;839;6.86591;-23.8845;32.7518;8.90408;2957.03;5.35389;0;0;0.1;0.01;0;4.87966;0;0;-1
0;840;7.21166;-6.04601;33.7191;9.87605;4034.95;5.93833;0;0;0.1;0.01;0;6.05182;0;0;-1
0;841;5.6525;8.78989;34.3827;9.10205;3158.68;5.47293;0;0;0.1;0.01;0;4.74305;0;0;-1
0;842;8.34072;27.821;31.046;9.25309;3318.55;5.56375;0;0;0.1;0.01;0;5.15896;0;0;-1
0;843;6.79229;42.8934;30.5866;10.1876;4428.99;6.12566;0;0;0.1;0.01;0;6.42031;0;0;-1
0;844;8.63527;61.575;30.9006;8.68436;2743.48;5.22178;0;0;0.1;0.01;0;4.75738;0;0;-1
0;845;9.1199;78.9349;31.9058;9.46328;3549.88;5.69013;0;0;0.1;0.01;0;4.70556;0;0;-1
0;846;23.1441;-82.6639;33.8566;9.93443;4106.93;5.97343;0;0;0.1;0.01;0;4.76572;0;0;-1
0;847;22.6491;-67.9648;33.0072;9.85623;4010.71;5.92641;0;0;0.1;0.01;0;5.40318;0;0;-1
0;848;23.8649;-47.7353;33.3851;8.90151;2954.47;5.35235;0;0;0.1;0.01;0;5.89531;0;0;-1
0;849;21.1382;-32.29;32.4677;10.1635;4397.63;6.11117;0;0;0.1;0.01;0;7.04018;0;0;-1
0;850;22.1177;-14.0047;32.2146;10.1553;4386.99;6.10623;0;0;0.1;0.01;0;6.79735;0;0;-1
0;851;22.3377;0.482103;30.9362;8.92445;2977.37;5.36614;0;0;0.1;0.01;0;5.1277;0;0;-1
0;852;23.0034;19.3331;30.4867;9.06881;3124.2;5.45294;0;0;0.1;0.01;0;4.82385;0;0;-1
0;853;22.1084;37.5581;33.986;9.3486;3422.38;5.62118;0;0;0.1;0.01;0;5.73635;0;0;-1
0;854;23.7946;51.3899;32.5719;9.90615;4071.96;5.95642;0;0;0.1;0.01;0;6.81337;0;0;-1
0;855;22.3261;68.7567;31.0035;8.75237;2808.44;5.26267;0;0;0.1;0.01;0;5.90401;0;0;-1
0;856;20.8544;89.3893;34.2246;9.34689;3420.5;5.62015;0;0;0.1;0.01;0;1.60304;0;0;-1
0;857;35.7847;-74.7217;32.79;8.5;2572.44;5.11093;0;0;0.1;0.01;0;3.42724;1;0;-1
0;858;37.1869;-55.0844;32.8411;9.55435;3653.36;5.74489;0;0;0.1;0.01;0;5.76129;0;0;-1
0;859;35.574;-38.4128;30.891;8.5;2572.44;5.11093;0;0;0.1;0.01;0;5.30997;1;0;-1
0;860;37.4979;-21.9799;32.1805;8.5;2572.44;5.11093;0;0;0.1;0.01;0;4.75697;1;0;-1
0;861;35.8982;-4.81188;33.2065;9.17157;3231.62;5.51473;0;0;0.1;0.01;0;5.72573;0;0;-1
0;862;38.7393;9.35713;32.4873;8.59517;2659.82;5.16815;0;0;0.1;0.01;0;4.91394;0;0;-1
0;863;38.1045;25.5632;32.9999;9.81869;3965.06;5.90384;0;0;0.1;0.01;0;5.59301;0;0;-1
0;864;38.3506;43.1661;33.094;9.76301;3897.98;5.87036;0;0;0.1;0.01;0;6.02013;0;0;-1
0;865;35.3788;61.8629;33.7053;9.76121;3895.83;5.86927;0;0;0.1;0.01;0;6.62615;0;0;-1
0;866;36.8549;77.2488;32.1597;10.0224;4217;6.02632;0;0;0.1;0.01;0;5.23687;0;0;-1
0;867;52.8263;-64.6649;31.9339;9.06145;3116.6;5.44852;0;0;0.1;0.01;0;3.97347;0;0;-1
0;868;53.1663;-49.3397;32.1256;9.43641;3519.73;5.67398;0;0;0.1;0.01;0;5.65558;0;0;-1
0;869;52.0695;-33.3855;32.4038;9.52844;3623.71;5.72931;0;0;0.1;0.01;0;6.13993;0;0;-1
0;870;51.5441;-17.3202;31.597;9.93219;4104.15;5.97208;0;0;0.1;0.01;0;6.32074;0;0;-1
0;871;53.2106;0.914388;33.8733;10.0205;4214.6;6.02518;0;0;0.1;0.01;0;6.86714;0;0;-1
0;872;52.4616;17.8199;33.3898;8.9672;3020.36;5.39185;0;0;0.1;0.01;0;6.01577;0;0;-1
0;873;53.4756;38.1458;32.2348;8.9671;3020.26;5.39179;0;0;0.1;0.01;0;6.03659;0;0;-1
0;874;53.2649;53.1791;33.326;9.60563;3712.5;5.77573;0;0;0.1;0.01;0;6.96901;0;0;-1
0;875;51.4264;68.3297;32.4198;9.14929;3208.12;5.50134;0;0;0.1;0.01;0;4.86765;0;0;-1
0;876;67.2605;-58.0733;32.4273;8.83388;2887.64;5.31168;0;0;0.1;0.01;0;3.29199;0;0;-1
0;877;67.6957;-38.6023;31.5497;9.31078;3381.01;5.59844;0;0;0.1;0.01;0;5.34612;0;0;-1
0;878;66.3873;-21.8154;31.9641;9.12977;3187.63;5.4896;0;0;0.1;0.01;0;5.27191;0;0;-1
0;879;66.9412;-4.76943;32.6271;9.85842;4013.38;5.92772;0;0;0.1;0.01;0;5.7251;0;0;-1
0;880;67.2109;10.3586;32.9757;8.94914;3002.15;5.38099;0;0;0.1;0.01;0;6.55186;0;0;-1
0;881;66.2117;28.0115;33.785;8.61621;2679.4;5.1808;0;0;0.1;0.01;0;5.8218;0;0;-1
0;882;67.3152;45.6463;31.0877;9.11558;3172.79;5.48107;0;0;0.1;0.01;0;6.46602;0;0;-1
0;883;67.0123;59.5;32.0786;9.87652;4035.53;5.93861;0;0;0.1;0.01;0;4.75578;0;0;-1
0;884;79.9442;-30.2574;33.8358;9.91075;4077.63;5.95919;0;0;0.1;0.01;0;4.39785;0;0;-1
0;885;80.1769;-15.9657;30.7231;8.8039;2858.34;5.29366;0;0;0.1;0.01;0;4.50636;0;0;-1
0;886;79.6574;3.68782;33.5511;10.0827;4293.58;6.06258;0;0;0.1;0.01;0;4.94829;0;0;-1
0;887;80.7113;19.6996;34.1951;8.73611;2792.82;5.2529;0;0;0.1;0.01;0;3.84974;0;0;-1
0;888;80.5426;33.6367;31.9236;8.98096;3034.29;5.40012;0;0;0.1;0.01;0;4.25677;0;0;-1
0;889;-86.3549;-6.4443;47.2347;9.7781;3916.08;5.87943;0;0;0.1;0.01;0;3.24543;0;0;-1
0;890;-85.6614;9.85687;47.7968;10.4049;4718.48;6.25632;0;0;0.1;0.01;0;3.02313;0;0;-1
0;891;-69.0195;-49.9843;48.794;10.4318;4755.17;6.27249;0;0;0.1;0.01;0;2.87985;0;0;-1
0;892;-69.3915;-33.7466;47.9843;8.5;2572.44;5.11093;0;0;0.1;0.01;0;4.0937;1;0;-1
0;893;-69.3667;-13.3643;47.694;9.91875;4087.52;5.964;0;0;0.1;0.01;0;5.72624;0;0;-1
0;894;-71.5186;0.837812;46.775;8.91111;2964.04;5.35812;0;0;0.1;0.01;0;5.62399;0;0;-1
0;895;-68.5655;18.0345;47.0559;8.75571;2811.66;5.26468;0;0;0.1;0.01;0;3.93411;0;0;-1
0;896;-70.5807;36.4589;49.3619;9.25688;3322.63;5.56603;0;0;0.1;0.01;0;1.72355;0;0;-1
0;897;-56.6369;-59.6068;46.1542;8.92538;2978.3;5.3667;0;0;0.1;0.01;0;4.10035;0;0;-1
0;898;-57.0571;-39.131;47.603;9.30218;3371.65;5.59327;0;0;0.1;0.01;0;5.7782;0;0;-1
0;899;-57.0483;-23.2638;47.2595;8.5;2572.44;5.11093;0;0;0.1;0.01;0;5.45203;1;0;-1
0;900;-56.8263;-6.91205;48.8066;9.56046;3660.37;5.74857;0;0;0.1;0.01;0;5.90563;0;0;-1
0;901;-54.5946;12.754;45.9814;8.6949;2753.48;5.22812;0;0;0.1;0.01;0;4.41965;0;0;-1
0;902;-57.7039;29.7441;45.9796;8.5;2572.44;5.11093;0;0;0.1;0.01;0;4.65918;1;0;-1
0;903;-56.3024;45.9435;47.0309;8.5;2572.44;5.11093;0;0;0.1;0.01;0;4.46071;1;0;-1
0;904;-54.4387;61.2993;46.4108;8.73256;2789.42;5.25076;0;0;0.1;0.01;0;3.50029;0;0;-1
0;905;-40.6528;-64.3866;45.8755;8.77308;2828.43;5.27513;0;0;0.1;0.01;0;3.6641;0;0;-1
0;906;-40.4056;-50.5753;48.2066;9.14813;3206.9;5.50064;0;0;0.1;0.01;0;5.15823;0;0;-1
0;907;-43.1995;-30.0728;46.0942;10.1709;4407.24;6.11561;0;0;0.1;0.01;0;6.05381;0;0;-1
0;908;-41.5072;-14.2953;49.0795;8.5;2572.44;5.11093;0;0;0.1;0.01;0;4.98863;1;0;-1
0;909;-41.6464;0.771564;49.2614;8.65928;2719.78;5.2067;0;0;0.1;0.01;0;4.60072;0;0;-1
0;910;-42.0965;16.7758;48.27;10.2808;4551.66;6.1817;0;0;0.1;0.01;0;5.92291;0;0;-1
0;911;-42.3322;35.8746;45.2256;8.59133;2656.26;5.16584;0;0;0.1;0.01;0;4.94978;0;0;-1
0;912;-41.2187;53.2375;48.9002;10.1348;4360.48;6.09391;0;0;0.1;0.01;0;6.53721;0;0;-1
0;913;-42.4841;69.7206;48.099;9.85071;4003.97;5.92309;0;0;0.1;0.01;0;4.23808;0;0;-1
0;914;-27.8305;-76.7439;46.7375;9.0812;3137.03;5.46039;0;0;0.1;0.01;0;2.96213;0;0;-1
0;915;-26.1683;-55.5077;48.3193;8.59395;2658.69;5.16742;0;0;0.1;0.01;0;5.9959;0;0;-1
0;916;-27.6856;-41.49;46.5255;9.63897;3751.29;5.79577;0;0;0.1;0.01;0;7.57729;0;0;-1
0;917;-28.0332;-24.255;49.4361;8.5;2572.44;5.11093;0;0;0.1;0.01;0;4.80403;1;0;-1
0;918;-25.7029;-8.79416;47.3225;8.5;2572.44;5.11093;0;0;0.1;0.01;0;4.63683;1;0;-1
0;919;-26.6728;12.026;46.5398;9.92574;4096.16;5.9682;0;0;0.1;0.01;0;5.77839;0;0;-1
0;920;-26.9575;29.5841;48.559;10.2075;4454.99;6.13762;0;0;0.1;0.01;0;7.06236;0;0;-1
0;921;-26.3541;45.1547;48.8383;9.22863;3292.31;5.54904;0;0;0.1;0.01;0;6.11782;0;0;-1
0;922;-25.8935;60.8819;46.5192;10.3198;4603.65;6.20515;0;0;0.1;0.01;0;6.87396;0;0;-1
0;923;-25.5683;79.336;48.501;9.1597;3219.08;5.50759;0;0;0.1;0.01;0;3.17685;0;0;-1
0;924;-12.3624;-80.7883;46.0175;8.874;2927.16;5.33581;0;0;0.1;0.01;0;3.07102;0;0;-1
0;925;-11.885;-64.6865;47.9642;8.62741;2689.86;5.18754;0;0;0.1;0.01;0;4.4575;0;0;-1
0;926;-13.4947;-47.9725;46.5704;10.3686;4669.27;6.23449;0;0;0.1;0.01;0;7.51988;0;0;-1
0;927;-12.693;-33.5668;49.1063;10.005;4195.08;6.01586;0;0;0.1;0.01;0;5.88148;0;0;-1
0;928;-11.4161;-13.8841;48.6913;9.93402;4106.42;5.97318;0;0;0.1;0.01;0;6.77186;0;0;-1
0;929;-11.0362;0.269487;46.1099;9.49154;3581.78;5.70713;0;0;0.1;0.01;0;6.65084;0;0;-1
0;930;-13.1774;19.5109;47.8618;10.0132;4205.4;6.02079;0;0;0.1;0.01;0;6.25872;0;0;-1
0;931;-11.2541;37.0958;49.0531;8.84922;2902.71;5.32091;0;0;0.1;0.01;0;6.45071;0;0;-1
0;932;-12.2012;52.5435;48.7849;9.02879;3083.03;5.42888;0;0;0.1;0.01;0;7.20789;0;0;-1
0;933;-11.7516;69.7929;48.0768;10.1432;4371.33;6.09896;0;0;0.1;0.01;0;5.86717;0;0;-1
0;934;-12.8157;86.6133;47.9955;8.5;2572.44;5.11093;0;0;0.1;0.01;0;1.66552;1;0;-1
0;935;2.05698;-73.1388;45.8792;8.5;2572.44;5.11093;0;0;0.1;0.01;0;4.91287;1;0;-1
0;936;1.61626;-59.4396;46.6199;8.99434;3047.87;5.40817;0;0;0.1;0.01;0;5.60896;0;0;-1
0;937;2.35356;-42.2797;46.9596;9.40872;3488.83;5.65733;0;0;0.1;0.01;0;5.65092;0;0;-1
0;938;1.44551;-22.4076;48.5105;9.3869;3464.62;5.64421;0;0;0.1;0.01;0;5.82135;0;0;-1
0;939;4.30867;-5.39128;49.0478;9.50215;3593.8;5.7135;0;0;0.1;0.01;0;6.81218;0;0;-1
0;940;3.22285;8.86523;49.2371;9.40384;3483.41;5.65439;0;0;0.1;0.01;0;5.80909;0;0;-1
0;941;1.82505;29.6382;47.3286;8.5;2572.44;5.11093;0;0;0.1;0.01;0;5.05024;1;0;-1
0;942;1.08707;45.5416;47.5955;8.53776;2606.88;5.13363;0;0;0.1;0.01;0;6.17135;0;0;-1
0;943;1.48935;60.6223;45.6747;9.03964;3094.15;5.4354;0;0;0.1;0.01;0;5.43646;0;0;-1
0;944;4.93124;79.7285;48.6591;10.1102;4328.8;6.07912;0;0;0.1;0.01;0;3.00612;0;0;-1
0;945;18.9272;-84.4734;48.8946;8.82496;2878.9;5.30632;0;0;0.1;0.01;0;1.95449;0;0;-1
0;946;18.2824;-65.9323;46.7087;9.13393;3191.99;5.4921;0;0;0.1;0.01;0;4.69431;0;0;-1
0;947;16.9238;-49.4146;46.2835;8.5;2572.44;5.11093;0;0;0.1;0.01;0;4.61278;1;0;-1
0;948;19.3956;-34.3979;45.9347;10.2763;4545.68;6.17899;0;0;0.1;0.01;0;6.5676;0;0;-1
0;949;16.1462;-14.8614;48.4538;9.22523;3288.67;5.547;0;0;0.1;0.01;0;6.34205;0;0;-1
0;950;18.7789;1.80749;48.5184;8.50641;2578.26;5.11478;0;0;0.1;0.01;0;5.65758;0;0;-1
0;951;17.3896;17.4881;46.778;9.55479;3653.86;5.74516;0;0;0.1;0.01;0;5.23535;0;0;-1
0;952;16.0241;36.3926;49.0143;8.5;2572.44;5.11093;0;0;0.1;0.01;0;4.95142;1;0;-1
0;953;19.2385;50.8479;45.5647;9.03341;3087.76;5.43166;0;0;0.1;0.01;0;5.11128;0;0;-1
0;954;17.4154;71.0969;46.7944;9.52319;3617.73;5.72616;0;0;0.1;0.01;0;4.5436;0;0;-1
0;955;33.206;-74.2761;48.7922;8.9766;3029.87;5.3975;0;0;0.1;0.01;0;3.24384;0;0;-1
0;956;33.1114;-57.1336;47.8306;9.60965;3717.16;5.77814;0;0;0.1;0.01;0;6.04608;0;0;-1
0;957;33.4747;-39.2145;45.8195;9.85133;4004.73;5.92346;0;0;0.1;0.01;0;6.54208;0;0;-1
0;958;30.7961;-22.5158;46.1745;9.98303;4167.5;6.00265;0;0;0.1;0.01;0;6.38948;0;0;-1
0;959;31.9812;-5.0437;47.772;9.48791;3577.67;5.70494;0;0;0.1;0.01;0;5.83427;0;0;-1
0;960;33.2558;12.0637;47.6407;9.44032;3524.1;5.67633;0;0;0.1;0.01;0;5.47904;0;0;-1
0;961;30.684;25.7854;46.9813;9.75134;3884.02;5.86334;0;0;0.1;0.01;0;6.5274;0;0;-1
0;962;32.7104;43.2073;48.5122;8.95476;3007.81;5.38437;0;0;0.1;0.01;0;6.11507;0;0;-1
0;963;31.885;59.3287;48.6159;9.99243;4179.28;6.0083;0;0;0.1;0.01;0;6.93146;0;0;-1
0;964;30.9327;76.2493;47.6947;9.44588;3530.33;5.67967;0;0;0.1;0.01;0;4.12723;0;0;-1
0;965;45.9662;-63.7053;46.571;8.50235;2574.57;5.11234;0;0;0.1;0.01;0;3.30852;0;0;-1
0;966;46.1744;-47.472;47.5714;10.2055;4452.37;6.13642;0;0;0.1;0.01;0;6.42969;0;0;-1
0;967;47.6511;-31.4628;46.2954;8.5;2572.44;5.11093;0;0;0.1;0.01;0;5.04433;1;0;-1
0;968;45.23;-13.9438;49.0325;9.26855;3335.22;5.57304;0;0;0.1;0.01;0;5.88881;0;0;-1
0;969;45.8955;-0.2208;45.3762;8.5;2572.44;5.11093;0;0;0.1;0.01;0;5.34704;1;0;-1
0;970;47.7164;20.7858;46.8818;10.0206;4214.73;6.02524;0;0;0.1;0.01;0;7.16758;0;0;-1
0;971;45.3035;36.6204;48.5889;9.44979;3534.72;5.68202;0;0;0.1;0.01;0;6.80058;0;0;-1
0;972;46.4695;54.7692;49.1027;9.69619;3818.49;5.83018;0;0;0.1;0.01;0;5.88233;0;0;-1
0;973;45.6624;72.0079;48.4222;9.86394;4020.13;5.93104;0;0;0.1;0.01;0;3.34243;0;0;-1
0;974;63.7;-58.7678;46.4772;8.74716;2803.43;5.25954;0;0;0.1;0.01;0;2.3832;0;0;-1
0;975;62.0136;-42.3764;47.6504;9.36522;3440.67;5.63117;0;0;0.1;0.01;0;5.0479;0;0;-1
0;976;59.8927;-24.0705;48.5195;8.5;2572.44;5.11093;0;0;0.1;0.01;0;4.86055;1;0;-1
0;977;63.6056;-8.70052;46.816;10.1425;4370.42;6.09854;0;0;0.1;0.01;0;6.67251;0;0;-1
0;978;60.6623;8.13363;47.1501;9.86993;4027.46;5.93465;0;0;0.1;0.01;0;6.38304;0;0;-1
0;979;61.524;26.8089;46.1107;9.90075;4065.3;5.95318;0;0;0.1;0.01;0;6.42656;0;0;-1
0;980;60.1731;43.6501;46.0411;10.1384;4365.13;6.09607;0;0;0.1;0.01;0;6.24429;0;0;-1
0;981;61.169;61.0014;46.9962;9.12844;3186.24;5.4888;0;0;0.1;0.01;0;3.76017;0;0;-1
0;982;77.2927;-30.3692;48.6431;8.61289;2676.3;5.17881;0;0;0.1;0.01;0;2.62476;0;0;-1
0;983;77.1343;-17.0991;47.7322;8.5;2572.44;5.11093;0;0;0.1;0.01;0;3.16031;1;0;-1
0;984;75.5678;1.82975;46.5446;9.84126;3992.46;5.91741;0;0;0.1;0.01;0;5.04658;0;0;-1
0;985;78.691;17.3404;48.8015;10.0526;4255.24;6.04448;0;0;0.1;0.01;0;4.18474;0;0;-1
0;986;75.2861;34.6947;45.9245;10.2898;4563.62;6.18711;0;0;0.1;0.01;0;4.40643;0;0;-1
0;987;-65.6114;-30.2911;62.2609;8.57744;2643.39;5.15749;0;0;0.1;0.01;0;3.43642;0;0;-1
0;988;-66.5755;-15.4237;63.5476;8.87947;2932.58;5.3391;0;0;0.1;0.01;0;3.54001;0;0;-1
0;989;-66.6927;0.549464;61.3357;8.52153;2592.04;5.12387;0;0;0.1;0.01;0;3.47891;0;0;-1
0;990;-66.1519;19.5139;63.9354;9.60852;3715.85;5.77746;0;0;0.1;0.01;0;3.3556;0;0;-1
0;991;-51.82;-58.4793;60.4554;9.06277;3117.97;5.44931;0;0;0.1;0.01;0;2.13621;0;0;-1
0;992;-51.4167;-38.7593;63.6232;10.4312;4754.35;6.27213;0;0;0.1;0.01;0;5.19888;0;0;-1
0;993;-50.7464;-24.5004;63.2979;8.99047;3043.94;5.40584;0;0;0.1;0.01;0;6.41128;0;0;-1
0;994;-52.7047;-8.79262;61.3351;8.75928;2815.1;5.26683;0;0;0.1;0.01;0;4.57343;0;0;-1
0;995;-53.4875;10.3283;61.6452;10.3467;4639.75;6.22132;0;0;0.1;0.01;0;5.60455;0;0;-1
0;996;-53.0197;27.1212;62.1051;8.5119;2583.26;5.11808;0;0;0.1;0.01;0;4.04331;0;0;-1
0;997;-51.7532;46.5228;61.7997;9.49673;3587.66;5.71025;0;0;0.1;0.01;0;3.02873;0;0;-1
0;998;-36.3731;-47.5549;60.5179;9.31429;3384.84;5.60055;0;0;0.1;0.01;0;6.186;0;0;-1
0;999;-36.914;-33.1681;64.1659;8.56914;2635.73;5.1525;0;0;0.1;0.01;0;5.89134;0;0;-1
0;1000;-35.4715;-15.6559;62.6751;9.77893;3917.08;5.87993;0;0;0.1;0.01;0;6.61858;0;0;-1
0;1001;-36.1632;1.45812;63.9669;8.73934;2795.92;5.25484;0;0;0.1;0.01;0;4.87645;0;0;-1
0;1002;-35.0667;19.5867;62.2194;8.80965;2863.94;5.29711;0;0;0.1;0.01;0;5.88894;0;0;-1
0;1003;-35.2284;37.0927;60.6597;9.96828;4149.06;5.99378;0;0;0.1;0.01;0;6.29345;0;0;-1
0;1004;-38.3061;52.2612;63.8444;9.47991;3568.63;5.70013;0;0;0.1;0.01;0;3.94367;0;0;-1
0;1005;-38.3126;67.9562;60.694;9.61487;3723.22;5.78128;0;0;0.1;0.01;0;3.18542;0;0;-1
0;1006;-21.3166;-73.2334;63.7671;8.5;2572.44;5.11093;0;0;0.1;0.01;0;1.71344;1;0;-1
0;1007;-23.2924;-57.0302;62.2451;10.4;4711.82;6.25337;0;0;0.1;0.01;0;6.18664;0;0;-1
0;1008;-22.2408;-40.8652;61.3945;10.2717;4539.58;6.17622;0;0;0.1;0.01;0;8.02997;0;0;-1
0;1009;-21.2998;-22.7358;63.6585;8.53442;2603.82;5.13162;0;0;0.1;0.01;0;6.24385;0;0;-1
0;1010;-21.9736;-5.56395;62.1264;10.3597;4657.26;6.22914;0;0;0.1;0.01;0;6.43799;0;0;-1
0;1011;-22.1175;10.5183;60.8514;8.5;2572.44;5.11093;0;0;0.1;0.01;0;3.63479;1;0;-1
0;1012;-23.7855;26.8084;63.5221;9.01866;3072.66;5.42279;0;0;0.1;0.01;0;4.69489;0;0;-1
0;1013;-22.4089;44.4769;62.8112;9.87176;4029.7;5.93575;0;0;0.1;0.01;0;6.77109;0;0;-1
0;1014;-21.8325;59.7015;60.1723;8.81698;2871.1;5.30152;0;0;0.1;0.01;0;5.43885;0;0;-1
0;1015;-7.87497;-67.6895;60.342;8.52518;2595.37;5.12607;0;0;0.1;0.01;0;3.89151;0;0;-1
0;1016;-7.86842;-47.705;63.134;10.2311;4485.96;6.15181;0;0;0.1;0.01;0;6.71317;0;0;-1
0;1017;-5.56514;-29.8872;63.3972;9.05885;3113.92;5.44696;0;0;0.1;0.01;0;6.57596;0;0;-1
0;1018;-6.85465;-15.3377;60.967;8.54701;2615.36;5.13919;0;0;0.1;0.01;0;6.62521;0;0;-1
0;1019;-8.78354;0.625374;60.7734;8.5;2572.44;5.11093;0;0;0.1;0.01;0;4.71352;1;0;-1
0;1020;-6.95414;20.8319;60.3893;8.92528;2978.2;5.36664;0;0;0.1;0.01;0;4.61718;0;0;-1
0;1021;-8.83231;36.0093;63.5789;9.68264;3802.51;5.82203;0;0;0.1;0.01;0;7.04871;0;0;-1
0;1022;-6.47449;52.1411;61.0332;9.64341;3756.48;5.79844;0;0;0.1;0.01;0;7.58054;0;0;-1
0;1023;-7.43366;67.6704;60.877;10.3052;4584.14;6.19637;0;0;0.1;0.01;0;4.93551;0;0;-1
0;1024;5.32162;-73.7691;61.9514;8.5;2572.44;5.11093;0;0;0.1;0.01;0;2.23695;1;0;-1
0;1025;6.87282;-57.4098;62.3042;10.176;4413.87;6.11868;0;0;0.1;0.01;0;5.8159;0;0;-1
0;1026;7.74315;-39.3504;61.0374;8.5;2572.44;5.11093;0;0;0.1;0.01;0;4.55234;1;0;-1
0;1027;6.38171;-22.6916;62.3458;9.92312;4092.92;5.96663;0;0;0.1;0.01;0;6.7125;0;0;-1
0;1028;9.17407;-6.37506;62.4729;10.2402;4497.94;6.15728;0;0;0.1;0.01;0;6.85635;0;0;-1
0;1029;8.78016;12.1953;62.2445;8.66534;2725.5;5.21034;0;0;0.1;0.01;0;4.78713;0;0;-1
0;1030;7.91714;26.3203;63.4161;8.5;2572.44;5.11093;0;0;0.1;0.01;0;5.49521;1;0;-1
0;1031;7.4236;42.0722;60.0842;10.2988;4575.6;6.19252;0;0;0.1;0.01;0;6.63444;0;0;-1
0;1032;6.6374;63.0836;63.2909;9.3194;3390.41;5.60362;0;0;0.1;0.01;0;4.62275;0;0;-1
0;1033;21.3018;-63.8692;60.9584;8.5;2572.44;5.11093;0;0;0.1;0.01;0;3.70158;1;0;-1
0;1034;23.2582;-50.2968;61.9533;8.5;2572.44;5.11093;0;0;0.1;0.01;0;4.43406;1;0;-1
0;1035;20.9375;-32.3592;61.0324;8.5;2572.44;5.11093;0;0;0.1;0.01;0;3.83426;1;0;-1
0;1036;24.214;-12.6684;60.3659;8.5;2572.44;5.11093;0;0;0.1;0.01;0;5.40594;1;0;-1
0;1037;20.6142;2.95185;61.7787;8.5;2572.44;5.11093;0;0;0.1;0.01;0;5.0641;1;0;-1
0;1038;23.0825;19.795;63.7354;10.3275;4613.96;6.20978;0;0;0.1;0.01;0;7.34206;0;0;-1
0;1039;21.9256;37.8422;63.1518;8.70203;2760.26;5.2324;0;0;0.1;0.01;0;5.68786;0;0;-1
0;1040;21.5765;53.1585;60.4275;8.5;2572.44;5.11093;0;0;0.1;0.01;0;5.29553;1;0;-1
0;1041;22.1335;69.11;61.3943;9.0674;3122.75;5.4521;0;0;0.1;0.01;0;3.38998;0;0;-1
0;1042;34.6689;-59.7325;63.5391;8.5;2572.44;5.11093;0;0;0.1;0.01;0;2.17347;1;0;-1
0;1043;36.1561;-39.3417;62.5768;9.23923;3303.66;5.55541;0;0;0.1;0.01;0;4.51245;0;0;-1
0;1044;38.185;-22.8144;61.893;8.81792;2872.02;5.30209;0;0;0.1;0.01;0;4.89488;0;0;-1
0;1045;35.7934;-5.05899;62.6076;8.95321;3006.25;5.38344;0;0;0.1;0.01;0;4.80398;0;0;-1
0;1046;38.2665;12.29;61.383;9.45337;3538.74;5.68417;0;0;0.1;0.01;0;5.64903;0;0;-1
0;1047;37.9537;26.2108;60.2519;8.5;2572.44;5.11093;0;0;0.1;0.01;0;6.73296;1;0;-1
0;1048;35.5225;43.3605;63.518;9.23679;3301.05;5.55395;0;0;0.1;0.01;0;5.6304;0;0;-1
0;1049;38.6603;60.4717;63.3796;9.72555;3853.28;5.84783;0;0;0.1;0.01;0;3.9492;0;0;-1
0;1050;53.4555;-48.7325;61.7422;9.52246;3616.9;5.72572;0;0;0.1;0.01;0;3.22411;0;0;-1
0;1051;50.3651;-33.3918;60.8755;8.5;2572.44;5.11093;0;0;0.1;0.01;0;4.87699;1;0;-1
0;1052;51.024;-15.2814;62.1429;9.58171;3684.83;5.76134;0;0;0.1;0.01;0;5.69797;0;0;-1
0;1053;50.0336;0.79434;62.6979;8.5;2572.44;5.11093;0;0;0.1;0.01;0;4.1301;1;0;-1
0;1054;50.5507;20.6965;60.9307;8.5;2572.44;5.11093;0;0;0.1;0.01;0;5.72319;1;0;-1
0;1055;50.8704;34.8048;61.8182;9.8158;3961.56;5.9021;0;0;0.1;0.01;0;6.01802;0;0;-1
0;1056;53.6951;53.0109;62.739;10.1404;4367.71;6.09728;0;0;0.1;0.01;0;3.14118;0;0;-1
0;1057;67.0782;-40.8562;60.8974;10.4293;4751.76;6.27099;0;0;0.1;0.01;0;2.85221;0;0;-1
0;1058;64.4535;-21.518;62.1456;8.5;2572.44;5.11093;0;0;0.1;0.01;0;2.95747;1;0;-1
0;1059;64.4383;-5.43553;61.8731;8.5;2572.44;5.11093;0;0;0.1;0.01;0;4.08051;1;0;-1
0;1060;66.7709;9.19476;60.6572;9.7064;3830.57;5.83632;0;0;0.1;0.01;0;3.28703;0;0;-1
0;1061;65.1714;25.0302;60.1634;8.80062;2855.15;5.29169;0;0;0.1;0.01;0;2.82029;0;0;-1
0;1062;-54.4222;-23.7674;75.9843;9.34551;3418.99;5.61932;0;0;0.1;0.01;0;3.60236;0;0;-1
0;1063;-56.5103;-4.70191;78.7103;8.5;2572.44;5.11093;0;0;0.1;0.01;0;1.66158;1;0;-1
0;1064;-54.9464;10.6822;76.2427;9.32397;3395.4;5.60637;0;0;0.1;0.01;0;3.9042;0;0;-1
0;1065;-56.4431;29.7273;75.0151;10.447;4775.99;6.28163;0;0;0.1;0.01;0;3.2345;0;0;-1
0;1066;-40.0308;-48.9656;77.0215;8.5;2572.44;5.11093;0;0;0.1;0.01;0;2.24547;1;0;-1
0;1067;-42.2508;-30.7986;77.7967;8.79456;2849.25;5.28804;0;0;0.1;0.01;0;4.74701;0;0;-1
0;1068;-40.3993;-15.9274;75.1;9.98709;4172.59;6.00509;0;0;0.1;0.01;0;6.54584;0;0;-1
0;1069;-40.4531;2.86927;77.9496;9.51488;3608.27;5.72116;0;0;0.1;0.01;0;5.73032;0;0;-1
0;1070;-41.63;17.7808;74.6461;8.54694;2615.29;5.13915;0;0;0.1;0.01;0;5.54996;0;0;-1
0;1071;-39.3203;33.6784;76.4757;9.87209;4030.1;5.93594;0;0;0.1;0.01;0;4.14375;0;0;-1
0;1072;-24.3917;-55.1625;76.9401;9.73996;3870.44;5.8565;0;0;0.1;0.01;0;3.4688;0;0;-1
0;1073;-26.2721;-40.849;74.9469;9.02504;3079.19;5.42663;0;0;0.1;0.01;0;5.50641;0;0;-1
0;1074;-27.4661;-23.1564;76.5331;10.0637;4269.35;6.05116;0;0;0.1;0.01;0;7.0145;0;0;-1
0;1075;-27.2526;-4.51811;77.8972;9.34698;3420.6;5.6202;0;0;0.1;0.01;0;6.55049;0;0;-1
0;1076;-24.9787;12.2892;77.0404;9.04555;3100.23;5.43896;0;0;0.1;0.01;0;5.77463;0;0;-1
0;1077;-25.7876;26.534;77.3013;9.31413;3384.66;5.60045;0;0;0.1;0.01;0;5.89711;0;0;-1
0;1078;-25.3415;43.7245;77.7641;9.28589;3353.97;5.58347;0;0;0.1;0.01;0;3.80731;0;0;-1
0;1079;-10.0666;-47.8114;76.4024;8.80812;2862.45;5.29619;0;0;0.1;0.01;0;4.92329;0;0;-1
0;1080;-12.4527;-31.1418;76.4144;10.2266;4480.05;6.14911;0;0;0.1;0.01;0;7.47959;0;0;-1
0;1081;-12.8043;-16.1683;74.6165;9.40462;3484.27;5.65486;0;0;0.1;0.01;0;7.3512;0;0;-1
0;1082;-13.5661;0.328934;78.4925;10.2202;4471.64;6.14526;0;0;0.1;0.01;0;6.59514;0;0;-1
0;1083;-11.4814;20.5753;78.3176;8.95194;3004.97;5.38267;0;0;0.1;0.01;0;5.81065;0;0;-1
0;1084;-10.8846;36.5082;76.776;10.0821;4292.81;6.06222;0;0;0.1;0.01;0;7.276;0;0;-1
0;1085;-11.9876;51.5973;76.3118;9.93362;4105.93;5.97294;0;0;0.1;0.01;0;4.78296;0;0;-1
0;1086;3.54388;-58.846;76.6034;10.3992;4710.73;6.25289;0;0;0.1;0.01;0;3.37173;0;0;-1
0;1087;1.3778;-42.2281;78.4844;8.5;2572.44;5.11093;0;0;0.1;0.01;0;4.9763;1;0;-1
0;1088;4.76926;-23.2442;76.3339;10.0445;4244.96;6.03961;0;0;0.1;0.01;0;6.80777;0;0;-1
0;1089;1.29953;-7.59422;78.2459;9.92445;4094.57;5.96743;0;0;0.1;0.01;0;6.26855;0;0;-1
0;1090;3.27406;11.4172;77.6336;8.90179;2954.75;5.35252;0;0;0.1;0.01;0;4.54093;0;0;-1
0;1091;1.50604;27.3624;77.7765;9.65841;3774.03;5.80746;0;0;0.1;0.01;0;7.23945;0;0;-1
0;1092;2.54167;42.4961;76.4674;10.3015;4579.2;6.19414;0;0;0.1;0.01;0;6.33687;0;0;-1
0;1093;4.04502;61.3705;76.5714;9.70352;3827.16;5.83459;0;0;0.1;0.01;0;3.29139;0;0;-1
0;1094;16.4755;-49.5985;74.9922;8.82222;2876.22;5.30467;0;0;0.1;0.01;0;3.51471;0;0;-1
0;1095;17.4658;-30.7371;77.8429;9.94785;4123.6;5.9815;0;0;0.1;0.01;0;6.04482;0;0;-1
0;1096;18.4973;-13.1216;74.6075;9.11763;3174.93;5.4823;0;0;0.1;0.01;0;6.14186;0;0;-1
0;1097;16.7218;3.33959;76.3127;8.78297;2838;5.28107;0;0;0.1;0.01;0;5.2519;0;0;-1
0;1098;18.4126;20.1241;76.7574;8.5;2572.44;5.11093;0;0;0.1;0.01;0;5.811;1;0;-1
0;1099;18.6037;33.98;76.0099;10.0972;4312.13;6.0713;0;0;0.1;0.01;0;7.30815;0;0;-1
0;1100;18.5676;54.4299;76.1432;9.59276;3697.6;5.76799;0;0;0.1;0.01;0;3.60169;0;0;-1
0;1101;32.5471;-40.1989;76.4268;10.1849;4425.47;6.12403;0;0;0.1;0.01;0;3.81445;0;0;-1
0;1102;31.2483;-22.945;78.552;10.1291;4353.13;6.09048;0;0;0.1;0.01;0;5.58306;0;0;-1
0;1103;31.1776;-5.98604;77.3437;8.5572;2624.72;5.14532;0;0;0.1;0.01;0;5.20115;0;0;-1
0;1104;32.3759;11.7435;76.1696;9.07028;3125.72;5.45383;0;0;0.1;0.01;0;4.46341;0;0;-1
0;1105;34.5166;28.411;76.6488;10.3011;4578.67;6.1939;0;0;0.1;0.01;0;5.87728;0;0;-1
0;1106;30.9558;46.4933;78.1569;10.3268;4613.03;6.20935;0;0;0.1;0.01;0;4.17092;0;0;-1
0;1107;49.0865;-30.3943;78.6676;9.26179;3327.92;5.56898;0;0;0.1;0.01;0;1.6888;0;0;-1
0;1108;45.4483;-13.8809;75.3052;8.5304;2600.14;5.12921;0;0;0.1;0.01;0;4.763;0;0;-1
0;1109;47.4409;0.400083;77.978;8.55106;2619.08;5.14163;0;0;0.1;0.01;0;3.45449;0;0;-1
0;1110;48.32;20.0344;74.9173;9.58572;3689.46;5.76375;0;0;0.1;0.01;0;3.87099;0;0;-1
0;1111;49.0102;36.2372;77.4605;8.5;2572.44;5.11093;0;0;0.1;0.01;0;2.34361;1;0;-1
0;1112;60.4376;-6.10342;78.4476;8.5;2572.44;5.11093;0;0;0.1;0.01;0;1.59449;1;0;-1
0;1113;-36.2696;-15.731;89.6374;9.8315;3980.59;5.91154;0;0;0.1;0.01;0;4.24747;0;0;-1
0;1114;-36.4142;1.56755;91.2399;8.5;2572.44;5.11093;0;0;0.1;0.01;0;3.92203;1;0;-1
0;1115;-38.4485;16.9536;89.8851;10.0141;4206.53;6.02133;0;0;0.1;0.01;0;3.76931;0;0;-1
0;1116;-21.1036;-24.4715;90.0445;10.4526;4783.67;6.285;0;0;0.1;0.01;0;4.94946;0;0;-1
0;1117;-23.4163;-6.36245;93.0752;10.0382;4236.98;6.03582;0;0;0.1;0.01;0;4.53901;0;0;-1
0;1118;-22.7414;11.6892;89.7692;8.5;2572.44;5.11093;0;0;0.1;0.01;0;4.56216;1;0;-1
0;1119;-21.6273;27.6332;93.3735;10.1704;4406.59;6.11531;0;0;0.1;0.01;0;3.6385;0;0;-1
0;1120;-7.47749;-31.4726;90.7911;9.99572;4183.41;6.01028;0;0;0.1;0.01;0;4.74602;0;0;-1
0;1121;-8.53269;-14.011;89.4461;9.49792;3589.01;5.71096;0;0;0.1;0.01;0;6.43214;0;0;-1
0;1122;-6.51512;1.18264;92.6596;9.92513;4095.41;5.96784;0;0;0.1;0.01;0;5.31263;0;0;-1
0;1123;-5.8072;19.13;93.3171;10.3778;4681.71;6.24002;0;0;0.1;0.01;0;5.3776;0;0;-1
0;1124;-7.613;35.0392;92.3587;8.5;2572.44;5.11093;0;0;0.1;0.01;0;3.70863;1;0;-1
0;1125;5.42277;-38.5695;92.1462;8.64182;2703.36;5.1962;0;0;0.1;0.01;0;2.77269;0;0;-1
0;1126;6.63457;-23.3655;92.1204;9.97299;4154.94;5.99661;0;0;0.1;0.01;0;4.85998;0;0;-1
0;1127;7.32731;-5.04101;91.6078;9.76217;3896.98;5.86985;0;0;0.1;0.01;0;4.37123;0;0;-1
0;1128;6.66684;10.8054;91.2088;9.29955;3368.79;5.59168;0;0;0.1;0.01;0;4.1251;0;0;-1
0;1129;6.09613;28.7522;90.0571;9.47028;3557.76;5.69434;0;0;0.1;0.01;0;5.33297;0;0;-1
0;1130;23.7545;-31.9719;89.862;8.5;2572.44;5.11093;0;0;0.1;0.01;0;2.94872;1;0;-1
0;1131;20.7063;-13.4784;89.3561;8.96289;3016.01;5.38926;0;0;0.1;0.01;0;4.82322;0;0;-1
0;1132;22.7938;0.117971;90.168;8.56343;2630.46;5.14907;0;0;0.1;0.01;0;3.4683;0;0;-1
0;1133;20.0095;20.8204;90.9648;8.88242;2935.5;5.34087;0;0;0.1;0.01;0;3.25106;0;0;-1
0;1134;20.8913;36.7155;90.3445;8.61361;2676.97;5.17924;0;0;0.1;0.01;0;2.71954;0;0;-1
0;1135;37.3234;-7.80796;89.7294;9.767;3902.76;5.87276;0;0;0.1;0.01;0;3.63679;0;0;-1
0;1136;35.4261;9.7282;91.1696;8.5238;2594.11;5.12524;0;0;0.1;0.01;0;1.96158;0;0;-1
