Time;ID;x;y;z;radius;volume_total;radius_nuclear;contact_ECM;freezer;polarized_fraction;motility;cell_line;Cell_cell;phase;Cycle;NFkB
0;0;-51.3201;-4.61116;-83.4225;8.5;2572.44;5.11093;0;0;0.1;0.01;0;2.64526;1;0;-1
0;1;-37.433;-33.3424;-84.6861;9.8791;4038.69;5.94016;0;0;0.1;0.01;0;2.67593;0;0;-1
0;2;-37.6564;-13.8282;-86.4831;8.5;2572.44;5.11093;0;0;0.1;0.01;0;2.65188;1;0;-1
0;3;-38.5113;0.470005;-85.5965;8.93259;2985.53;5.37104;0;0;0.1;0.01;0;2.49488;0;0;-1
0;4;-35.4894;20.6077;-84.3393;10.0373;4235.84;6.03528;0;0;0.1;0.01;0;3.0541;0;0;-1
0;5;-21.8018;-40.6291;-87.2617;9.31441;3384.97;5.60062;0;0;0.1;0.01;0;2.80735;0;0;-1
0;6;-20.5437;-22.3986;-85.9357;8.72424;2781.45;5.24576;0;0;0.1;0.01;0;4.2393;0;0;-1
0;7;-21.0317;-8.41601;-84.5104;8.68751;2746.47;5.22367;0;0;0.1;0.01;0;4.1077;0;0;-1
0;8;-20.3062;10.7157;-85.9742;8.9461;2999.09;5.37916;0;0;0.1;0.01;0;3.39481;0;0;-1
0;9;-22.3;28.7601;-84.0049;9.1147;3171.87;5.48054;0;0;0.1;0.01;0;3.81263;0;0;-1
0;10;-8.84489;-49.3335;-83.4138;10.3831;4688.89;6.24321;0;0;0.1;0.01;0;3.60943;0;0;-1
0;11;-7.09671;-30.7529;-87.1615;9.25676;3322.5;5.56596;0;0;0.1;0.01;0;4.75313;0;0;-1
0;12;-6.80551;-16.6163;-86.2514;8.92614;2979.06;5.36716;0;0;0.1;0.01;0;5.07846;0;0;-1
0;13;-6.59165;0.13905;-85.5115;10.1914;4433.94;6.12794;0;0;0.1;0.01;0;5.02179;0;0;-1
0;14;-7.56493;20.0296;-83.7606;10.1998;4444.92;6.13299;0;0;0.1;0.01;0;5.0065;0;0;-1
0;15;-7.67626;38.2943;-83.9328;9.71243;3837.71;5.83994;0;0;0.1;0.01;0;3.32033;0;0;-1
0;16;7.44585;-40.8721;-85.9518;10.0896;4302.4;6.06673;0;0;0.1;0.01;0;4.84719;0;0;-1
0;17;6.4029;-24.234;-83.4851;10.0954;4309.82;6.07022;0;0;0.1;0.01;0;6.03857;0;0;-1
0;18;8.72214;-6.01984;-85.8374;8.76963;2825.09;5.27305;0;0;0.1;0.01;0;3.89411;0;0;-1
0;19;6.47591;10.9361;-86.7593;8.73724;2793.9;5.25358;0;0;0.1;0.01;0;2.66692;0;0;-1
0;20;7.75756;27.7554;-87.388;8.84193;2895.54;5.31652;0;0;0.1;0.01;0;3.18468;0;0;-1
0;21;8.87786;45.3824;-83.5813;10.2972;4573.47;6.19156;0;0;0.1;0.01;0;3.80175;0;0;-1
0;22;20.2427;-49.1547;-84.4969;9.44966;3534.57;5.68194;0;0;0.1;0.01;0;3.23417;0;0;-1
0;23;23.3358;-34.0353;-86.6656;10.0918;4305.21;6.06805;0;0;0.1;0.01;0;5.12274;0;0;-1
0;24;20.6094;-15.7267;-84.9692;8.5;2572.44;5.11093;0;0;0.1;0.01;0;3.28121;1;0;-1
0;25;22.4808;3.45401;-86.8634;8.58914;2654.22;5.16453;0;0;0.1;0.01;0;3.59093;0;0;-1
0;26;23.6342;20.3936;-84.4862;8.88816;2941.2;5.34432;0;0;0.1;0.01;0;4.47752;0;0;-1
0;27;23.5485;37.7408;-84.8634;9.8457;3997.87;5.92008;0;0;0.1;0.01;0;3.69402;0;0;-1
0;28;36.354;-40.1942;-83.6452;9.99562;4183.29;6.01022;0;0;0.1;0.01;0;3.76922;0;0;-1
0;29;35.4697;-25.5474;-86.1255;8.5;2572.44;5.11093;0;0;0.1;0.01;0;3.01522;1;0;-1
0;30;37.208;-5.59939;-85.302;10.2046;4451.19;6.13588;0;0;0.1;0.01;0;2.52937;0;0;-1
0;31;36.5605;10.8607;-83.9713;10.2277;4481.49;6.14977;0;0;0.1;0.01;0;3.94013;0;0;-1
0;32;37.5872;26.9799;-83.9268;10.0868;4298.82;6.06505;0;0;0.1;0.01;0;4.35969;0;0;-1
0;33;-70.528;-14.7643;-69.3746;9.3986;3477.59;5.65124;0;0;0.1;0.01;0;2.2804;0;0;-1
0;34;-57.8109;-39.4478;-71.3447;9.97762;4160.73;5.9994;0;0;0.1;0.01;0;3.10585;0;0;-1
0;35;-56.6655;-25.1897;-72.4902;9.30194;3371.39;5.59312;0;0;0.1;0.01;0;3.99683;0;0;-1
0;36;-54.7628;-8.89651;-70.8559;8.5;2572.44;5.11093;0;0;0.1;0.01;0;4.50404;1;0;-1
0;37;-56.2913;9.85509;-69.7942;10.3383;4628.45;6.21627;0;0;0.1;0.01;0;3.50777;0;0;-1
0;38;-57.7884;28.4731;-71.5067;8.5;2572.44;5.11093;0;0;0.1;0.01;0;2.15715;1;0;-1
0;39;-54.6535;46.9028;-68.5808;9.52835;3623.61;5.72926;0;0;0.1;0.01;0;3.23962;0;0;-1
0;40;-41.5497;-51.3167;-72.6779;9.08313;3139.03;5.46155;0;0;0.1;0.01;0;2.11044;0;0;-1
0;41;-41.3951;-30.4527;-70.9834;9.44447;3528.75;5.67882;0;0;0.1;0.01;0;5.73868;0;0;-1
0;42;-42.2329;-16.6246;-69.6687;10.4347;4759.14;6.27423;0;0;0.1;0.01;0;6.85674;0;0;-1
0;43;-39.4156;1.73154;-69.0942;8.5;2572.44;5.11093;0;0;0.1;0.01;0;4.22123;1;0;-1
0;44;-42.3624;16.7633;-69.0656;8.5;2572.44;5.11093;0;0;0.1;0.01;0;5.51329;1;0;-1
0;45;-42.4246;34.2523;-69.8621;9.48534;3574.76;5.7034;0;0;0.1;0.01;0;5.21291;0;0;-1
0;46;-41.2119;53.4656;-69.4113;8.5;2572.44;5.11093;0;0;0.1;0.01;0;3.80486;1;0;-1
0;47;-26.5838;-57.1936;-70.3595;8.69547;2754.02;5.22846;0;0;0.1;0.01;0;4.02426;0;0;-1
0;48;-28.5595;-42.588;-68.4916;10.4235;4743.83;6.2675;0;0;0.1;0.01;0;6.3874;0;0;-1
0;49;-26.2509;-24.7424;-70.6862;8.78999;2844.81;5.28529;0;0;0.1;0.01;0;5.81322;0;0;-1
0;50;-24.7259;-8.81645;-71.864;8.5;2572.44;5.11093;0;0;0.1;0.01;0;4.47532;1;0;-1
0;51;-26.8817;11.1033;-69.6531;9.33999;3412.93;5.616;0;0;0.1;0.01;0;5.35043;0;0;-1
0;52;-26.0035;26.9258;-69.2388;10.0291;4225.46;6.03035;0;0;0.1;0.01;0;6.56892;0;0;-1
0;53;-27.6144;43.733;-70.6729;9.33376;3406.11;5.61225;0;0;0.1;0.01;0;4.60068;0;0;-1
0;54;-27.1659;62.1967;-69.8085;9.79464;3935.99;5.88937;0;0;0.1;0.01;0;3.73878;0;0;-1
0;55;-13.5694;-63.8509;-69.0153;9.87774;4037.02;5.93934;0;0;0.1;0.01;0;4.04071;0;0;-1
0;56;-13.8227;-48.1353;-68.3373;8.5;2572.44;5.11093;0;0;0.1;0.01;0;5.7207;1;0;-1
0;57;-11.3442;-31.1861;-72.612;8.91585;2968.77;5.36097;0;0;0.1;0.01;0;5.09914;0;0;-1
0;58;-12.6984;-15.0516;-70.9693;9.29638;3365.35;5.58978;0;0;0.1;0.01;0;6.58927;0;0;-1
0;59;-9.9505;1.96589;-71.7792;9.45092;3535.99;5.6827;0;0;0.1;0.01;0;5.80882;0;0;-1
0;60;-11.6458;16.5861;-70.1495;8.82064;2874.68;5.30372;0;0;0.1;0.01;0;5.34633;0;0;-1
0;61;-11.8803;36.6297;-70.9289;9.09843;3154.92;5.47075;0;0;0.1;0.01;0;4.65031;0;0;-1
0;62;-10.7509;55.0813;-70.3581;9.75011;3882.55;5.8626;0;0;0.1;0.01;0;3.31326;0;0;-1
0;63;2.17899;-56.2469;-69.0631;9.01971;3073.73;5.42342;0;0;0.1;0.01;0;4.73827;0;0;-1
0;64;3.94155;-40.1465;-72.0458;8.76763;2823.16;5.27185;0;0;0.1;0.01;0;5.20007;0;0;-1
0;65;2.71807;-22.8963;-68.498;10.2393;4496.76;6.15674;0;0;0.1;0.01;0;7.07118;0;0;-1
0;66;4.34264;-7.97805;-72.019;9.90275;4067.77;5.95438;0;0;0.1;0.01;0;6.59477;0;0;-1
0;67;2.35283;10.1691;-69.2122;8.5;2572.44;5.11093;0;0;0.1;0.01;0;4.96824;1;0;-1
0;68;4.40462;26.7877;-69.6906;8.5;2572.44;5.11093;0;0;0.1;0.01;0;4.49336;1;0;-1
0;69;4.43602;45.7932;-70.5433;9.40266;3482.1;5.65368;0;0;0.1;0.01;0;6.07195;0;0;-1
0;70;3.50665;63.7143;-70.1509;9.87208;4030.09;5.93594;0;0;0.1;0.01;0;3.45274;0;0;-1
0;71;16.3307;-66.2681;-69.8988;9.33398;3406.35;5.61239;0;0;0.1;0.01;0;2.89241;0;0;-1
0;72;15.9666;-47.1683;-70.9251;8.71329;2770.99;5.23917;0;0;0.1;0.01;0;4.75253;0;0;-1
0;73;19.2572;-30.2022;-70.8779;10.2304;4485.04;6.15139;0;0;0.1;0.01;0;6.8901;0;0;-1
0;74;16.4066;-14.0914;-69.2274;8.5;2572.44;5.11093;0;0;0.1;0.01;0;6.69858;1;0;-1
0;75;16.996;1.22069;-71.33;9.24351;3308.26;5.55799;0;0;0.1;0.01;0;5.4415;0;0;-1
0;76;16.0015;18.2078;-69.2054;8.72477;2781.96;5.24608;0;0;0.1;0.01;0;4.98928;0;0;-1
0;77;17.3115;35.4416;-70.6359;9.03495;3089.34;5.43258;0;0;0.1;0.01;0;5.49013;0;0;-1
0;78;19.4557;55.0719;-70.281;10.194;4437.34;6.1295;0;0;0.1;0.01;0;4.06586;0;0;-1
0;79;31.0804;-57.7967;-69.4752;8.5;2572.44;5.11093;0;0;0.1;0.01;0;3.35897;1;0;-1
0;80;31.7641;-38.5291;-68.4274;9.87873;4038.24;5.93994;0;0;0.1;0.01;0;6.27443;0;0;-1
0;81;32.0196;-21.8271;-69.6519;8.5;2572.44;5.11093;0;0;0.1;0.01;0;4.93302;1;0;-1
0;82;33.3349;-6.34248;-68.8097;9.53103;3626.67;5.73087;0;0;0.1;0.01;0;5.57068;0;0;-1
0;83;30.5706;12.443;-71.301;9.73152;3860.39;5.85142;0;0;0.1;0.01;0;6.45389;0;0;-1
0;84;33.6229;28.6035;-68.5243;10.0382;4236.98;6.03582;0;0;0.1;0.01;0;6.88939;0;0;-1
0;85;34.0095;43.7454;-71.9705;8.5;2572.44;5.11093;0;0;0.1;0.01;0;4.23621;1;0;-1
0;86;46.3665;-51.2905;-68.9099;9.61922;3728.28;5.7839;0;0;0.1;0.01;0;2.75855;0;0;-1
0;87;45.9791;-30.4856;-71.9442;9.01313;3067.01;5.41946;0;0;0.1;0.01;0;4.33415;0;0;-1
0;88;47.5533;-13.4232;-72;9.9526;4129.51;5.98435;0;0;0.1;0.01;0;4.86524;0;0;-1
0;89;45.325;1.65314;-69.0571;8.5;2572.44;5.11093;0;0;0.1;0.01;0;5.76267;1;0;-1
0;90;47.3084;17.1274;-68.953;10.3912;4699.87;6.24808;0;0;0.1;0.01;0;6.38429;0;0;-1
0;91;48.9691;36.8797;-71.9515;10.2103;4458.66;6.13931;0;0;0.1;0.01;0;3.5354;0;0;-1
0;92;46.7044;54.1083;-68.9987;8.5;2572.44;5.11093;0;0;0.1;0.01;0;2.5389;1;0;-1
0;93;60.0254;-25.668;-72.0473;10.0688;4275.84;6.05422;0;0;0.1;0.01;0;2.75229;0;0;-1
0;94;62.566;-5.6056;-71.9175;8.73835;2794.97;5.25424;0;0;0.1;0.01;0;2.33413;0;0;-1
0;95;61.3295;9.87406;-68.8396;9.81409;3959.49;5.90107;0;0;0.1;0.01;0;3.63525;0;0;-1
0;96;-80.3925;-8.31597;-55.4073;9.69228;3813.88;5.82783;0;0;0.1;0.01;0;2.96301;0;0;-1
0;97;-80.1251;12.462;-54.3342;8.7296;2786.58;5.24898;0;0;0.1;0.01;0;2.6124;0;0;-1
0;98;-65.7588;-48.4212;-54.2761;10.1245;4347.2;6.08771;0;0;0.1;0.01;0;4.68051;0;0;-1
0;99;-67.6999;-33.8789;-55.4094;8.95215;3005.18;5.3828;0;0;0.1;0.01;0;3.30578;0;0;-1
0;100;-65.5517;-12.6522;-56.3768;8.50736;2579.13;5.11535;0;0;0.1;0.01;0;4.00039;0;0;-1
0;101;-64.6005;1.73536;-53.9674;9.72048;3847.26;5.84478;0;0;0.1;0.01;0;5.33327;0;0;-1
0;102;-68.012;19.6425;-57.784;8.68328;2742.46;5.22113;0;0;0.1;0.01;0;3.53511;0;0;-1
0;103;-66.4441;35.4375;-55.5494;8.5;2572.44;5.11093;0;0;0.1;0.01;0;3.49139;1;0;-1
0;104;-52.2508;-59.3489;-54.8731;9.7421;3872.99;5.85778;0;0;0.1;0.01;0;4.05902;0;0;-1
0;105;-52.9164;-42.3686;-57.5562;8.54632;2614.73;5.13878;0;0;0.1;0.01;0;4.59233;0;0;-1
0;106;-51.3211;-24.6966;-57.8059;8.5;2572.44;5.11093;0;0;0.1;0.01;0;4.57086;1;0;-1
0;107;-49.8592;-4.79543;-57.122;9.83619;3986.29;5.91436;0;0;0.1;0.01;0;6.42131;0;0;-1
0;108;-51.7475;12.0427;-54.388;9.7551;3888.52;5.8656;0;0;0.1;0.01;0;7.06108;0;0;-1
0;109;-51.033;27.8552;-57.812;10.3779;4681.85;6.24008;0;0;0.1;0.01;0;6.92737;0;0;-1
0;110;-52.1414;44.8076;-54.0119;9.75705;3890.85;5.86677;0;0;0.1;0.01;0;6.19766;0;0;-1
0;111;-50.5775;59.7306;-54.437;10.0947;4308.92;6.0698;0;0;0.1;0.01;0;5.15042;0;0;-1
0;112;-38.6601;-66.5839;-56.3467;9.78686;3926.62;5.8847;0;0;0.1;0.01;0;4.10192;0;0;-1
0;113;-38.3726;-51.047;-54.5696;9.22818;3291.83;5.54877;0;0;0.1;0.01;0;5.1909;0;0;-1
0;114;-36.552;-31.2299;-56.2462;9.62245;3732.03;5.78584;0;0;0.1;0.01;0;6.18175;0;0;-1
0;115;-36.5246;-14.8555;-55.7922;10.2702;4537.59;6.17532;0;0;0.1;0.01;0;6.81688;0;0;-1
0;116;-37.7483;2.43823;-54.3747;8.98033;3033.65;5.39974;0;0;0.1;0.01;0;5.52455;0;0;-1
0;117;-36.0787;20.994;-57.0222;10.2728;4541.04;6.17689;0;0;0.1;0.01;0;7.54072;0;0;-1
0;118;-35.2024;36.65;-55.0663;8.75833;2814.18;5.26626;0;0;0.1;0.01;0;6.65474;0;0;-1
0;119;-37;51.2795;-56.5099;10.0445;4244.96;6.03961;0;0;0.1;0.01;0;6.9451;0;0;-1
0;120;-35.9268;70.3105;-57.9315;10.4064;4720.52;6.25722;0;0;0.1;0.01;0;4.2734;0;0;-1
0;121;-23.9316;-76.0241;-57.3314;9.56038;3660.28;5.74852;0;0;0.1;0.01;0;3.14489;0;0;-1
0;122;-21.8322;-56.2157;-56.4053;9.42137;3502.92;5.66493;0;0;0.1;0.01;0;6.5111;0;0;-1
0;123;-21.0907;-40.4609;-54.8498;10.0066;4197.09;6.01682;0;0;0.1;0.01;0;6.98252;0;0;-1
0;124;-23.6217;-22.5364;-56.7444;9.91108;4078.04;5.95939;0;0;0.1;0.01;0;6.87722;0;0;-1
0;125;-21.5869;-7.1512;-56.343;8.98657;3039.98;5.40349;0;0;0.1;0.01;0;5.62955;0;0;-1
0;126;-22.4083;9.00219;-55.9881;9.44496;3529.3;5.67912;0;0;0.1;0.01;0;4.80074;0;0;-1
0;127;-21.402;25.5995;-55.5872;8.61865;2681.68;5.18227;0;0;0.1;0.01;0;5.26475;0;0;-1
0;128;-21.7811;42.3061;-56.7026;8.5;2572.44;5.11093;0;0;0.1;0.01;0;5.12245;1;0;-1
0;129;-22.1125;63.2065;-54.4601;10.3642;4663.33;6.23184;0;0;0.1;0.01;0;7.13657;0;0;-1
0;130;-22.0256;77.9753;-57.0126;9.14647;3205.16;5.49964;0;0;0.1;0.01;0;3.52784;0;0;-1
0;131;-9.28414;-80.7874;-56.0045;8.5;2572.44;5.11093;0;0;0.1;0.01;0;2.47196;1;0;-1
0;132;-5.76942;-65.6694;-55.7496;9.0412;3095.76;5.43634;0;0;0.1;0.01;0;4.746;0;0;-1
0;133;-6.23466;-47.1136;-55.1211;9.62786;3738.33;5.78909;0;0;0.1;0.01;0;5.88191;0;0;-1
0;134;-8.77372;-29.9195;-54.613;9.80216;3945.06;5.8939;0;0;0.1;0.01;0;5.57647;0;0;-1
0;135;-8.94861;-14.1423;-55.4218;8.61231;2675.76;5.17846;0;0;0.1;0.01;0;5.83931;0;0;-1
0;136;-7.06545;0.368932;-56.7154;8.5;2572.44;5.11093;0;0;0.1;0.01;0;5.33742;1;0;-1
0;137;-5.92341;20.9944;-55.1515;10.3787;4682.93;6.24056;0;0;0.1;0.01;0;6.33424;0;0;-1
0;138;-8.23687;36.9506;-55.4931;10.3709;4672.38;6.23587;0;0;0.1;0.01;0;6.41181;0;0;-1
0;139;-5.83104;54.9373;-55.1081;10.4463;4775.03;6.28121;0;0;0.1;0.01;0;6.18397;0;0;-1
0;140;-8.71999;70.3275;-55.1344;8.9171;2970.02;5.36172;0;0;0.1;0.01;0;3.30208;0;0;-1
0;141;8.98682;-74.3247;-56.903;8.95921;3012.3;5.38704;0;0;0.1;0.01;0;3.46748;0;0;-1
0;142;6.86368;-58.08;-56.215;9.9375;4110.74;5.97527;0;0;0.1;0.01;0;6.12511;0;0;-1
0;143;7.34171;-41.7047;-54.9332;8.5;2572.44;5.11093;0;0;0.1;0.01;0;4.37939;1;0;-1
0;144;9.40277;-22.7179;-56.5982;9.348;3421.72;5.62082;0;0;0.1;0.01;0;6.49465;0;0;-1
0;145;6.03026;-8.01523;-56.8634;9.37777;3454.52;5.63872;0;0;0.1;0.01;0;6.47285;0;0;-1
0;146;5.61093;9.72225;-55.243;8.95394;3006.98;5.38387;0;0;0.1;0.01;0;4.28041;0;0;-1
0;147;8.44736;27.7504;-53.9559;10.1128;4332.14;6.08068;0;0;0.1;0.01;0;6.67699;0;0;-1
0;148;8.53673;44.9762;-55.9747;10.2821;4553.38;6.18248;0;0;0.1;0.01;0;7.63891;0;0;-1
0;149;8.84231;59.8427;-57.7156;8.76315;2818.83;5.26915;0;0;0.1;0.01;0;5.80939;0;0;-1
0;150;8.57128;79.8429;-54.3407;9.33081;3402.88;5.61048;0;0;0.1;0.01;0;2.8071;0;0;-1
0;151;22.2788;-64.2607;-56.6621;9.79249;3933.4;5.88808;0;0;0.1;0.01;0;4.96718;0;0;-1
0;152;24.1824;-49.9869;-53.7177;8.97699;3030.27;5.39773;0;0;0.1;0.01;0;5.39902;0;0;-1
0;153;20.2902;-32.6129;-55.2879;9.10775;3164.62;5.47636;0;0;0.1;0.01;0;5.15361;0;0;-1
0;154;20.5186;-12.7122;-57.3682;9.31056;3380.77;5.5983;0;0;0.1;0.01;0;6.00946;0;0;-1
0;155;23.6252;1.42008;-56.4423;9.29185;3360.43;5.58705;0;0;0.1;0.01;0;5.679;0;0;-1
0;156;23.751;20.6599;-55.7399;10.1452;4373.92;6.10016;0;0;0.1;0.01;0;6.42691;0;0;-1
0;157;22.6881;38.2411;-56.21;10.0929;4306.62;6.06871;0;0;0.1;0.01;0;7.04106;0;0;-1
0;158;22.9274;54.3772;-53.9796;10.4336;4757.64;6.27357;0;0;0.1;0.01;0;7.0975;0;0;-1
0;159;22.0562;70.5636;-57.6911;9.08793;3144.01;5.46444;0;0;0.1;0.01;0;2.4707;0;0;-1
0;160;38.5701;-56.0303;-56.4231;9.06067;3115.8;5.44805;0;0;0.1;0.01;0;4.55276;0;0;-1
0;161;34.9336;-38.3562;-54.7248;8.60039;2664.67;5.17129;0;0;0.1;0.01;0;5.32382;0;0;-1
0;162;38.5254;-25.1004;-56.455;9.04343;3098.05;5.43768;0;0;0.1;0.01;0;5.60524;0;0;-1
0;163;37.2069;-5.69628;-54.8379;8.57831;2644.2;5.15801;0;0;0.1;0.01;0;5.96625;0;0;-1
0;164;38.4601;8.33403;-55.4081;9.23354;3297.56;5.55199;0;0;0.1;0.01;0;6.96326;0;0;-1
0;165;38.8662;25.4329;-54.6067;9.85015;4003.29;5.92275;0;0;0.1;0.01;0;6.32537;0;0;-1
0;166;36.7827;46.1514;-56.6503;9.17439;3234.6;5.51643;0;0;0.1;0.01;0;5.85434;0;0;-1
0;167;36.368;60.7329;-54.1172;8.5;2572.44;5.11093;0;0;0.1;0.01;0;4.54048;1;0;-1
0;168;52.8868;-50.9554;-56.0594;8.97539;3028.65;5.39677;0;0;0.1;0.01;0;3.28668;0;0;-1
0;169;52.0666;-31.0893;-54.1377;9.95776;4135.93;5.98746;0;0;0.1;0.01;0;5.73132;0;0;-1
0;170;52.9122;-15.0638;-54.3819;8.5;2572.44;5.11093;0;0;0.1;0.01;0;5.22947;1;0;-1
0;171;52.2478;0.039968;-54.3882;9.99184;4178.54;6.00795;0;0;0.1;0.01;0;7.51572;0;0;-1
0;172;51.1928;18.0868;-56.0401;9.0008;3054.44;5.41205;0;0;0.1;0.01;0;6.79189;0;0;-1
0;173;52.9439;34.0771;-55.7658;9.24176;3306.38;5.55694;0;0;0.1;0.01;0;5.31003;0;0;-1
0;174;52.698;55.2587;-56.504;10.1122;4331.37;6.08032;0;0;0.1;0.01;0;4.26922;0;0;-1
0;175;64.6159;-40.8737;-56.6789;9.03274;3087.07;5.43126;0;0;0.1;0.01;0;2.99399;0;0;-1
0;176;67.2844;-25.0843;-56.1065;9.38578;3463.38;5.64353;0;0;0.1;0.01;0;4.42115;0;0;-1
0;177;67.771;-4.50156;-55.1317;8.5;2572.44;5.11093;0;0;0.1;0.01;0;5.1398;1;0;-1
0;178;65.8299;11.9941;-53.8115;9.54477;3642.38;5.73913;0;0;0.1;0.01;0;5.87425;0;0;-1
0;179;66.008;26.6436;-55.2785;8.5;2572.44;5.11093;0;0;0.1;0.01;0;3.89073;1;0;-1
0;180;64.7691;46.0607;-54.3227;9.81335;3958.59;5.90062;0;0;0.1;0.01;0;3.39586;0;0;-1
0;181;79.7164;-16.8501;-56.7556;10.1836;4423.77;6.12325;0;0;0.1;0.01;0;2.82764;0;0;-1
0;182;82.2217;1.11877;-54.4708;8.92226;2975.18;5.36483;0;0;0.1;0.01;0;2.82655;0;0;-1
0;183;-87.517;-21.6581;-40.6282;9.37018;3446.14;5.63415;0;0;0.1;0.01;0;3.14492;0;0;-1
0;184;-84.1176;-8.17243;-40.1251;10.0307;4227.49;6.03131;0;0;0.1;0.01;0;5.21874;0;0;-1
0;185;-86.3124;12.3521;-39.6283;9.63572;3747.5;5.79382;0;0;0.1;0.01;0;4.43875;0;0;-1
0;186;-86.6582;29.3374;-39.2326;9.84885;4001.71;5.92197;0;0;0.1;0.01;0;3.00374;0;0;-1
0;187;-70.1812;-48.039;-39.6414;8.5;2572.44;5.11093;0;0;0.1;0.01;0;4.05705;1;0;-1
0;188;-72.1226;-33.9462;-41.5607;10.2288;4482.94;6.15043;0;0;0.1;0.01;0;5.02585;0;0;-1
0;189;-71.5915;-14.5676;-41.6297;8.5;2572.44;5.11093;0;0;0.1;0.01;0;5.3868;1;0;-1
0;190;-72.6791;3.61394;-40.9294;10.2704;4537.86;6.17544;0;0;0.1;0.01;0;7.38502;0;0;-1
0;191;-70.5067;19.0728;-42.0644;9.73679;3866.66;5.85459;0;0;0.1;0.01;0;6.24167;0;0;-1
0;192;-69.9862;37.079;-42.9197;9.92192;4091.44;5.96591;0;0;0.1;0.01;0;5.68338;0;0;-1
0;193;-72.6574;51.3892;-41.1014;9.59208;3696.81;5.76758;0;0;0.1;0.01;0;3.09348;0;0;-1
0;194;-56.9534;-59.2011;-39.9327;10.3288;4615.71;6.21056;0;0;0.1;0.01;0;5.2502;0;0;-1
0;195;-56.7251;-39.4561;-41.8751;9.50868;3601.22;5.71743;0;0;0.1;0.01;0;6.64119;0;0;-1
0;196;-54.1629;-24.6416;-40.9077;9.31218;3382.54;5.59928;0;0;0.1;0.01;0;5.42198;0;0;-1
0;197;-57.4634;-7.33011;-42.0154;10.0834;4294.47;6.063;0;0;0.1;0.01;0;6.99119;0;0;-1
0;198;-55.0632;9.53807;-39.852;10.2811;4552.05;6.18188;0;0;0.1;0.01;0;6.71455;0;0;-1
0;199;-55.5406;25.8693;-41.5472;9.89022;4052.35;5.94685;0;0;0.1;0.01;0;6.11414;0;0;-1
0;200;-56.9715;42.6494;-40.1074;9.6706;3788.34;5.81479;0;0;0.1;0.01;0;6.52648;0;0;-1
0;201;-54.2535;60.4456;-39.5906;9.62047;3729.73;5.78465;0;0;0.1;0.01;0;5.24177;0;0;-1
0;202;-40.5219;-80.6259;-40.982;8.5;2572.44;5.11093;0;0;0.1;0.01;0;2.96978;1;0;-1
0;203;-41.6811;-65.8967;-39.2258;9.46189;3548.32;5.6893;0;0;0.1;0.01;0;6.38153;0;0;-1
0;204;-43.0524;-47.5206;-41.7138;8.5;2572.44;5.11093;0;0;0.1;0.01;0;4.90064;1;0;-1
0;205;-42.5747;-31.6858;-42.2031;8.64528;2706.61;5.19828;0;0;0.1;0.01;0;5.09604;0;0;-1
0;206;-40.25;-13.4523;-40.6521;9.60474;3711.47;5.77519;0;0;0.1;0.01;0;6.10476;0;0;-1
0;207;-42.0137;1.95135;-39.9959;9.25091;3316.21;5.56244;0;0;0.1;0.01;0;6.47551;0;0;-1
0;208;-41.7821;19.659;-42.4151;8.59492;2659.59;5.168;0;0;0.1;0.01;0;5.91383;0;0;-1
0;209;-41.4546;34.4576;-41.4092;8.78789;2842.77;5.28403;0;0;0.1;0.01;0;5.64255;0;0;-1
0;210;-40.2699;53.6162;-41.2214;9.53739;3633.94;5.73469;0;0;0.1;0.01;0;7.07314;0;0;-1
0;211;-40.8065;68.4778;-42.1393;10.3601;4657.8;6.22938;0;0;0.1;0.01;0;6.0817;0;0;-1
0;212;-27.6606;-72.9668;-42.8798;9.39388;3472.35;5.6484;0;0;0.1;0.01;0;6.10565;0;0;-1
0;213;-28.1432;-57.7301;-40.4593;10.4418;4768.86;6.2785;0;0;0.1;0.01;0;7.09405;0;0;-1
0;214;-25.298;-38.5049;-42.3683;9.23225;3296.18;5.55122;0;0;0.1;0.01;0;5.32828;0;0;-1
0;215;-25.0112;-22.3792;-39.8165;9.9908;4177.24;6.00732;0;0;0.1;0.01;0;6.38941;0;0;-1
0;216;-24.7487;-5.18017;-40.6536;8.87426;2927.42;5.33596;0;0;0.1;0.01;0;5.61416;0;0;-1
0;217;-25.4504;9.75815;-41.0484;8.5;2572.44;5.11093;0;0;0.1;0.01;0;4.04164;1;0;-1
0;218;-28.1753;27.0166;-42.0136;9.3773;3454;5.63843;0;0;0.1;0.01;0;5.4908;0;0;-1
0;219;-27.2183;44.1222;-42.1003;9.59228;3697.04;5.7677;0;0;0.1;0.01;0;6.10545;0;0;-1
0;220;-27.5568;60.5336;-40.7608;9.41372;3494.4;5.66033;0;0;0.1;0.01;0;7.06734;0;0;-1
0;221;-25.0126;77.1746;-42.0795;9.57316;3674.98;5.7562;0;0;0.1;0.01;0;5.24545;0;0;-1
0;222;-12.9886;-83.1426;-42.1722;8.61093;2674.48;5.17763;0;0;0.1;0.01;0;4.03678;0;0;-1
0;223;-12.9517;-67.6048;-39.7432;10.0617;4266.8;6.04995;0;0;0.1;0.01;0;6.69541;0;0;-1
0;224;-12.396;-49.38;-41.8374;9.18212;3242.78;5.52108;0;0;0.1;0.01;0;5.31847;0;0;-1
0;225;-9.78558;-33.3288;-39.833;9.50911;3601.71;5.71769;0;0;0.1;0.01;0;6.11714;0;0;-1
0;226;-13.071;-15.5114;-40.7603;8.69144;2750.2;5.22604;0;0;0.1;0.01;0;6.37221;0;0;-1
0;227;-11.0679;0.259251;-41.4498;8.66025;2720.7;5.20728;0;0;0.1;0.01;0;5.45404;0;0;-1
0;228;-12.5359;20.0318;-39.3394;9.95302;4130.03;5.98461;0;0;0.1;0.01;0;6.16057;0;0;-1
0;229;-9.96209;34.3111;-39.7688;8.5;2572.44;5.11093;0;0;0.1;0.01;0;6.0878;1;0;-1
0;230;-11.5601;52.9641;-39.353;10.1789;4417.65;6.12042;0;0;0.1;0.01;0;6.4718;0;0;-1
0;231;-11.0999;70.7596;-40.0379;9.43087;3513.53;5.67065;0;0;0.1;0.01;0;5.57691;0;0;-1
0;232;-9.7873;87.1002;-39.9568;8.5;2572.44;5.11093;0;0;0.1;0.01;0;2.38857;1;0;-1
0;233;2.81604;-89.5441;-42.0561;9.11671;3173.97;5.48175;0;0;0.1;0.01;0;2.88053;0;0;-1
0;234;4.68082;-74.9285;-41.1622;8.55271;2620.59;5.14262;0;0;0.1;0.01;0;5.17632;0;0;-1
0;235;2.01284;-59.7595;-39.3799;9.47364;3561.55;5.69636;0;0;0.1;0.01;0;5.41888;0;0;-1
0;236;3.6313;-40.765;-39.8017;8.5;2572.44;5.11093;0;0;0.1;0.01;0;4.84991;1;0;-1
0;237;4.67585;-25.2812;-39.5119;9.5216;3615.92;5.7252;0;0;0.1;0.01;0;6.13793;0;0;-1
0;238;1.23387;-8.08242;-42.4276;10.2613;4525.8;6.16997;0;0;0.1;0.01;0;6.26626;0;0;-1
0;239;3.21567;10.4487;-41.0156;8.61838;2681.42;5.18211;0;0;0.1;0.01;0;4.36918;0;0;-1
0;240;4.07202;27.1861;-39.477;8.90471;2957.66;5.35427;0;0;0.1;0.01;0;6.72785;0;0;-1
0;241;1.22654;43.0322;-40.2761;10.0973;4312.25;6.07136;0;0;0.1;0.01;0;7.97749;0;0;-1
0;242;1.52008;60.6209;-40.9758;8.5;2572.44;5.11093;0;0;0.1;0.01;0;5.36268;1;0;-1
0;243;3.95801;76.383;-41.0738;9.14274;3201.24;5.4974;0;0;0.1;0.01;0;5.26517;0;0;-1
0;244;17.6731;-82.3266;-42.0947;8.5;2572.44;5.11093;0;0;0.1;0.01;0;3.2927;1;0;-1
0;245;18.2128;-65.4542;-39.289;10.2625;4527.39;6.17069;0;0;0.1;0.01;0;5.8841;0;0;-1
0;246;17.9204;-46.4619;-40.7995;8.89095;2943.97;5.346;0;0;0.1;0.01;0;5.26607;0;0;-1
0;247;17.8372;-31.7632;-41.157;8.5;2572.44;5.11093;0;0;0.1;0.01;0;5.83821;1;0;-1
0;248;19.0992;-15.4952;-41.7696;9.48375;3572.97;5.70244;0;0;0.1;0.01;0;5.92323;0;0;-1
0;249;19.7515;1.94229;-42.1555;9.10927;3166.21;5.47727;0;0;0.1;0.01;0;4.69265;0;0;-1
0;250;17.6648;17.7324;-40.5164;9.27102;3337.88;5.57453;0;0;0.1;0.01;0;5.59842;0;0;-1
0;251;19.0274;36.7119;-42.8405;9.9124;4079.67;5.96018;0;0;0.1;0.01;0;7.63298;0;0;-1
0;252;16.7956;52.0127;-39.695;10.0976;4312.64;6.07154;0;0;0.1;0.01;0;7.44046;0;0;-1
0;253;18.7608;68.4681;-41.195;10.3155;4597.9;6.20256;0;0;0.1;0.01;0;5.9413;0;0;-1
0;254;16.4123;87.4194;-41.1315;10.0767;4285.92;6.05897;0;0;0.1;0.01;0;3.14608;0;0;-1
0;255;32.9551;-75.6305;-42.5085;8.64912;2710.22;5.20059;0;0;0.1;0.01;0;2.25079;0;0;-1
0;256;30.5642;-56.4946;-40.5216;9.0958;3152.18;5.46917;0;0;0.1;0.01;0;6.27848;0;0;-1
0;257;33.7154;-41.1812;-40.466;10.005;4195.08;6.01586;0;0;0.1;0.01;0;7.6522;0;0;-1
0;258;32.7738;-25.2907;-41.5686;10.1242;4346.81;6.08753;0;0;0.1;0.01;0;7.40558;0;0;-1
0;259;33.7363;-8.04982;-42.0323;8.5;2572.44;5.11093;0;0;0.1;0.01;0;4.72482;1;0;-1
0;260;33.8461;10.0405;-42.2891;8.5;2572.44;5.11093;0;0;0.1;0.01;0;5.1016;1;0;-1
0;261;33.8466;29.5207;-39.8775;8.93213;2985.06;5.37076;0;0;0.1;0.01;0;6.03279;0;0;-1
0;262;32.9448;46.1551;-39.4211;10.038;4236.72;6.0357;0;0;0.1;0.01;0;7.76654;0;0;-1
0;263;33.9203;60.0857;-39.7037;9.38769;3465.49;5.64468;0;0;0.1;0.01;0;6.20559;0;0;-1
0;264;33.5518;79.8418;-40.4255;8.95437;3007.42;5.38413;0;0;0.1;0.01;0;2.74458;0;0;-1
0;265;47.8249;-65.2767;-41.6055;8.94443;2997.41;5.37816;0;0;0.1;0.01;0;2.4666;0;0;-1
0;266;47.1392;-47.7057;-39.9493;9.52788;3623.08;5.72898;0;0;0.1;0.01;0;5.80335;0;0;-1
0;267;47.7667;-30.2377;-39.2219;10.3176;4600.71;6.20382;0;0;0.1;0.01;0;7.65895;0;0;-1
0;268;46.7909;-14.9389;-42.5871;10.067;4273.55;6.05314;0;0;0.1;0.01;0;7.77812;0;0;-1
0;269;46.0817;2.88005;-42.1827;8.5;2572.44;5.11093;0;0;0.1;0.01;0;6.19976;1;0;-1
0;270;47.758;16.8702;-43.0399;10.1627;4396.59;6.11068;0;0;0.1;0.01;0;7.43849;0;0;-1
0;271;46.8455;37.9652;-41.1006;9.52653;3621.54;5.72816;0;0;0.1;0.01;0;6.19;0;0;-1
0;272;46.7038;52.1409;-42.876;9.67637;3795.12;5.81826;0;0;0.1;0.01;0;6.60489;0;0;-1
0;273;46.8343;69.2632;-39.8923;9.92643;4097.02;5.96862;0;0;0.1;0.01;0;4.49631;0;0;-1
0;274;60.3748;-55.3635;-39.3273;9.8308;3979.74;5.91112;0;0;0.1;0.01;0;4.74554;0;0;-1
0;275;63.9914;-41.6923;-39.826;8.94562;2998.61;5.37887;0;0;0.1;0.01;0;4.28159;0;0;-1
0;276;61.2096;-23.3562;-39.8337;8.55006;2618.16;5.14103;0;0;0.1;0.01;0;5.54349;0;0;-1
0;277;63.4176;-7.79416;-42.3293;9.67674;3795.56;5.81848;0;0;0.1;0.01;0;6.80348;0;0;-1
0;278;63.599;8.2282;-39.47;10.0114;4203.13;6.01971;0;0;0.1;0.01;0;6.56046;0;0;-1
0;279;63.0213;26.1896;-42.2767;10.0357;4233.81;6.03432;0;0;0.1;0.01;0;6.07414;0;0;-1
0;280;61.5509;42.1366;-41.1944;8.88075;2933.85;5.33987;0;0;0.1;0.01;0;5.08153;0;0;-1
0;281;61.9955;60.4266;-42.4605;9.23144;3295.32;5.55073;0;0;0.1;0.01;0;3.6779;0;0;-1
0;282;74.9443;-32.4968;-43.1644;9.0112;3065.04;5.4183;0;0;0.1;0.01;0;3.21678;0;0;-1
0;283;77.7389;-14.9996;-41.1191;8.62851;2690.89;5.1882;0;0;0.1;0.01;0;4.46694;0;0;-1
0;284;76.3294;-0.0843909;-41.4662;10.2851;4557.37;6.18428;0;0;0.1;0.01;0;6.87644;0;0;-1
0;285;78.74;19.7233;-42.8237;8.99017;3043.63;5.40566;0;0;0.1;0.01;0;3.33059;0;0;-1
0;286;76.5359;34.3375;-41.941;9.23964;3304.1;5.55566;0;0;0.1;0.01;0;3.54102;0;0;-1
0;287;90.5181;-4.55847;-40.532;8.7003;2758.62;5.23136;0;0;0.1;0.01;0;2.23065;0;0;-1
0;288;-95.1358;-13.506;-24.7022;8.77145;2826.85;5.27415;0;0;0.1;0.01;0;3.17334;0;0;-1
0;289;-95.6362;1.25045;-26.0964;9.92316;4092.97;5.96665;0;0;0.1;0.01;0;3.87443;0;0;-1
0;290;-80.8673;-41.4991;-24.6615;9.90428;4069.65;5.9553;0;0;0.1;0.01;0;2.88715;0;0;-1
0;291;-81.7966;-23.4414;-27.3383;9.5595;3659.27;5.74799;0;0;0.1;0.01;0;3.86411;0;0;-1
0;292;-78.9057;-4.65676;-26.4854;10.0423;4242.17;6.03829;0;0;0.1;0.01;0;5.59065;0;0;-1
0;293;-82.5735;10.9698;-26.4514;10.1274;4350.93;6.08946;0;0;0.1;0.01;0;6.28472;0;0;-1
0;294;-82.4156;27.6792;-25.1458;10.0349;4232.8;6.03384;0;0;0.1;0.01;0;5.02689;0;0;-1
0;295;-80.4037;44.5599;-28.1124;9.88358;4044.19;5.94285;0;0;0.1;0.01;0;3.28389;0;0;-1
0;296;-64.082;-67.8754;-25.9995;8.5;2572.44;5.11093;0;0;0.1;0.01;0;2.51731;1;0;-1
0;297;-64.3782;-48.9939;-26.1304;8.77835;2833.53;5.27829;0;0;0.1;0.01;0;4.35889;0;0;-1
0;298;-64.5306;-31.2659;-25.4605;9.74862;3880.77;5.8617;0;0;0.1;0.01;0;5.46866;0;0;-1
0;299;-64.4853;-12.8969;-26.989;9.28066;3348.31;5.58033;0;0;0.1;0.01;0;5.5588;0;0;-1
0;300;-66.0781;4.44522;-26.0262;8.5;2572.44;5.11093;0;0;0.1;0.01;0;5.9402;1;0;-1
0;301;-65.4701;20.2185;-26.9347;8.59094;2655.89;5.16561;0;0;0.1;0.01;0;5.71299;0;0;-1
0;302;-64.6854;35.217;-27.1752;10.0497;4251.56;6.04274;0;0;0.1;0.01;0;6.30965;0;0;-1
0;303;-64.546;50.915;-26.2282;9.27992;3347.51;5.57988;0;0;0.1;0.01;0;5.75045;0;0;-1
0;304;-66.68;68.668;-26.7082;9.4554;3541.02;5.68539;0;0;0.1;0.01;0;2.15055;0;0;-1
0;305;-49.7099;-72.4982;-27.7932;8.99661;3050.18;5.40953;0;0;0.1;0.01;0;5.22925;0;0;-1
0;306;-49.6159;-58.1749;-26.2871;9.25063;3315.91;5.56227;0;0;0.1;0.01;0;6.29569;0;0;-1
0;307;-51.539;-39.7153;-26.345;9.3425;3415.69;5.61751;0;0;0.1;0.01;0;6.0088;0;0;-1
0;308;-52.4128;-23.1191;-27.5513;9.77632;3913.95;5.87836;0;0;0.1;0.01;0;6.55566;0;0;-1
0;309;-50.4849;-7.0341;-27.8127;9.73264;3861.72;5.8521;0;0;0.1;0.01;0;6.60974;0;0;-1
0;310;-53.0223;8.65305;-26.3235;8.9409;2993.87;5.37603;0;0;0.1;0.01;0;5.48768;0;0;-1
0;311;-51.1101;26.7853;-24.4684;9.14375;3202.3;5.498;0;0;0.1;0.01;0;5.57894;0;0;-1
0;312;-49.9879;45.5125;-24.8727;9.78011;3918.5;5.88064;0;0;0.1;0.01;0;7.33849;0;0;-1
0;313;-50.6658;62.4829;-25.5816;8.75947;2815.28;5.26694;0;0;0.1;0.01;0;6.08649;0;0;-1
0;314;-51.7947;78.4835;-28.2598;8.72318;2780.44;5.24512;0;0;0.1;0.01;0;2.65118;0;0;-1
0;315;-36.4308;-82.1751;-26.5191;10.3133;4594.96;6.20124;0;0;0.1;0.01;0;6.19541;0;0;-1
0;316;-34.9828;-67.3073;-26.7981;8.88636;2939.41;5.34324;0;0;0.1;0.01;0;6.99134;0;0;-1
0;317;-38.3682;-47.1107;-27.1468;10.1598;4392.83;6.10894;0;0;0.1;0.01;0;5.71264;0;0;-1
0;318;-36.0611;-30.0844;-26.0756;9.32899;3400.89;5.60939;0;0;0.1;0.01;0;6.11562;0;0;-1
0;319;-34.6337;-13.7586;-26.8007;8.77558;2830.85;5.27663;0;0;0.1;0.01;0;5.01467;0;0;-1
0;320;-36.5863;4.31634;-27.4488;8.5;2572.44;5.11093;0;0;0.1;0.01;0;4.19219;1;0;-1
0;321;-38.3586;18.5458;-27.479;9.50184;3593.45;5.71332;0;0;0.1;0.01;0;5.45466;0;0;-1
0;322;-38.2465;34.5875;-25.1787;8.5;2572.44;5.11093;0;0;0.1;0.01;0;5.50075;1;0;-1
0;323;-37.6492;52.2782;-27.8697;9.223;3286.29;5.54566;0;0;0.1;0.01;0;6.07432;0;0;-1
0;324;-38.2103;67.7255;-25.7644;8.5;2572.44;5.11093;0;0;0.1;0.01;0;4.48583;1;0;-1
0;325;-35.5392;85.8455;-24.9509;10.2803;4550.99;6.1814;0;0;0.1;0.01;0;3.74614;0;0;-1
0;326;-21.7865;-90.7773;-25.2881;10.3383;4628.45;6.21627;0;0;0.1;0.01;0;3.98717;0;0;-1
0;327;-20.5823;-73.0899;-27.0207;10.1729;4409.84;6.11682;0;0;0.1;0.01;0;8.27776;0;0;-1
0;328;-20.3462;-59.1619;-26.3076;9.74517;3876.65;5.85963;0;0;0.1;0.01;0;7.26708;0;0;-1
0;329;-22.0182;-40.5857;-26.6596;8.61701;2680.15;5.18128;0;0;0.1;0.01;0;4.98624;0;0;-1
0;330;-21.3631;-21.1046;-24.97;10.094;4308.03;6.06938;0;0;0.1;0.01;0;6.84064;0;0;-1
0;331;-19.7212;-5.48196;-28.0842;8.5;2572.44;5.11093;0;0;0.1;0.01;0;4.64857;1;0;-1
0;332;-21.3093;11.807;-25.7701;8.5;2572.44;5.11093;0;0;0.1;0.01;0;4.00191;1;0;-1
0;333;-22.7755;28.7627;-27.7847;8.64731;2708.52;5.1995;0;0;0.1;0.01;0;5.10109;0;0;-1
0;334;-21.2678;44.7736;-27.8811;9.74786;3879.86;5.86125;0;0;0.1;0.01;0;5.84055;0;0;-1
0;335;-21.6915;62.1757;-26.6127;9.66986;3787.47;5.81435;0;0;0.1;0.01;0;6.33878;0;0;-1
0;336;-22.8422;78.7578;-27.9136;9.43208;3514.88;5.67137;0;0;0.1;0.01;0;5.63009;0;0;-1
0;337;-5.94481;-81.2671;-28.6503;9.37792;3454.68;5.63881;0;0;0.1;0.01;0;6.09182;0;0;-1
0;338;-7.90708;-66.6062;-26.3273;9.47884;3567.42;5.69949;0;0;0.1;0.01;0;6.68939;0;0;-1
0;339;-8.56157;-48.5912;-24.3787;9.13807;3196.33;5.49459;0;0;0.1;0.01;0;5.18533;0;0;-1
0;340;-8.20308;-29.6894;-25.543;8.77274;2828.1;5.27492;0;0;0.1;0.01;0;5.56713;0;0;-1
0;341;-6.01175;-13.3241;-27.8137;9.41095;3491.31;5.65867;0;0;0.1;0.01;0;6.59716;0;0;-1
0;342;-5.49618;1.93027;-27.6506;8.53399;2603.42;5.13136;0;0;0.1;0.01;0;5.70895;0;0;-1
0;343;-6.60636;21.1276;-25.6296;9.60397;3710.57;5.77473;0;0;0.1;0.01;0;6.70069;0;0;-1
0;344;-7.09;35.4077;-27.1007;9.34522;3418.67;5.61915;0;0;0.1;0.01;0;7.4851;0;0;-1
0;345;-7.92839;51.5153;-26.0294;8.65073;2711.73;5.20156;0;0;0.1;0.01;0;5.61258;0;0;-1
0;346;-9.34374;72.1642;-24.4898;8.6207;2683.59;5.1835;0;0;0.1;0.01;0;5.03771;0;0;-1
0;347;-9.09385;88.2417;-25.6673;8.64271;2704.2;5.19674;0;0;0.1;0.01;0;3.97164;0;0;-1
0;348;9.34351;-90.4733;-25.4095;10.3115;4592.55;6.20016;0;0;0.1;0.01;0;4.27626;0;0;-1
0;349;6.59362;-75.7939;-25.3193;9.7822;3921.01;5.88189;0;0;0.1;0.01;0;6.67343;0;0;-1
0;350;9.44381;-58.6615;-25.7662;9.33001;3402;5.61;0;0;0.1;0.01;0;5.80915;0;0;-1
0;351;5.72707;-40.0305;-25.3945;9.62018;3729.39;5.78447;0;0;0.1;0.01;0;6.09889;0;0;-1
0;352;8.26235;-25.5189;-26.591;8.72878;2785.8;5.24849;0;0;0.1;0.01;0;5.85987;0;0;-1
0;353;9.02399;-8.76552;-27.6936;10.2426;4501.11;6.15873;0;0;0.1;0.01;0;6.79747;0;0;-1
0;354;5.5169;9.93887;-25.5108;9.14542;3204.05;5.49901;0;0;0.1;0.01;0;4.58258;0;0;-1
0;355;9.43493;29.3295;-27.663;10.081;4291.4;6.06156;0;0;0.1;0.01;0;6.86148;0;0;-1
0;356;6.25116;44.0494;-25.2401;10.3766;4680.09;6.2393;0;0;0.1;0.01;0;7.20065;0;0;-1
0;357;6.86875;63.4102;-24.622;10.1832;4423.25;6.12301;0;0;0.1;0.01;0;6.80733;0;0;-1
0;358;5.89731;78.2869;-28.0044;9.05381;3108.73;5.44392;0;0;0.1;0.01;0;5.55815;0;0;-1
0;359;8.24491;95.6172;-26.8418;10.0208;4214.98;6.02536;0;0;0.1;0.01;0;2.99711;0;0;-1
0;360;22.5773;-82.3667;-25.216;9.14669;3205.39;5.49977;0;0;0.1;0.01;0;4.65859;0;0;-1
0;361;23.7005;-65.8974;-25.4738;9.51617;3609.73;5.72193;0;0;0.1;0.01;0;5.43808;0;0;-1
0;362;23.2755;-47.2917;-27.433;10.114;4333.69;6.0814;0;0;0.1;0.01;0;6.25966;0;0;-1
0;363;22.7935;-31.7632;-26.0479;9.7203;3847.05;5.84468;0;0;0.1;0.01;0;6.89828;0;0;-1
0;364;22.1262;-16.0919;-25.5884;10.0142;4206.66;6.02139;0;0;0.1;0.01;0;6.72935;0;0;-1
0;365;22.3194;1.01447;-26.8046;9.03568;3090.09;5.43302;0;0;0.1;0.01;0;5.1703;0;0;-1
0;366;23.3882;18.1884;-28.0124;9.62583;3735.97;5.78787;0;0;0.1;0.01;0;6.25469;0;0;-1
0;367;23.2494;34.9386;-27.5186;9.48752;3577.23;5.70471;0;0;0.1;0.01;0;7.41898;0;0;-1
0;368;20.5934;51.1142;-24.5146;9.78732;3927.17;5.88497;0;0;0.1;0.01;0;6.26009;0;0;-1
0;369;20.29;69.1551;-26.9509;9.41126;3491.66;5.65885;0;0;0.1;0.01;0;5.36119;0;0;-1
0;370;23.3578;84.5739;-24.8054;9.48309;3572.22;5.70204;0;0;0.1;0.01;0;4.9;0;0;-1
0;371;38.0669;-75.9922;-27.1041;9.08221;3138.07;5.461;0;0;0.1;0.01;0;3.94138;0;0;-1
0;372;35.2277;-56.9185;-27.0334;8.68961;2748.46;5.22494;0;0;0.1;0.01;0;5.60581;0;0;-1
0;373;37.5328;-39.9415;-26.8246;9.92192;4091.44;5.96591;0;0;0.1;0.01;0;7.96754;0;0;-1
0;374;37.6928;-23.1656;-27.692;9.98008;4163.81;6.00088;0;0;0.1;0.01;0;7.58973;0;0;-1
0;375;37.4589;-7.20854;-24.84;9.68117;3800.77;5.82115;0;0;0.1;0.01;0;6.56982;0;0;-1
0;376;35.1311;8.91328;-26.7879;8.8148;2868.97;5.30021;0;0;0.1;0.01;0;5.30969;0;0;-1
0;377;37.2299;25.3877;-24.7098;9.96675;4147.15;5.99286;0;0;0.1;0.01;0;6.87987;0;0;-1
0;378;37.012;42.1397;-27.0988;9.84583;3998.03;5.92015;0;0;0.1;0.01;0;6.57873;0;0;-1
0;379;38.4512;63.6786;-24.8983;8.5;2572.44;5.11093;0;0;0.1;0.01;0;4.5868;1;0;-1
0;380;36.7512;78.8146;-24.877;8.5;2572.44;5.11093;0;0;0.1;0.01;0;4.3524;1;0;-1
0;381;50.4394;-66.6497;-24.7821;10.2137;4463.11;6.14135;0;0;0.1;0.01;0;5.57081;0;0;-1
0;382;49.967;-50.7723;-25.293;10.1728;4409.71;6.11676;0;0;0.1;0.01;0;6.85324;0;0;-1
0;383;50.073;-33.4178;-25.0316;8.55599;2623.61;5.14459;0;0;0.1;0.01;0;5.20338;0;0;-1
0;384;52.7158;-15.5624;-26.8552;9.21838;3281.35;5.54288;0;0;0.1;0.01;0;6.25935;0;0;-1
0;385;51.8224;1.73233;-28.3352;10.0155;4208.3;6.02217;0;0;0.1;0.01;0;7.16924;0;0;-1
0;386;50.1073;17.7984;-28.5183;9.04577;3100.45;5.43909;0;0;0.1;0.01;0;6.16708;0;0;-1
0;387;50.3056;34.8918;-25.0669;9.38364;3461.01;5.64225;0;0;0.1;0.01;0;5.57699;0;0;-1
0;388;52.9794;54.7681;-24.6964;8.65695;2717.59;5.2053;0;0;0.1;0.01;0;4.39732;0;0;-1
0;389;52.2025;72.6209;-26.9405;9.78828;3928.33;5.88555;0;0;0.1;0.01;0;4.37973;0;0;-1
0;390;66.3609;-59.203;-27.6311;8.99162;3045.11;5.40653;0;0;0.1;0.01;0;4.13296;0;0;-1
0;391;66.6367;-42.2202;-25.0404;8.84857;2902.07;5.32052;0;0;0.1;0.01;0;5.4836;0;0;-1
0;392;67.484;-23.2436;-24.8697;10.3678;4668.19;6.23401;0;0;0.1;0.01;0;6.53791;0;0;-1
0;393;65.5596;-5.60008;-26.9289;8.9529;3005.94;5.38325;0;0;0.1;0.01;0;6.84081;0;0;-1
0;394;66.5804;9.45574;-25.0928;9.2484;3313.51;5.56093;0;0;0.1;0.01;0;5.82189;0;0;-1
0;395;64.8751;25.4087;-25.6025;9.8348;3984.6;5.91352;0;0;0.1;0.01;0;4.80993;0;0;-1
0;396;66.3821;46.5054;-25.9037;10.0347;4232.55;6.03372;0;0;0.1;0.01;0;5.81778;0;0;-1
0;397;65.0738;62.2787;-27.5191;10.0508;4252.95;6.0434;0;0;0.1;0.01;0;4.96889;0;0;-1
0;398;79.4181;-51.2676;-25.8216;10.1042;4321.1;6.07551;0;0;0.1;0.01;0;2.17831;0;0;-1
0;399;81.8788;-34.2057;-24.8268;10.2512;4512.45;6.1639;0;0;0.1;0.01;0;3.41596;0;0;-1
0;400;80.7494;-16.8104;-25.3497;8.88357;2936.64;5.34156;0;0;0.1;0.01;0;4.46824;0;0;-1
0;401;79.7956;-0.227393;-26.239;9.30496;3374.68;5.59494;0;0;0.1;0.01;0;4.87183;0;0;-1
0;402;83.2183;17.7949;-25.2674;9.79833;3940.44;5.89159;0;0;0.1;0.01;0;4.1457;0;0;-1
0;403;79.0965;33.7638;-27.9902;8.5;2572.44;5.11093;0;0;0.1;0.01;0;3.36739;1;0;-1
0;404;79.3728;54.6254;-26.5423;10.3516;4646.34;6.22427;0;0;0.1;0.01;0;2.70735;0;0;-1
0;405;-98.4415;0.961015;-11.8049;10.2755;4544.62;6.17851;0;0;0.1;0.01;0;3.70501;0;0;-1
0;406;-84.2843;-42.0867;-11.2493;9.08598;3141.98;5.46327;0;0;0.1;0.01;0;3.46776;0;0;-1
0;407;-84.3743;-23.5389;-10.3039;10.4098;4725.15;6.25926;0;0;0.1;0.01;0;5.70379;0;0;-1
0;408;-85.2147;-7.13317;-12.481;8.91246;2965.39;5.35893;0;0;0.1;0.01;0;5.26803;0;0;-1
0;409;-83.3473;11.6502;-11.9306;10.149;4378.83;6.10245;0;0;0.1;0.01;0;5.92215;0;0;-1
0;410;-84.8133;29.1403;-12.4293;8.5;2572.44;5.11093;0;0;0.1;0.01;0;4.1313;1;0;-1
0;411;-84.0301;42.4954;-11.3142;9.39125;3469.44;5.64682;0;0;0.1;0.01;0;4.1279;0;0;-1
0;412;-70.811;-68.4424;-10.0644;8.78734;2842.24;5.2837;0;0;0.1;0.01;0;2.13585;0;0;-1
0;413;-69.2275;-49.266;-11.994;9.51949;3613.51;5.72393;0;0;0.1;0.01;0;4.76848;0;0;-1
0;414;-69.8931;-32.5563;-10.1385;9.37135;3447.43;5.63486;0;0;0.1;0.01;0;6.79677;0;0;-1
0;415;-72.1632;-15.7408;-11.6955;9.40543;3485.17;5.65535;0;0;0.1;0.01;0;6.58821;0;0;-1
0;416;-70.7966;3.17131;-10.3119;8.76929;2824.76;5.27285;0;0;0.1;0.01;0;6.07256;0;0;-1
0;417;-68.352;17.3759;-12.9496;8.58719;2652.42;5.16335;0;0;0.1;0.01;0;4.93232;0;0;-1
0;418;-69.4927;36.469;-11.987;9.59908;3704.91;5.77179;0;0;0.1;0.01;0;6.33947;0;0;-1
0;419;-71.9173;53.7854;-13.0208;8.9755;3028.76;5.39684;0;0;0.1;0.01;0;4.41604;0;0;-1
0;420;-54.2938;-75.1345;-9.72259;8.85847;2911.82;5.32647;0;0;0.1;0.01;0;3.81367;0;0;-1
0;421;-56.6171;-58.239;-12.3498;9.39962;3478.72;5.65186;0;0;0.1;0.01;0;5.38527;0;0;-1
0;422;-57.3274;-39.2009;-10.3228;8.57706;2643.04;5.15726;0;0;0.1;0.01;0;5.56518;0;0;-1
0;423;-57.3148;-23.9533;-11.8623;8.5;2572.44;5.11093;0;0;0.1;0.01;0;5.49314;1;0;-1
0;424;-55.2363;-7.22155;-11.805;9.00601;3059.75;5.41518;0;0;0.1;0.01;0;5.50155;0;0;-1
0;425;-54.308;8.59774;-12.5447;10.0595;4264.01;6.04863;0;0;0.1;0.01;0;5.98937;0;0;-1
0;426;-57.3386;29.7686;-12.8173;8.5;2572.44;5.11093;0;0;0.1;0.01;0;5.63907;1;0;-1
0;427;-55.1139;44.7203;-11.8304;9.28257;3350.37;5.58147;0;0;0.1;0.01;0;6.8561;0;0;-1
0;428;-57.9513;60.0324;-10.6875;9.74725;3879.14;5.86088;0;0;0.1;0.01;0;5.44961;0;0;-1
0;429;-42.788;-83.6433;-13.2548;10.0889;4301.5;6.06631;0;0;0.1;0.01;0;4.25722;0;0;-1
0;430;-39.3556;-64.6264;-11.5753;9.79525;3936.73;5.88974;0;0;0.1;0.01;0;5.60946;0;0;-1
0;431;-41.0535;-49.3547;-10.6912;8.52157;2592.07;5.1239;0;0;0.1;0.01;0;5.0785;0;0;-1
0;432;-41.2211;-32.6051;-12.3639;9.80366;3946.87;5.8948;0;0;0.1;0.01;0;6.13811;0;0;-1
0;433;-42.083;-14.3478;-13.519;10.014;4206.41;6.02127;0;0;0.1;0.01;0;6.08353;0;0;-1
0;434;-40.9239;3.07164;-10.7882;9.48602;3575.53;5.70381;0;0;0.1;0.01;0;5.76916;0;0;-1
0;435;-39.4025;20.0884;-11.2059;10.0097;4200.99;6.01869;0;0;0.1;0.01;0;6.27848;0;0;-1
0;436;-42.1286;36.9037;-13.1727;9.33057;3402.62;5.61034;0;0;0.1;0.01;0;7.19913;0;0;-1
0;437;-42.6535;52.2141;-12.6244;8.5;2572.44;5.11093;0;0;0.1;0.01;0;5.0519;1;0;-1
0;438;-43.0076;70.6884;-12.5545;8.74544;2801.78;5.25851;0;0;0.1;0.01;0;4.72124;0;0;-1
0;439;-43.2535;85.1332;-13.334;8.5;2572.44;5.11093;0;0;0.1;0.01;0;3.42378;1;0;-1
0;440;-27.9;-93.1803;-13.0859;9.62079;3730.1;5.78484;0;0;0.1;0.01;0;4.31792;0;0;-1
0;441;-28.1471;-76.8688;-13.0041;10.1441;4372.49;6.0995;0;0;0.1;0.01;0;7.05632;0;0;-1
0;442;-24.6973;-56.5736;-12.2854;10.3899;4698.1;6.2473;0;0;0.1;0.01;0;7.30768;0;0;-1
0;443;-27.3651;-41.7522;-10.1905;10.4383;4764.07;6.2764;0;0;0.1;0.01;0;7.63174;0;0;-1
0;444;-26.6299;-22.2852;-11.8627;10.2193;4470.46;6.14472;0;0;0.1;0.01;0;6.64926;0;0;-1
0;445;-24.9541;-7.30992;-10.3152;8.54228;2611.02;5.13635;0;0;0.1;0.01;0;4.69736;0;0;-1
0;446;-25.1415;9.14514;-10.2589;9.43114;3513.83;5.67081;0;0;0.1;0.01;0;5.17443;0;0;-1
0;447;-27.4334;28.4666;-10.5824;10.2555;4518.13;6.16648;0;0;0.1;0.01;0;6.15089;0;0;-1
0;448;-28.3079;42.9602;-10.7768;9.06343;3118.65;5.44971;0;0;0.1;0.01;0;5.62602;0;0;-1
0;449;-24.4444;59.0672;-12.8422;8.80537;2859.77;5.29454;0;0;0.1;0.01;0;4.53571;0;0;-1
0;450;-24.7755;77.7014;-12.2433;9.85517;4009.41;5.92577;0;0;0.1;0.01;0;6.45074;0;0;-1
0;451;-24.8582;94.6713;-14.0131;10.1999;4445.05;6.13305;0;0;0.1;0.01;0;3.54466;0;0;-1
0;452;-13.5484;-83.3073;-11.0833;8.5;2572.44;5.11093;0;0;0.1;0.01;0;4.45414;1;0;-1
0;453;-12.7741;-65.4532;-13.2547;8.5;2572.44;5.11093;0;0;0.1;0.01;0;5.52669;1;0;-1
0;454;-12.6961;-48.4389;-9.70797;9.49539;3586.14;5.70944;0;0;0.1;0.01;0;6.60713;0;0;-1
0;455;-11.445;-32.3651;-11.7648;10.4018;4714.27;6.25445;0;0;0.1;0.01;0;7.25824;0;0;-1
0;456;-10.3941;-14.2706;-10.724;8.5;2572.44;5.11093;0;0;0.1;0.01;0;6.05917;1;0;-1
0;457;-10.7168;0.962826;-11.6048;10.2021;4447.92;6.13437;0;0;0.1;0.01;0;7.1596;0;0;-1
0;458;-10.7342;16.9707;-11.6237;9.08701;3143.05;5.46389;0;0;0.1;0.01;0;5.77018;0;0;-1
0;459;-11.5927;34.2403;-12.5374;8.56015;2627.44;5.14709;0;0;0.1;0.01;0;4.61789;0;0;-1
0;460;-10.3532;50.9678;-10.6067;8.54843;2616.66;5.14005;0;0;0.1;0.01;0;5.22085;0;0;-1
0;461;-10.5247;67.4145;-11.6308;9.0735;3129.05;5.45576;0;0;0.1;0.01;0;5.90995;0;0;-1
0;462;-11.7013;87.2606;-12.4348;8.5;2572.44;5.11093;0;0;0.1;0.01;0;4.79244;1;0;-1
0;463;4.39266;-91.5525;-10.5903;8.69412;2752.74;5.22765;0;0;0.1;0.01;0;3.76562;0;0;-1
0;464;1.54571;-75.9955;-12.1202;8.5;2572.44;5.11093;0;0;0.1;0.01;0;5.49055;1;0;-1
0;465;1.34639;-59.477;-12.8534;8.86284;2916.13;5.3291;0;0;0.1;0.01;0;6.06268;0;0;-1
0;466;1.68001;-41.2602;-12.6199;9.63019;3741.05;5.79049;0;0;0.1;0.01;0;6.53702;0;0;-1
0;467;1.26687;-21.5719;-10.4631;9.21799;3280.93;5.54264;0;0;0.1;0.01;0;6.60911;0;0;-1
0;468;1.59666;-7.44712;-12.123;8.63646;2698.34;5.19298;0;0;0.1;0.01;0;6.12631;0;0;-1
0;469;3.27829;8.17373;-12.2774;10.1133;4332.79;6.08098;0;0;0.1;0.01;0;6.21225;0;0;-1
0;470;3.18892;25.1307;-13.5541;9.05314;3108.04;5.44352;0;0;0.1;0.01;0;4.72392;0;0;-1
0;471;1.98739;43.7636;-10.4989;9.3009;3370.26;5.5925;0;0;0.1;0.01;0;5.57705;0;0;-1
0;472;2.33647;59.5201;-10.7507;9.45512;3540.71;5.68523;0;0;0.1;0.01;0;6.58832;0;0;-1
0;473;2.70598;76.7471;-10.3963;8.91847;2971.39;5.36255;0;0;0.1;0.01;0;6.03173;0;0;-1
0;474;3.09653;94.0414;-11.4657;10.2647;4530.3;6.17202;0;0;0.1;0.01;0;4.45852;0;0;-1
0;475;18.8194;-85.1811;-10.5399;9.35595;3430.46;5.6256;0;0;0.1;0.01;0;5.79954;0;0;-1
0;476;16.0689;-68.1903;-10.5214;9.47166;3559.32;5.69517;0;0;0.1;0.01;0;6.35373;0;0;-1
0;477;15.9649;-51.4687;-9.87208;9.86583;4022.44;5.93218;0;0;0.1;0.01;0;5.77804;0;0;-1
0;478;15.5249;-33.3886;-10.5237;9.65096;3765.3;5.80298;0;0;0.1;0.01;0;5.74224;0;0;-1
0;479;16.0349;-16.294;-11.4649;8.57311;2639.39;5.15489;0;0;0.1;0.01;0;5.90989;0;0;-1
0;480;16.4163;1.11815;-11.4598;9.38448;3461.94;5.64275;0;0;0.1;0.01;0;5.57976;0;0;-1
0;481;19.4863;20.8994;-10.88;9.88972;4051.73;5.94655;0;0;0.1;0.01;0;6.04967;0;0;-1
0;482;19.6252;38.19;-13.1662;8.5;2572.44;5.11093;0;0;0.1;0.01;0;5.08486;1;0;-1
0;483;18.1849;54.5345;-11.4691;8.5;2572.44;5.11093;0;0;0.1;0.01;0;4.93142;1;0;-1
0;484;17.3041;71.4366;-10.3179;10.3965;4707.06;6.25126;0;0;0.1;0.01;0;7.11105;0;0;-1
0;485;15.6993;84.9699;-12.5695;8.5;2572.44;5.11093;0;0;0.1;0.01;0;5.4514;1;0;-1
0;486;31.9477;-93.7242;-12.0412;8.83098;2884.8;5.30994;0;0;0.1;0.01;0;1.85808;0;0;-1
0;487;33.3606;-76.6503;-12.3282;9.41174;3492.19;5.65914;0;0;0.1;0.01;0;5.65288;0;0;-1
0;488;32.8921;-55.3883;-10.3495;9.45135;3536.47;5.68296;0;0;0.1;0.01;0;4.99162;0;0;-1
0;489;34.1679;-38.89;-10.127;9.62386;3733.67;5.78669;0;0;0.1;0.01;0;6.14407;0;0;-1
0;490;31.2318;-21.3589;-12.2799;9.89423;4057.28;5.94926;0;0;0.1;0.01;0;7.10815;0;0;-1
0;491;33.1364;-6.34171;-10.775;8.88235;2935.43;5.34083;0;0;0.1;0.01;0;5.5624;0;0;-1
0;492;33.501;11.7961;-12.9112;10.3784;4682.52;6.24038;0;0;0.1;0.01;0;7.01919;0;0;-1
0;493;31.4695;29.0487;-10.8357;9.24443;3309.25;5.55854;0;0;0.1;0.01;0;6.82131;0;0;-1
0;494;33.5345;46.2627;-13.2474;9.56238;3662.58;5.74972;0;0;0.1;0.01;0;5.9894;0;0;-1
0;495;32.7906;63.4841;-10.3702;8.6173;2680.42;5.18146;0;0;0.1;0.01;0;5.98526;0;0;-1
0;496;32.2634;79.3798;-10.1268;10.0567;4260.45;6.04695;0;0;0.1;0.01;0;6.38699;0;0;-1
0;497;45.9682;-82.935;-10.7933;8.5;2572.44;5.11093;0;0;0.1;0.01;0;4.15672;1;0;-1
0;498;48.1328;-67.8885;-11.4533;9.53328;3629.24;5.73222;0;0;0.1;0.01;0;6.01296;0;0;-1
0;499;47.7008;-47.7307;-11.9641;9.34097;3414.01;5.61659;0;0;0.1;0.01;0;6.1155;0;0;-1
0;500;48.6169;-31.7081;-12.5237;9.05733;3112.36;5.44604;0;0;0.1;0.01;0;5.54154;0;0;-1
0;501;45.5586;-14.7394;-10.954;9.15165;3210.6;5.50275;0;0;0.1;0.01;0;6.26761;0;0;-1
0;502;46.594;0.436157;-11.0268;10.1585;4391.14;6.10816;0;0;0.1;0.01;0;7.44573;0;0;-1
0;503;47.737;18.1169;-13.4347;10.1742;4411.53;6.1176;0;0;0.1;0.01;0;7.74647;0;0;-1
0;504;47.9006;34.6497;-10.5438;9.51622;3609.79;5.72196;0;0;0.1;0.01;0;6.42816;0;0;-1
0;505;45.9428;55.1953;-12.4959;8.5;2572.44;5.11093;0;0;0.1;0.01;0;5.01967;1;0;-1
0;506;46.2872;68.4984;-10.0149;9.24156;3306.16;5.55682;0;0;0.1;0.01;0;6.17085;0;0;-1
0;507;47.6935;85.6424;-13.0961;8.6403;2701.94;5.19529;0;0;0.1;0.01;0;2.33816;0;0;-1
0;508;61.0955;-74.2492;-11.2874;10.3036;4582.01;6.19541;0;0;0.1;0.01;0;3.1984;0;0;-1
0;509;60.3104;-56.0666;-13.3004;9.61516;3723.56;5.78146;0;0;0.1;0.01;0;6.39406;0;0;-1
0;510;61.4379;-42.1472;-11.6212;9.39919;3478.24;5.6516;0;0;0.1;0.01;0;6.41375;0;0;-1
0;511;62.5762;-25.7805;-11.8631;9.28468;3352.66;5.58274;0;0;0.1;0.01;0;5.84306;0;0;-1
0;512;62.7412;-7.65059;-11.5022;9.83406;3983.7;5.91308;0;0;0.1;0.01;0;6.46845;0;0;-1
0;513;60.7346;9.37257;-12.8106;10.2245;4477.29;6.14784;0;0;0.1;0.01;0;6.65755;0;0;-1
0;514;61.9674;28.7539;-10.22;9.92591;4096.37;5.96831;0;0;0.1;0.01;0;6.30904;0;0;-1
0;515;62.6719;45.99;-11.13;9.50542;3597.51;5.71547;0;0;0.1;0.01;0;5.70382;0;0;-1
0;516;63.2334;63.5907;-10.7994;10.0981;4313.28;6.07184;0;0;0.1;0.01;0;5.33355;0;0;-1
0;517;61.0485;77.9218;-13.7897;8.90529;2958.24;5.35462;0;0;0.1;0.01;0;2.77231;0;0;-1
0;518;77.6032;-47.5292;-10.8082;8.5;2572.44;5.11093;0;0;0.1;0.01;0;3.89242;1;0;-1
0;519;77.3343;-30.0374;-11.2404;8.60685;2670.68;5.17517;0;0;0.1;0.01;0;5.62826;0;0;-1
0;520;75.2987;-14.439;-10.8528;10.4528;4783.95;6.28512;0;0;0.1;0.01;0;7.80067;0;0;-1
0;521;74.9388;1.12063;-10.9891;8.5;2572.44;5.11093;0;0;0.1;0.01;0;6.16675;1;0;-1
0;522;76.61;18.0116;-13.3341;8.69993;2758.26;5.23114;0;0;0.1;0.01;0;5.74981;0;0;-1
0;523;75.0663;34.8515;-12.7181;8.5;2572.44;5.11093;0;0;0.1;0.01;0;5.25362;1;0;-1
0;524;75.3401;51.4818;-10.2286;9.24246;3307.13;5.55736;0;0;0.1;0.01;0;5.72042;0;0;-1
0;525;89.5854;-22.1776;-11.9573;8.5;2572.44;5.11093;0;0;0.1;0.01;0;3.7899;1;0;-1
0;526;90.0709;-4.25142;-10.1481;9.67018;3787.85;5.81454;0;0;0.1;0.01;0;4.11945;0;0;-1
0;527;89.5549;12.0097;-11.0164;8.94815;3001.15;5.38039;0;0;0.1;0.01;0;4.80402;0;0;-1
0;528;89.4256;27.0265;-11.2047;8.57982;2645.59;5.15892;0;0;0.1;0.01;0;4.5136;0;0;-1
0;529;89.2365;43.5652;-9.8442;10.0381;4236.85;6.03576;0;0;0.1;0.01;0;3.29336;0;0;-1
0;530;-93.9377;-16.5775;2.39975;9.45997;3546.16;5.68814;0;0;0.1;0.01;0;3.17055;0;0;-1
0;531;-95.6872;2.72727;3.43191;9.65336;3768.11;5.80443;0;0;0.1;0.01;0;3.78345;0;0;-1
0;532;-95.9065;18.6855;2.15788;10.2032;4449.36;6.13504;0;0;0.1;0.01;0;3.2395;0;0;-1
0;533;-79.6765;-55.9198;3.03632;8.5;2572.44;5.11093;0;0;0.1;0.01;0;2.64045;1;0;-1
0;534;-82.6269;-41.5212;4.68534;9.80047;3943.02;5.89288;0;0;0.1;0.01;0;4.17565;0;0;-1
0;535;-80.5973;-23.2267;2.97571;9.80139;3944.13;5.89343;0;0;0.1;0.01;0;6.45361;0;0;-1
0;536;-79.8675;-6.13611;3.72365;9.46528;3552.13;5.69134;0;0;0.1;0.01;0;5.92422;0;0;-1
0;537;-81.7926;10.357;2.7157;8.90491;2957.86;5.35439;0;0;0.1;0.01;0;4.70796;0;0;-1
0;538;-80.6005;25.4939;1.20513;8.5;2572.44;5.11093;0;0;0.1;0.01;0;3.69792;1;0;-1
0;539;-82.6828;44.0749;2.76894;10.2457;4505.19;6.16059;0;0;0.1;0.01;0;4.42262;0;0;-1
0;540;-78.9069;61.1255;3.377;9.4202;3501.62;5.66423;0;0;0.1;0.01;0;2.55931;0;0;-1
0;541;-63.8866;-65.5095;1.67907;8.86781;2921.04;5.33209;0;0;0.1;0.01;0;4.00822;0;0;-1
0;542;-64.2781;-47.2871;4.39939;10.2617;4526.33;6.17021;0;0;0.1;0.01;0;6.23444;0;0;-1
0;543;-68.3928;-33.0512;3.55849;8.92266;2975.58;5.36507;0;0;0.1;0.01;0;5.75806;0;0;-1
0;544;-67.7992;-14.8211;1.72173;10.4365;4761.6;6.27532;0;0;0.1;0.01;0;6.927;0;0;-1
0;545;-67.194;0.399828;3.73541;10.3306;4618.12;6.21164;0;0;0.1;0.01;0;6.9343;0;0;-1
0;546;-64.7323;17.129;3.36654;10.4477;4776.95;6.28205;0;0;0.1;0.01;0;6.02048;0;0;-1
0;547;-65.1783;36.5234;3.0974;10.4249;4745.74;6.26834;0;0;0.1;0.01;0;6.60367;0;0;-1
0;548;-65.5665;52.0293;3.22954;9.47993;3568.65;5.70014;0;0;0.1;0.01;0;5.47888;0;0;-1
0;549;-64.9446;70.4107;3.16441;8.5;2572.44;5.11093;0;0;0.1;0.01;0;2.3491;1;0;-1
0;550;-49.9073;-75.3364;3.24061;8.5823;2647.89;5.16041;0;0;0.1;0.01;0;5.00549;0;0;-1
0;551;-50.3449;-59.3851;4.2119;8.71413;2771.79;5.23968;0;0;0.1;0.01;0;5.50641;0;0;-1
0;552;-50.9515;-42.3318;3.33596;8.72965;2786.63;5.24901;0;0;0.1;0.01;0;5.4623;0;0;-1
0;553;-52.1133;-24.4714;3.65492;8.58632;2651.61;5.16283;0;0;0.1;0.01;0;4.18567;0;0;-1
0;554;-49.6368;-5.37587;2.14571;8.5;2572.44;5.11093;0;0;0.1;0.01;0;4.35578;1;0;-1
0;555;-52.3016;10.0605;3.75277;8.5;2572.44;5.11093;0;0;0.1;0.01;0;4.98737;1;0;-1
0;556;-52.7552;25.8373;2.69845;8.5;2572.44;5.11093;0;0;0.1;0.01;0;5.48587;1;0;-1
0;557;-50.2695;42.9865;5.11438;9.8444;3996.28;5.91929;0;0;0.1;0.01;0;5.97263;0;0;-1
0;558;-50.7528;63.4596;1.83534;9.04923;3104.01;5.44117;0;0;0.1;0.01;0;5.21415;0;0;-1
0;559;-51.4595;78.12;1.28675;9.76208;3896.87;5.8698;0;0;0.1;0.01;0;4.43625;0;0;-1
0;560;-34.9771;-84.013;3.4435;9.36644;3442.01;5.6319;0;0;0.1;0.01;0;5.15523;0;0;-1
0;561;-38.5028;-67.3846;3.24791;9.15764;3216.91;5.50636;0;0;0.1;0.01;0;5.35383;0;0;-1
0;562;-36.7034;-50.3917;4.12234;8.5;2572.44;5.11093;0;0;0.1;0.01;0;5.17302;1;0;-1
0;563;-35.8356;-32.6202;2.67926;9.95707;4135.07;5.98704;0;0;0.1;0.01;0;6.05316;0;0;-1
0;564;-38.0788;-14.0882;3.14978;8.97516;3028.41;5.39663;0;0;0.1;0.01;0;4.98488;0;0;-1
0;565;-36.6352;3.18172;4.03711;8.90095;2953.91;5.35201;0;0;0.1;0.01;0;5.85578;0;0;-1
0;566;-38.1386;19.9737;2.91753;10.1518;4382.46;6.10413;0;0;0.1;0.01;0;6.86705;0;0;-1
0;567;-38.1965;36.3075;1.02475;8.89588;2948.87;5.34896;0;0;0.1;0.01;0;5.93216;0;0;-1
0;568;-35.4179;50.8437;2.86289;9.82839;3976.82;5.90967;0;0;0.1;0.01;0;5.01511;0;0;-1
0;569;-35.7473;71.7395;1.34099;10.4423;4769.55;6.2788;0;0;0.1;0.01;0;6.28708;0;0;-1
0;570;-35.3286;87.8885;3.29117;9.58234;3685.56;5.76172;0;0;0.1;0.01;0;5.14544;0;0;-1
0;571;-20.7762;-93.6587;1.59928;9.51832;3612.18;5.72323;0;0;0.1;0.01;0;4.31148;0;0;-1
0;572;-20.5663;-76.6069;4.59599;8.53528;2604.61;5.13214;0;0;0.1;0.01;0;5.2643;0;0;-1
0;573;-23.6242;-57.6351;1.53844;9.2155;3278.27;5.54115;0;0;0.1;0.01;0;6.00456;0;0;-1
0;574;-23.2238;-40.3579;2.14364;9.25268;3318.11;5.5635;0;0;0.1;0.01;0;6.41789;0;0;-1
0;575;-21.1665;-23.0812;3.57134;8.5;2572.44;5.11093;0;0;0.1;0.01;0;5.39815;1;0;-1
0;576;-20.5819;-5.19376;3.34444;8.55675;2624.31;5.14505;0;0;0.1;0.01;0;6.16071;0;0;-1
0;577;-20.1913;9.99225;4.07041;10.1133;4332.79;6.08098;0;0;0.1;0.01;0;6.90031;0;0;-1
0;578;-23.9432;27.5243;1.88616;8.5874;2652.61;5.16348;0;0;0.1;0.01;0;3.9937;0;0;-1
0;579;-19.9328;46.9925;1.82964;9.19996;3261.72;5.5318;0;0;0.1;0.01;0;4.54762;0;0;-1
0;580;-22.0316;63.3222;2.16311;9.89483;4058.01;5.94962;0;0;0.1;0.01;0;6.65883;0;0;-1
0;581;-22.1866;77.5554;1.90904;9.60554;3712.39;5.77567;0;0;0.1;0.01;0;6.19897;0;0;-1
0;582;-23.3682;96.237;1.35689;9.90756;4073.7;5.95727;0;0;0.1;0.01;0;3.41975;0;0;-1
0;583;-7.07061;-98.9516;0.928304;10.0776;4287.06;6.05951;0;0;0.1;0.01;0;2.97362;0;0;-1
0;584;-5.6441;-81.0528;3.71221;8.73414;2790.93;5.25171;0;0;0.1;0.01;0;5.62645;0;0;-1
0;585;-9.08231;-66.6488;2.77121;10.3839;4689.97;6.24369;0;0;0.1;0.01;0;5.75215;0;0;-1
0;586;-7.63103;-49.2528;2.31143;8.64791;2709.08;5.19986;0;0;0.1;0.01;0;5.09696;0;0;-1
0;587;-7.46706;-29.9763;2.51729;9.4445;3528.79;5.67884;0;0;0.1;0.01;0;6.352;0;0;-1
0;588;-8.78161;-14.1933;3.1158;9.71029;3835.18;5.83866;0;0;0.1;0.01;0;6.88066;0;0;-1
0;589;-7.88775;1.80543;3.7755;8.5;2572.44;5.11093;0;0;0.1;0.01;0;5.90042;1;0;-1
0;590;-6.29947;17.3577;1.34024;8.51996;2590.61;5.12293;0;0;0.1;0.01;0;5.93111;0;0;-1
0;591;-6.1642;34.6551;3.70481;9.22465;3288.05;5.54665;0;0;0.1;0.01;0;5.50812;0;0;-1
0;592;-5.76223;51.8018;3.54548;8.5;2572.44;5.11093;0;0;0.1;0.01;0;5.86895;1;0;-1
0;593;-7.56786;71.7846;2.33199;10.3283;4615.04;6.21026;0;0;0.1;0.01;0;6.85384;0;0;-1
0;594;-9.21;88.3811;3.6811;9.77079;3907.31;5.87503;0;0;0.1;0.01;0;4.97331;0;0;-1
0;595;8.04398;-92.1732;3.10082;8.71605;2773.63;5.24083;0;0;0.1;0.01;0;4.70648;0;0;-1
0;596;8.63628;-76.0912;1.82517;9.61678;3725.44;5.78243;0;0;0.1;0.01;0;7.03963;0;0;-1
0;597;5.95381;-58.9248;1.68951;10.096;4310.59;6.07058;0;0;0.1;0.01;0;6.92038;0;0;-1
0;598;7.03544;-42.7397;3.59173;9.83689;3987.15;5.91478;0;0;0.1;0.01;0;6.72791;0;0;-1
0;599;7.54739;-24.9366;1.85169;9.5353;3631.55;5.73344;0;0;0.1;0.01;0;6.50685;0;0;-1
0;600;9.35548;-8.4604;4.43884;10.1237;4346.17;6.08723;0;0;0.1;0.01;0;5.93046;0;0;-1
0;601;5.73468;10.4493;2.77746;8.89902;2951.99;5.35085;0;0;0.1;0.01;0;4.95996;0;0;-1
0;602;7.6295;25.4185;2.11919;9.91149;4078.55;5.95964;0;0;0.1;0.01;0;6.08785;0;0;-1
0;603;8.38284;44.0639;2.34982;8.5;2572.44;5.11093;0;0;0.1;0.01;0;5.04482;1;0;-1
0;604;6.91196;60.3871;1.62339;8.5;2572.44;5.11093;0;0;0.1;0.01;0;5.65747;1;0;-1
0;605;8.8021;76.5027;2.67761;8.62821;2690.61;5.18802;0;0;0.1;0.01;0;5.79782;0;0;-1
0;606;5.6135;97.9065;1.52344;9.70502;3828.93;5.83549;0;0;0.1;0.01;0;2.8259;0;0;-1
0;607;20.4567;-85.2895;2.17756;8.5;2572.44;5.11093;0;0;0.1;0.01;0;4.15291;1;0;-1
0;608;23.706;-66.3205;2.74146;10.1485;4378.19;6.10215;0;0;0.1;0.01;0;5.92205;0;0;-1
0;609;22.3817;-47.3566;4.38484;8.61569;2678.91;5.18049;0;0;0.1;0.01;0;4.58284;0;0;-1
0;610;21.7417;-31.0868;1.47699;8.5;2572.44;5.11093;0;0;0.1;0.01;0;5.78997;1;0;-1
0;611;21.4324;-14.7088;1.49398;8.5;2572.44;5.11093;0;0;0.1;0.01;0;5.46924;1;0;-1
0;612;23.2012;4.33959;1.19778;9.49255;3582.92;5.70773;0;0;0.1;0.01;0;5.44774;0;0;-1
0;613;23.3893;20.8322;4.67823;9.56391;3664.33;5.75064;0;0;0.1;0.01;0;6.83884;0;0;-1
0;614;21.9832;37.2964;4.96106;8.5;2572.44;5.11093;0;0;0.1;0.01;0;5.65935;1;0;-1
0;615;22.7764;51.4222;3.72171;9.88732;4048.78;5.9451;0;0;0.1;0.01;0;6.64413;0;0;-1
0;616;21.1359;67.7535;1.65818;9.16445;3224.09;5.51045;0;0;0.1;0.01;0;5.95839;0;0;-1
0;617;21.4064;89.4963;1.13994;10.1186;4339.6;6.08417;0;0;0.1;0.01;0;4.04325;0;0;-1
0;618;38.0372;-75.9257;1.65448;9.44408;3528.32;5.67859;0;0;0.1;0.01;0;6.03108;0;0;-1
0;619;38.5523;-59.6052;4.02609;8.64248;2703.98;5.1966;0;0;0.1;0.01;0;5.22552;0;0;-1
0;620;34.9017;-40.1455;3.41646;8.9796;3032.91;5.3993;0;0;0.1;0.01;0;5.44792;0;0;-1
0;621;35.0415;-25.7219;1.2001;9.54414;3641.66;5.73875;0;0;0.1;0.01;0;6.10576;0;0;-1
0;622;38.0196;-8.85299;4.48356;9.35846;3433.22;5.62711;0;0;0.1;0.01;0;6.01354;0;0;-1
0;623;37.2355;9.08852;1.45188;9.51894;3612.89;5.7236;0;0;0.1;0.01;0;5.74743;0;0;-1
0;624;36.663;27.2508;2.87409;9.98295;4167.4;6.0026;0;0;0.1;0.01;0;6.51314;0;0;-1
0;625;35.928;44.5375;1.21464;10.3932;4702.58;6.24928;0;0;0.1;0.01;0;6.87871;0;0;-1
0;626;36.1004;62.7063;3.83244;10.293;4567.88;6.18903;0;0;0.1;0.01;0;7.82438;0;0;-1
0;627;37.6624;80.0019;2.52727;10.395;4705.03;6.25036;0;0;0.1;0.01;0;5.13797;0;0;-1
0;628;50.84;-83.528;2.89566;8.5;2572.44;5.11093;0;0;0.1;0.01;0;2.98835;1;0;-1
0;629;52.1832;-64.6102;4.04662;9.83279;3982.16;5.91231;0;0;0.1;0.01;0;5.58592;0;0;-1
0;630;50.3205;-48.4701;3.25979;10.1367;4362.93;6.09505;0;0;0.1;0.01;0;6.36242;0;0;-1
0;631;53.4038;-33.6505;4.79072;8.5;2572.44;5.11093;0;0;0.1;0.01;0;5.8116;1;0;-1
0;632;51.3813;-15.8254;2.99521;8.60239;2666.53;5.17249;0;0;0.1;0.01;0;5.11762;0;0;-1
0;633;52.1579;1.13487;2.46637;8.51441;2585.55;5.11959;0;0;0.1;0.01;0;5.43491;0;0;-1
0;634;52.3748;17.0468;1.66308;9.47502;3563.11;5.69719;0;0;0.1;0.01;0;7.31135;0;0;-1
0;635;50.1841;34.3887;2.73719;9.80689;3950.78;5.89674;0;0;0.1;0.01;0;6.23236;0;0;-1
0;636;51.3776;54.6291;4.70446;8.5;2572.44;5.11093;0;0;0.1;0.01;0;5.01773;1;0;-1
0;637;50.0094;67.7084;3.25996;9.09874;3155.24;5.47094;0;0;0.1;0.01;0;4.69995;0;0;-1
0;638;68.0557;-56.0601;4.68544;9.91865;4087.39;5.96394;0;0;0.1;0.01;0;4.38901;0;0;-1
0;639;67.5914;-39.044;2.40174;9.67029;3787.97;5.81461;0;0;0.1;0.01;0;7.08991;0;0;-1
0;640;64.734;-24.1624;3.90011;8.59961;2663.94;5.17082;0;0;0.1;0.01;0;5.67832;0;0;-1
0;641;67.8258;-6.65292;4.42447;8.5;2572.44;5.11093;0;0;0.1;0.01;0;4.86838;1;0;-1
0;642;65.6295;12.1993;3.8337;10.2544;4516.68;6.16582;0;0;0.1;0.01;0;6.72071;0;0;-1
0;643;65.4885;25.9337;3.94305;8.5;2572.44;5.11093;0;0;0.1;0.01;0;6.09856;1;0;-1
0;644;66.9139;44.3109;4.36042;9.40417;3483.77;5.65459;0;0;0.1;0.01;0;5.69758;0;0;-1
0;645;67.423;60.1787;4.32094;9.78995;3930.34;5.88655;0;0;0.1;0.01;0;4.46642;0;0;-1
0;646;82.3275;-47.3952;5.10569;9.16647;3226.23;5.51167;0;0;0.1;0.01;0;3.67566;0;0;-1
0;647;82.1682;-33.1106;3.18293;10.4059;4719.84;6.25692;0;0;0.1;0.01;0;5.8237;0;0;-1
0;648;81.3967;-15.7966;3.84225;9.58771;3691.76;5.76495;0;0;0.1;0.01;0;6.48937;0;0;-1
0;649;79.7729;0.0558731;1.87627;9.17655;3236.88;5.51773;0;0;0.1;0.01;0;5.72974;0;0;-1
0;650;80.9726;18.2573;2.44721;9.17519;3235.44;5.51691;0;0;0.1;0.01;0;6.64374;0;0;-1
0;651;82.5353;36.1066;4.09571;10.3563;4652.67;6.22709;0;0;0.1;0.01;0;5.5518;0;0;-1
0;652;82.8002;55.2975;4.89421;9.98006;4163.78;6.00087;0;0;0.1;0.01;0;2.84959;0;0;-1
0;653;95.8379;-23.3882;2.10276;10.372;4673.86;6.23653;0;0;0.1;0.01;0;3.62866;0;0;-1
0;654;96.3598;-7.56423;4.22398;9.30892;3378.99;5.59732;0;0;0.1;0.01;0;3.40636;0;0;-1
0;655;94.5252;12.1185;1.93455;9.59168;3696.35;5.76734;0;0;0.1;0.01;0;4.21351;0;0;-1
0;656;94.3122;26.6292;4.4776;10.0281;4224.2;6.02975;0;0;0.1;0.01;0;4.46495;0;0;-1
0;657;-86.8367;-40.7518;19.2024;10.0139;4206.28;6.02121;0;0;0.1;0.01;0;3.22214;0;0;-1
0;658;-85.0802;-21.1776;18.5586;9.39531;3473.94;5.64926;0;0;0.1;0.01;0;3.28256;0;0;-1
0;659;-84.88;-4.9893;19.271;9.9256;4095.99;5.96812;0;0;0.1;0.01;0;4.60239;0;0;-1
0;660;-86.6467;10.4797;17.189;9.41782;3498.97;5.6628;0;0;0.1;0.01;0;4.71465;0;0;-1
0;661;-85.7241;27.1103;18.3029;8.5;2572.44;5.11093;0;0;0.1;0.01;0;3.21735;1;0;-1
0;662;-84.2574;45.3276;18.9274;8.68184;2741.09;5.22026;0;0;0.1;0.01;0;2.72807;0;0;-1
0;663;-72.1088;-63.6406;19.842;9.46219;3548.65;5.68948;0;0;0.1;0.01;0;3.35575;0;0;-1
0;664;-70.8096;-48.5634;16.6711;9.04696;3101.68;5.43981;0;0;0.1;0.01;0;6.11207;0;0;-1
0;665;-68.9817;-33.8702;19.1882;8.5;2572.44;5.11093;0;0;0.1;0.01;0;5.46774;1;0;-1
0;666;-71.9591;-13.1884;19.0212;9.90376;4069.01;5.95499;0;0;0.1;0.01;0;7.23447;0;0;-1
0;667;-69.3862;2.17077;19.7069;9.7357;3865.36;5.85394;0;0;0.1;0.01;0;6.93144;0;0;-1
0;668;-70.2512;18.6416;19.3012;9.64972;3763.85;5.80224;0;0;0.1;0.01;0;5.80177;0;0;-1
0;669;-70.2955;34.2583;16.7402;8.77909;2834.24;5.27874;0;0;0.1;0.01;0;4.3236;0;0;-1
0;670;-70.2532;52.8853;16.2644;8.5;2572.44;5.11093;0;0;0.1;0.01;0;3.91557;1;0;-1
0;671;-58.0219;-74.9461;17.1186;10.065;4271;6.05194;0;0;0.1;0.01;0;4.51599;0;0;-1
0;672;-57.4962;-58.652;18.7032;9.47117;3558.77;5.69488;0;0;0.1;0.01;0;6.43856;0;0;-1
0;673;-56.2004;-39.5377;17.4587;10.2399;4497.55;6.1571;0;0;0.1;0.01;0;7.40263;0;0;-1
0;674;-57.0841;-23.2719;16.913;8.9323;2985.23;5.37086;0;0;0.1;0.01;0;5.73448;0;0;-1
0;675;-55.1852;-6.46272;16.0495;9.97374;4155.88;5.99707;0;0;0.1;0.01;0;6.24374;0;0;-1
0;676;-57.1308;8.61671;17.405;8.70387;2762.01;5.23351;0;0;0.1;0.01;0;5.38301;0;0;-1
0;677;-55.381;26.7736;16.7913;9.65507;3770.12;5.80545;0;0;0.1;0.01;0;5.70838;0;0;-1
0;678;-54.9747;46.9032;18.949;8.5;2572.44;5.11093;0;0;0.1;0.01;0;4.35264;1;0;-1
0;679;-53.9854;61.9323;18.2818;8.67427;2733.93;5.21571;0;0;0.1;0.01;0;3.80824;0;0;-1
0;680;-53.7969;78.0477;19.6591;9.60026;3706.27;5.7725;0;0;0.1;0.01;0;2.63847;0;0;-1
0;681;-41.7005;-84.6167;16.8488;9.64536;3758.75;5.79962;0;0;0.1;0.01;0;4.32851;0;0;-1
0;682;-40.6315;-67.4694;17.7339;8.98447;3037.85;5.40223;0;0;0.1;0.01;0;5.51484;0;0;-1
0;683;-40.4665;-47.7827;16.7385;9.09298;3149.25;5.46748;0;0;0.1;0.01;0;5.26062;0;0;-1
0;684;-42.532;-33.0293;18.1944;9.56256;3662.78;5.74983;0;0;0.1;0.01;0;6.35542;0;0;-1
0;685;-42.1571;-13.7588;16.4863;8.5;2572.44;5.11093;0;0;0.1;0.01;0;4.91473;1;0;-1
0;686;-39.991;2.2801;17.7275;8.8338;2887.56;5.31164;0;0;0.1;0.01;0;5.08053;0;0;-1
0;687;-42.2084;18.687;18.4639;8.81873;2872.81;5.30257;0;0;0.1;0.01;0;5.43297;0;0;-1
0;688;-41.1647;33.7352;18.2757;8.97255;3025.77;5.39506;0;0;0.1;0.01;0;5.19013;0;0;-1
0;689;-39.7078;53.2133;18.5416;8.97931;3032.62;5.39913;0;0;0.1;0.01;0;4.73779;0;0;-1
0;690;-39.587;71.4836;16.3976;10.2106;4459.05;6.13949;0;0;0.1;0.01;0;5.90453;0;0;-1
0;691;-41.5981;87.7465;18.5395;8.98874;3042.18;5.4048;0;0;0.1;0.01;0;2.93108;0;0;-1
0;692;-27.7634;-93.4537;16.826;10.4523;4783.26;6.28482;0;0;0.1;0.01;0;3.98012;0;0;-1
0;693;-27.5073;-72.8544;18.499;9.83112;3980.13;5.91131;0;0;0.1;0.01;0;6.16645;0;0;-1
0;694;-25.3717;-56.7122;16.2764;8.5;2572.44;5.11093;0;0;0.1;0.01;0;4.4498;1;0;-1
0;695;-24.5027;-40.3769;17.8409;8.88227;2935.35;5.34078;0;0;0.1;0.01;0;5.48526;0;0;-1
0;696;-28.3561;-24.7227;16.3204;9.59361;3698.58;5.7685;0;0;0.1;0.01;0;6.04794;0;0;-1
0;697;-28.3783;-7.18745;16.01;9.33032;3402.34;5.61019;0;0;0.1;0.01;0;5.29124;0;0;-1
0;698;-26.9574;10.6758;16.4891;9.60486;3711.6;5.77526;0;0;0.1;0.01;0;6.09079;0;0;-1
0;699;-27.4508;28.0454;17.365;9.05772;3112.76;5.44628;0;0;0.1;0.01;0;5.12878;0;0;-1
0;700;-25.4597;45.9317;17.6346;9.58543;3689.13;5.76358;0;0;0.1;0.01;0;5.76573;0;0;-1
0;701;-28.1556;62.058;16.4034;9.01678;3070.74;5.42166;0;0;0.1;0.01;0;5.90535;0;0;-1
0;702;-27.4149;80.4114;16.314;10.1887;4430.42;6.12632;0;0;0.1;0.01;0;5.89077;0;0;-1
0;703;-13.2915;-83.6093;17.6407;9.77088;3907.42;5.87509;0;0;0.1;0.01;0;5.45722;0;0;-1
0;704;-13.7322;-65.6451;17.0234;8.5;2572.44;5.11093;0;0;0.1;0.01;0;4.20881;1;0;-1
0;705;-11.1786;-47.5343;16.2684;9.7905;3931;5.88689;0;0;0.1;0.01;0;5.44855;0;0;-1
0;706;-12.3568;-30.7855;19.3467;8.63701;2698.85;5.19331;0;0;0.1;0.01;0;5.76221;0;0;-1
0;707;-11.5518;-16.1861;17.4783;9.71429;3839.92;5.84106;0;0;0.1;0.01;0;6.34228;0;0;-1
0;708;-13.6677;1.66174;17.127;10.0878;4300.09;6.06565;0;0;0.1;0.01;0;7.02434;0;0;-1
0;709;-13.1786;20.7896;16.6089;10.0841;4295.36;6.06342;0;0;0.1;0.01;0;6.27001;0;0;-1
0;710;-10.9546;37.318;17.2906;8.97727;3030.55;5.3979;0;0;0.1;0.01;0;5.49482;0;0;-1
0;711;-10.023;52.3581;18.3003;10.1287;4352.61;6.09024;0;0;0.1;0.01;0;6.64249;0;0;-1
0;712;-11.674;68.4247;18.3693;8.59754;2662.02;5.16958;0;0;0.1;0.01;0;5.20846;0;0;-1
0;713;-11.0523;85.2571;18.6677;8.5;2572.44;5.11093;0;0;0.1;0.01;0;3.73788;1;0;-1
0;714;1.68318;-91.9849;17.4369;10.248;4508.23;6.16197;0;0;0.1;0.01;0;3.90783;0;0;-1
0;715;4.58196;-72.2704;15.9828;8.68782;2746.76;5.22386;0;0;0.1;0.01;0;5.15424;0;0;-1
0;716;2.81846;-56.9712;17.3346;8.5;2572.44;5.11093;0;0;0.1;0.01;0;5.54494;1;0;-1
0;717;2.96446;-39.8545;16.6726;9.887;4048.39;5.94491;0;0;0.1;0.01;0;6.58589;0;0;-1
0;718;2.38409;-24.4692;16.4636;8.82136;2875.38;5.30416;0;0;0.1;0.01;0;5.63445;0;0;-1
0;719;4.97214;-8.37489;17.1119;8.57217;2638.52;5.15432;0;0;0.1;0.01;0;4.74278;0;0;-1
0;720;4.17277;9.65071;16.3854;9.89258;4055.25;5.94826;0;0;0.1;0.01;0;4.89179;0;0;-1
0;721;2.15874;28.505;16.6419;9.95865;4137.04;5.98799;0;0;0.1;0.01;0;6.24776;0;0;-1
0;722;2.53561;46.1874;15.6219;8.5982;2662.63;5.16997;0;0;0.1;0.01;0;5.80237;0;0;-1
0;723;2.66248;63.4025;15.8927;10.4039;4717.12;6.25571;0;0;0.1;0.01;0;6.71233;0;0;-1
0;724;0.994707;77.9616;15.934;8.66392;2724.16;5.20949;0;0;0.1;0.01;0;5.68448;0;0;-1
0;725;4.69787;93.089;17.7718;8.70908;2766.98;5.23664;0;0;0.1;0.01;0;2.89432;0;0;-1
0;726;17.7768;-82.38;17.1029;10.0453;4245.97;6.04009;0;0;0.1;0.01;0;5.1312;0;0;-1
0;727;15.7995;-64.4113;16.3819;8.5;2572.44;5.11093;0;0;0.1;0.01;0;4.94344;1;0;-1
0;728;16.024;-50.085;18.3041;9.61978;3728.93;5.78423;0;0;0.1;0.01;0;5.55484;0;0;-1
0;729;18.9312;-33.9803;18.1036;8.5;2572.44;5.11093;0;0;0.1;0.01;0;4.31571;1;0;-1
0;730;18.3565;-17.0116;17.3437;9.30503;3374.75;5.59498;0;0;0.1;0.01;0;5.77378;0;0;-1
0;731;17.4624;2.7177;18.4889;8.54447;2613.03;5.13767;0;0;0.1;0.01;0;4.73888;0;0;-1
0;732;16.577;21.1387;16.2196;9.14026;3198.63;5.49591;0;0;0.1;0.01;0;6.27641;0;0;-1
0;733;16.5114;37.0701;17.4437;8.88866;2941.69;5.34462;0;0;0.1;0.01;0;5.88779;0;0;-1
0;734;19.6678;52.9287;17.6961;8.85858;2911.93;5.32654;0;0;0.1;0.01;0;5.1682;0;0;-1
0;735;16.4135;69.7753;17.391;8.51644;2587.4;5.12081;0;0;0.1;0.01;0;5.15707;0;0;-1
0;736;17.9142;85.6747;16.4548;9.17315;3233.29;5.51568;0;0;0.1;0.01;0;3.5674;0;0;-1
0;737;33.1742;-92.4887;15.937;9.05955;3114.64;5.44738;0;0;0.1;0.01;0;1.68884;0;0;-1
0;738;33.7902;-73.7668;16.1;9.51316;3606.31;5.72013;0;0;0.1;0.01;0;5.47692;0;0;-1
0;739;33.1764;-55.2465;18.0189;9.15668;3215.9;5.50578;0;0;0.1;0.01;0;4.542;0;0;-1
0;740;33.6489;-39.0268;18.0737;8.5;2572.44;5.11093;0;0;0.1;0.01;0;5.33054;1;0;-1
0;741;31.4388;-24.4837;16.3354;9.37929;3456.2;5.63963;0;0;0.1;0.01;0;6.48307;0;0;-1
0;742;30.7134;-8.06055;18.5996;9.30862;3378.66;5.59714;0;0;0.1;0.01;0;5.49823;0;0;-1
0;743;30.5311;11.5659;17.0175;8.87722;2930.35;5.33774;0;0;0.1;0.01;0;5.13337;0;0;-1
0;744;32.0942;26.8752;16.7696;8.78131;2836.39;5.28007;0;0;0.1;0.01;0;5.40237;0;0;-1
0;745;33.2143;45.7706;16.5264;8.5;2572.44;5.11093;0;0;0.1;0.01;0;5.28905;1;0;-1
0;746;30.4883;63.4359;19.4765;9.08213;3137.99;5.46095;0;0;0.1;0.01;0;6.81766;0;0;-1
0;747;30.6495;77.8121;17.852;9.25776;3323.58;5.56656;0;0;0.1;0.01;0;5.1854;0;0;-1
0;748;45.312;-81.2471;16.09;9.99665;4184.58;6.01084;0;0;0.1;0.01;0;4.70821;0;0;-1
0;749;48.9064;-67.6404;17.006;8.61752;2680.62;5.18159;0;0;0.1;0.01;0;5.08317;0;0;-1
0;750;47.5124;-48.1666;18.598;8.5;2572.44;5.11093;0;0;0.1;0.01;0;4.60312;1;0;-1
0;751;46.7617;-31.8964;16.6154;9.52674;3621.78;5.72829;0;0;0.1;0.01;0;6.82855;0;0;-1
0;752;46.3602;-15.3187;17.5049;9.96599;4146.2;5.99241;0;0;0.1;0.01;0;6.40205;0;0;-1
0;753;46.2052;4.39542;19.4779;9.61473;3723.06;5.7812;0;0;0.1;0.01;0;5.43006;0;0;-1
0;754;48.7896;20.4695;17.3371;9.77667;3914.37;5.87857;0;0;0.1;0.01;0;6.22902;0;0;-1
0;755;46.8607;34.876;18.9814;8.5;2572.44;5.11093;0;0;0.1;0.01;0;5.2357;1;0;-1
0;756;45.0833;54.0898;16.5892;10.1386;4365.39;6.09619;0;0;0.1;0.01;0;6.57528;0;0;-1
0;757;46.977;68.9758;17.7829;8.7934;2848.13;5.28734;0;0;0.1;0.01;0;5.04463;0;0;-1
0;758;45.9424;86.0511;19.6726;8.5;2572.44;5.11093;0;0;0.1;0.01;0;1.28194;1;0;-1
0;759;61.2215;-75.4431;17.4904;9.74749;3879.42;5.86102;0;0;0.1;0.01;0;2.82231;0;0;-1
0;760;62.3033;-57.9561;18.1595;8.5;2572.44;5.11093;0;0;0.1;0.01;0;4.94849;1;0;-1
0;761;62.5605;-38.7122;16.703;10.097;4311.87;6.07118;0;0;0.1;0.01;0;7.49595;0;0;-1
0;762;60.4227;-24.2778;16.5111;9.90118;4065.83;5.95344;0;0;0.1;0.01;0;7.54615;0;0;-1
0;763;60.3785;-7.40162;16.7517;8.93108;2984.01;5.37013;0;0;0.1;0.01;0;4.81108;0;0;-1
0;764;62.4592;10.6009;16.9684;9.45392;3539.36;5.6845;0;0;0.1;0.01;0;5.77875;0;0;-1
0;765;61.6866;28.5329;16.4749;10.2254;4478.47;6.14838;0;0;0.1;0.01;0;7.22241;0;0;-1
0;766;61.8661;45.2111;19.0364;8.67367;2733.36;5.21535;0;0;0.1;0.01;0;6.08004;0;0;-1
0;767;62.2911;63.6353;19.0456;10.0225;4217.13;6.02638;0;0;0.1;0.01;0;4.83365;0;0;-1
0;768;75.9055;-50.2092;19.5062;8.70096;2759.24;5.23176;0;0;0.1;0.01;0;3.01388;0;0;-1
0;769;76.0475;-33.4795;18.3422;10.0886;4301.12;6.06613;0;0;0.1;0.01;0;6.13412;0;0;-1
0;770;77.6162;-16.9567;16.7425;8.5;2572.44;5.11093;0;0;0.1;0.01;0;4.96335;1;0;-1
0;771;74.8831;0.85053;19.4108;8.71841;2775.88;5.24225;0;0;0.1;0.01;0;4.44605;0;0;-1
0;772;76.4902;20.1067;16.1851;9.82373;3971.16;5.90687;0;0;0.1;0.01;0;6.53751;0;0;-1
0;773;74.8181;37.9204;19.0709;10.3722;4674.14;6.23665;0;0;0.1;0.01;0;6.73574;0;0;-1
0;774;76.5245;52.4251;18.7593;8.77615;2831.4;5.27697;0;0;0.1;0.01;0;4.5795;0;0;-1
0;775;91.5323;-22.0692;18.6389;9.7875;3927.39;5.88508;0;0;0.1;0.01;0;4.34424;0;0;-1
0;776;92.7451;-7.35878;19.9342;8.5;2572.44;5.11093;0;0;0.1;0.01;0;2.6201;1;0;-1
0;777;91.6976;9.32403;16.2195;9.05672;3111.73;5.44567;0;0;0.1;0.01;0;2.52761;0;0;-1
0;778;89.4701;26.8419;17.3912;9.35384;3428.14;5.62433;0;0;0.1;0.01;0;4.07862;0;0;-1
0;779;-93.5892;2.41393;34.5697;8.55786;2625.33;5.14572;0;0;0.1;0.01;0;2.84346;0;0;-1
0;780;-82.0386;-39.7095;31.6322;9.85962;4014.85;5.92845;0;0;0.1;0.01;0;3.15508;0;0;-1
0;781;-79.686;-25.088;32.4556;9.32437;3395.84;5.60661;0;0;0.1;0.01;0;4.25158;0;0;-1
0;782;-79.0013;-6.09055;34.0246;9.22038;3283.49;5.54408;0;0;0.1;0.01;0;5.97699;0;0;-1
0;783;-80.1794;10.0448;31.8131;8.73128;2788.19;5.24999;0;0;0.1;0.01;0;4.89321;0;0;-1
0;784;-82.7022;25.8724;30.9229;9.40262;3482.05;5.65366;0;0;0.1;0.01;0;2.74765;0;0;-1
0;785;-79.9036;46.0356;31.3475;8.54151;2610.31;5.13589;0;0;0.1;0.01;0;2.20451;0;0;-1
0;786;-65.9558;-66.8903;33.9543;9.46889;3556.2;5.69351;0;0;0.1;0.01;0;3.41873;0;0;-1
0;787;-66.6294;-47.6752;32.2393;9.70994;3834.76;5.83845;0;0;0.1;0.01;0;4.79022;0;0;-1
0;788;-64.3031;-30.7685;34.2059;9.95636;4134.19;5.98661;0;0;0.1;0.01;0;6.55657;0;0;-1
0;789;-66.7733;-15.5673;31.0174;8.5;2572.44;5.11093;0;0;0.1;0.01;0;5.9526;1;0;-1
0;790;-65.6104;0.0144438;34.1248;8.9441;2997.08;5.37796;0;0;0.1;0.01;0;5.98495;0;0;-1
0;791;-66.5522;18.1282;33.8935;8.5;2572.44;5.11093;0;0;0.1;0.01;0;4.42933;1;0;-1
0;792;-64.4066;35.1699;31.6583;8.58667;2651.94;5.16304;0;0;0.1;0.01;0;4.16499;0;0;-1
0;793;-66.8398;53.057;33.2036;9.91933;4088.23;5.96435;0;0;0.1;0.01;0;3.57453;0;0;-1
0;794;-53.1848;-73.3263;30.6198;10.1149;4334.84;6.08194;0;0;0.1;0.01;0;4.85167;0;0;-1
0;795;-50.1871;-58.7179;30.9861;9.48167;3570.62;5.70119;0;0;0.1;0.01;0;6.0255;0;0;-1
0;796;-49.8366;-38.4019;31.6511;9.72083;3847.68;5.84499;0;0;0.1;0.01;0;6.12851;0;0;-1
0;797;-52.8036;-21.295;31.1202;8.5;2572.44;5.11093;0;0;0.1;0.01;0;4.91611;1;0;-1
0;798;-52.7053;-7.29034;34.1944;9.66627;3783.25;5.81219;0;0;0.1;0.01;0;4.47788;0;0;-1
0;799;-51.6657;11.8745;31.7848;8.5;2572.44;5.11093;0;0;0.1;0.01;0;4.1608;1;0;-1
0;800;-50.7113;29.4032;32.6085;8.5;2572.44;5.11093;0;0;0.1;0.01;0;5.2383;1;0;-1
0;801;-52.7792;43.3439;33.1271;8.5;2572.44;5.11093;0;0;0.1;0.01;0;5.24149;1;0;-1
0;802;-51.6449;60.0674;33.9763;8.5;2572.44;5.11093;0;0;0.1;0.01;0;4.23915;1;0;-1
0;803;-35.6413;-85.397;34.2835;10.1766;4414.65;6.11904;0;0;0.1;0.01;0;3.63684;0;0;-1
0;804;-37.9984;-66.3756;31.2833;8.5;2572.44;5.11093;0;0;0.1;0.01;0;4.55948;1;0;-1
0;805;-37.947;-47.2942;33.1266;9.74583;3877.44;5.86003;0;0;0.1;0.01;0;5.96489;0;0;-1
0;806;-34.4743;-33.0305;33.027;10.2533;4515.23;6.16516;0;0;0.1;0.01;0;6.52137;0;0;-1
0;807;-35.1752;-16.2803;32.7171;8.8572;2910.57;5.32571;0;0;0.1;0.01;0;4.13025;0;0;-1
0;808;-35.335;2.97988;32.3045;8.80953;2863.83;5.29704;0;0;0.1;0.01;0;4.53365;0;0;-1
0;809;-38.3036;17.6732;32.7573;8.96634;3019.49;5.39133;0;0;0.1;0.01;0;4.90304;0;0;-1
0;810;-36.9777;37.942;31.6603;9.65063;3764.92;5.80278;0;0;0.1;0.01;0;6.08315;0;0;-1
0;811;-36.843;52.4709;32.4198;8.9865;3039.91;5.40345;0;0;0.1;0.01;0;5.2239;0;0;-1
0;812;-37.9047;69.1956;32.1211;8.5;2572.44;5.11093;0;0;0.1;0.01;0;3.35768;1;0;-1
0;813;-20.965;-91.0276;34.0196;9.86408;4020.3;5.93113;0;0;0.1;0.01;0;3.76569;0;0;-1
0;814;-22.9238;-74.3035;32.2301;8.5;2572.44;5.11093;0;0;0.1;0.01;0;5.12094;1;0;-1
0;815;-22.8407;-57.0536;34.4187;8.61747;2680.57;5.18156;0;0;0.1;0.01;0;4.58464;0;0;-1
0;816;-21.8607;-42.7421;31.8906;8.61331;2676.69;5.17906;0;0;0.1;0.01;0;5.67929;0;0;-1
0;817;-20.4349;-21.6649;31.3849;8.5;2572.44;5.11093;0;0;0.1;0.01;0;3.96015;1;0;-1
0;818;-20.9557;-4.7577;34.0492;9.37895;3455.82;5.63943;0;0;0.1;0.01;0;5.90042;0;0;-1
0;819;-21.7903;11.1925;31.6463;8.93559;2988.53;5.37284;0;0;0.1;0.01;0;5.87681;0;0;-1
0;820;-22.9982;29.3677;33.7814;9.49202;3582.32;5.70741;0;0;0.1;0.01;0;5.55522;0;0;-1
0;821;-20.7374;44.2988;33.8136;9.19925;3260.96;5.53138;0;0;0.1;0.01;0;6.29419;0;0;-1
0;822;-20.4341;59.7004;30.98;8.65751;2718.11;5.20564;0;0;0.1;0.01;0;5.1207;0;0;-1
0;823;-21.7708;76.7138;32.676;10.0526;4255.24;6.04448;0;0;0.1;0.01;0;4.73925;0;0;-1
0;824;-6.81836;-81.4827;33.0086;10.2345;4490.44;6.15386;0;0;0.1;0.01;0;5.73734;0;0;-1
0;825;-7.58392;-65.8501;32.0409;9.11861;3175.96;5.48289;0;0;0.1;0.01;0;4.85312;0;0;-1
0;826;-8.80962;-46.9402;30.7949;9.1191;3176.47;5.48318;0;0;0.1;0.01;0;5.14963;0;0;-1
0;827;-5.46297;-32.6298;31.175;8.5;2572.44;5.11093;0;0;0.1;0.01;0;4.74348;1;0;-1
0;828;-8.8435;-13.1779;31.5894;10.4144;4731.42;6.26203;0;0;0.1;0.01;0;6.59175;0;0;-1
0;829;-7.46539;3.47722;31.9471;9.30981;3379.96;5.59785;0;0;0.1;0.01;0;6.08483;0;0;-1
0;830;-6.8554;21.0009;33.6319;10.0649;4270.88;6.05188;0;0;0.1;0.01;0;5.67561;0;0;-1
0;831;-7.47824;37.7953;34.0853;9.13604;3194.2;5.49337;0;0;0.1;0.01;0;6.14277;0;0;-1
0;832;-5.84986;51.7214;33.6912;8.5;2572.44;5.11093;0;0;0.1;0.01;0;5.49198;1;0;-1
0;833;-7.2006;69.7852;32.3999;8.73803;2794.66;5.25405;0;0;0.1;0.01;0;4.34891;0;0;-1
0;834;-6.78173;88.649;31.1337;8.56897;2635.57;5.1524;0;0;0.1;0.01;0;2.16783;0;0;-1
0;835;8.24928;-89.4368;34.6654;8.757;2812.9;5.26546;0;0;0.1;0.01;0;3.1831;0;0;-1
0;836;7.7033;-74.4738;32.4945;10.4534;4784.77;6.28548;0;0;0.1;0.01;0;7.03364;0;0;-1
0;837;6.34229;-58.9453;31.8183;8.79873;2853.31;5.29055;0;0;0.1;0.01;0;5.10328;0;0;-1
0;838;8.48808;-42.9131;33.1986;10.0561;4259.68;6.04659;0;0;0.1;0.01;0;6.75191;0;0;-1
0;839;6.86427;-23.8876;32.7516;8.90408;2957.03;5.35389;0;0;0.1;0.01;0;4.87891;0;0;-1
0;840;7.21212;-6.04694;33.7279;9.87605;4034.95;5.93833;0;0;0.1;0.01;0;6.05115;0;0;-1
0;841;5.65037;8.79202;34.382;9.10205;3158.68;5.47293;0;0;0.1;0.01;0;4.74214;0;0;-1
0;842;8.34017;27.8213;31.0457;9.25309;3318.55;5.56375;0;0;0.1;0.01;0;5.15909;0;0;-1
0;843;6.79256;42.8943;30.5906;10.1876;4428.99;6.12566;0;0;0.1;0.01;0;6.42101;0;0;-1
0;844;8.63903;61.5714;30.9033;8.68436;2743.48;5.22178;0;0;0.1;0.01;0;4.7571;0;0;-1
0;845;9.1217;78.9359;31.9023;9.46328;3549.88;5.69013;0;0;0.1;0.01;0;4.70557;0;0;-1
0;846;23.1426;-82.6663;33.8578;9.93443;4106.93;5.97343;0;0;0.1;0.01;0;4.76561;0;0;-1
0;847;22.6474;-67.9642;33.0076;9.85623;4010.71;5.92641;0;0;0.1;0.01;0;5.4032;0;0;-1
0;848;23.8682;-47.7339;33.3863;8.90151;2954.47;5.35235;0;0;0.1;0.01;0;5.89661;0;0;-1
0;849;21.1358;-32.2902;32.4704;10.1635;4397.63;6.11117;0;0;0.1;0.01;0;7.03977;0;0;-1
0;850;22.1168;-14.0041;32.2131;10.1553;4386.99;6.10623;0;0;0.1;0.01;0;6.79636;0;0;-1
0;851;22.3361;0.480236;30.9393;8.92445;2977.37;5.36614;0;0;0.1;0.01;0;5.128;0;0;-1
0;852;23.006;19.3382;30.4843;9.06881;3124.2;5.45294;0;0;0.1;0.01;0;4.8235;0;0;-1
0;853;22.1093;37.5576;33.9903;9.3486;3422.38;5.62118;0;0;0.1;0.01;0;5.73873;0;0;-1
0;854;23.7931;51.3887;32.5731;9.90615;4071.96;5.95642;0;0;0.1;0.01;0;6.81452;0;0;-1
0;855;22.3301;68.7592;31.0011;8.75237;2808.44;5.26267;0;0;0.1;0.01;0;5.90446;0;0;-1
0;856;20.8557;89.3908;34.2275;9.34689;3420.5;5.62015;0;0;0.1;0.01;0;1.60249;0;0;-1
0;857;35.7831;-74.7235;32.7948;8.5;2572.44;5.11093;0;0;0.1;0.01;0;3.42665;1;0;-1
0;858;37.1871;-55.0854;32.839;9.55435;3653.36;5.74489;0;0;0.1;0.01;0;5.7625;0;0;-1
0;859;35.5753;-38.417;30.8871;8.5;2572.44;5.11093;0;0;0.1;0.01;0;5.31007;1;0;-1
0;860;37.4993;-21.9811;32.1844;8.5;2572.44;5.11093;0;0;0.1;0.01;0;4.75565;1;0;-1
0;861;35.8984;-4.81306;33.2063;9.17157;3231.62;5.51473;0;0;0.1;0.01;0;5.72584;0;0;-1
0;862;38.7412;9.35204;32.4872;8.59517;2659.82;5.16815;0;0;0.1;0.01;0;4.91342;0;0;-1
0;863;38.1014;25.563;32.9994;9.81869;3965.06;5.90384;0;0;0.1;0.01;0;5.5935;0;0;-1
0;864;38.3477;43.1648;33.0926;9.76301;3897.98;5.87036;0;0;0.1;0.01;0;6.01983;0;0;-1
0;865;35.3788;61.8618;33.7053;9.76121;3895.83;5.86927;0;0;0.1;0.01;0;6.62571;0;0;-1
0;866;36.8576;77.2498;32.1628;10.0224;4217;6.02632;0;0;0.1;0.01;0;5.23745;0;0;-1
0;867;52.8298;-64.6649;31.9418;9.06145;3116.6;5.44852;0;0;0.1;0.01;0;3.97335;0;0;-1
0;868;53.1653;-49.3374;32.1273;9.43641;3519.73;5.67398;0;0;0.1;0.01;0;5.65725;0;0;-1
0;869;52.0677;-33.3886;32.4054;9.52844;3623.71;5.72931;0;0;0.1;0.01;0;6.14081;0;0;-1
0;870;51.5474;-17.318;31.5971;9.93219;4104.15;5.97208;0;0;0.1;0.01;0;6.3201;0;0;-1
0;871;53.2116;0.91528;33.8725;10.0205;4214.6;6.02518;0;0;0.1;0.01;0;6.86626;0;0;-1
0;872;52.4642;17.824;33.3911;8.9672;3020.36;5.39185;0;0;0.1;0.01;0;6.01424;0;0;-1
0;873;53.4729;38.15;32.2373;8.9671;3020.26;5.39179;0;0;0.1;0.01;0;6.0354;0;0;-1
0;874;53.2653;53.1796;33.3257;9.60563;3712.5;5.77573;0;0;0.1;0.01;0;6.96853;0;0;-1
0;875;51.425;68.3336;32.4179;9.14929;3208.12;5.50134;0;0;0.1;0.01;0;4.86752;0;0;-1
0;876;67.2602;-58.0725;32.4255;8.83388;2887.64;5.31168;0;0;0.1;0.01;0;3.29152;0;0;-1
0;877;67.6938;-38.6041;31.5477;9.31078;3381.01;5.59844;0;0;0.1;0.01;0;5.3458;0;0;-1
0;878;66.3895;-21.8136;31.9657;9.12977;3187.63;5.4896;0;0;0.1;0.01;0;5.27219;0;0;-1
0;879;66.9436;-4.76706;32.6261;9.85842;4013.38;5.92772;0;0;0.1;0.01;0;5.72565;0;0;-1
0;880;67.2106;10.3591;32.9758;8.94914;3002.15;5.38099;0;0;0.1;0.01;0;6.55057;0;0;-1
0;881;66.2144;28.0147;33.7853;8.61621;2679.4;5.1808;0;0;0.1;0.01;0;5.82172;0;0;-1
0;882;67.3144;45.6439;31.087;9.11558;3172.79;5.48107;0;0;0.1;0.01;0;6.46703;0;0;-1
0;883;67.0156;59.5013;32.0752;9.87652;4035.53;5.93861;0;0;0.1;0.01;0;4.754;0;0;-1
0;884;79.943;-30.2564;33.83;9.91075;4077.63;5.95919;0;0;0.1;0.01;0;4.39881;0;0;-1
0;885;80.1744;-15.9655;30.7232;8.8039;2858.34;5.29366;0;0;0.1;0.01;0;4.50682;0;0;-1
0;886;79.6589;3.68772;33.551;10.0827;4293.58;6.06258;0;0;0.1;0.01;0;4.94789;0;0;-1
0;887;80.7147;19.7025;34.1935;8.73611;2792.82;5.2529;0;0;0.1;0.01;0;3.84835;0;0;-1
0;888;80.5446;33.6389;31.9219;8.98096;3034.29;5.40012;0;0;0.1;0.01;0;4.25675;0;0;-1
0;889;-86.3534;-6.44468;47.2329;9.7781;3916.08;5.87943;0;0;0.1;0.01;0;3.24531;0;0;-1
0;890;-85.6615;9.85667;47.7981;10.4049;4718.48;6.25632;0;0;0.1;0.01;0;3.02237;0;0;-1
0;891;-69.0174;-49.9816;48.7949;10.4318;4755.17;6.27249;0;0;0.1;0.01;0;2.8814;0;0;-1
0;892;-69.3948;-33.7444;47.9884;8.5;2572.44;5.11093;0;0;0.1;0.01;0;4.09317;1;0;-1
0;893;-69.3653;-13.3665;47.6964;9.91875;4087.52;5.964;0;0;0.1;0.01;0;5.72635;0;0;-1
0;894;-71.5159;0.839918;46.7803;8.91111;2964.04;5.35812;0;0;0.1;0.01;0;5.62298;0;0;-1
0;895;-68.5655;18.0368;47.0523;8.75571;2811.66;5.26468;0;0;0.1;0.01;0;3.93437;0;0;-1
0;896;-70.5802;36.4596;49.3679;9.25688;3322.63;5.56603;0;0;0.1;0.01;0;1.72358;0;0;-1
0;897;-56.6398;-59.6053;46.1504;8.92538;2978.3;5.3667;0;0;0.1;0.01;0;4.10126;0;0;-1
0;898;-57.0602;-39.1347;47.6049;9.30218;3371.65;5.59327;0;0;0.1;0.01;0;5.77778;0;0;-1
0;899;-57.0476;-23.2639;47.2616;8.5;2572.44;5.11093;0;0;0.1;0.01;0;5.45266;1;0;-1
0;900;-56.8229;-6.91243;48.8085;9.56046;3660.37;5.74857;0;0;0.1;0.01;0;5.9068;0;0;-1
0;901;-54.5986;12.7546;45.9814;8.6949;2753.48;5.22812;0;0;0.1;0.01;0;4.42172;0;0;-1
0;902;-57.7002;29.7419;45.9848;8.5;2572.44;5.11093;0;0;0.1;0.01;0;4.65676;1;0;-1
0;903;-56.3031;45.9444;47.0306;8.5;2572.44;5.11093;0;0;0.1;0.01;0;4.46078;1;0;-1
0;904;-54.4394;61.2966;46.4129;8.73256;2789.42;5.25076;0;0;0.1;0.01;0;3.50121;0;0;-1
0;905;-40.6541;-64.3878;45.8776;8.77308;2828.43;5.27513;0;0;0.1;0.01;0;3.6634;0;0;-1
0;906;-40.4034;-50.5788;48.2062;9.14813;3206.9;5.50064;0;0;0.1;0.01;0;5.15918;0;0;-1
0;907;-43.2001;-30.071;46.0962;10.1709;4407.24;6.11561;0;0;0.1;0.01;0;6.05366;0;0;-1
0;908;-41.51;-14.2956;49.0754;8.5;2572.44;5.11093;0;0;0.1;0.01;0;4.98947;1;0;-1
0;909;-41.6448;0.771354;49.2647;8.65928;2719.78;5.2067;0;0;0.1;0.01;0;4.60177;0;0;-1
0;910;-42.096;16.7769;48.269;10.2808;4551.66;6.1817;0;0;0.1;0.01;0;5.92371;0;0;-1
0;911;-42.3273;35.875;45.2272;8.59133;2656.26;5.16584;0;0;0.1;0.01;0;4.94965;0;0;-1
0;912;-41.2204;53.2382;48.9024;10.1348;4360.48;6.09391;0;0;0.1;0.01;0;6.53651;0;0;-1
0;913;-42.487;69.7204;48.0974;9.85071;4003.97;5.92309;0;0;0.1;0.01;0;4.23783;0;0;-1
0;914;-27.8284;-76.7442;46.7409;9.0812;3137.03;5.46039;0;0;0.1;0.01;0;2.96193;0;0;-1
0;915;-26.1697;-55.504;48.3158;8.59395;2658.69;5.16742;0;0;0.1;0.01;0;5.9955;0;0;-1
0;916;-27.6847;-41.4888;46.53;9.63897;3751.29;5.79577;0;0;0.1;0.01;0;7.57698;0;0;-1
0;917;-28.0314;-24.2581;49.4364;8.5;2572.44;5.11093;0;0;0.1;0.01;0;4.80566;1;0;-1
0;918;-25.7052;-8.79271;47.3254;8.5;2572.44;5.11093;0;0;0.1;0.01;0;4.63674;1;0;-1
0;919;-26.6751;12.0309;46.5379;9.92574;4096.16;5.9682;0;0;0.1;0.01;0;5.77941;0;0;-1
0;920;-26.9572;29.5827;48.5532;10.2075;4454.99;6.13762;0;0;0.1;0.01;0;7.06405;0;0;-1
0;921;-26.3533;45.1518;48.8389;9.22863;3292.31;5.54904;0;0;0.1;0.01;0;6.11773;0;0;-1
0;922;-25.8935;60.8805;46.5175;10.3198;4603.65;6.20515;0;0;0.1;0.01;0;6.87258;0;0;-1
0;923;-25.5694;79.3364;48.5005;9.1597;3219.08;5.50759;0;0;0.1;0.01;0;3.17629;0;0;-1
0;924;-12.3643;-80.789;46.0151;8.874;2927.16;5.33581;0;0;0.1;0.01;0;3.07125;0;0;-1
0;925;-11.8843;-64.6884;47.9606;8.62741;2689.86;5.18754;0;0;0.1;0.01;0;4.45557;0;0;-1
0;926;-13.4922;-47.973;46.571;10.3686;4669.27;6.23449;0;0;0.1;0.01;0;7.51958;0;0;-1
0;927;-12.695;-33.5667;49.1077;10.005;4195.08;6.01586;0;0;0.1;0.01;0;5.88231;0;0;-1
0;928;-11.4127;-13.8835;48.6901;9.93402;4106.42;5.97318;0;0;0.1;0.01;0;6.77111;0;0;-1
0;929;-11.0351;0.26724;46.1076;9.49154;3581.78;5.70713;0;0;0.1;0.01;0;6.64931;0;0;-1
0;930;-13.1751;19.5127;47.863;10.0132;4205.4;6.02079;0;0;0.1;0.01;0;6.25853;0;0;-1
0;931;-11.2554;37.094;49.0584;8.84922;2902.71;5.32091;0;0;0.1;0.01;0;6.45138;0;0;-1
0;932;-12.1995;52.5432;48.7886;9.02879;3083.03;5.42888;0;0;0.1;0.01;0;7.20792;0;0;-1
0;933;-11.75;69.7932;48.0773;10.1432;4371.33;6.09896;0;0;0.1;0.01;0;5.8668;0;0;-1
0;934;-12.8163;86.615;47.992;8.5;2572.44;5.11093;0;0;0.1;0.01;0;1.6665;1;0;-1
0;935;2.05768;-73.1376;45.8819;8.5;2572.44;5.11093;0;0;0.1;0.01;0;4.91339;1;0;-1
0;936;1.61472;-59.4366;46.6173;8.99434;3047.87;5.40817;0;0;0.1;0.01;0;5.60989;0;0;-1
0;937;2.35538;-42.2793;46.9604;9.40872;3488.83;5.65733;0;0;0.1;0.01;0;5.65171;0;0;-1
0;938;1.44492;-22.4097;48.5056;9.3869;3464.62;5.64421;0;0;0.1;0.01;0;5.82048;0;0;-1
0;939;4.3098;-5.38649;49.0484;9.50215;3593.8;5.7135;0;0;0.1;0.01;0;6.81231;0;0;-1
0;940;3.22334;8.86706;49.2351;9.40384;3483.41;5.65439;0;0;0.1;0.01;0;5.8084;0;0;-1
0;941;1.82376;29.6344;47.3259;8.5;2572.44;5.11093;0;0;0.1;0.01;0;5.0498;1;0;-1
0;942;1.08185;45.543;47.5978;8.53776;2606.88;5.13363;0;0;0.1;0.01;0;6.17272;0;0;-1
0;943;1.49006;60.6201;45.6707;9.03964;3094.15;5.4354;0;0;0.1;0.01;0;5.43633;0;0;-1
0;944;4.93375;79.7288;48.6577;10.1102;4328.8;6.07912;0;0;0.1;0.01;0;3.00509;0;0;-1
0;945;18.9264;-84.4769;48.8914;8.82496;2878.9;5.30632;0;0;0.1;0.01;0;1.95379;0;0;-1
0;946;18.2796;-65.9308;46.7131;9.13393;3191.99;5.4921;0;0;0.1;0.01;0;4.69416;0;0;-1
0;947;16.9278;-49.4135;46.2842;8.5;2572.44;5.11093;0;0;0.1;0.01;0;4.61416;1;0;-1
0;948;19.3968;-34.3997;45.9335;10.2763;4545.68;6.17899;0;0;0.1;0.01;0;6.5679;0;0;-1
0;949;16.1476;-14.8602;48.4584;9.22523;3288.67;5.547;0;0;0.1;0.01;0;6.34128;0;0;-1
0;950;18.7786;1.80708;48.5152;8.50641;2578.26;5.11478;0;0;0.1;0.01;0;5.65868;0;0;-1
0;951;17.3925;17.4872;46.7738;9.55479;3653.86;5.74516;0;0;0.1;0.01;0;5.23461;0;0;-1
0;952;16.0259;36.3981;49.0178;8.5;2572.44;5.11093;0;0;0.1;0.01;0;4.95209;1;0;-1
0;953;19.2423;50.8474;45.5615;9.03341;3087.76;5.43166;0;0;0.1;0.01;0;5.11308;0;0;-1
0;954;17.4139;71.0961;46.7988;9.52319;3617.73;5.72616;0;0;0.1;0.01;0;4.54334;0;0;-1
0;955;33.2085;-74.2729;48.7916;8.9766;3029.87;5.3975;0;0;0.1;0.01;0;3.24418;0;0;-1
0;956;33.1112;-57.1353;47.8279;9.60965;3717.16;5.77814;0;0;0.1;0.01;0;6.04711;0;0;-1
0;957;33.4764;-39.2143;45.8174;9.85133;4004.73;5.92346;0;0;0.1;0.01;0;6.54202;0;0;-1
0;958;30.7957;-22.5143;46.1716;9.98303;4167.5;6.00265;0;0;0.1;0.01;0;6.38911;0;0;-1
0;959;31.9848;-5.04278;47.7727;9.48791;3577.67;5.70494;0;0;0.1;0.01;0;5.8339;0;0;-1
0;960;33.2576;12.0653;47.637;9.44032;3524.1;5.67633;0;0;0.1;0.01;0;5.47899;0;0;-1
0;961;30.6867;25.7856;46.9802;9.75134;3884.02;5.86334;0;0;0.1;0.01;0;6.52913;0;0;-1
0;962;32.7085;43.2055;48.5134;8.95476;3007.81;5.38437;0;0;0.1;0.01;0;6.11741;0;0;-1
0;963;31.8854;59.327;48.6157;9.99243;4179.28;6.0083;0;0;0.1;0.01;0;6.93183;0;0;-1
0;964;30.9328;76.2485;47.6989;9.44588;3530.33;5.67967;0;0;0.1;0.01;0;4.12669;0;0;-1
0;965;45.9651;-63.7003;46.568;8.50235;2574.57;5.11234;0;0;0.1;0.01;0;3.31065;0;0;-1
0;966;46.1778;-47.474;47.5742;10.2055;4452.37;6.13642;0;0;0.1;0.01;0;6.42974;0;0;-1
0;967;47.6503;-31.4613;46.2928;8.5;2572.44;5.11093;0;0;0.1;0.01;0;5.04422;1;0;-1
0;968;45.2279;-13.9421;49.0315;9.26855;3335.22;5.57304;0;0;0.1;0.01;0;5.88851;0;0;-1
0;969;45.8982;-0.222495;45.3752;8.5;2572.44;5.11093;0;0;0.1;0.01;0;5.34594;1;0;-1
0;970;47.7145;20.7861;46.8818;10.0206;4214.73;6.02524;0;0;0.1;0.01;0;7.16739;0;0;-1
0;971;45.3014;36.6191;48.5875;9.44979;3534.72;5.68202;0;0;0.1;0.01;0;6.80034;0;0;-1
0;972;46.4696;54.7708;49.1054;9.69619;3818.49;5.83018;0;0;0.1;0.01;0;5.88031;0;0;-1
0;973;45.6641;72.0088;48.4212;9.86394;4020.13;5.93104;0;0;0.1;0.01;0;3.34128;0;0;-1
0;974;63.7015;-58.7694;46.4792;8.74716;2803.43;5.25954;0;0;0.1;0.01;0;2.38457;0;0;-1
0;975;62.0122;-42.376;47.6449;9.36522;3440.67;5.63117;0;0;0.1;0.01;0;5.0489;0;0;-1
0;976;59.892;-24.0716;48.5206;8.5;2572.44;5.11093;0;0;0.1;0.01;0;4.86;1;0;-1
0;977;63.6094;-8.70246;46.8148;10.1425;4370.42;6.09854;0;0;0.1;0.01;0;6.67291;0;0;-1
0;978;60.6653;8.13351;47.152;9.86993;4027.46;5.93465;0;0;0.1;0.01;0;6.38244;0;0;-1
0;979;61.5236;26.8091;46.1109;9.90075;4065.3;5.95318;0;0;0.1;0.01;0;6.42632;0;0;-1
0;980;60.1722;43.6478;46.0433;10.1384;4365.13;6.09607;0;0;0.1;0.01;0;6.24346;0;0;-1
0;981;61.1706;60.9989;46.9947;9.12844;3186.24;5.4888;0;0;0.1;0.01;0;3.75971;0;0;-1
0;982;77.2998;-30.3683;48.6443;8.61289;2676.3;5.17881;0;0;0.1;0.01;0;2.62141;0;0;-1
0;983;77.134;-17.0985;47.7298;8.5;2572.44;5.11093;0;0;0.1;0.01;0;3.16132;1;0;-1
0;984;75.5663;1.83048;46.5532;9.84126;3992.46;5.91741;0;0;0.1;0.01;0;5.04732;0;0;-1
0;985;78.6906;17.3403;48.8033;10.0526;4255.24;6.04448;0;0;0.1;0.01;0;4.18505;0;0;-1
0;986;75.2837;34.6963;45.9208;10.2898;4563.62;6.18711;0;0;0.1;0.01;0;4.4073;0;0;-1
0;987;-65.6092;-30.2867;62.2594;8.57744;2643.39;5.15749;0;0;0.1;0.01;0;3.43947;0;0;-1
0;988;-66.5714;-15.4219;63.5487;8.87947;2932.58;5.3391;0;0;0.1;0.01;0;3.54281;0;0;-1
0;989;-66.6919;0.546296;61.3313;8.52153;2592.04;5.12387;0;0;0.1;0.01;0;3.48183;0;0;-1
0;990;-66.1501;19.5138;63.9354;9.60852;3715.85;5.77746;0;0;0.1;0.01;0;3.35568;0;0;-1
0;991;-51.8152;-58.4754;60.4509;9.06277;3117.97;5.44931;0;0;0.1;0.01;0;2.13868;0;0;-1
0;992;-51.4194;-38.7582;63.6245;10.4312;4754.35;6.27213;0;0;0.1;0.01;0;5.19824;0;0;-1
0;993;-50.7462;-24.503;63.3061;8.99047;3043.94;5.40584;0;0;0.1;0.01;0;6.4134;0;0;-1
0;994;-52.7038;-8.79057;61.337;8.75928;2815.1;5.26683;0;0;0.1;0.01;0;4.57511;0;0;-1
0;995;-53.489;10.3284;61.6456;10.3467;4639.75;6.22132;0;0;0.1;0.01;0;5.60348;0;0;-1
0;996;-53.0245;27.1221;62.1135;8.5119;2583.26;5.11808;0;0;0.1;0.01;0;4.04313;0;0;-1
0;997;-51.7531;46.5215;61.8021;9.49673;3587.66;5.71025;0;0;0.1;0.01;0;3.02822;0;0;-1
0;998;-36.3732;-47.5566;60.519;9.31429;3384.84;5.60055;0;0;0.1;0.01;0;6.18553;0;0;-1
0;999;-36.9141;-33.165;64.165;8.56914;2635.73;5.1525;0;0;0.1;0.01;0;5.89258;0;0;-1
0;1000;-35.4733;-15.6538;62.6727;9.77893;3917.08;5.87993;0;0;0.1;0.01;0;6.6205;0;0;-1
0;1001;-36.1661;1.45603;63.9646;8.73934;2795.92;5.25484;0;0;0.1;0.01;0;4.87583;0;0;-1
0;1002;-35.067;19.5897;62.2144;8.80965;2863.94;5.29711;0;0;0.1;0.01;0;5.88684;0;0;-1
0;1003;-35.2265;37.0901;60.661;9.96828;4149.06;5.99378;0;0;0.1;0.01;0;6.29289;0;0;-1
0;1004;-38.3023;52.258;63.8405;9.47991;3568.63;5.70013;0;0;0.1;0.01;0;3.94554;0;0;-1
0;1005;-38.3159;67.9563;60.6943;9.61487;3723.22;5.78128;0;0;0.1;0.01;0;3.18409;0;0;-1
0;1006;-21.3213;-73.2331;63.7677;8.5;2572.44;5.11093;0;0;0.1;0.01;0;1.71212;1;0;-1
0;1007;-23.293;-57.0298;62.2425;10.4;4711.82;6.25337;0;0;0.1;0.01;0;6.18627;0;0;-1
0;1008;-22.2392;-40.8634;61.3899;10.2717;4539.58;6.17622;0;0;0.1;0.01;0;8.0292;0;0;-1
0;1009;-21.3051;-22.7371;63.6583;8.53442;2603.82;5.13162;0;0;0.1;0.01;0;6.24284;0;0;-1
0;1010;-21.974;-5.56757;62.1302;10.3597;4657.26;6.22914;0;0;0.1;0.01;0;6.43814;0;0;-1
0;1011;-22.1179;10.519;60.8556;8.5;2572.44;5.11093;0;0;0.1;0.01;0;3.63302;1;0;-1
0;1012;-23.7862;26.807;63.5255;9.01866;3072.66;5.42279;0;0;0.1;0.01;0;4.69401;0;0;-1
0;1013;-22.4074;44.477;62.8099;9.87176;4029.7;5.93575;0;0;0.1;0.01;0;6.77146;0;0;-1
0;1014;-21.8335;59.7023;60.1813;8.81698;2871.1;5.30152;0;0;0.1;0.01;0;5.43663;0;0;-1
0;1015;-7.87473;-67.6898;60.3431;8.52518;2595.37;5.12607;0;0;0.1;0.01;0;3.89082;0;0;-1
0;1016;-7.87117;-47.7042;63.1292;10.2311;4485.96;6.15181;0;0;0.1;0.01;0;6.71306;0;0;-1
0;1017;-5.56506;-29.8867;63.397;9.05885;3113.92;5.44696;0;0;0.1;0.01;0;6.5752;0;0;-1
0;1018;-6.85432;-15.335;60.9667;8.54701;2615.36;5.13919;0;0;0.1;0.01;0;6.62482;0;0;-1
0;1019;-8.78499;0.620218;60.7695;8.5;2572.44;5.11093;0;0;0.1;0.01;0;4.71397;1;0;-1
0;1020;-6.95891;20.8299;60.3904;8.92528;2978.2;5.36664;0;0;0.1;0.01;0;4.61678;0;0;-1
0;1021;-8.83177;36.0123;63.5794;9.68264;3802.51;5.82203;0;0;0.1;0.01;0;7.04918;0;0;-1
0;1022;-6.47254;52.1426;61.0312;9.64341;3756.48;5.79844;0;0;0.1;0.01;0;7.58125;0;0;-1
0;1023;-7.43402;67.671;60.8758;10.3052;4584.14;6.19637;0;0;0.1;0.01;0;4.9349;0;0;-1
0;1024;5.31875;-73.7729;61.946;8.5;2572.44;5.11093;0;0;0.1;0.01;0;2.2365;1;0;-1
0;1025;6.87249;-57.4073;62.299;10.176;4413.87;6.11868;0;0;0.1;0.01;0;5.81694;0;0;-1
0;1026;7.74654;-39.3517;61.0352;8.5;2572.44;5.11093;0;0;0.1;0.01;0;4.55331;1;0;-1
0;1027;6.38292;-22.6922;62.3454;9.92312;4092.92;5.96663;0;0;0.1;0.01;0;6.71109;0;0;-1
0;1028;9.17336;-6.37115;62.4715;10.2402;4497.94;6.15728;0;0;0.1;0.01;0;6.85642;0;0;-1
0;1029;8.78211;12.196;62.2448;8.66534;2725.5;5.21034;0;0;0.1;0.01;0;4.78813;0;0;-1
0;1030;7.91626;26.3257;63.4098;8.5;2572.44;5.11093;0;0;0.1;0.01;0;5.49511;1;0;-1
0;1031;7.42215;42.0737;60.0817;10.2988;4575.6;6.19252;0;0;0.1;0.01;0;6.63434;0;0;-1
0;1032;6.63912;63.0864;63.2892;9.3194;3390.41;5.60362;0;0;0.1;0.01;0;4.62348;0;0;-1
0;1033;21.3044;-63.8645;60.9582;8.5;2572.44;5.11093;0;0;0.1;0.01;0;3.70182;1;0;-1
0;1034;23.2537;-50.2954;61.9527;8.5;2572.44;5.11093;0;0;0.1;0.01;0;4.43433;1;0;-1
0;1035;20.9378;-32.3614;61.0281;8.5;2572.44;5.11093;0;0;0.1;0.01;0;3.83373;1;0;-1
0;1036;24.2144;-12.6682;60.3692;8.5;2572.44;5.11093;0;0;0.1;0.01;0;5.40523;1;0;-1
0;1037;20.6109;2.95087;61.7837;8.5;2572.44;5.11093;0;0;0.1;0.01;0;5.06337;1;0;-1
0;1038;23.0812;19.7991;63.7338;10.3275;4613.96;6.20978;0;0;0.1;0.01;0;7.34234;0;0;-1
0;1039;21.9235;37.8406;63.1505;8.70203;2760.26;5.2324;0;0;0.1;0.01;0;5.68876;0;0;-1
0;1040;21.5769;53.1588;60.4228;8.5;2572.44;5.11093;0;0;0.1;0.01;0;5.2961;1;0;-1
0;1041;22.1331;69.1084;61.3901;9.0674;3122.75;5.4521;0;0;0.1;0.01;0;3.39174;0;0;-1
0;1042;34.6682;-59.7258;63.5388;8.5;2572.44;5.11093;0;0;0.1;0.01;0;2.17387;1;0;-1
0;1043;36.1529;-39.341;62.5737;9.23923;3303.66;5.55541;0;0;0.1;0.01;0;4.51152;0;0;-1
0;1044;38.1851;-22.8169;61.8969;8.81792;2872.02;5.30209;0;0;0.1;0.01;0;4.89358;0;0;-1
0;1045;35.796;-5.05829;62.6064;8.95321;3006.25;5.38344;0;0;0.1;0.01;0;4.80255;0;0;-1
0;1046;38.267;12.2868;61.3839;9.45337;3538.74;5.68417;0;0;0.1;0.01;0;5.64788;0;0;-1
0;1047;37.9522;26.2064;60.2518;8.5;2572.44;5.11093;0;0;0.1;0.01;0;6.7337;1;0;-1
0;1048;35.52;43.3613;63.5185;9.23679;3301.05;5.55395;0;0;0.1;0.01;0;5.62955;0;0;-1
0;1049;38.6635;60.4742;63.3803;9.72555;3853.28;5.84783;0;0;0.1;0.01;0;3.94815;0;0;-1
0;1050;53.4593;-48.7337;61.7422;9.52246;3616.9;5.72572;0;0;0.1;0.01;0;3.22424;0;0;-1
0;1051;50.3704;-33.3926;60.883;8.5;2572.44;5.11093;0;0;0.1;0.01;0;4.87627;1;0;-1
0;1052;51.0267;-15.2828;62.1382;9.58171;3684.83;5.76134;0;0;0.1;0.01;0;5.69764;0;0;-1
0;1053;50.033;0.795661;62.699;8.5;2572.44;5.11093;0;0;0.1;0.01;0;4.12938;1;0;-1
0;1054;50.5541;20.6946;60.9286;8.5;2572.44;5.11093;0;0;0.1;0.01;0;5.72371;1;0;-1
0;1055;50.8709;34.8016;61.8171;9.8158;3961.56;5.9021;0;0;0.1;0.01;0;6.01818;0;0;-1
0;1056;53.6961;53.0097;62.7395;10.1404;4367.71;6.09728;0;0;0.1;0.01;0;3.14144;0;0;-1
0;1057;67.0774;-40.8585;60.8968;10.4293;4751.76;6.27099;0;0;0.1;0.01;0;2.85214;0;0;-1
0;1058;64.4559;-21.5188;62.1453;8.5;2572.44;5.11093;0;0;0.1;0.01;0;2.95816;1;0;-1
0;1059;64.4396;-5.43805;61.8705;8.5;2572.44;5.11093;0;0;0.1;0.01;0;4.08114;1;0;-1
0;1060;66.7725;9.19578;60.6578;9.7064;3830.57;5.83632;0;0;0.1;0.01;0;3.28741;0;0;-1
0;1061;65.172;25.0296;60.1632;8.80062;2855.15;5.29169;0;0;0.1;0.01;0;2.8205;0;0;-1
0;1062;-54.4236;-23.7653;75.9835;9.34551;3418.99;5.61932;0;0;0.1;0.01;0;3.60336;0;0;-1
0;1063;-56.5103;-4.70364;78.7072;8.5;2572.44;5.11093;0;0;0.1;0.01;0;1.66259;1;0;-1
0;1064;-54.9445;10.6803;76.2442;9.32397;3395.4;5.60637;0;0;0.1;0.01;0;3.90476;0;0;-1
0;1065;-56.443;29.7265;75.0171;10.447;4775.99;6.28163;0;0;0.1;0.01;0;3.23411;0;0;-1
0;1066;-40.0273;-48.9608;77.0252;8.5;2572.44;5.11093;0;0;0.1;0.01;0;2.24612;1;0;-1
0;1067;-42.2518;-30.795;77.7906;8.79456;2849.25;5.28804;0;0;0.1;0.01;0;4.74982;0;0;-1
0;1068;-40.3989;-15.9276;75.0946;9.98709;4172.59;6.00509;0;0;0.1;0.01;0;6.54737;0;0;-1
0;1069;-40.4546;2.86941;77.9468;9.51488;3608.27;5.72116;0;0;0.1;0.01;0;5.73126;0;0;-1
0;1070;-41.633;17.78;74.6458;8.54694;2615.29;5.13915;0;0;0.1;0.01;0;5.54914;0;0;-1
0;1071;-39.3218;33.683;76.4754;9.87209;4030.1;5.93594;0;0;0.1;0.01;0;4.14383;0;0;-1
0;1072;-24.3925;-55.1649;76.9394;9.73996;3870.44;5.8565;0;0;0.1;0.01;0;3.46724;0;0;-1
0;1073;-26.2707;-40.8502;74.9501;9.02504;3079.19;5.42663;0;0;0.1;0.01;0;5.50443;0;0;-1
0;1074;-27.471;-23.1554;76.5358;10.0637;4269.35;6.05116;0;0;0.1;0.01;0;7.01318;0;0;-1
0;1075;-27.2493;-4.51765;77.9037;9.34698;3420.6;5.6202;0;0;0.1;0.01;0;6.55082;0;0;-1
0;1076;-24.9811;12.2871;77.041;9.04555;3100.23;5.43896;0;0;0.1;0.01;0;5.77549;0;0;-1
0;1077;-25.7886;26.5309;77.3025;9.31413;3384.66;5.60045;0;0;0.1;0.01;0;5.89692;0;0;-1
0;1078;-25.3437;43.7284;77.7652;9.28589;3353.97;5.58347;0;0;0.1;0.01;0;3.80738;0;0;-1
0;1079;-10.0661;-47.8111;76.4071;8.80812;2862.45;5.29619;0;0;0.1;0.01;0;4.92199;0;0;-1
0;1080;-12.4541;-31.1452;76.4187;10.2266;4480.05;6.14911;0;0;0.1;0.01;0;7.47868;0;0;-1
0;1081;-12.8024;-16.1722;74.613;9.40462;3484.27;5.65486;0;0;0.1;0.01;0;7.35073;0;0;-1
0;1082;-13.5657;0.327694;78.4959;10.2202;4471.64;6.14526;0;0;0.1;0.01;0;6.59608;0;0;-1
0;1083;-11.4836;20.5749;78.3176;8.95194;3004.97;5.38267;0;0;0.1;0.01;0;5.81091;0;0;-1
0;1084;-10.887;36.5075;76.7782;10.0821;4292.81;6.06222;0;0;0.1;0.01;0;7.27578;0;0;-1
0;1085;-11.9884;51.5975;76.3156;9.93362;4105.93;5.97294;0;0;0.1;0.01;0;4.78199;0;0;-1
0;1086;3.54581;-58.8445;76.6024;10.3992;4710.73;6.25289;0;0;0.1;0.01;0;3.3705;0;0;-1
0;1087;1.37879;-42.228;78.4829;8.5;2572.44;5.11093;0;0;0.1;0.01;0;4.97711;1;0;-1
0;1088;4.76765;-23.2477;76.3342;10.0445;4244.96;6.03961;0;0;0.1;0.01;0;6.80761;0;0;-1
0;1089;1.29956;-7.59279;78.2454;9.92445;4094.57;5.96743;0;0;0.1;0.01;0;6.26834;0;0;-1
0;1090;3.27305;11.4196;77.6366;8.90179;2954.75;5.35252;0;0;0.1;0.01;0;4.54112;0;0;-1
0;1091;1.5071;27.3581;77.7799;9.65841;3774.03;5.80746;0;0;0.1;0.01;0;7.2394;0;0;-1
0;1092;2.54039;42.495;76.4701;10.3015;4579.2;6.19414;0;0;0.1;0.01;0;6.33625;0;0;-1
0;1093;4.04455;61.3721;76.5695;9.70352;3827.16;5.83459;0;0;0.1;0.01;0;3.29117;0;0;-1
0;1094;16.4753;-49.5994;74.9917;8.82222;2876.22;5.30467;0;0;0.1;0.01;0;3.51541;0;0;-1
0;1095;17.4693;-30.7393;77.845;9.94785;4123.6;5.9815;0;0;0.1;0.01;0;6.04468;0;0;-1
0;1096;18.4976;-13.1226;74.6105;9.11763;3174.93;5.4823;0;0;0.1;0.01;0;6.14102;0;0;-1
0;1097;16.7229;3.34387;76.3049;8.78297;2838;5.28107;0;0;0.1;0.01;0;5.25202;0;0;-1
0;1098;18.4066;20.1267;76.7567;8.5;2572.44;5.11093;0;0;0.1;0.01;0;5.8126;1;0;-1
0;1099;18.603;33.9787;76.0107;10.0972;4312.13;6.0713;0;0;0.1;0.01;0;7.30748;0;0;-1
0;1100;18.5692;54.4291;76.1403;9.59276;3697.6;5.76799;0;0;0.1;0.01;0;3.60151;0;0;-1
0;1101;32.5505;-40.1974;76.432;10.1849;4425.47;6.12403;0;0;0.1;0.01;0;3.81273;0;0;-1
0;1102;31.2484;-22.9445;78.5569;10.1291;4353.13;6.09048;0;0;0.1;0.01;0;5.58457;0;0;-1
0;1103;31.1799;-5.98787;77.3439;8.5572;2624.72;5.14532;0;0;0.1;0.01;0;5.20092;0;0;-1
0;1104;32.3731;11.7469;76.173;9.07028;3125.72;5.45383;0;0;0.1;0.01;0;4.46395;0;0;-1
0;1105;34.5167;28.4092;76.6451;10.3011;4578.67;6.1939;0;0;0.1;0.01;0;5.87691;0;0;-1
0;1106;30.9516;46.4965;78.1597;10.3268;4613.03;6.20935;0;0;0.1;0.01;0;4.16956;0;0;-1
0;1107;49.0861;-30.3912;78.6688;9.26179;3327.92;5.56898;0;0;0.1;0.01;0;1.69086;0;0;-1
0;1108;45.4462;-13.8832;75.3053;8.5304;2600.14;5.12921;0;0;0.1;0.01;0;4.76248;0;0;-1
0;1109;47.4465;0.402482;77.9806;8.55106;2619.08;5.14163;0;0;0.1;0.01;0;3.45273;0;0;-1
0;1110;48.3192;20.0343;74.9173;9.58572;3689.46;5.76375;0;0;0.1;0.01;0;3.8714;0;0;-1
0;1111;49.0108;36.2391;77.4631;8.5;2572.44;5.11093;0;0;0.1;0.01;0;2.3409;1;0;-1
0;1112;60.4405;-6.10151;78.4441;8.5;2572.44;5.11093;0;0;0.1;0.01;0;1.59402;1;0;-1
0;1113;-36.2693;-15.7301;89.6386;9.8315;3980.59;5.91154;0;0;0.1;0.01;0;4.24714;0;0;-1
0;1114;-36.4147;1.56867;91.2379;8.5;2572.44;5.11093;0;0;0.1;0.01;0;3.92258;1;0;-1
0;1115;-38.4454;16.9527;89.8843;10.0141;4206.53;6.02133;0;0;0.1;0.01;0;3.77178;0;0;-1
0;1116;-21.1012;-24.4708;90.0477;10.4526;4783.67;6.285;0;0;0.1;0.01;0;4.94957;0;0;-1
0;1117;-23.4146;-6.3626;93.0727;10.0382;4236.98;6.03582;0;0;0.1;0.01;0;4.54135;0;0;-1
0;1118;-22.7388;11.6888;89.7663;8.5;2572.44;5.11093;0;0;0.1;0.01;0;4.56463;1;0;-1
0;1119;-21.6292;27.6342;93.3746;10.1704;4406.59;6.11531;0;0;0.1;0.01;0;3.63883;0;0;-1
0;1120;-7.47933;-31.4729;90.7927;9.99572;4183.41;6.01028;0;0;0.1;0.01;0;4.74564;0;0;-1
0;1121;-8.53323;-14.0099;89.4463;9.49792;3589.01;5.71096;0;0;0.1;0.01;0;6.43284;0;0;-1
0;1122;-6.51532;1.1803;92.6591;9.92513;4095.41;5.96784;0;0;0.1;0.01;0;5.31271;0;0;-1
0;1123;-5.80979;19.1313;93.3182;10.3778;4681.71;6.24002;0;0;0.1;0.01;0;5.37789;0;0;-1
0;1124;-7.61153;35.0375;92.3572;8.5;2572.44;5.11093;0;0;0.1;0.01;0;3.71072;1;0;-1
0;1125;5.42163;-38.5667;92.1442;8.64182;2703.36;5.1962;0;0;0.1;0.01;0;2.77492;0;0;-1
0;1126;6.63436;-23.3672;92.1219;9.97299;4154.94;5.99661;0;0;0.1;0.01;0;4.85927;0;0;-1
0;1127;7.32865;-5.03933;91.608;9.76217;3896.98;5.86985;0;0;0.1;0.01;0;4.37024;0;0;-1
0;1128;6.66332;10.8061;91.2142;9.29955;3368.79;5.59168;0;0;0.1;0.01;0;4.12377;0;0;-1
0;1129;6.09592;28.7493;90.0599;9.47028;3557.76;5.69434;0;0;0.1;0.01;0;5.33434;0;0;-1
0;1130;23.7572;-31.9707;89.8622;8.5;2572.44;5.11093;0;0;0.1;0.01;0;2.94938;1;0;-1
0;1131;20.7092;-13.4752;89.3547;8.96289;3016.01;5.38926;0;0;0.1;0.01;0;4.82329;0;0;-1
0;1132;22.7923;0.120634;90.1651;8.56343;2630.46;5.14907;0;0;0.1;0.01;0;3.46774;0;0;-1
0;1133;20.0066;20.8182;90.9614;8.88242;2935.5;5.34087;0;0;0.1;0.01;0;3.25289;0;0;-1
0;1134;20.8917;36.717;90.3431;8.61361;2676.97;5.17924;0;0;0.1;0.01;0;2.7191;0;0;-1
0;1135;37.324;-7.80918;89.7324;9.767;3902.76;5.87276;0;0;0.1;0.01;0;3.63681;0;0;-1
0;1136;35.4277;9.72641;91.1655;8.5238;2594.11;5.12524;0;0;0.1;0.01;0;1.96306;0;0;-1
