Time;ID;x;y;z;radius;volume_total;radius_nuclear;contact_ECM;freezer;polarized_fraction;motility;cell_line;Cell_cell;phase;Cycle;NFkB
0;0;-51.322;-4.61207;-83.4199;8.5;2572.44;5.11093;0;0;0.1;0.01;0;2.64466;1;0;-1
0;1;-37.4325;-33.3468;-84.6848;9.8791;4038.69;5.94016;0;0;0.1;0.01;0;2.67533;0;0;-1
0;2;-37.6586;-13.8249;-86.4847;8.5;2572.44;5.11093;0;0;0.1;0.01;0;2.65102;1;0;-1
0;3;-38.512;0.471152;-85.5899;8.93259;2985.53;5.37104;0;0;0.1;0.01;0;2.49489;0;0;-1
0;4;-35.4894;20.6083;-84.3346;10.0373;4235.84;6.03528;0;0;0.1;0.01;0;3.05475;0;0;-1
0;5;-21.8009;-40.6278;-87.26;9.31441;3384.97;5.60062;0;0;0.1;0.01;0;2.80745;0;0;-1
0;6;-20.5442;-22.3997;-85.9317;8.72424;2781.45;5.24576;0;0;0.1;0.01;0;4.23918;0;0;-1
0;7;-21.0309;-8.41744;-84.5098;8.68751;2746.47;5.22367;0;0;0.1;0.01;0;4.10755;0;0;-1
0;8;-20.3071;10.7175;-85.9766;8.9461;2999.09;5.37916;0;0;0.1;0.01;0;3.39362;0;0;-1
0;9;-22.2988;28.7599;-84.0018;9.1147;3171.87;5.48054;0;0;0.1;0.01;0;3.81359;0;0;-1
0;10;-8.8408;-49.3368;-83.4153;10.3831;4688.89;6.24321;0;0;0.1;0.01;0;3.60904;0;0;-1
0;11;-7.09557;-30.7524;-87.1626;9.25676;3322.5;5.56596;0;0;0.1;0.01;0;4.75308;0;0;-1
0;12;-6.80666;-16.6151;-86.2493;8.92614;2979.06;5.36716;0;0;0.1;0.01;0;5.07798;0;0;-1
0;13;-6.59052;0.141239;-85.5142;10.1914;4433.94;6.12794;0;0;0.1;0.01;0;5.02046;0;0;-1
0;14;-7.56696;20.0306;-83.7589;10.1998;4444.92;6.13299;0;0;0.1;0.01;0;5.00678;0;0;-1
0;15;-7.67845;38.294;-83.9336;9.71243;3837.71;5.83994;0;0;0.1;0.01;0;3.31965;0;0;-1
0;16;7.44561;-40.8701;-85.9506;10.0896;4302.4;6.06673;0;0;0.1;0.01;0;4.84869;0;0;-1
0;17;6.40417;-24.2334;-83.4919;10.0954;4309.82;6.07022;0;0;0.1;0.01;0;6.03604;0;0;-1
0;18;8.72585;-6.01998;-85.8374;8.76963;2825.09;5.27305;0;0;0.1;0.01;0;3.89448;0;0;-1
0;19;6.48121;10.9342;-86.7602;8.73724;2793.9;5.25358;0;0;0.1;0.01;0;2.66819;0;0;-1
0;20;7.75553;27.7522;-87.3889;8.84193;2895.54;5.31652;0;0;0.1;0.01;0;3.18314;0;0;-1
0;21;8.87834;45.3841;-83.5807;10.2972;4573.47;6.19156;0;0;0.1;0.01;0;3.80059;0;0;-1
0;22;20.2445;-49.1546;-84.4986;9.44966;3534.57;5.68194;0;0;0.1;0.01;0;3.23384;0;0;-1
0;23;23.337;-34.0335;-86.6675;10.0918;4305.21;6.06805;0;0;0.1;0.01;0;5.12288;0;0;-1
0;24;20.606;-15.725;-84.9646;8.5;2572.44;5.11093;0;0;0.1;0.01;0;3.28268;1;0;-1
0;25;22.4784;3.45526;-86.8679;8.58914;2654.22;5.16453;0;0;0.1;0.01;0;3.59153;0;0;-1
0;26;23.6335;20.3886;-84.4885;8.88816;2941.2;5.34432;0;0;0.1;0.01;0;4.47655;0;0;-1
0;27;23.5506;37.7413;-84.8622;9.8457;3997.87;5.92008;0;0;0.1;0.01;0;3.69329;0;0;-1
0;28;36.3532;-40.1926;-83.6483;9.99562;4183.29;6.01022;0;0;0.1;0.01;0;3.76828;0;0;-1
0;29;35.4638;-25.5446;-86.1234;8.5;2572.44;5.11093;0;0;0.1;0.01;0;3.01559;1;0;-1
0;30;37.2078;-5.5983;-85.3009;10.2046;4451.19;6.13588;0;0;0.1;0.01;0;2.52909;0;0;-1
0;31;36.5594;10.8585;-83.9716;10.2277;4481.49;6.14977;0;0;0.1;0.01;0;3.93821;0;0;-1
0;32;37.5885;26.9795;-83.9304;10.0868;4298.82;6.06505;0;0;0.1;0.01;0;4.35706;0;0;-1
0;33;-70.5278;-14.7655;-69.3737;9.3986;3477.59;5.65124;0;0;0.1;0.01;0;2.28094;0;0;-1
0;34;-57.8115;-39.4497;-71.3404;9.97762;4160.73;5.9994;0;0;0.1;0.01;0;3.10699;0;0;-1
0;35;-56.6664;-25.1889;-72.495;9.30194;3371.39;5.59312;0;0;0.1;0.01;0;3.99626;0;0;-1
0;36;-54.7618;-8.9001;-70.8577;8.5;2572.44;5.11093;0;0;0.1;0.01;0;4.50333;1;0;-1
0;37;-56.2923;9.85816;-69.7949;10.3383;4628.45;6.21627;0;0;0.1;0.01;0;3.50572;0;0;-1
0;38;-57.7882;28.4726;-71.5012;8.5;2572.44;5.11093;0;0;0.1;0.01;0;2.15662;1;0;-1
0;39;-54.6575;46.907;-68.5775;9.52835;3623.61;5.72926;0;0;0.1;0.01;0;3.2388;0;0;-1
0;40;-41.55;-51.3143;-72.6782;9.08313;3139.03;5.46155;0;0;0.1;0.01;0;2.11148;0;0;-1
0;41;-41.3969;-30.4518;-70.988;9.44447;3528.75;5.67882;0;0;0.1;0.01;0;5.73696;0;0;-1
0;42;-42.2286;-16.6236;-69.6702;10.4347;4759.14;6.27423;0;0;0.1;0.01;0;6.85747;0;0;-1
0;43;-39.4116;1.73151;-69.0961;8.5;2572.44;5.11093;0;0;0.1;0.01;0;4.22223;1;0;-1
0;44;-42.3766;16.7539;-69.0652;8.5;2572.44;5.11093;0;0;0.1;0.01;0;4.68295;1;0;-1
0;45;-42.421;34.2506;-69.8623;9.48534;3574.76;5.7034;0;0;0.1;0.01;0;5.21255;0;0;-1
0;46;-41.2128;53.4626;-69.4087;8.5;2572.44;5.11093;0;0;0.1;0.01;0;3.80536;1;0;-1
0;47;-26.5796;-57.1975;-70.3567;8.69547;2754.02;5.22846;0;0;0.1;0.01;0;4.02472;0;0;-1
0;48;-28.5593;-42.5904;-68.4926;10.4235;4743.83;6.2675;0;0;0.1;0.01;0;6.38712;0;0;-1
0;49;-26.251;-24.7396;-70.6816;8.78999;2844.81;5.28529;0;0;0.1;0.01;0;5.81363;0;0;-1
0;50;-24.7291;-8.81251;-71.8606;8.5;2572.44;5.11093;0;0;0.1;0.01;0;4.47567;1;0;-1
0;51;-26.8783;11.1054;-69.6492;9.33999;3412.93;5.616;0;0;0.1;0.01;0;5.35022;0;0;-1
0;52;-26.0038;26.9269;-69.2374;10.0291;4225.46;6.03035;0;0;0.1;0.01;0;6.56974;0;0;-1
0;53;-27.6138;43.7349;-70.6714;9.33376;3406.11;5.61225;0;0;0.1;0.01;0;4.60108;0;0;-1
0;54;-27.1627;62.1944;-69.8101;9.79464;3935.99;5.88937;0;0;0.1;0.01;0;3.73834;0;0;-1
0;55;-13.5685;-63.8506;-69.0156;9.87774;4037.02;5.93934;0;0;0.1;0.01;0;4.04169;0;0;-1
0;56;-13.8222;-48.1359;-68.3361;8.5;2572.44;5.11093;0;0;0.1;0.01;0;5.7217;1;0;-1
0;57;-11.3444;-31.187;-72.6111;8.91585;2968.77;5.36097;0;0;0.1;0.01;0;5.09843;0;0;-1
0;58;-12.6958;-15.0519;-70.97;9.29638;3365.35;5.58978;0;0;0.1;0.01;0;6.58985;0;0;-1
0;59;-9.95094;1.96027;-71.7801;9.45092;3535.99;5.6827;0;0;0.1;0.01;0;5.80796;0;0;-1
0;60;-11.6479;16.5825;-70.1488;8.82064;2874.68;5.30372;0;0;0.1;0.01;0;5.34534;0;0;-1
0;61;-11.883;36.6276;-70.9291;9.09843;3154.92;5.47075;0;0;0.1;0.01;0;4.65156;0;0;-1
0;62;-10.7493;55.0822;-70.361;9.75011;3882.55;5.8626;0;0;0.1;0.01;0;3.31321;0;0;-1
0;63;2.17867;-56.2469;-69.0654;9.01971;3073.73;5.42342;0;0;0.1;0.01;0;4.7381;0;0;-1
0;64;3.93962;-40.1502;-72.0486;8.76763;2823.16;5.27185;0;0;0.1;0.01;0;5.20003;0;0;-1
0;65;2.71661;-22.898;-68.502;10.2393;4496.76;6.15674;0;0;0.1;0.01;0;7.07061;0;0;-1
0;66;4.34237;-7.97978;-72.0165;9.90275;4067.77;5.95438;0;0;0.1;0.01;0;6.59542;0;0;-1
0;67;2.35207;10.1702;-69.2168;8.5;2572.44;5.11093;0;0;0.1;0.01;0;4.96753;1;0;-1
0;68;4.40323;26.7916;-69.6941;8.5;2572.44;5.11093;0;0;0.1;0.01;0;4.49139;1;0;-1
0;69;4.43809;45.7977;-70.5451;9.40266;3482.1;5.65368;0;0;0.1;0.01;0;6.07087;0;0;-1
0;70;3.50666;63.7153;-70.1519;9.87208;4030.09;5.93594;0;0;0.1;0.01;0;3.45303;0;0;-1
0;71;16.3306;-66.2702;-69.8973;9.33398;3406.35;5.61239;0;0;0.1;0.01;0;2.89228;0;0;-1
0;72;15.9679;-47.1666;-70.9276;8.71329;2770.99;5.23917;0;0;0.1;0.01;0;4.75285;0;0;-1
0;73;19.2582;-30.2043;-70.881;10.2304;4485.04;6.15139;0;0;0.1;0.01;0;6.88985;0;0;-1
0;74;16.4072;-14.0897;-69.2285;8.5;2572.44;5.11093;0;0;0.1;0.01;0;6.69881;1;0;-1
0;75;16.9974;1.22134;-71.3297;9.24351;3308.26;5.55799;0;0;0.1;0.01;0;5.44095;0;0;-1
0;76;16.002;18.2057;-69.2007;8.72477;2781.96;5.24608;0;0;0.1;0.01;0;4.98916;0;0;-1
0;77;17.3093;35.4397;-70.6382;9.03495;3089.34;5.43258;0;0;0.1;0.01;0;5.48789;0;0;-1
0;78;19.4558;55.0758;-70.2771;10.194;4437.34;6.1295;0;0;0.1;0.01;0;4.06642;0;0;-1
0;79;31.0848;-57.7989;-69.4696;8.5;2572.44;5.11093;0;0;0.1;0.01;0;3.35871;1;0;-1
0;80;31.7642;-38.5278;-68.4262;9.87873;4038.24;5.93994;0;0;0.1;0.01;0;6.27441;0;0;-1
0;81;32.0162;-21.8277;-69.6477;8.5;2572.44;5.11093;0;0;0.1;0.01;0;4.93394;1;0;-1
0;82;33.3333;-6.34272;-68.8054;9.53103;3626.67;5.73087;0;0;0.1;0.01;0;5.57111;0;0;-1
0;83;30.5729;12.4415;-71.3004;9.73152;3860.39;5.85142;0;0;0.1;0.01;0;6.45188;0;0;-1
0;84;33.6231;28.604;-68.5218;10.0382;4236.98;6.03582;0;0;0.1;0.01;0;6.88751;0;0;-1
0;85;34.01;43.7448;-71.9724;8.5;2572.44;5.11093;0;0;0.1;0.01;0;4.23455;1;0;-1
0;86;46.3662;-51.2901;-68.9082;9.61922;3728.28;5.7839;0;0;0.1;0.01;0;2.75922;0;0;-1
0;87;45.9811;-30.4821;-71.9449;9.01313;3067.01;5.41946;0;0;0.1;0.01;0;4.33393;0;0;-1
0;88;47.5512;-13.4234;-72;9.9526;4129.51;5.98435;0;0;0.1;0.01;0;4.86653;0;0;-1
0;89;45.333;1.649;-69.0569;8.5;2572.44;5.11093;0;0;0.1;0.01;0;5.76188;1;0;-1
0;90;47.3066;17.1272;-68.9522;10.3912;4699.87;6.24808;0;0;0.1;0.01;0;6.383;0;0;-1
0;91;48.9705;36.8813;-71.9533;10.2103;4458.66;6.13931;0;0;0.1;0.01;0;3.53506;0;0;-1
0;92;46.7009;54.1087;-69.0024;8.5;2572.44;5.11093;0;0;0.1;0.01;0;2.53833;1;0;-1
0;93;60.0247;-25.668;-72.0488;10.0688;4275.84;6.05422;0;0;0.1;0.01;0;2.75256;0;0;-1
0;94;62.5657;-5.60954;-71.9212;8.73835;2794.97;5.25424;0;0;0.1;0.01;0;2.33518;0;0;-1
0;95;61.3308;9.87309;-68.841;9.81409;3959.49;5.90107;0;0;0.1;0.01;0;3.63455;0;0;-1
0;96;-80.3921;-8.31157;-55.4102;9.69228;3813.88;5.82783;0;0;0.1;0.01;0;2.96248;0;0;-1
0;97;-80.127;12.4631;-54.3342;8.7296;2786.58;5.24898;0;0;0.1;0.01;0;2.61247;0;0;-1
0;98;-65.7576;-48.4218;-54.2724;10.1245;4347.2;6.08771;0;0;0.1;0.01;0;4.6806;0;0;-1
0;99;-67.702;-33.8777;-55.4124;8.95215;3005.18;5.3828;0;0;0.1;0.01;0;3.30501;0;0;-1
0;100;-65.5547;-12.6547;-56.3782;8.50736;2579.13;5.11535;0;0;0.1;0.01;0;4.00015;0;0;-1
0;101;-64.5988;1.73363;-53.9613;9.72048;3847.26;5.84478;0;0;0.1;0.01;0;5.33381;0;0;-1
0;102;-68.0129;19.6446;-57.7793;8.68328;2742.46;5.22113;0;0;0.1;0.01;0;3.53433;0;0;-1
0;103;-66.4419;35.4414;-55.5487;8.5;2572.44;5.11093;0;0;0.1;0.01;0;3.49246;1;0;-1
0;104;-52.2525;-59.3453;-54.8764;9.7421;3872.99;5.85778;0;0;0.1;0.01;0;4.05971;0;0;-1
0;105;-52.9176;-42.3706;-57.5592;8.54632;2614.73;5.13878;0;0;0.1;0.01;0;4.59308;0;0;-1
0;106;-51.3216;-24.6945;-57.806;8.5;2572.44;5.11093;0;0;0.1;0.01;0;4.56959;1;0;-1
0;107;-49.8605;-4.79492;-57.119;9.83619;3986.29;5.91436;0;0;0.1;0.01;0;6.42089;0;0;-1
0;108;-51.7479;12.0439;-54.3865;9.7551;3888.52;5.8656;0;0;0.1;0.01;0;7.06032;0;0;-1
0;109;-51.0307;27.8564;-57.8106;10.3779;4681.85;6.24008;0;0;0.1;0.01;0;6.92858;0;0;-1
0;110;-52.1439;44.8084;-54.0117;9.75705;3890.85;5.86677;0;0;0.1;0.01;0;6.1991;0;0;-1
0;111;-50.5758;59.7325;-54.4354;10.0947;4308.92;6.0698;0;0;0.1;0.01;0;5.15178;0;0;-1
0;112;-38.6591;-66.5809;-56.3464;9.78686;3926.62;5.8847;0;0;0.1;0.01;0;4.10274;0;0;-1
0;113;-38.3736;-51.0463;-54.5697;9.22818;3291.83;5.54877;0;0;0.1;0.01;0;5.19108;0;0;-1
0;114;-36.5554;-31.2276;-56.246;9.62245;3732.03;5.78584;0;0;0.1;0.01;0;6.1816;0;0;-1
0;115;-36.5232;-14.8552;-55.7957;10.2702;4537.59;6.17532;0;0;0.1;0.01;0;6.8183;0;0;-1
0;116;-37.753;2.43871;-54.3756;8.98033;3033.65;5.39974;0;0;0.1;0.01;0;5.52369;0;0;-1
0;117;-36.0803;20.9944;-57.019;10.2728;4541.04;6.17689;0;0;0.1;0.01;0;7.54143;0;0;-1
0;118;-35.2035;36.6508;-55.0668;8.75833;2814.18;5.26626;0;0;0.1;0.01;0;6.65551;0;0;-1
0;119;-36.9973;51.2807;-56.5047;10.0445;4244.96;6.03961;0;0;0.1;0.01;0;6.94539;0;0;-1
0;120;-35.9273;70.3133;-57.9332;10.4064;4720.52;6.25722;0;0;0.1;0.01;0;4.27168;0;0;-1
0;121;-23.9305;-76.0243;-57.3321;9.56038;3660.28;5.74852;0;0;0.1;0.01;0;3.14378;0;0;-1
0;122;-21.8311;-56.2133;-56.4024;9.42137;3502.92;5.66493;0;0;0.1;0.01;0;6.51203;0;0;-1
0;123;-21.0923;-40.4611;-54.8475;10.0066;4197.09;6.01682;0;0;0.1;0.01;0;6.98338;0;0;-1
0;124;-23.6237;-22.5412;-56.7429;9.91108;4078.04;5.95939;0;0;0.1;0.01;0;6.87726;0;0;-1
0;125;-21.5834;-7.1546;-56.3378;8.98657;3039.98;5.40349;0;0;0.1;0.01;0;5.63102;0;0;-1
0;126;-22.4098;8.99903;-55.9826;9.44496;3529.3;5.67912;0;0;0.1;0.01;0;4.80031;0;0;-1
0;127;-21.4031;25.5985;-55.5836;8.61865;2681.68;5.18227;0;0;0.1;0.01;0;5.26529;0;0;-1
0;128;-21.7842;42.3056;-56.7032;8.5;2572.44;5.11093;0;0;0.1;0.01;0;5.12286;1;0;-1
0;129;-22.1148;63.2069;-54.4632;10.3642;4663.33;6.23184;0;0;0.1;0.01;0;7.13493;0;0;-1
0;130;-22.0211;77.9774;-57.0148;9.14647;3205.16;5.49964;0;0;0.1;0.01;0;3.52595;0;0;-1
0;131;-9.28504;-80.7874;-56.0032;8.5;2572.44;5.11093;0;0;0.1;0.01;0;2.47152;1;0;-1
0;132;-5.76775;-65.6715;-55.7484;9.0412;3095.76;5.43634;0;0;0.1;0.01;0;4.74715;0;0;-1
0;133;-6.2352;-47.1129;-55.1197;9.62786;3738.33;5.78909;0;0;0.1;0.01;0;5.8826;0;0;-1
0;134;-8.77371;-29.9186;-54.6158;9.80216;3945.06;5.8939;0;0;0.1;0.01;0;5.57575;0;0;-1
0;135;-8.94633;-14.1411;-55.4275;8.61231;2675.76;5.17846;0;0;0.1;0.01;0;5.84049;0;0;-1
0;136;-7.0682;0.371583;-56.7123;8.5;2572.44;5.11093;0;0;0.1;0.01;0;5.33769;1;0;-1
0;137;-5.92376;20.9939;-55.1515;10.3787;4682.93;6.24056;0;0;0.1;0.01;0;6.33352;0;0;-1
0;138;-8.23994;36.9522;-55.4894;10.3709;4672.38;6.23587;0;0;0.1;0.01;0;6.4107;0;0;-1
0;139;-5.82943;54.9378;-55.1085;10.4463;4775.03;6.28121;0;0;0.1;0.01;0;6.18348;0;0;-1
0;140;-8.72003;70.3244;-55.1318;8.9171;2970.02;5.36172;0;0;0.1;0.01;0;3.30237;0;0;-1
0;141;8.98493;-74.3209;-56.9012;8.95921;3012.3;5.38704;0;0;0.1;0.01;0;3.46932;0;0;-1
0;142;6.86358;-58.0823;-56.2136;9.9375;4110.74;5.97527;0;0;0.1;0.01;0;6.12665;0;0;-1
0;143;7.34464;-41.7043;-54.9338;8.5;2572.44;5.11093;0;0;0.1;0.01;0;4.38047;1;0;-1
0;144;9.40381;-22.7164;-56.6002;9.348;3421.72;5.62082;0;0;0.1;0.01;0;6.49507;0;0;-1
0;145;6.03217;-8.01807;-56.86;9.37777;3454.52;5.63872;0;0;0.1;0.01;0;6.47315;0;0;-1
0;146;5.61206;9.72394;-55.242;8.95394;3006.98;5.38387;0;0;0.1;0.01;0;4.28038;0;0;-1
0;147;8.44436;27.7484;-53.9518;10.1128;4332.14;6.08068;0;0;0.1;0.01;0;6.6766;0;0;-1
0;148;8.53542;44.9746;-55.975;10.2821;4553.38;6.18248;0;0;0.1;0.01;0;7.63841;0;0;-1
0;149;8.84378;59.8432;-57.7124;8.76315;2818.83;5.26915;0;0;0.1;0.01;0;5.81052;0;0;-1
0;150;8.56761;79.8431;-54.3437;9.33081;3402.88;5.61048;0;0;0.1;0.01;0;2.8072;0;0;-1
0;151;22.2796;-64.2614;-56.6589;9.79249;3933.4;5.88808;0;0;0.1;0.01;0;4.96865;0;0;-1
0;152;24.1776;-49.9848;-53.7237;8.97699;3030.27;5.39773;0;0;0.1;0.01;0;5.40025;0;0;-1
0;153;20.2935;-32.6159;-55.2885;9.10775;3164.62;5.47636;0;0;0.1;0.01;0;5.15367;0;0;-1
0;154;20.5199;-12.7137;-57.366;9.31056;3380.77;5.5983;0;0;0.1;0.01;0;6.00957;0;0;-1
0;155;23.6284;1.42102;-56.445;9.29185;3360.43;5.58705;0;0;0.1;0.01;0;5.68126;0;0;-1
0;156;23.7536;20.6591;-55.7411;10.1452;4373.92;6.10016;0;0;0.1;0.01;0;6.42637;0;0;-1
0;157;22.6851;38.2413;-56.2077;10.0929;4306.62;6.06871;0;0;0.1;0.01;0;7.04052;0;0;-1
0;158;22.9258;54.3768;-53.9795;10.4336;4757.64;6.27357;0;0;0.1;0.01;0;7.09817;0;0;-1
0;159;22.0554;70.567;-57.6903;9.08793;3144.01;5.46444;0;0;0.1;0.01;0;2.47057;0;0;-1
0;160;38.5691;-56.0273;-56.425;9.06067;3115.8;5.44805;0;0;0.1;0.01;0;4.55431;0;0;-1
0;161;34.9355;-38.3593;-54.7214;8.60039;2664.67;5.17129;0;0;0.1;0.01;0;5.32564;0;0;-1
0;162;38.5277;-25.1012;-56.4541;9.04343;3098.05;5.43768;0;0;0.1;0.01;0;5.60613;0;0;-1
0;163;37.2054;-5.693;-54.8337;8.57831;2644.2;5.15801;0;0;0.1;0.01;0;5.96683;0;0;-1
0;164;38.46;8.3337;-55.4083;9.23354;3297.56;5.55199;0;0;0.1;0.01;0;6.96424;0;0;-1
0;165;38.8694;25.4353;-54.6073;9.85015;4003.29;5.92275;0;0;0.1;0.01;0;6.32529;0;0;-1
0;166;36.7822;46.1473;-56.6491;9.17439;3234.6;5.51643;0;0;0.1;0.01;0;5.85466;0;0;-1
0;167;36.3681;60.7324;-54.1191;8.5;2572.44;5.11093;0;0;0.1;0.01;0;4.54018;1;0;-1
0;168;52.8856;-50.9587;-56.06;8.97539;3028.65;5.39677;0;0;0.1;0.01;0;3.28746;0;0;-1
0;169;52.0642;-31.0891;-54.1359;9.95776;4135.93;5.98746;0;0;0.1;0.01;0;5.73147;0;0;-1
0;170;52.9089;-15.0649;-54.3851;8.5;2572.44;5.11093;0;0;0.1;0.01;0;5.22884;1;0;-1
0;171;52.2507;0.0404215;-54.389;9.99184;4178.54;6.00795;0;0;0.1;0.01;0;7.51535;0;0;-1
0;172;51.1927;18.0882;-56.0392;9.0008;3054.44;5.41205;0;0;0.1;0.01;0;6.79187;0;0;-1
0;173;52.9422;34.0764;-55.767;9.24176;3306.38;5.55694;0;0;0.1;0.01;0;5.31057;0;0;-1
0;174;52.6958;55.2604;-56.5044;10.1122;4331.37;6.08032;0;0;0.1;0.01;0;4.26946;0;0;-1
0;175;64.6176;-40.8751;-56.6726;9.03274;3087.07;5.43126;0;0;0.1;0.01;0;2.99474;0;0;-1
0;176;67.2833;-25.085;-56.1076;9.38578;3463.38;5.64353;0;0;0.1;0.01;0;4.41999;0;0;-1
0;177;67.7713;-4.49425;-55.1283;8.5;2572.44;5.11093;0;0;0.1;0.01;0;5.14005;1;0;-1
0;178;65.8321;11.995;-53.8093;9.54477;3642.38;5.73913;0;0;0.1;0.01;0;5.87519;0;0;-1
0;179;66.0077;26.6427;-55.2794;8.5;2572.44;5.11093;0;0;0.1;0.01;0;3.89135;1;0;-1
0;180;64.7675;46.0646;-54.3178;9.81335;3958.59;5.90062;0;0;0.1;0.01;0;3.39755;0;0;-1
0;181;79.716;-16.8482;-56.7588;10.1836;4423.77;6.12325;0;0;0.1;0.01;0;2.82557;0;0;-1
0;182;82.2201;1.1237;-54.4715;8.92226;2975.18;5.36483;0;0;0.1;0.01;0;2.82729;0;0;-1
0;183;-87.5145;-21.6617;-40.6312;9.37018;3446.14;5.63415;0;0;0.1;0.01;0;3.14517;0;0;-1
0;184;-84.1172;-8.17097;-40.1231;10.0307;4227.49;6.03131;0;0;0.1;0.01;0;5.2193;0;0;-1
0;185;-86.3093;12.354;-39.6273;9.63572;3747.5;5.79382;0;0;0.1;0.01;0;4.44027;0;0;-1
0;186;-86.6593;29.3351;-39.2296;9.84885;4001.71;5.92197;0;0;0.1;0.01;0;3.00486;0;0;-1
0;187;-70.1808;-48.0385;-39.6378;8.5;2572.44;5.11093;0;0;0.1;0.01;0;4.05772;1;0;-1
0;188;-72.1214;-33.9455;-41.5636;10.2288;4482.94;6.15043;0;0;0.1;0.01;0;5.02597;0;0;-1
0;189;-71.5976;-14.5694;-41.6303;8.5;2572.44;5.11093;0;0;0.1;0.01;0;5.38703;1;0;-1
0;190;-72.6822;3.6142;-40.9287;10.2704;4537.86;6.17544;0;0;0.1;0.01;0;7.38629;0;0;-1
0;191;-70.5082;19.0718;-42.0669;9.73679;3866.66;5.85459;0;0;0.1;0.01;0;6.24169;0;0;-1
0;192;-69.9859;37.0796;-42.919;9.92192;4091.44;5.96591;0;0;0.1;0.01;0;5.68352;0;0;-1
0;193;-72.6581;51.3921;-41.1014;9.59208;3696.81;5.76758;0;0;0.1;0.01;0;3.09445;0;0;-1
0;194;-56.9521;-59.2048;-39.9306;10.3288;4615.71;6.21056;0;0;0.1;0.01;0;5.25029;0;0;-1
0;195;-56.7241;-39.4602;-41.8713;9.50868;3601.22;5.71743;0;0;0.1;0.01;0;6.6419;0;0;-1
0;196;-54.1652;-24.6425;-40.9091;9.31218;3382.54;5.59928;0;0;0.1;0.01;0;5.42131;0;0;-1
0;197;-57.4656;-7.32821;-42.0177;10.0834;4294.47;6.063;0;0;0.1;0.01;0;6.99132;0;0;-1
0;198;-55.0645;9.53802;-39.8506;10.2811;4552.05;6.18188;0;0;0.1;0.01;0;6.71402;0;0;-1
0;199;-55.5423;25.8711;-41.5484;9.89022;4052.35;5.94685;0;0;0.1;0.01;0;6.1139;0;0;-1
0;200;-56.9707;42.6511;-40.1072;9.6706;3788.34;5.81479;0;0;0.1;0.01;0;6.52706;0;0;-1
0;201;-54.2537;60.4467;-39.5923;9.62047;3729.73;5.78465;0;0;0.1;0.01;0;5.24106;0;0;-1
0;202;-40.5174;-80.6255;-40.9853;8.5;2572.44;5.11093;0;0;0.1;0.01;0;2.97089;1;0;-1
0;203;-41.6795;-65.9028;-39.2262;9.46189;3548.32;5.6893;0;0;0.1;0.01;0;6.38196;0;0;-1
0;204;-43.056;-47.524;-41.7175;8.5;2572.44;5.11093;0;0;0.1;0.01;0;4.90196;1;0;-1
0;205;-42.5735;-31.6881;-42.2026;8.64528;2706.61;5.19828;0;0;0.1;0.01;0;5.09634;0;0;-1
0;206;-40.2512;-13.4502;-40.6517;9.60474;3711.47;5.77519;0;0;0.1;0.01;0;6.10483;0;0;-1
0;207;-42.0095;1.94943;-39.9957;9.25091;3316.21;5.56244;0;0;0.1;0.01;0;6.4739;0;0;-1
0;208;-41.784;19.6642;-42.418;8.59492;2659.59;5.168;0;0;0.1;0.01;0;5.9144;0;0;-1
0;209;-41.4558;34.4579;-41.4118;8.78789;2842.77;5.28403;0;0;0.1;0.01;0;5.64284;0;0;-1
0;210;-40.272;53.6181;-41.222;9.53739;3633.94;5.73469;0;0;0.1;0.01;0;7.07306;0;0;-1
0;211;-40.8054;68.4804;-42.1359;10.3601;4657.8;6.22938;0;0;0.1;0.01;0;6.08092;0;0;-1
0;212;-27.6605;-72.9664;-42.8797;9.39388;3472.35;5.6484;0;0;0.1;0.01;0;6.10645;0;0;-1
0;213;-28.1459;-57.7291;-40.4603;10.4418;4768.86;6.2785;0;0;0.1;0.01;0;7.09477;0;0;-1
0;214;-25.2995;-38.5046;-42.3697;9.23225;3296.18;5.55122;0;0;0.1;0.01;0;5.32824;0;0;-1
0;215;-25.0103;-22.38;-39.8167;9.9908;4177.24;6.00732;0;0;0.1;0.01;0;6.39017;0;0;-1
0;216;-24.7466;-5.18161;-40.6539;8.87426;2927.42;5.33596;0;0;0.1;0.01;0;5.61384;0;0;-1
0;217;-25.4525;9.76062;-41.0416;8.5;2572.44;5.11093;0;0;0.1;0.01;0;4.04105;1;0;-1
0;218;-28.1755;27.0176;-42.0187;9.3773;3454;5.63843;0;0;0.1;0.01;0;5.49016;0;0;-1
0;219;-27.2175;44.1217;-42.0964;9.59228;3697.04;5.7677;0;0;0.1;0.01;0;6.10491;0;0;-1
0;220;-27.5566;60.5362;-40.7586;9.41372;3494.4;5.66033;0;0;0.1;0.01;0;7.06647;0;0;-1
0;221;-25.0116;77.176;-42.0794;9.57316;3674.98;5.7562;0;0;0.1;0.01;0;5.24433;0;0;-1
0;222;-12.9869;-83.1429;-42.1715;8.61093;2674.48;5.17763;0;0;0.1;0.01;0;4.03582;0;0;-1
0;223;-12.9501;-67.6051;-39.7429;10.0617;4266.8;6.04995;0;0;0.1;0.01;0;6.69554;0;0;-1
0;224;-12.3979;-49.3807;-41.8322;9.18212;3242.78;5.52108;0;0;0.1;0.01;0;5.3202;0;0;-1
0;225;-9.78544;-33.3267;-39.834;9.50911;3601.71;5.71769;0;0;0.1;0.01;0;6.11669;0;0;-1
0;226;-13.072;-15.5099;-40.761;8.69144;2750.2;5.22604;0;0;0.1;0.01;0;6.37215;0;0;-1
0;227;-11.066;0.257436;-41.4497;8.66025;2720.7;5.20728;0;0;0.1;0.01;0;5.45377;0;0;-1
0;228;-12.5353;20.0301;-39.3399;9.95302;4130.03;5.98461;0;0;0.1;0.01;0;6.15941;0;0;-1
0;229;-9.96028;34.3105;-39.7658;8.5;2572.44;5.11093;0;0;0.1;0.01;0;6.08748;1;0;-1
0;230;-11.5611;52.9651;-39.3543;10.1789;4417.65;6.12042;0;0;0.1;0.01;0;6.47186;0;0;-1
0;231;-11.0999;70.7616;-40.0356;9.43087;3513.53;5.67065;0;0;0.1;0.01;0;5.57653;0;0;-1
0;232;-9.78984;87.1036;-39.9588;8.5;2572.44;5.11093;0;0;0.1;0.01;0;2.38974;1;0;-1
0;233;2.81808;-89.5459;-42.0514;9.11671;3173.97;5.48175;0;0;0.1;0.01;0;2.88086;0;0;-1
0;234;4.67973;-74.9263;-41.1649;8.55271;2620.59;5.14262;0;0;0.1;0.01;0;5.17718;0;0;-1
0;235;2.01155;-59.7578;-39.3813;9.47364;3561.55;5.69636;0;0;0.1;0.01;0;5.41968;0;0;-1
0;236;3.62607;-40.7696;-39.8062;8.5;2572.44;5.11093;0;0;0.1;0.01;0;4.84963;1;0;-1
0;237;4.67506;-25.2822;-39.5124;9.5216;3615.92;5.7252;0;0;0.1;0.01;0;6.13738;0;0;-1
0;238;1.23578;-8.0793;-42.4325;10.2613;4525.8;6.16997;0;0;0.1;0.01;0;6.26717;0;0;-1
0;239;3.2148;10.4479;-41.0082;8.61838;2681.42;5.18211;0;0;0.1;0.01;0;4.36981;0;0;-1
0;240;4.07577;27.1886;-39.479;8.90471;2957.66;5.35427;0;0;0.1;0.01;0;6.72714;0;0;-1
0;241;1.22373;43.0337;-40.2749;10.0973;4312.25;6.07136;0;0;0.1;0.01;0;7.97809;0;0;-1
0;242;1.5215;60.6197;-40.9733;8.5;2572.44;5.11093;0;0;0.1;0.01;0;5.36282;1;0;-1
0;243;3.95216;76.3832;-41.0749;9.14274;3201.24;5.4974;0;0;0.1;0.01;0;5.2646;0;0;-1
0;244;17.6721;-82.328;-42.091;8.5;2572.44;5.11093;0;0;0.1;0.01;0;3.29362;1;0;-1
0;245;18.2142;-65.4536;-39.2914;10.2625;4527.39;6.17069;0;0;0.1;0.01;0;5.88526;0;0;-1
0;246;17.9167;-46.4617;-40.8022;8.89095;2943.97;5.346;0;0;0.1;0.01;0;5.26705;0;0;-1
0;247;17.8368;-31.7649;-41.1586;8.5;2572.44;5.11093;0;0;0.1;0.01;0;5.83748;1;0;-1
0;248;19.098;-15.4957;-41.7722;9.48375;3572.97;5.70244;0;0;0.1;0.01;0;5.92345;0;0;-1
0;249;19.7494;1.94162;-42.1623;9.10927;3166.21;5.47727;0;0;0.1;0.01;0;4.69415;0;0;-1
0;250;17.6629;17.7337;-40.5167;9.27102;3337.88;5.57453;0;0;0.1;0.01;0;5.59811;0;0;-1
0;251;19.0273;36.7151;-42.8421;9.9124;4079.67;5.96018;0;0;0.1;0.01;0;7.63355;0;0;-1
0;252;16.793;52.0132;-39.693;10.0976;4312.64;6.07154;0;0;0.1;0.01;0;7.44132;0;0;-1
0;253;18.761;68.468;-41.1964;10.3155;4597.9;6.20256;0;0;0.1;0.01;0;5.94103;0;0;-1
0;254;16.4123;87.4181;-41.127;10.0767;4285.92;6.05897;0;0;0.1;0.01;0;3.14568;0;0;-1
0;255;32.9535;-75.628;-42.5039;8.64912;2710.22;5.20059;0;0;0.1;0.01;0;2.25322;0;0;-1
0;256;30.5631;-56.4968;-40.5214;9.0958;3152.18;5.46917;0;0;0.1;0.01;0;6.27874;0;0;-1
0;257;33.7174;-41.1826;-40.4664;10.005;4195.08;6.01586;0;0;0.1;0.01;0;7.65251;0;0;-1
0;258;32.7765;-25.2908;-41.567;10.1242;4346.81;6.08753;0;0;0.1;0.01;0;7.40501;0;0;-1
0;259;33.7373;-8.04096;-42.0291;8.5;2572.44;5.11093;0;0;0.1;0.01;0;4.72393;1;0;-1
0;260;33.8458;10.0312;-42.2896;8.5;2572.44;5.11093;0;0;0.1;0.01;0;5.10021;1;0;-1
0;261;33.8489;29.5179;-39.8773;8.93213;2985.06;5.37076;0;0;0.1;0.01;0;6.03219;0;0;-1
0;262;32.9447;46.1537;-39.4205;10.038;4236.72;6.0357;0;0;0.1;0.01;0;7.7667;0;0;-1
0;263;33.9188;60.0849;-39.7069;9.38769;3465.49;5.64468;0;0;0.1;0.01;0;6.2067;0;0;-1
0;264;33.5513;79.8428;-40.4258;8.95437;3007.42;5.38413;0;0;0.1;0.01;0;2.74471;0;0;-1
0;265;47.8253;-65.272;-41.6111;8.94443;2997.41;5.37816;0;0;0.1;0.01;0;2.4655;0;0;-1
0;266;47.1397;-47.7054;-39.9506;9.52788;3623.08;5.72898;0;0;0.1;0.01;0;5.80263;0;0;-1
0;267;47.7649;-30.2392;-39.2204;10.3176;4600.71;6.20382;0;0;0.1;0.01;0;7.65899;0;0;-1
0;268;46.7901;-14.9401;-42.5846;10.067;4273.55;6.05314;0;0;0.1;0.01;0;7.77805;0;0;-1
0;269;46.0816;2.87595;-42.183;8.5;2572.44;5.11093;0;0;0.1;0.01;0;6.20133;1;0;-1
0;270;47.758;16.8691;-43.0411;10.1627;4396.59;6.11068;0;0;0.1;0.01;0;7.4384;0;0;-1
0;271;46.849;37.9662;-41.0964;9.52653;3621.54;5.72816;0;0;0.1;0.01;0;6.19034;0;0;-1
0;272;46.7055;52.1386;-42.878;9.67637;3795.12;5.81826;0;0;0.1;0.01;0;6.60539;0;0;-1
0;273;46.836;69.2608;-39.8962;9.92643;4097.02;5.96862;0;0;0.1;0.01;0;4.49668;0;0;-1
0;274;60.373;-55.3645;-39.3262;9.8308;3979.74;5.91112;0;0;0.1;0.01;0;4.74566;0;0;-1
0;275;63.9961;-41.6923;-39.8304;8.94562;2998.61;5.37887;0;0;0.1;0.01;0;4.28065;0;0;-1
0;276;61.2081;-23.3517;-39.832;8.55006;2618.16;5.14103;0;0;0.1;0.01;0;5.54273;0;0;-1
0;277;63.4169;-7.79368;-42.3291;9.67674;3795.56;5.81848;0;0;0.1;0.01;0;6.80214;0;0;-1
0;278;63.6002;8.2284;-39.4673;10.0114;4203.13;6.01971;0;0;0.1;0.01;0;6.55989;0;0;-1
0;279;63.022;26.1891;-42.2785;10.0357;4233.81;6.03432;0;0;0.1;0.01;0;6.07532;0;0;-1
0;280;61.5526;42.1359;-41.1971;8.88075;2933.85;5.33987;0;0;0.1;0.01;0;5.08228;0;0;-1
0;281;61.9972;60.4267;-42.4646;9.23144;3295.32;5.55073;0;0;0.1;0.01;0;3.67636;0;0;-1
0;282;74.944;-32.4994;-43.1676;9.0112;3065.04;5.4183;0;0;0.1;0.01;0;3.21658;0;0;-1
0;283;77.7396;-15.0002;-41.1188;8.62851;2690.89;5.1882;0;0;0.1;0.01;0;4.46667;0;0;-1
0;284;76.33;-0.0870946;-41.4662;10.2851;4557.37;6.18428;0;0;0.1;0.01;0;6.87693;0;0;-1
0;285;78.7415;19.725;-42.8224;8.99017;3043.63;5.40566;0;0;0.1;0.01;0;3.33111;0;0;-1
0;286;76.5346;34.3369;-41.9441;9.23964;3304.1;5.55566;0;0;0.1;0.01;0;3.54199;0;0;-1
0;287;90.5162;-4.55829;-40.5357;8.7003;2758.62;5.23136;0;0;0.1;0.01;0;2.23178;0;0;-1
0;288;-95.1279;-13.5109;-24.7014;8.77145;2826.85;5.27415;0;0;0.1;0.01;0;3.1766;0;0;-1
0;289;-95.6327;1.24849;-26.0928;9.92316;4092.97;5.96665;0;0;0.1;0.01;0;3.8761;0;0;-1
0;290;-80.8684;-41.5025;-24.659;9.90428;4069.65;5.9553;0;0;0.1;0.01;0;2.8865;0;0;-1
0;291;-81.7963;-23.442;-27.3383;9.5595;3659.27;5.74799;0;0;0.1;0.01;0;3.86454;0;0;-1
0;292;-78.9073;-4.65523;-26.4856;10.0423;4242.17;6.03829;0;0;0.1;0.01;0;5.59136;0;0;-1
0;293;-82.5745;10.9701;-26.4525;10.1274;4350.93;6.08946;0;0;0.1;0.01;0;6.28594;0;0;-1
0;294;-82.4149;27.6801;-25.1501;10.0349;4232.8;6.03384;0;0;0.1;0.01;0;5.02787;0;0;-1
0;295;-80.4021;44.5632;-28.1092;9.88358;4044.19;5.94285;0;0;0.1;0.01;0;3.28427;0;0;-1
0;296;-64.0813;-67.8783;-26;8.5;2572.44;5.11093;0;0;0.1;0.01;0;2.51674;1;0;-1
0;297;-64.3786;-48.9934;-26.1342;8.77835;2833.53;5.27829;0;0;0.1;0.01;0;4.36027;0;0;-1
0;298;-64.5285;-31.2645;-25.4635;9.74862;3880.77;5.8617;0;0;0.1;0.01;0;5.46805;0;0;-1
0;299;-64.4851;-12.8936;-26.989;9.28066;3348.31;5.58033;0;0;0.1;0.01;0;5.55878;0;0;-1
0;300;-66.0762;4.44688;-26.0276;8.5;2572.44;5.11093;0;0;0.1;0.01;0;5.94102;1;0;-1
0;301;-65.4735;20.2209;-26.9278;8.59094;2655.89;5.16561;0;0;0.1;0.01;0;5.71353;0;0;-1
0;302;-64.6879;35.2197;-27.1716;10.0497;4251.56;6.04274;0;0;0.1;0.01;0;6.30979;0;0;-1
0;303;-64.5515;50.9157;-26.2296;9.27992;3347.51;5.57988;0;0;0.1;0.01;0;5.74981;0;0;-1
0;304;-66.6777;68.6706;-26.712;9.4554;3541.02;5.68539;0;0;0.1;0.01;0;2.15018;0;0;-1
0;305;-49.708;-72.502;-27.7917;8.99661;3050.18;5.40953;0;0;0.1;0.01;0;5.22934;0;0;-1
0;306;-49.6147;-58.1773;-26.291;9.25063;3315.91;5.56227;0;0;0.1;0.01;0;6.29464;0;0;-1
0;307;-51.5417;-39.714;-26.3476;9.3425;3415.69;5.61751;0;0;0.1;0.01;0;6.00973;0;0;-1
0;308;-52.4091;-23.1156;-27.554;9.77632;3913.95;5.87836;0;0;0.1;0.01;0;6.55661;0;0;-1
0;309;-50.4873;-7.03491;-27.8116;9.73264;3861.72;5.8521;0;0;0.1;0.01;0;6.61075;0;0;-1
0;310;-53.0213;8.64849;-26.3234;8.9409;2993.87;5.37603;0;0;0.1;0.01;0;5.48788;0;0;-1
0;311;-51.1156;26.7868;-24.4686;9.14375;3202.3;5.498;0;0;0.1;0.01;0;5.57819;0;0;-1
0;312;-49.9909;45.5107;-24.8728;9.78011;3918.5;5.88064;0;0;0.1;0.01;0;7.33678;0;0;-1
0;313;-50.6667;62.4861;-25.5797;8.75947;2815.28;5.26694;0;0;0.1;0.01;0;6.08528;0;0;-1
0;314;-51.793;78.483;-28.2543;8.72318;2780.44;5.24512;0;0;0.1;0.01;0;2.65286;0;0;-1
0;315;-36.4311;-82.1766;-26.5188;10.3133;4594.96;6.20124;0;0;0.1;0.01;0;6.19555;0;0;-1
0;316;-34.9817;-67.3058;-26.801;8.88636;2939.41;5.34324;0;0;0.1;0.01;0;6.991;0;0;-1
0;317;-38.3694;-47.1079;-27.1477;10.1598;4392.83;6.10894;0;0;0.1;0.01;0;5.71257;0;0;-1
0;318;-36.0591;-30.0826;-26.0737;9.32899;3400.89;5.60939;0;0;0.1;0.01;0;6.11602;0;0;-1
0;319;-34.6355;-13.7597;-26.8061;8.77558;2830.85;5.27663;0;0;0.1;0.01;0;5.01432;0;0;-1
0;320;-36.5854;4.31727;-27.4461;8.5;2572.44;5.11093;0;0;0.1;0.01;0;4.19159;1;0;-1
0;321;-38.3594;18.5478;-27.4788;9.50184;3593.45;5.71332;0;0;0.1;0.01;0;5.45336;0;0;-1
0;322;-38.2401;34.5903;-25.1769;8.5;2572.44;5.11093;0;0;0.1;0.01;0;5.50094;1;0;-1
0;323;-37.6516;52.2772;-27.8677;9.223;3286.29;5.54566;0;0;0.1;0.01;0;6.07361;0;0;-1
0;324;-38.212;67.7239;-25.7639;8.5;2572.44;5.11093;0;0;0.1;0.01;0;4.48659;1;0;-1
0;325;-35.538;85.8431;-24.9526;10.2803;4550.99;6.1814;0;0;0.1;0.01;0;3.74711;0;0;-1
0;326;-21.7824;-90.7786;-25.2855;10.3383;4628.45;6.21627;0;0;0.1;0.01;0;3.98716;0;0;-1
0;327;-20.5858;-73.0898;-27.0226;10.1729;4409.84;6.11682;0;0;0.1;0.01;0;8.27687;0;0;-1
0;328;-20.3454;-59.1629;-26.3112;9.74517;3876.65;5.85963;0;0;0.1;0.01;0;7.26743;0;0;-1
0;329;-22.0182;-40.5878;-26.6587;8.61701;2680.15;5.18128;0;0;0.1;0.01;0;4.98738;0;0;-1
0;330;-21.3615;-21.1054;-24.9723;10.094;4308.03;6.06938;0;0;0.1;0.01;0;6.84074;0;0;-1
0;331;-19.724;-5.4813;-28.0812;8.5;2572.44;5.11093;0;0;0.1;0.01;0;4.64775;1;0;-1
0;332;-21.3055;11.8083;-25.7682;8.5;2572.44;5.11093;0;0;0.1;0.01;0;4.00266;1;0;-1
0;333;-22.7756;28.7589;-27.7802;8.64731;2708.52;5.1995;0;0;0.1;0.01;0;5.10122;0;0;-1
0;334;-21.2699;44.7696;-27.8795;9.74786;3879.86;5.86125;0;0;0.1;0.01;0;5.84144;0;0;-1
0;335;-21.6923;62.1715;-26.6112;9.66986;3787.47;5.81435;0;0;0.1;0.01;0;6.33811;0;0;-1
0;336;-22.8378;78.7603;-27.912;9.43208;3514.88;5.67137;0;0;0.1;0.01;0;5.63232;0;0;-1
0;337;-5.94217;-81.2654;-28.6476;9.37792;3454.68;5.63881;0;0;0.1;0.01;0;6.09257;0;0;-1
0;338;-7.90673;-66.6053;-26.3294;9.47884;3567.42;5.69949;0;0;0.1;0.01;0;6.68929;0;0;-1
0;339;-8.56297;-48.592;-24.3806;9.13807;3196.33;5.49459;0;0;0.1;0.01;0;5.18498;0;0;-1
0;340;-8.20394;-29.6925;-25.5435;8.77274;2828.1;5.27492;0;0;0.1;0.01;0;5.56585;0;0;-1
0;341;-6.01207;-13.326;-27.8137;9.41095;3491.31;5.65867;0;0;0.1;0.01;0;6.59586;0;0;-1
0;342;-5.4957;1.93;-27.6505;8.53399;2603.42;5.13136;0;0;0.1;0.01;0;5.70923;0;0;-1
0;343;-6.60668;21.1298;-25.6283;9.60397;3710.57;5.77473;0;0;0.1;0.01;0;6.7;0;0;-1
0;344;-7.09456;35.4101;-27.0969;9.34522;3418.67;5.61915;0;0;0.1;0.01;0;7.48462;0;0;-1
0;345;-7.92702;51.5107;-26.0301;8.65073;2711.73;5.20156;0;0;0.1;0.01;0;5.61209;0;0;-1
0;346;-9.34326;72.1632;-24.4854;8.6207;2683.59;5.1835;0;0;0.1;0.01;0;5.03874;0;0;-1
0;347;-9.10004;88.2389;-25.6729;8.64271;2704.2;5.19674;0;0;0.1;0.01;0;3.97141;0;0;-1
0;348;9.3467;-90.4751;-25.4134;10.3115;4592.55;6.20016;0;0;0.1;0.01;0;4.27634;0;0;-1
0;349;6.59563;-75.7938;-25.3188;9.7822;3921.01;5.88189;0;0;0.1;0.01;0;6.67405;0;0;-1
0;350;9.44362;-58.6613;-25.7689;9.33001;3402;5.61;0;0;0.1;0.01;0;5.80815;0;0;-1
0;351;5.72638;-40.0298;-25.3943;9.62018;3729.39;5.78447;0;0;0.1;0.01;0;6.09752;0;0;-1
0;352;8.26509;-25.5161;-26.5921;8.72878;2785.8;5.24849;0;0;0.1;0.01;0;5.8594;0;0;-1
0;353;9.023;-8.76717;-27.6951;10.2426;4501.11;6.15873;0;0;0.1;0.01;0;6.79692;0;0;-1
0;354;5.51466;9.9335;-25.5101;9.14542;3204.05;5.49901;0;0;0.1;0.01;0;4.58394;0;0;-1
0;355;9.43585;29.3294;-27.6616;10.081;4291.4;6.06156;0;0;0.1;0.01;0;6.86118;0;0;-1
0;356;6.25217;44.0445;-25.2422;10.3766;4680.09;6.2393;0;0;0.1;0.01;0;7.20114;0;0;-1
0;357;6.86928;63.4102;-24.6207;10.1832;4423.25;6.12301;0;0;0.1;0.01;0;6.80656;0;0;-1
0;358;5.89893;78.2857;-28.002;9.05381;3108.73;5.44392;0;0;0.1;0.01;0;5.55814;0;0;-1
0;359;8.24483;95.6183;-26.8415;10.0208;4214.98;6.02536;0;0;0.1;0.01;0;2.99613;0;0;-1
0;360;22.5762;-82.3669;-25.217;9.14669;3205.39;5.49977;0;0;0.1;0.01;0;4.65936;0;0;-1
0;361;23.7018;-65.9011;-25.4754;9.51617;3609.73;5.72193;0;0;0.1;0.01;0;5.43925;0;0;-1
0;362;23.2763;-47.2922;-27.4337;10.114;4333.69;6.0814;0;0;0.1;0.01;0;6.25976;0;0;-1
0;363;22.7928;-31.7627;-26.0516;9.7203;3847.05;5.84468;0;0;0.1;0.01;0;6.8984;0;0;-1
0;364;22.1298;-16.0915;-25.5862;10.0142;4206.66;6.02139;0;0;0.1;0.01;0;6.72993;0;0;-1
0;365;22.3163;1.01326;-26.8055;9.03568;3090.09;5.43302;0;0;0.1;0.01;0;5.17049;0;0;-1
0;366;23.3905;18.1889;-28.0115;9.62583;3735.97;5.78787;0;0;0.1;0.01;0;6.25383;0;0;-1
0;367;23.25;34.9351;-27.5187;9.48752;3577.23;5.70471;0;0;0.1;0.01;0;7.41995;0;0;-1
0;368;20.5939;51.1094;-24.5183;9.78732;3927.17;5.88497;0;0;0.1;0.01;0;6.26128;0;0;-1
0;369;20.2902;69.151;-26.9553;9.41126;3491.66;5.65885;0;0;0.1;0.01;0;5.36258;0;0;-1
0;370;23.3579;84.571;-24.8036;9.48309;3572.22;5.70204;0;0;0.1;0.01;0;4.90095;0;0;-1
0;371;38.0641;-75.9941;-27.0982;9.08221;3138.07;5.461;0;0;0.1;0.01;0;3.94115;0;0;-1
0;372;35.2294;-56.9169;-27.0362;8.68961;2748.46;5.22494;0;0;0.1;0.01;0;5.60656;0;0;-1
0;373;37.5295;-39.9442;-26.8209;9.92192;4091.44;5.96591;0;0;0.1;0.01;0;7.9677;0;0;-1
0;374;37.6916;-23.169;-27.6877;9.98008;4163.81;6.00088;0;0;0.1;0.01;0;7.58989;0;0;-1
0;375;37.4546;-7.2105;-24.8408;9.68117;3800.77;5.82115;0;0;0.1;0.01;0;6.56955;0;0;-1
0;376;35.1255;8.91225;-26.789;8.8148;2868.97;5.30021;0;0;0.1;0.01;0;5.30849;0;0;-1
0;377;37.2292;25.3873;-24.7121;9.96675;4147.15;5.99286;0;0;0.1;0.01;0;6.88045;0;0;-1
0;378;37.0127;42.1387;-27.1002;9.84583;3998.03;5.92015;0;0;0.1;0.01;0;6.5787;0;0;-1
0;379;38.4489;63.6792;-24.9087;8.5;2572.44;5.11093;0;0;0.1;0.01;0;4.58405;1;0;-1
0;380;36.7502;78.8098;-24.8759;8.5;2572.44;5.11093;0;0;0.1;0.01;0;4.35194;1;0;-1
0;381;50.439;-66.6508;-24.7865;10.2137;4463.11;6.14135;0;0;0.1;0.01;0;5.5691;0;0;-1
0;382;49.9667;-50.7704;-25.2887;10.1728;4409.71;6.11676;0;0;0.1;0.01;0;6.8526;0;0;-1
0;383;50.0722;-33.4158;-25.0314;8.55599;2623.61;5.14459;0;0;0.1;0.01;0;5.20422;0;0;-1
0;384;52.7132;-15.5653;-26.8574;9.21838;3281.35;5.54288;0;0;0.1;0.01;0;6.25832;0;0;-1
0;385;51.8199;1.73609;-28.3365;10.0155;4208.3;6.02217;0;0;0.1;0.01;0;7.16814;0;0;-1
0;386;50.1076;17.7994;-28.5135;9.04577;3100.45;5.43909;0;0;0.1;0.01;0;6.16681;0;0;-1
0;387;50.3064;34.8915;-25.0686;9.38364;3461.01;5.64225;0;0;0.1;0.01;0;5.5765;0;0;-1
0;388;52.978;54.7672;-24.692;8.65695;2717.59;5.2053;0;0;0.1;0.01;0;4.39579;0;0;-1
0;389;52.2024;72.6237;-26.9367;9.78828;3928.33;5.88555;0;0;0.1;0.01;0;4.37862;0;0;-1
0;390;66.3614;-59.2036;-27.6329;8.99162;3045.11;5.40653;0;0;0.1;0.01;0;4.13192;0;0;-1
0;391;66.6342;-42.2256;-25.0414;8.84857;2902.07;5.32052;0;0;0.1;0.01;0;5.48387;0;0;-1
0;392;67.483;-23.2467;-24.8712;10.3678;4668.19;6.23401;0;0;0.1;0.01;0;6.53865;0;0;-1
0;393;65.5584;-5.60208;-26.9219;8.9529;3005.94;5.38325;0;0;0.1;0.01;0;6.84096;0;0;-1
0;394;66.5829;9.45167;-25.0925;9.2484;3313.51;5.56093;0;0;0.1;0.01;0;5.82311;0;0;-1
0;395;64.8732;25.4055;-25.6031;9.8348;3984.6;5.91352;0;0;0.1;0.01;0;4.8083;0;0;-1
0;396;66.3823;46.5064;-25.9044;10.0347;4232.55;6.03372;0;0;0.1;0.01;0;5.81653;0;0;-1
0;397;65.0711;62.278;-27.5187;10.0508;4252.95;6.0434;0;0;0.1;0.01;0;4.96921;0;0;-1
0;398;79.4177;-51.2667;-25.818;10.1042;4321.1;6.07551;0;0;0.1;0.01;0;2.17807;0;0;-1
0;399;81.8792;-34.2047;-24.8295;10.2512;4512.45;6.1639;0;0;0.1;0.01;0;3.41568;0;0;-1
0;400;80.7508;-16.8121;-25.3518;8.88357;2936.64;5.34156;0;0;0.1;0.01;0;4.46958;0;0;-1
0;401;79.799;-0.235012;-26.2402;9.30496;3374.68;5.59494;0;0;0.1;0.01;0;4.87257;0;0;-1
0;402;83.2188;17.7951;-25.2694;9.79833;3940.44;5.89159;0;0;0.1;0.01;0;4.1459;0;0;-1
0;403;79.0968;33.764;-27.9916;8.5;2572.44;5.11093;0;0;0.1;0.01;0;3.36542;1;0;-1
0;404;79.3716;54.6235;-26.5439;10.3516;4646.34;6.22427;0;0;0.1;0.01;0;2.70793;0;0;-1
0;405;-98.4428;0.959759;-11.8037;10.2755;4544.62;6.17851;0;0;0.1;0.01;0;3.70504;0;0;-1
0;406;-84.2851;-42.0834;-11.2456;9.08598;3141.98;5.46327;0;0;0.1;0.01;0;3.46829;0;0;-1
0;407;-84.3739;-23.5385;-10.3064;10.4098;4725.15;6.25926;0;0;0.1;0.01;0;5.70394;0;0;-1
0;408;-85.2211;-7.1353;-12.4894;8.91246;2965.39;5.35893;0;0;0.1;0.01;0;5.26929;0;0;-1
0;409;-83.3479;11.6469;-11.9304;10.149;4378.83;6.10245;0;0;0.1;0.01;0;5.92207;0;0;-1
0;410;-84.8143;29.1426;-12.4367;8.5;2572.44;5.11093;0;0;0.1;0.01;0;4.12868;1;0;-1
0;411;-84.0321;42.4964;-11.3132;9.39125;3469.44;5.64682;0;0;0.1;0.01;0;4.12753;0;0;-1
0;412;-70.8138;-68.4414;-10.0663;8.78734;2842.24;5.2837;0;0;0.1;0.01;0;2.13463;0;0;-1
0;413;-69.2279;-49.2646;-11.9998;9.51949;3613.51;5.72393;0;0;0.1;0.01;0;4.76714;0;0;-1
0;414;-69.8896;-32.5554;-10.1336;9.37135;3447.43;5.63486;0;0;0.1;0.01;0;6.79717;0;0;-1
0;415;-72.1627;-15.7387;-11.6921;9.40543;3485.17;5.65535;0;0;0.1;0.01;0;6.58665;0;0;-1
0;416;-70.7985;3.17186;-10.311;8.76929;2824.76;5.27285;0;0;0.1;0.01;0;6.07179;0;0;-1
0;417;-68.3533;17.3738;-12.9551;8.58719;2652.42;5.16335;0;0;0.1;0.01;0;4.93226;0;0;-1
0;418;-69.4936;36.472;-11.9854;9.59908;3704.91;5.77179;0;0;0.1;0.01;0;6.33986;0;0;-1
0;419;-71.9196;53.7814;-13.0257;8.9755;3028.76;5.39684;0;0;0.1;0.01;0;4.41699;0;0;-1
0;420;-54.2886;-75.132;-9.7203;8.85847;2911.82;5.32647;0;0;0.1;0.01;0;3.81345;0;0;-1
0;421;-56.6184;-58.2399;-12.3487;9.39962;3478.72;5.65186;0;0;0.1;0.01;0;5.38367;0;0;-1
0;422;-57.3267;-39.202;-10.323;8.57706;2643.04;5.15726;0;0;0.1;0.01;0;5.56558;0;0;-1
0;423;-57.3129;-23.958;-11.8672;8.5;2572.44;5.11093;0;0;0.1;0.01;0;5.49232;1;0;-1
0;424;-55.2351;-7.21787;-11.811;9.00601;3059.75;5.41518;0;0;0.1;0.01;0;5.49996;0;0;-1
0;425;-54.3081;8.60053;-12.5429;10.0595;4264.01;6.04863;0;0;0.1;0.01;0;5.98955;0;0;-1
0;426;-57.3418;29.767;-12.8207;8.5;2572.44;5.11093;0;0;0.1;0.01;0;5.63898;1;0;-1
0;427;-55.1148;44.7221;-11.8276;9.28257;3350.37;5.58147;0;0;0.1;0.01;0;6.85511;0;0;-1
0;428;-57.9526;60.034;-10.6833;9.74725;3879.14;5.86088;0;0;0.1;0.01;0;5.44917;0;0;-1
0;429;-42.7883;-83.6468;-13.2555;10.0889;4301.5;6.06631;0;0;0.1;0.01;0;4.25619;0;0;-1
0;430;-39.3566;-64.6247;-11.5724;9.79525;3936.73;5.88974;0;0;0.1;0.01;0;5.60953;0;0;-1
0;431;-41.0495;-49.354;-10.6922;8.52157;2592.07;5.1239;0;0;0.1;0.01;0;5.07822;0;0;-1
0;432;-41.2229;-32.6063;-12.3612;9.80366;3946.87;5.8948;0;0;0.1;0.01;0;6.13978;0;0;-1
0;433;-42.0824;-14.3498;-13.5212;10.014;4206.41;6.02127;0;0;0.1;0.01;0;6.08287;0;0;-1
0;434;-40.9225;3.07036;-10.7868;9.48602;3575.53;5.70381;0;0;0.1;0.01;0;5.76925;0;0;-1
0;435;-39.405;20.0863;-11.2089;10.0097;4200.99;6.01869;0;0;0.1;0.01;0;6.27625;0;0;-1
0;436;-42.1282;36.905;-13.1746;9.33057;3402.62;5.61034;0;0;0.1;0.01;0;7.19815;0;0;-1
0;437;-42.6555;52.2146;-12.6216;8.5;2572.44;5.11093;0;0;0.1;0.01;0;5.05231;1;0;-1
0;438;-43.0065;70.6862;-12.553;8.74544;2801.78;5.25851;0;0;0.1;0.01;0;4.72262;0;0;-1
0;439;-43.2559;85.1315;-13.334;8.5;2572.44;5.11093;0;0;0.1;0.01;0;3.42532;1;0;-1
0;440;-27.8995;-93.1813;-13.0835;9.62079;3730.1;5.78484;0;0;0.1;0.01;0;4.31827;0;0;-1
0;441;-28.1456;-76.8685;-13.0055;10.1441;4372.49;6.0995;0;0;0.1;0.01;0;7.05554;0;0;-1
0;442;-24.6973;-56.5742;-12.285;10.3899;4698.1;6.2473;0;0;0.1;0.01;0;7.30771;0;0;-1
0;443;-27.3661;-41.7536;-10.1933;10.4383;4764.07;6.2764;0;0;0.1;0.01;0;7.6328;0;0;-1
0;444;-26.6327;-22.2857;-11.861;10.2193;4470.46;6.14472;0;0;0.1;0.01;0;6.64902;0;0;-1
0;445;-24.9536;-7.30634;-10.3197;8.54228;2611.02;5.13635;0;0;0.1;0.01;0;4.69733;0;0;-1
0;446;-25.1386;9.14652;-10.2544;9.43114;3513.83;5.67081;0;0;0.1;0.01;0;5.17467;0;0;-1
0;447;-27.4321;28.4655;-10.5808;10.2555;4518.13;6.16648;0;0;0.1;0.01;0;6.15097;0;0;-1
0;448;-28.3037;42.9565;-10.7738;9.06343;3118.65;5.44971;0;0;0.1;0.01;0;5.62645;0;0;-1
0;449;-24.4452;59.068;-12.8451;8.80537;2859.77;5.29454;0;0;0.1;0.01;0;4.53485;0;0;-1
0;450;-24.7735;77.7016;-12.2479;9.85517;4009.41;5.92577;0;0;0.1;0.01;0;6.45216;0;0;-1
0;451;-24.8598;94.6733;-14.0156;10.1999;4445.05;6.13305;0;0;0.1;0.01;0;3.54426;0;0;-1
0;452;-13.55;-83.307;-11.0864;8.5;2572.44;5.11093;0;0;0.1;0.01;0;4.45614;1;0;-1
0;453;-12.7721;-65.4524;-13.2524;8.5;2572.44;5.11093;0;0;0.1;0.01;0;5.526;1;0;-1
0;454;-12.695;-48.4383;-9.71371;9.49539;3586.14;5.70944;0;0;0.1;0.01;0;6.6071;0;0;-1
0;455;-11.4451;-32.3648;-11.7592;10.4018;4714.27;6.25445;0;0;0.1;0.01;0;7.25809;0;0;-1
0;456;-10.3923;-14.2741;-10.72;8.5;2572.44;5.11093;0;0;0.1;0.01;0;6.05966;1;0;-1
0;457;-10.7166;0.961948;-11.6015;10.2021;4447.92;6.13437;0;0;0.1;0.01;0;7.15979;0;0;-1
0;458;-10.7343;16.971;-11.6243;9.08701;3143.05;5.46389;0;0;0.1;0.01;0;5.76977;0;0;-1
0;459;-11.5927;34.2471;-12.5372;8.56015;2627.44;5.14709;0;0;0.1;0.01;0;4.61982;0;0;-1
0;460;-10.3534;50.9705;-10.6022;8.54843;2616.66;5.14005;0;0;0.1;0.01;0;5.22029;0;0;-1
0;461;-10.5261;67.4157;-11.6295;9.0735;3129.05;5.45576;0;0;0.1;0.01;0;5.91003;0;0;-1
0;462;-11.7009;87.2567;-12.4388;8.5;2572.44;5.11093;0;0;0.1;0.01;0;4.79457;1;0;-1
0;463;4.39253;-91.5524;-10.5892;8.69412;2752.74;5.22765;0;0;0.1;0.01;0;3.76618;0;0;-1
0;464;1.54327;-75.9949;-12.1252;8.5;2572.44;5.11093;0;0;0.1;0.01;0;5.49196;1;0;-1
0;465;1.34429;-59.4774;-12.8553;8.86284;2916.13;5.3291;0;0;0.1;0.01;0;6.06276;0;0;-1
0;466;1.67838;-41.264;-12.6233;9.63019;3741.05;5.79049;0;0;0.1;0.01;0;6.53574;0;0;-1
0;467;1.2678;-21.57;-10.4638;9.21799;3280.93;5.54264;0;0;0.1;0.01;0;6.60863;0;0;-1
0;468;1.59694;-7.44283;-12.1233;8.63646;2698.34;5.19298;0;0;0.1;0.01;0;6.12494;0;0;-1
0;469;3.27867;8.17236;-12.2816;10.1133;4332.79;6.08098;0;0;0.1;0.01;0;6.21223;0;0;-1
0;470;3.18927;25.129;-13.5544;9.05314;3108.04;5.44352;0;0;0.1;0.01;0;4.72334;0;0;-1
0;471;1.98626;43.7612;-10.4976;9.3009;3370.26;5.5925;0;0;0.1;0.01;0;5.57768;0;0;-1
0;472;2.33378;59.5216;-10.7502;9.45512;3540.71;5.68523;0;0;0.1;0.01;0;6.58706;0;0;-1
0;473;2.70711;76.7518;-10.3914;8.91847;2971.39;5.36255;0;0;0.1;0.01;0;6.03244;0;0;-1
0;474;3.09594;94.0424;-11.4659;10.2647;4530.3;6.17202;0;0;0.1;0.01;0;4.45863;0;0;-1
0;475;18.8167;-85.1808;-10.538;9.35595;3430.46;5.6256;0;0;0.1;0.01;0;5.79994;0;0;-1
0;476;16.0661;-68.1908;-10.5167;9.47166;3559.32;5.69517;0;0;0.1;0.01;0;6.35361;0;0;-1
0;477;15.9652;-51.4665;-9.87564;9.86583;4022.44;5.93218;0;0;0.1;0.01;0;5.77677;0;0;-1
0;478;15.521;-33.3887;-10.5208;9.65096;3765.3;5.80298;0;0;0.1;0.01;0;5.74241;0;0;-1
0;479;16.033;-16.2971;-11.4661;8.57311;2639.39;5.15489;0;0;0.1;0.01;0;5.90948;0;0;-1
0;480;16.4159;1.12079;-11.463;9.38448;3461.94;5.64275;0;0;0.1;0.01;0;5.57863;0;0;-1
0;481;19.4864;20.9032;-10.8768;9.88972;4051.73;5.94655;0;0;0.1;0.01;0;6.04933;0;0;-1
0;482;19.6228;38.1919;-13.1712;8.5;2572.44;5.11093;0;0;0.1;0.01;0;5.08516;1;0;-1
0;483;18.1875;54.5328;-11.4737;8.5;2572.44;5.11093;0;0;0.1;0.01;0;4.93039;1;0;-1
0;484;17.3046;71.4369;-10.3208;10.3965;4707.06;6.25126;0;0;0.1;0.01;0;7.11125;0;0;-1
0;485;15.6989;84.9729;-12.5716;8.5;2572.44;5.11093;0;0;0.1;0.01;0;5.45139;1;0;-1
0;486;31.9439;-93.7253;-12.0413;8.83098;2884.8;5.30994;0;0;0.1;0.01;0;1.8572;0;0;-1
0;487;33.3583;-76.6526;-12.3253;9.41174;3492.19;5.65914;0;0;0.1;0.01;0;5.65227;0;0;-1
0;488;32.89;-55.3919;-10.3538;9.45135;3536.47;5.68296;0;0;0.1;0.01;0;4.99068;0;0;-1
0;489;34.1656;-38.891;-10.1229;9.62386;3733.67;5.78669;0;0;0.1;0.01;0;6.14352;0;0;-1
0;490;31.2295;-21.3564;-12.2809;9.89423;4057.28;5.94926;0;0;0.1;0.01;0;7.10731;0;0;-1
0;491;33.1391;-6.33979;-10.7743;8.88235;2935.43;5.34083;0;0;0.1;0.01;0;5.56122;0;0;-1
0;492;33.5017;11.7945;-12.9119;10.3784;4682.52;6.24038;0;0;0.1;0.01;0;7.01813;0;0;-1
0;493;31.4737;29.052;-10.8361;9.24443;3309.25;5.55854;0;0;0.1;0.01;0;6.82099;0;0;-1
0;494;33.535;46.2613;-13.2485;9.56238;3662.58;5.74972;0;0;0.1;0.01;0;5.98858;0;0;-1
0;495;32.7906;63.4849;-10.3663;8.6173;2680.42;5.18146;0;0;0.1;0.01;0;5.98508;0;0;-1
0;496;32.2636;79.3782;-10.1276;10.0567;4260.45;6.04695;0;0;0.1;0.01;0;6.38705;0;0;-1
0;497;45.9653;-82.9345;-10.7897;8.5;2572.44;5.11093;0;0;0.1;0.01;0;4.15627;1;0;-1
0;498;48.1326;-67.8885;-11.4513;9.53328;3629.24;5.73222;0;0;0.1;0.01;0;6.01305;0;0;-1
0;499;47.7001;-47.7304;-11.9677;9.34097;3414.01;5.61659;0;0;0.1;0.01;0;6.1154;0;0;-1
0;500;48.6168;-31.7054;-12.5262;9.05733;3112.36;5.44604;0;0;0.1;0.01;0;5.5403;0;0;-1
0;501;45.5587;-14.7378;-10.9475;9.15165;3210.6;5.50275;0;0;0.1;0.01;0;6.26632;0;0;-1
0;502;46.5966;0.438196;-11.0234;10.1585;4391.14;6.10816;0;0;0.1;0.01;0;7.4447;0;0;-1
0;503;47.7363;18.1161;-13.4361;10.1742;4411.53;6.1176;0;0;0.1;0.01;0;7.74651;0;0;-1
0;504;47.8988;34.6504;-10.5461;9.51622;3609.79;5.72196;0;0;0.1;0.01;0;6.42769;0;0;-1
0;505;45.946;55.1944;-12.4947;8.5;2572.44;5.11093;0;0;0.1;0.01;0;5.01953;1;0;-1
0;506;46.2852;68.4943;-10.0111;9.24156;3306.16;5.55682;0;0;0.1;0.01;0;6.17056;0;0;-1
0;507;47.6971;85.6453;-13.0937;8.6403;2701.94;5.19529;0;0;0.1;0.01;0;2.3377;0;0;-1
0;508;61.0964;-74.2488;-11.2897;10.3036;4582.01;6.19541;0;0;0.1;0.01;0;3.19859;0;0;-1
0;509;60.3079;-56.0661;-13.3042;9.61516;3723.56;5.78146;0;0;0.1;0.01;0;6.3942;0;0;-1
0;510;61.4406;-42.1479;-11.62;9.39919;3478.24;5.6516;0;0;0.1;0.01;0;6.41334;0;0;-1
0;511;62.5785;-25.7833;-11.861;9.28468;3352.66;5.58274;0;0;0.1;0.01;0;5.84352;0;0;-1
0;512;62.7429;-7.65181;-11.501;9.83406;3983.7;5.91308;0;0;0.1;0.01;0;6.4667;0;0;-1
0;513;60.737;9.37355;-12.8151;10.2245;4477.29;6.14784;0;0;0.1;0.01;0;6.6579;0;0;-1
0;514;61.9726;28.7516;-10.2197;9.92591;4096.37;5.96831;0;0;0.1;0.01;0;6.30794;0;0;-1
0;515;62.6749;45.9881;-11.1317;9.50542;3597.51;5.71547;0;0;0.1;0.01;0;5.70414;0;0;-1
0;516;63.2328;63.5892;-10.8012;10.0981;4313.28;6.07184;0;0;0.1;0.01;0;5.33399;0;0;-1
0;517;61.0466;77.9243;-13.7889;8.90529;2958.24;5.35462;0;0;0.1;0.01;0;2.77213;0;0;-1
0;518;77.605;-47.5336;-10.81;8.5;2572.44;5.11093;0;0;0.1;0.01;0;3.89086;1;0;-1
0;519;77.3338;-30.0353;-11.2445;8.60685;2670.68;5.17517;0;0;0.1;0.01;0;5.62919;0;0;-1
0;520;75.2979;-14.4428;-10.8539;10.4528;4783.95;6.28512;0;0;0.1;0.01;0;7.80068;0;0;-1
0;521;74.9434;1.12018;-10.9928;8.5;2572.44;5.11093;0;0;0.1;0.01;0;6.16615;1;0;-1
0;522;76.6076;18.0117;-13.3405;8.69993;2758.26;5.23114;0;0;0.1;0.01;0;5.75006;0;0;-1
0;523;75.0697;34.8554;-12.7105;8.5;2572.44;5.11093;0;0;0.1;0.01;0;5.25393;1;0;-1
0;524;75.3385;51.482;-10.2293;9.24246;3307.13;5.55736;0;0;0.1;0.01;0;5.72127;0;0;-1
0;525;89.5856;-22.1755;-11.9589;8.5;2572.44;5.11093;0;0;0.1;0.01;0;3.78966;1;0;-1
0;526;90.07;-4.25214;-10.1471;9.67018;3787.85;5.81454;0;0;0.1;0.01;0;4.1197;0;0;-1
0;527;89.5556;12.0087;-11.0245;8.94815;3001.15;5.38039;0;0;0.1;0.01;0;4.80303;0;0;-1
0;528;89.4282;27.0261;-11.2013;8.57982;2645.59;5.15892;0;0;0.1;0.01;0;4.51365;0;0;-1
0;529;89.2354;43.5645;-9.84636;10.0381;4236.85;6.03576;0;0;0.1;0.01;0;3.29307;0;0;-1
0;530;-93.9367;-16.575;2.40116;9.45997;3546.16;5.68814;0;0;0.1;0.01;0;3.17058;0;0;-1
0;531;-95.6835;2.72619;3.43483;9.65336;3768.11;5.80443;0;0;0.1;0.01;0;3.78428;0;0;-1
0;532;-95.907;18.6873;2.16097;10.2032;4449.36;6.13504;0;0;0.1;0.01;0;3.23852;0;0;-1
0;533;-79.6778;-55.9219;3.0347;8.5;2572.44;5.11093;0;0;0.1;0.01;0;2.63837;1;0;-1
0;534;-82.6284;-41.5219;4.68;9.80047;3943.02;5.89288;0;0;0.1;0.01;0;4.17453;0;0;-1
0;535;-80.5969;-23.2259;2.97201;9.80139;3944.13;5.89343;0;0;0.1;0.01;0;6.45385;0;0;-1
0;536;-79.8679;-6.13459;3.72382;9.46528;3552.13;5.69134;0;0;0.1;0.01;0;5.92394;0;0;-1
0;537;-81.7915;10.3571;2.71562;8.90491;2957.86;5.35439;0;0;0.1;0.01;0;4.70878;0;0;-1
0;538;-80.6021;25.4927;1.20867;8.5;2572.44;5.11093;0;0;0.1;0.01;0;3.69541;1;0;-1
0;539;-82.6822;44.0736;2.76844;10.2457;4505.19;6.16059;0;0;0.1;0.01;0;4.4229;0;0;-1
0;540;-78.9051;61.127;3.37623;9.4202;3501.62;5.66423;0;0;0.1;0.01;0;2.55888;0;0;-1
0;541;-63.8841;-65.508;1.67917;8.86781;2921.04;5.33209;0;0;0.1;0.01;0;4.0085;0;0;-1
0;542;-64.28;-47.2853;4.39837;10.2617;4526.33;6.17021;0;0;0.1;0.01;0;6.23299;0;0;-1
0;543;-68.39;-33.0501;3.5562;8.92266;2975.58;5.36507;0;0;0.1;0.01;0;5.75875;0;0;-1
0;544;-67.7977;-14.822;1.72423;10.4365;4761.6;6.27532;0;0;0.1;0.01;0;6.92581;0;0;-1
0;545;-67.1947;0.39916;3.7358;10.3306;4618.12;6.21164;0;0;0.1;0.01;0;6.93367;0;0;-1
0;546;-64.73;17.1301;3.36624;10.4477;4776.95;6.28205;0;0;0.1;0.01;0;6.01896;0;0;-1
0;547;-65.1801;36.5246;3.09621;10.4249;4745.74;6.26834;0;0;0.1;0.01;0;6.60246;0;0;-1
0;548;-65.5685;52.0321;3.22843;9.47993;3568.65;5.70014;0;0;0.1;0.01;0;5.47859;0;0;-1
0;549;-64.9448;70.4149;3.16177;8.5;2572.44;5.11093;0;0;0.1;0.01;0;2.34906;1;0;-1
0;550;-49.9072;-75.3326;3.24044;8.5823;2647.89;5.16041;0;0;0.1;0.01;0;5.00682;0;0;-1
0;551;-50.3448;-59.3911;4.21586;8.71413;2771.79;5.23968;0;0;0.1;0.01;0;5.50646;0;0;-1
0;552;-50.9529;-42.3301;3.33663;8.72965;2786.63;5.24901;0;0;0.1;0.01;0;5.46227;0;0;-1
0;553;-52.1147;-24.4756;3.65146;8.58632;2651.61;5.16283;0;0;0.1;0.01;0;4.18318;0;0;-1
0;554;-49.64;-5.37306;2.14937;8.5;2572.44;5.11093;0;0;0.1;0.01;0;4.35288;1;0;-1
0;555;-52.2987;10.0592;3.7517;8.5;2572.44;5.11093;0;0;0.1;0.01;0;4.98721;1;0;-1
0;556;-52.7559;25.8319;2.70064;8.5;2572.44;5.11093;0;0;0.1;0.01;0;5.48438;1;0;-1
0;557;-50.2685;42.9857;5.11811;9.8444;3996.28;5.91929;0;0;0.1;0.01;0;5.9724;0;0;-1
0;558;-50.7525;63.4586;1.83072;9.04923;3104.01;5.44117;0;0;0.1;0.01;0;5.2141;0;0;-1
0;559;-51.4584;78.1222;1.28865;9.76208;3896.87;5.8698;0;0;0.1;0.01;0;4.43702;0;0;-1
0;560;-34.9772;-84.0148;3.44712;9.36644;3442.01;5.6319;0;0;0.1;0.01;0;5.15503;0;0;-1
0;561;-38.5;-67.388;3.24431;9.15764;3216.91;5.50636;0;0;0.1;0.01;0;5.35496;0;0;-1
0;562;-36.7052;-50.3888;4.11756;8.5;2572.44;5.11093;0;0;0.1;0.01;0;5.17199;1;0;-1
0;563;-35.8332;-32.625;2.67813;9.95707;4135.07;5.98704;0;0;0.1;0.01;0;6.05395;0;0;-1
0;564;-38.0785;-14.0892;3.15111;8.97516;3028.41;5.39663;0;0;0.1;0.01;0;4.98318;0;0;-1
0;565;-36.6321;3.18049;4.03634;8.90095;2953.91;5.35201;0;0;0.1;0.01;0;5.85597;0;0;-1
0;566;-38.14;19.9744;2.91641;10.1518;4382.46;6.10413;0;0;0.1;0.01;0;6.86609;0;0;-1
0;567;-38.1941;36.3096;1.02497;8.89588;2948.87;5.34896;0;0;0.1;0.01;0;5.93093;0;0;-1
0;568;-35.4184;50.8441;2.86059;9.82839;3976.82;5.90967;0;0;0.1;0.01;0;5.01477;0;0;-1
0;569;-35.7474;71.742;1.34039;10.4423;4769.55;6.2788;0;0;0.1;0.01;0;6.28648;0;0;-1
0;570;-35.3275;87.8907;3.28988;9.58234;3685.56;5.76172;0;0;0.1;0.01;0;5.14513;0;0;-1
0;571;-20.7787;-93.6596;1.6035;9.51832;3612.18;5.72323;0;0;0.1;0.01;0;4.31174;0;0;-1
0;572;-20.5644;-76.6068;4.59512;8.53528;2604.61;5.13214;0;0;0.1;0.01;0;5.26593;0;0;-1
0;573;-23.6217;-57.6387;1.54273;9.2155;3278.27;5.54115;0;0;0.1;0.01;0;6.00342;0;0;-1
0;574;-23.2224;-40.3611;2.14401;9.25268;3318.11;5.5635;0;0;0.1;0.01;0;6.41877;0;0;-1
0;575;-21.166;-23.0793;3.56765;8.5;2572.44;5.11093;0;0;0.1;0.01;0;5.39957;1;0;-1
0;576;-20.5795;-5.19278;3.34604;8.55675;2624.31;5.14505;0;0;0.1;0.01;0;6.16175;0;0;-1
0;577;-20.1918;9.99152;4.07044;10.1133;4332.79;6.08098;0;0;0.1;0.01;0;6.89969;0;0;-1
0;578;-23.9353;27.5232;1.88952;8.5874;2652.61;5.16348;0;0;0.1;0.01;0;3.99339;0;0;-1
0;579;-19.9326;46.9955;1.83195;9.19996;3261.72;5.5318;0;0;0.1;0.01;0;4.54693;0;0;-1
0;580;-22.0306;63.3246;2.16969;9.89483;4058.01;5.94962;0;0;0.1;0.01;0;6.6584;0;0;-1
0;581;-22.1884;77.5574;1.90486;9.60554;3712.39;5.77567;0;0;0.1;0.01;0;6.19799;0;0;-1
0;582;-23.3656;96.2352;1.35769;9.90756;4073.7;5.95727;0;0;0.1;0.01;0;3.41985;0;0;-1
0;583;-7.07134;-98.9517;0.926018;10.0776;4287.06;6.05951;0;0;0.1;0.01;0;2.9741;0;0;-1
0;584;-5.64556;-81.0568;3.70779;8.73414;2790.93;5.25171;0;0;0.1;0.01;0;5.62655;0;0;-1
0;585;-9.08418;-66.6469;2.76995;10.3839;4689.97;6.24369;0;0;0.1;0.01;0;5.75303;0;0;-1
0;586;-7.6362;-49.2473;2.31299;8.64791;2709.08;5.19986;0;0;0.1;0.01;0;5.09665;0;0;-1
0;587;-7.46606;-29.9751;2.51866;9.4445;3528.79;5.67884;0;0;0.1;0.01;0;6.35393;0;0;-1
0;588;-8.78057;-14.192;3.12012;9.71029;3835.18;5.83866;0;0;0.1;0.01;0;6.88173;0;0;-1
0;589;-7.88808;1.80263;3.7774;8.5;2572.44;5.11093;0;0;0.1;0.01;0;5.89893;1;0;-1
0;590;-6.29812;17.3581;1.34211;8.51996;2590.61;5.12293;0;0;0.1;0.01;0;5.93125;0;0;-1
0;591;-6.16367;34.6526;3.70104;9.22465;3288.05;5.54665;0;0;0.1;0.01;0;5.50915;0;0;-1
0;592;-5.75996;51.802;3.54214;8.5;2572.44;5.11093;0;0;0.1;0.01;0;5.86972;1;0;-1
0;593;-7.5673;71.7843;2.33019;10.3283;4615.04;6.21026;0;0;0.1;0.01;0;6.8555;0;0;-1
0;594;-9.20857;88.3804;3.67928;9.77079;3907.31;5.87503;0;0;0.1;0.01;0;4.97544;0;0;-1
0;595;8.03994;-92.1755;3.0991;8.71605;2773.63;5.24083;0;0;0.1;0.01;0;4.70608;0;0;-1
0;596;8.63643;-76.092;1.82817;9.61678;3725.44;5.78243;0;0;0.1;0.01;0;7.03924;0;0;-1
0;597;5.95271;-58.9244;1.68816;10.096;4310.59;6.07058;0;0;0.1;0.01;0;6.9185;0;0;-1
0;598;7.03523;-42.7383;3.59153;9.83689;3987.15;5.91478;0;0;0.1;0.01;0;6.72684;0;0;-1
0;599;7.54639;-24.9352;1.84675;9.5353;3631.55;5.73344;0;0;0.1;0.01;0;6.50728;0;0;-1
0;600;9.35892;-8.46369;4.44424;10.1237;4346.17;6.08723;0;0;0.1;0.01;0;5.93155;0;0;-1
0;601;5.7372;10.4477;2.77262;8.89902;2951.99;5.35085;0;0;0.1;0.01;0;4.9596;0;0;-1
0;602;7.62612;25.4197;2.11878;9.91149;4078.55;5.95964;0;0;0.1;0.01;0;6.08844;0;0;-1
0;603;8.38187;44.0606;2.35005;8.5;2572.44;5.11093;0;0;0.1;0.01;0;5.04403;1;0;-1
0;604;6.90806;60.3887;1.62581;8.5;2572.44;5.11093;0;0;0.1;0.01;0;5.65625;1;0;-1
0;605;8.80146;76.5053;2.68151;8.62821;2690.61;5.18802;0;0;0.1;0.01;0;5.79841;0;0;-1
0;606;5.61283;97.905;1.52147;9.70502;3828.93;5.83549;0;0;0.1;0.01;0;2.82625;0;0;-1
0;607;20.454;-85.2863;2.17652;8.5;2572.44;5.11093;0;0;0.1;0.01;0;4.15385;1;0;-1
0;608;23.7057;-66.3253;2.74436;10.1485;4378.19;6.10215;0;0;0.1;0.01;0;5.92215;0;0;-1
0;609;22.3828;-47.3558;4.387;8.61569;2678.91;5.18049;0;0;0.1;0.01;0;4.5824;0;0;-1
0;610;21.7426;-31.0856;1.47849;8.5;2572.44;5.11093;0;0;0.1;0.01;0;5.7901;1;0;-1
0;611;21.4334;-14.7087;1.49919;8.5;2572.44;5.11093;0;0;0.1;0.01;0;5.46935;1;0;-1
0;612;23.2026;4.33574;1.19725;9.49255;3582.92;5.70773;0;0;0.1;0.01;0;5.44807;0;0;-1
0;613;23.3888;20.8306;4.67736;9.56391;3664.33;5.75064;0;0;0.1;0.01;0;6.83769;0;0;-1
0;614;21.9843;37.2973;4.96387;8.5;2572.44;5.11093;0;0;0.1;0.01;0;5.65957;1;0;-1
0;615;22.7778;51.423;3.72407;9.88732;4048.78;5.9451;0;0;0.1;0.01;0;6.64377;0;0;-1
0;616;21.1344;67.7538;1.65579;9.16445;3224.09;5.51045;0;0;0.1;0.01;0;5.95642;0;0;-1
0;617;21.4055;89.4961;1.13841;10.1186;4339.6;6.08417;0;0;0.1;0.01;0;4.04332;0;0;-1
0;618;38.0423;-75.9266;1.65997;9.44408;3528.32;5.67859;0;0;0.1;0.01;0;6.03385;0;0;-1
0;619;38.5563;-59.6027;4.0269;8.64248;2703.98;5.1966;0;0;0.1;0.01;0;5.22659;0;0;-1
0;620;34.9005;-40.1482;3.41341;8.9796;3032.91;5.3993;0;0;0.1;0.01;0;5.44875;0;0;-1
0;621;35.0464;-25.7229;1.20024;9.54414;3641.66;5.73875;0;0;0.1;0.01;0;6.10584;0;0;-1
0;622;38.0208;-8.85154;4.48581;9.35846;3433.22;5.62711;0;0;0.1;0.01;0;6.01353;0;0;-1
0;623;37.2346;9.08688;1.4528;9.51894;3612.89;5.7236;0;0;0.1;0.01;0;5.74802;0;0;-1
0;624;36.6616;27.2502;2.8743;9.98295;4167.4;6.0026;0;0;0.1;0.01;0;6.51362;0;0;-1
0;625;35.9288;44.5349;1.21437;10.3932;4702.58;6.24928;0;0;0.1;0.01;0;6.87881;0;0;-1
0;626;36.0988;62.7065;3.83116;10.293;4567.88;6.18903;0;0;0.1;0.01;0;7.82422;0;0;-1
0;627;37.6629;80.0035;2.52529;10.395;4705.03;6.25036;0;0;0.1;0.01;0;5.13877;0;0;-1
0;628;50.8381;-83.5292;2.89707;8.5;2572.44;5.11093;0;0;0.1;0.01;0;2.98992;1;0;-1
0;629;52.1832;-64.6128;4.04706;9.83279;3982.16;5.91231;0;0;0.1;0.01;0;5.5854;0;0;-1
0;630;50.3192;-48.4665;3.25977;10.1367;4362.93;6.09505;0;0;0.1;0.01;0;6.36195;0;0;-1
0;631;53.4029;-33.6512;4.79324;8.5;2572.44;5.11093;0;0;0.1;0.01;0;5.81265;1;0;-1
0;632;51.3836;-15.8295;2.99743;8.60239;2666.53;5.17249;0;0;0.1;0.01;0;5.11935;0;0;-1
0;633;52.1563;1.13749;2.4683;8.51441;2585.55;5.11959;0;0;0.1;0.01;0;5.43538;0;0;-1
0;634;52.3732;17.0455;1.66592;9.47502;3563.11;5.69719;0;0;0.1;0.01;0;7.3123;0;0;-1
0;635;50.1824;34.3893;2.73831;9.80689;3950.78;5.89674;0;0;0.1;0.01;0;6.2314;0;0;-1
0;636;51.3815;54.628;4.70224;8.5;2572.44;5.11093;0;0;0.1;0.01;0;5.01711;1;0;-1
0;637;50.0055;67.7095;3.25835;9.09874;3155.24;5.47094;0;0;0.1;0.01;0;4.69971;0;0;-1
0;638;68.0532;-56.0607;4.68332;9.91865;4087.39;5.96394;0;0;0.1;0.01;0;4.38754;0;0;-1
0;639;67.5934;-39.0443;2.40281;9.67029;3787.97;5.81461;0;0;0.1;0.01;0;7.09034;0;0;-1
0;640;64.732;-24.1621;3.89894;8.59961;2663.94;5.17082;0;0;0.1;0.01;0;5.67889;0;0;-1
0;641;67.8248;-6.65401;4.42524;8.5;2572.44;5.11093;0;0;0.1;0.01;0;4.86679;1;0;-1
0;642;65.6271;12.1998;3.83143;10.2544;4516.68;6.16582;0;0;0.1;0.01;0;6.72116;0;0;-1
0;643;65.4869;25.9274;3.9422;8.5;2572.44;5.11093;0;0;0.1;0.01;0;6.09779;1;0;-1
0;644;66.9183;44.3136;4.35675;9.40417;3483.77;5.65459;0;0;0.1;0.01;0;5.69767;0;0;-1
0;645;67.4265;60.1774;4.32318;9.78995;3930.34;5.88655;0;0;0.1;0.01;0;4.46685;0;0;-1
0;646;82.3269;-47.3947;5.10598;9.16647;3226.23;5.51167;0;0;0.1;0.01;0;3.67512;0;0;-1
0;647;82.1703;-33.1093;3.18425;10.4059;4719.84;6.25692;0;0;0.1;0.01;0;5.82318;0;0;-1
0;648;81.3974;-15.7988;3.84053;9.58771;3691.76;5.76495;0;0;0.1;0.01;0;6.48917;0;0;-1
0;649;79.7733;0.057939;1.87781;9.17655;3236.88;5.51773;0;0;0.1;0.01;0;5.72875;0;0;-1
0;650;80.9772;18.2536;2.44425;9.17519;3235.44;5.51691;0;0;0.1;0.01;0;6.64325;0;0;-1
0;651;82.5353;36.1046;4.09139;10.3563;4652.67;6.22709;0;0;0.1;0.01;0;5.55212;0;0;-1
0;652;82.8019;55.301;4.8985;9.98006;4163.78;6.00087;0;0;0.1;0.01;0;2.84956;0;0;-1
0;653;95.8394;-23.3869;2.10073;10.372;4673.86;6.23653;0;0;0.1;0.01;0;3.62785;0;0;-1
0;654;96.3567;-7.56291;4.22427;9.30892;3378.99;5.59732;0;0;0.1;0.01;0;3.40655;0;0;-1
0;655;94.5278;12.1156;1.9355;9.59168;3696.35;5.76734;0;0;0.1;0.01;0;4.21241;0;0;-1
0;656;94.3139;26.6337;4.47977;10.0281;4224.2;6.02975;0;0;0.1;0.01;0;4.46343;0;0;-1
0;657;-86.8357;-40.7518;19.2021;10.0139;4206.28;6.02121;0;0;0.1;0.01;0;3.22234;0;0;-1
0;658;-85.0815;-21.1745;18.5572;9.39531;3473.94;5.64926;0;0;0.1;0.01;0;3.28298;0;0;-1
0;659;-84.8784;-4.98713;19.2709;9.9256;4095.99;5.96812;0;0;0.1;0.01;0;4.60551;0;0;-1
0;660;-86.6468;10.4806;17.1888;9.41782;3498.97;5.6628;0;0;0.1;0.01;0;4.71535;0;0;-1
0;661;-85.7212;27.1091;18.3057;8.5;2572.44;5.11093;0;0;0.1;0.01;0;3.21752;1;0;-1
0;662;-84.2557;45.3312;18.9283;8.68184;2741.09;5.22026;0;0;0.1;0.01;0;2.72854;0;0;-1
0;663;-72.1093;-63.6409;19.8416;9.46219;3548.65;5.68948;0;0;0.1;0.01;0;3.3554;0;0;-1
0;664;-70.8114;-48.5644;16.6732;9.04696;3101.68;5.43981;0;0;0.1;0.01;0;6.11109;0;0;-1
0;665;-68.9859;-33.8716;19.1867;8.5;2572.44;5.11093;0;0;0.1;0.01;0;5.46776;1;0;-1
0;666;-71.9603;-13.1858;19.0198;9.90376;4069.01;5.95499;0;0;0.1;0.01;0;7.23641;0;0;-1
0;667;-69.3909;2.17311;19.707;9.7357;3865.36;5.85394;0;0;0.1;0.01;0;6.93315;0;0;-1
0;668;-70.2511;18.6406;19.3026;9.64972;3763.85;5.80224;0;0;0.1;0.01;0;5.80187;0;0;-1
0;669;-70.2919;34.2554;16.7457;8.77909;2834.24;5.27874;0;0;0.1;0.01;0;4.3238;0;0;-1
0;670;-70.2538;52.8829;16.2646;8.5;2572.44;5.11093;0;0;0.1;0.01;0;3.91732;1;0;-1
0;671;-58.0213;-74.9457;17.1199;10.065;4271;6.05194;0;0;0.1;0.01;0;4.51596;0;0;-1
0;672;-57.4966;-58.6519;18.7032;9.47117;3558.77;5.69488;0;0;0.1;0.01;0;6.43886;0;0;-1
0;673;-56.2005;-39.5377;17.4547;10.2399;4497.55;6.1571;0;0;0.1;0.01;0;7.40187;0;0;-1
0;674;-57.0849;-23.2722;16.9153;8.9323;2985.23;5.37086;0;0;0.1;0.01;0;5.7329;0;0;-1
0;675;-55.1846;-6.46203;16.0515;9.97374;4155.88;5.99707;0;0;0.1;0.01;0;6.24422;0;0;-1
0;676;-57.1262;8.61518;17.4138;8.70387;2762.01;5.23351;0;0;0.1;0.01;0;5.38342;0;0;-1
0;677;-55.3804;26.7715;16.7939;9.65507;3770.12;5.80545;0;0;0.1;0.01;0;5.70875;0;0;-1
0;678;-54.9727;46.9004;18.9456;8.5;2572.44;5.11093;0;0;0.1;0.01;0;4.35304;1;0;-1
0;679;-53.9869;61.935;18.2838;8.67427;2733.93;5.21571;0;0;0.1;0.01;0;3.80697;0;0;-1
0;680;-53.7952;78.0483;19.6579;9.60026;3706.27;5.7725;0;0;0.1;0.01;0;2.63975;0;0;-1
0;681;-41.6955;-84.6167;16.849;9.64536;3758.75;5.79962;0;0;0.1;0.01;0;4.32818;0;0;-1
0;682;-40.6331;-67.4675;17.7341;8.98447;3037.85;5.40223;0;0;0.1;0.01;0;5.51552;0;0;-1
0;683;-40.4672;-47.7819;16.7426;9.09298;3149.25;5.46748;0;0;0.1;0.01;0;5.26081;0;0;-1
0;684;-42.5271;-33.0271;18.1942;9.56256;3662.78;5.74983;0;0;0.1;0.01;0;6.35328;0;0;-1
0;685;-42.1546;-13.7542;16.4879;8.5;2572.44;5.11093;0;0;0.1;0.01;0;4.91488;1;0;-1
0;686;-39.9901;2.27834;17.7243;8.8338;2887.56;5.31164;0;0;0.1;0.01;0;5.0832;0;0;-1
0;687;-42.2088;18.6844;18.4641;8.81873;2872.81;5.30257;0;0;0.1;0.01;0;5.43351;0;0;-1
0;688;-41.1666;33.7382;18.2735;8.97255;3025.77;5.39506;0;0;0.1;0.01;0;5.1907;0;0;-1
0;689;-39.7056;53.2162;18.5423;8.97931;3032.62;5.39913;0;0;0.1;0.01;0;4.73798;0;0;-1
0;690;-39.5846;71.4838;16.3993;10.2106;4459.05;6.13949;0;0;0.1;0.01;0;5.9037;0;0;-1
0;691;-41.5981;87.7453;18.5415;8.98874;3042.18;5.4048;0;0;0.1;0.01;0;2.93164;0;0;-1
0;692;-27.7616;-93.4569;16.8268;10.4523;4783.26;6.28482;0;0;0.1;0.01;0;3.9793;0;0;-1
0;693;-27.5097;-72.8543;18.5006;9.83112;3980.13;5.91131;0;0;0.1;0.01;0;6.16553;0;0;-1
0;694;-25.3752;-56.7091;16.2799;8.5;2572.44;5.11093;0;0;0.1;0.01;0;4.44922;1;0;-1
0;695;-24.5012;-40.3795;17.8389;8.88227;2935.35;5.34078;0;0;0.1;0.01;0;5.48545;0;0;-1
0;696;-28.3606;-24.7212;16.315;9.59361;3698.58;5.7685;0;0;0.1;0.01;0;6.04751;0;0;-1
0;697;-28.3777;-7.18778;16.0139;9.33032;3402.34;5.61019;0;0;0.1;0.01;0;5.29373;0;0;-1
0;698;-26.9596;10.6809;16.4898;9.60486;3711.6;5.77526;0;0;0.1;0.01;0;6.09193;0;0;-1
0;699;-27.4524;28.0483;17.3653;9.05772;3112.76;5.44628;0;0;0.1;0.01;0;5.1288;0;0;-1
0;700;-25.4606;45.9294;17.6336;9.58543;3689.13;5.76358;0;0;0.1;0.01;0;5.76545;0;0;-1
0;701;-28.1551;62.0572;16.4065;9.01678;3070.74;5.42166;0;0;0.1;0.01;0;5.90468;0;0;-1
0;702;-27.414;80.4135;16.3138;10.1887;4430.42;6.12632;0;0;0.1;0.01;0;5.89095;0;0;-1
0;703;-13.2914;-83.6085;17.6356;9.77088;3907.42;5.87509;0;0;0.1;0.01;0;5.45671;0;0;-1
0;704;-13.735;-65.6499;17.0207;8.5;2572.44;5.11093;0;0;0.1;0.01;0;4.20935;1;0;-1
0;705;-11.1804;-47.5299;16.2688;9.7905;3931;5.88689;0;0;0.1;0.01;0;5.45148;0;0;-1
0;706;-12.3528;-30.7841;19.3462;8.63701;2698.85;5.19331;0;0;0.1;0.01;0;5.76296;0;0;-1
0;707;-11.5502;-16.1863;17.4749;9.71429;3839.92;5.84106;0;0;0.1;0.01;0;6.34287;0;0;-1
0;708;-13.6681;1.66169;17.1285;10.0878;4300.09;6.06565;0;0;0.1;0.01;0;7.0241;0;0;-1
0;709;-13.1807;20.7907;16.6109;10.0841;4295.36;6.06342;0;0;0.1;0.01;0;6.27008;0;0;-1
0;710;-10.9536;37.3193;17.2903;8.97727;3030.55;5.3979;0;0;0.1;0.01;0;5.49435;0;0;-1
0;711;-10.02;52.3621;18.3003;10.1287;4352.61;6.09024;0;0;0.1;0.01;0;6.6432;0;0;-1
0;712;-11.6708;68.4262;18.3705;8.59754;2662.02;5.16958;0;0;0.1;0.01;0;5.20908;0;0;-1
0;713;-11.0514;85.2627;18.667;8.5;2572.44;5.11093;0;0;0.1;0.01;0;3.73733;1;0;-1
0;714;1.68439;-91.9856;17.4376;10.248;4508.23;6.16197;0;0;0.1;0.01;0;3.90792;0;0;-1
0;715;4.5831;-72.2727;15.9852;8.68782;2746.76;5.22386;0;0;0.1;0.01;0;5.15335;0;0;-1
0;716;2.81825;-56.9705;17.3295;8.5;2572.44;5.11093;0;0;0.1;0.01;0;5.54454;1;0;-1
0;717;2.96162;-39.8548;16.6744;9.887;4048.39;5.94491;0;0;0.1;0.01;0;6.58704;0;0;-1
0;718;2.38617;-24.4666;16.465;8.82136;2875.38;5.30416;0;0;0.1;0.01;0;5.63607;0;0;-1
0;719;4.97492;-8.37346;17.1121;8.57217;2638.52;5.15432;0;0;0.1;0.01;0;4.74398;0;0;-1
0;720;4.17253;9.65044;16.3843;9.89258;4055.25;5.94826;0;0;0.1;0.01;0;4.89029;0;0;-1
0;721;2.15979;28.5059;16.6425;9.95865;4137.04;5.98799;0;0;0.1;0.01;0;6.24712;0;0;-1
0;722;2.53198;46.1853;15.617;8.5982;2662.63;5.16997;0;0;0.1;0.01;0;5.80243;0;0;-1
0;723;2.66199;63.4034;15.8909;10.4039;4717.12;6.25571;0;0;0.1;0.01;0;6.71283;0;0;-1
0;724;0.992801;77.9645;15.933;8.66392;2724.16;5.20949;0;0;0.1;0.01;0;5.6849;0;0;-1
0;725;4.69627;93.0889;17.7723;8.70908;2766.98;5.23664;0;0;0.1;0.01;0;2.89488;0;0;-1
0;726;17.7789;-82.3824;17.1049;10.0453;4245.97;6.04009;0;0;0.1;0.01;0;5.13193;0;0;-1
0;727;15.801;-64.4132;16.3831;8.5;2572.44;5.11093;0;0;0.1;0.01;0;4.94375;1;0;-1
0;728;16.0227;-50.0844;18.3093;9.61978;3728.93;5.78423;0;0;0.1;0.01;0;5.5538;0;0;-1
0;729;18.9329;-33.979;18.1009;8.5;2572.44;5.11093;0;0;0.1;0.01;0;4.31602;1;0;-1
0;730;18.3555;-17.0124;17.3396;9.30503;3374.75;5.59498;0;0;0.1;0.01;0;5.77554;0;0;-1
0;731;17.4632;2.71552;18.4854;8.54447;2613.03;5.13767;0;0;0.1;0.01;0;4.73852;0;0;-1
0;732;16.577;21.1414;16.2216;9.14026;3198.63;5.49591;0;0;0.1;0.01;0;6.27573;0;0;-1
0;733;16.5152;37.0709;17.4464;8.88866;2941.69;5.34462;0;0;0.1;0.01;0;5.88899;0;0;-1
0;734;19.6675;52.9284;17.6925;8.85858;2911.93;5.32654;0;0;0.1;0.01;0;5.16758;0;0;-1
0;735;16.4143;69.7796;17.3939;8.51644;2587.4;5.12081;0;0;0.1;0.01;0;5.15591;0;0;-1
0;736;17.9152;85.6757;16.458;9.17315;3233.29;5.51568;0;0;0.1;0.01;0;3.56735;0;0;-1
0;737;33.1725;-92.4877;15.9344;9.05955;3114.64;5.44738;0;0;0.1;0.01;0;1.68969;0;0;-1
0;738;33.7881;-73.7687;16.0986;9.51316;3606.31;5.72013;0;0;0.1;0.01;0;5.47827;0;0;-1
0;739;33.1793;-55.249;18.0167;9.15668;3215.9;5.50578;0;0;0.1;0.01;0;4.54213;0;0;-1
0;740;33.6509;-39.0281;18.0723;8.5;2572.44;5.11093;0;0;0.1;0.01;0;5.33039;1;0;-1
0;741;31.4367;-24.4872;16.3391;9.37929;3456.2;5.63963;0;0;0.1;0.01;0;6.48341;0;0;-1
0;742;30.7119;-8.06305;18.5947;9.30862;3378.66;5.59714;0;0;0.1;0.01;0;5.49802;0;0;-1
0;743;30.5329;11.5674;17.0198;8.87722;2930.35;5.33774;0;0;0.1;0.01;0;5.13361;0;0;-1
0;744;32.0909;26.8749;16.7663;8.78131;2836.39;5.28007;0;0;0.1;0.01;0;5.40296;0;0;-1
0;745;33.2152;45.7686;16.5223;8.5;2572.44;5.11093;0;0;0.1;0.01;0;5.29053;1;0;-1
0;746;30.4872;63.4362;19.4801;9.08213;3137.99;5.46095;0;0;0.1;0.01;0;6.81701;0;0;-1
0;747;30.6479;77.813;17.8487;9.25776;3323.58;5.56656;0;0;0.1;0.01;0;5.18461;0;0;-1
0;748;45.3098;-81.2476;16.0855;9.99665;4184.58;6.01084;0;0;0.1;0.01;0;4.70877;0;0;-1
0;749;48.9059;-67.6433;17.0051;8.61752;2680.62;5.18159;0;0;0.1;0.01;0;5.08423;0;0;-1
0;750;47.5108;-48.1684;18.5906;8.5;2572.44;5.11093;0;0;0.1;0.01;0;4.60323;1;0;-1
0;751;46.7608;-31.8965;16.6122;9.52674;3621.78;5.72829;0;0;0.1;0.01;0;6.83001;0;0;-1
0;752;46.3605;-15.317;17.5042;9.96599;4146.2;5.99241;0;0;0.1;0.01;0;6.40229;0;0;-1
0;753;46.2058;4.39582;19.4788;9.61473;3723.06;5.7812;0;0;0.1;0.01;0;5.43177;0;0;-1
0;754;48.7915;20.4691;17.3368;9.77667;3914.37;5.87857;0;0;0.1;0.01;0;6.22937;0;0;-1
0;755;46.8583;34.8798;18.9813;8.5;2572.44;5.11093;0;0;0.1;0.01;0;5.23538;1;0;-1
0;756;45.0833;54.0896;16.5903;10.1386;4365.39;6.09619;0;0;0.1;0.01;0;6.57298;0;0;-1
0;757;46.9805;68.98;17.7806;8.7934;2848.13;5.28734;0;0;0.1;0.01;0;5.04215;0;0;-1
0;758;45.9435;86.0479;19.6661;8.5;2572.44;5.11093;0;0;0.1;0.01;0;1.28179;1;0;-1
0;759;61.222;-75.4445;17.4887;9.74749;3879.42;5.86102;0;0;0.1;0.01;0;2.82184;0;0;-1
0;760;62.3091;-57.9516;18.167;8.5;2572.44;5.11093;0;0;0.1;0.01;0;4.94665;1;0;-1
0;761;62.5604;-38.7135;16.7008;10.097;4311.87;6.07118;0;0;0.1;0.01;0;7.49625;0;0;-1
0;762;60.422;-24.2785;16.5085;9.90118;4065.83;5.95344;0;0;0.1;0.01;0;7.54597;0;0;-1
0;763;60.3746;-7.40379;16.7497;8.93108;2984.01;5.37013;0;0;0.1;0.01;0;4.81172;0;0;-1
0;764;62.4573;10.6032;16.9667;9.45392;3539.36;5.6845;0;0;0.1;0.01;0;5.78089;0;0;-1
0;765;61.6882;28.5327;16.4781;10.2254;4478.47;6.14838;0;0;0.1;0.01;0;7.22242;0;0;-1
0;766;61.8675;45.2069;19.036;8.67367;2733.36;5.21535;0;0;0.1;0.01;0;6.07898;0;0;-1
0;767;62.2937;63.6374;19.0433;10.0225;4217.13;6.02638;0;0;0.1;0.01;0;4.83162;0;0;-1
0;768;75.9032;-50.2089;19.5144;8.70096;2759.24;5.23176;0;0;0.1;0.01;0;3.01406;0;0;-1
0;769;76.0487;-33.4791;18.341;10.0886;4301.12;6.06613;0;0;0.1;0.01;0;6.13433;0;0;-1
0;770;77.6177;-16.9561;16.7474;8.5;2572.44;5.11093;0;0;0.1;0.01;0;4.96254;1;0;-1
0;771;74.8828;0.853858;19.4068;8.71841;2775.88;5.24225;0;0;0.1;0.01;0;4.44561;0;0;-1
0;772;76.4928;20.1036;16.1844;9.82373;3971.16;5.90687;0;0;0.1;0.01;0;6.5383;0;0;-1
0;773;74.8193;37.92;19.0724;10.3722;4674.14;6.23665;0;0;0.1;0.01;0;6.73522;0;0;-1
0;774;76.5229;52.4256;18.7552;8.77615;2831.4;5.27697;0;0;0.1;0.01;0;4.58149;0;0;-1
0;775;91.5273;-22.0676;18.6385;9.7875;3927.39;5.88508;0;0;0.1;0.01;0;4.34559;0;0;-1
0;776;92.7441;-7.35262;19.934;8.5;2572.44;5.11093;0;0;0.1;0.01;0;2.62068;1;0;-1
0;777;91.6976;9.32678;16.224;9.05672;3111.73;5.44567;0;0;0.1;0.01;0;2.52739;0;0;-1
0;778;89.4645;26.8422;17.3892;9.35384;3428.14;5.62433;0;0;0.1;0.01;0;4.08023;0;0;-1
0;779;-93.586;2.41041;34.5661;8.55786;2625.33;5.14572;0;0;0.1;0.01;0;2.84515;0;0;-1
0;780;-82.0388;-39.7098;31.6309;9.85962;4014.85;5.92845;0;0;0.1;0.01;0;3.15616;0;0;-1
0;781;-79.6836;-25.0883;32.4535;9.32437;3395.84;5.60661;0;0;0.1;0.01;0;4.25354;0;0;-1
0;782;-78.9991;-6.09221;34.0243;9.22038;3283.49;5.54408;0;0;0.1;0.01;0;5.97787;0;0;-1
0;783;-80.1802;10.0462;31.8176;8.73128;2788.19;5.24999;0;0;0.1;0.01;0;4.89418;0;0;-1
0;784;-82.7005;25.8725;30.9247;9.40262;3482.05;5.65366;0;0;0.1;0.01;0;2.74848;0;0;-1
0;785;-79.9014;46.0322;31.3459;8.54151;2610.31;5.13589;0;0;0.1;0.01;0;2.20545;0;0;-1
0;786;-65.9602;-66.8921;33.9572;9.46889;3556.2;5.69351;0;0;0.1;0.01;0;3.41709;0;0;-1
0;787;-66.6275;-47.6755;32.2383;9.70994;3834.76;5.83845;0;0;0.1;0.01;0;4.79101;0;0;-1
0;788;-64.3035;-30.7698;34.2058;9.95636;4134.19;5.98661;0;0;0.1;0.01;0;6.55693;0;0;-1
0;789;-66.7729;-15.5656;31.0154;8.5;2572.44;5.11093;0;0;0.1;0.01;0;5.9537;1;0;-1
0;790;-65.6065;0.0149214;34.1228;8.9441;2997.08;5.37796;0;0;0.1;0.01;0;5.98631;0;0;-1
0;791;-66.5556;18.1299;33.8908;8.5;2572.44;5.11093;0;0;0.1;0.01;0;4.42952;1;0;-1
0;792;-64.41;35.172;31.6555;8.58667;2651.94;5.16304;0;0;0.1;0.01;0;4.16578;0;0;-1
0;793;-66.8402;53.0604;33.1997;9.91933;4088.23;5.96435;0;0;0.1;0.01;0;3.57461;0;0;-1
0;794;-53.1865;-73.3263;30.6202;10.1149;4334.84;6.08194;0;0;0.1;0.01;0;4.85126;0;0;-1
0;795;-50.1851;-58.7185;30.9857;9.48167;3570.62;5.70119;0;0;0.1;0.01;0;6.02679;0;0;-1
0;796;-49.8357;-38.404;31.6532;9.72083;3847.68;5.84499;0;0;0.1;0.01;0;6.12794;0;0;-1
0;797;-52.8073;-21.2969;31.1208;8.5;2572.44;5.11093;0;0;0.1;0.01;0;4.91629;1;0;-1
0;798;-52.7066;-7.29318;34.1926;9.66627;3783.25;5.81219;0;0;0.1;0.01;0;4.4792;0;0;-1
0;799;-51.6678;11.8703;31.7805;8.5;2572.44;5.11093;0;0;0.1;0.01;0;4.1623;1;0;-1
0;800;-50.7137;29.4029;32.6104;8.5;2572.44;5.11093;0;0;0.1;0.01;0;5.23662;1;0;-1
0;801;-52.7808;43.3436;33.1299;8.5;2572.44;5.11093;0;0;0.1;0.01;0;5.24105;1;0;-1
0;802;-51.6455;60.0669;33.9724;8.5;2572.44;5.11093;0;0;0.1;0.01;0;4.23959;1;0;-1
0;803;-35.6434;-85.3964;34.2822;10.1766;4414.65;6.11904;0;0;0.1;0.01;0;3.63781;0;0;-1
0;804;-38.0012;-66.3767;31.2886;8.5;2572.44;5.11093;0;0;0.1;0.01;0;4.55944;1;0;-1
0;805;-37.95;-47.2937;33.126;9.74583;3877.44;5.86003;0;0;0.1;0.01;0;5.96441;0;0;-1
0;806;-34.4754;-33.0313;33.0281;10.2533;4515.23;6.16516;0;0;0.1;0.01;0;6.52064;0;0;-1
0;807;-35.179;-16.2774;32.7172;8.8572;2910.57;5.32571;0;0;0.1;0.01;0;4.13034;0;0;-1
0;808;-35.3401;2.97933;32.2967;8.80953;2863.83;5.29704;0;0;0.1;0.01;0;4.53408;0;0;-1
0;809;-38.3065;17.6733;32.7595;8.96634;3019.49;5.39133;0;0;0.1;0.01;0;4.90138;0;0;-1
0;810;-36.9804;37.9462;31.6622;9.65063;3764.92;5.80278;0;0;0.1;0.01;0;6.08232;0;0;-1
0;811;-36.8443;52.4729;32.4191;8.9865;3039.91;5.40345;0;0;0.1;0.01;0;5.22397;0;0;-1
0;812;-37.9038;69.1946;32.1261;8.5;2572.44;5.11093;0;0;0.1;0.01;0;3.35725;1;0;-1
0;813;-20.9678;-91.0255;34.0217;9.86408;4020.3;5.93113;0;0;0.1;0.01;0;3.76605;0;0;-1
0;814;-22.9262;-74.3019;32.2333;8.5;2572.44;5.11093;0;0;0.1;0.01;0;5.11954;1;0;-1
0;815;-22.834;-57.0517;34.4228;8.61747;2680.57;5.18156;0;0;0.1;0.01;0;4.58637;0;0;-1
0;816;-21.8613;-42.7422;31.8895;8.61331;2676.69;5.17906;0;0;0.1;0.01;0;5.67944;0;0;-1
0;817;-20.4306;-21.6651;31.3816;8.5;2572.44;5.11093;0;0;0.1;0.01;0;3.95827;1;0;-1
0;818;-20.9574;-4.75636;34.0511;9.37895;3455.82;5.63943;0;0;0.1;0.01;0;5.90063;0;0;-1
0;819;-21.787;11.1947;31.6481;8.93559;2988.53;5.37284;0;0;0.1;0.01;0;5.87745;0;0;-1
0;820;-22.9968;29.3673;33.7819;9.49202;3582.32;5.70741;0;0;0.1;0.01;0;5.55466;0;0;-1
0;821;-20.7348;44.297;33.8147;9.19925;3260.96;5.53138;0;0;0.1;0.01;0;6.29483;0;0;-1
0;822;-20.4358;59.6981;30.9799;8.65751;2718.11;5.20564;0;0;0.1;0.01;0;5.12171;0;0;-1
0;823;-21.7701;76.7132;32.6724;10.0526;4255.24;6.04448;0;0;0.1;0.01;0;4.73932;0;0;-1
0;824;-6.81808;-81.4831;33.0045;10.2345;4490.44;6.15386;0;0;0.1;0.01;0;5.73677;0;0;-1
0;825;-7.58002;-65.8497;32.0379;9.11861;3175.96;5.48289;0;0;0.1;0.01;0;4.8521;0;0;-1
0;826;-8.80827;-46.943;30.791;9.1191;3176.47;5.48318;0;0;0.1;0.01;0;5.1516;0;0;-1
0;827;-5.46307;-32.6326;31.1683;8.5;2572.44;5.11093;0;0;0.1;0.01;0;4.74362;1;0;-1
0;828;-8.84131;-13.1766;31.5907;10.4144;4731.42;6.26203;0;0;0.1;0.01;0;6.59148;0;0;-1
0;829;-7.46502;3.47658;31.9516;9.30981;3379.96;5.59785;0;0;0.1;0.01;0;6.08611;0;0;-1
0;830;-6.85525;20.9987;33.636;10.0649;4270.88;6.05188;0;0;0.1;0.01;0;5.6751;0;0;-1
0;831;-7.47995;37.7983;34.0836;9.13604;3194.2;5.49337;0;0;0.1;0.01;0;6.14228;0;0;-1
0;832;-5.85277;51.7262;33.6906;8.5;2572.44;5.11093;0;0;0.1;0.01;0;5.49287;1;0;-1
0;833;-7.20247;69.7839;32.3964;8.73803;2794.66;5.25405;0;0;0.1;0.01;0;4.35133;0;0;-1
0;834;-6.78375;88.6508;31.1357;8.56897;2635.57;5.1524;0;0;0.1;0.01;0;2.16728;0;0;-1
0;835;8.24996;-89.4383;34.6579;8.757;2812.9;5.26546;0;0;0.1;0.01;0;3.18336;0;0;-1
0;836;7.70372;-74.4735;32.4983;10.4534;4784.77;6.28548;0;0;0.1;0.01;0;7.03434;0;0;-1
0;837;6.34575;-58.9474;31.8177;8.79873;2853.31;5.29055;0;0;0.1;0.01;0;5.1039;0;0;-1
0;838;8.48777;-42.9158;33.2007;10.0561;4259.68;6.04659;0;0;0.1;0.01;0;6.75101;0;0;-1
0;839;6.86533;-23.8829;32.7537;8.90408;2957.03;5.35389;0;0;0.1;0.01;0;4.87889;0;0;-1
0;840;7.21172;-6.04625;33.7255;9.87605;4034.95;5.93833;0;0;0.1;0.01;0;6.05152;0;0;-1
0;841;5.64937;8.79217;34.3843;9.10205;3158.68;5.47293;0;0;0.1;0.01;0;4.74217;0;0;-1
0;842;8.33781;27.8202;31.047;9.25309;3318.55;5.56375;0;0;0.1;0.01;0;5.15882;0;0;-1
0;843;6.79017;42.8929;30.5883;10.1876;4428.99;6.12566;0;0;0.1;0.01;0;6.4197;0;0;-1
0;844;8.63706;61.5779;30.9016;8.68436;2743.48;5.22178;0;0;0.1;0.01;0;4.75728;0;0;-1
0;845;9.12127;78.9355;31.902;9.46328;3549.88;5.69013;0;0;0.1;0.01;0;4.70623;0;0;-1
0;846;23.144;-82.664;33.8573;9.93443;4106.93;5.97343;0;0;0.1;0.01;0;4.76658;0;0;-1
0;847;22.649;-67.9643;33.0077;9.85623;4010.71;5.92641;0;0;0.1;0.01;0;5.40411;0;0;-1
0;848;23.8678;-47.7367;33.3884;8.90151;2954.47;5.35235;0;0;0.1;0.01;0;5.89568;0;0;-1
0;849;21.1356;-32.2898;32.4676;10.1635;4397.63;6.11117;0;0;0.1;0.01;0;7.038;0;0;-1
0;850;22.1149;-14.0045;32.2163;10.1553;4386.99;6.10623;0;0;0.1;0.01;0;6.79564;0;0;-1
0;851;22.3374;0.483352;30.9369;8.92445;2977.37;5.36614;0;0;0.1;0.01;0;5.12666;0;0;-1
0;852;23.0064;19.337;30.49;9.06881;3124.2;5.45294;0;0;0.1;0.01;0;4.82438;0;0;-1
0;853;22.11;37.557;33.9854;9.3486;3422.38;5.62118;0;0;0.1;0.01;0;5.73636;0;0;-1
0;854;23.7967;51.3899;32.5708;9.90615;4071.96;5.95642;0;0;0.1;0.01;0;6.8138;0;0;-1
0;855;22.3279;68.7547;31.0007;8.75237;2808.44;5.26267;0;0;0.1;0.01;0;5.90505;0;0;-1
0;856;20.8568;89.3887;34.222;9.34689;3420.5;5.62015;0;0;0.1;0.01;0;1.60321;0;0;-1
0;857;35.7823;-74.7221;32.7958;8.5;2572.44;5.11093;0;0;0.1;0.01;0;3.42731;1;0;-1
0;858;37.188;-55.0853;32.8392;9.55435;3653.36;5.74489;0;0;0.1;0.01;0;5.76291;0;0;-1
0;859;35.5732;-38.4162;30.8904;8.5;2572.44;5.11093;0;0;0.1;0.01;0;5.30913;1;0;-1
0;860;37.4999;-21.9796;32.1844;8.5;2572.44;5.11093;0;0;0.1;0.01;0;4.75414;1;0;-1
0;861;35.8999;-4.81437;33.2063;9.17157;3231.62;5.51473;0;0;0.1;0.01;0;5.72573;0;0;-1
0;862;38.7401;9.35471;32.4838;8.59517;2659.82;5.16815;0;0;0.1;0.01;0;4.91471;0;0;-1
0;863;38.1024;25.5631;32.9982;9.81869;3965.06;5.90384;0;0;0.1;0.01;0;5.59326;0;0;-1
0;864;38.3526;43.1655;33.0928;9.76301;3897.98;5.87036;0;0;0.1;0.01;0;6.01995;0;0;-1
0;865;35.3789;61.8617;33.7071;9.76121;3895.83;5.86927;0;0;0.1;0.01;0;6.62715;0;0;-1
0;866;36.8565;77.2487;32.1605;10.0224;4217;6.02632;0;0;0.1;0.01;0;5.23704;0;0;-1
0;867;52.8292;-64.6671;31.9395;9.06145;3116.6;5.44852;0;0;0.1;0.01;0;3.97317;0;0;-1
0;868;53.1665;-49.3394;32.1251;9.43641;3519.73;5.67398;0;0;0.1;0.01;0;5.65607;0;0;-1
0;869;52.068;-33.3872;32.4047;9.52844;3623.71;5.72931;0;0;0.1;0.01;0;6.13875;0;0;-1
0;870;51.5483;-17.3179;31.6005;9.93219;4104.15;5.97208;0;0;0.1;0.01;0;6.3199;0;0;-1
0;871;53.2121;0.913626;33.8688;10.0205;4214.6;6.02518;0;0;0.1;0.01;0;6.86687;0;0;-1
0;872;52.4608;17.8216;33.3879;8.9672;3020.36;5.39185;0;0;0.1;0.01;0;6.01582;0;0;-1
0;873;53.4752;38.1438;32.239;8.9671;3020.26;5.39179;0;0;0.1;0.01;0;6.0362;0;0;-1
0;874;53.2653;53.1814;33.3254;9.60563;3712.5;5.77573;0;0;0.1;0.01;0;6.96792;0;0;-1
0;875;51.4212;68.3336;32.4215;9.14929;3208.12;5.50134;0;0;0.1;0.01;0;4.86754;0;0;-1
0;876;67.2592;-58.0707;32.4313;8.83388;2887.64;5.31168;0;0;0.1;0.01;0;3.29281;0;0;-1
0;877;67.693;-38.6038;31.5508;9.31078;3381.01;5.59844;0;0;0.1;0.01;0;5.3454;0;0;-1
0;878;66.3877;-21.817;31.9648;9.12977;3187.63;5.4896;0;0;0.1;0.01;0;5.27175;0;0;-1
0;879;66.9428;-4.76985;32.6234;9.85842;4013.38;5.92772;0;0;0.1;0.01;0;5.72501;0;0;-1
0;880;67.2102;10.3585;32.9713;8.94914;3002.15;5.38099;0;0;0.1;0.01;0;6.55066;0;0;-1
0;881;66.2088;28.0128;33.7807;8.61621;2679.4;5.1808;0;0;0.1;0.01;0;5.82077;0;0;-1
0;882;67.3157;45.6447;31.0883;9.11558;3172.79;5.48107;0;0;0.1;0.01;0;6.46538;0;0;-1
0;883;67.0134;59.5013;32.0801;9.87652;4035.53;5.93861;0;0;0.1;0.01;0;4.75397;0;0;-1
0;884;79.9427;-30.2573;33.8288;9.91075;4077.63;5.95919;0;0;0.1;0.01;0;4.39925;0;0;-1
0;885;80.1797;-15.9649;30.7248;8.8039;2858.34;5.29366;0;0;0.1;0.01;0;4.50617;0;0;-1
0;886;79.6577;3.68637;33.5505;10.0827;4293.58;6.06258;0;0;0.1;0.01;0;4.94863;0;0;-1
0;887;80.7136;19.7021;34.1927;8.73611;2792.82;5.2529;0;0;0.1;0.01;0;3.84901;0;0;-1
0;888;80.546;33.634;31.9217;8.98096;3034.29;5.40012;0;0;0.1;0.01;0;4.25661;0;0;-1
0;889;-86.3547;-6.44522;47.2367;9.7781;3916.08;5.87943;0;0;0.1;0.01;0;3.24457;0;0;-1
0;890;-85.6628;9.85586;47.796;10.4049;4718.48;6.25632;0;0;0.1;0.01;0;3.02297;0;0;-1
0;891;-69.0204;-49.9833;48.7913;10.4318;4755.17;6.27249;0;0;0.1;0.01;0;2.881;0;0;-1
0;892;-69.3917;-33.747;47.9909;8.5;2572.44;5.11093;0;0;0.1;0.01;0;4.09258;1;0;-1
0;893;-69.3673;-13.3661;47.6965;9.91875;4087.52;5.964;0;0;0.1;0.01;0;5.72563;0;0;-1
0;894;-71.5175;0.840398;46.7824;8.91111;2964.04;5.35812;0;0;0.1;0.01;0;5.62252;0;0;-1
0;895;-68.5669;18.0353;47.0528;8.75571;2811.66;5.26468;0;0;0.1;0.01;0;3.93512;0;0;-1
0;896;-70.5809;36.4584;49.3625;9.25688;3322.63;5.56603;0;0;0.1;0.01;0;1.72374;0;0;-1
0;897;-56.6361;-59.6005;46.1468;8.92538;2978.3;5.3667;0;0;0.1;0.01;0;4.10332;0;0;-1
0;898;-57.0595;-39.1353;47.6024;9.30218;3371.65;5.59327;0;0;0.1;0.01;0;5.77757;0;0;-1
0;899;-57.0494;-23.2618;47.2574;8.5;2572.44;5.11093;0;0;0.1;0.01;0;5.45139;1;0;-1
0;900;-56.8247;-6.91262;48.8075;9.56046;3660.37;5.74857;0;0;0.1;0.01;0;5.90583;0;0;-1
0;901;-54.599;12.755;45.985;8.6949;2753.48;5.22812;0;0;0.1;0.01;0;4.4207;0;0;-1
0;902;-57.7026;29.7417;45.9861;8.5;2572.44;5.11093;0;0;0.1;0.01;0;4.65695;1;0;-1
0;903;-56.3043;45.942;47.0317;8.5;2572.44;5.11093;0;0;0.1;0.01;0;4.45932;1;0;-1
0;904;-54.4417;61.3011;46.4122;8.73256;2789.42;5.25076;0;0;0.1;0.01;0;3.49918;0;0;-1
0;905;-40.65;-64.3882;45.8818;8.77308;2828.43;5.27513;0;0;0.1;0.01;0;3.66434;0;0;-1
0;906;-40.4078;-50.5794;48.2121;9.14813;3206.9;5.50064;0;0;0.1;0.01;0;5.15932;0;0;-1
0;907;-43.1985;-30.0701;46.0925;10.1709;4407.24;6.11561;0;0;0.1;0.01;0;6.05333;0;0;-1
0;908;-41.5057;-14.2948;49.0777;8.5;2572.44;5.11093;0;0;0.1;0.01;0;4.98967;1;0;-1
0;909;-41.64;0.768406;49.2617;8.65928;2719.78;5.2067;0;0;0.1;0.01;0;4.60063;0;0;-1
0;910;-42.0978;16.7751;48.2691;10.2808;4551.66;6.1817;0;0;0.1;0.01;0;5.92233;0;0;-1
0;911;-42.3312;35.8766;45.2289;8.59133;2656.26;5.16584;0;0;0.1;0.01;0;4.94965;0;0;-1
0;912;-41.2203;53.2373;48.9006;10.1348;4360.48;6.09391;0;0;0.1;0.01;0;6.53555;0;0;-1
0;913;-42.488;69.7205;48.0929;9.85071;4003.97;5.92309;0;0;0.1;0.01;0;4.23692;0;0;-1
0;914;-27.8303;-76.7423;46.7384;9.0812;3137.03;5.46039;0;0;0.1;0.01;0;2.96352;0;0;-1
0;915;-26.1689;-55.5055;48.3124;8.59395;2658.69;5.16742;0;0;0.1;0.01;0;5.99545;0;0;-1
0;916;-27.6845;-41.4876;46.5302;9.63897;3751.29;5.79577;0;0;0.1;0.01;0;7.57543;0;0;-1
0;917;-28.031;-24.2554;49.4379;8.5;2572.44;5.11093;0;0;0.1;0.01;0;4.80486;1;0;-1
0;918;-25.7051;-8.79411;47.3236;8.5;2572.44;5.11093;0;0;0.1;0.01;0;4.63768;1;0;-1
0;919;-26.6733;12.0257;46.5394;9.92574;4096.16;5.9682;0;0;0.1;0.01;0;5.77866;0;0;-1
0;920;-26.9583;29.5819;48.5516;10.2075;4454.99;6.13762;0;0;0.1;0.01;0;7.0629;0;0;-1
0;921;-26.3507;45.1502;48.8369;9.22863;3292.31;5.54904;0;0;0.1;0.01;0;6.11728;0;0;-1
0;922;-25.8925;60.8802;46.5211;10.3198;4603.65;6.20515;0;0;0.1;0.01;0;6.87224;0;0;-1
0;923;-25.5684;79.3399;48.4986;9.1597;3219.08;5.50759;0;0;0.1;0.01;0;3.17473;0;0;-1
0;924;-12.3645;-80.789;46.0144;8.874;2927.16;5.33581;0;0;0.1;0.01;0;3.07148;0;0;-1
0;925;-11.8892;-64.6851;47.9635;8.62741;2689.86;5.18754;0;0;0.1;0.01;0;4.45675;0;0;-1
0;926;-13.4936;-47.9738;46.5701;10.3686;4669.27;6.23449;0;0;0.1;0.01;0;7.52023;0;0;-1
0;927;-12.6929;-33.57;49.1089;10.005;4195.08;6.01586;0;0;0.1;0.01;0;5.88251;0;0;-1
0;928;-11.4153;-13.8831;48.6926;9.93402;4106.42;5.97318;0;0;0.1;0.01;0;6.77296;0;0;-1
0;929;-11.0353;0.268696;46.1057;9.49154;3581.78;5.70713;0;0;0.1;0.01;0;6.65132;0;0;-1
0;930;-13.1763;19.5103;47.8666;10.0132;4205.4;6.02079;0;0;0.1;0.01;0;6.25882;0;0;-1
0;931;-11.2533;37.0957;49.0586;8.84922;2902.71;5.32091;0;0;0.1;0.01;0;6.45098;0;0;-1
0;932;-12.201;52.5436;48.7843;9.02879;3083.03;5.42888;0;0;0.1;0.01;0;7.2093;0;0;-1
0;933;-11.7485;69.7931;48.0744;10.1432;4371.33;6.09896;0;0;0.1;0.01;0;5.86662;0;0;-1
0;934;-12.8209;86.6122;47.9966;8.5;2572.44;5.11093;0;0;0.1;0.01;0;1.66653;1;0;-1
0;935;2.05782;-73.1414;45.8837;8.5;2572.44;5.11093;0;0;0.1;0.01;0;4.91117;1;0;-1
0;936;1.60976;-59.4382;46.6191;8.99434;3047.87;5.40817;0;0;0.1;0.01;0;5.60867;0;0;-1
0;937;2.3526;-42.2805;46.9578;9.40872;3488.83;5.65733;0;0;0.1;0.01;0;5.6514;0;0;-1
0;938;1.4436;-22.4111;48.5078;9.3869;3464.62;5.64421;0;0;0.1;0.01;0;5.82055;0;0;-1
0;939;4.30962;-5.39;49.0398;9.50215;3593.8;5.7135;0;0;0.1;0.01;0;6.81246;0;0;-1
0;940;3.22308;8.86664;49.2398;9.40384;3483.41;5.65439;0;0;0.1;0.01;0;5.80812;0;0;-1
0;941;1.82519;29.6387;47.3309;8.5;2572.44;5.11093;0;0;0.1;0.01;0;5.0505;1;0;-1
0;942;1.08777;45.5426;47.5996;8.53776;2606.88;5.13363;0;0;0.1;0.01;0;6.17225;0;0;-1
0;943;1.48808;60.6184;45.6716;9.03964;3094.15;5.4354;0;0;0.1;0.01;0;5.43635;0;0;-1
0;944;4.93373;79.7315;48.6582;10.1102;4328.8;6.07912;0;0;0.1;0.01;0;3.00395;0;0;-1
0;945;18.9253;-84.4734;48.8925;8.82496;2878.9;5.30632;0;0;0.1;0.01;0;1.95582;0;0;-1
0;946;18.2792;-65.9296;46.7101;9.13393;3191.99;5.4921;0;0;0.1;0.01;0;4.69408;0;0;-1
0;947;16.9295;-49.4161;46.2886;8.5;2572.44;5.11093;0;0;0.1;0.01;0;4.61333;1;0;-1
0;948;19.3942;-34.4016;45.9336;10.2763;4545.68;6.17899;0;0;0.1;0.01;0;6.56754;0;0;-1
0;949;16.1477;-14.8584;48.4595;9.22523;3288.67;5.547;0;0;0.1;0.01;0;6.34355;0;0;-1
0;950;18.7793;1.8027;48.5196;8.50641;2578.26;5.11478;0;0;0.1;0.01;0;5.65877;0;0;-1
0;951;17.3925;17.4881;46.7742;9.55479;3653.86;5.74516;0;0;0.1;0.01;0;5.23483;0;0;-1
0;952;16.0263;36.3967;49.0181;8.5;2572.44;5.11093;0;0;0.1;0.01;0;4.95266;1;0;-1
0;953;19.2372;50.8485;45.5602;9.03341;3087.76;5.43166;0;0;0.1;0.01;0;5.11235;0;0;-1
0;954;17.4156;71.0982;46.7955;9.52319;3617.73;5.72616;0;0;0.1;0.01;0;4.54274;0;0;-1
0;955;33.2064;-74.2774;48.7934;8.9766;3029.87;5.3975;0;0;0.1;0.01;0;3.2437;0;0;-1
0;956;33.1106;-57.1351;47.8266;9.60965;3717.16;5.77814;0;0;0.1;0.01;0;6.04804;0;0;-1
0;957;33.4758;-39.2125;45.8249;9.85133;4004.73;5.92346;0;0;0.1;0.01;0;6.54126;0;0;-1
0;958;30.7977;-22.5124;46.177;9.98303;4167.5;6.00265;0;0;0.1;0.01;0;6.38923;0;0;-1
0;959;31.9803;-5.04582;47.7709;9.48791;3577.67;5.70494;0;0;0.1;0.01;0;5.83514;0;0;-1
0;960;33.2566;12.0638;47.6384;9.44032;3524.1;5.67633;0;0;0.1;0.01;0;5.47832;0;0;-1
0;961;30.686;25.7863;46.9824;9.75134;3884.02;5.86334;0;0;0.1;0.01;0;6.52867;0;0;-1
0;962;32.7105;43.2096;48.517;8.95476;3007.81;5.38437;0;0;0.1;0.01;0;6.11687;0;0;-1
0;963;31.8849;59.3279;48.6104;9.99243;4179.28;6.0083;0;0;0.1;0.01;0;6.93253;0;0;-1
0;964;30.9359;76.2499;47.6983;9.44588;3530.33;5.67967;0;0;0.1;0.01;0;4.12565;0;0;-1
0;965;45.9644;-63.7024;46.5647;8.50235;2574.57;5.11234;0;0;0.1;0.01;0;3.31092;0;0;-1
0;966;46.1775;-47.4727;47.5688;10.2055;4452.37;6.13642;0;0;0.1;0.01;0;6.42982;0;0;-1
0;967;47.6518;-31.4601;46.2968;8.5;2572.44;5.11093;0;0;0.1;0.01;0;5.04423;1;0;-1
0;968;45.2322;-13.9433;49.0314;9.26855;3335.22;5.57304;0;0;0.1;0.01;0;5.88843;0;0;-1
0;969;45.899;-0.223764;45.3731;8.5;2572.44;5.11093;0;0;0.1;0.01;0;5.34446;1;0;-1
0;970;47.716;20.7854;46.8807;10.0206;4214.73;6.02524;0;0;0.1;0.01;0;7.16576;0;0;-1
0;971;45.3001;36.6227;48.5885;9.44979;3534.72;5.68202;0;0;0.1;0.01;0;6.80041;0;0;-1
0;972;46.469;54.7704;49.1031;9.69619;3818.49;5.83018;0;0;0.1;0.01;0;5.88284;0;0;-1
0;973;45.6623;72.0028;48.4239;9.86394;4020.13;5.93104;0;0;0.1;0.01;0;3.34324;0;0;-1
0;974;63.7018;-58.768;46.482;8.74716;2803.43;5.25954;0;0;0.1;0.01;0;2.38219;0;0;-1
0;975;62.011;-42.3748;47.6487;9.36522;3440.67;5.63117;0;0;0.1;0.01;0;5.04944;0;0;-1
0;976;59.8967;-24.0724;48.523;8.5;2572.44;5.11093;0;0;0.1;0.01;0;4.86116;1;0;-1
0;977;63.607;-8.69924;46.8158;10.1425;4370.42;6.09854;0;0;0.1;0.01;0;6.6727;0;0;-1
0;978;60.6643;8.13391;47.1509;9.86993;4027.46;5.93465;0;0;0.1;0.01;0;6.38127;0;0;-1
0;979;61.5239;26.8095;46.1121;9.90075;4065.3;5.95318;0;0;0.1;0.01;0;6.42551;0;0;-1
0;980;60.1741;43.6481;46.0443;10.1384;4365.13;6.09607;0;0;0.1;0.01;0;6.24367;0;0;-1
0;981;61.1696;60.9976;46.9965;9.12844;3186.24;5.4888;0;0;0.1;0.01;0;3.76049;0;0;-1
0;982;77.2931;-30.3678;48.6454;8.61289;2676.3;5.17881;0;0;0.1;0.01;0;2.62366;0;0;-1
0;983;77.1308;-17.1003;47.7234;8.5;2572.44;5.11093;0;0;0.1;0.01;0;3.16357;1;0;-1
0;984;75.5655;1.82995;46.5492;9.84126;3992.46;5.91741;0;0;0.1;0.01;0;5.04749;0;0;-1
0;985;78.6883;17.3366;48.8026;10.0526;4255.24;6.04448;0;0;0.1;0.01;0;4.18573;0;0;-1
0;986;75.2826;34.6948;45.9244;10.2898;4563.62;6.18711;0;0;0.1;0.01;0;4.40633;0;0;-1
0;987;-65.6155;-30.2922;62.2592;8.57744;2643.39;5.15749;0;0;0.1;0.01;0;3.43576;0;0;-1
0;988;-66.5802;-15.4228;63.5503;8.87947;2932.58;5.3391;0;0;0.1;0.01;0;3.53907;0;0;-1
0;989;-66.6883;0.546973;61.331;8.52153;2592.04;5.12387;0;0;0.1;0.01;0;3.48264;0;0;-1
0;990;-66.1514;19.5139;63.9362;9.60852;3715.85;5.77746;0;0;0.1;0.01;0;3.35548;0;0;-1
0;991;-51.819;-58.4786;60.4522;9.06277;3117.97;5.44931;0;0;0.1;0.01;0;2.13753;0;0;-1
0;992;-51.4189;-38.7586;63.6281;10.4312;4754.35;6.27213;0;0;0.1;0.01;0;5.19754;0;0;-1
0;993;-50.7472;-24.5009;63.3013;8.99047;3043.94;5.40584;0;0;0.1;0.01;0;6.41108;0;0;-1
0;994;-52.7073;-8.79233;61.3402;8.75928;2815.1;5.26683;0;0;0.1;0.01;0;4.57343;0;0;-1
0;995;-53.4857;10.3272;61.6431;10.3467;4639.75;6.22132;0;0;0.1;0.01;0;5.60412;0;0;-1
0;996;-53.0234;27.1221;62.1113;8.5119;2583.26;5.11808;0;0;0.1;0.01;0;4.04264;0;0;-1
0;997;-51.7517;46.5243;61.8048;9.49673;3587.66;5.71025;0;0;0.1;0.01;0;3.02749;0;0;-1
0;998;-36.371;-47.5572;60.5198;9.31429;3384.84;5.60055;0;0;0.1;0.01;0;6.18567;0;0;-1
0;999;-36.9177;-33.166;64.1627;8.56914;2635.73;5.1525;0;0;0.1;0.01;0;5.89107;0;0;-1
0;1000;-35.4752;-15.6548;62.6706;9.77893;3917.08;5.87993;0;0;0.1;0.01;0;6.62021;0;0;-1
0;1001;-36.1651;1.45254;63.9642;8.73934;2795.92;5.25484;0;0;0.1;0.01;0;4.87548;0;0;-1
0;1002;-35.0673;19.5858;62.2218;8.80965;2863.94;5.29711;0;0;0.1;0.01;0;5.8878;0;0;-1
0;1003;-35.2292;37.0918;60.66;9.96828;4149.06;5.99378;0;0;0.1;0.01;0;6.29243;0;0;-1
0;1004;-38.3041;52.2602;63.84;9.47991;3568.63;5.70013;0;0;0.1;0.01;0;3.94443;0;0;-1
0;1005;-38.3132;67.9566;60.7019;9.61487;3723.22;5.78128;0;0;0.1;0.01;0;3.18235;0;0;-1
0;1006;-21.322;-73.2369;63.7664;8.5;2572.44;5.11093;0;0;0.1;0.01;0;1.7129;1;0;-1
0;1007;-23.2942;-57.0293;62.2462;10.4;4711.82;6.25337;0;0;0.1;0.01;0;6.18626;0;0;-1
0;1008;-22.2399;-40.8646;61.3913;10.2717;4539.58;6.17622;0;0;0.1;0.01;0;8.02997;0;0;-1
0;1009;-21.3009;-22.7369;63.6545;8.53442;2603.82;5.13162;0;0;0.1;0.01;0;6.24408;0;0;-1
0;1010;-21.974;-5.56783;62.1261;10.3597;4657.26;6.22914;0;0;0.1;0.01;0;6.4374;0;0;-1
0;1011;-22.1205;10.5221;60.8513;8.5;2572.44;5.11093;0;0;0.1;0.01;0;3.63294;1;0;-1
0;1012;-23.7883;26.8103;63.5234;9.01866;3072.66;5.42279;0;0;0.1;0.01;0;4.69266;0;0;-1
0;1013;-22.4039;44.4773;62.8097;9.87176;4029.7;5.93575;0;0;0.1;0.01;0;6.77227;0;0;-1
0;1014;-21.8332;59.7033;60.1767;8.81698;2871.1;5.30152;0;0;0.1;0.01;0;5.43745;0;0;-1
0;1015;-7.87532;-67.6916;60.3431;8.52518;2595.37;5.12607;0;0;0.1;0.01;0;3.89063;0;0;-1
0;1016;-7.86902;-47.7067;63.1301;10.2311;4485.96;6.15181;0;0;0.1;0.01;0;6.71346;0;0;-1
0;1017;-5.56554;-29.8842;63.3932;9.05885;3113.92;5.44696;0;0;0.1;0.01;0;6.57679;0;0;-1
0;1018;-6.85447;-15.3367;60.9713;8.54701;2615.36;5.13919;0;0;0.1;0.01;0;6.62586;0;0;-1
0;1019;-8.78738;0.620008;60.7665;8.5;2572.44;5.11093;0;0;0.1;0.01;0;4.71222;1;0;-1
0;1020;-6.95577;20.8313;60.391;8.92528;2978.2;5.36664;0;0;0.1;0.01;0;4.61723;0;0;-1
0;1021;-8.82937;36.0088;63.5771;9.68264;3802.51;5.82203;0;0;0.1;0.01;0;7.0488;0;0;-1
0;1022;-6.47336;52.1421;61.0294;9.64341;3756.48;5.79844;0;0;0.1;0.01;0;7.58091;0;0;-1
0;1023;-7.43422;67.6693;60.8774;10.3052;4584.14;6.19637;0;0;0.1;0.01;0;4.93559;0;0;-1
0;1024;5.31705;-73.7718;61.9563;8.5;2572.44;5.11093;0;0;0.1;0.01;0;2.23698;1;0;-1
0;1025;6.87312;-57.408;62.3002;10.176;4413.87;6.11868;0;0;0.1;0.01;0;5.81717;0;0;-1
0;1026;7.74503;-39.3495;61.0337;8.5;2572.44;5.11093;0;0;0.1;0.01;0;4.5539;1;0;-1
0;1027;6.38402;-22.6904;62.3436;9.92312;4092.92;5.96663;0;0;0.1;0.01;0;6.71307;0;0;-1
0;1028;9.17373;-6.37637;62.4727;10.2402;4497.94;6.15728;0;0;0.1;0.01;0;6.8572;0;0;-1
0;1029;8.77908;12.1957;62.2422;8.66534;2725.5;5.21034;0;0;0.1;0.01;0;4.78699;0;0;-1
0;1030;7.91723;26.3212;63.4057;8.5;2572.44;5.11093;0;0;0.1;0.01;0;5.49456;1;0;-1
0;1031;7.42516;42.0734;60.0807;10.2988;4575.6;6.19252;0;0;0.1;0.01;0;6.63445;0;0;-1
0;1032;6.64043;63.0859;63.2907;9.3194;3390.41;5.60362;0;0;0.1;0.01;0;4.62225;0;0;-1
0;1033;21.305;-63.8651;60.9609;8.5;2572.44;5.11093;0;0;0.1;0.01;0;3.70087;1;0;-1
0;1034;23.2562;-50.296;61.9478;8.5;2572.44;5.11093;0;0;0.1;0.01;0;4.43522;1;0;-1
0;1035;20.9362;-32.3628;61.0283;8.5;2572.44;5.11093;0;0;0.1;0.01;0;3.83381;1;0;-1
0;1036;24.2132;-12.667;60.3638;8.5;2572.44;5.11093;0;0;0.1;0.01;0;5.4079;1;0;-1
0;1037;20.613;2.95277;61.7831;8.5;2572.44;5.11093;0;0;0.1;0.01;0;5.06514;1;0;-1
0;1038;23.0801;19.7979;63.7354;10.3275;4613.96;6.20978;0;0;0.1;0.01;0;7.34184;0;0;-1
0;1039;21.9283;37.8424;63.1486;8.70203;2760.26;5.2324;0;0;0.1;0.01;0;5.68898;0;0;-1
0;1040;21.5766;53.1555;60.4268;8.5;2572.44;5.11093;0;0;0.1;0.01;0;5.29681;1;0;-1
0;1041;22.1343;69.105;61.3917;9.0674;3122.75;5.4521;0;0;0.1;0.01;0;3.39174;0;0;-1
0;1042;34.6671;-59.7303;63.5352;8.5;2572.44;5.11093;0;0;0.1;0.01;0;2.17478;1;0;-1
0;1043;36.1561;-39.3424;62.5762;9.23923;3303.66;5.55541;0;0;0.1;0.01;0;4.51189;0;0;-1
0;1044;38.1849;-22.8134;61.8986;8.81792;2872.02;5.30209;0;0;0.1;0.01;0;4.89409;0;0;-1
0;1045;35.7948;-5.0591;62.6121;8.95321;3006.25;5.38344;0;0;0.1;0.01;0;4.80217;0;0;-1
0;1046;38.2707;12.2877;61.3829;9.45337;3538.74;5.68417;0;0;0.1;0.01;0;5.64787;0;0;-1
0;1047;37.9525;26.2078;60.2501;8.5;2572.44;5.11093;0;0;0.1;0.01;0;6.73286;1;0;-1
0;1048;35.5236;43.3615;63.5189;9.23679;3301.05;5.55395;0;0;0.1;0.01;0;5.63004;0;0;-1
0;1049;38.6612;60.474;63.381;9.72555;3853.28;5.84783;0;0;0.1;0.01;0;3.94852;0;0;-1
0;1050;53.4556;-48.7321;61.7425;9.52246;3616.9;5.72572;0;0;0.1;0.01;0;3.22508;0;0;-1
0;1051;50.369;-33.3918;60.8864;8.5;2572.44;5.11093;0;0;0.1;0.01;0;4.87623;1;0;-1
0;1052;51.0239;-15.2808;62.1426;9.58171;3684.83;5.76134;0;0;0.1;0.01;0;5.69842;0;0;-1
0;1053;50.0353;0.795542;62.6993;8.5;2572.44;5.11093;0;0;0.1;0.01;0;4.12895;1;0;-1
0;1054;50.5517;20.6969;60.9327;8.5;2572.44;5.11093;0;0;0.1;0.01;0;5.72211;1;0;-1
0;1055;50.8692;34.8051;61.8169;9.8158;3961.56;5.9021;0;0;0.1;0.01;0;6.01786;0;0;-1
0;1056;53.6974;53.0098;62.7359;10.1404;4367.71;6.09728;0;0;0.1;0.01;0;3.14244;0;0;-1
0;1057;67.0752;-40.8583;60.8965;10.4293;4751.76;6.27099;0;0;0.1;0.01;0;2.85325;0;0;-1
0;1058;64.452;-21.5171;62.147;8.5;2572.44;5.11093;0;0;0.1;0.01;0;2.95754;1;0;-1
0;1059;64.4414;-5.43745;61.872;8.5;2572.44;5.11093;0;0;0.1;0.01;0;4.08137;1;0;-1
0;1060;66.7731;9.19543;60.6542;9.7064;3830.57;5.83632;0;0;0.1;0.01;0;3.28777;0;0;-1
0;1061;65.173;25.0312;60.1636;8.80062;2855.15;5.29169;0;0;0.1;0.01;0;2.82039;0;0;-1
0;1062;-54.4225;-23.767;75.9852;9.34551;3418.99;5.61932;0;0;0.1;0.01;0;3.60182;0;0;-1
0;1063;-56.5074;-4.70284;78.7122;8.5;2572.44;5.11093;0;0;0.1;0.01;0;1.66286;1;0;-1
0;1064;-54.9438;10.6801;76.2434;9.32397;3395.4;5.60637;0;0;0.1;0.01;0;3.90492;0;0;-1
0;1065;-56.4418;29.7261;75.016;10.447;4775.99;6.28163;0;0;0.1;0.01;0;3.23466;0;0;-1
0;1066;-40.0286;-48.9643;77.0234;8.5;2572.44;5.11093;0;0;0.1;0.01;0;2.2464;1;0;-1
0;1067;-42.2496;-30.7974;77.7971;8.79456;2849.25;5.28804;0;0;0.1;0.01;0;4.74873;0;0;-1
0;1068;-40.4003;-15.9273;75.0993;9.98709;4172.59;6.00509;0;0;0.1;0.01;0;6.54689;0;0;-1
0;1069;-40.4532;2.86956;77.9496;9.51488;3608.27;5.72116;0;0;0.1;0.01;0;5.73094;0;0;-1
0;1070;-41.6336;17.7808;74.6441;8.54694;2615.29;5.13915;0;0;0.1;0.01;0;5.55073;0;0;-1
0;1071;-39.3202;33.6801;76.4785;9.87209;4030.1;5.93594;0;0;0.1;0.01;0;4.14323;0;0;-1
0;1072;-24.3905;-55.1614;76.9401;9.73996;3870.44;5.8565;0;0;0.1;0.01;0;3.46886;0;0;-1
0;1073;-26.2723;-40.8463;74.9483;9.02504;3079.19;5.42663;0;0;0.1;0.01;0;5.50589;0;0;-1
0;1074;-27.4687;-23.1575;76.534;10.0637;4269.35;6.05116;0;0;0.1;0.01;0;7.01309;0;0;-1
0;1075;-27.2522;-4.5218;77.8984;9.34698;3420.6;5.6202;0;0;0.1;0.01;0;6.54917;0;0;-1
0;1076;-24.9828;12.292;77.04;9.04555;3100.23;5.43896;0;0;0.1;0.01;0;5.77464;0;0;-1
0;1077;-25.7871;26.5278;77.3021;9.31413;3384.66;5.60045;0;0;0.1;0.01;0;5.89785;0;0;-1
0;1078;-25.3426;43.7265;77.7658;9.28589;3353.97;5.58347;0;0;0.1;0.01;0;3.80702;0;0;-1
0;1079;-10.0681;-47.8121;76.4045;8.80812;2862.45;5.29619;0;0;0.1;0.01;0;4.92383;0;0;-1
0;1080;-12.4548;-31.1441;76.4152;10.2266;4480.05;6.14911;0;0;0.1;0.01;0;7.47879;0;0;-1
0;1081;-12.8019;-16.1722;74.6139;9.40462;3484.27;5.65486;0;0;0.1;0.01;0;7.35099;0;0;-1
0;1082;-13.5667;0.326309;78.5018;10.2202;4471.64;6.14526;0;0;0.1;0.01;0;6.59403;0;0;-1
0;1083;-11.4814;20.5733;78.3207;8.95194;3004.97;5.38267;0;0;0.1;0.01;0;5.81044;0;0;-1
0;1084;-10.8874;36.51;76.7778;10.0821;4292.81;6.06222;0;0;0.1;0.01;0;7.27493;0;0;-1
0;1085;-11.989;51.5959;76.3118;9.93362;4105.93;5.97294;0;0;0.1;0.01;0;4.7827;0;0;-1
0;1086;3.54178;-58.8473;76.6026;10.3992;4710.73;6.25289;0;0;0.1;0.01;0;3.37119;0;0;-1
0;1087;1.37957;-42.2308;78.4818;8.5;2572.44;5.11093;0;0;0.1;0.01;0;4.9761;1;0;-1
0;1088;4.76839;-23.2433;76.3302;10.0445;4244.96;6.03961;0;0;0.1;0.01;0;6.80753;0;0;-1
0;1089;1.30085;-7.59302;78.2436;9.92445;4094.57;5.96743;0;0;0.1;0.01;0;6.26818;0;0;-1
0;1090;3.27166;11.4181;77.6397;8.90179;2954.75;5.35252;0;0;0.1;0.01;0;4.54124;0;0;-1
0;1091;1.50735;27.3594;77.7773;9.65841;3774.03;5.80746;0;0;0.1;0.01;0;7.23906;0;0;-1
0;1092;2.5435;42.4929;76.4704;10.3015;4579.2;6.19414;0;0;0.1;0.01;0;6.33541;0;0;-1
0;1093;4.04579;61.3707;76.565;9.70352;3827.16;5.83459;0;0;0.1;0.01;0;3.2922;0;0;-1
0;1094;16.4735;-49.5976;74.988;8.82222;2876.22;5.30467;0;0;0.1;0.01;0;3.51541;0;0;-1
0;1095;17.4659;-30.7377;77.8424;9.94785;4123.6;5.9815;0;0;0.1;0.01;0;6.04467;0;0;-1
0;1096;18.4998;-13.1257;74.6059;9.11763;3174.93;5.4823;0;0;0.1;0.01;0;6.1417;0;0;-1
0;1097;16.7236;3.3387;76.3028;8.78297;2838;5.28107;0;0;0.1;0.01;0;5.25274;0;0;-1
0;1098;18.4126;20.1262;76.758;8.5;2572.44;5.11093;0;0;0.1;0.01;0;5.81035;1;0;-1
0;1099;18.6037;33.98;76.0125;10.0972;4312.13;6.0713;0;0;0.1;0.01;0;7.30722;0;0;-1
0;1100;18.5688;54.4283;76.1454;9.59276;3697.6;5.76799;0;0;0.1;0.01;0;3.60114;0;0;-1
0;1101;32.5497;-40.2014;76.4289;10.1849;4425.47;6.12403;0;0;0.1;0.01;0;3.81223;0;0;-1
0;1102;31.2483;-22.9451;78.5534;10.1291;4353.13;6.09048;0;0;0.1;0.01;0;5.58355;0;0;-1
0;1103;31.1775;-5.98641;77.3409;8.5572;2624.72;5.14532;0;0;0.1;0.01;0;5.20122;0;0;-1
0;1104;32.3754;11.7403;76.168;9.07028;3125.72;5.45383;0;0;0.1;0.01;0;4.4636;0;0;-1
0;1105;34.5153;28.4089;76.6472;10.3011;4578.67;6.1939;0;0;0.1;0.01;0;5.87608;0;0;-1
0;1106;30.9531;46.4976;78.1597;10.3268;4613.03;6.20935;0;0;0.1;0.01;0;4.1694;0;0;-1
0;1107;49.0841;-30.3941;78.6693;9.26179;3327.92;5.56898;0;0;0.1;0.01;0;1.69;0;0;-1
0;1108;45.4497;-13.8843;75.3047;8.5304;2600.14;5.12921;0;0;0.1;0.01;0;4.76293;0;0;-1
0;1109;47.4424;0.399659;77.9844;8.55106;2619.08;5.14163;0;0;0.1;0.01;0;3.45442;0;0;-1
0;1110;48.3199;20.0376;74.9213;9.58572;3689.46;5.76375;0;0;0.1;0.01;0;3.87014;0;0;-1
0;1111;49.0129;36.2368;77.4652;8.5;2572.44;5.11093;0;0;0.1;0.01;0;2.34071;1;0;-1
0;1112;60.4398;-6.10533;78.4409;8.5;2572.44;5.11093;0;0;0.1;0.01;0;1.59715;1;0;-1
0;1113;-36.2719;-15.7325;89.6412;9.8315;3980.59;5.91154;0;0;0.1;0.01;0;4.24688;0;0;-1
0;1114;-36.4147;1.56607;91.2437;8.5;2572.44;5.11093;0;0;0.1;0.01;0;3.92117;1;0;-1
0;1115;-38.4476;16.9518;89.8831;10.0141;4206.53;6.02133;0;0;0.1;0.01;0;3.77166;0;0;-1
0;1116;-21.1028;-24.4706;90.0506;10.4526;4783.67;6.285;0;0;0.1;0.01;0;4.94881;0;0;-1
0;1117;-23.4152;-6.3619;93.0716;10.0382;4236.98;6.03582;0;0;0.1;0.01;0;4.54103;0;0;-1
0;1118;-22.7361;11.6909;89.7644;8.5;2572.44;5.11093;0;0;0.1;0.01;0;4.56438;1;0;-1
0;1119;-21.6262;27.635;93.3759;10.1704;4406.59;6.11531;0;0;0.1;0.01;0;3.63741;0;0;-1
0;1120;-7.47901;-31.4713;90.7934;9.99572;4183.41;6.01028;0;0;0.1;0.01;0;4.74615;0;0;-1
0;1121;-8.53285;-14.0114;89.445;9.49792;3589.01;5.71096;0;0;0.1;0.01;0;6.43277;0;0;-1
0;1122;-6.51169;1.18198;92.6617;9.92513;4095.41;5.96784;0;0;0.1;0.01;0;5.31321;0;0;-1
0;1123;-5.80818;19.1325;93.3197;10.3778;4681.71;6.24002;0;0;0.1;0.01;0;5.37792;0;0;-1
0;1124;-7.60935;35.0374;92.3585;8.5;2572.44;5.11093;0;0;0.1;0.01;0;3.7109;1;0;-1
0;1125;5.41857;-38.5713;92.1425;8.64182;2703.36;5.1962;0;0;0.1;0.01;0;2.77309;0;0;-1
0;1126;6.63456;-23.3651;92.1203;9.97299;4154.94;5.99661;0;0;0.1;0.01;0;4.85896;0;0;-1
0;1127;7.32943;-5.04159;91.6069;9.76217;3896.98;5.86985;0;0;0.1;0.01;0;4.36984;0;0;-1
0;1128;6.66653;10.8058;91.2106;9.29955;3368.79;5.59168;0;0;0.1;0.01;0;4.12335;0;0;-1
0;1129;6.0988;28.7529;90.0565;9.47028;3557.76;5.69434;0;0;0.1;0.01;0;5.33456;0;0;-1
0;1130;23.7575;-31.9707;89.8624;8.5;2572.44;5.11093;0;0;0.1;0.01;0;2.94887;1;0;-1
0;1131;20.7097;-13.4771;89.3582;8.96289;3016.01;5.38926;0;0;0.1;0.01;0;4.82183;0;0;-1
0;1132;22.7977;0.117554;90.1637;8.56343;2630.46;5.14907;0;0;0.1;0.01;0;3.46843;0;0;-1
0;1133;20.0063;20.819;90.9653;8.88242;2935.5;5.34087;0;0;0.1;0.01;0;3.25174;0;0;-1
0;1134;20.8923;36.7147;90.3447;8.61361;2676.97;5.17924;0;0;0.1;0.01;0;2.71995;0;0;-1
0;1135;37.3224;-7.80913;89.731;9.767;3902.76;5.87276;0;0;0.1;0.01;0;3.63709;0;0;-1
0;1136;35.4272;9.72907;91.1653;8.5238;2594.11;5.12524;0;0;0.1;0.01;0;1.96311;0;0;-1
