Time;ID;x;y;z;radius;volume_total;radius_nuclear;contact_ECM;freezer;polarized_fraction;motility;cell_line;Cell_cell;phase;Cycle;NFkB
0;0;-51.318;-4.61247;-83.4248;8.5;2572.44;5.11093;0;0;0.1;0.01;0;2.64509;1;0;-1
0;1;-37.4313;-33.343;-84.6861;9.8791;4038.69;5.94016;0;0;0.1;0.01;0;2.67668;0;0;-1
0;2;-37.6578;-13.8275;-86.4885;8.5;2572.44;5.11093;0;0;0.1;0.01;0;2.65184;1;0;-1
0;3;-38.5104;0.469731;-85.5886;8.93259;2985.53;5.37104;0;0;0.1;0.01;0;2.49687;0;0;-1
0;4;-35.4917;20.6067;-84.337;10.0373;4235.84;6.03528;0;0;0.1;0.01;0;3.05454;0;0;-1
0;5;-21.8014;-40.6309;-87.2597;9.31441;3384.97;5.60062;0;0;0.1;0.01;0;2.80736;0;0;-1
0;6;-20.5474;-22.3987;-85.9365;8.72424;2781.45;5.24576;0;0;0.1;0.01;0;4.23959;0;0;-1
0;7;-21.0311;-8.41911;-84.5129;8.68751;2746.47;5.22367;0;0;0.1;0.01;0;4.10709;0;0;-1
0;8;-20.3061;10.7166;-85.974;8.9461;2999.09;5.37916;0;0;0.1;0.01;0;3.3948;0;0;-1
0;9;-22.2998;28.7599;-84.0012;9.1147;3171.87;5.48054;0;0;0.1;0.01;0;3.81486;0;0;-1
0;10;-8.84518;-49.333;-83.4149;10.3831;4688.89;6.24321;0;0;0.1;0.01;0;3.60978;0;0;-1
0;11;-7.09773;-30.7506;-87.1666;9.25676;3322.5;5.56596;0;0;0.1;0.01;0;4.75254;0;0;-1
0;12;-6.80869;-16.6192;-86.2483;8.92614;2979.06;5.36716;0;0;0.1;0.01;0;5.07824;0;0;-1
0;13;-6.59089;0.13868;-85.5174;10.1914;4433.94;6.12794;0;0;0.1;0.01;0;5.01852;0;0;-1
0;14;-7.56556;20.0311;-83.7612;10.1998;4444.92;6.13299;0;0;0.1;0.01;0;5.0064;0;0;-1
0;15;-7.67665;38.291;-83.9327;9.71243;3837.71;5.83994;0;0;0.1;0.01;0;3.32143;0;0;-1
0;16;7.44634;-40.8716;-85.9474;10.0896;4302.4;6.06673;0;0;0.1;0.01;0;4.84879;0;0;-1
0;17;6.40131;-24.2354;-83.4917;10.0954;4309.82;6.07022;0;0;0.1;0.01;0;6.03663;0;0;-1
0;18;8.72839;-6.01815;-85.838;8.76963;2825.09;5.27305;0;0;0.1;0.01;0;3.89322;0;0;-1
0;19;6.4785;10.936;-86.7578;8.73724;2793.9;5.25358;0;0;0.1;0.01;0;2.66763;0;0;-1
0;20;7.75577;27.7545;-87.3895;8.84193;2895.54;5.31652;0;0;0.1;0.01;0;3.1847;0;0;-1
0;21;8.87908;45.384;-83.5786;10.2972;4573.47;6.19156;0;0;0.1;0.01;0;3.80158;0;0;-1
0;22;20.2433;-49.1536;-84.502;9.44966;3534.57;5.68194;0;0;0.1;0.01;0;3.23289;0;0;-1
0;23;23.3373;-34.034;-86.6646;10.0918;4305.21;6.06805;0;0;0.1;0.01;0;5.12309;0;0;-1
0;24;20.6086;-15.7275;-84.9687;8.5;2572.44;5.11093;0;0;0.1;0.01;0;3.28209;1;0;-1
0;25;22.476;3.45539;-86.8615;8.58914;2654.22;5.16453;0;0;0.1;0.01;0;3.59187;0;0;-1
0;26;23.6335;20.391;-84.482;8.88816;2941.2;5.34432;0;0;0.1;0.01;0;4.47846;0;0;-1
0;27;23.5493;37.7388;-84.864;9.8457;3997.87;5.92008;0;0;0.1;0.01;0;3.69415;0;0;-1
0;28;36.3541;-40.1931;-83.6498;9.99562;4183.29;6.01022;0;0;0.1;0.01;0;3.76876;0;0;-1
0;29;35.4665;-25.5462;-86.125;8.5;2572.44;5.11093;0;0;0.1;0.01;0;3.01681;1;0;-1
0;30;37.2088;-5.5985;-85.2973;10.2046;4451.19;6.13588;0;0;0.1;0.01;0;2.53057;0;0;-1
0;31;36.5595;10.8598;-83.9704;10.2277;4481.49;6.14977;0;0;0.1;0.01;0;3.93915;0;0;-1
0;32;37.5886;26.9789;-83.9303;10.0868;4298.82;6.06505;0;0;0.1;0.01;0;4.35722;0;0;-1
0;33;-70.527;-14.7632;-69.3733;9.3986;3477.59;5.65124;0;0;0.1;0.01;0;2.28064;0;0;-1
0;34;-57.8128;-39.4483;-71.3429;9.97762;4160.73;5.9994;0;0;0.1;0.01;0;3.10584;0;0;-1
0;35;-56.6654;-25.1889;-72.4924;9.30194;3371.39;5.59312;0;0;0.1;0.01;0;3.99727;0;0;-1
0;36;-54.7657;-8.89729;-70.8491;8.5;2572.44;5.11093;0;0;0.1;0.01;0;4.50402;1;0;-1
0;37;-56.2929;9.85749;-69.7953;10.3383;4628.45;6.21627;0;0;0.1;0.01;0;3.50681;0;0;-1
0;38;-57.7898;28.472;-71.5061;8.5;2572.44;5.11093;0;0;0.1;0.01;0;2.15625;1;0;-1
0;39;-54.6546;46.9049;-68.5799;9.52835;3623.61;5.72926;0;0;0.1;0.01;0;3.23883;0;0;-1
0;40;-41.5473;-51.3133;-72.6753;9.08313;3139.03;5.46155;0;0;0.1;0.01;0;2.11234;0;0;-1
0;41;-41.3981;-30.4524;-70.9863;9.44447;3528.75;5.67882;0;0;0.1;0.01;0;5.73871;0;0;-1
0;42;-42.2325;-16.624;-69.6704;10.4347;4759.14;6.27423;0;0;0.1;0.01;0;6.85709;0;0;-1
0;43;-39.4134;1.73179;-69.0974;8.5;2572.44;5.11093;0;0;0.1;0.01;0;4.22153;1;0;-1
0;44;-42.3666;16.7612;-69.0663;8.5;2572.44;5.11093;0;0;0.1;0.01;0;5.51164;1;0;-1
0;45;-42.4226;34.252;-69.8626;9.48534;3574.76;5.7034;0;0;0.1;0.01;0;5.21096;0;0;-1
0;46;-41.2143;53.4649;-69.4165;8.5;2572.44;5.11093;0;0;0.1;0.01;0;3.80295;1;0;-1
0;47;-26.5818;-57.1963;-70.3582;8.69547;2754.02;5.22846;0;0;0.1;0.01;0;4.02471;0;0;-1
0;48;-28.5615;-42.5915;-68.4921;10.4235;4743.83;6.2675;0;0;0.1;0.01;0;6.38743;0;0;-1
0;49;-26.2519;-24.7398;-70.6819;8.78999;2844.81;5.28529;0;0;0.1;0.01;0;5.8135;0;0;-1
0;50;-24.7284;-8.81285;-71.8695;8.5;2572.44;5.11093;0;0;0.1;0.01;0;4.47338;1;0;-1
0;51;-26.8795;11.106;-69.6507;9.33999;3412.93;5.616;0;0;0.1;0.01;0;5.35057;0;0;-1
0;52;-26.0042;26.9264;-69.2407;10.0291;4225.46;6.03035;0;0;0.1;0.01;0;6.56938;0;0;-1
0;53;-27.6138;43.7332;-70.6761;9.33376;3406.11;5.61225;0;0;0.1;0.01;0;4.59971;0;0;-1
0;54;-27.1654;62.1963;-69.8091;9.79464;3935.99;5.88937;0;0;0.1;0.01;0;3.73821;0;0;-1
0;55;-13.5662;-63.8505;-69.0149;9.87774;4037.02;5.93934;0;0;0.1;0.01;0;4.04099;0;0;-1
0;56;-13.8251;-48.1382;-68.3391;8.5;2572.44;5.11093;0;0;0.1;0.01;0;5.72156;1;0;-1
0;57;-11.3459;-31.1868;-72.6109;8.91585;2968.77;5.36097;0;0;0.1;0.01;0;5.09796;0;0;-1
0;58;-12.6995;-15.0519;-70.9681;9.29638;3365.35;5.58978;0;0;0.1;0.01;0;6.58829;0;0;-1
0;59;-9.95261;1.96582;-71.7763;9.45092;3535.99;5.6827;0;0;0.1;0.01;0;5.80743;0;0;-1
0;60;-11.6482;16.5892;-70.1498;8.82064;2874.68;5.30372;0;0;0.1;0.01;0;5.34679;0;0;-1
0;61;-11.8831;36.6262;-70.9338;9.09843;3154.92;5.47075;0;0;0.1;0.01;0;4.65163;0;0;-1
0;62;-10.7492;55.0841;-70.3582;9.75011;3882.55;5.8626;0;0;0.1;0.01;0;3.3136;0;0;-1
0;63;2.18302;-56.2432;-69.0662;9.01971;3073.73;5.42342;0;0;0.1;0.01;0;4.73771;0;0;-1
0;64;3.93979;-40.1506;-72.0506;8.76763;2823.16;5.27185;0;0;0.1;0.01;0;5.20016;0;0;-1
0;65;2.71809;-22.8966;-68.5034;10.2393;4496.76;6.15674;0;0;0.1;0.01;0;7.071;0;0;-1
0;66;4.34229;-7.97709;-72.0191;9.90275;4067.77;5.95438;0;0;0.1;0.01;0;6.59511;0;0;-1
0;67;2.35288;10.17;-69.2126;8.5;2572.44;5.11093;0;0;0.1;0.01;0;4.96646;1;0;-1
0;68;4.40444;26.7942;-69.693;8.5;2572.44;5.11093;0;0;0.1;0.01;0;4.49079;1;0;-1
0;69;4.43636;45.7941;-70.5468;9.40266;3482.1;5.65368;0;0;0.1;0.01;0;6.07084;0;0;-1
0;70;3.50335;63.7159;-70.1511;9.87208;4030.09;5.93594;0;0;0.1;0.01;0;3.45341;0;0;-1
0;71;16.3317;-66.2679;-69.8976;9.33398;3406.35;5.61239;0;0;0.1;0.01;0;2.89266;0;0;-1
0;72;15.9679;-47.1682;-70.9228;8.71329;2770.99;5.23917;0;0;0.1;0.01;0;4.75334;0;0;-1
0;73;19.2578;-30.2035;-70.8804;10.2304;4485.04;6.15139;0;0;0.1;0.01;0;6.88998;0;0;-1
0;74;16.402;-14.0923;-69.2259;8.5;2572.44;5.11093;0;0;0.1;0.01;0;6.69887;1;0;-1
0;75;16.9928;1.22358;-71.326;9.24351;3308.26;5.55799;0;0;0.1;0.01;0;5.44221;0;0;-1
0;76;16.0031;18.2058;-69.2054;8.72477;2781.96;5.24608;0;0;0.1;0.01;0;4.98873;0;0;-1
0;77;17.3095;35.442;-70.638;9.03495;3089.34;5.43258;0;0;0.1;0.01;0;5.4894;0;0;-1
0;78;19.4552;55.0761;-70.2794;10.194;4437.34;6.1295;0;0;0.1;0.01;0;4.06659;0;0;-1
0;79;31.0809;-57.7958;-69.4724;8.5;2572.44;5.11093;0;0;0.1;0.01;0;3.35962;1;0;-1
0;80;31.7648;-38.5308;-68.4298;9.87873;4038.24;5.93994;0;0;0.1;0.01;0;6.27441;0;0;-1
0;81;32.0202;-21.8271;-69.6499;8.5;2572.44;5.11093;0;0;0.1;0.01;0;4.9324;1;0;-1
0;82;33.3341;-6.34152;-68.8106;9.53103;3626.67;5.73087;0;0;0.1;0.01;0;5.56981;0;0;-1
0;83;30.5748;12.4417;-71.2994;9.73152;3860.39;5.85142;0;0;0.1;0.01;0;6.45306;0;0;-1
0;84;33.6214;28.6045;-68.5197;10.0382;4236.98;6.03582;0;0;0.1;0.01;0;6.88791;0;0;-1
0;85;34.0098;43.746;-71.9715;8.5;2572.44;5.11093;0;0;0.1;0.01;0;4.23397;1;0;-1
0;86;46.3686;-51.29;-68.9083;9.61922;3728.28;5.7839;0;0;0.1;0.01;0;2.75902;0;0;-1
0;87;45.9802;-30.4856;-71.9455;9.01313;3067.01;5.41946;0;0;0.1;0.01;0;4.33377;0;0;-1
0;88;47.5553;-13.4227;-72.0015;9.9526;4129.51;5.98435;0;0;0.1;0.01;0;4.86563;0;0;-1
0;89;45.3323;1.65282;-69.0625;8.5;2572.44;5.11093;0;0;0.1;0.01;0;5.76305;1;0;-1
0;90;47.3065;17.1288;-68.9533;10.3912;4699.87;6.24808;0;0;0.1;0.01;0;6.38462;0;0;-1
0;91;48.9688;36.8801;-71.953;10.2103;4458.66;6.13931;0;0;0.1;0.01;0;3.53528;0;0;-1
0;92;46.7021;54.1082;-69.0082;8.5;2572.44;5.11093;0;0;0.1;0.01;0;2.53681;1;0;-1
0;93;60.025;-25.6663;-72.0494;10.0688;4275.84;6.05422;0;0;0.1;0.01;0;2.75268;0;0;-1
0;94;62.5633;-5.60853;-71.9214;8.73835;2794.97;5.25424;0;0;0.1;0.01;0;2.33598;0;0;-1
0;95;61.3294;9.87066;-68.84;9.81409;3959.49;5.90107;0;0;0.1;0.01;0;3.63449;0;0;-1
0;96;-80.3937;-8.31614;-55.4101;9.69228;3813.88;5.82783;0;0;0.1;0.01;0;2.96321;0;0;-1
0;97;-80.1244;12.4595;-54.3374;8.7296;2786.58;5.24898;0;0;0.1;0.01;0;2.61288;0;0;-1
0;98;-65.7581;-48.4226;-54.276;10.1245;4347.2;6.08771;0;0;0.1;0.01;0;4.68015;0;0;-1
0;99;-67.7052;-33.8762;-55.4062;8.95215;3005.18;5.3828;0;0;0.1;0.01;0;3.30379;0;0;-1
0;100;-65.5543;-12.6519;-56.3766;8.50736;2579.13;5.11535;0;0;0.1;0.01;0;4.00164;0;0;-1
0;101;-64.5983;1.73224;-53.9688;9.72048;3847.26;5.84478;0;0;0.1;0.01;0;5.33352;0;0;-1
0;102;-68.0134;19.6462;-57.7793;8.68328;2742.46;5.22113;0;0;0.1;0.01;0;3.53407;0;0;-1
0;103;-66.4448;35.4405;-55.55;8.5;2572.44;5.11093;0;0;0.1;0.01;0;3.49107;1;0;-1
0;104;-52.2525;-59.3456;-54.876;9.7421;3872.99;5.85778;0;0;0.1;0.01;0;4.05804;0;0;-1
0;105;-52.911;-42.3685;-57.557;8.54632;2614.73;5.13878;0;0;0.1;0.01;0;4.59331;0;0;-1
0;106;-51.3212;-24.6941;-57.8084;8.5;2572.44;5.11093;0;0;0.1;0.01;0;4.56961;1;0;-1
0;107;-49.8583;-4.79473;-57.1198;9.83619;3986.29;5.91436;0;0;0.1;0.01;0;6.42256;0;0;-1
0;108;-51.7483;12.0409;-54.3853;9.7551;3888.52;5.8656;0;0;0.1;0.01;0;7.06142;0;0;-1
0;109;-51.0338;27.857;-57.8075;10.3779;4681.85;6.24008;0;0;0.1;0.01;0;6.92826;0;0;-1
0;110;-52.1462;44.8055;-54.0126;9.75705;3890.85;5.86677;0;0;0.1;0.01;0;6.1982;0;0;-1
0;111;-50.5765;59.7314;-54.4337;10.0947;4308.92;6.0698;0;0;0.1;0.01;0;5.15164;0;0;-1
0;112;-38.6605;-66.5831;-56.3498;9.78686;3926.62;5.8847;0;0;0.1;0.01;0;4.10151;0;0;-1
0;113;-38.3707;-51.0466;-54.5692;9.22818;3291.83;5.54877;0;0;0.1;0.01;0;5.19203;0;0;-1
0;114;-36.5523;-31.2282;-56.2493;9.62245;3732.03;5.78584;0;0;0.1;0.01;0;6.18216;0;0;-1
0;115;-36.5253;-14.8551;-55.7924;10.2702;4537.59;6.17532;0;0;0.1;0.01;0;6.81677;0;0;-1
0;116;-37.7534;2.44058;-54.3755;8.98033;3033.65;5.39974;0;0;0.1;0.01;0;5.523;0;0;-1
0;117;-36.078;20.9949;-57.0203;10.2728;4541.04;6.17689;0;0;0.1;0.01;0;7.54052;0;0;-1
0;118;-35.2041;36.6517;-55.0666;8.75833;2814.18;5.26626;0;0;0.1;0.01;0;6.65341;0;0;-1
0;119;-36.9983;51.28;-56.508;10.0445;4244.96;6.03961;0;0;0.1;0.01;0;6.94493;0;0;-1
0;120;-35.9296;70.3137;-57.9285;10.4064;4720.52;6.25722;0;0;0.1;0.01;0;4.27331;0;0;-1
0;121;-23.9307;-76.021;-57.3298;9.56038;3660.28;5.74852;0;0;0.1;0.01;0;3.14566;0;0;-1
0;122;-21.8301;-56.2146;-56.4045;9.42137;3502.92;5.66493;0;0;0.1;0.01;0;6.51238;0;0;-1
0;123;-21.09;-40.4608;-54.8473;10.0066;4197.09;6.01682;0;0;0.1;0.01;0;6.98402;0;0;-1
0;124;-23.623;-22.5407;-56.7458;9.91108;4078.04;5.95939;0;0;0.1;0.01;0;6.8762;0;0;-1
0;125;-21.582;-7.1515;-56.3367;8.98657;3039.98;5.40349;0;0;0.1;0.01;0;5.63087;0;0;-1
0;126;-22.408;8.99989;-55.9827;9.44496;3529.3;5.67912;0;0;0.1;0.01;0;4.8011;0;0;-1
0;127;-21.4021;25.5933;-55.5886;8.61865;2681.68;5.18227;0;0;0.1;0.01;0;5.26534;0;0;-1
0;128;-21.782;42.3044;-56.7025;8.5;2572.44;5.11093;0;0;0.1;0.01;0;5.12185;1;0;-1
0;129;-22.1144;63.2061;-54.4589;10.3642;4663.33;6.23184;0;0;0.1;0.01;0;7.13799;0;0;-1
0;130;-22.0278;77.9775;-57.0166;9.14647;3205.16;5.49964;0;0;0.1;0.01;0;3.52624;0;0;-1
0;131;-9.28414;-80.7901;-56.0061;8.5;2572.44;5.11093;0;0;0.1;0.01;0;2.47067;1;0;-1
0;132;-5.76979;-65.6729;-55.7477;9.0412;3095.76;5.43634;0;0;0.1;0.01;0;4.74632;0;0;-1
0;133;-6.23549;-47.1144;-55.122;9.62786;3738.33;5.78909;0;0;0.1;0.01;0;5.88228;0;0;-1
0;134;-8.77313;-29.9193;-54.614;9.80216;3945.06;5.8939;0;0;0.1;0.01;0;5.57551;0;0;-1
0;135;-8.9441;-14.1391;-55.4261;8.61231;2675.76;5.17846;0;0;0.1;0.01;0;5.84132;0;0;-1
0;136;-7.06979;0.371038;-56.7188;8.5;2572.44;5.11093;0;0;0.1;0.01;0;5.3391;1;0;-1
0;137;-5.9232;20.9921;-55.1496;10.3787;4682.93;6.24056;0;0;0.1;0.01;0;6.33282;0;0;-1
0;138;-8.23847;36.9512;-55.492;10.3709;4672.38;6.23587;0;0;0.1;0.01;0;6.40965;0;0;-1
0;139;-5.83296;54.9376;-55.1074;10.4463;4775.03;6.28121;0;0;0.1;0.01;0;6.18353;0;0;-1
0;140;-8.72102;70.3261;-55.1357;8.9171;2970.02;5.36172;0;0;0.1;0.01;0;3.30224;0;0;-1
0;141;8.98431;-74.3219;-56.9003;8.95921;3012.3;5.38704;0;0;0.1;0.01;0;3.46816;0;0;-1
0;142;6.86401;-58.0822;-56.2117;9.9375;4110.74;5.97527;0;0;0.1;0.01;0;6.12603;0;0;-1
0;143;7.34451;-41.7063;-54.9327;8.5;2572.44;5.11093;0;0;0.1;0.01;0;4.38018;1;0;-1
0;144;9.40356;-22.7152;-56.6009;9.348;3421.72;5.62082;0;0;0.1;0.01;0;6.49527;0;0;-1
0;145;6.03106;-8.01897;-56.8598;9.37777;3454.52;5.63872;0;0;0.1;0.01;0;6.47414;0;0;-1
0;146;5.61078;9.721;-55.2402;8.95394;3006.98;5.38387;0;0;0.1;0.01;0;4.28014;0;0;-1
0;147;8.44378;27.7491;-53.9512;10.1128;4332.14;6.08068;0;0;0.1;0.01;0;6.67576;0;0;-1
0;148;8.53485;44.975;-55.9768;10.2821;4553.38;6.18248;0;0;0.1;0.01;0;7.63836;0;0;-1
0;149;8.84203;59.8422;-57.717;8.76315;2818.83;5.26915;0;0;0.1;0.01;0;5.80934;0;0;-1
0;150;8.57113;79.8455;-54.3415;9.33081;3402.88;5.61048;0;0;0.1;0.01;0;2.80747;0;0;-1
0;151;22.2782;-64.2638;-56.6552;9.79249;3933.4;5.88808;0;0;0.1;0.01;0;4.96811;0;0;-1
0;152;24.1799;-49.9843;-53.7246;8.97699;3030.27;5.39773;0;0;0.1;0.01;0;5.40033;0;0;-1
0;153;20.2915;-32.6152;-55.2911;9.10775;3164.62;5.47636;0;0;0.1;0.01;0;5.15258;0;0;-1
0;154;20.5199;-12.7123;-57.3682;9.31056;3380.77;5.5983;0;0;0.1;0.01;0;6.0095;0;0;-1
0;155;23.6281;1.41859;-56.4402;9.29185;3360.43;5.58705;0;0;0.1;0.01;0;5.68024;0;0;-1
0;156;23.7516;20.6583;-55.7394;10.1452;4373.92;6.10016;0;0;0.1;0.01;0;6.42674;0;0;-1
0;157;22.6862;38.2419;-56.2061;10.0929;4306.62;6.06871;0;0;0.1;0.01;0;7.04104;0;0;-1
0;158;22.9303;54.3748;-53.9786;10.4336;4757.64;6.27357;0;0;0.1;0.01;0;7.09883;0;0;-1
0;159;22.0532;70.5682;-57.6922;9.08793;3144.01;5.46444;0;0;0.1;0.01;0;2.47011;0;0;-1
0;160;38.5703;-56.0269;-56.4288;9.06067;3115.8;5.44805;0;0;0.1;0.01;0;4.55337;0;0;-1
0;161;34.9385;-38.3567;-54.7252;8.60039;2664.67;5.17129;0;0;0.1;0.01;0;5.32463;0;0;-1
0;162;38.529;-25.0988;-56.4522;9.04343;3098.05;5.43768;0;0;0.1;0.01;0;5.60458;0;0;-1
0;163;37.2053;-5.69171;-54.8387;8.57831;2644.2;5.15801;0;0;0.1;0.01;0;5.9649;0;0;-1
0;164;38.4598;8.33295;-55.4082;9.23354;3297.56;5.55199;0;0;0.1;0.01;0;6.9638;0;0;-1
0;165;38.868;25.4355;-54.6059;9.85015;4003.29;5.92275;0;0;0.1;0.01;0;6.32678;0;0;-1
0;166;36.7839;46.1501;-56.6467;9.17439;3234.6;5.51643;0;0;0.1;0.01;0;5.85581;0;0;-1
0;167;36.3704;60.7307;-54.1156;8.5;2572.44;5.11093;0;0;0.1;0.01;0;4.54113;1;0;-1
0;168;52.8833;-50.9581;-56.0597;8.97539;3028.65;5.39677;0;0;0.1;0.01;0;3.28658;0;0;-1
0;169;52.0665;-31.0884;-54.1367;9.95776;4135.93;5.98746;0;0;0.1;0.01;0;5.73137;0;0;-1
0;170;52.9137;-15.0652;-54.3835;8.5;2572.44;5.11093;0;0;0.1;0.01;0;5.22924;1;0;-1
0;171;52.2489;0.0398807;-54.3895;9.99184;4178.54;6.00795;0;0;0.1;0.01;0;7.51464;0;0;-1
0;172;51.1918;18.0839;-56.0417;9.0008;3054.44;5.41205;0;0;0.1;0.01;0;6.79145;0;0;-1
0;173;52.9439;34.0735;-55.7679;9.24176;3306.38;5.55694;0;0;0.1;0.01;0;5.31086;0;0;-1
0;174;52.696;55.2615;-56.5066;10.1122;4331.37;6.08032;0;0;0.1;0.01;0;4.26848;0;0;-1
0;175;64.6182;-40.8736;-56.6786;9.03274;3087.07;5.43126;0;0;0.1;0.01;0;2.99331;0;0;-1
0;176;67.2864;-25.0823;-56.1094;9.38578;3463.38;5.64353;0;0;0.1;0.01;0;4.4213;0;0;-1
0;177;67.7763;-4.5029;-55.1296;8.5;2572.44;5.11093;0;0;0.1;0.01;0;5.1393;1;0;-1
0;178;65.8289;11.9963;-53.8058;9.54477;3642.38;5.73913;0;0;0.1;0.01;0;5.87434;0;0;-1
0;179;66.0084;26.6432;-55.28;8.5;2572.44;5.11093;0;0;0.1;0.01;0;3.88991;1;0;-1
0;180;64.7695;46.0639;-54.3214;9.81335;3958.59;5.90062;0;0;0.1;0.01;0;3.39613;0;0;-1
0;181;79.7205;-16.8506;-56.7575;10.1836;4423.77;6.12325;0;0;0.1;0.01;0;2.82719;0;0;-1
0;182;82.223;1.11961;-54.4681;8.92226;2975.18;5.36483;0;0;0.1;0.01;0;2.82719;0;0;-1
0;183;-87.5141;-21.6643;-40.6287;9.37018;3446.14;5.63415;0;0;0.1;0.01;0;3.14516;0;0;-1
0;184;-84.1178;-8.17364;-40.1231;10.0307;4227.49;6.03131;0;0;0.1;0.01;0;5.2191;0;0;-1
0;185;-86.31;12.3528;-39.6294;9.63572;3747.5;5.79382;0;0;0.1;0.01;0;4.43945;0;0;-1
0;186;-86.6572;29.3349;-39.2309;9.84885;4001.71;5.92197;0;0;0.1;0.01;0;3.00413;0;0;-1
0;187;-70.184;-48.0408;-39.6432;8.5;2572.44;5.11093;0;0;0.1;0.01;0;4.05692;1;0;-1
0;188;-72.1202;-33.9457;-41.5621;10.2288;4482.94;6.15043;0;0;0.1;0.01;0;5.02696;0;0;-1
0;189;-71.5927;-14.5659;-41.6319;8.5;2572.44;5.11093;0;0;0.1;0.01;0;5.38745;1;0;-1
0;190;-72.6825;3.61577;-40.9308;10.2704;4537.86;6.17544;0;0;0.1;0.01;0;7.38541;0;0;-1
0;191;-70.5103;19.073;-42.0672;9.73679;3866.66;5.85459;0;0;0.1;0.01;0;6.24036;0;0;-1
0;192;-69.9866;37.0793;-42.9204;9.92192;4091.44;5.96591;0;0;0.1;0.01;0;5.68325;0;0;-1
0;193;-72.659;51.3926;-41.0976;9.59208;3696.81;5.76758;0;0;0.1;0.01;0;3.09472;0;0;-1
0;194;-56.9535;-59.203;-39.9305;10.3288;4615.71;6.21056;0;0;0.1;0.01;0;5.24929;0;0;-1
0;195;-56.7246;-39.4564;-41.8777;9.50868;3601.22;5.71743;0;0;0.1;0.01;0;6.64098;0;0;-1
0;196;-54.1678;-24.6445;-40.9054;9.31218;3382.54;5.59928;0;0;0.1;0.01;0;5.4221;0;0;-1
0;197;-57.4634;-7.32868;-42.0179;10.0834;4294.47;6.063;0;0;0.1;0.01;0;6.99142;0;0;-1
0;198;-55.0657;9.53936;-39.8509;10.2811;4552.05;6.18188;0;0;0.1;0.01;0;6.7146;0;0;-1
0;199;-55.5402;25.8709;-41.5467;9.89022;4052.35;5.94685;0;0;0.1;0.01;0;6.11416;0;0;-1
0;200;-56.9723;42.6517;-40.1105;9.6706;3788.34;5.81479;0;0;0.1;0.01;0;6.52747;0;0;-1
0;201;-54.255;60.4473;-39.5943;9.62047;3729.73;5.78465;0;0;0.1;0.01;0;5.24038;0;0;-1
0;202;-40.5225;-80.6289;-40.9823;8.5;2572.44;5.11093;0;0;0.1;0.01;0;2.97003;1;0;-1
0;203;-41.6799;-65.9008;-39.2277;9.46189;3548.32;5.6893;0;0;0.1;0.01;0;6.38156;0;0;-1
0;204;-43.052;-47.5208;-41.7231;8.5;2572.44;5.11093;0;0;0.1;0.01;0;4.90086;1;0;-1
0;205;-42.5705;-31.6862;-42.2063;8.64528;2706.61;5.19828;0;0;0.1;0.01;0;5.09473;0;0;-1
0;206;-40.2517;-13.4528;-40.655;9.60474;3711.47;5.77519;0;0;0.1;0.01;0;6.104;0;0;-1
0;207;-42.0137;1.95247;-39.9955;9.25091;3316.21;5.56244;0;0;0.1;0.01;0;6.47619;0;0;-1
0;208;-41.784;19.6602;-42.4218;8.59492;2659.59;5.168;0;0;0.1;0.01;0;5.91536;0;0;-1
0;209;-41.4544;34.4585;-41.4082;8.78789;2842.77;5.28403;0;0;0.1;0.01;0;5.64305;0;0;-1
0;210;-40.272;53.6151;-41.2211;9.53739;3633.94;5.73469;0;0;0.1;0.01;0;7.07346;0;0;-1
0;211;-40.8076;68.4796;-42.1391;10.3601;4657.8;6.22938;0;0;0.1;0.01;0;6.0811;0;0;-1
0;212;-27.6587;-72.9676;-42.8794;9.39388;3472.35;5.6484;0;0;0.1;0.01;0;6.10588;0;0;-1
0;213;-28.1442;-57.7294;-40.4621;10.4418;4768.86;6.2785;0;0;0.1;0.01;0;7.09406;0;0;-1
0;214;-25.2956;-38.5065;-42.3659;9.23225;3296.18;5.55122;0;0;0.1;0.01;0;5.32917;0;0;-1
0;215;-25.0093;-22.3777;-39.8187;9.9908;4177.24;6.00732;0;0;0.1;0.01;0;6.3907;0;0;-1
0;216;-24.7463;-5.18231;-40.6544;8.87426;2927.42;5.33596;0;0;0.1;0.01;0;5.61462;0;0;-1
0;217;-25.4521;9.75587;-41.0426;8.5;2572.44;5.11093;0;0;0.1;0.01;0;4.04222;1;0;-1
0;218;-28.1744;27.0178;-42.0154;9.3773;3454;5.63843;0;0;0.1;0.01;0;5.48934;0;0;-1
0;219;-27.2183;44.1233;-42.0986;9.59228;3697.04;5.7677;0;0;0.1;0.01;0;6.10615;0;0;-1
0;220;-27.5565;60.5327;-40.7653;9.41372;3494.4;5.66033;0;0;0.1;0.01;0;7.06826;0;0;-1
0;221;-25.0136;77.1703;-42.0824;9.57316;3674.98;5.7562;0;0;0.1;0.01;0;5.24587;0;0;-1
0;222;-12.9877;-83.1402;-42.1699;8.61093;2674.48;5.17763;0;0;0.1;0.01;0;4.03755;0;0;-1
0;223;-12.9508;-67.6017;-39.7403;10.0617;4266.8;6.04995;0;0;0.1;0.01;0;6.69572;0;0;-1
0;224;-12.3935;-49.3768;-41.836;9.18212;3242.78;5.52108;0;0;0.1;0.01;0;5.31964;0;0;-1
0;225;-9.78748;-33.3267;-39.8351;9.50911;3601.71;5.71769;0;0;0.1;0.01;0;6.11764;0;0;-1
0;226;-13.0713;-15.5108;-40.7569;8.69144;2750.2;5.22604;0;0;0.1;0.01;0;6.37295;0;0;-1
0;227;-11.0656;0.25507;-41.4496;8.66025;2720.7;5.20728;0;0;0.1;0.01;0;5.4547;0;0;-1
0;228;-12.5367;20.0307;-39.3407;9.95302;4130.03;5.98461;0;0;0.1;0.01;0;6.16063;0;0;-1
0;229;-9.95859;34.311;-39.7632;8.5;2572.44;5.11093;0;0;0.1;0.01;0;6.08692;1;0;-1
0;230;-11.5612;52.965;-39.3569;10.1789;4417.65;6.12042;0;0;0.1;0.01;0;6.47179;0;0;-1
0;231;-11.0981;70.7581;-40.0416;9.43087;3513.53;5.67065;0;0;0.1;0.01;0;5.57587;0;0;-1
0;232;-9.79069;87.1009;-39.9588;8.5;2572.44;5.11093;0;0;0.1;0.01;0;2.38863;1;0;-1
0;233;2.81811;-89.5415;-42.0528;9.11671;3173.97;5.48175;0;0;0.1;0.01;0;2.88228;0;0;-1
0;234;4.68109;-74.9287;-41.162;8.55271;2620.59;5.14262;0;0;0.1;0.01;0;5.17864;0;0;-1
0;235;2.01346;-59.7599;-39.3792;9.47364;3561.55;5.69636;0;0;0.1;0.01;0;5.41891;0;0;-1
0;236;3.62753;-40.768;-39.8032;8.5;2572.44;5.11093;0;0;0.1;0.01;0;4.84914;1;0;-1
0;237;4.67468;-25.2798;-39.5104;9.5216;3615.92;5.7252;0;0;0.1;0.01;0;6.13881;0;0;-1
0;238;1.23412;-8.07978;-42.4267;10.2613;4525.8;6.16997;0;0;0.1;0.01;0;6.2667;0;0;-1
0;239;3.21207;10.4477;-41.0078;8.61838;2681.42;5.18211;0;0;0.1;0.01;0;4.37045;0;0;-1
0;240;4.07565;27.1852;-39.4726;8.90471;2957.66;5.35427;0;0;0.1;0.01;0;6.72698;0;0;-1
0;241;1.22901;43.0321;-40.2747;10.0973;4312.25;6.07136;0;0;0.1;0.01;0;7.977;0;0;-1
0;242;1.51997;60.6197;-40.977;8.5;2572.44;5.11093;0;0;0.1;0.01;0;5.36256;1;0;-1
0;243;3.95523;76.3836;-41.075;9.14274;3201.24;5.4974;0;0;0.1;0.01;0;5.26365;0;0;-1
0;244;17.6704;-82.3249;-42.0895;8.5;2572.44;5.11093;0;0;0.1;0.01;0;3.2959;1;0;-1
0;245;18.2143;-65.4517;-39.2882;10.2625;4527.39;6.17069;0;0;0.1;0.01;0;5.88657;0;0;-1
0;246;17.9209;-46.4575;-40.8053;8.89095;2943.97;5.346;0;0;0.1;0.01;0;5.2667;0;0;-1
0;247;17.8378;-31.7596;-41.1603;8.5;2572.44;5.11093;0;0;0.1;0.01;0;5.83721;1;0;-1
0;248;19.0979;-15.4961;-41.7742;9.48375;3572.97;5.70244;0;0;0.1;0.01;0;5.92433;0;0;-1
0;249;19.7528;1.94009;-42.1586;9.10927;3166.21;5.47727;0;0;0.1;0.01;0;4.69262;0;0;-1
0;250;17.6612;17.7332;-40.5168;9.27102;3337.88;5.57453;0;0;0.1;0.01;0;5.59851;0;0;-1
0;251;19.0269;36.7127;-42.841;9.9124;4079.67;5.96018;0;0;0.1;0.01;0;7.63349;0;0;-1
0;252;16.7948;52.0149;-39.6944;10.0976;4312.64;6.07154;0;0;0.1;0.01;0;7.44128;0;0;-1
0;253;18.7602;68.4668;-41.1952;10.3155;4597.9;6.20256;0;0;0.1;0.01;0;5.94136;0;0;-1
0;254;16.414;87.4198;-41.1284;10.0767;4285.92;6.05897;0;0;0.1;0.01;0;3.14598;0;0;-1
0;255;32.9503;-75.6328;-42.5052;8.64912;2710.22;5.20059;0;0;0.1;0.01;0;2.25291;0;0;-1
0;256;30.5646;-56.4939;-40.5197;9.0958;3152.18;5.46917;0;0;0.1;0.01;0;6.27922;0;0;-1
0;257;33.7162;-41.1843;-40.4697;10.005;4195.08;6.01586;0;0;0.1;0.01;0;7.65228;0;0;-1
0;258;32.7727;-25.2912;-41.5676;10.1242;4346.81;6.08753;0;0;0.1;0.01;0;7.40554;0;0;-1
0;259;33.7379;-8.047;-42.028;8.5;2572.44;5.11093;0;0;0.1;0.01;0;4.72487;1;0;-1
0;260;33.846;10.0355;-42.2922;8.5;2572.44;5.11093;0;0;0.1;0.01;0;5.10107;1;0;-1
0;261;33.8481;29.5207;-39.8809;8.93213;2985.06;5.37076;0;0;0.1;0.01;0;6.03363;0;0;-1
0;262;32.9443;46.1522;-39.4197;10.038;4236.72;6.0357;0;0;0.1;0.01;0;7.76855;0;0;-1
0;263;33.9192;60.0844;-39.7052;9.38769;3465.49;5.64468;0;0;0.1;0.01;0;6.20803;0;0;-1
0;264;33.5502;79.8401;-40.4267;8.95437;3007.42;5.38413;0;0;0.1;0.01;0;2.74419;0;0;-1
0;265;47.8261;-65.2753;-41.6093;8.94443;2997.41;5.37816;0;0;0.1;0.01;0;2.4658;0;0;-1
0;266;47.1431;-47.703;-39.9494;9.52788;3623.08;5.72898;0;0;0.1;0.01;0;5.80311;0;0;-1
0;267;47.764;-30.2371;-39.2229;10.3176;4600.71;6.20382;0;0;0.1;0.01;0;7.6598;0;0;-1
0;268;46.7882;-14.9393;-42.5849;10.067;4273.55;6.05314;0;0;0.1;0.01;0;7.77818;0;0;-1
0;269;46.0838;2.87543;-42.1815;8.5;2572.44;5.11093;0;0;0.1;0.01;0;6.20014;1;0;-1
0;270;47.7576;16.8702;-43.0403;10.1627;4396.59;6.11068;0;0;0.1;0.01;0;7.43856;0;0;-1
0;271;46.846;37.9686;-41.0993;9.52653;3621.54;5.72816;0;0;0.1;0.01;0;6.19191;0;0;-1
0;272;46.7037;52.141;-42.8739;9.67637;3795.12;5.81826;0;0;0.1;0.01;0;6.60701;0;0;-1
0;273;46.8362;69.26;-39.8953;9.92643;4097.02;5.96862;0;0;0.1;0.01;0;4.49764;0;0;-1
0;274;60.376;-55.3649;-39.3241;9.8308;3979.74;5.91112;0;0;0.1;0.01;0;4.74628;0;0;-1
0;275;63.9921;-41.6893;-39.8269;8.94562;2998.61;5.37887;0;0;0.1;0.01;0;4.28019;0;0;-1
0;276;61.2076;-23.3564;-39.8321;8.55006;2618.16;5.14103;0;0;0.1;0.01;0;5.54294;0;0;-1
0;277;63.4168;-7.79428;-42.3273;9.67674;3795.56;5.81848;0;0;0.1;0.01;0;6.80235;0;0;-1
0;278;63.5973;8.22761;-39.465;10.0114;4203.13;6.01971;0;0;0.1;0.01;0;6.56099;0;0;-1
0;279;63.0218;26.1881;-42.2743;10.0357;4233.81;6.03432;0;0;0.1;0.01;0;6.07466;0;0;-1
0;280;61.5497;42.1335;-41.2017;8.88075;2933.85;5.33987;0;0;0.1;0.01;0;5.08384;0;0;-1
0;281;61.9955;60.4228;-42.4572;9.23144;3295.32;5.55073;0;0;0.1;0.01;0;3.6795;0;0;-1
0;282;74.9447;-32.4963;-43.1712;9.0112;3065.04;5.4183;0;0;0.1;0.01;0;3.21728;0;0;-1
0;283;77.7399;-15.0002;-41.1238;8.62851;2690.89;5.1882;0;0;0.1;0.01;0;4.46643;0;0;-1
0;284;76.3279;-0.0861214;-41.4686;10.2851;4557.37;6.18428;0;0;0.1;0.01;0;6.87701;0;0;-1
0;285;78.7388;19.7254;-42.8242;8.99017;3043.63;5.40566;0;0;0.1;0.01;0;3.33062;0;0;-1
0;286;76.5348;34.3393;-41.9419;9.23964;3304.1;5.55566;0;0;0.1;0.01;0;3.54148;0;0;-1
0;287;90.5159;-4.55822;-40.5362;8.7003;2758.62;5.23136;0;0;0.1;0.01;0;2.23227;0;0;-1
0;288;-95.1298;-13.5093;-24.7004;8.77145;2826.85;5.27415;0;0;0.1;0.01;0;3.17553;0;0;-1
0;289;-95.6328;1.2488;-26.0949;9.92316;4092.97;5.96665;0;0;0.1;0.01;0;3.87549;0;0;-1
0;290;-80.8685;-41.5028;-24.6582;9.90428;4069.65;5.9553;0;0;0.1;0.01;0;2.88628;0;0;-1
0;291;-81.7958;-23.4427;-27.3424;9.5595;3659.27;5.74799;0;0;0.1;0.01;0;3.86411;0;0;-1
0;292;-78.9096;-4.65284;-26.4849;10.0423;4242.17;6.03829;0;0;0.1;0.01;0;5.59101;0;0;-1
0;293;-82.5756;10.9705;-26.4511;10.1274;4350.93;6.08946;0;0;0.1;0.01;0;6.28516;0;0;-1
0;294;-82.4121;27.6803;-25.1435;10.0349;4232.8;6.03384;0;0;0.1;0.01;0;5.02738;0;0;-1
0;295;-80.4026;44.5613;-28.1125;9.88358;4044.19;5.94285;0;0;0.1;0.01;0;3.28454;0;0;-1
0;296;-64.0809;-67.8754;-25.9989;8.5;2572.44;5.11093;0;0;0.1;0.01;0;2.51786;1;0;-1
0;297;-64.3782;-48.9918;-26.1331;8.77835;2833.53;5.27829;0;0;0.1;0.01;0;4.35768;0;0;-1
0;298;-64.5276;-31.2628;-25.4647;9.74862;3880.77;5.8617;0;0;0.1;0.01;0;5.46876;0;0;-1
0;299;-64.4873;-12.892;-26.9887;9.28066;3348.31;5.58033;0;0;0.1;0.01;0;5.55874;0;0;-1
0;300;-66.0791;4.44382;-26.0281;8.5;2572.44;5.11093;0;0;0.1;0.01;0;5.93969;1;0;-1
0;301;-65.4702;20.2188;-26.9345;8.59094;2655.89;5.16561;0;0;0.1;0.01;0;5.71323;0;0;-1
0;302;-64.6855;35.2199;-27.1724;10.0497;4251.56;6.04274;0;0;0.1;0.01;0;6.31005;0;0;-1
0;303;-64.5475;50.9162;-26.2307;9.27992;3347.51;5.57988;0;0;0.1;0.01;0;5.75104;0;0;-1
0;304;-66.679;68.6685;-26.7144;9.4554;3541.02;5.68539;0;0;0.1;0.01;0;2.1505;0;0;-1
0;305;-49.7083;-72.4989;-27.7885;8.99661;3050.18;5.40953;0;0;0.1;0.01;0;5.23021;0;0;-1
0;306;-49.6139;-58.1765;-26.29;9.25063;3315.91;5.56227;0;0;0.1;0.01;0;6.29345;0;0;-1
0;307;-51.5419;-39.7109;-26.3437;9.3425;3415.69;5.61751;0;0;0.1;0.01;0;6.00802;0;0;-1
0;308;-52.4111;-23.1155;-27.5503;9.77632;3913.95;5.87836;0;0;0.1;0.01;0;6.55557;0;0;-1
0;309;-50.4853;-7.03387;-27.8131;9.73264;3861.72;5.8521;0;0;0.1;0.01;0;6.60973;0;0;-1
0;310;-53.0177;8.65198;-26.3266;8.9409;2993.87;5.37603;0;0;0.1;0.01;0;5.48829;0;0;-1
0;311;-51.1155;26.7848;-24.4702;9.14375;3202.3;5.498;0;0;0.1;0.01;0;5.57874;0;0;-1
0;312;-49.988;45.5128;-24.873;9.78011;3918.5;5.88064;0;0;0.1;0.01;0;7.33783;0;0;-1
0;313;-50.6684;62.4858;-25.5779;8.75947;2815.28;5.26694;0;0;0.1;0.01;0;6.08545;0;0;-1
0;314;-51.7958;78.4851;-28.2552;8.72318;2780.44;5.24512;0;0;0.1;0.01;0;2.6518;0;0;-1
0;315;-36.433;-82.1777;-26.5179;10.3133;4594.96;6.20124;0;0;0.1;0.01;0;6.1959;0;0;-1
0;316;-34.9874;-67.3087;-26.8061;8.88636;2939.41;5.34324;0;0;0.1;0.01;0;6.99045;0;0;-1
0;317;-38.3676;-47.1046;-27.1499;10.1598;4392.83;6.10894;0;0;0.1;0.01;0;5.71126;0;0;-1
0;318;-36.0569;-30.087;-26.0722;9.32899;3400.89;5.60939;0;0;0.1;0.01;0;6.11518;0;0;-1
0;319;-34.6346;-13.7604;-26.806;8.77558;2830.85;5.27663;0;0;0.1;0.01;0;5.01411;0;0;-1
0;320;-36.5851;4.3182;-27.4505;8.5;2572.44;5.11093;0;0;0.1;0.01;0;4.19254;1;0;-1
0;321;-38.3571;18.5465;-27.4802;9.50184;3593.45;5.71332;0;0;0.1;0.01;0;5.45419;0;0;-1
0;322;-38.2468;34.5865;-25.1743;8.5;2572.44;5.11093;0;0;0.1;0.01;0;5.50048;1;0;-1
0;323;-37.6503;52.2761;-27.8683;9.223;3286.29;5.54566;0;0;0.1;0.01;0;6.07349;0;0;-1
0;324;-38.2113;67.7216;-25.7656;8.5;2572.44;5.11093;0;0;0.1;0.01;0;4.48622;1;0;-1
0;325;-35.5366;85.8445;-24.9479;10.2803;4550.99;6.1814;0;0;0.1;0.01;0;3.74737;0;0;-1
0;326;-21.7861;-90.7764;-25.2888;10.3383;4628.45;6.21627;0;0;0.1;0.01;0;3.98787;0;0;-1
0;327;-20.5829;-73.0895;-27.0225;10.1729;4409.84;6.11682;0;0;0.1;0.01;0;8.27741;0;0;-1
0;328;-20.3439;-59.1626;-26.3038;9.74517;3876.65;5.85963;0;0;0.1;0.01;0;7.26737;0;0;-1
0;329;-22.0192;-40.5872;-26.6588;8.61701;2680.15;5.18128;0;0;0.1;0.01;0;4.98838;0;0;-1
0;330;-21.3647;-21.1062;-24.9726;10.094;4308.03;6.06938;0;0;0.1;0.01;0;6.84081;0;0;-1
0;331;-19.7202;-5.48433;-28.0821;8.5;2572.44;5.11093;0;0;0.1;0.01;0;4.64859;1;0;-1
0;332;-21.3073;11.8074;-25.7723;8.5;2572.44;5.11093;0;0;0.1;0.01;0;4.00161;1;0;-1
0;333;-22.7724;28.7621;-27.7884;8.64731;2708.52;5.1995;0;0;0.1;0.01;0;5.10167;0;0;-1
0;334;-21.2687;44.7679;-27.8798;9.74786;3879.86;5.86125;0;0;0.1;0.01;0;5.84118;0;0;-1
0;335;-21.6938;62.172;-26.6151;9.66986;3787.47;5.81435;0;0;0.1;0.01;0;6.33841;0;0;-1
0;336;-22.8421;78.7588;-27.9081;9.43208;3514.88;5.67137;0;0;0.1;0.01;0;5.62997;0;0;-1
0;337;-5.94088;-81.2651;-28.6484;9.37792;3454.68;5.63881;0;0;0.1;0.01;0;6.09391;0;0;-1
0;338;-7.90954;-66.6038;-26.3307;9.47884;3567.42;5.69949;0;0;0.1;0.01;0;6.68955;0;0;-1
0;339;-8.5628;-48.5913;-24.3825;9.13807;3196.33;5.49459;0;0;0.1;0.01;0;5.18557;0;0;-1
0;340;-8.20277;-29.6908;-25.5466;8.77274;2828.1;5.27492;0;0;0.1;0.01;0;5.56734;0;0;-1
0;341;-6.0104;-13.3262;-27.8117;9.41095;3491.31;5.65867;0;0;0.1;0.01;0;6.59862;0;0;-1
0;342;-5.49479;1.92972;-27.6501;8.53399;2603.42;5.13136;0;0;0.1;0.01;0;5.70997;0;0;-1
0;343;-6.6079;21.1289;-25.6273;9.60397;3710.57;5.77473;0;0;0.1;0.01;0;6.69983;0;0;-1
0;344;-7.09438;35.4108;-27.095;9.34522;3418.67;5.61915;0;0;0.1;0.01;0;7.48395;0;0;-1
0;345;-7.92935;51.5157;-26.0303;8.65073;2711.73;5.20156;0;0;0.1;0.01;0;5.61135;0;0;-1
0;346;-9.34594;72.164;-24.4886;8.6207;2683.59;5.1835;0;0;0.1;0.01;0;5.03733;0;0;-1
0;347;-9.09977;88.2413;-25.6647;8.64271;2704.2;5.19674;0;0;0.1;0.01;0;3.97126;0;0;-1
0;348;9.34653;-90.4751;-25.4118;10.3115;4592.55;6.20016;0;0;0.1;0.01;0;4.27711;0;0;-1
0;349;6.59403;-75.7961;-25.3167;9.7822;3921.01;5.88189;0;0;0.1;0.01;0;6.67469;0;0;-1
0;350;9.44324;-58.6644;-25.7733;9.33001;3402;5.61;0;0;0.1;0.01;0;5.8081;0;0;-1
0;351;5.72529;-40.0301;-25.3946;9.62018;3729.39;5.78447;0;0;0.1;0.01;0;6.09789;0;0;-1
0;352;8.26283;-25.5164;-26.5931;8.72878;2785.8;5.24849;0;0;0.1;0.01;0;5.86119;0;0;-1
0;353;9.02309;-8.76546;-27.6923;10.2426;4501.11;6.15873;0;0;0.1;0.01;0;6.79879;0;0;-1
0;354;5.51588;9.93424;-25.5128;9.14542;3204.05;5.49901;0;0;0.1;0.01;0;4.58366;0;0;-1
0;355;9.43759;29.3323;-27.6603;10.081;4291.4;6.06156;0;0;0.1;0.01;0;6.86154;0;0;-1
0;356;6.25261;44.0465;-25.239;10.3766;4680.09;6.2393;0;0;0.1;0.01;0;7.20023;0;0;-1
0;357;6.87104;63.408;-24.6211;10.1832;4423.25;6.12301;0;0;0.1;0.01;0;6.80672;0;0;-1
0;358;5.89682;78.2853;-28.0044;9.05381;3108.73;5.44392;0;0;0.1;0.01;0;5.55763;0;0;-1
0;359;8.2425;95.6175;-26.8442;10.0208;4214.98;6.02536;0;0;0.1;0.01;0;2.99727;0;0;-1
0;360;22.5749;-82.3668;-25.2192;9.14669;3205.39;5.49977;0;0;0.1;0.01;0;4.65873;0;0;-1
0;361;23.6988;-65.8965;-25.4769;9.51617;3609.73;5.72193;0;0;0.1;0.01;0;5.43909;0;0;-1
0;362;23.2762;-47.2908;-27.4357;10.114;4333.69;6.0814;0;0;0.1;0.01;0;6.2597;0;0;-1
0;363;22.791;-31.7616;-26.0466;9.7203;3847.05;5.84468;0;0;0.1;0.01;0;6.8974;0;0;-1
0;364;22.1283;-16.093;-25.5868;10.0142;4206.66;6.02139;0;0;0.1;0.01;0;6.73052;0;0;-1
0;365;22.3194;1.01566;-26.8045;9.03568;3090.09;5.43302;0;0;0.1;0.01;0;5.17156;0;0;-1
0;366;23.389;18.1873;-28.013;9.62583;3735.97;5.78787;0;0;0.1;0.01;0;6.25424;0;0;-1
0;367;23.2511;34.9349;-27.5177;9.48752;3577.23;5.70471;0;0;0.1;0.01;0;7.41947;0;0;-1
0;368;20.5933;51.114;-24.5193;9.78732;3927.17;5.88497;0;0;0.1;0.01;0;6.26167;0;0;-1
0;369;20.2906;69.1542;-26.9517;9.41126;3491.66;5.65885;0;0;0.1;0.01;0;5.36277;0;0;-1
0;370;23.3584;84.5744;-24.804;9.48309;3572.22;5.70204;0;0;0.1;0.01;0;4.8998;0;0;-1
0;371;38.0655;-75.9973;-27.1042;9.08221;3138.07;5.461;0;0;0.1;0.01;0;3.93924;0;0;-1
0;372;35.2264;-56.9186;-27.0399;8.68961;2748.46;5.22494;0;0;0.1;0.01;0;5.60695;0;0;-1
0;373;37.5299;-39.9437;-26.8249;9.92192;4091.44;5.96591;0;0;0.1;0.01;0;7.96695;0;0;-1
0;374;37.6905;-23.1684;-27.6902;9.98008;4163.81;6.00088;0;0;0.1;0.01;0;7.59022;0;0;-1
0;375;37.456;-7.21232;-24.8381;9.68117;3800.77;5.82115;0;0;0.1;0.01;0;6.57073;0;0;-1
0;376;35.1283;8.91571;-26.7861;8.8148;2868.97;5.30021;0;0;0.1;0.01;0;5.30893;0;0;-1
0;377;37.2289;25.3887;-24.713;9.96675;4147.15;5.99286;0;0;0.1;0.01;0;6.88018;0;0;-1
0;378;37.0133;42.1361;-27.1007;9.84583;3998.03;5.92015;0;0;0.1;0.01;0;6.57799;0;0;-1
0;379;38.4498;63.6811;-24.9026;8.5;2572.44;5.11093;0;0;0.1;0.01;0;4.58576;1;0;-1
0;380;36.7515;78.8116;-24.8762;8.5;2572.44;5.11093;0;0;0.1;0.01;0;4.35139;1;0;-1
0;381;50.4402;-66.6503;-24.7853;10.2137;4463.11;6.14135;0;0;0.1;0.01;0;5.56961;0;0;-1
0;382;49.9651;-50.7727;-25.2912;10.1728;4409.71;6.11676;0;0;0.1;0.01;0;6.85265;0;0;-1
0;383;50.069;-33.4178;-25.0314;8.55599;2623.61;5.14459;0;0;0.1;0.01;0;5.20386;0;0;-1
0;384;52.7129;-15.5637;-26.857;9.21838;3281.35;5.54288;0;0;0.1;0.01;0;6.25911;0;0;-1
0;385;51.8211;1.73618;-28.3331;10.0155;4208.3;6.02217;0;0;0.1;0.01;0;7.16949;0;0;-1
0;386;50.1066;17.7976;-28.5169;9.04577;3100.45;5.43909;0;0;0.1;0.01;0;6.1678;0;0;-1
0;387;50.3122;34.8902;-25.0701;9.38364;3461.01;5.64225;0;0;0.1;0.01;0;5.57807;0;0;-1
0;388;52.9786;54.7682;-24.6967;8.65695;2717.59;5.2053;0;0;0.1;0.01;0;4.39689;0;0;-1
0;389;52.2021;72.6201;-26.9383;9.78828;3928.33;5.88555;0;0;0.1;0.01;0;4.37963;0;0;-1
0;390;66.3603;-59.2044;-27.6293;8.99162;3045.11;5.40653;0;0;0.1;0.01;0;4.13287;0;0;-1
0;391;66.6327;-42.2286;-25.0424;8.84857;2902.07;5.32052;0;0;0.1;0.01;0;5.48533;0;0;-1
0;392;67.4827;-23.2478;-24.8713;10.3678;4668.19;6.23401;0;0;0.1;0.01;0;6.53646;0;0;-1
0;393;65.5564;-5.60048;-26.9255;8.9529;3005.94;5.38325;0;0;0.1;0.01;0;6.84091;0;0;-1
0;394;66.5796;9.45449;-25.0958;9.2484;3313.51;5.56093;0;0;0.1;0.01;0;5.82273;0;0;-1
0;395;64.8762;25.4068;-25.6007;9.8348;3984.6;5.91352;0;0;0.1;0.01;0;4.81023;0;0;-1
0;396;66.38;46.5052;-25.9088;10.0347;4232.55;6.03372;0;0;0.1;0.01;0;5.81736;0;0;-1
0;397;65.073;62.2791;-27.5169;10.0508;4252.95;6.0434;0;0;0.1;0.01;0;4.97014;0;0;-1
0;398;79.4175;-51.2657;-25.8183;10.1042;4321.1;6.07551;0;0;0.1;0.01;0;2.17898;0;0;-1
0;399;81.8814;-34.2049;-24.8342;10.2512;4512.45;6.1639;0;0;0.1;0.01;0;3.41388;0;0;-1
0;400;80.7476;-16.8125;-25.3495;8.88357;2936.64;5.34156;0;0;0.1;0.01;0;4.46873;0;0;-1
0;401;79.7975;-0.234749;-26.2419;9.30496;3374.68;5.59494;0;0;0.1;0.01;0;4.87223;0;0;-1
0;402;83.2189;17.7949;-25.2702;9.79833;3940.44;5.89159;0;0;0.1;0.01;0;4.14507;0;0;-1
0;403;79.0949;33.764;-27.9893;8.5;2572.44;5.11093;0;0;0.1;0.01;0;3.36615;1;0;-1
0;404;79.3725;54.6244;-26.5414;10.3516;4646.34;6.22427;0;0;0.1;0.01;0;2.70826;0;0;-1
0;405;-98.4431;0.95957;-11.8109;10.2755;4544.62;6.17851;0;0;0.1;0.01;0;3.70493;0;0;-1
0;406;-84.2859;-42.0844;-11.2485;9.08598;3141.98;5.46327;0;0;0.1;0.01;0;3.46823;0;0;-1
0;407;-84.3721;-23.5388;-10.3052;10.4098;4725.15;6.25926;0;0;0.1;0.01;0;5.70533;0;0;-1
0;408;-85.2174;-7.13723;-12.487;8.91246;2965.39;5.35893;0;0;0.1;0.01;0;5.26949;0;0;-1
0;409;-83.3462;11.6471;-11.9312;10.149;4378.83;6.10245;0;0;0.1;0.01;0;5.92361;0;0;-1
0;410;-84.8099;29.1382;-12.4318;8.5;2572.44;5.11093;0;0;0.1;0.01;0;4.1306;1;0;-1
0;411;-84.0292;42.4956;-11.3148;9.39125;3469.44;5.64682;0;0;0.1;0.01;0;4.12739;0;0;-1
0;412;-70.8128;-68.4419;-10.0641;8.78734;2842.24;5.2837;0;0;0.1;0.01;0;2.13479;0;0;-1
0;413;-69.2287;-49.2661;-11.9964;9.51949;3613.51;5.72393;0;0;0.1;0.01;0;4.76739;0;0;-1
0;414;-69.8913;-32.5586;-10.1383;9.37135;3447.43;5.63486;0;0;0.1;0.01;0;6.79667;0;0;-1
0;415;-72.1636;-15.7391;-11.6941;9.40543;3485.17;5.65535;0;0;0.1;0.01;0;6.58741;0;0;-1
0;416;-70.7981;3.1743;-10.3089;8.76929;2824.76;5.27285;0;0;0.1;0.01;0;6.07243;0;0;-1
0;417;-68.3518;17.3726;-12.9494;8.58719;2652.42;5.16335;0;0;0.1;0.01;0;4.9317;0;0;-1
0;418;-69.4917;36.4707;-11.9881;9.59908;3704.91;5.77179;0;0;0.1;0.01;0;6.34031;0;0;-1
0;419;-71.9192;53.7878;-13.0254;8.9755;3028.76;5.39684;0;0;0.1;0.01;0;4.4157;0;0;-1
0;420;-54.2869;-75.135;-9.72019;8.85847;2911.82;5.32647;0;0;0.1;0.01;0;3.81428;0;0;-1
0;421;-56.6172;-58.2364;-12.3451;9.39962;3478.72;5.65186;0;0;0.1;0.01;0;5.38458;0;0;-1
0;422;-57.3298;-39.1981;-10.321;8.57706;2643.04;5.15726;0;0;0.1;0.01;0;5.56591;0;0;-1
0;423;-57.3101;-23.9542;-11.8629;8.5;2572.44;5.11093;0;0;0.1;0.01;0;5.49306;1;0;-1
0;424;-55.2362;-7.22034;-11.812;9.00601;3059.75;5.41518;0;0;0.1;0.01;0;5.50118;0;0;-1
0;425;-54.3066;8.59997;-12.5444;10.0595;4264.01;6.04863;0;0;0.1;0.01;0;5.98813;0;0;-1
0;426;-57.3406;29.7699;-12.8202;8.5;2572.44;5.11093;0;0;0.1;0.01;0;5.63743;1;0;-1
0;427;-55.1147;44.7246;-11.8284;9.28257;3350.37;5.58147;0;0;0.1;0.01;0;6.85655;0;0;-1
0;428;-57.9505;60.0316;-10.689;9.74725;3879.14;5.86088;0;0;0.1;0.01;0;5.44957;0;0;-1
0;429;-42.7859;-83.6431;-13.2547;10.0889;4301.5;6.06631;0;0;0.1;0.01;0;4.25879;0;0;-1
0;430;-39.3585;-64.6262;-11.5695;9.79525;3936.73;5.88974;0;0;0.1;0.01;0;5.60982;0;0;-1
0;431;-41.0539;-49.3498;-10.6888;8.52157;2592.07;5.1239;0;0;0.1;0.01;0;5.07839;0;0;-1
0;432;-41.2256;-32.6026;-12.3603;9.80366;3946.87;5.8948;0;0;0.1;0.01;0;6.13974;0;0;-1
0;433;-42.0817;-14.3472;-13.5177;10.014;4206.41;6.02127;0;0;0.1;0.01;0;6.0839;0;0;-1
0;434;-40.9236;3.07138;-10.7828;9.48602;3575.53;5.70381;0;0;0.1;0.01;0;5.76896;0;0;-1
0;435;-39.4028;20.09;-11.2069;10.0097;4200.99;6.01869;0;0;0.1;0.01;0;6.27805;0;0;-1
0;436;-42.1295;36.9059;-13.1679;9.33057;3402.62;5.61034;0;0;0.1;0.01;0;7.19913;0;0;-1
0;437;-42.6526;52.2163;-12.624;8.5;2572.44;5.11093;0;0;0.1;0.01;0;5.05223;1;0;-1
0;438;-43.0056;70.6883;-12.5545;8.74544;2801.78;5.25851;0;0;0.1;0.01;0;4.72232;0;0;-1
0;439;-43.2562;85.1323;-13.3352;8.5;2572.44;5.11093;0;0;0.1;0.01;0;3.42481;1;0;-1
0;440;-27.9018;-93.1803;-13.0843;9.62079;3730.1;5.78484;0;0;0.1;0.01;0;4.31858;0;0;-1
0;441;-28.1457;-76.8713;-13.0071;10.1441;4372.49;6.0995;0;0;0.1;0.01;0;7.05573;0;0;-1
0;442;-24.6963;-56.5731;-12.2875;10.3899;4698.1;6.2473;0;0;0.1;0.01;0;7.30717;0;0;-1
0;443;-27.3659;-41.7523;-10.1888;10.4383;4764.07;6.2764;0;0;0.1;0.01;0;7.63249;0;0;-1
0;444;-26.6318;-22.2847;-11.8628;10.2193;4470.46;6.14472;0;0;0.1;0.01;0;6.64844;0;0;-1
0;445;-24.9575;-7.30754;-10.3218;8.54228;2611.02;5.13635;0;0;0.1;0.01;0;4.6981;0;0;-1
0;446;-25.1407;9.14598;-10.2551;9.43114;3513.83;5.67081;0;0;0.1;0.01;0;5.17369;0;0;-1
0;447;-27.4334;28.464;-10.5808;10.2555;4518.13;6.16648;0;0;0.1;0.01;0;6.15087;0;0;-1
0;448;-28.305;42.9589;-10.7765;9.06343;3118.65;5.44971;0;0;0.1;0.01;0;5.62595;0;0;-1
0;449;-24.4453;59.0689;-12.8452;8.80537;2859.77;5.29454;0;0;0.1;0.01;0;4.53444;0;0;-1
0;450;-24.7766;77.701;-12.2464;9.85517;4009.41;5.92577;0;0;0.1;0.01;0;6.45059;0;0;-1
0;451;-24.8574;94.675;-14.0115;10.1999;4445.05;6.13305;0;0;0.1;0.01;0;3.54408;0;0;-1
0;452;-13.5504;-83.3064;-11.0909;8.5;2572.44;5.11093;0;0;0.1;0.01;0;4.45304;1;0;-1
0;453;-12.774;-65.4471;-13.2537;8.5;2572.44;5.11093;0;0;0.1;0.01;0;5.52692;1;0;-1
0;454;-12.6951;-48.4386;-9.71507;9.49539;3586.14;5.70944;0;0;0.1;0.01;0;6.60797;0;0;-1
0;455;-11.4462;-32.3664;-11.7629;10.4018;4714.27;6.25445;0;0;0.1;0.01;0;7.25804;0;0;-1
0;456;-10.3925;-14.271;-10.7221;8.5;2572.44;5.11093;0;0;0.1;0.01;0;6.06026;1;0;-1
0;457;-10.7179;0.963595;-11.6007;10.2021;4447.92;6.13437;0;0;0.1;0.01;0;7.16017;0;0;-1
0;458;-10.7335;16.9708;-11.6187;9.08701;3143.05;5.46389;0;0;0.1;0.01;0;5.76872;0;0;-1
0;459;-11.5957;34.2429;-12.5364;8.56015;2627.44;5.14709;0;0;0.1;0.01;0;4.62042;0;0;-1
0;460;-10.3529;50.966;-10.6131;8.54843;2616.66;5.14005;0;0;0.1;0.01;0;5.22055;0;0;-1
0;461;-10.5243;67.416;-11.6301;9.0735;3129.05;5.45576;0;0;0.1;0.01;0;5.90932;0;0;-1
0;462;-11.698;87.2578;-12.4308;8.5;2572.44;5.11093;0;0;0.1;0.01;0;4.79394;1;0;-1
0;463;4.39302;-91.5488;-10.584;8.69412;2752.74;5.22765;0;0;0.1;0.01;0;3.76644;0;0;-1
0;464;1.54327;-75.9947;-12.1274;8.5;2572.44;5.11093;0;0;0.1;0.01;0;5.49;1;0;-1
0;465;1.34559;-59.4793;-12.853;8.86284;2916.13;5.3291;0;0;0.1;0.01;0;6.06118;0;0;-1
0;466;1.68033;-41.2604;-12.6226;9.63019;3741.05;5.79049;0;0;0.1;0.01;0;6.53588;0;0;-1
0;467;1.26672;-21.5681;-10.4676;9.21799;3280.93;5.54264;0;0;0.1;0.01;0;6.60973;0;0;-1
0;468;1.59537;-7.44646;-12.1292;8.63646;2698.34;5.19298;0;0;0.1;0.01;0;6.12698;0;0;-1
0;469;3.2806;8.17267;-12.2781;10.1133;4332.79;6.08098;0;0;0.1;0.01;0;6.21107;0;0;-1
0;470;3.19171;25.1313;-13.5541;9.05314;3108.04;5.44352;0;0;0.1;0.01;0;4.72428;0;0;-1
0;471;1.98574;43.7608;-10.4971;9.3009;3370.26;5.5925;0;0;0.1;0.01;0;5.57763;0;0;-1
0;472;2.33469;59.5229;-10.7482;9.45512;3540.71;5.68523;0;0;0.1;0.01;0;6.58739;0;0;-1
0;473;2.70725;76.7485;-10.3997;8.91847;2971.39;5.36255;0;0;0.1;0.01;0;6.03281;0;0;-1
0;474;3.09642;94.0427;-11.4665;10.2647;4530.3;6.17202;0;0;0.1;0.01;0;4.45874;0;0;-1
0;475;18.8185;-85.1774;-10.5385;9.35595;3430.46;5.6256;0;0;0.1;0.01;0;5.79846;0;0;-1
0;476;16.072;-68.189;-10.5182;9.47166;3559.32;5.69517;0;0;0.1;0.01;0;6.35339;0;0;-1
0;477;15.9671;-51.468;-9.87783;9.86583;4022.44;5.93218;0;0;0.1;0.01;0;5.77759;0;0;-1
0;478;15.5224;-33.3914;-10.5232;9.65096;3765.3;5.80298;0;0;0.1;0.01;0;5.74239;0;0;-1
0;479;16.032;-16.298;-11.4653;8.57311;2639.39;5.15489;0;0;0.1;0.01;0;5.91069;0;0;-1
0;480;16.4155;1.11629;-11.4613;9.38448;3461.94;5.64275;0;0;0.1;0.01;0;5.57954;0;0;-1
0;481;19.49;20.9042;-10.8795;9.88972;4051.73;5.94655;0;0;0.1;0.01;0;6.04947;0;0;-1
0;482;19.6235;38.1915;-13.1697;8.5;2572.44;5.11093;0;0;0.1;0.01;0;5.0861;1;0;-1
0;483;18.1862;54.5347;-11.4734;8.5;2572.44;5.11093;0;0;0.1;0.01;0;4.93111;1;0;-1
0;484;17.3064;71.4364;-10.3206;10.3965;4707.06;6.25126;0;0;0.1;0.01;0;7.11237;0;0;-1
0;485;15.6977;84.9732;-12.5778;8.5;2572.44;5.11093;0;0;0.1;0.01;0;5.45115;1;0;-1
0;486;31.9507;-93.724;-12.0431;8.83098;2884.8;5.30994;0;0;0.1;0.01;0;1.85577;0;0;-1
0;487;33.3623;-76.6478;-12.3223;9.41174;3492.19;5.65914;0;0;0.1;0.01;0;5.652;0;0;-1
0;488;32.8893;-55.3933;-10.3518;9.45135;3536.47;5.68296;0;0;0.1;0.01;0;4.99193;0;0;-1
0;489;34.1679;-38.8906;-10.1242;9.62386;3733.67;5.78669;0;0;0.1;0.01;0;6.14337;0;0;-1
0;490;31.2312;-21.3558;-12.2787;9.89423;4057.28;5.94926;0;0;0.1;0.01;0;7.1086;0;0;-1
0;491;33.1346;-6.33672;-10.7761;8.88235;2935.43;5.34083;0;0;0.1;0.01;0;5.56278;0;0;-1
0;492;33.5017;11.7944;-12.9119;10.3784;4682.52;6.24038;0;0;0.1;0.01;0;7.0186;0;0;-1
0;493;31.4724;29.051;-10.8363;9.24443;3309.25;5.55854;0;0;0.1;0.01;0;6.82233;0;0;-1
0;494;33.5367;46.2643;-13.2479;9.56238;3662.58;5.74972;0;0;0.1;0.01;0;5.98805;0;0;-1
0;495;32.788;63.4895;-10.3686;8.6173;2680.42;5.18146;0;0;0.1;0.01;0;5.98578;0;0;-1
0;496;32.2651;79.3809;-10.1236;10.0567;4260.45;6.04695;0;0;0.1;0.01;0;6.38677;0;0;-1
0;497;45.9705;-82.9372;-10.7908;8.5;2572.44;5.11093;0;0;0.1;0.01;0;4.15587;1;0;-1
0;498;48.1336;-67.8875;-11.451;9.53328;3629.24;5.73222;0;0;0.1;0.01;0;6.01238;0;0;-1
0;499;47.7012;-47.7313;-11.9648;9.34097;3414.01;5.61659;0;0;0.1;0.01;0;6.11506;0;0;-1
0;500;48.6183;-31.7095;-12.5234;9.05733;3112.36;5.44604;0;0;0.1;0.01;0;5.54061;0;0;-1
0;501;45.5565;-14.7372;-10.9529;9.15165;3210.6;5.50275;0;0;0.1;0.01;0;6.26729;0;0;-1
0;502;46.5949;0.438215;-11.0273;10.1585;4391.14;6.10816;0;0;0.1;0.01;0;7.44581;0;0;-1
0;503;47.7354;18.1193;-13.4368;10.1742;4411.53;6.1176;0;0;0.1;0.01;0;7.7466;0;0;-1
0;504;47.9002;34.6518;-10.5435;9.51622;3609.79;5.72196;0;0;0.1;0.01;0;6.42764;0;0;-1
0;505;45.9437;55.1973;-12.4966;8.5;2572.44;5.11093;0;0;0.1;0.01;0;5.01913;1;0;-1
0;506;46.2836;68.4947;-10.014;9.24156;3306.16;5.55682;0;0;0.1;0.01;0;6.17071;0;0;-1
0;507;47.699;85.6465;-13.0925;8.6403;2701.94;5.19529;0;0;0.1;0.01;0;2.33693;0;0;-1
0;508;61.0959;-74.247;-11.2862;10.3036;4582.01;6.19541;0;0;0.1;0.01;0;3.19892;0;0;-1
0;509;60.308;-56.0658;-13.301;9.61516;3723.56;5.78146;0;0;0.1;0.01;0;6.39541;0;0;-1
0;510;61.4394;-42.1499;-11.6199;9.39919;3478.24;5.6516;0;0;0.1;0.01;0;6.41347;0;0;-1
0;511;62.5776;-25.7826;-11.865;9.28468;3352.66;5.58274;0;0;0.1;0.01;0;5.84247;0;0;-1
0;512;62.7404;-7.65033;-11.5017;9.83406;3983.7;5.91308;0;0;0.1;0.01;0;6.46825;0;0;-1
0;513;60.7351;9.37211;-12.809;10.2245;4477.29;6.14784;0;0;0.1;0.01;0;6.65904;0;0;-1
0;514;61.9687;28.7517;-10.223;9.92591;4096.37;5.96831;0;0;0.1;0.01;0;6.30894;0;0;-1
0;515;62.674;45.9882;-11.1291;9.50542;3597.51;5.71547;0;0;0.1;0.01;0;5.703;0;0;-1
0;516;63.2343;63.5904;-10.8001;10.0981;4313.28;6.07184;0;0;0.1;0.01;0;5.33287;0;0;-1
0;517;61.048;77.9229;-13.794;8.90529;2958.24;5.35462;0;0;0.1;0.01;0;2.773;0;0;-1
0;518;77.6024;-47.531;-10.813;8.5;2572.44;5.11093;0;0;0.1;0.01;0;3.89189;1;0;-1
0;519;77.3333;-30.0364;-11.2419;8.60685;2670.68;5.17517;0;0;0.1;0.01;0;5.62858;0;0;-1
0;520;75.2998;-14.4395;-10.854;10.4528;4783.95;6.28512;0;0;0.1;0.01;0;7.80159;0;0;-1
0;521;74.9411;1.11809;-10.9973;8.5;2572.44;5.11093;0;0;0.1;0.01;0;6.16709;1;0;-1
0;522;76.6063;18.0088;-13.3371;8.69993;2758.26;5.23114;0;0;0.1;0.01;0;5.74912;0;0;-1
0;523;75.0656;34.8525;-12.7116;8.5;2572.44;5.11093;0;0;0.1;0.01;0;5.25306;1;0;-1
0;524;75.3424;51.4827;-10.2332;9.24246;3307.13;5.55736;0;0;0.1;0.01;0;5.72027;0;0;-1
0;525;89.5823;-22.1746;-11.9571;8.5;2572.44;5.11093;0;0;0.1;0.01;0;3.79042;1;0;-1
0;526;90.0679;-4.25339;-10.1443;9.67018;3787.85;5.81454;0;0;0.1;0.01;0;4.12116;0;0;-1
0;527;89.5573;12.009;-11.0222;8.94815;3001.15;5.38039;0;0;0.1;0.01;0;4.8015;0;0;-1
0;528;89.4283;27.028;-11.1974;8.57982;2645.59;5.15892;0;0;0.1;0.01;0;4.51305;0;0;-1
0;529;89.2359;43.5649;-9.84483;10.0381;4236.85;6.03576;0;0;0.1;0.01;0;3.29334;0;0;-1
0;530;-93.9374;-16.5754;2.39689;9.45997;3546.16;5.68814;0;0;0.1;0.01;0;3.17077;0;0;-1
0;531;-95.6879;2.72938;3.43106;9.65336;3768.11;5.80443;0;0;0.1;0.01;0;3.78348;0;0;-1
0;532;-95.903;18.6868;2.1622;10.2032;4449.36;6.13504;0;0;0.1;0.01;0;3.24057;0;0;-1
0;533;-79.6767;-55.9186;3.0416;8.5;2572.44;5.11093;0;0;0.1;0.01;0;2.63941;1;0;-1
0;534;-82.6284;-41.5225;4.68212;9.80047;3943.02;5.89288;0;0;0.1;0.01;0;4.176;0;0;-1
0;535;-80.5974;-23.2269;2.97205;9.80139;3944.13;5.89343;0;0;0.1;0.01;0;6.45388;0;0;-1
0;536;-79.867;-6.13753;3.72249;9.46528;3552.13;5.69134;0;0;0.1;0.01;0;5.92605;0;0;-1
0;537;-81.795;10.3554;2.7104;8.90491;2957.86;5.35439;0;0;0.1;0.01;0;4.70831;0;0;-1
0;538;-80.5986;25.4944;1.208;8.5;2572.44;5.11093;0;0;0.1;0.01;0;3.69712;1;0;-1
0;539;-82.6807;44.0745;2.76644;10.2457;4505.19;6.16059;0;0;0.1;0.01;0;4.42289;0;0;-1
0;540;-78.9014;61.1268;3.37744;9.4202;3501.62;5.66423;0;0;0.1;0.01;0;2.56032;0;0;-1
0;541;-63.8869;-65.504;1.67704;8.86781;2921.04;5.33209;0;0;0.1;0.01;0;4.00657;0;0;-1
0;542;-64.278;-47.2849;4.40024;10.2617;4526.33;6.17021;0;0;0.1;0.01;0;6.23425;0;0;-1
0;543;-68.3935;-33.0501;3.55592;8.92266;2975.58;5.36507;0;0;0.1;0.01;0;5.75933;0;0;-1
0;544;-67.7976;-14.8218;1.72311;10.4365;4761.6;6.27532;0;0;0.1;0.01;0;6.92683;0;0;-1
0;545;-67.1953;0.396228;3.7364;10.3306;4618.12;6.21164;0;0;0.1;0.01;0;6.93393;0;0;-1
0;546;-64.7307;17.1252;3.37166;10.4477;4776.95;6.28205;0;0;0.1;0.01;0;6.01981;0;0;-1
0;547;-65.1803;36.5236;3.09466;10.4249;4745.74;6.26834;0;0;0.1;0.01;0;6.60273;0;0;-1
0;548;-65.5681;52.0303;3.22812;9.47993;3568.65;5.70014;0;0;0.1;0.01;0;5.47871;0;0;-1
0;549;-64.9428;70.4114;3.1627;8.5;2572.44;5.11093;0;0;0.1;0.01;0;2.34935;1;0;-1
0;550;-49.903;-75.335;3.23564;8.5823;2647.89;5.16041;0;0;0.1;0.01;0;5.00678;0;0;-1
0;551;-50.3428;-59.3869;4.21388;8.71413;2771.79;5.23968;0;0;0.1;0.01;0;5.5059;0;0;-1
0;552;-50.9511;-42.3303;3.34053;8.72965;2786.63;5.24901;0;0;0.1;0.01;0;5.463;0;0;-1
0;553;-52.1173;-24.4743;3.65806;8.58632;2651.61;5.16283;0;0;0.1;0.01;0;4.18621;0;0;-1
0;554;-49.6411;-5.37804;2.15012;8.5;2572.44;5.11093;0;0;0.1;0.01;0;4.35437;1;0;-1
0;555;-52.3011;10.0589;3.75068;8.5;2572.44;5.11093;0;0;0.1;0.01;0;4.98818;1;0;-1
0;556;-52.7524;25.8373;2.70206;8.5;2572.44;5.11093;0;0;0.1;0.01;0;5.48563;1;0;-1
0;557;-50.2677;42.9866;5.11474;9.8444;3996.28;5.91929;0;0;0.1;0.01;0;5.97281;0;0;-1
0;558;-50.7529;63.4608;1.83406;9.04923;3104.01;5.44117;0;0;0.1;0.01;0;5.21346;0;0;-1
0;559;-51.4543;78.1161;1.28933;9.76208;3896.87;5.8698;0;0;0.1;0.01;0;4.43796;0;0;-1
0;560;-34.9778;-84.0132;3.44166;9.36644;3442.01;5.6319;0;0;0.1;0.01;0;5.15556;0;0;-1
0;561;-38.5011;-67.387;3.24421;9.15764;3216.91;5.50636;0;0;0.1;0.01;0;5.35481;0;0;-1
0;562;-36.7045;-50.3879;4.12122;8.5;2572.44;5.11093;0;0;0.1;0.01;0;5.17362;1;0;-1
0;563;-35.8334;-32.6247;2.67926;9.95707;4135.07;5.98704;0;0;0.1;0.01;0;6.05383;0;0;-1
0;564;-38.0813;-14.0888;3.15463;8.97516;3028.41;5.39663;0;0;0.1;0.01;0;4.98267;0;0;-1
0;565;-36.6366;3.17944;4.03945;8.90095;2953.91;5.35201;0;0;0.1;0.01;0;5.85604;0;0;-1
0;566;-38.1399;19.9761;2.91418;10.1518;4382.46;6.10413;0;0;0.1;0.01;0;6.86674;0;0;-1
0;567;-38.1975;36.308;1.02786;8.89588;2948.87;5.34896;0;0;0.1;0.01;0;5.93242;0;0;-1
0;568;-35.4143;50.8445;2.86187;9.82839;3976.82;5.90967;0;0;0.1;0.01;0;5.01524;0;0;-1
0;569;-35.746;71.7398;1.34188;10.4423;4769.55;6.2788;0;0;0.1;0.01;0;6.28641;0;0;-1
0;570;-35.3313;87.8914;3.29058;9.58234;3685.56;5.76172;0;0;0.1;0.01;0;5.14467;0;0;-1
0;571;-20.7793;-93.6574;1.59785;9.51832;3612.18;5.72323;0;0;0.1;0.01;0;4.31135;0;0;-1
0;572;-20.5654;-76.607;4.59835;8.53528;2604.61;5.13214;0;0;0.1;0.01;0;5.26395;0;0;-1
0;573;-23.6221;-57.6371;1.53549;9.2155;3278.27;5.54115;0;0;0.1;0.01;0;6.00506;0;0;-1
0;574;-23.2211;-40.3598;2.14374;9.25268;3318.11;5.5635;0;0;0.1;0.01;0;6.41815;0;0;-1
0;575;-21.1671;-23.0804;3.57021;8.5;2572.44;5.11093;0;0;0.1;0.01;0;5.39945;1;0;-1
0;576;-20.5772;-5.19398;3.33892;8.55675;2624.31;5.14505;0;0;0.1;0.01;0;6.16191;0;0;-1
0;577;-20.1928;9.99223;4.07194;10.1133;4332.79;6.08098;0;0;0.1;0.01;0;6.90059;0;0;-1
0;578;-23.9384;27.5231;1.88585;8.5874;2652.61;5.16348;0;0;0.1;0.01;0;3.99408;0;0;-1
0;579;-19.9306;46.9954;1.83062;9.19996;3261.72;5.5318;0;0;0.1;0.01;0;4.54752;0;0;-1
0;580;-22.0299;63.3241;2.16678;9.89483;4058.01;5.94962;0;0;0.1;0.01;0;6.65866;0;0;-1
0;581;-22.1874;77.5559;1.90845;9.60554;3712.39;5.77567;0;0;0.1;0.01;0;6.19806;0;0;-1
0;582;-23.3677;96.2363;1.36101;9.90756;4073.7;5.95727;0;0;0.1;0.01;0;3.41958;0;0;-1
0;583;-7.07208;-98.9501;0.93135;10.0776;4287.06;6.05951;0;0;0.1;0.01;0;2.97506;0;0;-1
0;584;-5.64229;-81.0551;3.71613;8.73414;2790.93;5.25171;0;0;0.1;0.01;0;5.6263;0;0;-1
0;585;-9.08456;-66.648;2.76803;10.3839;4689.97;6.24369;0;0;0.1;0.01;0;5.75163;0;0;-1
0;586;-7.63769;-49.2464;2.31005;8.64791;2709.08;5.19986;0;0;0.1;0.01;0;5.09522;0;0;-1
0;587;-7.46924;-29.9733;2.51561;9.4445;3528.79;5.67884;0;0;0.1;0.01;0;6.35179;0;0;-1
0;588;-8.78301;-14.194;3.11546;9.71029;3835.18;5.83866;0;0;0.1;0.01;0;6.88078;0;0;-1
0;589;-7.88756;1.80678;3.77261;8.5;2572.44;5.11093;0;0;0.1;0.01;0;5.90049;1;0;-1
0;590;-6.30071;17.3608;1.34449;8.51996;2590.61;5.12293;0;0;0.1;0.01;0;5.93164;0;0;-1
0;591;-6.16767;34.6554;3.70156;9.22465;3288.05;5.54665;0;0;0.1;0.01;0;5.50956;0;0;-1
0;592;-5.76335;51.8016;3.5404;8.5;2572.44;5.11093;0;0;0.1;0.01;0;5.86905;1;0;-1
0;593;-7.56644;71.7825;2.32813;10.3283;4615.04;6.21026;0;0;0.1;0.01;0;6.8554;0;0;-1
0;594;-9.20786;88.38;3.68148;9.77079;3907.31;5.87503;0;0;0.1;0.01;0;4.97475;0;0;-1
0;595;8.03923;-92.1745;3.10246;8.71605;2773.63;5.24083;0;0;0.1;0.01;0;4.70728;0;0;-1
0;596;8.63658;-76.0899;1.8281;9.61678;3725.44;5.78243;0;0;0.1;0.01;0;7.03969;0;0;-1
0;597;5.95234;-58.9227;1.68843;10.096;4310.59;6.07058;0;0;0.1;0.01;0;6.9184;0;0;-1
0;598;7.03613;-42.7403;3.59101;9.83689;3987.15;5.91478;0;0;0.1;0.01;0;6.72522;0;0;-1
0;599;7.54593;-24.936;1.84446;9.5353;3631.55;5.73344;0;0;0.1;0.01;0;6.50607;0;0;-1
0;600;9.35849;-8.46211;4.443;10.1237;4346.17;6.08723;0;0;0.1;0.01;0;5.93024;0;0;-1
0;601;5.7323;10.4498;2.7754;8.89902;2951.99;5.35085;0;0;0.1;0.01;0;4.95836;0;0;-1
0;602;7.62709;25.4187;2.11751;9.91149;4078.55;5.95964;0;0;0.1;0.01;0;6.08792;0;0;-1
0;603;8.38542;44.0601;2.3494;8.5;2572.44;5.11093;0;0;0.1;0.01;0;5.04387;1;0;-1
0;604;6.91117;60.3887;1.62682;8.5;2572.44;5.11093;0;0;0.1;0.01;0;5.65674;1;0;-1
0;605;8.80236;76.5027;2.67799;8.62821;2690.61;5.18802;0;0;0.1;0.01;0;5.79856;0;0;-1
0;606;5.61114;97.9082;1.52355;9.70502;3828.93;5.83549;0;0;0.1;0.01;0;2.82402;0;0;-1
0;607;20.4547;-85.2918;2.18115;8.5;2572.44;5.11093;0;0;0.1;0.01;0;4.15152;1;0;-1
0;608;23.7062;-66.3248;2.7348;10.1485;4378.19;6.10215;0;0;0.1;0.01;0;5.92265;0;0;-1
0;609;22.3879;-47.3583;4.38161;8.61569;2678.91;5.18049;0;0;0.1;0.01;0;4.58334;0;0;-1
0;610;21.7411;-31.085;1.47797;8.5;2572.44;5.11093;0;0;0.1;0.01;0;5.78971;1;0;-1
0;611;21.4283;-14.7078;1.4958;8.5;2572.44;5.11093;0;0;0.1;0.01;0;5.46934;1;0;-1
0;612;23.2006;4.33701;1.19904;9.49255;3582.92;5.70773;0;0;0.1;0.01;0;5.44683;0;0;-1
0;613;23.3877;20.8329;4.67429;9.56391;3664.33;5.75064;0;0;0.1;0.01;0;6.83807;0;0;-1
0;614;21.986;37.2968;4.96217;8.5;2572.44;5.11093;0;0;0.1;0.01;0;5.66002;1;0;-1
0;615;22.7755;51.4235;3.72507;9.88732;4048.78;5.9451;0;0;0.1;0.01;0;6.64301;0;0;-1
0;616;21.1352;67.7539;1.65415;9.16445;3224.09;5.51045;0;0;0.1;0.01;0;5.9582;0;0;-1
0;617;21.4049;89.4949;1.13954;10.1186;4339.6;6.08417;0;0;0.1;0.01;0;4.04373;0;0;-1
0;618;38.0411;-75.9249;1.65493;9.44408;3528.32;5.67859;0;0;0.1;0.01;0;6.03207;0;0;-1
0;619;38.5538;-59.6021;4.02747;8.64248;2703.98;5.1966;0;0;0.1;0.01;0;5.22711;0;0;-1
0;620;34.9025;-40.146;3.4162;8.9796;3032.91;5.3993;0;0;0.1;0.01;0;5.44925;0;0;-1
0;621;35.0432;-25.7236;1.19809;9.54414;3641.66;5.73875;0;0;0.1;0.01;0;6.10565;0;0;-1
0;622;38.0209;-8.85251;4.48119;9.35846;3433.22;5.62711;0;0;0.1;0.01;0;6.01359;0;0;-1
0;623;37.2328;9.08772;1.45506;9.51894;3612.89;5.7236;0;0;0.1;0.01;0;5.74554;0;0;-1
0;624;36.6628;27.2511;2.87323;9.98295;4167.4;6.0026;0;0;0.1;0.01;0;6.51309;0;0;-1
0;625;35.9275;44.5353;1.213;10.3932;4702.58;6.24928;0;0;0.1;0.01;0;6.87903;0;0;-1
0;626;36.1022;62.7072;3.83205;10.293;4567.88;6.18903;0;0;0.1;0.01;0;7.82582;0;0;-1
0;627;37.6642;80.0029;2.52893;10.395;4705.03;6.25036;0;0;0.1;0.01;0;5.13996;0;0;-1
0;628;50.8396;-83.5319;2.90043;8.5;2572.44;5.11093;0;0;0.1;0.01;0;2.98829;1;0;-1
0;629;52.1832;-64.6126;4.04702;9.83279;3982.16;5.91231;0;0;0.1;0.01;0;5.58612;0;0;-1
0;630;50.3197;-48.4705;3.26124;10.1367;4362.93;6.09505;0;0;0.1;0.01;0;6.3614;0;0;-1
0;631;53.4026;-33.6503;4.78848;8.5;2572.44;5.11093;0;0;0.1;0.01;0;5.81148;1;0;-1
0;632;51.3812;-15.8267;2.99293;8.60239;2666.53;5.17249;0;0;0.1;0.01;0;5.11692;0;0;-1
0;633;52.1596;1.13616;2.46747;8.51441;2585.55;5.11959;0;0;0.1;0.01;0;5.4347;0;0;-1
0;634;52.3746;17.0474;1.66308;9.47502;3563.11;5.69719;0;0;0.1;0.01;0;7.31135;0;0;-1
0;635;50.1854;34.3908;2.73759;9.80689;3950.78;5.89674;0;0;0.1;0.01;0;6.23193;0;0;-1
0;636;51.3742;54.6339;4.69801;8.5;2572.44;5.11093;0;0;0.1;0.01;0;5.01841;1;0;-1
0;637;50.0059;67.711;3.26023;9.09874;3155.24;5.47094;0;0;0.1;0.01;0;4.70106;0;0;-1
0;638;68.0565;-56.0626;4.68592;9.91865;4087.39;5.96394;0;0;0.1;0.01;0;4.38753;0;0;-1
0;639;67.594;-39.0446;2.39985;9.67029;3787.97;5.81461;0;0;0.1;0.01;0;7.08868;0;0;-1
0;640;64.7308;-24.16;3.89837;8.59961;2663.94;5.17082;0;0;0.1;0.01;0;5.67649;0;0;-1
0;641;67.8245;-6.65954;4.42603;8.5;2572.44;5.11093;0;0;0.1;0.01;0;4.86717;1;0;-1
0;642;65.6285;12.1983;3.83164;10.2544;4516.68;6.16582;0;0;0.1;0.01;0;6.72058;0;0;-1
0;643;65.4871;25.9296;3.94468;8.5;2572.44;5.11093;0;0;0.1;0.01;0;6.09807;1;0;-1
0;644;66.916;44.3108;4.36007;9.40417;3483.77;5.65459;0;0;0.1;0.01;0;5.69778;0;0;-1
0;645;67.419;60.1752;4.32189;9.78995;3930.34;5.88655;0;0;0.1;0.01;0;4.46679;0;0;-1
0;646;82.3306;-47.3948;5.10588;9.16647;3226.23;5.51167;0;0;0.1;0.01;0;3.67462;0;0;-1
0;647;82.1693;-33.1083;3.18428;10.4059;4719.84;6.25692;0;0;0.1;0.01;0;5.82327;0;0;-1
0;648;81.3963;-15.7985;3.84267;9.58771;3691.76;5.76495;0;0;0.1;0.01;0;6.48967;0;0;-1
0;649;79.7744;0.0564735;1.87691;9.17655;3236.88;5.51773;0;0;0.1;0.01;0;5.72914;0;0;-1
0;650;80.9768;18.2546;2.44606;9.17519;3235.44;5.51691;0;0;0.1;0.01;0;6.64364;0;0;-1
0;651;82.5366;36.1044;4.09508;10.3563;4652.67;6.22709;0;0;0.1;0.01;0;5.55256;0;0;-1
0;652;82.7998;55.2991;4.89414;9.98006;4163.78;6.00087;0;0;0.1;0.01;0;2.84966;0;0;-1
0;653;95.8362;-23.3896;2.10237;10.372;4673.86;6.23653;0;0;0.1;0.01;0;3.62865;0;0;-1
0;654;96.3561;-7.56355;4.22316;9.30892;3378.99;5.59732;0;0;0.1;0.01;0;3.40679;0;0;-1
0;655;94.5274;12.1146;1.93323;9.59168;3696.35;5.76734;0;0;0.1;0.01;0;4.21259;0;0;-1
0;656;94.3128;26.6344;4.48172;10.0281;4224.2;6.02975;0;0;0.1;0.01;0;4.46419;0;0;-1
0;657;-86.835;-40.7509;19.2024;10.0139;4206.28;6.02121;0;0;0.1;0.01;0;3.22284;0;0;-1
0;658;-85.0789;-21.1773;18.5577;9.39531;3473.94;5.64926;0;0;0.1;0.01;0;3.28266;0;0;-1
0;659;-84.8785;-4.98667;19.2725;9.9256;4095.99;5.96812;0;0;0.1;0.01;0;4.6026;0;0;-1
0;660;-86.6507;10.4816;17.1905;9.41782;3498.97;5.6628;0;0;0.1;0.01;0;4.71396;0;0;-1
0;661;-85.7264;27.1066;18.3052;8.5;2572.44;5.11093;0;0;0.1;0.01;0;3.21651;1;0;-1
0;662;-84.2569;45.3311;18.9285;8.68184;2741.09;5.22026;0;0;0.1;0.01;0;2.72667;0;0;-1
0;663;-72.1118;-63.6426;19.844;9.46219;3548.65;5.68948;0;0;0.1;0.01;0;3.35546;0;0;-1
0;664;-70.8126;-48.5612;16.6708;9.04696;3101.68;5.43981;0;0;0.1;0.01;0;6.11214;0;0;-1
0;665;-68.9857;-33.8705;19.1837;8.5;2572.44;5.11093;0;0;0.1;0.01;0;5.46883;1;0;-1
0;666;-71.959;-13.1867;19.0214;9.90376;4069.01;5.95499;0;0;0.1;0.01;0;7.2341;0;0;-1
0;667;-69.3898;2.17264;19.706;9.7357;3865.36;5.85394;0;0;0.1;0.01;0;6.93174;0;0;-1
0;668;-70.2497;18.6403;19.2987;9.64972;3763.85;5.80224;0;0;0.1;0.01;0;5.80106;0;0;-1
0;669;-70.2928;34.2564;16.7422;8.77909;2834.24;5.27874;0;0;0.1;0.01;0;4.32231;0;0;-1
0;670;-70.2561;52.8868;16.2654;8.5;2572.44;5.11093;0;0;0.1;0.01;0;3.91516;1;0;-1
0;671;-58.0198;-74.949;17.1209;10.065;4271;6.05194;0;0;0.1;0.01;0;4.51389;0;0;-1
0;672;-57.4983;-58.6527;18.7061;9.47117;3558.77;5.69488;0;0;0.1;0.01;0;6.4376;0;0;-1
0;673;-56.2018;-39.5352;17.4604;10.2399;4497.55;6.1571;0;0;0.1;0.01;0;7.40294;0;0;-1
0;674;-57.086;-23.2743;16.9168;8.9323;2985.23;5.37086;0;0;0.1;0.01;0;5.73325;0;0;-1
0;675;-55.1859;-6.46367;16.0524;9.97374;4155.88;5.99707;0;0;0.1;0.01;0;6.24363;0;0;-1
0;676;-57.1284;8.61657;17.41;8.70387;2762.01;5.23351;0;0;0.1;0.01;0;5.3853;0;0;-1
0;677;-55.3833;26.7729;16.7949;9.65507;3770.12;5.80545;0;0;0.1;0.01;0;5.70934;0;0;-1
0;678;-54.9748;46.9015;18.9462;8.5;2572.44;5.11093;0;0;0.1;0.01;0;4.35125;1;0;-1
0;679;-53.9867;61.9327;18.286;8.67427;2733.93;5.21571;0;0;0.1;0.01;0;3.80701;0;0;-1
0;680;-53.7938;78.0475;19.66;9.60026;3706.27;5.7725;0;0;0.1;0.01;0;2.63886;0;0;-1
0;681;-41.6965;-84.6162;16.8468;9.64536;3758.75;5.79962;0;0;0.1;0.01;0;4.32929;0;0;-1
0;682;-40.6279;-67.4727;17.7372;8.98447;3037.85;5.40223;0;0;0.1;0.01;0;5.51384;0;0;-1
0;683;-40.4642;-47.7809;16.7391;9.09298;3149.25;5.46748;0;0;0.1;0.01;0;5.26141;0;0;-1
0;684;-42.5273;-33.0297;18.1927;9.56256;3662.78;5.74983;0;0;0.1;0.01;0;6.35591;0;0;-1
0;685;-42.1553;-13.759;16.4879;8.5;2572.44;5.11093;0;0;0.1;0.01;0;4.91527;1;0;-1
0;686;-39.9923;2.27974;17.7241;8.8338;2887.56;5.31164;0;0;0.1;0.01;0;5.08407;0;0;-1
0;687;-42.2132;18.6815;18.4618;8.81873;2872.81;5.30257;0;0;0.1;0.01;0;5.43475;0;0;-1
0;688;-41.1635;33.7378;18.2736;8.97255;3025.77;5.39506;0;0;0.1;0.01;0;5.19043;0;0;-1
0;689;-39.7067;53.2152;18.5405;8.97931;3032.62;5.39913;0;0;0.1;0.01;0;4.73829;0;0;-1
0;690;-39.5849;71.4828;16.3996;10.2106;4459.05;6.13949;0;0;0.1;0.01;0;5.90478;0;0;-1
0;691;-41.5957;87.7445;18.5402;8.98874;3042.18;5.4048;0;0;0.1;0.01;0;2.93177;0;0;-1
0;692;-27.7618;-93.4561;16.8289;10.4523;4783.26;6.28482;0;0;0.1;0.01;0;3.97947;0;0;-1
0;693;-27.5076;-72.8542;18.5005;9.83112;3980.13;5.91131;0;0;0.1;0.01;0;6.16647;0;0;-1
0;694;-25.3727;-56.7092;16.2788;8.5;2572.44;5.11093;0;0;0.1;0.01;0;4.4497;1;0;-1
0;695;-24.506;-40.3817;17.8427;8.88227;2935.35;5.34078;0;0;0.1;0.01;0;5.48821;0;0;-1
0;696;-28.3596;-24.7236;16.3224;9.59361;3698.58;5.7685;0;0;0.1;0.01;0;6.04817;0;0;-1
0;697;-28.3798;-7.18581;16.0139;9.33032;3402.34;5.61019;0;0;0.1;0.01;0;5.29258;0;0;-1
0;698;-26.9601;10.6758;16.488;9.60486;3711.6;5.77526;0;0;0.1;0.01;0;6.0915;0;0;-1
0;699;-27.4539;28.0464;17.3652;9.05772;3112.76;5.44628;0;0;0.1;0.01;0;5.12931;0;0;-1
0;700;-25.4615;45.929;17.6386;9.58543;3689.13;5.76358;0;0;0.1;0.01;0;5.76701;0;0;-1
0;701;-28.1547;62.0543;16.4011;9.01678;3070.74;5.42166;0;0;0.1;0.01;0;5.90476;0;0;-1
0;702;-27.4139;80.4129;16.3146;10.1887;4430.42;6.12632;0;0;0.1;0.01;0;5.89057;0;0;-1
0;703;-13.2908;-83.6101;17.6394;9.77088;3907.42;5.87509;0;0;0.1;0.01;0;5.45674;0;0;-1
0;704;-13.7367;-65.6461;17.023;8.5;2572.44;5.11093;0;0;0.1;0.01;0;4.20868;1;0;-1
0;705;-11.1836;-47.534;16.2729;9.7905;3931;5.88689;0;0;0.1;0.01;0;5.44871;0;0;-1
0;706;-12.3585;-30.7844;19.3406;8.63701;2698.85;5.19331;0;0;0.1;0.01;0;5.76192;0;0;-1
0;707;-11.5491;-16.1878;17.4758;9.71429;3839.92;5.84106;0;0;0.1;0.01;0;6.3416;0;0;-1
0;708;-13.6715;1.6621;17.1276;10.0878;4300.09;6.06565;0;0;0.1;0.01;0;7.02335;0;0;-1
0;709;-13.1793;20.7911;16.6112;10.0841;4295.36;6.06342;0;0;0.1;0.01;0;6.27003;0;0;-1
0;710;-10.9573;37.3161;17.288;8.97727;3030.55;5.3979;0;0;0.1;0.01;0;5.49356;0;0;-1
0;711;-10.0216;52.3603;18.2956;10.1287;4352.61;6.09024;0;0;0.1;0.01;0;6.64088;0;0;-1
0;712;-11.6701;68.427;18.3675;8.59754;2662.02;5.16958;0;0;0.1;0.01;0;5.20765;0;0;-1
0;713;-11.0502;85.2603;18.6719;8.5;2572.44;5.11093;0;0;0.1;0.01;0;3.7372;1;0;-1
0;714;1.68384;-91.984;17.4345;10.248;4508.23;6.16197;0;0;0.1;0.01;0;3.90942;0;0;-1
0;715;4.58186;-72.267;15.9835;8.68782;2746.76;5.22386;0;0;0.1;0.01;0;5.15477;0;0;-1
0;716;2.81879;-56.9705;17.3355;8.5;2572.44;5.11093;0;0;0.1;0.01;0;5.5448;1;0;-1
0;717;2.96506;-39.8562;16.6725;9.887;4048.39;5.94491;0;0;0.1;0.01;0;6.58454;0;0;-1
0;718;2.3887;-24.4692;16.4693;8.82136;2875.38;5.30416;0;0;0.1;0.01;0;5.63441;0;0;-1
0;719;4.97539;-8.37361;17.1103;8.57217;2638.52;5.15432;0;0;0.1;0.01;0;4.74304;0;0;-1
0;720;4.17343;9.6491;16.386;9.89258;4055.25;5.94826;0;0;0.1;0.01;0;4.89205;0;0;-1
0;721;2.16064;28.509;16.6421;9.95865;4137.04;5.98799;0;0;0.1;0.01;0;6.24851;0;0;-1
0;722;2.53504;46.1871;15.6208;8.5982;2662.63;5.16997;0;0;0.1;0.01;0;5.80222;0;0;-1
0;723;2.66147;63.4035;15.8904;10.4039;4717.12;6.25571;0;0;0.1;0.01;0;6.71252;0;0;-1
0;724;0.992421;77.9646;15.9314;8.66392;2724.16;5.20949;0;0;0.1;0.01;0;5.68418;0;0;-1
0;725;4.69775;93.0873;17.7742;8.70908;2766.98;5.23664;0;0;0.1;0.01;0;2.89401;0;0;-1
0;726;17.7776;-82.3795;17.1042;10.0453;4245.97;6.04009;0;0;0.1;0.01;0;5.1318;0;0;-1
0;727;15.7971;-64.4117;16.3831;8.5;2572.44;5.11093;0;0;0.1;0.01;0;4.94355;1;0;-1
0;728;16.0235;-50.0855;18.3076;9.61978;3728.93;5.78423;0;0;0.1;0.01;0;5.55388;0;0;-1
0;729;18.9322;-33.9809;18.0992;8.5;2572.44;5.11093;0;0;0.1;0.01;0;4.3153;1;0;-1
0;730;18.3549;-17.0124;17.3443;9.30503;3374.75;5.59498;0;0;0.1;0.01;0;5.77559;0;0;-1
0;731;17.4639;2.71829;18.4924;8.54447;2613.03;5.13767;0;0;0.1;0.01;0;4.74025;0;0;-1
0;732;16.5799;21.1401;16.2176;9.14026;3198.63;5.49591;0;0;0.1;0.01;0;6.27617;0;0;-1
0;733;16.5127;37.0708;17.4446;8.88866;2941.69;5.34462;0;0;0.1;0.01;0;5.88877;0;0;-1
0;734;19.6638;52.9287;17.6977;8.85858;2911.93;5.32654;0;0;0.1;0.01;0;5.1688;0;0;-1
0;735;16.4159;69.7742;17.3877;8.51644;2587.4;5.12081;0;0;0.1;0.01;0;5.15575;0;0;-1
0;736;17.9172;85.6728;16.4552;9.17315;3233.29;5.51568;0;0;0.1;0.01;0;3.56701;0;0;-1
0;737;33.1769;-92.4831;15.9338;9.05955;3114.64;5.44738;0;0;0.1;0.01;0;1.69052;0;0;-1
0;738;33.7892;-73.7656;16.1001;9.51316;3606.31;5.72013;0;0;0.1;0.01;0;5.47742;0;0;-1
0;739;33.1779;-55.2458;18.0166;9.15668;3215.9;5.50578;0;0;0.1;0.01;0;4.54291;0;0;-1
0;740;33.6486;-39.0274;18.0732;8.5;2572.44;5.11093;0;0;0.1;0.01;0;5.33059;1;0;-1
0;741;31.4402;-24.4817;16.3395;9.37929;3456.2;5.63963;0;0;0.1;0.01;0;6.48219;0;0;-1
0;742;30.7111;-8.05894;18.5937;9.30862;3378.66;5.59714;0;0;0.1;0.01;0;5.49732;0;0;-1
0;743;30.531;11.5694;17.019;8.87722;2930.35;5.33774;0;0;0.1;0.01;0;5.13352;0;0;-1
0;744;32.0946;26.8757;16.7695;8.78131;2836.39;5.28007;0;0;0.1;0.01;0;5.40328;0;0;-1
0;745;33.2177;45.7677;16.5233;8.5;2572.44;5.11093;0;0;0.1;0.01;0;5.28919;1;0;-1
0;746;30.4874;63.4356;19.4799;9.08213;3137.99;5.46095;0;0;0.1;0.01;0;6.81683;0;0;-1
0;747;30.6496;77.8147;17.8457;9.25776;3323.58;5.56656;0;0;0.1;0.01;0;5.18533;0;0;-1
0;748;45.3076;-81.2471;16.0894;9.99665;4184.58;6.01084;0;0;0.1;0.01;0;4.70952;0;0;-1
0;749;48.9067;-67.6403;17.0079;8.61752;2680.62;5.18159;0;0;0.1;0.01;0;5.08314;0;0;-1
0;750;47.5101;-48.1701;18.5937;8.5;2572.44;5.11093;0;0;0.1;0.01;0;4.60328;1;0;-1
0;751;46.7626;-31.903;16.6131;9.52674;3621.78;5.72829;0;0;0.1;0.01;0;6.82783;0;0;-1
0;752;46.3596;-15.3162;17.5058;9.96599;4146.2;5.99241;0;0;0.1;0.01;0;6.40175;0;0;-1
0;753;46.2064;4.39506;19.4846;9.61473;3723.06;5.7812;0;0;0.1;0.01;0;5.42952;0;0;-1
0;754;48.7903;20.4735;17.3394;9.77667;3914.37;5.87857;0;0;0.1;0.01;0;6.22749;0;0;-1
0;755;46.8589;34.881;18.984;8.5;2572.44;5.11093;0;0;0.1;0.01;0;5.23606;1;0;-1
0;756;45.0857;54.0917;16.5867;10.1386;4365.39;6.09619;0;0;0.1;0.01;0;6.57488;0;0;-1
0;757;46.9762;68.9827;17.7751;8.7934;2848.13;5.28734;0;0;0.1;0.01;0;5.04519;0;0;-1
0;758;45.941;86.0474;19.6706;8.5;2572.44;5.11093;0;0;0.1;0.01;0;1.28283;1;0;-1
0;759;61.2221;-75.4465;17.4864;9.74749;3879.42;5.86102;0;0;0.1;0.01;0;2.82189;0;0;-1
0;760;62.3104;-57.9499;18.1636;8.5;2572.44;5.11093;0;0;0.1;0.01;0;4.94758;1;0;-1
0;761;62.5623;-38.7108;16.7061;10.097;4311.87;6.07118;0;0;0.1;0.01;0;7.49546;0;0;-1
0;762;60.4214;-24.2796;16.5102;9.90118;4065.83;5.95344;0;0;0.1;0.01;0;7.54452;0;0;-1
0;763;60.3762;-7.40181;16.7546;8.93108;2984.01;5.37013;0;0;0.1;0.01;0;4.81109;0;0;-1
0;764;62.4592;10.6029;16.9659;9.45392;3539.36;5.6845;0;0;0.1;0.01;0;5.7793;0;0;-1
0;765;61.6888;28.5326;16.4773;10.2254;4478.47;6.14838;0;0;0.1;0.01;0;7.22216;0;0;-1
0;766;61.8649;45.212;19.039;8.67367;2733.36;5.21535;0;0;0.1;0.01;0;6.08157;0;0;-1
0;767;62.2902;63.6391;19.0446;10.0225;4217.13;6.02638;0;0;0.1;0.01;0;4.83378;0;0;-1
0;768;75.9039;-50.2087;19.5063;8.70096;2759.24;5.23176;0;0;0.1;0.01;0;3.01442;0;0;-1
0;769;76.0484;-33.4801;18.3419;10.0886;4301.12;6.06613;0;0;0.1;0.01;0;6.13195;0;0;-1
0;770;77.6196;-16.9514;16.7498;8.5;2572.44;5.11093;0;0;0.1;0.01;0;4.96071;1;0;-1
0;771;74.8831;0.852707;19.4084;8.71841;2775.88;5.24225;0;0;0.1;0.01;0;4.44542;0;0;-1
0;772;76.4919;20.1075;16.1826;9.82373;3971.16;5.90687;0;0;0.1;0.01;0;6.53811;0;0;-1
0;773;74.8229;37.9209;19.071;10.3722;4674.14;6.23665;0;0;0.1;0.01;0;6.73508;0;0;-1
0;774;76.5247;52.4258;18.7555;8.77615;2831.4;5.27697;0;0;0.1;0.01;0;4.58105;0;0;-1
0;775;91.5326;-22.0677;18.6377;9.7875;3927.39;5.88508;0;0;0.1;0.01;0;4.34436;0;0;-1
0;776;92.7463;-7.35807;19.9368;8.5;2572.44;5.11093;0;0;0.1;0.01;0;2.61994;1;0;-1
0;777;91.6976;9.32751;16.217;9.05672;3111.73;5.44567;0;0;0.1;0.01;0;2.52774;0;0;-1
0;778;89.4651;26.8424;17.3928;9.35384;3428.14;5.62433;0;0;0.1;0.01;0;4.08036;0;0;-1
0;779;-93.5845;2.41082;34.5661;8.55786;2625.33;5.14572;0;0;0.1;0.01;0;2.84513;0;0;-1
0;780;-82.0397;-39.7102;31.6377;9.85962;4014.85;5.92845;0;0;0.1;0.01;0;3.15525;0;0;-1
0;781;-79.685;-25.0917;32.4578;9.32437;3395.84;5.60661;0;0;0.1;0.01;0;4.25197;0;0;-1
0;782;-79.0021;-6.09149;34.0238;9.22038;3283.49;5.54408;0;0;0.1;0.01;0;5.9781;0;0;-1
0;783;-80.1781;10.0461;31.8183;8.73128;2788.19;5.24999;0;0;0.1;0.01;0;4.89438;0;0;-1
0;784;-82.7008;25.874;30.9228;9.40262;3482.05;5.65366;0;0;0.1;0.01;0;2.7486;0;0;-1
0;785;-79.902;46.0327;31.3492;8.54151;2610.31;5.13589;0;0;0.1;0.01;0;2.20425;0;0;-1
0;786;-65.9595;-66.8894;33.9541;9.46889;3556.2;5.69351;0;0;0.1;0.01;0;3.41774;0;0;-1
0;787;-66.6288;-47.6775;32.236;9.70994;3834.76;5.83845;0;0;0.1;0.01;0;4.79012;0;0;-1
0;788;-64.3024;-30.7691;34.2027;9.95636;4134.19;5.98661;0;0;0.1;0.01;0;6.55634;0;0;-1
0;789;-66.7746;-15.5626;31.0235;8.5;2572.44;5.11093;0;0;0.1;0.01;0;5.95105;1;0;-1
0;790;-65.6116;0.0152107;34.1224;8.9441;2997.08;5.37796;0;0;0.1;0.01;0;5.98606;0;0;-1
0;791;-66.5498;18.1313;33.8926;8.5;2572.44;5.11093;0;0;0.1;0.01;0;4.43085;1;0;-1
0;792;-64.4094;35.1671;31.6641;8.58667;2651.94;5.16304;0;0;0.1;0.01;0;4.16657;0;0;-1
0;793;-66.8392;53.0614;33.2066;9.91933;4088.23;5.96435;0;0;0.1;0.01;0;3.57341;0;0;-1
0;794;-53.1863;-73.3213;30.6179;10.1149;4334.84;6.08194;0;0;0.1;0.01;0;4.85295;0;0;-1
0;795;-50.1858;-58.7176;30.9878;9.48167;3570.62;5.70119;0;0;0.1;0.01;0;6.02645;0;0;-1
0;796;-49.8375;-38.4039;31.6521;9.72083;3847.68;5.84499;0;0;0.1;0.01;0;6.1284;0;0;-1
0;797;-52.8032;-21.2974;31.1202;8.5;2572.44;5.11093;0;0;0.1;0.01;0;4.91526;1;0;-1
0;798;-52.7043;-7.28896;34.1922;9.66627;3783.25;5.81219;0;0;0.1;0.01;0;4.4775;0;0;-1
0;799;-51.669;11.8718;31.7744;8.5;2572.44;5.11093;0;0;0.1;0.01;0;4.16127;1;0;-1
0;800;-50.7141;29.4053;32.6072;8.5;2572.44;5.11093;0;0;0.1;0.01;0;5.2375;1;0;-1
0;801;-52.7783;43.3421;33.1303;8.5;2572.44;5.11093;0;0;0.1;0.01;0;5.24253;1;0;-1
0;802;-51.6439;60.067;33.9752;8.5;2572.44;5.11093;0;0;0.1;0.01;0;4.23903;1;0;-1
0;803;-35.6423;-85.3969;34.2823;10.1766;4414.65;6.11904;0;0;0.1;0.01;0;3.6371;0;0;-1
0;804;-38.0025;-66.3758;31.2883;8.5;2572.44;5.11093;0;0;0.1;0.01;0;4.55969;1;0;-1
0;805;-37.9471;-47.2933;33.1264;9.74583;3877.44;5.86003;0;0;0.1;0.01;0;5.96561;0;0;-1
0;806;-34.4747;-33.03;33.0273;10.2533;4515.23;6.16516;0;0;0.1;0.01;0;6.52183;0;0;-1
0;807;-35.1755;-16.2794;32.7157;8.8572;2910.57;5.32571;0;0;0.1;0.01;0;4.1305;0;0;-1
0;808;-35.335;2.97988;32.2971;8.80953;2863.83;5.29704;0;0;0.1;0.01;0;4.53416;0;0;-1
0;809;-38.3027;17.6749;32.7539;8.96634;3019.49;5.39133;0;0;0.1;0.01;0;4.90112;0;0;-1
0;810;-36.9792;37.9441;31.6594;9.65063;3764.92;5.80278;0;0;0.1;0.01;0;6.08331;0;0;-1
0;811;-36.8446;52.4691;32.4191;8.9865;3039.91;5.40345;0;0;0.1;0.01;0;5.22419;0;0;-1
0;812;-37.9059;69.1966;32.1196;8.5;2572.44;5.11093;0;0;0.1;0.01;0;3.35683;1;0;-1
0;813;-20.9683;-91.0274;34.0207;9.86408;4020.3;5.93113;0;0;0.1;0.01;0;3.76486;0;0;-1
0;814;-22.9265;-74.2999;32.2314;8.5;2572.44;5.11093;0;0;0.1;0.01;0;5.11902;1;0;-1
0;815;-22.8342;-57.0529;34.4232;8.61747;2680.57;5.18156;0;0;0.1;0.01;0;4.58577;0;0;-1
0;816;-21.8599;-42.7421;31.8907;8.61331;2676.69;5.17906;0;0;0.1;0.01;0;5.68033;0;0;-1
0;817;-20.4292;-21.667;31.3808;8.5;2572.44;5.11093;0;0;0.1;0.01;0;3.96002;1;0;-1
0;818;-20.9577;-4.75874;34.0483;9.37895;3455.82;5.63943;0;0;0.1;0.01;0;5.90025;0;0;-1
0;819;-21.7882;11.1934;31.6463;8.93559;2988.53;5.37284;0;0;0.1;0.01;0;5.87793;0;0;-1
0;820;-22.9968;29.3664;33.7831;9.49202;3582.32;5.70741;0;0;0.1;0.01;0;5.55453;0;0;-1
0;821;-20.7374;44.2977;33.8144;9.19925;3260.96;5.53138;0;0;0.1;0.01;0;6.29407;0;0;-1
0;822;-20.4389;59.702;30.979;8.65751;2718.11;5.20564;0;0;0.1;0.01;0;5.11909;0;0;-1
0;823;-21.772;76.7152;32.6744;10.0526;4255.24;6.04448;0;0;0.1;0.01;0;4.73875;0;0;-1
0;824;-6.81662;-81.4821;33.0059;10.2345;4490.44;6.15386;0;0;0.1;0.01;0;5.73584;0;0;-1
0;825;-7.58147;-65.8473;32.0397;9.11861;3175.96;5.48289;0;0;0.1;0.01;0;4.85186;0;0;-1
0;826;-8.80725;-46.9423;30.7929;9.1191;3176.47;5.48318;0;0;0.1;0.01;0;5.15146;0;0;-1
0;827;-5.46373;-32.6273;31.1694;8.5;2572.44;5.11093;0;0;0.1;0.01;0;4.74347;1;0;-1
0;828;-8.84344;-13.1778;31.5926;10.4144;4731.42;6.26203;0;0;0.1;0.01;0;6.59137;0;0;-1
0;829;-7.46591;3.4756;31.9492;9.30981;3379.96;5.59785;0;0;0.1;0.01;0;6.08499;0;0;-1
0;830;-6.8539;20.9983;33.6331;10.0649;4270.88;6.05188;0;0;0.1;0.01;0;5.67582;0;0;-1
0;831;-7.48088;37.7976;34.0855;9.13604;3194.2;5.49337;0;0;0.1;0.01;0;6.14196;0;0;-1
0;832;-5.84905;51.723;33.689;8.5;2572.44;5.11093;0;0;0.1;0.01;0;5.49009;1;0;-1
0;833;-7.20053;69.7881;32.3993;8.73803;2794.66;5.25405;0;0;0.1;0.01;0;4.34731;0;0;-1
0;834;-6.78513;88.6469;31.134;8.56897;2635.57;5.1524;0;0;0.1;0.01;0;2.16712;0;0;-1
0;835;8.24985;-89.4391;34.6594;8.757;2812.9;5.26546;0;0;0.1;0.01;0;3.18326;0;0;-1
0;836;7.70451;-74.4758;32.497;10.4534;4784.77;6.28548;0;0;0.1;0.01;0;7.03391;0;0;-1
0;837;6.34318;-58.9478;31.82;8.79873;2853.31;5.29055;0;0;0.1;0.01;0;5.10422;0;0;-1
0;838;8.48621;-42.916;33.2058;10.0561;4259.68;6.04659;0;0;0.1;0.01;0;6.75122;0;0;-1
0;839;6.86486;-23.8818;32.7526;8.90408;2957.03;5.35389;0;0;0.1;0.01;0;4.8801;0;0;-1
0;840;7.21375;-6.04696;33.7232;9.87605;4034.95;5.93833;0;0;0.1;0.01;0;6.05159;0;0;-1
0;841;5.65075;8.79341;34.3832;9.10205;3158.68;5.47293;0;0;0.1;0.01;0;4.74228;0;0;-1
0;842;8.33563;27.817;31.0465;9.25309;3318.55;5.56375;0;0;0.1;0.01;0;5.15888;0;0;-1
0;843;6.79164;42.8906;30.5883;10.1876;4428.99;6.12566;0;0;0.1;0.01;0;6.42022;0;0;-1
0;844;8.63816;61.576;30.9009;8.68436;2743.48;5.22178;0;0;0.1;0.01;0;4.75713;0;0;-1
0;845;9.12039;78.9329;31.9013;9.46328;3549.88;5.69013;0;0;0.1;0.01;0;4.70549;0;0;-1
0;846;23.143;-82.664;33.8568;9.93443;4106.93;5.97343;0;0;0.1;0.01;0;4.76683;0;0;-1
0;847;22.6494;-67.963;33.0068;9.85623;4010.71;5.92641;0;0;0.1;0.01;0;5.40306;0;0;-1
0;848;23.8681;-47.7334;33.3848;8.90151;2954.47;5.35235;0;0;0.1;0.01;0;5.89622;0;0;-1
0;849;21.1345;-32.2887;32.4673;10.1635;4397.63;6.11117;0;0;0.1;0.01;0;7.03838;0;0;-1
0;850;22.1167;-14.0019;32.2162;10.1553;4386.99;6.10623;0;0;0.1;0.01;0;6.79683;0;0;-1
0;851;22.3379;0.480017;30.9394;8.92445;2977.37;5.36614;0;0;0.1;0.01;0;5.12837;0;0;-1
0;852;23.0054;19.3376;30.4809;9.06881;3124.2;5.45294;0;0;0.1;0.01;0;4.82392;0;0;-1
0;853;22.109;37.5598;33.9843;9.3486;3422.38;5.62118;0;0;0.1;0.01;0;5.73663;0;0;-1
0;854;23.7955;51.3872;32.5715;9.90615;4071.96;5.95642;0;0;0.1;0.01;0;6.81416;0;0;-1
0;855;22.3273;68.7531;30.9991;8.75237;2808.44;5.26267;0;0;0.1;0.01;0;5.90502;0;0;-1
0;856;20.8554;89.3911;34.2255;9.34689;3420.5;5.62015;0;0;0.1;0.01;0;1.60127;0;0;-1
0;857;35.7839;-74.7243;32.794;8.5;2572.44;5.11093;0;0;0.1;0.01;0;3.4262;1;0;-1
0;858;37.1885;-55.0842;32.838;9.55435;3653.36;5.74489;0;0;0.1;0.01;0;5.76114;0;0;-1
0;859;35.5691;-38.4153;30.8898;8.5;2572.44;5.11093;0;0;0.1;0.01;0;5.30767;1;0;-1
0;860;37.4966;-21.9787;32.1836;8.5;2572.44;5.11093;0;0;0.1;0.01;0;4.75519;1;0;-1
0;861;35.897;-4.81388;33.2082;9.17157;3231.62;5.51473;0;0;0.1;0.01;0;5.72645;0;0;-1
0;862;38.7379;9.35242;32.4883;8.59517;2659.82;5.16815;0;0;0.1;0.01;0;4.91382;0;0;-1
0;863;38.1026;25.5631;32.998;9.81869;3965.06;5.90384;0;0;0.1;0.01;0;5.59317;0;0;-1
0;864;38.3504;43.1661;33.0928;9.76301;3897.98;5.87036;0;0;0.1;0.01;0;6.01925;0;0;-1
0;865;35.3786;61.8633;33.7025;9.76121;3895.83;5.86927;0;0;0.1;0.01;0;6.62551;0;0;-1
0;866;36.8553;77.2498;32.1642;10.0224;4217;6.02632;0;0;0.1;0.01;0;5.23612;0;0;-1
0;867;52.8307;-64.6664;31.9345;9.06145;3116.6;5.44852;0;0;0.1;0.01;0;3.97227;0;0;-1
0;868;53.1669;-49.3377;32.1221;9.43641;3519.73;5.67398;0;0;0.1;0.01;0;5.65547;0;0;-1
0;869;52.0705;-33.3865;32.4046;9.52844;3623.71;5.72931;0;0;0.1;0.01;0;6.13963;0;0;-1
0;870;51.544;-17.316;31.5983;9.93219;4104.15;5.97208;0;0;0.1;0.01;0;6.32157;0;0;-1
0;871;53.2109;0.915141;33.8735;10.0205;4214.6;6.02518;0;0;0.1;0.01;0;6.868;0;0;-1
0;872;52.4606;17.8206;33.3896;8.9672;3020.36;5.39185;0;0;0.1;0.01;0;6.01556;0;0;-1
0;873;53.4745;38.1478;32.2384;8.9671;3020.26;5.39179;0;0;0.1;0.01;0;6.03566;0;0;-1
0;874;53.2663;53.1811;33.3222;9.60563;3712.5;5.77573;0;0;0.1;0.01;0;6.97;0;0;-1
0;875;51.4263;68.3298;32.4173;9.14929;3208.12;5.50134;0;0;0.1;0.01;0;4.86829;0;0;-1
0;876;67.2587;-58.0678;32.4309;8.83388;2887.64;5.31168;0;0;0.1;0.01;0;3.29245;0;0;-1
0;877;67.6961;-38.603;31.5533;9.31078;3381.01;5.59844;0;0;0.1;0.01;0;5.34541;0;0;-1
0;878;66.3901;-21.8156;31.9678;9.12977;3187.63;5.4896;0;0;0.1;0.01;0;5.27284;0;0;-1
0;879;66.942;-4.76827;32.6243;9.85842;4013.38;5.92772;0;0;0.1;0.01;0;5.72499;0;0;-1
0;880;67.2101;10.3593;32.9751;8.94914;3002.15;5.38099;0;0;0.1;0.01;0;6.55089;0;0;-1
0;881;66.2091;28.0105;33.7823;8.61621;2679.4;5.1808;0;0;0.1;0.01;0;5.81974;0;0;-1
0;882;67.3156;45.6477;31.0835;9.11558;3172.79;5.48107;0;0;0.1;0.01;0;6.46628;0;0;-1
0;883;67.0157;59.5007;32.0765;9.87652;4035.53;5.93861;0;0;0.1;0.01;0;4.7556;0;0;-1
0;884;79.9423;-30.2587;33.8348;9.91075;4077.63;5.95919;0;0;0.1;0.01;0;4.39739;0;0;-1
0;885;80.1793;-15.9666;30.7283;8.8039;2858.34;5.29366;0;0;0.1;0.01;0;4.50506;0;0;-1
0;886;79.6581;3.68638;33.5492;10.0827;4293.58;6.06258;0;0;0.1;0.01;0;4.94851;0;0;-1
0;887;80.7143;19.6992;34.194;8.73611;2792.82;5.2529;0;0;0.1;0.01;0;3.84871;0;0;-1
0;888;80.5431;33.6368;31.922;8.98096;3034.29;5.40012;0;0;0.1;0.01;0;4.25657;0;0;-1
0;889;-86.3527;-6.44582;47.2364;9.7781;3916.08;5.87943;0;0;0.1;0.01;0;3.24512;0;0;-1
0;890;-85.659;9.85731;47.7957;10.4049;4718.48;6.25632;0;0;0.1;0.01;0;3.02394;0;0;-1
0;891;-69.0211;-49.9849;48.7934;10.4318;4755.17;6.27249;0;0;0.1;0.01;0;2.88058;0;0;-1
0;892;-69.397;-33.747;47.9872;8.5;2572.44;5.11093;0;0;0.1;0.01;0;4.09313;1;0;-1
0;893;-69.3642;-13.3648;47.6987;9.91875;4087.52;5.964;0;0;0.1;0.01;0;5.72634;0;0;-1
0;894;-71.5161;0.833766;46.7797;8.91111;2964.04;5.35812;0;0;0.1;0.01;0;5.62325;0;0;-1
0;895;-68.5709;18.0403;47.0522;8.75571;2811.66;5.26468;0;0;0.1;0.01;0;3.93464;0;0;-1
0;896;-70.5782;36.4547;49.365;9.25688;3322.63;5.56603;0;0;0.1;0.01;0;1.72534;0;0;-1
0;897;-56.6375;-59.6063;46.1546;8.92538;2978.3;5.3667;0;0;0.1;0.01;0;4.10134;0;0;-1
0;898;-57.0607;-39.134;47.6049;9.30218;3371.65;5.59327;0;0;0.1;0.01;0;5.77776;0;0;-1
0;899;-57.0525;-23.262;47.2608;8.5;2572.44;5.11093;0;0;0.1;0.01;0;5.45163;1;0;-1
0;900;-56.8215;-6.91262;48.8054;9.56046;3660.37;5.74857;0;0;0.1;0.01;0;5.90554;0;0;-1
0;901;-54.5994;12.7565;45.9837;8.6949;2753.48;5.22812;0;0;0.1;0.01;0;4.41974;0;0;-1
0;902;-57.6995;29.7421;45.9854;8.5;2572.44;5.11093;0;0;0.1;0.01;0;4.65957;1;0;-1
0;903;-56.3056;45.9385;47.0303;8.5;2572.44;5.11093;0;0;0.1;0.01;0;4.46061;1;0;-1
0;904;-54.4426;61.3021;46.414;8.73256;2789.42;5.25076;0;0;0.1;0.01;0;3.49925;0;0;-1
0;905;-40.6526;-64.3878;45.8805;8.77308;2828.43;5.27513;0;0;0.1;0.01;0;3.66383;0;0;-1
0;906;-40.4086;-50.5764;48.2034;9.14813;3206.9;5.50064;0;0;0.1;0.01;0;5.15864;0;0;-1
0;907;-43.1985;-30.0729;46.0931;10.1709;4407.24;6.11561;0;0;0.1;0.01;0;6.05246;0;0;-1
0;908;-41.5096;-14.296;49.0767;8.5;2572.44;5.11093;0;0;0.1;0.01;0;4.9881;1;0;-1
0;909;-41.6405;0.773615;49.2603;8.65928;2719.78;5.2067;0;0;0.1;0.01;0;4.60052;0;0;-1
0;910;-42.0983;16.7756;48.2686;10.2808;4551.66;6.1817;0;0;0.1;0.01;0;5.92182;0;0;-1
0;911;-42.329;35.8772;45.2274;8.59133;2656.26;5.16584;0;0;0.1;0.01;0;4.95036;0;0;-1
0;912;-41.2233;53.2387;48.9032;10.1348;4360.48;6.09391;0;0;0.1;0.01;0;6.53621;0;0;-1
0;913;-42.4838;69.7197;48.0983;9.85071;4003.97;5.92309;0;0;0.1;0.01;0;4.23856;0;0;-1
0;914;-27.8311;-76.7427;46.7389;9.0812;3137.03;5.46039;0;0;0.1;0.01;0;2.96215;0;0;-1
0;915;-26.1688;-55.5059;48.3179;8.59395;2658.69;5.16742;0;0;0.1;0.01;0;5.99451;0;0;-1
0;916;-27.6856;-41.4885;46.5291;9.63897;3751.29;5.79577;0;0;0.1;0.01;0;7.57598;0;0;-1
0;917;-28.0278;-24.2547;49.4386;8.5;2572.44;5.11093;0;0;0.1;0.01;0;4.80379;1;0;-1
0;918;-25.7037;-8.79392;47.3273;8.5;2572.44;5.11093;0;0;0.1;0.01;0;4.63832;1;0;-1
0;919;-26.6758;12.0285;46.5383;9.92574;4096.16;5.9682;0;0;0.1;0.01;0;5.77853;0;0;-1
0;920;-26.9571;29.5849;48.5556;10.2075;4454.99;6.13762;0;0;0.1;0.01;0;7.06257;0;0;-1
0;921;-26.3551;45.1535;48.84;9.22863;3292.31;5.54904;0;0;0.1;0.01;0;6.11838;0;0;-1
0;922;-25.8931;60.8791;46.5184;10.3198;4603.65;6.20515;0;0;0.1;0.01;0;6.87309;0;0;-1
0;923;-25.574;79.3376;48.4986;9.1597;3219.08;5.50759;0;0;0.1;0.01;0;3.17606;0;0;-1
0;924;-12.3654;-80.7895;46.0119;8.874;2927.16;5.33581;0;0;0.1;0.01;0;3.07057;0;0;-1
0;925;-11.8858;-64.6869;47.9651;8.62741;2689.86;5.18754;0;0;0.1;0.01;0;4.45697;0;0;-1
0;926;-13.4936;-47.9728;46.5712;10.3686;4669.27;6.23449;0;0;0.1;0.01;0;7.52048;0;0;-1
0;927;-12.694;-33.5676;49.1089;10.005;4195.08;6.01586;0;0;0.1;0.01;0;5.88258;0;0;-1
0;928;-11.4154;-13.8804;48.6932;9.93402;4106.42;5.97318;0;0;0.1;0.01;0;6.77289;0;0;-1
0;929;-11.038;0.267798;46.1073;9.49154;3581.78;5.70713;0;0;0.1;0.01;0;6.65035;0;0;-1
0;930;-13.1763;19.5101;47.8639;10.0132;4205.4;6.02079;0;0;0.1;0.01;0;6.2575;0;0;-1
0;931;-11.255;37.0947;49.0575;8.84922;2902.71;5.32091;0;0;0.1;0.01;0;6.4508;0;0;-1
0;932;-12.2013;52.5422;48.7878;9.02879;3083.03;5.42888;0;0;0.1;0.01;0;7.20845;0;0;-1
0;933;-11.7485;69.7936;48.077;10.1432;4371.33;6.09896;0;0;0.1;0.01;0;5.8662;0;0;-1
0;934;-12.8195;86.6133;47.9975;8.5;2572.44;5.11093;0;0;0.1;0.01;0;1.66581;1;0;-1
0;935;2.05815;-73.14;45.8812;8.5;2572.44;5.11093;0;0;0.1;0.01;0;4.91224;1;0;-1
0;936;1.61253;-59.437;46.6217;8.99434;3047.87;5.40817;0;0;0.1;0.01;0;5.60862;0;0;-1
0;937;2.35413;-42.2789;46.9596;9.40872;3488.83;5.65733;0;0;0.1;0.01;0;5.65163;0;0;-1
0;938;1.44378;-22.4088;48.5075;9.3869;3464.62;5.64421;0;0;0.1;0.01;0;5.82043;0;0;-1
0;939;4.30755;-5.39067;49.0454;9.50215;3593.8;5.7135;0;0;0.1;0.01;0;6.81285;0;0;-1
0;940;3.22326;8.86483;49.239;9.40384;3483.41;5.65439;0;0;0.1;0.01;0;5.80798;0;0;-1
0;941;1.82413;29.6373;47.3319;8.5;2572.44;5.11093;0;0;0.1;0.01;0;5.05014;1;0;-1
0;942;1.08655;45.5425;47.5964;8.53776;2606.88;5.13363;0;0;0.1;0.01;0;6.17197;0;0;-1
0;943;1.49224;60.6165;45.6691;9.03964;3094.15;5.4354;0;0;0.1;0.01;0;5.43603;0;0;-1
0;944;4.93235;79.7301;48.6587;10.1102;4328.8;6.07912;0;0;0.1;0.01;0;3.00445;0;0;-1
0;945;18.9266;-84.4757;48.8907;8.82496;2878.9;5.30632;0;0;0.1;0.01;0;1.95565;0;0;-1
0;946;18.2803;-65.9316;46.7144;9.13393;3191.99;5.4921;0;0;0.1;0.01;0;4.69287;0;0;-1
0;947;16.9277;-49.413;46.2852;8.5;2572.44;5.11093;0;0;0.1;0.01;0;4.61378;1;0;-1
0;948;19.3925;-34.401;45.9324;10.2763;4545.68;6.17899;0;0;0.1;0.01;0;6.56811;0;0;-1
0;949;16.1446;-14.8603;48.4574;9.22523;3288.67;5.547;0;0;0.1;0.01;0;6.34137;0;0;-1
0;950;18.7803;1.80613;48.5201;8.50641;2578.26;5.11478;0;0;0.1;0.01;0;5.65811;0;0;-1
0;951;17.3906;17.4866;46.7725;9.55479;3653.86;5.74516;0;0;0.1;0.01;0;5.23538;0;0;-1
0;952;16.0246;36.3952;49.0178;8.5;2572.44;5.11093;0;0;0.1;0.01;0;4.95197;1;0;-1
0;953;19.2397;50.8482;45.5654;9.03341;3087.76;5.43166;0;0;0.1;0.01;0;5.11196;0;0;-1
0;954;17.413;71.0964;46.793;9.52319;3617.73;5.72616;0;0;0.1;0.01;0;4.54325;0;0;-1
0;955;33.2062;-74.274;48.791;8.9766;3029.87;5.3975;0;0;0.1;0.01;0;3.2445;0;0;-1
0;956;33.112;-57.1334;47.8274;9.60965;3717.16;5.77814;0;0;0.1;0.01;0;6.04602;0;0;-1
0;957;33.4757;-39.2127;45.8226;9.85133;4004.73;5.92346;0;0;0.1;0.01;0;6.5419;0;0;-1
0;958;30.7986;-22.5173;46.1758;9.98303;4167.5;6.00265;0;0;0.1;0.01;0;6.38875;0;0;-1
0;959;31.9831;-5.04294;47.7714;9.48791;3577.67;5.70494;0;0;0.1;0.01;0;5.83453;0;0;-1
0;960;33.254;12.0618;47.6419;9.44032;3524.1;5.67633;0;0;0.1;0.01;0;5.47871;0;0;-1
0;961;30.6834;25.7823;46.9807;9.75134;3884.02;5.86334;0;0;0.1;0.01;0;6.52733;0;0;-1
0;962;32.7087;43.2079;48.5159;8.95476;3007.81;5.38437;0;0;0.1;0.01;0;6.11488;0;0;-1
0;963;31.8836;59.3275;48.6139;9.99243;4179.28;6.0083;0;0;0.1;0.01;0;6.93049;0;0;-1
0;964;30.9326;76.2496;47.7002;9.44588;3530.33;5.67967;0;0;0.1;0.01;0;4.12595;0;0;-1
0;965;45.9671;-63.7031;46.5702;8.50235;2574.57;5.11234;0;0;0.1;0.01;0;3.30738;0;0;-1
0;966;46.1751;-47.4746;47.571;10.2055;4452.37;6.13642;0;0;0.1;0.01;0;6.42758;0;0;-1
0;967;47.65;-31.46;46.287;8.5;2572.44;5.11093;0;0;0.1;0.01;0;5.04419;1;0;-1
0;968;45.2313;-13.942;49.028;9.26855;3335.22;5.57304;0;0;0.1;0.01;0;5.88988;0;0;-1
0;969;45.9015;-0.224237;45.3773;8.5;2572.44;5.11093;0;0;0.1;0.01;0;5.34605;1;0;-1
0;970;47.7138;20.7871;46.8823;10.0206;4214.73;6.02524;0;0;0.1;0.01;0;7.1663;0;0;-1
0;971;45.3026;36.6191;48.5884;9.44979;3534.72;5.68202;0;0;0.1;0.01;0;6.79948;0;0;-1
0;972;46.4729;54.7673;49.1035;9.69619;3818.49;5.83018;0;0;0.1;0.01;0;5.88023;0;0;-1
0;973;45.662;72.0089;48.4233;9.86394;4020.13;5.93104;0;0;0.1;0.01;0;3.34183;0;0;-1
0;974;63.7047;-58.7692;46.4824;8.74716;2803.43;5.25954;0;0;0.1;0.01;0;2.38151;0;0;-1
0;975;62.0128;-42.3762;47.65;9.36522;3440.67;5.63117;0;0;0.1;0.01;0;5.04751;0;0;-1
0;976;59.8952;-24.0693;48.5152;8.5;2572.44;5.11093;0;0;0.1;0.01;0;4.86045;1;0;-1
0;977;63.608;-8.70147;46.8144;10.1425;4370.42;6.09854;0;0;0.1;0.01;0;6.6735;0;0;-1
0;978;60.663;8.13428;47.1483;9.86993;4027.46;5.93465;0;0;0.1;0.01;0;6.38221;0;0;-1
0;979;61.5251;26.808;46.1101;9.90075;4065.3;5.95318;0;0;0.1;0.01;0;6.42539;0;0;-1
0;980;60.1707;43.6494;46.0452;10.1384;4365.13;6.09607;0;0;0.1;0.01;0;6.24314;0;0;-1
0;981;61.1677;61.0024;46.9915;9.12844;3186.24;5.4888;0;0;0.1;0.01;0;3.76109;0;0;-1
0;982;77.2962;-30.3676;48.6474;8.61289;2676.3;5.17881;0;0;0.1;0.01;0;2.62322;0;0;-1
0;983;77.1335;-17.0984;47.7312;8.5;2572.44;5.11093;0;0;0.1;0.01;0;3.1618;1;0;-1
0;984;75.5677;1.8313;46.5481;9.84126;3992.46;5.91741;0;0;0.1;0.01;0;5.04674;0;0;-1
0;985;78.69;17.3402;48.8009;10.0526;4255.24;6.04448;0;0;0.1;0.01;0;4.18523;0;0;-1
0;986;75.284;34.6945;45.9218;10.2898;4563.62;6.18711;0;0;0.1;0.01;0;4.40682;0;0;-1
0;987;-65.6092;-30.2905;62.2626;8.57744;2643.39;5.15749;0;0;0.1;0.01;0;3.43882;0;0;-1
0;988;-66.5757;-15.4219;63.553;8.87947;2932.58;5.3391;0;0;0.1;0.01;0;3.54006;0;0;-1
0;989;-66.6896;0.550057;61.3351;8.52153;2592.04;5.12387;0;0;0.1;0.01;0;3.48124;0;0;-1
0;990;-66.1519;19.5122;63.9381;9.60852;3715.85;5.77746;0;0;0.1;0.01;0;3.35554;0;0;-1
0;991;-51.819;-58.4768;60.4523;9.06277;3117.97;5.44931;0;0;0.1;0.01;0;2.13843;0;0;-1
0;992;-51.417;-38.7574;63.6228;10.4312;4754.35;6.27213;0;0;0.1;0.01;0;5.19903;0;0;-1
0;993;-50.747;-24.5017;63.3001;8.99047;3043.94;5.40584;0;0;0.1;0.01;0;6.41248;0;0;-1
0;994;-52.7081;-8.79093;61.3346;8.75928;2815.1;5.26683;0;0;0.1;0.01;0;4.57377;0;0;-1
0;995;-53.4862;10.3273;61.6425;10.3467;4639.75;6.22132;0;0;0.1;0.01;0;5.60247;0;0;-1
0;996;-53.0241;27.1228;62.1084;8.5119;2583.26;5.11808;0;0;0.1;0.01;0;4.04142;0;0;-1
0;997;-51.7498;46.5247;61.8045;9.49673;3587.66;5.71025;0;0;0.1;0.01;0;3.02827;0;0;-1
0;998;-36.3734;-47.5541;60.5183;9.31429;3384.84;5.60055;0;0;0.1;0.01;0;6.18465;0;0;-1
0;999;-36.9152;-33.1678;64.1713;8.56914;2635.73;5.1525;0;0;0.1;0.01;0;5.8911;0;0;-1
0;1000;-35.4725;-15.6577;62.6723;9.77893;3917.08;5.87993;0;0;0.1;0.01;0;6.61938;0;0;-1
0;1001;-36.1652;1.45728;63.9645;8.73934;2795.92;5.25484;0;0;0.1;0.01;0;4.87554;0;0;-1
0;1002;-35.0652;19.59;62.2214;8.80965;2863.94;5.29711;0;0;0.1;0.01;0;5.888;0;0;-1
0;1003;-35.227;37.0904;60.6615;9.96828;4149.06;5.99378;0;0;0.1;0.01;0;6.29347;0;0;-1
0;1004;-38.3032;52.2609;63.8429;9.47991;3568.63;5.70013;0;0;0.1;0.01;0;3.9454;0;0;-1
0;1005;-38.3164;67.959;60.6981;9.61487;3723.22;5.78128;0;0;0.1;0.01;0;3.18366;0;0;-1
0;1006;-21.3208;-73.2342;63.7647;8.5;2572.44;5.11093;0;0;0.1;0.01;0;1.71357;1;0;-1
0;1007;-23.2945;-57.0292;62.2446;10.4;4711.82;6.25337;0;0;0.1;0.01;0;6.18585;0;0;-1
0;1008;-22.2407;-40.8643;61.391;10.2717;4539.58;6.17622;0;0;0.1;0.01;0;8.02966;0;0;-1
0;1009;-21.3026;-22.7354;63.6591;8.53442;2603.82;5.13162;0;0;0.1;0.01;0;6.24224;0;0;-1
0;1010;-21.9777;-5.56669;62.1252;10.3597;4657.26;6.22914;0;0;0.1;0.01;0;6.43771;0;0;-1
0;1011;-22.1234;10.5213;60.8535;8.5;2572.44;5.11093;0;0;0.1;0.01;0;3.63264;1;0;-1
0;1012;-23.7871;26.8113;63.5275;9.01866;3072.66;5.42279;0;0;0.1;0.01;0;4.69342;0;0;-1
0;1013;-22.4072;44.4791;62.8101;9.87176;4029.7;5.93575;0;0;0.1;0.01;0;6.77265;0;0;-1
0;1014;-21.8304;59.7009;60.1711;8.81698;2871.1;5.30152;0;0;0.1;0.01;0;5.439;0;0;-1
0;1015;-7.87512;-67.6908;60.3407;8.52518;2595.37;5.12607;0;0;0.1;0.01;0;3.89113;0;0;-1
0;1016;-7.87295;-47.7022;63.1302;10.2311;4485.96;6.15181;0;0;0.1;0.01;0;6.7142;0;0;-1
0;1017;-5.56333;-29.887;63.3968;9.05885;3113.92;5.44696;0;0;0.1;0.01;0;6.57576;0;0;-1
0;1018;-6.84754;-15.3333;60.9703;8.54701;2615.36;5.13919;0;0;0.1;0.01;0;6.6263;0;0;-1
0;1019;-8.78437;0.61985;60.7695;8.5;2572.44;5.11093;0;0;0.1;0.01;0;4.71317;1;0;-1
0;1020;-6.95755;20.8302;60.3889;8.92528;2978.2;5.36664;0;0;0.1;0.01;0;4.61585;0;0;-1
0;1021;-8.83224;36.0083;63.5775;9.68264;3802.51;5.82203;0;0;0.1;0.01;0;7.04815;0;0;-1
0;1022;-6.47087;52.1398;61.0308;9.64341;3756.48;5.79844;0;0;0.1;0.01;0;7.58164;0;0;-1
0;1023;-7.43572;67.6723;60.8766;10.3052;4584.14;6.19637;0;0;0.1;0.01;0;4.93443;0;0;-1
0;1024;5.32084;-73.7691;61.9478;8.5;2572.44;5.11093;0;0;0.1;0.01;0;2.2375;1;0;-1
0;1025;6.8714;-57.4062;62.3057;10.176;4413.87;6.11868;0;0;0.1;0.01;0;5.81548;0;0;-1
0;1026;7.74509;-39.3507;61.0337;8.5;2572.44;5.11093;0;0;0.1;0.01;0;4.55277;1;0;-1
0;1027;6.38145;-22.6891;62.3465;9.92312;4092.92;5.96663;0;0;0.1;0.01;0;6.71286;0;0;-1
0;1028;9.17665;-6.37295;62.4715;10.2402;4497.94;6.15728;0;0;0.1;0.01;0;6.8581;0;0;-1
0;1029;8.77967;12.1972;62.2419;8.66534;2725.5;5.21034;0;0;0.1;0.01;0;4.78675;0;0;-1
0;1030;7.91749;26.3223;63.4114;8.5;2572.44;5.11093;0;0;0.1;0.01;0;5.49429;1;0;-1
0;1031;7.42283;42.0734;60.085;10.2988;4575.6;6.19252;0;0;0.1;0.01;0;6.63487;0;0;-1
0;1032;6.63861;63.0851;63.2903;9.3194;3390.41;5.60362;0;0;0.1;0.01;0;4.62268;0;0;-1
0;1033;21.3038;-63.8682;60.9617;8.5;2572.44;5.11093;0;0;0.1;0.01;0;3.70096;1;0;-1
0;1034;23.2512;-50.2975;61.9496;8.5;2572.44;5.11093;0;0;0.1;0.01;0;4.43394;1;0;-1
0;1035;20.9375;-32.3637;61.0333;8.5;2572.44;5.11093;0;0;0.1;0.01;0;3.83404;1;0;-1
0;1036;24.2131;-12.6687;60.3675;8.5;2572.44;5.11093;0;0;0.1;0.01;0;5.40658;1;0;-1
0;1037;20.614;2.95385;61.7759;8.5;2572.44;5.11093;0;0;0.1;0.01;0;5.06532;1;0;-1
0;1038;23.0819;19.7962;63.7334;10.3275;4613.96;6.20978;0;0;0.1;0.01;0;7.34191;0;0;-1
0;1039;21.9252;37.8441;63.1512;8.70203;2760.26;5.2324;0;0;0.1;0.01;0;5.68771;0;0;-1
0;1040;21.5747;53.1575;60.4255;8.5;2572.44;5.11093;0;0;0.1;0.01;0;5.29581;1;0;-1
0;1041;22.1341;69.1086;61.3942;9.0674;3122.75;5.4521;0;0;0.1;0.01;0;3.39072;0;0;-1
0;1042;34.6689;-59.7334;63.5376;8.5;2572.44;5.11093;0;0;0.1;0.01;0;2.1728;1;0;-1
0;1043;36.1523;-39.3413;62.572;9.23923;3303.66;5.55541;0;0;0.1;0.01;0;4.51122;0;0;-1
0;1044;38.1854;-22.8138;61.8962;8.81792;2872.02;5.30209;0;0;0.1;0.01;0;4.89432;0;0;-1
0;1045;35.796;-5.05751;62.609;8.95321;3006.25;5.38344;0;0;0.1;0.01;0;4.803;0;0;-1
0;1046;38.2695;12.2893;61.3829;9.45337;3538.74;5.68417;0;0;0.1;0.01;0;5.6499;0;0;-1
0;1047;37.9517;26.208;60.2559;8.5;2572.44;5.11093;0;0;0.1;0.01;0;6.73295;1;0;-1
0;1048;35.5195;43.3594;63.5238;9.23679;3301.05;5.55395;0;0;0.1;0.01;0;5.62799;0;0;-1
0;1049;38.6618;60.4747;63.3809;9.72555;3853.28;5.84783;0;0;0.1;0.01;0;3.94737;0;0;-1
0;1050;53.4598;-48.7311;61.7465;9.52246;3616.9;5.72572;0;0;0.1;0.01;0;3.22331;0;0;-1
0;1051;50.3683;-33.3907;60.8849;8.5;2572.44;5.11093;0;0;0.1;0.01;0;4.8751;1;0;-1
0;1052;51.0239;-15.281;62.1434;9.58171;3684.83;5.76134;0;0;0.1;0.01;0;5.6982;0;0;-1
0;1053;50.0325;0.791349;62.6961;8.5;2572.44;5.11093;0;0;0.1;0.01;0;4.12938;1;0;-1
0;1054;50.5511;20.6967;60.9302;8.5;2572.44;5.11093;0;0;0.1;0.01;0;5.72343;1;0;-1
0;1055;50.8714;34.8069;61.8195;9.8158;3961.56;5.9021;0;0;0.1;0.01;0;6.01712;0;0;-1
0;1056;53.6974;53.0094;62.7339;10.1404;4367.71;6.09728;0;0;0.1;0.01;0;3.14239;0;0;-1
0;1057;67.0784;-40.8573;60.8974;10.4293;4751.76;6.27099;0;0;0.1;0.01;0;2.85204;0;0;-1
0;1058;64.4515;-21.5163;62.1416;8.5;2572.44;5.11093;0;0;0.1;0.01;0;2.95827;1;0;-1
0;1059;64.4387;-5.43969;61.8672;8.5;2572.44;5.11093;0;0;0.1;0.01;0;4.08061;1;0;-1
0;1060;66.7704;9.19645;60.6553;9.7064;3830.57;5.83632;0;0;0.1;0.01;0;3.2864;0;0;-1
0;1061;65.1719;25.027;60.1641;8.80062;2855.15;5.29169;0;0;0.1;0.01;0;2.81987;0;0;-1
0;1062;-54.4244;-23.7648;75.9829;9.34551;3418.99;5.61932;0;0;0.1;0.01;0;3.60338;0;0;-1
0;1063;-56.5119;-4.69886;78.7035;8.5;2572.44;5.11093;0;0;0.1;0.01;0;1.66201;1;0;-1
0;1064;-54.9483;10.684;76.2455;9.32397;3395.4;5.60637;0;0;0.1;0.01;0;3.90464;0;0;-1
0;1065;-56.4402;29.7263;75.0158;10.447;4775.99;6.28163;0;0;0.1;0.01;0;3.23443;0;0;-1
0;1066;-40.0261;-48.963;77.0296;8.5;2572.44;5.11093;0;0;0.1;0.01;0;2.24552;1;0;-1
0;1067;-42.251;-30.7955;77.7917;8.79456;2849.25;5.28804;0;0;0.1;0.01;0;4.75006;0;0;-1
0;1068;-40.3999;-15.927;75.0967;9.98709;4172.59;6.00509;0;0;0.1;0.01;0;6.5461;0;0;-1
0;1069;-40.4533;2.86847;77.9495;9.51488;3608.27;5.72116;0;0;0.1;0.01;0;5.73;0;0;-1
0;1070;-41.6329;17.7765;74.6433;8.54694;2615.29;5.13915;0;0;0.1;0.01;0;5.54898;0;0;-1
0;1071;-39.319;33.6836;76.4743;9.87209;4030.1;5.93594;0;0;0.1;0.01;0;4.14413;0;0;-1
0;1072;-24.3924;-55.1596;76.9387;9.73996;3870.44;5.8565;0;0;0.1;0.01;0;3.46897;0;0;-1
0;1073;-26.2701;-40.8456;74.9521;9.02504;3079.19;5.42663;0;0;0.1;0.01;0;5.50581;0;0;-1
0;1074;-27.47;-23.1558;76.5347;10.0637;4269.35;6.05116;0;0;0.1;0.01;0;7.01433;0;0;-1
0;1075;-27.2502;-4.52134;77.8994;9.34698;3420.6;5.6202;0;0;0.1;0.01;0;6.54962;0;0;-1
0;1076;-24.9805;12.2883;77.0427;9.04555;3100.23;5.43896;0;0;0.1;0.01;0;5.77457;0;0;-1
0;1077;-25.7875;26.53;77.3038;9.31413;3384.66;5.60045;0;0;0.1;0.01;0;5.89779;0;0;-1
0;1078;-25.3453;43.7269;77.7642;9.28589;3353.97;5.58347;0;0;0.1;0.01;0;3.80739;0;0;-1
0;1079;-10.0675;-47.8077;76.4024;8.80812;2862.45;5.29619;0;0;0.1;0.01;0;4.92372;0;0;-1
0;1080;-12.4513;-31.1431;76.4168;10.2266;4480.05;6.14911;0;0;0.1;0.01;0;7.47891;0;0;-1
0;1081;-12.8035;-16.1722;74.6197;9.40462;3484.27;5.65486;0;0;0.1;0.01;0;7.35107;0;0;-1
0;1082;-13.5654;0.32834;78.4944;10.2202;4471.64;6.14526;0;0;0.1;0.01;0;6.59445;0;0;-1
0;1083;-11.4814;20.5757;78.3222;8.95194;3004.97;5.38267;0;0;0.1;0.01;0;5.81176;0;0;-1
0;1084;-10.8866;36.5085;76.7777;10.0821;4292.81;6.06222;0;0;0.1;0.01;0;7.27666;0;0;-1
0;1085;-11.9905;51.5993;76.3129;9.93362;4105.93;5.97294;0;0;0.1;0.01;0;4.7817;0;0;-1
0;1086;3.54204;-58.8434;76.6047;10.3992;4710.73;6.25289;0;0;0.1;0.01;0;3.37048;0;0;-1
0;1087;1.37685;-42.2278;78.4801;8.5;2572.44;5.11093;0;0;0.1;0.01;0;4.97674;1;0;-1
0;1088;4.76745;-23.2418;76.3295;10.0445;4244.96;6.03961;0;0;0.1;0.01;0;6.80901;0;0;-1
0;1089;1.30139;-7.59573;78.2462;9.92445;4094.57;5.96743;0;0;0.1;0.01;0;6.2701;0;0;-1
0;1090;3.27109;11.4156;77.6383;8.90179;2954.75;5.35252;0;0;0.1;0.01;0;4.54;0;0;-1
0;1091;1.50541;27.3603;77.7809;9.65841;3774.03;5.80746;0;0;0.1;0.01;0;7.23835;0;0;-1
0;1092;2.53955;42.4966;76.4695;10.3015;4579.2;6.19414;0;0;0.1;0.01;0;6.33657;0;0;-1
0;1093;4.04693;61.3699;76.5672;9.70352;3827.16;5.83459;0;0;0.1;0.01;0;3.29145;0;0;-1
0;1094;16.4748;-49.599;74.9898;8.82222;2876.22;5.30467;0;0;0.1;0.01;0;3.51523;0;0;-1
0;1095;17.4666;-30.7344;77.8419;9.94785;4123.6;5.9815;0;0;0.1;0.01;0;6.04394;0;0;-1
0;1096;18.4975;-13.1211;74.6081;9.11763;3174.93;5.4823;0;0;0.1;0.01;0;6.14301;0;0;-1
0;1097;16.7213;3.33769;76.3011;8.78297;2838;5.28107;0;0;0.1;0.01;0;5.25109;0;0;-1
0;1098;18.4128;20.126;76.7569;8.5;2572.44;5.11093;0;0;0.1;0.01;0;5.8094;1;0;-1
0;1099;18.6045;33.9812;76.0125;10.0972;4312.13;6.0713;0;0;0.1;0.01;0;7.30703;0;0;-1
0;1100;18.5695;54.4292;76.1451;9.59276;3697.6;5.76799;0;0;0.1;0.01;0;3.60178;0;0;-1
0;1101;32.5503;-40.199;76.4269;10.1849;4425.47;6.12403;0;0;0.1;0.01;0;3.81248;0;0;-1
0;1102;31.2504;-22.9449;78.5534;10.1291;4353.13;6.09048;0;0;0.1;0.01;0;5.5837;0;0;-1
0;1103;31.1825;-5.98733;77.3426;8.5572;2624.72;5.14532;0;0;0.1;0.01;0;5.20148;0;0;-1
0;1104;32.3771;11.7418;76.1718;9.07028;3125.72;5.45383;0;0;0.1;0.01;0;4.46316;0;0;-1
0;1105;34.5164;28.4058;76.649;10.3011;4578.67;6.1939;0;0;0.1;0.01;0;5.87678;0;0;-1
0;1106;30.9565;46.4979;78.1604;10.3268;4613.03;6.20935;0;0;0.1;0.01;0;4.16916;0;0;-1
0;1107;49.0832;-30.3942;78.6658;9.26179;3327.92;5.56898;0;0;0.1;0.01;0;1.69219;0;0;-1
0;1108;45.4491;-13.8811;75.3082;8.5304;2600.14;5.12921;0;0;0.1;0.01;0;4.76421;0;0;-1
0;1109;47.444;0.399388;77.9821;8.55106;2619.08;5.14163;0;0;0.1;0.01;0;3.45419;0;0;-1
0;1110;48.3174;20.0366;74.917;9.58572;3689.46;5.76375;0;0;0.1;0.01;0;3.87277;0;0;-1
0;1111;49.0105;36.2385;77.4615;8.5;2572.44;5.11093;0;0;0.1;0.01;0;2.34231;1;0;-1
0;1112;60.4371;-6.10502;78.4474;8.5;2572.44;5.11093;0;0;0.1;0.01;0;1.59456;1;0;-1
0;1113;-36.2717;-15.7332;89.6413;9.8315;3980.59;5.91154;0;0;0.1;0.01;0;4.24609;0;0;-1
0;1114;-36.4124;1.56934;91.2377;8.5;2572.44;5.11093;0;0;0.1;0.01;0;3.92264;1;0;-1
0;1115;-38.4488;16.9525;89.8843;10.0141;4206.53;6.02133;0;0;0.1;0.01;0;3.76999;0;0;-1
0;1116;-21.1022;-24.4706;90.0499;10.4526;4783.67;6.285;0;0;0.1;0.01;0;4.94913;0;0;-1
0;1117;-23.4163;-6.36187;93.0756;10.0382;4236.98;6.03582;0;0;0.1;0.01;0;4.54046;0;0;-1
0;1118;-22.7399;11.6895;89.7675;8.5;2572.44;5.11093;0;0;0.1;0.01;0;4.56431;1;0;-1
0;1119;-21.6267;27.6353;93.3768;10.1704;4406.59;6.11531;0;0;0.1;0.01;0;3.63763;0;0;-1
0;1120;-7.47586;-31.4705;90.7954;9.99572;4183.41;6.01028;0;0;0.1;0.01;0;4.74608;0;0;-1
0;1121;-8.534;-14.0106;89.4457;9.49792;3589.01;5.71096;0;0;0.1;0.01;0;6.43355;0;0;-1
0;1122;-6.51422;1.17986;92.663;9.92513;4095.41;5.96784;0;0;0.1;0.01;0;5.3123;0;0;-1
0;1123;-5.80911;19.1285;93.3168;10.3778;4681.71;6.24002;0;0;0.1;0.01;0;5.37839;0;0;-1
0;1124;-7.61265;35.0408;92.3545;8.5;2572.44;5.11093;0;0;0.1;0.01;0;3.71222;1;0;-1
0;1125;5.42102;-38.5682;92.1415;8.64182;2703.36;5.1962;0;0;0.1;0.01;0;2.77407;0;0;-1
0;1126;6.63493;-23.368;92.1213;9.97299;4154.94;5.99661;0;0;0.1;0.01;0;4.85977;0;0;-1
0;1127;7.32679;-5.04136;91.605;9.76217;3896.98;5.86985;0;0;0.1;0.01;0;4.37105;0;0;-1
0;1128;6.66645;10.8071;91.2149;9.29955;3368.79;5.59168;0;0;0.1;0.01;0;4.12269;0;0;-1
0;1129;6.09694;28.7518;90.0555;9.47028;3557.76;5.69434;0;0;0.1;0.01;0;5.33395;0;0;-1
0;1130;23.7533;-31.9708;89.8643;8.5;2572.44;5.11093;0;0;0.1;0.01;0;2.94803;1;0;-1
0;1131;20.7063;-13.4739;89.3535;8.96289;3016.01;5.38926;0;0;0.1;0.01;0;4.82349;0;0;-1
0;1132;22.7962;0.120149;90.1668;8.56343;2630.46;5.14907;0;0;0.1;0.01;0;3.46789;0;0;-1
0;1133;20.0084;20.8214;90.9625;8.88242;2935.5;5.34087;0;0;0.1;0.01;0;3.25212;0;0;-1
0;1134;20.8891;36.7171;90.348;8.61361;2676.97;5.17924;0;0;0.1;0.01;0;2.71856;0;0;-1
0;1135;37.3246;-7.80761;89.7318;9.767;3902.76;5.87276;0;0;0.1;0.01;0;3.63699;0;0;-1
0;1136;35.4278;9.72672;91.1695;8.5238;2594.11;5.12524;0;0;0.1;0.01;0;1.96283;0;0;-1
