Time;ID;x;y;z;radius;volume_total;radius_nuclear;contact_ECM;freezer;polarized_fraction;motility;cell_line;Cell_cell;phase;Cycle;NFkB
0;0;-51.3203;-4.61249;-83.4239;8.5;2572.44;5.11093;0;0;0.1;0.01;0;2.64487;1;0;-1
0;1;-37.433;-33.3451;-84.6855;9.8791;4038.69;5.94016;0;0;0.1;0.01;0;2.6754;0;0;-1
0;2;-37.6595;-13.8254;-86.4842;8.5;2572.44;5.11093;0;0;0.1;0.01;0;2.65081;1;0;-1
0;3;-38.5122;0.468764;-85.5975;8.93259;2985.53;5.37104;0;0;0.1;0.01;0;2.49395;0;0;-1
0;4;-35.49;20.6062;-84.3374;10.0373;4235.84;6.03528;0;0;0.1;0.01;0;3.05416;0;0;-1
0;5;-21.7988;-40.6266;-87.2555;9.31441;3384.97;5.60062;0;0;0.1;0.01;0;2.80962;0;0;-1
0;6;-20.546;-22.3984;-85.9337;8.72424;2781.45;5.24576;0;0;0.1;0.01;0;4.24071;0;0;-1
0;7;-21.0275;-8.41862;-84.5084;8.68751;2746.47;5.22367;0;0;0.1;0.01;0;4.10787;0;0;-1
0;8;-20.3025;10.7172;-85.9721;8.9461;2999.09;5.37916;0;0;0.1;0.01;0;3.39481;0;0;-1
0;9;-22.2978;28.7606;-84.0038;9.1147;3171.87;5.48054;0;0;0.1;0.01;0;3.81484;0;0;-1
0;10;-8.8442;-49.3354;-83.4175;10.3831;4688.89;6.24321;0;0;0.1;0.01;0;3.60908;0;0;-1
0;11;-7.09666;-30.752;-87.1603;9.25676;3322.5;5.56596;0;0;0.1;0.01;0;4.75402;0;0;-1
0;12;-6.80486;-16.6147;-86.2529;8.92614;2979.06;5.36716;0;0;0.1;0.01;0;5.07787;0;0;-1
0;13;-6.59147;0.141126;-85.5147;10.1914;4433.94;6.12794;0;0;0.1;0.01;0;5.02097;0;0;-1
0;14;-7.5671;20.0317;-83.7621;10.1998;4444.92;6.13299;0;0;0.1;0.01;0;5.00683;0;0;-1
0;15;-7.67563;38.292;-83.9305;9.71243;3837.71;5.83994;0;0;0.1;0.01;0;3.32142;0;0;-1
0;16;7.44622;-40.8691;-85.9508;10.0896;4302.4;6.06673;0;0;0.1;0.01;0;4.84784;0;0;-1
0;17;6.40556;-24.2366;-83.4889;10.0954;4309.82;6.07022;0;0;0.1;0.01;0;6.03794;0;0;-1
0;18;8.7267;-6.02045;-85.8372;8.76963;2825.09;5.27305;0;0;0.1;0.01;0;3.89349;0;0;-1
0;19;6.478;10.932;-86.7608;8.73724;2793.9;5.25358;0;0;0.1;0.01;0;2.66647;0;0;-1
0;20;7.75876;27.7543;-87.3886;8.84193;2895.54;5.31652;0;0;0.1;0.01;0;3.18424;0;0;-1
0;21;8.87651;45.3835;-83.5777;10.2972;4573.47;6.19156;0;0;0.1;0.01;0;3.80187;0;0;-1
0;22;20.243;-49.1568;-84.4938;9.44966;3534.57;5.68194;0;0;0.1;0.01;0;3.23387;0;0;-1
0;23;23.3344;-34.0349;-86.6634;10.0918;4305.21;6.06805;0;0;0.1;0.01;0;5.12371;0;0;-1
0;24;20.6078;-15.7237;-84.9703;8.5;2572.44;5.11093;0;0;0.1;0.01;0;3.28144;1;0;-1
0;25;22.4778;3.45175;-86.8648;8.58914;2654.22;5.16453;0;0;0.1;0.01;0;3.59154;0;0;-1
0;26;23.6324;20.3895;-84.4855;8.88816;2941.2;5.34432;0;0;0.1;0.01;0;4.4767;0;0;-1
0;27;23.5472;37.7408;-84.8634;9.8457;3997.87;5.92008;0;0;0.1;0.01;0;3.6934;0;0;-1
0;28;36.3511;-40.1945;-83.6511;9.99562;4183.29;6.01022;0;0;0.1;0.01;0;3.76872;0;0;-1
0;29;35.4695;-25.5464;-86.1212;8.5;2572.44;5.11093;0;0;0.1;0.01;0;3.01531;1;0;-1
0;30;37.208;-5.59676;-85.3034;10.2046;4451.19;6.13588;0;0;0.1;0.01;0;2.52836;0;0;-1
0;31;36.559;10.8588;-83.9708;10.2277;4481.49;6.14977;0;0;0.1;0.01;0;3.93994;0;0;-1
0;32;37.588;26.9775;-83.9301;10.0868;4298.82;6.06505;0;0;0.1;0.01;0;4.35788;0;0;-1
0;33;-70.526;-14.7622;-69.3764;9.3986;3477.59;5.65124;0;0;0.1;0.01;0;2.28029;0;0;-1
0;34;-57.8112;-39.4479;-71.3405;9.97762;4160.73;5.9994;0;0;0.1;0.01;0;3.10501;0;0;-1
0;35;-56.6662;-25.1895;-72.4948;9.30194;3371.39;5.59312;0;0;0.1;0.01;0;3.99597;0;0;-1
0;36;-54.7607;-8.89732;-70.8526;8.5;2572.44;5.11093;0;0;0.1;0.01;0;4.50414;1;0;-1
0;37;-56.2942;9.85483;-69.7943;10.3383;4628.45;6.21627;0;0;0.1;0.01;0;3.5071;0;0;-1
0;38;-57.7845;28.4778;-71.5075;8.5;2572.44;5.11093;0;0;0.1;0.01;0;2.1572;1;0;-1
0;39;-54.6525;46.905;-68.5784;9.52835;3623.61;5.72926;0;0;0.1;0.01;0;3.24033;0;0;-1
0;40;-41.5464;-51.3137;-72.6781;9.08313;3139.03;5.46155;0;0;0.1;0.01;0;2.11125;0;0;-1
0;41;-41.3924;-30.4523;-70.9824;9.44447;3528.75;5.67882;0;0;0.1;0.01;0;5.73788;0;0;-1
0;42;-42.2334;-16.6247;-69.6675;10.4347;4759.14;6.27423;0;0;0.1;0.01;0;6.8568;0;0;-1
0;43;-39.4138;1.72756;-69.094;8.5;2572.44;5.11093;0;0;0.1;0.01;0;4.22221;1;0;-1
0;44;-42.3622;16.7589;-69.0598;8.5;2572.44;5.11093;0;0;0.1;0.01;0;5.51284;1;0;-1
0;45;-42.4208;34.252;-69.8642;9.48534;3574.76;5.7034;0;0;0.1;0.01;0;5.21299;0;0;-1
0;46;-41.212;53.4602;-69.4144;8.5;2572.44;5.11093;0;0;0.1;0.01;0;3.80509;1;0;-1
0;47;-26.5803;-57.1942;-70.3605;8.69547;2754.02;5.22846;0;0;0.1;0.01;0;4.02574;0;0;-1
0;48;-28.5599;-42.5893;-68.4915;10.4235;4743.83;6.2675;0;0;0.1;0.01;0;6.388;0;0;-1
0;49;-26.2501;-24.7378;-70.6828;8.78999;2844.81;5.28529;0;0;0.1;0.01;0;5.81378;0;0;-1
0;50;-24.7276;-8.811;-71.8644;8.5;2572.44;5.11093;0;0;0.1;0.01;0;4.47475;1;0;-1
0;51;-26.8775;11.1048;-69.6488;9.33999;3412.93;5.616;0;0;0.1;0.01;0;5.35017;0;0;-1
0;52;-26.003;26.9288;-69.2417;10.0291;4225.46;6.03035;0;0;0.1;0.01;0;6.56994;0;0;-1
0;53;-27.6148;43.7324;-70.6733;9.33376;3406.11;5.61225;0;0;0.1;0.01;0;4.60121;0;0;-1
0;54;-27.1637;62.1922;-69.8066;9.79464;3935.99;5.88937;0;0;0.1;0.01;0;3.73904;0;0;-1
0;55;-13.57;-63.8516;-69.0159;9.87774;4037.02;5.93934;0;0;0.1;0.01;0;4.04146;0;0;-1
0;56;-13.8222;-48.1374;-68.3392;8.5;2572.44;5.11093;0;0;0.1;0.01;0;5.72188;1;0;-1
0;57;-11.3476;-31.1862;-72.6121;8.91585;2968.77;5.36097;0;0;0.1;0.01;0;5.09966;0;0;-1
0;58;-12.7001;-15.0528;-70.9707;9.29638;3365.35;5.58978;0;0;0.1;0.01;0;6.59021;0;0;-1
0;59;-9.95265;1.96524;-71.7756;9.45092;3535.99;5.6827;0;0;0.1;0.01;0;5.80997;0;0;-1
0;60;-11.6444;16.5858;-70.1479;8.82064;2874.68;5.30372;0;0;0.1;0.01;0;5.34671;0;0;-1
0;61;-11.885;36.6288;-70.9328;9.09843;3154.92;5.47075;0;0;0.1;0.01;0;4.65249;0;0;-1
0;62;-10.7481;55.0817;-70.3574;9.75011;3882.55;5.8626;0;0;0.1;0.01;0;3.31334;0;0;-1
0;63;2.17532;-56.2455;-69.0636;9.01971;3073.73;5.42342;0;0;0.1;0.01;0;4.73852;0;0;-1
0;64;3.94274;-40.1517;-72.0496;8.76763;2823.16;5.27185;0;0;0.1;0.01;0;5.19905;0;0;-1
0;65;2.71748;-22.8974;-68.5045;10.2393;4496.76;6.15674;0;0;0.1;0.01;0;7.07093;0;0;-1
0;66;4.34068;-7.97893;-72.0171;9.90275;4067.77;5.95438;0;0;0.1;0.01;0;6.59531;0;0;-1
0;67;2.34868;10.1706;-69.215;8.5;2572.44;5.11093;0;0;0.1;0.01;0;4.96826;1;0;-1
0;68;4.4007;26.7915;-69.6945;8.5;2572.44;5.11093;0;0;0.1;0.01;0;4.49283;1;0;-1
0;69;4.43701;45.7951;-70.5425;9.40266;3482.1;5.65368;0;0;0.1;0.01;0;6.07251;0;0;-1
0;70;3.5066;63.7162;-70.1477;9.87208;4030.09;5.93594;0;0;0.1;0.01;0;3.45406;0;0;-1
0;71;16.3313;-66.2665;-69.8991;9.33398;3406.35;5.61239;0;0;0.1;0.01;0;2.89185;0;0;-1
0;72;15.9664;-47.1686;-70.9208;8.71329;2770.99;5.23917;0;0;0.1;0.01;0;4.75264;0;0;-1
0;73;19.2593;-30.2051;-70.8771;10.2304;4485.04;6.15139;0;0;0.1;0.01;0;6.89076;0;0;-1
0;74;16.4094;-14.0913;-69.2292;8.5;2572.44;5.11093;0;0;0.1;0.01;0;6.69905;1;0;-1
0;75;16.9959;1.2243;-71.3261;9.24351;3308.26;5.55799;0;0;0.1;0.01;0;5.4399;0;0;-1
0;76;16.0011;18.2048;-69.2015;8.72477;2781.96;5.24608;0;0;0.1;0.01;0;4.98822;0;0;-1
0;77;17.3104;35.4411;-70.6366;9.03495;3089.34;5.43258;0;0;0.1;0.01;0;5.48919;0;0;-1
0;78;19.457;55.0742;-70.2796;10.194;4437.34;6.1295;0;0;0.1;0.01;0;4.06526;0;0;-1
0;79;31.0798;-57.7991;-69.4681;8.5;2572.44;5.11093;0;0;0.1;0.01;0;3.3591;1;0;-1
0;80;31.7649;-38.5273;-68.4312;9.87873;4038.24;5.93994;0;0;0.1;0.01;0;6.274;0;0;-1
0;81;32.0127;-21.8254;-69.6501;8.5;2572.44;5.11093;0;0;0.1;0.01;0;4.9346;1;0;-1
0;82;33.3347;-6.3439;-68.8069;9.53103;3626.67;5.73087;0;0;0.1;0.01;0;5.57027;0;0;-1
0;83;30.5747;12.4408;-71.2993;9.73152;3860.39;5.85142;0;0;0.1;0.01;0;6.45284;0;0;-1
0;84;33.6236;28.602;-68.5229;10.0382;4236.98;6.03582;0;0;0.1;0.01;0;6.88812;0;0;-1
0;85;34.0071;43.742;-71.9733;8.5;2572.44;5.11093;0;0;0.1;0.01;0;4.23615;1;0;-1
0;86;46.3644;-51.2904;-68.9067;9.61922;3728.28;5.7839;0;0;0.1;0.01;0;2.75868;0;0;-1
0;87;45.9808;-30.484;-71.9449;9.01313;3067.01;5.41946;0;0;0.1;0.01;0;4.33374;0;0;-1
0;88;47.5558;-13.4224;-71.9974;9.9526;4129.51;5.98435;0;0;0.1;0.01;0;4.86512;0;0;-1
0;89;45.3315;1.65343;-69.0606;8.5;2572.44;5.11093;0;0;0.1;0.01;0;5.76212;1;0;-1
0;90;47.3062;17.129;-68.9516;10.3912;4699.87;6.24808;0;0;0.1;0.01;0;6.38457;0;0;-1
0;91;48.9692;36.8842;-71.951;10.2103;4458.66;6.13931;0;0;0.1;0.01;0;3.53462;0;0;-1
0;92;46.703;54.1087;-69.0034;8.5;2572.44;5.11093;0;0;0.1;0.01;0;2.53772;1;0;-1
0;93;60.0241;-25.6676;-72.0436;10.0688;4275.84;6.05422;0;0;0.1;0.01;0;2.75362;0;0;-1
0;94;62.5647;-5.60458;-71.9197;8.73835;2794.97;5.25424;0;0;0.1;0.01;0;2.33555;0;0;-1
0;95;61.3305;9.87184;-68.8397;9.81409;3959.49;5.90107;0;0;0.1;0.01;0;3.63476;0;0;-1
0;96;-80.3913;-8.31634;-55.4081;9.69228;3813.88;5.82783;0;0;0.1;0.01;0;2.96254;0;0;-1
0;97;-80.1266;12.4611;-54.3379;8.7296;2786.58;5.24898;0;0;0.1;0.01;0;2.61275;0;0;-1
0;98;-65.7565;-48.4215;-54.2756;10.1245;4347.2;6.08771;0;0;0.1;0.01;0;4.68097;0;0;-1
0;99;-67.7014;-33.8754;-55.4095;8.95215;3005.18;5.3828;0;0;0.1;0.01;0;3.30451;0;0;-1
0;100;-65.5533;-12.65;-56.3754;8.50736;2579.13;5.11535;0;0;0.1;0.01;0;3.9999;0;0;-1
0;101;-64.5963;1.73774;-53.9664;9.72048;3847.26;5.84478;0;0;0.1;0.01;0;5.33474;0;0;-1
0;102;-68.014;19.6472;-57.781;8.68328;2742.46;5.22113;0;0;0.1;0.01;0;3.53476;0;0;-1
0;103;-66.4403;35.439;-55.5464;8.5;2572.44;5.11093;0;0;0.1;0.01;0;3.4939;1;0;-1
0;104;-52.2509;-59.345;-54.8728;9.7421;3872.99;5.85778;0;0;0.1;0.01;0;4.05991;0;0;-1
0;105;-52.9144;-42.3673;-57.5514;8.54632;2614.73;5.13878;0;0;0.1;0.01;0;4.59309;0;0;-1
0;106;-51.3183;-24.6953;-57.806;8.5;2572.44;5.11093;0;0;0.1;0.01;0;4.57019;1;0;-1
0;107;-49.8614;-4.79547;-57.1186;9.83619;3986.29;5.91436;0;0;0.1;0.01;0;6.42263;0;0;-1
0;108;-51.7479;12.0407;-54.3887;9.7551;3888.52;5.8656;0;0;0.1;0.01;0;7.06163;0;0;-1
0;109;-51.0306;27.853;-57.8118;10.3779;4681.85;6.24008;0;0;0.1;0.01;0;6.92849;0;0;-1
0;110;-52.1437;44.8091;-54.012;9.75705;3890.85;5.86677;0;0;0.1;0.01;0;6.19749;0;0;-1
0;111;-50.5755;59.7288;-54.433;10.0947;4308.92;6.0698;0;0;0.1;0.01;0;5.15201;0;0;-1
0;112;-38.6631;-66.5837;-56.3492;9.78686;3926.62;5.8847;0;0;0.1;0.01;0;4.10035;0;0;-1
0;113;-38.3692;-51.045;-54.5699;9.22818;3291.83;5.54877;0;0;0.1;0.01;0;5.19156;0;0;-1
0;114;-36.5544;-31.2277;-56.2443;9.62245;3732.03;5.78584;0;0;0.1;0.01;0;6.18201;0;0;-1
0;115;-36.5249;-14.8554;-55.7934;10.2702;4537.59;6.17532;0;0;0.1;0.01;0;6.81833;0;0;-1
0;116;-37.7509;2.43963;-54.3739;8.98033;3033.65;5.39974;0;0;0.1;0.01;0;5.52424;0;0;-1
0;117;-36.0792;20.9955;-57.0203;10.2728;4541.04;6.17689;0;0;0.1;0.01;0;7.54037;0;0;-1
0;118;-35.2023;36.6487;-55.0659;8.75833;2814.18;5.26626;0;0;0.1;0.01;0;6.65446;0;0;-1
0;119;-36.9979;51.2788;-56.5112;10.0445;4244.96;6.03961;0;0;0.1;0.01;0;6.94482;0;0;-1
0;120;-35.9264;70.3121;-57.93;10.4064;4720.52;6.25722;0;0;0.1;0.01;0;4.27295;0;0;-1
0;121;-23.9315;-76.024;-57.3261;9.56038;3660.28;5.74852;0;0;0.1;0.01;0;3.14491;0;0;-1
0;122;-21.8287;-56.2176;-56.4063;9.42137;3502.92;5.66493;0;0;0.1;0.01;0;6.51207;0;0;-1
0;123;-21.0895;-40.4647;-54.8482;10.0066;4197.09;6.01682;0;0;0.1;0.01;0;6.98277;0;0;-1
0;124;-23.6222;-22.5397;-56.7427;9.91108;4078.04;5.95939;0;0;0.1;0.01;0;6.87632;0;0;-1
0;125;-21.5846;-7.15198;-56.3423;8.98657;3039.98;5.40349;0;0;0.1;0.01;0;5.63097;0;0;-1
0;126;-22.4085;8.99861;-55.985;9.44496;3529.3;5.67912;0;0;0.1;0.01;0;4.8009;0;0;-1
0;127;-21.4022;25.5958;-55.5883;8.61865;2681.68;5.18227;0;0;0.1;0.01;0;5.26585;0;0;-1
0;128;-21.7836;42.3036;-56.7046;8.5;2572.44;5.11093;0;0;0.1;0.01;0;5.12165;1;0;-1
0;129;-22.1132;63.2078;-54.4596;10.3642;4663.33;6.23184;0;0;0.1;0.01;0;7.13658;0;0;-1
0;130;-22.0267;77.9787;-57.0166;9.14647;3205.16;5.49964;0;0;0.1;0.01;0;3.52607;0;0;-1
0;131;-9.28336;-80.7851;-56.0073;8.5;2572.44;5.11093;0;0;0.1;0.01;0;2.46925;1;0;-1
0;132;-5.77034;-65.669;-55.7508;9.0412;3095.76;5.43634;0;0;0.1;0.01;0;4.74586;0;0;-1
0;133;-6.2338;-47.1154;-55.1199;9.62786;3738.33;5.78909;0;0;0.1;0.01;0;5.88256;0;0;-1
0;134;-8.7723;-29.9197;-54.6165;9.80216;3945.06;5.8939;0;0;0.1;0.01;0;5.57478;0;0;-1
0;135;-8.94448;-14.1374;-55.4245;8.61231;2675.76;5.17846;0;0;0.1;0.01;0;5.84118;0;0;-1
0;136;-7.06617;0.370001;-56.7209;8.5;2572.44;5.11093;0;0;0.1;0.01;0;5.33933;1;0;-1
0;137;-5.92379;20.9923;-55.1508;10.3787;4682.93;6.24056;0;0;0.1;0.01;0;6.33444;0;0;-1
0;138;-8.23737;36.9513;-55.4932;10.3709;4672.38;6.23587;0;0;0.1;0.01;0;6.41145;0;0;-1
0;139;-5.83004;54.9384;-55.1075;10.4463;4775.03;6.28121;0;0;0.1;0.01;0;6.18412;0;0;-1
0;140;-8.71921;70.3264;-55.1349;8.9171;2970.02;5.36172;0;0;0.1;0.01;0;3.30262;0;0;-1
0;141;8.98519;-74.3221;-56.8972;8.95921;3012.3;5.38704;0;0;0.1;0.01;0;3.46859;0;0;-1
0;142;6.86196;-58.0808;-56.2114;9.9375;4110.74;5.97527;0;0;0.1;0.01;0;6.12609;0;0;-1
0;143;7.34305;-41.7057;-54.9305;8.5;2572.44;5.11093;0;0;0.1;0.01;0;4.38052;1;0;-1
0;144;9.40298;-22.7159;-56.6045;9.348;3421.72;5.62082;0;0;0.1;0.01;0;6.49512;0;0;-1
0;145;6.03235;-8.02001;-56.8618;9.37777;3454.52;5.63872;0;0;0.1;0.01;0;6.47311;0;0;-1
0;146;5.61059;9.7228;-55.2377;8.95394;3006.98;5.38387;0;0;0.1;0.01;0;4.27973;0;0;-1
0;147;8.44329;27.752;-53.9547;10.1128;4332.14;6.08068;0;0;0.1;0.01;0;6.67642;0;0;-1
0;148;8.53556;44.9743;-55.9768;10.2821;4553.38;6.18248;0;0;0.1;0.01;0;7.63973;0;0;-1
0;149;8.83884;59.8429;-57.7127;8.76315;2818.83;5.26915;0;0;0.1;0.01;0;5.81038;0;0;-1
0;150;8.5677;79.8422;-54.3425;9.33081;3402.88;5.61048;0;0;0.1;0.01;0;2.80705;0;0;-1
0;151;22.2784;-64.262;-56.6566;9.79249;3933.4;5.88808;0;0;0.1;0.01;0;4.96814;0;0;-1
0;152;24.1786;-49.9866;-53.721;8.97699;3030.27;5.39773;0;0;0.1;0.01;0;5.40052;0;0;-1
0;153;20.2908;-32.6149;-55.2884;9.10775;3164.62;5.47636;0;0;0.1;0.01;0;5.15346;0;0;-1
0;154;20.5205;-12.7152;-57.3674;9.31056;3380.77;5.5983;0;0;0.1;0.01;0;6.01032;0;0;-1
0;155;23.6284;1.41837;-56.4411;9.29185;3360.43;5.58705;0;0;0.1;0.01;0;5.67973;0;0;-1
0;156;23.7542;20.6608;-55.7404;10.1452;4373.92;6.10016;0;0;0.1;0.01;0;6.42614;0;0;-1
0;157;22.6882;38.2413;-56.2063;10.0929;4306.62;6.06871;0;0;0.1;0.01;0;7.04239;0;0;-1
0;158;22.9267;54.3749;-53.9798;10.4336;4757.64;6.27357;0;0;0.1;0.01;0;7.09923;0;0;-1
0;159;22.056;70.5649;-57.6899;9.08793;3144.01;5.46444;0;0;0.1;0.01;0;2.47013;0;0;-1
0;160;38.5666;-56.0257;-56.4202;9.06067;3115.8;5.44805;0;0;0.1;0.01;0;4.55513;0;0;-1
0;161;34.9366;-38.361;-54.7222;8.60039;2664.67;5.17129;0;0;0.1;0.01;0;5.32485;0;0;-1
0;162;38.5237;-25.1011;-56.4538;9.04343;3098.05;5.43768;0;0;0.1;0.01;0;5.60498;0;0;-1
0;163;37.2074;-5.69056;-54.8328;8.57831;2644.2;5.15801;0;0;0.1;0.01;0;5.96698;0;0;-1
0;164;38.4587;8.33374;-55.4086;9.23354;3297.56;5.55199;0;0;0.1;0.01;0;6.96436;0;0;-1
0;165;38.8688;25.4356;-54.6047;9.85015;4003.29;5.92275;0;0;0.1;0.01;0;6.32651;0;0;-1
0;166;36.7806;46.1514;-56.6529;9.17439;3234.6;5.51643;0;0;0.1;0.01;0;5.85463;0;0;-1
0;167;36.3667;60.7311;-54.1186;8.5;2572.44;5.11093;0;0;0.1;0.01;0;4.54145;1;0;-1
0;168;52.8877;-50.9608;-56.0595;8.97539;3028.65;5.39677;0;0;0.1;0.01;0;3.28642;0;0;-1
0;169;52.0645;-31.0888;-54.1341;9.95776;4135.93;5.98746;0;0;0.1;0.01;0;5.73327;0;0;-1
0;170;52.9078;-15.0634;-54.3806;8.5;2572.44;5.11093;0;0;0.1;0.01;0;5.22978;1;0;-1
0;171;52.2503;0.0389666;-54.3872;9.99184;4178.54;6.00795;0;0;0.1;0.01;0;7.5162;0;0;-1
0;172;51.1918;18.0846;-56.0404;9.0008;3054.44;5.41205;0;0;0.1;0.01;0;6.79178;0;0;-1
0;173;52.9426;34.0731;-55.765;9.24176;3306.38;5.55694;0;0;0.1;0.01;0;5.31096;0;0;-1
0;174;52.6964;55.2594;-56.5047;10.1122;4331.37;6.08032;0;0;0.1;0.01;0;4.26913;0;0;-1
0;175;64.6164;-40.8689;-56.6763;9.03274;3087.07;5.43126;0;0;0.1;0.01;0;2.99503;0;0;-1
0;176;67.2832;-25.0858;-56.1065;9.38578;3463.38;5.64353;0;0;0.1;0.01;0;4.42167;0;0;-1
0;177;67.7724;-4.50015;-55.1323;8.5;2572.44;5.11093;0;0;0.1;0.01;0;5.13955;1;0;-1
0;178;65.8283;11.9942;-53.8108;9.54477;3642.38;5.73913;0;0;0.1;0.01;0;5.87402;0;0;-1
0;179;66.0094;26.6464;-55.2792;8.5;2572.44;5.11093;0;0;0.1;0.01;0;3.88944;1;0;-1
0;180;64.7675;46.0646;-54.319;9.81335;3958.59;5.90062;0;0;0.1;0.01;0;3.39661;0;0;-1
0;181;79.7181;-16.8502;-56.7562;10.1836;4423.77;6.12325;0;0;0.1;0.01;0;2.82767;0;0;-1
0;182;82.2216;1.1221;-54.4686;8.92226;2975.18;5.36483;0;0;0.1;0.01;0;2.8266;0;0;-1
0;183;-87.5127;-21.6648;-40.6284;9.37018;3446.14;5.63415;0;0;0.1;0.01;0;3.14616;0;0;-1
0;184;-84.1179;-8.17303;-40.1202;10.0307;4227.49;6.03131;0;0;0.1;0.01;0;5.22;0;0;-1
0;185;-86.3091;12.3508;-39.6288;9.63572;3747.5;5.79382;0;0;0.1;0.01;0;4.43903;0;0;-1
0;186;-86.6557;29.3353;-39.2299;9.84885;4001.71;5.92197;0;0;0.1;0.01;0;3.00462;0;0;-1
0;187;-70.1817;-48.0389;-39.6406;8.5;2572.44;5.11093;0;0;0.1;0.01;0;4.05741;1;0;-1
0;188;-72.1209;-33.9464;-41.5613;10.2288;4482.94;6.15043;0;0;0.1;0.01;0;5.02669;0;0;-1
0;189;-71.5958;-14.5691;-41.6294;8.5;2572.44;5.11093;0;0;0.1;0.01;0;5.38781;1;0;-1
0;190;-72.6811;3.61579;-40.9312;10.2704;4537.86;6.17544;0;0;0.1;0.01;0;7.38488;0;0;-1
0;191;-70.5092;19.0732;-42.0694;9.73679;3866.66;5.85459;0;0;0.1;0.01;0;6.24196;0;0;-1
0;192;-69.9834;37.0759;-42.9194;9.92192;4091.44;5.96591;0;0;0.1;0.01;0;5.68424;0;0;-1
0;193;-72.6589;51.3901;-41.1022;9.59208;3696.81;5.76758;0;0;0.1;0.01;0;3.09366;0;0;-1
0;194;-56.9509;-59.2019;-39.9318;10.3288;4615.71;6.21056;0;0;0.1;0.01;0;5.25108;0;0;-1
0;195;-56.7234;-39.461;-41.8734;9.50868;3601.22;5.71743;0;0;0.1;0.01;0;6.6422;0;0;-1
0;196;-54.1647;-24.6422;-40.9055;9.31218;3382.54;5.59928;0;0;0.1;0.01;0;5.42105;0;0;-1
0;197;-57.4644;-7.32839;-42.0192;10.0834;4294.47;6.063;0;0;0.1;0.01;0;6.99105;0;0;-1
0;198;-55.0619;9.53722;-39.8526;10.2811;4552.05;6.18188;0;0;0.1;0.01;0;6.71447;0;0;-1
0;199;-55.5425;25.8713;-41.5478;9.89022;4052.35;5.94685;0;0;0.1;0.01;0;6.11504;0;0;-1
0;200;-56.9726;42.6506;-40.1073;9.6706;3788.34;5.81479;0;0;0.1;0.01;0;6.52739;0;0;-1
0;201;-54.2534;60.4494;-39.5909;9.62047;3729.73;5.78465;0;0;0.1;0.01;0;5.2409;0;0;-1
0;202;-40.5176;-80.6243;-40.9828;8.5;2572.44;5.11093;0;0;0.1;0.01;0;2.97167;1;0;-1
0;203;-41.6812;-65.9005;-39.2289;9.46189;3548.32;5.6893;0;0;0.1;0.01;0;6.38213;0;0;-1
0;204;-43.0529;-47.5206;-41.7183;8.5;2572.44;5.11093;0;0;0.1;0.01;0;4.90214;1;0;-1
0;205;-42.5713;-31.6882;-42.2022;8.64528;2706.61;5.19828;0;0;0.1;0.01;0;5.09613;0;0;-1
0;206;-40.2504;-13.4517;-40.6536;9.60474;3711.47;5.77519;0;0;0.1;0.01;0;6.10467;0;0;-1
0;207;-42.0121;1.95004;-39.9918;9.25091;3316.21;5.56244;0;0;0.1;0.01;0;6.47455;0;0;-1
0;208;-41.7838;19.6614;-42.4212;8.59492;2659.59;5.168;0;0;0.1;0.01;0;5.91355;0;0;-1
0;209;-41.4538;34.4596;-41.4088;8.78789;2842.77;5.28403;0;0;0.1;0.01;0;5.64209;0;0;-1
0;210;-40.2701;53.6176;-41.2196;9.53739;3633.94;5.73469;0;0;0.1;0.01;0;7.073;0;0;-1
0;211;-40.8055;68.4808;-42.1378;10.3601;4657.8;6.22938;0;0;0.1;0.01;0;6.08142;0;0;-1
0;212;-27.6589;-72.9649;-42.8768;9.39388;3472.35;5.6484;0;0;0.1;0.01;0;6.10741;0;0;-1
0;213;-28.147;-57.7293;-40.4604;10.4418;4768.86;6.2785;0;0;0.1;0.01;0;7.09388;0;0;-1
0;214;-25.2981;-38.5043;-42.371;9.23225;3296.18;5.55122;0;0;0.1;0.01;0;5.32831;0;0;-1
0;215;-25.0119;-22.3776;-39.8163;9.9908;4177.24;6.00732;0;0;0.1;0.01;0;6.38995;0;0;-1
0;216;-24.7465;-5.18087;-40.6556;8.87426;2927.42;5.33596;0;0;0.1;0.01;0;5.61393;0;0;-1
0;217;-25.4503;9.75741;-41.0437;8.5;2572.44;5.11093;0;0;0.1;0.01;0;4.04097;1;0;-1
0;218;-28.1751;27.0162;-42.0137;9.3773;3454;5.63843;0;0;0.1;0.01;0;5.48945;0;0;-1
0;219;-27.2194;44.1214;-42.1017;9.59228;3697.04;5.7677;0;0;0.1;0.01;0;6.10496;0;0;-1
0;220;-27.5553;60.5321;-40.7616;9.41372;3494.4;5.66033;0;0;0.1;0.01;0;7.06748;0;0;-1
0;221;-25.0119;77.1739;-42.0779;9.57316;3674.98;5.7562;0;0;0.1;0.01;0;5.24544;0;0;-1
0;222;-12.9912;-83.1429;-42.1686;8.61093;2674.48;5.17763;0;0;0.1;0.01;0;4.03629;0;0;-1
0;223;-12.9512;-67.6064;-39.7412;10.0617;4266.8;6.04995;0;0;0.1;0.01;0;6.69541;0;0;-1
0;224;-12.3942;-49.377;-41.8366;9.18212;3242.78;5.52108;0;0;0.1;0.01;0;5.3189;0;0;-1
0;225;-9.78666;-33.3271;-39.8363;9.50911;3601.71;5.71769;0;0;0.1;0.01;0;6.11684;0;0;-1
0;226;-13.0685;-15.5092;-40.7644;8.69144;2750.2;5.22604;0;0;0.1;0.01;0;6.37332;0;0;-1
0;227;-11.0648;0.25696;-41.4477;8.66025;2720.7;5.20728;0;0;0.1;0.01;0;5.45293;0;0;-1
0;228;-12.537;20.0315;-39.3406;9.95302;4130.03;5.98461;0;0;0.1;0.01;0;6.16049;0;0;-1
0;229;-9.9592;34.3107;-39.7696;8.5;2572.44;5.11093;0;0;0.1;0.01;0;6.08651;1;0;-1
0;230;-11.5638;52.9655;-39.3563;10.1789;4417.65;6.12042;0;0;0.1;0.01;0;6.47097;0;0;-1
0;231;-11.0996;70.7582;-40.0374;9.43087;3513.53;5.67065;0;0;0.1;0.01;0;5.57634;0;0;-1
0;232;-9.79125;87.0982;-39.9564;8.5;2572.44;5.11093;0;0;0.1;0.01;0;2.38978;1;0;-1
0;233;2.81829;-89.544;-42.0514;9.11671;3173.97;5.48175;0;0;0.1;0.01;0;2.88052;0;0;-1
0;234;4.6772;-74.9306;-41.1579;8.55271;2620.59;5.14262;0;0;0.1;0.01;0;5.17743;0;0;-1
0;235;2.01375;-59.7566;-39.3781;9.47364;3561.55;5.69636;0;0;0.1;0.01;0;5.41867;0;0;-1
0;236;3.62983;-40.7654;-39.8016;8.5;2572.44;5.11093;0;0;0.1;0.01;0;4.85004;1;0;-1
0;237;4.6738;-25.283;-39.5155;9.5216;3615.92;5.7252;0;0;0.1;0.01;0;6.13701;0;0;-1
0;238;1.23215;-8.0773;-42.4283;10.2613;4525.8;6.16997;0;0;0.1;0.01;0;6.26692;0;0;-1
0;239;3.21498;10.4514;-41.0102;8.61838;2681.42;5.18211;0;0;0.1;0.01;0;4.37053;0;0;-1
0;240;4.07239;27.1885;-39.4745;8.90471;2957.66;5.35427;0;0;0.1;0.01;0;6.72764;0;0;-1
0;241;1.22477;43.0322;-40.2736;10.0973;4312.25;6.07136;0;0;0.1;0.01;0;7.97678;0;0;-1
0;242;1.51991;60.6251;-40.9752;8.5;2572.44;5.11093;0;0;0.1;0.01;0;5.36327;1;0;-1
0;243;3.95775;76.3816;-41.0742;9.14274;3201.24;5.4974;0;0;0.1;0.01;0;5.26518;0;0;-1
0;244;17.6733;-82.3261;-42.0989;8.5;2572.44;5.11093;0;0;0.1;0.01;0;3.29234;1;0;-1
0;245;18.2143;-65.4552;-39.2923;10.2625;4527.39;6.17069;0;0;0.1;0.01;0;5.88472;0;0;-1
0;246;17.9172;-46.4602;-40.8036;8.89095;2943.97;5.346;0;0;0.1;0.01;0;5.26832;0;0;-1
0;247;17.8391;-31.76;-41.1616;8.5;2572.44;5.11093;0;0;0.1;0.01;0;5.83781;1;0;-1
0;248;19.0981;-15.4958;-41.7735;9.48375;3572.97;5.70244;0;0;0.1;0.01;0;5.92421;0;0;-1
0;249;19.753;1.9414;-42.1586;9.10927;3166.21;5.47727;0;0;0.1;0.01;0;4.6926;0;0;-1
0;250;17.6649;17.729;-40.517;9.27102;3337.88;5.57453;0;0;0.1;0.01;0;5.59762;0;0;-1
0;251;19.0251;36.7139;-42.8405;9.9124;4079.67;5.96018;0;0;0.1;0.01;0;7.6335;0;0;-1
0;252;16.7938;52.0137;-39.6916;10.0976;4312.64;6.07154;0;0;0.1;0.01;0;7.44126;0;0;-1
0;253;18.7595;68.4668;-41.1985;10.3155;4597.9;6.20256;0;0;0.1;0.01;0;5.94164;0;0;-1
0;254;16.4146;87.4185;-41.1274;10.0767;4285.92;6.05897;0;0;0.1;0.01;0;3.14562;0;0;-1
0;255;32.9559;-75.6312;-42.5032;8.64912;2710.22;5.20059;0;0;0.1;0.01;0;2.25103;0;0;-1
0;256;30.5632;-56.4909;-40.5217;9.0958;3152.18;5.46917;0;0;0.1;0.01;0;6.28002;0;0;-1
0;257;33.7168;-41.1813;-40.4649;10.005;4195.08;6.01586;0;0;0.1;0.01;0;7.65384;0;0;-1
0;258;32.7749;-25.2885;-41.5664;10.1242;4346.81;6.08753;0;0;0.1;0.01;0;7.40548;0;0;-1
0;259;33.739;-8.04825;-42.0321;8.5;2572.44;5.11093;0;0;0.1;0.01;0;4.72522;1;0;-1
0;260;33.8434;10.0375;-42.2897;8.5;2572.44;5.11093;0;0;0.1;0.01;0;5.10163;1;0;-1
0;261;33.8457;29.5209;-39.8796;8.93213;2985.06;5.37076;0;0;0.1;0.01;0;6.03301;0;0;-1
0;262;32.9439;46.1545;-39.4213;10.038;4236.72;6.0357;0;0;0.1;0.01;0;7.76786;0;0;-1
0;263;33.92;60.0862;-39.7066;9.38769;3465.49;5.64468;0;0;0.1;0.01;0;6.20677;0;0;-1
0;264;33.5541;79.8411;-40.4312;8.95437;3007.42;5.38413;0;0;0.1;0.01;0;2.74289;0;0;-1
0;265;47.8261;-65.2747;-41.6066;8.94443;2997.41;5.37816;0;0;0.1;0.01;0;2.46624;0;0;-1
0;266;47.1395;-47.7013;-39.9524;9.52788;3623.08;5.72898;0;0;0.1;0.01;0;5.80457;0;0;-1
0;267;47.7661;-30.2372;-39.221;10.3176;4600.71;6.20382;0;0;0.1;0.01;0;7.66017;0;0;-1
0;268;46.7879;-14.9398;-42.5856;10.067;4273.55;6.05314;0;0;0.1;0.01;0;7.77942;0;0;-1
0;269;46.0825;2.87298;-42.1838;8.5;2572.44;5.11093;0;0;0.1;0.01;0;6.20086;1;0;-1
0;270;47.76;16.8696;-43.0417;10.1627;4396.59;6.11068;0;0;0.1;0.01;0;7.43859;0;0;-1
0;271;46.8469;37.9644;-41.101;9.52653;3621.54;5.72816;0;0;0.1;0.01;0;6.19088;0;0;-1
0;272;46.7018;52.1382;-42.8707;9.67637;3795.12;5.81826;0;0;0.1;0.01;0;6.60527;0;0;-1
0;273;46.8342;69.2627;-39.8955;9.92643;4097.02;5.96862;0;0;0.1;0.01;0;4.49641;0;0;-1
0;274;60.3742;-55.3624;-39.3243;9.8308;3979.74;5.91112;0;0;0.1;0.01;0;4.74643;0;0;-1
0;275;63.9948;-41.6898;-39.8299;8.94562;2998.61;5.37887;0;0;0.1;0.01;0;4.28002;0;0;-1
0;276;61.2056;-23.3568;-39.8323;8.55006;2618.16;5.14103;0;0;0.1;0.01;0;5.54382;0;0;-1
0;277;63.4159;-7.79422;-42.3275;9.67674;3795.56;5.81848;0;0;0.1;0.01;0;6.80402;0;0;-1
0;278;63.5988;8.22702;-39.471;10.0114;4203.13;6.01971;0;0;0.1;0.01;0;6.56107;0;0;-1
0;279;63.0245;26.1896;-42.2733;10.0357;4233.81;6.03432;0;0;0.1;0.01;0;6.07493;0;0;-1
0;280;61.5501;42.137;-41.1993;8.88075;2933.85;5.33987;0;0;0.1;0.01;0;5.08351;0;0;-1
0;281;61.9979;60.425;-42.4629;9.23144;3295.32;5.55073;0;0;0.1;0.01;0;3.67674;0;0;-1
0;282;74.9472;-32.4945;-43.1693;9.0112;3065.04;5.4183;0;0;0.1;0.01;0;3.21731;0;0;-1
0;283;77.7406;-14.9977;-41.125;8.62851;2690.89;5.1882;0;0;0.1;0.01;0;4.46752;0;0;-1
0;284;76.3318;-0.0858606;-41.468;10.2851;4557.37;6.18428;0;0;0.1;0.01;0;6.87686;0;0;-1
0;285;78.7381;19.7256;-42.8189;8.99017;3043.63;5.40566;0;0;0.1;0.01;0;3.33251;0;0;-1
0;286;76.5357;34.3359;-41.945;9.23964;3304.1;5.55566;0;0;0.1;0.01;0;3.5415;0;0;-1
0;287;90.5135;-4.55872;-40.5328;8.7003;2758.62;5.23136;0;0;0.1;0.01;0;2.23315;0;0;-1
0;288;-95.1312;-13.5059;-24.7014;8.77145;2826.85;5.27415;0;0;0.1;0.01;0;3.1754;0;0;-1
0;289;-95.6337;1.24971;-26.097;9.92316;4092.97;5.96665;0;0;0.1;0.01;0;3.87533;0;0;-1
0;290;-80.8667;-41.5013;-24.6592;9.90428;4069.65;5.9553;0;0;0.1;0.01;0;2.88685;0;0;-1
0;291;-81.7955;-23.4404;-27.3474;9.5595;3659.27;5.74799;0;0;0.1;0.01;0;3.86552;0;0;-1
0;292;-78.9084;-4.6562;-26.4855;10.0423;4242.17;6.03829;0;0;0.1;0.01;0;5.59213;0;0;-1
0;293;-82.5734;10.9711;-26.4507;10.1274;4350.93;6.08946;0;0;0.1;0.01;0;6.28533;0;0;-1
0;294;-82.4148;27.6807;-25.144;10.0349;4232.8;6.03384;0;0;0.1;0.01;0;5.0273;0;0;-1
0;295;-80.4005;44.5588;-28.1099;9.88358;4044.19;5.94285;0;0;0.1;0.01;0;3.28548;0;0;-1
0;296;-64.0828;-67.8768;-25.9991;8.5;2572.44;5.11093;0;0;0.1;0.01;0;2.51667;1;0;-1
0;297;-64.3788;-48.9935;-26.129;8.77835;2833.53;5.27829;0;0;0.1;0.01;0;4.35836;0;0;-1
0;298;-64.5283;-31.2625;-25.4593;9.74862;3880.77;5.8617;0;0;0.1;0.01;0;5.46772;0;0;-1
0;299;-64.4881;-12.8928;-26.9878;9.28066;3348.31;5.58033;0;0;0.1;0.01;0;5.55855;0;0;-1
0;300;-66.0785;4.44355;-26.0257;8.5;2572.44;5.11093;0;0;0.1;0.01;0;5.93972;1;0;-1
0;301;-65.4717;20.2226;-26.9321;8.59094;2655.89;5.16561;0;0;0.1;0.01;0;5.71228;0;0;-1
0;302;-64.6868;35.2193;-27.1747;10.0497;4251.56;6.04274;0;0;0.1;0.01;0;6.31015;0;0;-1
0;303;-64.5508;50.9148;-26.2286;9.27992;3347.51;5.57988;0;0;0.1;0.01;0;5.74999;0;0;-1
0;304;-66.6768;68.6709;-26.716;9.4554;3541.02;5.68539;0;0;0.1;0.01;0;2.15056;0;0;-1
0;305;-49.7095;-72.5014;-27.7964;8.99661;3050.18;5.40953;0;0;0.1;0.01;0;5.22776;0;0;-1
0;306;-49.6147;-58.1759;-26.287;9.25063;3315.91;5.56227;0;0;0.1;0.01;0;6.29477;0;0;-1
0;307;-51.5418;-39.714;-26.3449;9.3425;3415.69;5.61751;0;0;0.1;0.01;0;6.0089;0;0;-1
0;308;-52.4116;-23.1176;-27.5524;9.77632;3913.95;5.87836;0;0;0.1;0.01;0;6.55607;0;0;-1
0;309;-50.4861;-7.03556;-27.8149;9.73264;3861.72;5.8521;0;0;0.1;0.01;0;6.60945;0;0;-1
0;310;-53.0216;8.6538;-26.326;8.9409;2993.87;5.37603;0;0;0.1;0.01;0;5.4868;0;0;-1
0;311;-51.1147;26.7854;-24.4679;9.14375;3202.3;5.498;0;0;0.1;0.01;0;5.57759;0;0;-1
0;312;-49.9902;45.5114;-24.8757;9.78011;3918.5;5.88064;0;0;0.1;0.01;0;7.33651;0;0;-1
0;313;-50.6696;62.4865;-25.5815;8.75947;2815.28;5.26694;0;0;0.1;0.01;0;6.08582;0;0;-1
0;314;-51.7935;78.4821;-28.2592;8.72318;2780.44;5.24512;0;0;0.1;0.01;0;2.6538;0;0;-1
0;315;-36.4329;-82.1753;-26.5189;10.3133;4594.96;6.20124;0;0;0.1;0.01;0;6.1957;0;0;-1
0;316;-34.9849;-67.3045;-26.8052;8.88636;2939.41;5.34324;0;0;0.1;0.01;0;6.98963;0;0;-1
0;317;-38.368;-47.1079;-27.1454;10.1598;4392.83;6.10894;0;0;0.1;0.01;0;5.71264;0;0;-1
0;318;-36.0594;-30.0819;-26.0778;9.32899;3400.89;5.60939;0;0;0.1;0.01;0;6.11572;0;0;-1
0;319;-34.6314;-13.7603;-26.7971;8.77558;2830.85;5.27663;0;0;0.1;0.01;0;5.0163;0;0;-1
0;320;-36.5874;4.3167;-27.4457;8.5;2572.44;5.11093;0;0;0.1;0.01;0;4.19212;1;0;-1
0;321;-38.3586;18.5473;-27.4777;9.50184;3593.45;5.71332;0;0;0.1;0.01;0;5.45334;0;0;-1
0;322;-38.2424;34.5881;-25.1741;8.5;2572.44;5.11093;0;0;0.1;0.01;0;5.50048;1;0;-1
0;323;-37.6467;52.28;-27.8696;9.223;3286.29;5.54566;0;0;0.1;0.01;0;6.0731;0;0;-1
0;324;-38.2138;67.7275;-25.7644;8.5;2572.44;5.11093;0;0;0.1;0.01;0;4.48651;1;0;-1
0;325;-35.5383;85.8449;-24.9514;10.2803;4550.99;6.1814;0;0;0.1;0.01;0;3.74707;0;0;-1
0;326;-21.7853;-90.7787;-25.2846;10.3383;4628.45;6.21627;0;0;0.1;0.01;0;3.98807;0;0;-1
0;327;-20.5831;-73.0908;-27.0216;10.1729;4409.84;6.11682;0;0;0.1;0.01;0;8.27803;0;0;-1
0;328;-20.3469;-59.1626;-26.3073;9.74517;3876.65;5.85963;0;0;0.1;0.01;0;7.26792;0;0;-1
0;329;-22.0186;-40.5889;-26.657;8.61701;2680.15;5.18128;0;0;0.1;0.01;0;4.98759;0;0;-1
0;330;-21.3618;-21.1055;-24.9736;10.094;4308.03;6.06938;0;0;0.1;0.01;0;6.8422;0;0;-1
0;331;-19.7246;-5.4875;-28.0828;8.5;2572.44;5.11093;0;0;0.1;0.01;0;4.64938;1;0;-1
0;332;-21.3076;11.8079;-25.7742;8.5;2572.44;5.11093;0;0;0.1;0.01;0;4.00269;1;0;-1
0;333;-22.7742;28.7629;-27.7793;8.64731;2708.52;5.1995;0;0;0.1;0.01;0;5.10158;0;0;-1
0;334;-21.2662;44.7717;-27.8779;9.74786;3879.86;5.86125;0;0;0.1;0.01;0;5.84225;0;0;-1
0;335;-21.6909;62.1726;-26.6122;9.66986;3787.47;5.81435;0;0;0.1;0.01;0;6.33924;0;0;-1
0;336;-22.8406;78.7611;-27.9106;9.43208;3514.88;5.67137;0;0;0.1;0.01;0;5.63196;0;0;-1
0;337;-5.94271;-81.2661;-28.6504;9.37792;3454.68;5.63881;0;0;0.1;0.01;0;6.09394;0;0;-1
0;338;-7.91076;-66.6059;-26.3279;9.47884;3567.42;5.69949;0;0;0.1;0.01;0;6.68952;0;0;-1
0;339;-8.5666;-48.5919;-24.3775;9.13807;3196.33;5.49459;0;0;0.1;0.01;0;5.1856;0;0;-1
0;340;-8.20232;-29.6935;-25.5451;8.77274;2828.1;5.27492;0;0;0.1;0.01;0;5.56622;0;0;-1
0;341;-6.01183;-13.3299;-27.8133;9.41095;3491.31;5.65867;0;0;0.1;0.01;0;6.59633;0;0;-1
0;342;-5.49756;1.92789;-27.6447;8.53399;2603.42;5.13136;0;0;0.1;0.01;0;5.70932;0;0;-1
0;343;-6.60808;21.127;-25.6268;9.60397;3710.57;5.77473;0;0;0.1;0.01;0;6.70012;0;0;-1
0;344;-7.09275;35.4086;-27.0953;9.34522;3418.67;5.61915;0;0;0.1;0.01;0;7.48364;0;0;-1
0;345;-7.92898;51.5169;-26.0279;8.65073;2711.73;5.20156;0;0;0.1;0.01;0;5.61185;0;0;-1
0;346;-9.34176;72.1653;-24.4859;8.6207;2683.59;5.1835;0;0;0.1;0.01;0;5.03849;0;0;-1
0;347;-9.1041;88.2403;-25.6706;8.64271;2704.2;5.19674;0;0;0.1;0.01;0;3.97164;0;0;-1
0;348;9.34652;-90.4762;-25.4123;10.3115;4592.55;6.20016;0;0;0.1;0.01;0;4.27672;0;0;-1
0;349;6.59466;-75.7942;-25.319;9.7822;3921.01;5.88189;0;0;0.1;0.01;0;6.67331;0;0;-1
0;350;9.44629;-58.661;-25.7711;9.33001;3402;5.61;0;0;0.1;0.01;0;5.80778;0;0;-1
0;351;5.72526;-40.0287;-25.3982;9.62018;3729.39;5.78447;0;0;0.1;0.01;0;6.09766;0;0;-1
0;352;8.269;-25.5211;-26.5937;8.72878;2785.8;5.24849;0;0;0.1;0.01;0;5.86078;0;0;-1
0;353;9.02232;-8.76538;-27.6964;10.2426;4501.11;6.15873;0;0;0.1;0.01;0;6.79712;0;0;-1
0;354;5.51446;9.93428;-25.514;9.14542;3204.05;5.49901;0;0;0.1;0.01;0;4.58386;0;0;-1
0;355;9.43563;29.3297;-27.6612;10.081;4291.4;6.06156;0;0;0.1;0.01;0;6.86088;0;0;-1
0;356;6.25278;44.0452;-25.2409;10.3766;4680.09;6.2393;0;0;0.1;0.01;0;7.20036;0;0;-1
0;357;6.87072;63.4078;-24.6201;10.1832;4423.25;6.12301;0;0;0.1;0.01;0;6.80676;0;0;-1
0;358;5.89895;78.2862;-28.0024;9.05381;3108.73;5.44392;0;0;0.1;0.01;0;5.55696;0;0;-1
0;359;8.24118;95.6192;-26.8453;10.0208;4214.98;6.02536;0;0;0.1;0.01;0;2.99565;0;0;-1
0;360;22.5771;-82.3691;-25.2144;9.14669;3205.39;5.49977;0;0;0.1;0.01;0;4.65799;0;0;-1
0;361;23.7009;-65.8975;-25.4731;9.51617;3609.73;5.72193;0;0;0.1;0.01;0;5.43832;0;0;-1
0;362;23.2789;-47.2916;-27.4349;10.114;4333.69;6.0814;0;0;0.1;0.01;0;6.25884;0;0;-1
0;363;22.7914;-31.7597;-26.0513;9.7203;3847.05;5.84468;0;0;0.1;0.01;0;6.89765;0;0;-1
0;364;22.1273;-16.0924;-25.5872;10.0142;4206.66;6.02139;0;0;0.1;0.01;0;6.72998;0;0;-1
0;365;22.3177;1.01509;-26.8012;9.03568;3090.09;5.43302;0;0;0.1;0.01;0;5.1715;0;0;-1
0;366;23.3871;18.1887;-28.0154;9.62583;3735.97;5.78787;0;0;0.1;0.01;0;6.25368;0;0;-1
0;367;23.2484;34.9359;-27.5192;9.48752;3577.23;5.70471;0;0;0.1;0.01;0;7.41941;0;0;-1
0;368;20.5937;51.1111;-24.5176;9.78732;3927.17;5.88497;0;0;0.1;0.01;0;6.26136;0;0;-1
0;369;20.2906;69.1544;-26.9501;9.41126;3491.66;5.65885;0;0;0.1;0.01;0;5.36151;0;0;-1
0;370;23.3584;84.574;-24.8061;9.48309;3572.22;5.70204;0;0;0.1;0.01;0;4.89936;0;0;-1
0;371;38.0641;-75.9931;-27.0996;9.08221;3138.07;5.461;0;0;0.1;0.01;0;3.94188;0;0;-1
0;372;35.2265;-56.9178;-27.0388;8.68961;2748.46;5.22494;0;0;0.1;0.01;0;5.60656;0;0;-1
0;373;37.5339;-39.9439;-26.8269;9.92192;4091.44;5.96591;0;0;0.1;0.01;0;7.96771;0;0;-1
0;374;37.692;-23.1669;-27.6877;9.98008;4163.81;6.00088;0;0;0.1;0.01;0;7.59047;0;0;-1
0;375;37.4536;-7.21167;-24.8362;9.68117;3800.77;5.82115;0;0;0.1;0.01;0;6.57002;0;0;-1
0;376;35.131;8.91386;-26.788;8.8148;2868.97;5.30021;0;0;0.1;0.01;0;5.30865;0;0;-1
0;377;37.2267;25.3893;-24.7098;9.96675;4147.15;5.99286;0;0;0.1;0.01;0;6.87919;0;0;-1
0;378;37.0122;42.1389;-27.0994;9.84583;3998.03;5.92015;0;0;0.1;0.01;0;6.5794;0;0;-1
0;379;38.4488;63.6785;-24.906;8.5;2572.44;5.11093;0;0;0.1;0.01;0;4.58557;1;0;-1
0;380;36.7494;78.8118;-24.8773;8.5;2572.44;5.11093;0;0;0.1;0.01;0;4.35124;1;0;-1
0;381;50.4404;-66.6503;-24.7874;10.2137;4463.11;6.14135;0;0;0.1;0.01;0;5.57015;0;0;-1
0;382;49.9662;-50.7724;-25.287;10.1728;4409.71;6.11676;0;0;0.1;0.01;0;6.8527;0;0;-1
0;383;50.0733;-33.4194;-25.0307;8.55599;2623.61;5.14459;0;0;0.1;0.01;0;5.20368;0;0;-1
0;384;52.7154;-15.5606;-26.8619;9.21838;3281.35;5.54288;0;0;0.1;0.01;0;6.25923;0;0;-1
0;385;51.8222;1.73552;-28.3344;10.0155;4208.3;6.02217;0;0;0.1;0.01;0;7.16923;0;0;-1
0;386;50.1091;17.7968;-28.515;9.04577;3100.45;5.43909;0;0;0.1;0.01;0;6.16721;0;0;-1
0;387;50.3091;34.8908;-25.0718;9.38364;3461.01;5.64225;0;0;0.1;0.01;0;5.57804;0;0;-1
0;388;52.9811;54.7659;-24.6952;8.65695;2717.59;5.2053;0;0;0.1;0.01;0;4.39669;0;0;-1
0;389;52.2012;72.6206;-26.9416;9.78828;3928.33;5.88555;0;0;0.1;0.01;0;4.37863;0;0;-1
0;390;66.3578;-59.2034;-27.6316;8.99162;3045.11;5.40653;0;0;0.1;0.01;0;4.13275;0;0;-1
0;391;66.6333;-42.2244;-25.0422;8.84857;2902.07;5.32052;0;0;0.1;0.01;0;5.48393;0;0;-1
0;392;67.4861;-23.2454;-24.8732;10.3678;4668.19;6.23401;0;0;0.1;0.01;0;6.53767;0;0;-1
0;393;65.5572;-5.59879;-26.9266;8.9529;3005.94;5.38325;0;0;0.1;0.01;0;6.84012;0;0;-1
0;394;66.5832;9.45494;-25.0963;9.2484;3313.51;5.56093;0;0;0.1;0.01;0;5.82201;0;0;-1
0;395;64.8722;25.4075;-25.6007;9.8348;3984.6;5.91352;0;0;0.1;0.01;0;4.81021;0;0;-1
0;396;66.3813;46.5036;-25.9054;10.0347;4232.55;6.03372;0;0;0.1;0.01;0;5.81681;0;0;-1
0;397;65.0708;62.2772;-27.5181;10.0508;4252.95;6.0434;0;0;0.1;0.01;0;4.96889;0;0;-1
0;398;79.4167;-51.2663;-25.8198;10.1042;4321.1;6.07551;0;0;0.1;0.01;0;2.1783;0;0;-1
0;399;81.8805;-34.2048;-24.8271;10.2512;4512.45;6.1639;0;0;0.1;0.01;0;3.41463;0;0;-1
0;400;80.7481;-16.8122;-25.3498;8.88357;2936.64;5.34156;0;0;0.1;0.01;0;4.46779;0;0;-1
0;401;79.7993;-0.229584;-26.2368;9.30496;3374.68;5.59494;0;0;0.1;0.01;0;4.87196;0;0;-1
0;402;83.2181;17.7933;-25.2724;9.79833;3940.44;5.89159;0;0;0.1;0.01;0;4.14627;0;0;-1
0;403;79.0957;33.7609;-27.9891;8.5;2572.44;5.11093;0;0;0.1;0.01;0;3.36681;1;0;-1
0;404;79.3703;54.6251;-26.5431;10.3516;4646.34;6.22427;0;0;0.1;0.01;0;2.70736;0;0;-1
0;405;-98.4432;0.96147;-11.8054;10.2755;4544.62;6.17851;0;0;0.1;0.01;0;3.70467;0;0;-1
0;406;-84.2838;-42.0847;-11.2486;9.08598;3141.98;5.46327;0;0;0.1;0.01;0;3.46781;0;0;-1
0;407;-84.3755;-23.5365;-10.3075;10.4098;4725.15;6.25926;0;0;0.1;0.01;0;5.7034;0;0;-1
0;408;-85.2167;-7.1374;-12.4881;8.91246;2965.39;5.35893;0;0;0.1;0.01;0;5.26925;0;0;-1
0;409;-83.3489;11.6451;-11.935;10.149;4378.83;6.10245;0;0;0.1;0.01;0;5.92198;0;0;-1
0;410;-84.8115;29.1405;-12.4326;8.5;2572.44;5.11093;0;0;0.1;0.01;0;4.13008;1;0;-1
0;411;-84.0309;42.4962;-11.3157;9.39125;3469.44;5.64682;0;0;0.1;0.01;0;4.12852;0;0;-1
0;412;-70.8086;-68.4394;-10.066;8.78734;2842.24;5.2837;0;0;0.1;0.01;0;2.13616;0;0;-1
0;413;-69.2297;-49.2676;-11.9953;9.51949;3613.51;5.72393;0;0;0.1;0.01;0;4.76753;0;0;-1
0;414;-69.8912;-32.559;-10.1394;9.37135;3447.43;5.63486;0;0;0.1;0.01;0;6.79544;0;0;-1
0;415;-72.1626;-15.7356;-11.6935;9.40543;3485.17;5.65535;0;0;0.1;0.01;0;6.58732;0;0;-1
0;416;-70.7957;3.1727;-10.3097;8.76929;2824.76;5.27285;0;0;0.1;0.01;0;6.07274;0;0;-1
0;417;-68.3499;17.3746;-12.9512;8.58719;2652.42;5.16335;0;0;0.1;0.01;0;4.93157;0;0;-1
0;418;-69.4924;36.4728;-11.9862;9.59908;3704.91;5.77179;0;0;0.1;0.01;0;6.34095;0;0;-1
0;419;-71.9201;53.7811;-13.0235;8.9755;3028.76;5.39684;0;0;0.1;0.01;0;4.41745;0;0;-1
0;420;-54.2877;-75.1303;-9.71848;8.85847;2911.82;5.32647;0;0;0.1;0.01;0;3.81417;0;0;-1
0;421;-56.6164;-58.2379;-12.3472;9.39962;3478.72;5.65186;0;0;0.1;0.01;0;5.38621;0;0;-1
0;422;-57.3263;-39.203;-10.3207;8.57706;2643.04;5.15726;0;0;0.1;0.01;0;5.5651;0;0;-1
0;423;-57.3128;-23.9557;-11.8644;8.5;2572.44;5.11093;0;0;0.1;0.01;0;5.49258;1;0;-1
0;424;-55.2367;-7.21865;-11.808;9.00601;3059.75;5.41518;0;0;0.1;0.01;0;5.50107;0;0;-1
0;425;-54.3069;8.60025;-12.5417;10.0595;4264.01;6.04863;0;0;0.1;0.01;0;5.98843;0;0;-1
0;426;-57.3385;29.7694;-12.8192;8.5;2572.44;5.11093;0;0;0.1;0.01;0;5.63794;1;0;-1
0;427;-55.1135;44.7207;-11.8285;9.28257;3350.37;5.58147;0;0;0.1;0.01;0;6.85613;0;0;-1
0;428;-57.9517;60.0328;-10.6827;9.74725;3879.14;5.86088;0;0;0.1;0.01;0;5.44872;0;0;-1
0;429;-42.7907;-83.6452;-13.2568;10.0889;4301.5;6.06631;0;0;0.1;0.01;0;4.25637;0;0;-1
0;430;-39.3566;-64.6254;-11.5695;9.79525;3936.73;5.88974;0;0;0.1;0.01;0;5.60948;0;0;-1
0;431;-41.0544;-49.3548;-10.6956;8.52157;2592.07;5.1239;0;0;0.1;0.01;0;5.07907;0;0;-1
0;432;-41.2246;-32.6047;-12.3621;9.80366;3946.87;5.8948;0;0;0.1;0.01;0;6.13938;0;0;-1
0;433;-42.0818;-14.3482;-13.5207;10.014;4206.41;6.02127;0;0;0.1;0.01;0;6.08378;0;0;-1
0;434;-40.9232;3.07232;-10.7858;9.48602;3575.53;5.70381;0;0;0.1;0.01;0;5.76837;0;0;-1
0;435;-39.4042;20.0856;-11.2054;10.0097;4200.99;6.01869;0;0;0.1;0.01;0;6.27689;0;0;-1
0;436;-42.1286;36.906;-13.1648;9.33057;3402.62;5.61034;0;0;0.1;0.01;0;7.19884;0;0;-1
0;437;-42.654;52.2155;-12.6286;8.5;2572.44;5.11093;0;0;0.1;0.01;0;5.05219;1;0;-1
0;438;-43.0058;70.6859;-12.5579;8.74544;2801.78;5.25851;0;0;0.1;0.01;0;4.72287;0;0;-1
0;439;-43.252;85.1303;-13.3364;8.5;2572.44;5.11093;0;0;0.1;0.01;0;3.42531;1;0;-1
0;440;-27.9036;-93.1814;-13.0864;9.62079;3730.1;5.78484;0;0;0.1;0.01;0;4.31819;0;0;-1
0;441;-28.1474;-76.8701;-13.0068;10.1441;4372.49;6.0995;0;0;0.1;0.01;0;7.05453;0;0;-1
0;442;-24.6925;-56.5733;-12.2846;10.3899;4698.1;6.2473;0;0;0.1;0.01;0;7.30744;0;0;-1
0;443;-27.3667;-41.7558;-10.1915;10.4383;4764.07;6.2764;0;0;0.1;0.01;0;7.63174;0;0;-1
0;444;-26.6294;-22.2869;-11.8634;10.2193;4470.46;6.14472;0;0;0.1;0.01;0;6.64879;0;0;-1
0;445;-24.9529;-7.31086;-10.3191;8.54228;2611.02;5.13635;0;0;0.1;0.01;0;4.69849;0;0;-1
0;446;-25.1403;9.14771;-10.2555;9.43114;3513.83;5.67081;0;0;0.1;0.01;0;5.17433;0;0;-1
0;447;-27.4315;28.467;-10.5821;10.2555;4518.13;6.16648;0;0;0.1;0.01;0;6.15032;0;0;-1
0;448;-28.3073;42.9607;-10.7786;9.06343;3118.65;5.44971;0;0;0.1;0.01;0;5.62614;0;0;-1
0;449;-24.444;59.0723;-12.848;8.80537;2859.77;5.29454;0;0;0.1;0.01;0;4.53547;0;0;-1
0;450;-24.7734;77.6995;-12.2479;9.85517;4009.41;5.92577;0;0;0.1;0.01;0;6.45303;0;0;-1
0;451;-24.8589;94.6714;-14.0158;10.1999;4445.05;6.13305;0;0;0.1;0.01;0;3.54539;0;0;-1
0;452;-13.5513;-83.3058;-11.0901;8.5;2572.44;5.11093;0;0;0.1;0.01;0;4.45275;1;0;-1
0;453;-12.7696;-65.4509;-13.2574;8.5;2572.44;5.11093;0;0;0.1;0.01;0;5.52602;1;0;-1
0;454;-12.6918;-48.4411;-9.71029;9.49539;3586.14;5.70944;0;0;0.1;0.01;0;6.60738;0;0;-1
0;455;-11.4451;-32.3664;-11.7616;10.4018;4714.27;6.25445;0;0;0.1;0.01;0;7.25772;0;0;-1
0;456;-10.3951;-14.2702;-10.7227;8.5;2572.44;5.11093;0;0;0.1;0.01;0;6.0602;1;0;-1
0;457;-10.7173;0.965599;-11.6036;10.2021;4447.92;6.13437;0;0;0.1;0.01;0;7.15949;0;0;-1
0;458;-10.7315;16.97;-11.6233;9.08701;3143.05;5.46389;0;0;0.1;0.01;0;5.76919;0;0;-1
0;459;-11.593;34.2442;-12.5407;8.56015;2627.44;5.14709;0;0;0.1;0.01;0;4.61976;0;0;-1
0;460;-10.3515;50.9664;-10.609;8.54843;2616.66;5.14005;0;0;0.1;0.01;0;5.22027;0;0;-1
0;461;-10.5256;67.4147;-11.6308;9.0735;3129.05;5.45576;0;0;0.1;0.01;0;5.91093;0;0;-1
0;462;-11.6986;87.2571;-12.4361;8.5;2572.44;5.11093;0;0;0.1;0.01;0;4.79486;1;0;-1
0;463;4.39408;-91.5512;-10.5829;8.69412;2752.74;5.22765;0;0;0.1;0.01;0;3.76538;0;0;-1
0;464;1.54524;-75.9969;-12.1286;8.5;2572.44;5.11093;0;0;0.1;0.01;0;5.48984;1;0;-1
0;465;1.34555;-59.4758;-12.8563;8.86284;2916.13;5.3291;0;0;0.1;0.01;0;6.06233;0;0;-1
0;466;1.68107;-41.2625;-12.6196;9.63019;3741.05;5.79049;0;0;0.1;0.01;0;6.53683;0;0;-1
0;467;1.26642;-21.5707;-10.4669;9.21799;3280.93;5.54264;0;0;0.1;0.01;0;6.60833;0;0;-1
0;468;1.59392;-7.4448;-12.1263;8.63646;2698.34;5.19298;0;0;0.1;0.01;0;6.12616;0;0;-1
0;469;3.27941;8.17267;-12.2812;10.1133;4332.79;6.08098;0;0;0.1;0.01;0;6.2115;0;0;-1
0;470;3.18991;25.1297;-13.5548;9.05314;3108.04;5.44352;0;0;0.1;0.01;0;4.72342;0;0;-1
0;471;1.98789;43.7618;-10.494;9.3009;3370.26;5.5925;0;0;0.1;0.01;0;5.57778;0;0;-1
0;472;2.3337;59.5204;-10.7509;9.45512;3540.71;5.68523;0;0;0.1;0.01;0;6.58748;0;0;-1
0;473;2.70665;76.7496;-10.3936;8.91847;2971.39;5.36255;0;0;0.1;0.01;0;6.03287;0;0;-1
0;474;3.09538;94.0411;-11.4637;10.2647;4530.3;6.17202;0;0;0.1;0.01;0;4.45943;0;0;-1
0;475;18.8193;-85.1767;-10.5409;9.35595;3430.46;5.6256;0;0;0.1;0.01;0;5.79961;0;0;-1
0;476;16.0702;-68.1895;-10.5162;9.47166;3559.32;5.69517;0;0;0.1;0.01;0;6.3536;0;0;-1
0;477;15.9647;-51.4698;-9.87236;9.86583;4022.44;5.93218;0;0;0.1;0.01;0;5.77763;0;0;-1
0;478;15.5248;-33.3907;-10.5233;9.65096;3765.3;5.80298;0;0;0.1;0.01;0;5.74304;0;0;-1
0;479;16.0357;-16.2961;-11.4676;8.57311;2639.39;5.15489;0;0;0.1;0.01;0;5.90739;0;0;-1
0;480;16.4192;1.12024;-11.4599;9.38448;3461.94;5.64275;0;0;0.1;0.01;0;5.57829;0;0;-1
0;481;19.4893;20.9011;-10.8768;9.88972;4051.73;5.94655;0;0;0.1;0.01;0;6.04948;0;0;-1
0;482;19.6233;38.1936;-13.1706;8.5;2572.44;5.11093;0;0;0.1;0.01;0;5.08512;1;0;-1
0;483;18.1852;54.535;-11.4699;8.5;2572.44;5.11093;0;0;0.1;0.01;0;4.93063;1;0;-1
0;484;17.3076;71.4367;-10.3192;10.3965;4707.06;6.25126;0;0;0.1;0.01;0;7.111;0;0;-1
0;485;15.699;84.9762;-12.5745;8.5;2572.44;5.11093;0;0;0.1;0.01;0;5.45103;1;0;-1
0;486;31.9468;-93.7265;-12.0426;8.83098;2884.8;5.30994;0;0;0.1;0.01;0;1.85755;0;0;-1
0;487;33.3591;-76.6484;-12.327;9.41174;3492.19;5.65914;0;0;0.1;0.01;0;5.65368;0;0;-1
0;488;32.8908;-55.3966;-10.3514;9.45135;3536.47;5.68296;0;0;0.1;0.01;0;4.99166;0;0;-1
0;489;34.1702;-38.8911;-10.1223;9.62386;3733.67;5.78669;0;0;0.1;0.01;0;6.14287;0;0;-1
0;490;31.2315;-21.3583;-12.2782;9.89423;4057.28;5.94926;0;0;0.1;0.01;0;7.10768;0;0;-1
0;491;33.1388;-6.33618;-10.7767;8.88235;2935.43;5.34083;0;0;0.1;0.01;0;5.56149;0;0;-1
0;492;33.5021;11.7964;-12.9138;10.3784;4682.52;6.24038;0;0;0.1;0.01;0;7.01875;0;0;-1
0;493;31.4719;29.0513;-10.8315;9.24443;3309.25;5.55854;0;0;0.1;0.01;0;6.8217;0;0;-1
0;494;33.536;46.2598;-13.2514;9.56238;3662.58;5.74972;0;0;0.1;0.01;0;5.9888;0;0;-1
0;495;32.7904;63.489;-10.3718;8.6173;2680.42;5.18146;0;0;0.1;0.01;0;5.98437;0;0;-1
0;496;32.2655;79.3792;-10.1243;10.0567;4260.45;6.04695;0;0;0.1;0.01;0;6.38715;0;0;-1
0;497;45.9666;-82.9375;-10.7926;8.5;2572.44;5.11093;0;0;0.1;0.01;0;4.155;1;0;-1
0;498;48.133;-67.887;-11.4539;9.53328;3629.24;5.73222;0;0;0.1;0.01;0;6.01251;0;0;-1
0;499;47.6999;-47.7312;-11.9661;9.34097;3414.01;5.61659;0;0;0.1;0.01;0;6.11583;0;0;-1
0;500;48.615;-31.7071;-12.5286;9.05733;3112.36;5.44604;0;0;0.1;0.01;0;5.54116;0;0;-1
0;501;45.5554;-14.7396;-10.9507;9.15165;3210.6;5.50275;0;0;0.1;0.01;0;6.26723;0;0;-1
0;502;46.5931;0.437803;-11.0235;10.1585;4391.14;6.10816;0;0;0.1;0.01;0;7.44492;0;0;-1
0;503;47.7358;18.1181;-13.4383;10.1742;4411.53;6.1176;0;0;0.1;0.01;0;7.747;0;0;-1
0;504;47.8975;34.6486;-10.543;9.51622;3609.79;5.72196;0;0;0.1;0.01;0;6.42867;0;0;-1
0;505;45.9429;55.192;-12.4983;8.5;2572.44;5.11093;0;0;0.1;0.01;0;5.01798;1;0;-1
0;506;46.2882;68.4932;-10.0122;9.24156;3306.16;5.55682;0;0;0.1;0.01;0;6.16953;0;0;-1
0;507;47.6983;85.6424;-13.1007;8.6403;2701.94;5.19529;0;0;0.1;0.01;0;2.33829;0;0;-1
0;508;61.0957;-74.2491;-11.2902;10.3036;4582.01;6.19541;0;0;0.1;0.01;0;3.19794;0;0;-1
0;509;60.3078;-56.0655;-13.2977;9.61516;3723.56;5.78146;0;0;0.1;0.01;0;6.39429;0;0;-1
0;510;61.4415;-42.1466;-11.6193;9.39919;3478.24;5.6516;0;0;0.1;0.01;0;6.41325;0;0;-1
0;511;62.579;-25.7789;-11.8612;9.28468;3352.66;5.58274;0;0;0.1;0.01;0;5.84264;0;0;-1
0;512;62.7423;-7.65298;-11.5047;9.83406;3983.7;5.91308;0;0;0.1;0.01;0;6.46693;0;0;-1
0;513;60.7355;9.373;-12.8103;10.2245;4477.29;6.14784;0;0;0.1;0.01;0;6.65697;0;0;-1
0;514;61.9705;28.7525;-10.219;9.92591;4096.37;5.96831;0;0;0.1;0.01;0;6.30902;0;0;-1
0;515;62.674;45.9869;-11.1302;9.50542;3597.51;5.71547;0;0;0.1;0.01;0;5.70339;0;0;-1
0;516;63.2332;63.5903;-10.8024;10.0981;4313.28;6.07184;0;0;0.1;0.01;0;5.33248;0;0;-1
0;517;61.0473;77.9244;-13.7896;8.90529;2958.24;5.35462;0;0;0.1;0.01;0;2.7724;0;0;-1
0;518;77.6021;-47.5312;-10.8068;8.5;2572.44;5.11093;0;0;0.1;0.01;0;3.892;1;0;-1
0;519;77.3313;-30.0328;-11.2414;8.60685;2670.68;5.17517;0;0;0.1;0.01;0;5.62926;0;0;-1
0;520;75.2987;-14.4393;-10.8522;10.4528;4783.95;6.28512;0;0;0.1;0.01;0;7.80072;0;0;-1
0;521;74.9426;1.12307;-10.9965;8.5;2572.44;5.11093;0;0;0.1;0.01;0;6.16502;1;0;-1
0;522;76.6108;18.0069;-13.3365;8.69993;2758.26;5.23114;0;0;0.1;0.01;0;5.7491;0;0;-1
0;523;75.0667;34.8528;-12.7099;8.5;2572.44;5.11093;0;0;0.1;0.01;0;5.25381;1;0;-1
0;524;75.344;51.4814;-10.2299;9.24246;3307.13;5.55736;0;0;0.1;0.01;0;5.72019;0;0;-1
0;525;89.5866;-22.1724;-11.9578;8.5;2572.44;5.11093;0;0;0.1;0.01;0;3.78919;1;0;-1
0;526;90.069;-4.25054;-10.1456;9.67018;3787.85;5.81454;0;0;0.1;0.01;0;4.12069;0;0;-1
0;527;89.5579;12.0101;-11.0258;8.94815;3001.15;5.38039;0;0;0.1;0.01;0;4.80357;0;0;-1
0;528;89.4288;27.0291;-11.2007;8.57982;2645.59;5.15892;0;0;0.1;0.01;0;4.51354;0;0;-1
0;529;89.2374;43.5675;-9.84388;10.0381;4236.85;6.03576;0;0;0.1;0.01;0;3.2933;0;0;-1
0;530;-93.9361;-16.5757;2.396;9.45997;3546.16;5.68814;0;0;0.1;0.01;0;3.17099;0;0;-1
0;531;-95.6842;2.72754;3.43293;9.65336;3768.11;5.80443;0;0;0.1;0.01;0;3.78432;0;0;-1
0;532;-95.9088;18.6863;2.1647;10.2032;4449.36;6.13504;0;0;0.1;0.01;0;3.23892;0;0;-1
0;533;-79.6762;-55.9246;3.03863;8.5;2572.44;5.11093;0;0;0.1;0.01;0;2.64004;1;0;-1
0;534;-82.626;-41.5227;4.68136;9.80047;3943.02;5.89288;0;0;0.1;0.01;0;4.17516;0;0;-1
0;535;-80.5977;-23.2251;2.97227;9.80139;3944.13;5.89343;0;0;0.1;0.01;0;6.45388;0;0;-1
0;536;-79.8663;-6.13641;3.72339;9.46528;3552.13;5.69134;0;0;0.1;0.01;0;5.92478;0;0;-1
0;537;-81.7952;10.3551;2.71403;8.90491;2957.86;5.35439;0;0;0.1;0.01;0;4.7083;0;0;-1
0;538;-80.603;25.4944;1.20598;8.5;2572.44;5.11093;0;0;0.1;0.01;0;3.69556;1;0;-1
0;539;-82.6819;44.0743;2.76696;10.2457;4505.19;6.16059;0;0;0.1;0.01;0;4.42258;0;0;-1
0;540;-78.9023;61.1274;3.37098;9.4202;3501.62;5.66423;0;0;0.1;0.01;0;2.56009;0;0;-1
0;541;-63.8846;-65.5026;1.67653;8.86781;2921.04;5.33209;0;0;0.1;0.01;0;4.00881;0;0;-1
0;542;-64.277;-47.2871;4.40176;10.2617;4526.33;6.17021;0;0;0.1;0.01;0;6.23439;0;0;-1
0;543;-68.3943;-33.0478;3.5577;8.92266;2975.58;5.36507;0;0;0.1;0.01;0;5.75721;0;0;-1
0;544;-67.7967;-14.8205;1.72151;10.4365;4761.6;6.27532;0;0;0.1;0.01;0;6.92658;0;0;-1
0;545;-67.1937;0.401018;3.73659;10.3306;4618.12;6.21164;0;0;0.1;0.01;0;6.93394;0;0;-1
0;546;-64.7309;17.1304;3.36867;10.4477;4776.95;6.28205;0;0;0.1;0.01;0;6.02014;0;0;-1
0;547;-65.1824;36.5231;3.09583;10.4249;4745.74;6.26834;0;0;0.1;0.01;0;6.60209;0;0;-1
0;548;-65.5681;52.0329;3.22662;9.47993;3568.65;5.70014;0;0;0.1;0.01;0;5.47916;0;0;-1
0;549;-64.9405;70.4129;3.16601;8.5;2572.44;5.11093;0;0;0.1;0.01;0;2.34971;1;0;-1
0;550;-49.9085;-75.335;3.23803;8.5823;2647.89;5.16041;0;0;0.1;0.01;0;5.00721;0;0;-1
0;551;-50.3431;-59.3879;4.20949;8.71413;2771.79;5.23968;0;0;0.1;0.01;0;5.50771;0;0;-1
0;552;-50.9534;-42.3301;3.33973;8.72965;2786.63;5.24901;0;0;0.1;0.01;0;5.46261;0;0;-1
0;553;-52.1097;-24.4738;3.65227;8.58632;2651.61;5.16283;0;0;0.1;0.01;0;4.18604;0;0;-1
0;554;-49.6385;-5.38006;2.15034;8.5;2572.44;5.11093;0;0;0.1;0.01;0;4.3556;1;0;-1
0;555;-52.3028;10.0584;3.75365;8.5;2572.44;5.11093;0;0;0.1;0.01;0;4.98748;1;0;-1
0;556;-52.7537;25.839;2.70118;8.5;2572.44;5.11093;0;0;0.1;0.01;0;5.4847;1;0;-1
0;557;-50.2685;42.9899;5.11435;9.8444;3996.28;5.91929;0;0;0.1;0.01;0;5.97381;0;0;-1
0;558;-50.751;63.4582;1.83364;9.04923;3104.01;5.44117;0;0;0.1;0.01;0;5.21373;0;0;-1
0;559;-51.4537;78.1196;1.28793;9.76208;3896.87;5.8698;0;0;0.1;0.01;0;4.43691;0;0;-1
0;560;-34.9771;-84.015;3.4431;9.36644;3442.01;5.6319;0;0;0.1;0.01;0;5.15483;0;0;-1
0;561;-38.5001;-67.3837;3.24416;9.15764;3216.91;5.50636;0;0;0.1;0.01;0;5.35568;0;0;-1
0;562;-36.703;-50.3937;4.12379;8.5;2572.44;5.11093;0;0;0.1;0.01;0;5.1726;1;0;-1
0;563;-35.8319;-32.6248;2.68054;9.95707;4135.07;5.98704;0;0;0.1;0.01;0;6.05411;0;0;-1
0;564;-38.0807;-14.0896;3.1538;8.97516;3028.41;5.39663;0;0;0.1;0.01;0;4.98319;0;0;-1
0;565;-36.6306;3.18164;4.03658;8.90095;2953.91;5.35201;0;0;0.1;0.01;0;5.85579;0;0;-1
0;566;-38.1394;19.9734;2.92087;10.1518;4382.46;6.10413;0;0;0.1;0.01;0;6.86744;0;0;-1
0;567;-38.1965;36.3082;1.03133;8.89588;2948.87;5.34896;0;0;0.1;0.01;0;5.93291;0;0;-1
0;568;-35.4179;50.8423;2.86129;9.82839;3976.82;5.90967;0;0;0.1;0.01;0;5.01564;0;0;-1
0;569;-35.7476;71.7391;1.34115;10.4423;4769.55;6.2788;0;0;0.1;0.01;0;6.28672;0;0;-1
0;570;-35.3309;87.888;3.29311;9.58234;3685.56;5.76172;0;0;0.1;0.01;0;5.14485;0;0;-1
0;571;-20.7818;-93.6561;1.60144;9.51832;3612.18;5.72323;0;0;0.1;0.01;0;4.31157;0;0;-1
0;572;-20.5619;-76.6081;4.59969;8.53528;2604.61;5.13214;0;0;0.1;0.01;0;5.26525;0;0;-1
0;573;-23.6217;-57.6381;1.5402;9.2155;3278.27;5.54115;0;0;0.1;0.01;0;6.00458;0;0;-1
0;574;-23.2217;-40.3584;2.14309;9.25268;3318.11;5.5635;0;0;0.1;0.01;0;6.41795;0;0;-1
0;575;-21.1673;-23.078;3.57195;8.5;2572.44;5.11093;0;0;0.1;0.01;0;5.39853;1;0;-1
0;576;-20.5795;-5.19451;3.34117;8.55675;2624.31;5.14505;0;0;0.1;0.01;0;6.16065;0;0;-1
0;577;-20.1917;9.99351;4.07003;10.1133;4332.79;6.08098;0;0;0.1;0.01;0;6.89964;0;0;-1
0;578;-23.942;27.5243;1.89049;8.5874;2652.61;5.16348;0;0;0.1;0.01;0;3.99232;0;0;-1
0;579;-19.9336;46.9987;1.82774;9.19996;3261.72;5.5318;0;0;0.1;0.01;0;4.54571;0;0;-1
0;580;-22.0301;63.326;2.1667;9.89483;4058.01;5.94962;0;0;0.1;0.01;0;6.65907;0;0;-1
0;581;-22.1875;77.5541;1.905;9.60554;3712.39;5.77567;0;0;0.1;0.01;0;6.19789;0;0;-1
0;582;-23.3683;96.2357;1.35489;9.90756;4073.7;5.95727;0;0;0.1;0.01;0;3.41963;0;0;-1
0;583;-7.0712;-98.9514;0.925811;10.0776;4287.06;6.05951;0;0;0.1;0.01;0;2.97419;0;0;-1
0;584;-5.64312;-81.0539;3.71417;8.73414;2790.93;5.25171;0;0;0.1;0.01;0;5.62673;0;0;-1
0;585;-9.0842;-66.6469;2.7713;10.3839;4689.97;6.24369;0;0;0.1;0.01;0;5.75237;0;0;-1
0;586;-7.63154;-49.2509;2.31481;8.64791;2709.08;5.19986;0;0;0.1;0.01;0;5.09672;0;0;-1
0;587;-7.46649;-29.9752;2.51767;9.4445;3528.79;5.67884;0;0;0.1;0.01;0;6.35261;0;0;-1
0;588;-8.7854;-14.193;3.114;9.71029;3835.18;5.83866;0;0;0.1;0.01;0;6.87951;0;0;-1
0;589;-7.88663;1.80919;3.77874;8.5;2572.44;5.11093;0;0;0.1;0.01;0;5.89998;1;0;-1
0;590;-6.29653;17.3609;1.34491;8.51996;2590.61;5.12293;0;0;0.1;0.01;0;5.93044;0;0;-1
0;591;-6.16687;34.6567;3.70351;9.22465;3288.05;5.54665;0;0;0.1;0.01;0;5.50812;0;0;-1
0;592;-5.76497;51.8028;3.54312;8.5;2572.44;5.11093;0;0;0.1;0.01;0;5.86894;1;0;-1
0;593;-7.56864;71.7826;2.32764;10.3283;4615.04;6.21026;0;0;0.1;0.01;0;6.85499;0;0;-1
0;594;-9.20849;88.378;3.6815;9.77079;3907.31;5.87503;0;0;0.1;0.01;0;4.97452;0;0;-1
0;595;8.04191;-92.1747;3.1035;8.71605;2773.63;5.24083;0;0;0.1;0.01;0;4.70674;0;0;-1
0;596;8.63584;-76.0901;1.82775;9.61678;3725.44;5.78243;0;0;0.1;0.01;0;7.04007;0;0;-1
0;597;5.95398;-58.9243;1.69111;10.096;4310.59;6.07058;0;0;0.1;0.01;0;6.92068;0;0;-1
0;598;7.03867;-42.7386;3.59083;9.83689;3987.15;5.91478;0;0;0.1;0.01;0;6.72808;0;0;-1
0;599;7.54867;-24.9373;1.8463;9.5353;3631.55;5.73344;0;0;0.1;0.01;0;6.50603;0;0;-1
0;600;9.35401;-8.45972;4.44114;10.1237;4346.17;6.08723;0;0;0.1;0.01;0;5.92884;0;0;-1
0;601;5.73706;10.4473;2.77425;8.89902;2951.99;5.35085;0;0;0.1;0.01;0;4.9596;0;0;-1
0;602;7.62869;25.4221;2.11762;9.91149;4078.55;5.95964;0;0;0.1;0.01;0;6.08894;0;0;-1
0;603;8.38203;44.0625;2.35105;8.5;2572.44;5.11093;0;0;0.1;0.01;0;5.04477;1;0;-1
0;604;6.91076;60.3926;1.62429;8.5;2572.44;5.11093;0;0;0.1;0.01;0;5.65685;1;0;-1
0;605;8.802;76.5059;2.67844;8.62821;2690.61;5.18802;0;0;0.1;0.01;0;5.79865;0;0;-1
0;606;5.61454;97.9053;1.52309;9.70502;3828.93;5.83549;0;0;0.1;0.01;0;2.82618;0;0;-1
0;607;20.4551;-85.2893;2.17615;8.5;2572.44;5.11093;0;0;0.1;0.01;0;4.15211;1;0;-1
0;608;23.7047;-66.3252;2.73844;10.1485;4378.19;6.10215;0;0;0.1;0.01;0;5.92351;0;0;-1
0;609;22.3822;-47.3545;4.3833;8.61569;2678.91;5.18049;0;0;0.1;0.01;0;4.58351;0;0;-1
0;610;21.7421;-31.0896;1.47494;8.5;2572.44;5.11093;0;0;0.1;0.01;0;5.78923;1;0;-1
0;611;21.4332;-14.7064;1.50197;8.5;2572.44;5.11093;0;0;0.1;0.01;0;5.46799;1;0;-1
0;612;23.2039;4.33768;1.19895;9.49255;3582.92;5.70773;0;0;0.1;0.01;0;5.44759;0;0;-1
0;613;23.3869;20.8319;4.67511;9.56391;3664.33;5.75064;0;0;0.1;0.01;0;6.83858;0;0;-1
0;614;21.9814;37.2964;4.96321;8.5;2572.44;5.11093;0;0;0.1;0.01;0;5.65949;1;0;-1
0;615;22.7765;51.422;3.72334;9.88732;4048.78;5.9451;0;0;0.1;0.01;0;6.64262;0;0;-1
0;616;21.1365;67.7555;1.65591;9.16445;3224.09;5.51045;0;0;0.1;0.01;0;5.9583;0;0;-1
0;617;21.4037;89.4952;1.13689;10.1186;4339.6;6.08417;0;0;0.1;0.01;0;4.04464;0;0;-1
0;618;38.0379;-75.9264;1.65803;9.44408;3528.32;5.67859;0;0;0.1;0.01;0;6.03036;0;0;-1
0;619;38.5543;-59.6025;4.02798;8.64248;2703.98;5.1966;0;0;0.1;0.01;0;5.22636;0;0;-1
0;620;34.9056;-40.1465;3.41416;8.9796;3032.91;5.3993;0;0;0.1;0.01;0;5.44966;0;0;-1
0;621;35.0451;-25.722;1.19997;9.54414;3641.66;5.73875;0;0;0.1;0.01;0;6.10543;0;0;-1
0;622;38.023;-8.851;4.48506;9.35846;3433.22;5.62711;0;0;0.1;0.01;0;6.01353;0;0;-1
0;623;37.2358;9.08893;1.45572;9.51894;3612.89;5.7236;0;0;0.1;0.01;0;5.74696;0;0;-1
0;624;36.662;27.252;2.87104;9.98295;4167.4;6.0026;0;0;0.1;0.01;0;6.51344;0;0;-1
0;625;35.9278;44.5368;1.21272;10.3932;4702.58;6.24928;0;0;0.1;0.01;0;6.87907;0;0;-1
0;626;36.1;62.7069;3.82832;10.293;4567.88;6.18903;0;0;0.1;0.01;0;7.82445;0;0;-1
0;627;37.6623;80.0014;2.52772;10.395;4705.03;6.25036;0;0;0.1;0.01;0;5.13872;0;0;-1
0;628;50.8406;-83.5297;2.89741;8.5;2572.44;5.11093;0;0;0.1;0.01;0;2.98848;1;0;-1
0;629;52.1839;-64.6112;4.05093;9.83279;3982.16;5.91231;0;0;0.1;0.01;0;5.58506;0;0;-1
0;630;50.3177;-48.4676;3.25928;10.1367;4362.93;6.09505;0;0;0.1;0.01;0;6.36343;0;0;-1
0;631;53.4036;-33.652;4.79214;8.5;2572.44;5.11093;0;0;0.1;0.01;0;5.81188;1;0;-1
0;632;51.3861;-15.8293;2.99758;8.60239;2666.53;5.17249;0;0;0.1;0.01;0;5.11894;0;0;-1
0;633;52.161;1.13433;2.46476;8.51441;2585.55;5.11959;0;0;0.1;0.01;0;5.43507;0;0;-1
0;634;52.3744;17.0496;1.66785;9.47502;3563.11;5.69719;0;0;0.1;0.01;0;7.31202;0;0;-1
0;635;50.1845;34.3909;2.73501;9.80689;3950.78;5.89674;0;0;0.1;0.01;0;6.2326;0;0;-1
0;636;51.3751;54.6314;4.70333;8.5;2572.44;5.11093;0;0;0.1;0.01;0;5.0171;1;0;-1
0;637;50.0044;67.7095;3.26005;9.09874;3155.24;5.47094;0;0;0.1;0.01;0;4.69923;0;0;-1
0;638;68.0567;-56.063;4.68503;9.91865;4087.39;5.96394;0;0;0.1;0.01;0;4.38794;0;0;-1
0;639;67.5926;-39.0447;2.4017;9.67029;3787.97;5.81461;0;0;0.1;0.01;0;7.08896;0;0;-1
0;640;64.7324;-24.1582;3.90094;8.59961;2663.94;5.17082;0;0;0.1;0.01;0;5.67867;0;0;-1
0;641;67.8235;-6.65853;4.43053;8.5;2572.44;5.11093;0;0;0.1;0.01;0;4.868;1;0;-1
0;642;65.6278;12.2018;3.83661;10.2544;4516.68;6.16582;0;0;0.1;0.01;0;6.72121;0;0;-1
0;643;65.4887;25.933;3.9422;8.5;2572.44;5.11093;0;0;0.1;0.01;0;6.09806;1;0;-1
0;644;66.9165;44.3118;4.35958;9.40417;3483.77;5.65459;0;0;0.1;0.01;0;5.69932;0;0;-1
0;645;67.4209;60.1783;4.32233;9.78995;3930.34;5.88655;0;0;0.1;0.01;0;4.46638;0;0;-1
0;646;82.33;-47.396;5.1035;9.16647;3226.23;5.51167;0;0;0.1;0.01;0;3.67465;0;0;-1
0;647;82.1698;-33.1104;3.18401;10.4059;4719.84;6.25692;0;0;0.1;0.01;0;5.82213;0;0;-1
0;648;81.3959;-15.798;3.84107;9.58771;3691.76;5.76495;0;0;0.1;0.01;0;6.48992;0;0;-1
0;649;79.7734;0.0589939;1.88089;9.17655;3236.88;5.51773;0;0;0.1;0.01;0;5.7286;0;0;-1
0;650;80.9758;18.2557;2.44371;9.17519;3235.44;5.51691;0;0;0.1;0.01;0;6.64328;0;0;-1
0;651;82.5349;36.1051;4.09357;10.3563;4652.67;6.22709;0;0;0.1;0.01;0;5.55253;0;0;-1
0;652;82.8021;55.3017;4.89856;9.98006;4163.78;6.00087;0;0;0.1;0.01;0;2.84874;0;0;-1
0;653;95.8378;-23.3871;2.10299;10.372;4673.86;6.23653;0;0;0.1;0.01;0;3.6287;0;0;-1
0;654;96.3569;-7.56551;4.225;9.30892;3378.99;5.59732;0;0;0.1;0.01;0;3.4071;0;0;-1
0;655;94.5257;12.1158;1.93379;9.59168;3696.35;5.76734;0;0;0.1;0.01;0;4.21346;0;0;-1
0;656;94.3129;26.6316;4.47663;10.0281;4224.2;6.02975;0;0;0.1;0.01;0;4.46409;0;0;-1
0;657;-86.8351;-40.7498;19.2009;10.0139;4206.28;6.02121;0;0;0.1;0.01;0;3.22361;0;0;-1
0;658;-85.0759;-21.1785;18.5559;9.39531;3473.94;5.64926;0;0;0.1;0.01;0;3.2837;0;0;-1
0;659;-84.8767;-4.98924;19.2695;9.9256;4095.99;5.96812;0;0;0.1;0.01;0;4.60397;0;0;-1
0;660;-86.6473;10.4804;17.1882;9.41782;3498.97;5.6628;0;0;0.1;0.01;0;4.71577;0;0;-1
0;661;-85.7265;27.1091;18.3053;8.5;2572.44;5.11093;0;0;0.1;0.01;0;3.21783;1;0;-1
0;662;-84.2576;45.3258;18.9285;8.68184;2741.09;5.22026;0;0;0.1;0.01;0;2.72778;0;0;-1
0;663;-72.1085;-63.6417;19.8463;9.46219;3548.65;5.68948;0;0;0.1;0.01;0;3.35538;0;0;-1
0;664;-70.8129;-48.564;16.6666;9.04696;3101.68;5.43981;0;0;0.1;0.01;0;6.11265;0;0;-1
0;665;-68.9844;-33.8749;19.185;8.5;2572.44;5.11093;0;0;0.1;0.01;0;5.46888;1;0;-1
0;666;-71.9607;-13.1856;19.0202;9.90376;4069.01;5.95499;0;0;0.1;0.01;0;7.2348;0;0;-1
0;667;-69.3886;2.17197;19.7079;9.7357;3865.36;5.85394;0;0;0.1;0.01;0;6.93274;0;0;-1
0;668;-70.2511;18.6407;19.298;9.64972;3763.85;5.80224;0;0;0.1;0.01;0;5.80189;0;0;-1
0;669;-70.2935;34.2539;16.7446;8.77909;2834.24;5.27874;0;0;0.1;0.01;0;4.32267;0;0;-1
0;670;-70.2552;52.8841;16.262;8.5;2572.44;5.11093;0;0;0.1;0.01;0;3.915;1;0;-1
0;671;-58.0221;-74.948;17.1188;10.065;4271;6.05194;0;0;0.1;0.01;0;4.51453;0;0;-1
0;672;-57.4994;-58.653;18.7008;9.47117;3558.77;5.69488;0;0;0.1;0.01;0;6.43875;0;0;-1
0;673;-56.2008;-39.5379;17.4574;10.2399;4497.55;6.1571;0;0;0.1;0.01;0;7.40256;0;0;-1
0;674;-57.0842;-23.2701;16.9131;8.9323;2985.23;5.37086;0;0;0.1;0.01;0;5.73141;0;0;-1
0;675;-55.1858;-6.4626;16.0485;9.97374;4155.88;5.99707;0;0;0.1;0.01;0;6.24439;0;0;-1
0;676;-57.1253;8.61728;17.4097;8.70387;2762.01;5.23351;0;0;0.1;0.01;0;5.38551;0;0;-1
0;677;-55.3815;26.7713;16.7949;9.65507;3770.12;5.80545;0;0;0.1;0.01;0;5.71008;0;0;-1
0;678;-54.9709;46.9015;18.9439;8.5;2572.44;5.11093;0;0;0.1;0.01;0;4.3505;1;0;-1
0;679;-53.9889;61.9344;18.2892;8.67427;2733.93;5.21571;0;0;0.1;0.01;0;3.80657;0;0;-1
0;680;-53.7983;78.0472;19.6565;9.60026;3706.27;5.7725;0;0;0.1;0.01;0;2.63926;0;0;-1
0;681;-41.6988;-84.6146;16.8482;9.64536;3758.75;5.79962;0;0;0.1;0.01;0;4.32979;0;0;-1
0;682;-40.6344;-67.4712;17.7319;8.98447;3037.85;5.40223;0;0;0.1;0.01;0;5.51642;0;0;-1
0;683;-40.4689;-47.7798;16.741;9.09298;3149.25;5.46748;0;0;0.1;0.01;0;5.26169;0;0;-1
0;684;-42.5303;-33.0284;18.1921;9.56256;3662.78;5.74983;0;0;0.1;0.01;0;6.35483;0;0;-1
0;685;-42.1553;-13.7553;16.4877;8.5;2572.44;5.11093;0;0;0.1;0.01;0;4.91607;1;0;-1
0;686;-39.9918;2.28137;17.7194;8.8338;2887.56;5.31164;0;0;0.1;0.01;0;5.08404;0;0;-1
0;687;-42.21;18.6835;18.4653;8.81873;2872.81;5.30257;0;0;0.1;0.01;0;5.43445;0;0;-1
0;688;-41.1633;33.7348;18.2778;8.97255;3025.77;5.39506;0;0;0.1;0.01;0;5.1908;0;0;-1
0;689;-39.7063;53.2107;18.5425;8.97931;3032.62;5.39913;0;0;0.1;0.01;0;4.73855;0;0;-1
0;690;-39.5856;71.4841;16.4034;10.2106;4459.05;6.13949;0;0;0.1;0.01;0;5.9026;0;0;-1
0;691;-41.5929;87.7462;18.5436;8.98874;3042.18;5.4048;0;0;0.1;0.01;0;2.93048;0;0;-1
0;692;-27.7648;-93.4539;16.8262;10.4523;4783.26;6.28482;0;0;0.1;0.01;0;3.97952;0;0;-1
0;693;-27.5109;-72.8524;18.4995;9.83112;3980.13;5.91131;0;0;0.1;0.01;0;6.16584;0;0;-1
0;694;-25.3726;-56.7122;16.2783;8.5;2572.44;5.11093;0;0;0.1;0.01;0;4.45005;1;0;-1
0;695;-24.5048;-40.3783;17.8382;8.88227;2935.35;5.34078;0;0;0.1;0.01;0;5.48587;0;0;-1
0;696;-28.3619;-24.7223;16.3208;9.59361;3698.58;5.7685;0;0;0.1;0.01;0;6.04865;0;0;-1
0;697;-28.379;-7.18786;16.0162;9.33032;3402.34;5.61019;0;0;0.1;0.01;0;5.2929;0;0;-1
0;698;-26.9595;10.6787;16.4883;9.60486;3711.6;5.77526;0;0;0.1;0.01;0;6.0921;0;0;-1
0;699;-27.4525;28.0471;17.3616;9.05772;3112.76;5.44628;0;0;0.1;0.01;0;5.12926;0;0;-1
0;700;-25.4579;45.9303;17.6321;9.58543;3689.13;5.76358;0;0;0.1;0.01;0;5.76559;0;0;-1
0;701;-28.157;62.0575;16.402;9.01678;3070.74;5.42166;0;0;0.1;0.01;0;5.90305;0;0;-1
0;702;-27.4121;80.4125;16.3134;10.1887;4430.42;6.12632;0;0;0.1;0.01;0;5.89056;0;0;-1
0;703;-13.2884;-83.6079;17.6369;9.77088;3907.42;5.87509;0;0;0.1;0.01;0;5.45702;0;0;-1
0;704;-13.7315;-65.6459;17.022;8.5;2572.44;5.11093;0;0;0.1;0.01;0;4.20928;1;0;-1
0;705;-11.1811;-47.5325;16.2668;9.7905;3931;5.88689;0;0;0.1;0.01;0;5.44858;0;0;-1
0;706;-12.358;-30.7863;19.3442;8.63701;2698.85;5.19331;0;0;0.1;0.01;0;5.76146;0;0;-1
0;707;-11.5507;-16.188;17.4753;9.71429;3839.92;5.84106;0;0;0.1;0.01;0;6.34201;0;0;-1
0;708;-13.6708;1.66314;17.1278;10.0878;4300.09;6.06565;0;0;0.1;0.01;0;7.02426;0;0;-1
0;709;-13.1775;20.7905;16.6135;10.0841;4295.36;6.06342;0;0;0.1;0.01;0;6.27039;0;0;-1
0;710;-10.9565;37.3199;17.2935;8.97727;3030.55;5.3979;0;0;0.1;0.01;0;5.49548;0;0;-1
0;711;-10.0228;52.3602;18.2998;10.1287;4352.61;6.09024;0;0;0.1;0.01;0;6.64367;0;0;-1
0;712;-11.671;68.4248;18.3691;8.59754;2662.02;5.16958;0;0;0.1;0.01;0;5.2073;0;0;-1
0;713;-11.0485;85.2589;18.6709;8.5;2572.44;5.11093;0;0;0.1;0.01;0;3.73638;1;0;-1
0;714;1.68332;-91.9846;17.4347;10.248;4508.23;6.16197;0;0;0.1;0.01;0;3.90916;0;0;-1
0;715;4.58417;-72.2694;15.9812;8.68782;2746.76;5.22386;0;0;0.1;0.01;0;5.15488;0;0;-1
0;716;2.81873;-56.9724;17.3342;8.5;2572.44;5.11093;0;0;0.1;0.01;0;5.54501;1;0;-1
0;717;2.96349;-39.8536;16.6718;9.887;4048.39;5.94491;0;0;0.1;0.01;0;6.58488;0;0;-1
0;718;2.38429;-24.4664;16.4664;8.82136;2875.38;5.30416;0;0;0.1;0.01;0;5.63438;0;0;-1
0;719;4.97589;-8.36961;17.1151;8.57217;2638.52;5.15432;0;0;0.1;0.01;0;4.74295;0;0;-1
0;720;4.1743;9.65171;16.3857;9.89258;4055.25;5.94826;0;0;0.1;0.01;0;4.89316;0;0;-1
0;721;2.1589;28.5087;16.6434;9.95865;4137.04;5.98799;0;0;0.1;0.01;0;6.249;0;0;-1
0;722;2.5331;46.1872;15.6186;8.5982;2662.63;5.16997;0;0;0.1;0.01;0;5.80267;0;0;-1
0;723;2.66169;63.4016;15.8925;10.4039;4717.12;6.25571;0;0;0.1;0.01;0;6.71274;0;0;-1
0;724;0.998264;77.9613;15.9362;8.66392;2724.16;5.20949;0;0;0.1;0.01;0;5.68442;0;0;-1
0;725;4.69985;93.0903;17.7749;8.70908;2766.98;5.23664;0;0;0.1;0.01;0;2.89389;0;0;-1
0;726;17.7774;-82.3794;17.1041;10.0453;4245.97;6.04009;0;0;0.1;0.01;0;5.13154;0;0;-1
0;727;15.7998;-64.4121;16.3804;8.5;2572.44;5.11093;0;0;0.1;0.01;0;4.9446;1;0;-1
0;728;16.0227;-50.0867;18.3078;9.61978;3728.93;5.78423;0;0;0.1;0.01;0;5.55517;0;0;-1
0;729;18.9331;-33.9837;18.1049;8.5;2572.44;5.11093;0;0;0.1;0.01;0;4.31495;1;0;-1
0;730;18.3555;-17.0083;17.3423;9.30503;3374.75;5.59498;0;0;0.1;0.01;0;5.77571;0;0;-1
0;731;17.4664;2.71978;18.4905;8.54447;2613.03;5.13767;0;0;0.1;0.01;0;4.74106;0;0;-1
0;732;16.5771;21.1386;16.2213;9.14026;3198.63;5.49591;0;0;0.1;0.01;0;6.27627;0;0;-1
0;733;16.515;37.0685;17.4435;8.88866;2941.69;5.34462;0;0;0.1;0.01;0;5.88785;0;0;-1
0;734;19.6649;52.9298;17.6943;8.85858;2911.93;5.32654;0;0;0.1;0.01;0;5.16749;0;0;-1
0;735;16.4138;69.7769;17.3893;8.51644;2587.4;5.12081;0;0;0.1;0.01;0;5.15671;0;0;-1
0;736;17.9137;85.6741;16.4539;9.17315;3233.29;5.51568;0;0;0.1;0.01;0;3.56774;0;0;-1
0;737;33.1773;-92.4865;15.9354;9.05955;3114.64;5.44738;0;0;0.1;0.01;0;1.68905;0;0;-1
0;738;33.7902;-73.7636;16.1012;9.51316;3606.31;5.72013;0;0;0.1;0.01;0;5.47827;0;0;-1
0;739;33.1783;-55.246;18.0149;9.15668;3215.9;5.50578;0;0;0.1;0.01;0;4.54273;0;0;-1
0;740;33.6509;-39.0278;18.0708;8.5;2572.44;5.11093;0;0;0.1;0.01;0;5.33025;1;0;-1
0;741;31.4366;-24.4847;16.3399;9.37929;3456.2;5.63963;0;0;0.1;0.01;0;6.48248;0;0;-1
0;742;30.7107;-8.06028;18.5952;9.30862;3378.66;5.59714;0;0;0.1;0.01;0;5.49865;0;0;-1
0;743;30.5295;11.5649;17.019;8.87722;2930.35;5.33774;0;0;0.1;0.01;0;5.13411;0;0;-1
0;744;32.0958;26.8726;16.7679;8.78131;2836.39;5.28007;0;0;0.1;0.01;0;5.40151;0;0;-1
0;745;33.2184;45.7688;16.5215;8.5;2572.44;5.11093;0;0;0.1;0.01;0;5.28798;1;0;-1
0;746;30.4902;63.4365;19.4794;9.08213;3137.99;5.46095;0;0;0.1;0.01;0;6.81635;0;0;-1
0;747;30.6466;77.8137;17.8453;9.25776;3323.58;5.56656;0;0;0.1;0.01;0;5.18525;0;0;-1
0;748;45.3112;-81.2495;16.0905;9.99665;4184.58;6.01084;0;0;0.1;0.01;0;4.70882;0;0;-1
0;749;48.9043;-67.6385;17.0108;8.61752;2680.62;5.18159;0;0;0.1;0.01;0;5.08255;0;0;-1
0;750;47.514;-48.1661;18.5931;8.5;2572.44;5.11093;0;0;0.1;0.01;0;4.6035;1;0;-1
0;751;46.7606;-31.8969;16.6116;9.52674;3621.78;5.72829;0;0;0.1;0.01;0;6.8304;0;0;-1
0;752;46.3606;-15.3152;17.5072;9.96599;4146.2;5.99241;0;0;0.1;0.01;0;6.40234;0;0;-1
0;753;46.206;4.39259;19.4776;9.61473;3723.06;5.7812;0;0;0.1;0.01;0;5.43159;0;0;-1
0;754;48.7891;20.4699;17.3372;9.77667;3914.37;5.87857;0;0;0.1;0.01;0;6.22969;0;0;-1
0;755;46.8619;34.8798;18.9838;8.5;2572.44;5.11093;0;0;0.1;0.01;0;5.23534;1;0;-1
0;756;45.0833;54.0929;16.5875;10.1386;4365.39;6.09619;0;0;0.1;0.01;0;6.57509;0;0;-1
0;757;46.9797;68.9803;17.7798;8.7934;2848.13;5.28734;0;0;0.1;0.01;0;5.04281;0;0;-1
0;758;45.9432;86.0471;19.6695;8.5;2572.44;5.11093;0;0;0.1;0.01;0;1.28193;1;0;-1
0;759;61.2211;-75.4417;17.4862;9.74749;3879.42;5.86102;0;0;0.1;0.01;0;2.82215;0;0;-1
0;760;62.3056;-57.9495;18.1622;8.5;2572.44;5.11093;0;0;0.1;0.01;0;4.94808;1;0;-1
0;761;62.5587;-38.7142;16.7021;10.097;4311.87;6.07118;0;0;0.1;0.01;0;7.49661;0;0;-1
0;762;60.4207;-24.2798;16.5107;9.90118;4065.83;5.95344;0;0;0.1;0.01;0;7.54529;0;0;-1
0;763;60.3741;-7.40144;16.7463;8.93108;2984.01;5.37013;0;0;0.1;0.01;0;4.81118;0;0;-1
0;764;62.4581;10.6024;16.9665;9.45392;3539.36;5.6845;0;0;0.1;0.01;0;5.78005;0;0;-1
0;765;61.6858;28.5341;16.4774;10.2254;4478.47;6.14838;0;0;0.1;0.01;0;7.22218;0;0;-1
0;766;61.8665;45.2112;19.0343;8.67367;2733.36;5.21535;0;0;0.1;0.01;0;6.08085;0;0;-1
0;767;62.2907;63.6363;19.0476;10.0225;4217.13;6.02638;0;0;0.1;0.01;0;4.8342;0;0;-1
0;768;75.9063;-50.2036;19.5081;8.70096;2759.24;5.23176;0;0;0.1;0.01;0;3.01347;0;0;-1
0;769;76.0457;-33.481;18.3447;10.0886;4301.12;6.06613;0;0;0.1;0.01;0;6.13196;0;0;-1
0;770;77.6246;-16.953;16.7437;8.5;2572.44;5.11093;0;0;0.1;0.01;0;4.95987;1;0;-1
0;771;74.8807;0.855835;19.4121;8.71841;2775.88;5.24225;0;0;0.1;0.01;0;4.44437;0;0;-1
0;772;76.4902;20.105;16.1858;9.82373;3971.16;5.90687;0;0;0.1;0.01;0;6.53639;0;0;-1
0;773;74.8202;37.9214;19.0715;10.3722;4674.14;6.23665;0;0;0.1;0.01;0;6.7345;0;0;-1
0;774;76.5206;52.4248;18.761;8.77615;2831.4;5.27697;0;0;0.1;0.01;0;4.58215;0;0;-1
0;775;91.5292;-22.0695;18.638;9.7875;3927.39;5.88508;0;0;0.1;0.01;0;4.34517;0;0;-1
0;776;92.7508;-7.35792;19.9379;8.5;2572.44;5.11093;0;0;0.1;0.01;0;2.61857;1;0;-1
0;777;91.7004;9.32531;16.2151;9.05672;3111.73;5.44567;0;0;0.1;0.01;0;2.52771;0;0;-1
0;778;89.4697;26.8415;17.3955;9.35384;3428.14;5.62433;0;0;0.1;0.01;0;4.07728;0;0;-1
0;779;-93.5843;2.41219;34.5656;8.55786;2625.33;5.14572;0;0;0.1;0.01;0;2.84507;0;0;-1
0;780;-82.0363;-39.7117;31.6344;9.85962;4014.85;5.92845;0;0;0.1;0.01;0;3.15637;0;0;-1
0;781;-79.6852;-25.0891;32.4548;9.32437;3395.84;5.60661;0;0;0.1;0.01;0;4.25338;0;0;-1
0;782;-79.0026;-6.09284;34.029;9.22038;3283.49;5.54408;0;0;0.1;0.01;0;5.97732;0;0;-1
0;783;-80.1823;10.0451;31.815;8.73128;2788.19;5.24999;0;0;0.1;0.01;0;4.89455;0;0;-1
0;784;-82.7032;25.8716;30.9205;9.40262;3482.05;5.65366;0;0;0.1;0.01;0;2.74922;0;0;-1
0;785;-79.9022;46.0329;31.3481;8.54151;2610.31;5.13589;0;0;0.1;0.01;0;2.20433;0;0;-1
0;786;-65.9565;-66.8888;33.9546;9.46889;3556.2;5.69351;0;0;0.1;0.01;0;3.41788;0;0;-1
0;787;-66.6262;-47.6754;32.2374;9.70994;3834.76;5.83845;0;0;0.1;0.01;0;4.79138;0;0;-1
0;788;-64.3049;-30.7707;34.206;9.95636;4134.19;5.98661;0;0;0.1;0.01;0;6.55672;0;0;-1
0;789;-66.7738;-15.5638;31.0205;8.5;2572.44;5.11093;0;0;0.1;0.01;0;5.95239;1;0;-1
0;790;-65.6086;0.0153591;34.1213;8.9441;2997.08;5.37796;0;0;0.1;0.01;0;5.98593;0;0;-1
0;791;-66.5539;18.1286;33.8913;8.5;2572.44;5.11093;0;0;0.1;0.01;0;4.43048;1;0;-1
0;792;-64.4053;35.1669;31.6601;8.58667;2651.94;5.16304;0;0;0.1;0.01;0;4.16603;0;0;-1
0;793;-66.8408;53.0588;33.2026;9.91933;4088.23;5.96435;0;0;0.1;0.01;0;3.57322;0;0;-1
0;794;-53.1845;-73.3233;30.617;10.1149;4334.84;6.08194;0;0;0.1;0.01;0;4.85249;0;0;-1
0;795;-50.1861;-58.7153;30.9849;9.48167;3570.62;5.70119;0;0;0.1;0.01;0;6.02626;0;0;-1
0;796;-49.8373;-38.4027;31.6529;9.72083;3847.68;5.84499;0;0;0.1;0.01;0;6.12795;0;0;-1
0;797;-52.8053;-21.2993;31.1186;8.5;2572.44;5.11093;0;0;0.1;0.01;0;4.91491;1;0;-1
0;798;-52.705;-7.29003;34.1912;9.66627;3783.25;5.81219;0;0;0.1;0.01;0;4.4764;0;0;-1
0;799;-51.6705;11.8736;31.775;8.5;2572.44;5.11093;0;0;0.1;0.01;0;4.16222;1;0;-1
0;800;-50.7174;29.4015;32.6083;8.5;2572.44;5.11093;0;0;0.1;0.01;0;5.2383;1;0;-1
0;801;-52.7792;43.3387;33.1234;8.5;2572.44;5.11093;0;0;0.1;0.01;0;5.23998;1;0;-1
0;802;-51.6433;60.0694;33.9742;8.5;2572.44;5.11093;0;0;0.1;0.01;0;4.23819;1;0;-1
0;803;-35.6456;-85.3949;34.2857;10.1766;4414.65;6.11904;0;0;0.1;0.01;0;3.63623;0;0;-1
0;804;-38.0002;-66.375;31.283;8.5;2572.44;5.11093;0;0;0.1;0.01;0;4.55908;1;0;-1
0;805;-37.9463;-47.2939;33.1285;9.74583;3877.44;5.86003;0;0;0.1;0.01;0;5.96524;0;0;-1
0;806;-34.4722;-33.0315;33.0287;10.2533;4515.23;6.16516;0;0;0.1;0.01;0;6.52061;0;0;-1
0;807;-35.1763;-16.2792;32.7119;8.8572;2910.57;5.32571;0;0;0.1;0.01;0;4.12954;0;0;-1
0;808;-35.336;2.98306;32.2968;8.80953;2863.83;5.29704;0;0;0.1;0.01;0;4.53424;0;0;-1
0;809;-38.3044;17.6747;32.7617;8.96634;3019.49;5.39133;0;0;0.1;0.01;0;4.90155;0;0;-1
0;810;-36.9783;37.9438;31.6617;9.65063;3764.92;5.80278;0;0;0.1;0.01;0;6.08247;0;0;-1
0;811;-36.8469;52.4695;32.4187;8.9865;3039.91;5.40345;0;0;0.1;0.01;0;5.2224;0;0;-1
0;812;-37.904;69.1983;32.1283;8.5;2572.44;5.11093;0;0;0.1;0.01;0;3.35614;1;0;-1
0;813;-20.9685;-91.0268;34.0232;9.86408;4020.3;5.93113;0;0;0.1;0.01;0;3.76447;0;0;-1
0;814;-22.925;-74.3043;32.2363;8.5;2572.44;5.11093;0;0;0.1;0.01;0;5.11871;1;0;-1
0;815;-22.832;-57.0556;34.4175;8.61747;2680.57;5.18156;0;0;0.1;0.01;0;4.58514;0;0;-1
0;816;-21.8611;-42.7445;31.8844;8.61331;2676.69;5.17906;0;0;0.1;0.01;0;5.6786;0;0;-1
0;817;-20.4329;-21.6618;31.3783;8.5;2572.44;5.11093;0;0;0.1;0.01;0;3.95909;1;0;-1
0;818;-20.9563;-4.75573;34.0475;9.37895;3455.82;5.63943;0;0;0.1;0.01;0;5.90104;0;0;-1
0;819;-21.7886;11.1927;31.6467;8.93559;2988.53;5.37284;0;0;0.1;0.01;0;5.87758;0;0;-1
0;820;-22.9954;29.3703;33.7796;9.49202;3582.32;5.70741;0;0;0.1;0.01;0;5.55523;0;0;-1
0;821;-20.7384;44.2981;33.8157;9.19925;3260.96;5.53138;0;0;0.1;0.01;0;6.29498;0;0;-1
0;822;-20.4342;59.6984;30.9822;8.65751;2718.11;5.20564;0;0;0.1;0.01;0;5.12019;0;0;-1
0;823;-21.7693;76.7159;32.6757;10.0526;4255.24;6.04448;0;0;0.1;0.01;0;4.73831;0;0;-1
0;824;-6.81598;-81.4839;33.0059;10.2345;4490.44;6.15386;0;0;0.1;0.01;0;5.73598;0;0;-1
0;825;-7.57805;-65.8492;32.0414;9.11861;3175.96;5.48289;0;0;0.1;0.01;0;4.85222;0;0;-1
0;826;-8.80815;-46.9439;30.7978;9.1191;3176.47;5.48318;0;0;0.1;0.01;0;5.14943;0;0;-1
0;827;-5.46034;-32.6288;31.1736;8.5;2572.44;5.11093;0;0;0.1;0.01;0;4.74206;1;0;-1
0;828;-8.84093;-13.1752;31.5863;10.4144;4731.42;6.26203;0;0;0.1;0.01;0;6.59194;0;0;-1
0;829;-7.46759;3.47483;31.9497;9.30981;3379.96;5.59785;0;0;0.1;0.01;0;6.0851;0;0;-1
0;830;-6.85246;20.9998;33.6306;10.0649;4270.88;6.05188;0;0;0.1;0.01;0;5.67641;0;0;-1
0;831;-7.47879;37.8004;34.0845;9.13604;3194.2;5.49337;0;0;0.1;0.01;0;6.14392;0;0;-1
0;832;-5.8493;51.7268;33.6846;8.5;2572.44;5.11093;0;0;0.1;0.01;0;5.49159;1;0;-1
0;833;-7.19802;69.7836;32.397;8.73803;2794.66;5.25405;0;0;0.1;0.01;0;4.35031;0;0;-1
0;834;-6.78526;88.6491;31.1301;8.56897;2635.57;5.1524;0;0;0.1;0.01;0;2.1684;0;0;-1
0;835;8.24905;-89.4385;34.6598;8.757;2812.9;5.26546;0;0;0.1;0.01;0;3.18258;0;0;-1
0;836;7.70283;-74.4754;32.4985;10.4534;4784.77;6.28548;0;0;0.1;0.01;0;7.03232;0;0;-1
0;837;6.34489;-58.9438;31.8167;8.79873;2853.31;5.29055;0;0;0.1;0.01;0;5.10349;0;0;-1
0;838;8.48743;-42.9148;33.2021;10.0561;4259.68;6.04659;0;0;0.1;0.01;0;6.75192;0;0;-1
0;839;6.86328;-23.883;32.7502;8.90408;2957.03;5.35389;0;0;0.1;0.01;0;4.87915;0;0;-1
0;840;7.21384;-6.04468;33.722;9.87605;4034.95;5.93833;0;0;0.1;0.01;0;6.05197;0;0;-1
0;841;5.65046;8.79245;34.383;9.10205;3158.68;5.47293;0;0;0.1;0.01;0;4.74166;0;0;-1
0;842;8.33704;27.8172;31.0454;9.25309;3318.55;5.56375;0;0;0.1;0.01;0;5.15853;0;0;-1
0;843;6.79196;42.8919;30.5908;10.1876;4428.99;6.12566;0;0;0.1;0.01;0;6.42069;0;0;-1
0;844;8.63947;61.5744;30.9011;8.68436;2743.48;5.22178;0;0;0.1;0.01;0;4.75702;0;0;-1
0;845;9.12148;78.9373;31.9056;9.46328;3549.88;5.69013;0;0;0.1;0.01;0;4.70397;0;0;-1
0;846;23.1428;-82.6657;33.8559;9.93443;4106.93;5.97343;0;0;0.1;0.01;0;4.76525;0;0;-1
0;847;22.6479;-67.9637;33.006;9.85623;4010.71;5.92641;0;0;0.1;0.01;0;5.40226;0;0;-1
0;848;23.8681;-47.7329;33.3841;8.90151;2954.47;5.35235;0;0;0.1;0.01;0;5.89589;0;0;-1
0;849;21.1375;-32.2863;32.4681;10.1635;4397.63;6.11117;0;0;0.1;0.01;0;7.03929;0;0;-1
0;850;22.1165;-14.005;32.2133;10.1553;4386.99;6.10623;0;0;0.1;0.01;0;6.79678;0;0;-1
0;851;22.3375;0.481692;30.9397;8.92445;2977.37;5.36614;0;0;0.1;0.01;0;5.12891;0;0;-1
0;852;23.0082;19.3338;30.4853;9.06881;3124.2;5.45294;0;0;0.1;0.01;0;4.82383;0;0;-1
0;853;22.1123;37.5594;33.9816;9.3486;3422.38;5.62118;0;0;0.1;0.01;0;5.73634;0;0;-1
0;854;23.7947;51.3881;32.5742;9.90615;4071.96;5.95642;0;0;0.1;0.01;0;6.81344;0;0;-1
0;855;22.3254;68.7545;30.9968;8.75237;2808.44;5.26267;0;0;0.1;0.01;0;5.90402;0;0;-1
0;856;20.8583;89.3932;34.2261;9.34689;3420.5;5.62015;0;0;0.1;0.01;0;1.60144;0;0;-1
0;857;35.784;-74.7246;32.7909;8.5;2572.44;5.11093;0;0;0.1;0.01;0;3.42658;1;0;-1
0;858;37.1871;-55.0848;32.8421;9.55435;3653.36;5.74489;0;0;0.1;0.01;0;5.76197;0;0;-1
0;859;35.5752;-38.4144;30.8904;8.5;2572.44;5.11093;0;0;0.1;0.01;0;5.30944;1;0;-1
0;860;37.5;-21.9824;32.1874;8.5;2572.44;5.11093;0;0;0.1;0.01;0;4.75659;1;0;-1
0;861;35.899;-4.81627;33.2081;9.17157;3231.62;5.51473;0;0;0.1;0.01;0;5.72583;0;0;-1
0;862;38.7393;9.35333;32.4872;8.59517;2659.82;5.16815;0;0;0.1;0.01;0;4.91398;0;0;-1
0;863;38.1064;25.5638;32.9998;9.81869;3965.06;5.90384;0;0;0.1;0.01;0;5.59352;0;0;-1
0;864;38.3496;43.1682;33.0911;9.76301;3897.98;5.87036;0;0;0.1;0.01;0;6.02033;0;0;-1
0;865;35.3783;61.8614;33.7038;9.76121;3895.83;5.86927;0;0;0.1;0.01;0;6.62538;0;0;-1
0;866;36.8523;77.2511;32.16;10.0224;4217;6.02632;0;0;0.1;0.01;0;5.23562;0;0;-1
0;867;52.8307;-64.6669;31.9394;9.06145;3116.6;5.44852;0;0;0.1;0.01;0;3.97388;0;0;-1
0;868;53.1682;-49.3372;32.1241;9.43641;3519.73;5.67398;0;0;0.1;0.01;0;5.65641;0;0;-1
0;869;52.0676;-33.3856;32.4021;9.52844;3623.71;5.72931;0;0;0.1;0.01;0;6.14082;0;0;-1
0;870;51.5457;-17.3195;31.5996;9.93219;4104.15;5.97208;0;0;0.1;0.01;0;6.32162;0;0;-1
0;871;53.211;0.913316;33.871;10.0205;4214.6;6.02518;0;0;0.1;0.01;0;6.86666;0;0;-1
0;872;52.4613;17.8178;33.388;8.9672;3020.36;5.39185;0;0;0.1;0.01;0;6.01541;0;0;-1
0;873;53.476;38.1497;32.2386;8.9671;3020.26;5.39179;0;0;0.1;0.01;0;6.03643;0;0;-1
0;874;53.2656;53.1786;33.3259;9.60563;3712.5;5.77573;0;0;0.1;0.01;0;6.96907;0;0;-1
0;875;51.4271;68.3298;32.4183;9.14929;3208.12;5.50134;0;0;0.1;0.01;0;4.86815;0;0;-1
0;876;67.2601;-58.0724;32.4308;8.83388;2887.64;5.31168;0;0;0.1;0.01;0;3.29108;0;0;-1
0;877;67.6947;-38.6031;31.5527;9.31078;3381.01;5.59844;0;0;0.1;0.01;0;5.34598;0;0;-1
0;878;66.3895;-21.8145;31.9687;9.12977;3187.63;5.4896;0;0;0.1;0.01;0;5.27187;0;0;-1
0;879;66.9404;-4.76922;32.6272;9.85842;4013.38;5.92772;0;0;0.1;0.01;0;5.72541;0;0;-1
0;880;67.2119;10.3586;32.9732;8.94914;3002.15;5.38099;0;0;0.1;0.01;0;6.5517;0;0;-1
0;881;66.2063;28.0157;33.7881;8.61621;2679.4;5.1808;0;0;0.1;0.01;0;5.81975;0;0;-1
0;882;67.3186;45.6458;31.0823;9.11558;3172.79;5.48107;0;0;0.1;0.01;0;6.46756;0;0;-1
0;883;67.0122;59.5009;32.079;9.87652;4035.53;5.93861;0;0;0.1;0.01;0;4.7556;0;0;-1
0;884;79.9425;-30.2572;33.8317;9.91075;4077.63;5.95919;0;0;0.1;0.01;0;4.39807;0;0;-1
0;885;80.1797;-15.9635;30.7208;8.8039;2858.34;5.29366;0;0;0.1;0.01;0;4.50528;0;0;-1
0;886;79.6594;3.68471;33.5508;10.0827;4293.58;6.06258;0;0;0.1;0.01;0;4.94823;0;0;-1
0;887;80.7161;19.6993;34.1927;8.73611;2792.82;5.2529;0;0;0.1;0.01;0;3.84824;0;0;-1
0;888;80.544;33.6388;31.9232;8.98096;3034.29;5.40012;0;0;0.1;0.01;0;4.25619;0;0;-1
0;889;-86.3504;-6.44405;47.2369;9.7781;3916.08;5.87943;0;0;0.1;0.01;0;3.24506;0;0;-1
0;890;-85.66;9.85703;47.7967;10.4049;4718.48;6.25632;0;0;0.1;0.01;0;3.02257;0;0;-1
0;891;-69.0199;-49.9824;48.7978;10.4318;4755.17;6.27249;0;0;0.1;0.01;0;2.88047;0;0;-1
0;892;-69.3922;-33.7476;47.9807;8.5;2572.44;5.11093;0;0;0.1;0.01;0;4.09498;1;0;-1
0;893;-69.3657;-13.3669;47.6955;9.91875;4087.52;5.964;0;0;0.1;0.01;0;5.72542;0;0;-1
0;894;-71.5152;0.836165;46.7789;8.91111;2964.04;5.35812;0;0;0.1;0.01;0;5.62274;0;0;-1
0;895;-68.5654;18.0322;47.052;8.75571;2811.66;5.26468;0;0;0.1;0.01;0;3.93453;0;0;-1
0;896;-70.5812;36.4603;49.3678;9.25688;3322.63;5.56603;0;0;0.1;0.01;0;1.7226;0;0;-1
0;897;-56.6361;-59.6037;46.15;8.92538;2978.3;5.3667;0;0;0.1;0.01;0;4.10244;0;0;-1
0;898;-57.0551;-39.1323;47.6068;9.30218;3371.65;5.59327;0;0;0.1;0.01;0;5.77732;0;0;-1
0;899;-57.0483;-23.2609;47.2574;8.5;2572.44;5.11093;0;0;0.1;0.01;0;5.45158;1;0;-1
0;900;-56.8232;-6.91319;48.8089;9.56046;3660.37;5.74857;0;0;0.1;0.01;0;5.90443;0;0;-1
0;901;-54.5993;12.7549;45.9835;8.6949;2753.48;5.22812;0;0;0.1;0.01;0;4.42005;0;0;-1
0;902;-57.7022;29.7401;45.9851;8.5;2572.44;5.11093;0;0;0.1;0.01;0;4.65774;1;0;-1
0;903;-56.303;45.9437;47.0269;8.5;2572.44;5.11093;0;0;0.1;0.01;0;4.45955;1;0;-1
0;904;-54.441;61.2998;46.4111;8.73256;2789.42;5.25076;0;0;0.1;0.01;0;3.49936;0;0;-1
0;905;-40.6518;-64.3887;45.8776;8.77308;2828.43;5.27513;0;0;0.1;0.01;0;3.66308;0;0;-1
0;906;-40.4055;-50.5795;48.2038;9.14813;3206.9;5.50064;0;0;0.1;0.01;0;5.15921;0;0;-1
0;907;-43.1974;-30.0714;46.0933;10.1709;4407.24;6.11561;0;0;0.1;0.01;0;6.05354;0;0;-1
0;908;-41.5046;-14.2955;49.078;8.5;2572.44;5.11093;0;0;0.1;0.01;0;4.98829;1;0;-1
0;909;-41.6388;0.772413;49.2617;8.65928;2719.78;5.2067;0;0;0.1;0.01;0;4.59904;0;0;-1
0;910;-42.0983;16.7767;48.2725;10.2808;4551.66;6.1817;0;0;0.1;0.01;0;5.92289;0;0;-1
0;911;-42.3287;35.8779;45.226;8.59133;2656.26;5.16584;0;0;0.1;0.01;0;4.94928;0;0;-1
0;912;-41.2173;53.2408;48.902;10.1348;4360.48;6.09391;0;0;0.1;0.01;0;6.53441;0;0;-1
0;913;-42.4855;69.7224;48.0948;9.85071;4003.97;5.92309;0;0;0.1;0.01;0;4.2382;0;0;-1
0;914;-27.8296;-76.7444;46.7363;9.0812;3137.03;5.46039;0;0;0.1;0.01;0;2.96343;0;0;-1
0;915;-26.1727;-55.5041;48.3165;8.59395;2658.69;5.16742;0;0;0.1;0.01;0;5.99516;0;0;-1
0;916;-27.6844;-41.4885;46.5296;9.63897;3751.29;5.79577;0;0;0.1;0.01;0;7.57527;0;0;-1
0;917;-28.0334;-24.2542;49.4393;8.5;2572.44;5.11093;0;0;0.1;0.01;0;4.8044;1;0;-1
0;918;-25.6992;-8.79482;47.3231;8.5;2572.44;5.11093;0;0;0.1;0.01;0;4.63763;1;0;-1
0;919;-26.6739;12.0288;46.5373;9.92574;4096.16;5.9682;0;0;0.1;0.01;0;5.77914;0;0;-1
0;920;-26.9579;29.5835;48.5518;10.2075;4454.99;6.13762;0;0;0.1;0.01;0;7.06365;0;0;-1
0;921;-26.3531;45.1516;48.8403;9.22863;3292.31;5.54904;0;0;0.1;0.01;0;6.11753;0;0;-1
0;922;-25.889;60.8807;46.5202;10.3198;4603.65;6.20515;0;0;0.1;0.01;0;6.87294;0;0;-1
0;923;-25.5712;79.3376;48.5018;9.1597;3219.08;5.50759;0;0;0.1;0.01;0;3.17616;0;0;-1
0;924;-12.3612;-80.7866;46.0179;8.874;2927.16;5.33581;0;0;0.1;0.01;0;3.07118;0;0;-1
0;925;-11.8853;-64.688;47.9624;8.62741;2689.86;5.18754;0;0;0.1;0.01;0;4.45626;0;0;-1
0;926;-13.4922;-47.9746;46.5701;10.3686;4669.27;6.23449;0;0;0.1;0.01;0;7.51955;0;0;-1
0;927;-12.6924;-33.5672;49.1091;10.005;4195.08;6.01586;0;0;0.1;0.01;0;5.88091;0;0;-1
0;928;-11.4144;-13.8836;48.6949;9.93402;4106.42;5.97318;0;0;0.1;0.01;0;6.77242;0;0;-1
0;929;-11.0371;0.269714;46.113;9.49154;3581.78;5.70713;0;0;0.1;0.01;0;6.65;0;0;-1
0;930;-13.1753;19.5108;47.8613;10.0132;4205.4;6.02079;0;0;0.1;0.01;0;6.25762;0;0;-1
0;931;-11.2538;37.0957;49.0563;8.84922;2902.71;5.32091;0;0;0.1;0.01;0;6.45195;0;0;-1
0;932;-12.1997;52.5443;48.791;9.02879;3083.03;5.42888;0;0;0.1;0.01;0;7.20857;0;0;-1
0;933;-11.7499;69.7937;48.0753;10.1432;4371.33;6.09896;0;0;0.1;0.01;0;5.86753;0;0;-1
0;934;-12.8188;86.6168;47.9929;8.5;2572.44;5.11093;0;0;0.1;0.01;0;1.66571;1;0;-1
0;935;2.05493;-73.1386;45.8824;8.5;2572.44;5.11093;0;0;0.1;0.01;0;4.91268;1;0;-1
0;936;1.61614;-59.4352;46.6243;8.99434;3047.87;5.40817;0;0;0.1;0.01;0;5.60868;0;0;-1
0;937;2.35431;-42.2761;46.9568;9.40872;3488.83;5.65733;0;0;0.1;0.01;0;5.6522;0;0;-1
0;938;1.44647;-22.4095;48.5106;9.3869;3464.62;5.64421;0;0;0.1;0.01;0;5.82128;0;0;-1
0;939;4.30814;-5.38896;49.0438;9.50215;3593.8;5.7135;0;0;0.1;0.01;0;6.81296;0;0;-1
0;940;3.22207;8.86446;49.2424;9.40384;3483.41;5.65439;0;0;0.1;0.01;0;5.80779;0;0;-1
0;941;1.82118;29.6373;47.3274;8.5;2572.44;5.11093;0;0;0.1;0.01;0;5.05125;1;0;-1
0;942;1.08593;45.5423;47.5991;8.53776;2606.88;5.13363;0;0;0.1;0.01;0;6.17307;0;0;-1
0;943;1.48884;60.6183;45.6695;9.03964;3094.15;5.4354;0;0;0.1;0.01;0;5.43633;0;0;-1
0;944;4.93212;79.7264;48.6612;10.1102;4328.8;6.07912;0;0;0.1;0.01;0;3.00604;0;0;-1
0;945;18.9264;-84.4731;48.8927;8.82496;2878.9;5.30632;0;0;0.1;0.01;0;1.95406;0;0;-1
0;946;18.2783;-65.9306;46.7107;9.13393;3191.99;5.4921;0;0;0.1;0.01;0;4.69313;0;0;-1
0;947;16.9291;-49.4125;46.2883;8.5;2572.44;5.11093;0;0;0.1;0.01;0;4.61356;1;0;-1
0;948;19.3927;-34.4007;45.9329;10.2763;4545.68;6.17899;0;0;0.1;0.01;0;6.56793;0;0;-1
0;949;16.1449;-14.86;48.4577;9.22523;3288.67;5.547;0;0;0.1;0.01;0;6.34185;0;0;-1
0;950;18.7785;1.8054;48.5179;8.50641;2578.26;5.11478;0;0;0.1;0.01;0;5.65732;0;0;-1
0;951;17.3917;17.4862;46.7776;9.55479;3653.86;5.74516;0;0;0.1;0.01;0;5.23418;0;0;-1
0;952;16.023;36.4001;49.0153;8.5;2572.44;5.11093;0;0;0.1;0.01;0;4.95188;1;0;-1
0;953;19.2416;50.8457;45.5662;9.03341;3087.76;5.43166;0;0;0.1;0.01;0;5.11233;0;0;-1
0;954;17.4141;71.0974;46.7973;9.52319;3617.73;5.72616;0;0;0.1;0.01;0;4.54217;0;0;-1
0;955;33.2094;-74.2787;48.7902;8.9766;3029.87;5.3975;0;0;0.1;0.01;0;3.24172;0;0;-1
0;956;33.1102;-57.1342;47.8287;9.60965;3717.16;5.77814;0;0;0.1;0.01;0;6.04621;0;0;-1
0;957;33.4734;-39.2157;45.8215;9.85133;4004.73;5.92346;0;0;0.1;0.01;0;6.54222;0;0;-1
0;958;30.7967;-22.5148;46.1752;9.98303;4167.5;6.00265;0;0;0.1;0.01;0;6.3894;0;0;-1
0;959;31.979;-5.04536;47.7723;9.48791;3577.67;5.70494;0;0;0.1;0.01;0;5.83558;0;0;-1
0;960;33.258;12.0634;47.6397;9.44032;3524.1;5.67633;0;0;0.1;0.01;0;5.47911;0;0;-1
0;961;30.6826;25.7841;46.9786;9.75134;3884.02;5.86334;0;0;0.1;0.01;0;6.52757;0;0;-1
0;962;32.7103;43.2078;48.5163;8.95476;3007.81;5.38437;0;0;0.1;0.01;0;6.11637;0;0;-1
0;963;31.8872;59.3278;48.6151;9.99243;4179.28;6.0083;0;0;0.1;0.01;0;6.93115;0;0;-1
0;964;30.9345;76.2497;47.7003;9.44588;3530.33;5.67967;0;0;0.1;0.01;0;4.12504;0;0;-1
0;965;45.9671;-63.7024;46.5621;8.50235;2574.57;5.11234;0;0;0.1;0.01;0;3.31051;0;0;-1
0;966;46.1749;-47.474;47.5735;10.2055;4452.37;6.13642;0;0;0.1;0.01;0;6.42816;0;0;-1
0;967;47.6502;-31.4599;46.2943;8.5;2572.44;5.11093;0;0;0.1;0.01;0;5.04355;1;0;-1
0;968;45.23;-13.9431;49.0293;9.26855;3335.22;5.57304;0;0;0.1;0.01;0;5.89016;0;0;-1
0;969;45.8973;-0.222685;45.3774;8.5;2572.44;5.11093;0;0;0.1;0.01;0;5.34663;1;0;-1
0;970;47.7171;20.7856;46.88;10.0206;4214.73;6.02524;0;0;0.1;0.01;0;7.16693;0;0;-1
0;971;45.3031;36.6181;48.5872;9.44979;3534.72;5.68202;0;0;0.1;0.01;0;6.79975;0;0;-1
0;972;46.4709;54.7703;49.1064;9.69619;3818.49;5.83018;0;0;0.1;0.01;0;5.88014;0;0;-1
0;973;45.6632;72.0081;48.4273;9.86394;4020.13;5.93104;0;0;0.1;0.01;0;3.34101;0;0;-1
0;974;63.7;-58.7682;46.4799;8.74716;2803.43;5.25954;0;0;0.1;0.01;0;2.38374;0;0;-1
0;975;62.0111;-42.3755;47.6475;9.36522;3440.67;5.63117;0;0;0.1;0.01;0;5.048;0;0;-1
0;976;59.8947;-24.0721;48.5191;8.5;2572.44;5.11093;0;0;0.1;0.01;0;4.86126;1;0;-1
0;977;63.6069;-8.70167;46.8168;10.1425;4370.42;6.09854;0;0;0.1;0.01;0;6.67452;0;0;-1
0;978;60.6611;8.1321;47.1499;9.86993;4027.46;5.93465;0;0;0.1;0.01;0;6.38282;0;0;-1
0;979;61.5244;26.8094;46.1117;9.90075;4065.3;5.95318;0;0;0.1;0.01;0;6.42663;0;0;-1
0;980;60.1727;43.6459;46.0442;10.1384;4365.13;6.09607;0;0;0.1;0.01;0;6.24401;0;0;-1
0;981;61.1686;61.0005;46.9945;9.12844;3186.24;5.4888;0;0;0.1;0.01;0;3.76033;0;0;-1
0;982;77.2959;-30.3683;48.6429;8.61289;2676.3;5.17881;0;0;0.1;0.01;0;2.62378;0;0;-1
0;983;77.1281;-17.0995;47.7298;8.5;2572.44;5.11093;0;0;0.1;0.01;0;3.16516;1;0;-1
0;984;75.5646;1.83076;46.544;9.84126;3992.46;5.91741;0;0;0.1;0.01;0;5.04813;0;0;-1
0;985;78.6911;17.3386;48.7963;10.0526;4255.24;6.04448;0;0;0.1;0.01;0;4.18387;0;0;-1
0;986;75.2829;34.697;45.922;10.2898;4563.62;6.18711;0;0;0.1;0.01;0;4.40678;0;0;-1
0;987;-65.6119;-30.2896;62.2615;8.57744;2643.39;5.15749;0;0;0.1;0.01;0;3.4364;0;0;-1
0;988;-66.5754;-15.4273;63.5513;8.87947;2932.58;5.3391;0;0;0.1;0.01;0;3.53985;0;0;-1
0;989;-66.6915;0.546743;61.3356;8.52153;2592.04;5.12387;0;0;0.1;0.01;0;3.48011;0;0;-1
0;990;-66.1502;19.5134;63.9362;9.60852;3715.85;5.77746;0;0;0.1;0.01;0;3.35581;0;0;-1
0;991;-51.8195;-58.4798;60.4501;9.06277;3117.97;5.44931;0;0;0.1;0.01;0;2.13768;0;0;-1
0;992;-51.4183;-38.7593;63.6231;10.4312;4754.35;6.27213;0;0;0.1;0.01;0;5.19811;0;0;-1
0;993;-50.7448;-24.5051;63.298;8.99047;3043.94;5.40584;0;0;0.1;0.01;0;6.41098;0;0;-1
0;994;-52.7027;-8.79296;61.3388;8.75928;2815.1;5.26683;0;0;0.1;0.01;0;4.57362;0;0;-1
0;995;-53.4863;10.3272;61.6435;10.3467;4639.75;6.22132;0;0;0.1;0.01;0;5.60389;0;0;-1
0;996;-53.0285;27.1243;62.1058;8.5119;2583.26;5.11808;0;0;0.1;0.01;0;4.04083;0;0;-1
0;997;-51.7531;46.5242;61.7993;9.49673;3587.66;5.71025;0;0;0.1;0.01;0;3.02768;0;0;-1
0;998;-36.3721;-47.5572;60.5188;9.31429;3384.84;5.60055;0;0;0.1;0.01;0;6.18562;0;0;-1
0;999;-36.9135;-33.1708;64.1682;8.56914;2635.73;5.1525;0;0;0.1;0.01;0;5.89161;0;0;-1
0;1000;-35.4741;-15.6535;62.6711;9.77893;3917.08;5.87993;0;0;0.1;0.01;0;6.62023;0;0;-1
0;1001;-36.1655;1.45785;63.9674;8.73934;2795.92;5.25484;0;0;0.1;0.01;0;4.87724;0;0;-1
0;1002;-35.0651;19.5871;62.2186;8.80965;2863.94;5.29711;0;0;0.1;0.01;0;5.88751;0;0;-1
0;1003;-35.2267;37.0924;60.6606;9.96828;4149.06;5.99378;0;0;0.1;0.01;0;6.29278;0;0;-1
0;1004;-38.3071;52.2598;63.8422;9.47991;3568.63;5.70013;0;0;0.1;0.01;0;3.9444;0;0;-1
0;1005;-38.3152;67.9568;60.6977;9.61487;3723.22;5.78128;0;0;0.1;0.01;0;3.184;0;0;-1
0;1006;-21.319;-73.2336;63.7635;8.5;2572.44;5.11093;0;0;0.1;0.01;0;1.71317;1;0;-1
0;1007;-23.2939;-57.0268;62.2449;10.4;4711.82;6.25337;0;0;0.1;0.01;0;6.18567;0;0;-1
0;1008;-22.2417;-40.8626;61.3923;10.2717;4539.58;6.17622;0;0;0.1;0.01;0;8.02884;0;0;-1
0;1009;-21.3048;-22.733;63.6587;8.53442;2603.82;5.13162;0;0;0.1;0.01;0;6.24293;0;0;-1
0;1010;-21.974;-5.56834;62.1256;10.3597;4657.26;6.22914;0;0;0.1;0.01;0;6.43862;0;0;-1
0;1011;-22.1206;10.5181;60.8553;8.5;2572.44;5.11093;0;0;0.1;0.01;0;3.63249;1;0;-1
0;1012;-23.7862;26.8068;63.5253;9.01866;3072.66;5.42279;0;0;0.1;0.01;0;4.69292;0;0;-1
0;1013;-22.407;44.476;62.8108;9.87176;4029.7;5.93575;0;0;0.1;0.01;0;6.77188;0;0;-1
0;1014;-21.8312;59.7019;60.1808;8.81698;2871.1;5.30152;0;0;0.1;0.01;0;5.43713;0;0;-1
0;1015;-7.87243;-67.6936;60.347;8.52518;2595.37;5.12607;0;0;0.1;0.01;0;3.89171;0;0;-1
0;1016;-7.86848;-47.7053;63.1287;10.2311;4485.96;6.15181;0;0;0.1;0.01;0;6.71285;0;0;-1
0;1017;-5.56224;-29.8838;63.3981;9.05885;3113.92;5.44696;0;0;0.1;0.01;0;6.57569;0;0;-1
0;1018;-6.85131;-15.335;60.9703;8.54701;2615.36;5.13919;0;0;0.1;0.01;0;6.62705;0;0;-1
0;1019;-8.78085;0.618133;60.7705;8.5;2572.44;5.11093;0;0;0.1;0.01;0;4.71515;1;0;-1
0;1020;-6.95605;20.8308;60.3886;8.92528;2978.2;5.36664;0;0;0.1;0.01;0;4.61612;0;0;-1
0;1021;-8.82969;36.0089;63.5782;9.68264;3802.51;5.82203;0;0;0.1;0.01;0;7.04886;0;0;-1
0;1022;-6.47336;52.1414;61.0328;9.64341;3756.48;5.79844;0;0;0.1;0.01;0;7.58142;0;0;-1
0;1023;-7.43344;67.67;60.8741;10.3052;4584.14;6.19637;0;0;0.1;0.01;0;4.93696;0;0;-1
0;1024;5.31645;-73.7696;61.9491;8.5;2572.44;5.11093;0;0;0.1;0.01;0;2.23858;1;0;-1
0;1025;6.87315;-57.4079;62.3029;10.176;4413.87;6.11868;0;0;0.1;0.01;0;5.81685;0;0;-1
0;1026;7.74208;-39.3524;61.0348;8.5;2572.44;5.11093;0;0;0.1;0.01;0;4.55335;1;0;-1
0;1027;6.38327;-22.6912;62.3487;9.92312;4092.92;5.96663;0;0;0.1;0.01;0;6.71281;0;0;-1
0;1028;9.17293;-6.37352;62.4709;10.2402;4497.94;6.15728;0;0;0.1;0.01;0;6.85797;0;0;-1
0;1029;8.78121;12.1995;62.2441;8.66534;2725.5;5.21034;0;0;0.1;0.01;0;4.78884;0;0;-1
0;1030;7.91574;26.3201;63.4153;8.5;2572.44;5.11093;0;0;0.1;0.01;0;5.49346;1;0;-1
0;1031;7.42302;42.0729;60.0807;10.2988;4575.6;6.19252;0;0;0.1;0.01;0;6.63347;0;0;-1
0;1032;6.64162;63.0875;63.2915;9.3194;3390.41;5.60362;0;0;0.1;0.01;0;4.62289;0;0;-1
0;1033;21.3073;-63.8668;60.9601;8.5;2572.44;5.11093;0;0;0.1;0.01;0;3.70098;1;0;-1
0;1034;23.2541;-50.2967;61.9541;8.5;2572.44;5.11093;0;0;0.1;0.01;0;4.43413;1;0;-1
0;1035;20.9405;-32.3633;61.0314;8.5;2572.44;5.11093;0;0;0.1;0.01;0;3.83361;1;0;-1
0;1036;24.216;-12.6687;60.3667;8.5;2572.44;5.11093;0;0;0.1;0.01;0;5.40681;1;0;-1
0;1037;20.6116;2.95207;61.7814;8.5;2572.44;5.11093;0;0;0.1;0.01;0;5.06352;1;0;-1
0;1038;23.0817;19.7945;63.7361;10.3275;4613.96;6.20978;0;0;0.1;0.01;0;7.34197;0;0;-1
0;1039;21.9257;37.8429;63.1531;8.70203;2760.26;5.2324;0;0;0.1;0.01;0;5.6878;0;0;-1
0;1040;21.5789;53.158;60.4235;8.5;2572.44;5.11093;0;0;0.1;0.01;0;5.29677;1;0;-1
0;1041;22.1355;69.1067;61.3931;9.0674;3122.75;5.4521;0;0;0.1;0.01;0;3.39207;0;0;-1
0;1042;34.667;-59.7284;63.5394;8.5;2572.44;5.11093;0;0;0.1;0.01;0;2.17346;1;0;-1
0;1043;36.1545;-39.3397;62.5791;9.23923;3303.66;5.55541;0;0;0.1;0.01;0;4.51106;0;0;-1
0;1044;38.1819;-22.8119;61.8923;8.81792;2872.02;5.30209;0;0;0.1;0.01;0;4.89433;0;0;-1
0;1045;35.7962;-5.05844;62.6045;8.95321;3006.25;5.38344;0;0;0.1;0.01;0;4.80348;0;0;-1
0;1046;38.27;12.2898;61.3809;9.45337;3538.74;5.68417;0;0;0.1;0.01;0;5.64805;0;0;-1
0;1047;37.9526;26.2084;60.2494;8.5;2572.44;5.11093;0;0;0.1;0.01;0;6.73257;1;0;-1
0;1048;35.5183;43.36;63.5219;9.23679;3301.05;5.55395;0;0;0.1;0.01;0;5.62846;0;0;-1
0;1049;38.6628;60.4756;63.3832;9.72555;3853.28;5.84783;0;0;0.1;0.01;0;3.94757;0;0;-1
0;1050;53.4586;-48.7344;61.7451;9.52246;3616.9;5.72572;0;0;0.1;0.01;0;3.22315;0;0;-1
0;1051;50.3667;-33.3926;60.887;8.5;2572.44;5.11093;0;0;0.1;0.01;0;4.87349;1;0;-1
0;1052;51.0238;-15.2806;62.1406;9.58171;3684.83;5.76134;0;0;0.1;0.01;0;5.69609;0;0;-1
0;1053;50.0344;0.795175;62.6983;8.5;2572.44;5.11093;0;0;0.1;0.01;0;4.12917;1;0;-1
0;1054;50.553;20.6961;60.9304;8.5;2572.44;5.11093;0;0;0.1;0.01;0;5.72362;1;0;-1
0;1055;50.8725;34.8016;61.8156;9.8158;3961.56;5.9021;0;0;0.1;0.01;0;6.01766;0;0;-1
0;1056;53.6981;53.007;62.7374;10.1404;4367.71;6.09728;0;0;0.1;0.01;0;3.14111;0;0;-1
0;1057;67.0765;-40.8607;60.8977;10.4293;4751.76;6.27099;0;0;0.1;0.01;0;2.85128;0;0;-1
0;1058;64.4582;-21.5146;62.1386;8.5;2572.44;5.11093;0;0;0.1;0.01;0;2.95909;1;0;-1
0;1059;64.4409;-5.43723;61.8701;8.5;2572.44;5.11093;0;0;0.1;0.01;0;4.08021;1;0;-1
0;1060;66.7746;9.19469;60.6541;9.7064;3830.57;5.83632;0;0;0.1;0.01;0;3.2869;0;0;-1
0;1061;65.1708;25.0324;60.1647;8.80062;2855.15;5.29169;0;0;0.1;0.01;0;2.81955;0;0;-1
0;1062;-54.4216;-23.7651;75.9878;9.34551;3418.99;5.61932;0;0;0.1;0.01;0;3.60145;0;0;-1
0;1063;-56.5083;-4.70206;78.7056;8.5;2572.44;5.11093;0;0;0.1;0.01;0;1.66288;1;0;-1
0;1064;-54.9445;10.6824;76.2431;9.32397;3395.4;5.60637;0;0;0.1;0.01;0;3.90459;0;0;-1
0;1065;-56.4424;29.7269;75.0183;10.447;4775.99;6.28163;0;0;0.1;0.01;0;3.23417;0;0;-1
0;1066;-40.0282;-48.963;77.0272;8.5;2572.44;5.11093;0;0;0.1;0.01;0;2.24629;1;0;-1
0;1067;-42.2504;-30.7979;77.7955;8.79456;2849.25;5.28804;0;0;0.1;0.01;0;4.74961;0;0;-1
0;1068;-40.3989;-15.9269;75.0951;9.98709;4172.59;6.00509;0;0;0.1;0.01;0;6.54682;0;0;-1
0;1069;-40.4531;2.86909;77.9457;9.51488;3608.27;5.72116;0;0;0.1;0.01;0;5.73088;0;0;-1
0;1070;-41.6333;17.78;74.6441;8.54694;2615.29;5.13915;0;0;0.1;0.01;0;5.55016;0;0;-1
0;1071;-39.3211;33.6846;76.4774;9.87209;4030.1;5.93594;0;0;0.1;0.01;0;4.14197;0;0;-1
0;1072;-24.3937;-55.161;76.9401;9.73996;3870.44;5.8565;0;0;0.1;0.01;0;3.46921;0;0;-1
0;1073;-26.2731;-40.8483;74.954;9.02504;3079.19;5.42663;0;0;0.1;0.01;0;5.5054;0;0;-1
0;1074;-27.4708;-23.1556;76.5332;10.0637;4269.35;6.05116;0;0;0.1;0.01;0;7.01429;0;0;-1
0;1075;-27.2518;-4.52091;77.9015;9.34698;3420.6;5.6202;0;0;0.1;0.01;0;6.55039;0;0;-1
0;1076;-24.9842;12.2904;77.0432;9.04555;3100.23;5.43896;0;0;0.1;0.01;0;5.7762;0;0;-1
0;1077;-25.7887;26.5316;77.3013;9.31413;3384.66;5.60045;0;0;0.1;0.01;0;5.89755;0;0;-1
0;1078;-25.343;43.7262;77.7643;9.28589;3353.97;5.58347;0;0;0.1;0.01;0;3.80763;0;0;-1
0;1079;-10.0667;-47.8119;76.4002;8.80812;2862.45;5.29619;0;0;0.1;0.01;0;4.92302;0;0;-1
0;1080;-12.4532;-31.1451;76.4194;10.2266;4480.05;6.14911;0;0;0.1;0.01;0;7.47807;0;0;-1
0;1081;-12.8063;-16.1731;74.6139;9.40462;3484.27;5.65486;0;0;0.1;0.01;0;7.35227;0;0;-1
0;1082;-13.5679;0.323973;78.4985;10.2202;4471.64;6.14526;0;0;0.1;0.01;0;6.59581;0;0;-1
0;1083;-11.4829;20.5726;78.3227;8.95194;3004.97;5.38267;0;0;0.1;0.01;0;5.81018;0;0;-1
0;1084;-10.8864;36.5088;76.7792;10.0821;4292.81;6.06222;0;0;0.1;0.01;0;7.2753;0;0;-1
0;1085;-11.9883;51.5961;76.3123;9.93362;4105.93;5.97294;0;0;0.1;0.01;0;4.78262;0;0;-1
0;1086;3.54274;-58.849;76.6026;10.3992;4710.73;6.25289;0;0;0.1;0.01;0;3.37168;0;0;-1
0;1087;1.37779;-42.2309;78.4789;8.5;2572.44;5.11093;0;0;0.1;0.01;0;4.97751;1;0;-1
0;1088;4.76667;-23.2419;76.3355;10.0445;4244.96;6.03961;0;0;0.1;0.01;0;6.80893;0;0;-1
0;1089;1.29783;-7.59164;78.2429;9.92445;4094.57;5.96743;0;0;0.1;0.01;0;6.26973;0;0;-1
0;1090;3.26961;11.4171;77.6357;8.90179;2954.75;5.35252;0;0;0.1;0.01;0;4.54014;0;0;-1
0;1091;1.50477;27.3623;77.7792;9.65841;3774.03;5.80746;0;0;0.1;0.01;0;7.2392;0;0;-1
0;1092;2.54263;42.496;76.4687;10.3015;4579.2;6.19414;0;0;0.1;0.01;0;6.33565;0;0;-1
0;1093;4.04361;61.3709;76.5683;9.70352;3827.16;5.83459;0;0;0.1;0.01;0;3.29173;0;0;-1
0;1094;16.4722;-49.6009;74.993;8.82222;2876.22;5.30467;0;0;0.1;0.01;0;3.51476;0;0;-1
0;1095;17.4659;-30.7389;77.8447;9.94785;4123.6;5.9815;0;0;0.1;0.01;0;6.04414;0;0;-1
0;1096;18.4952;-13.1248;74.6099;9.11763;3174.93;5.4823;0;0;0.1;0.01;0;6.14189;0;0;-1
0;1097;16.7205;3.33946;76.3091;8.78297;2838;5.28107;0;0;0.1;0.01;0;5.25162;0;0;-1
0;1098;18.4087;20.1282;76.7574;8.5;2572.44;5.11093;0;0;0.1;0.01;0;5.81154;1;0;-1
0;1099;18.6027;33.9807;76.0126;10.0972;4312.13;6.0713;0;0;0.1;0.01;0;7.30772;0;0;-1
0;1100;18.5701;54.4278;76.1423;9.59276;3697.6;5.76799;0;0;0.1;0.01;0;3.60204;0;0;-1
0;1101;32.5506;-40.2007;76.431;10.1849;4425.47;6.12403;0;0;0.1;0.01;0;3.81267;0;0;-1
0;1102;31.2479;-22.9461;78.5523;10.1291;4353.13;6.09048;0;0;0.1;0.01;0;5.58224;0;0;-1
0;1103;31.1799;-5.98559;77.3409;8.5572;2624.72;5.14532;0;0;0.1;0.01;0;5.19954;0;0;-1
0;1104;32.3749;11.745;76.1724;9.07028;3125.72;5.45383;0;0;0.1;0.01;0;4.46435;0;0;-1
0;1105;34.5159;28.4083;76.645;10.3011;4578.67;6.1939;0;0;0.1;0.01;0;5.87659;0;0;-1
0;1106;30.9546;46.4967;78.1598;10.3268;4613.03;6.20935;0;0;0.1;0.01;0;4.16994;0;0;-1
0;1107;49.0864;-30.3951;78.6674;9.26179;3327.92;5.56898;0;0;0.1;0.01;0;1.69071;0;0;-1
0;1108;45.454;-13.8833;75.31;8.5304;2600.14;5.12921;0;0;0.1;0.01;0;4.75992;0;0;-1
0;1109;47.4425;0.402271;77.9793;8.55106;2619.08;5.14163;0;0;0.1;0.01;0;3.45419;0;0;-1
0;1110;48.3213;20.0381;74.9193;9.58572;3689.46;5.76375;0;0;0.1;0.01;0;3.87059;0;0;-1
0;1111;49.0092;36.238;77.4645;8.5;2572.44;5.11093;0;0;0.1;0.01;0;2.34214;1;0;-1
0;1112;60.4396;-6.10308;78.4519;8.5;2572.44;5.11093;0;0;0.1;0.01;0;1.59314;1;0;-1
0;1113;-36.2708;-15.7311;89.6383;9.8315;3980.59;5.91154;0;0;0.1;0.01;0;4.24669;0;0;-1
0;1114;-36.4098;1.56654;91.2374;8.5;2572.44;5.11093;0;0;0.1;0.01;0;3.92331;1;0;-1
0;1115;-38.4453;16.9503;89.8846;10.0141;4206.53;6.02133;0;0;0.1;0.01;0;3.77066;0;0;-1
0;1116;-21.1033;-24.4692;90.0461;10.4526;4783.67;6.285;0;0;0.1;0.01;0;4.9498;0;0;-1
0;1117;-23.4154;-6.36286;93.0748;10.0382;4236.98;6.03582;0;0;0.1;0.01;0;4.54124;0;0;-1
0;1118;-22.7362;11.6891;89.7662;8.5;2572.44;5.11093;0;0;0.1;0.01;0;4.56503;1;0;-1
0;1119;-21.6278;27.6347;93.3741;10.1704;4406.59;6.11531;0;0;0.1;0.01;0;3.63875;0;0;-1
0;1120;-7.47554;-31.4719;90.7959;9.99572;4183.41;6.01028;0;0;0.1;0.01;0;4.74513;0;0;-1
0;1121;-8.5345;-14.009;89.443;9.49792;3589.01;5.71096;0;0;0.1;0.01;0;6.43465;0;0;-1
0;1122;-6.51374;1.18312;92.659;9.92513;4095.41;5.96784;0;0;0.1;0.01;0;5.31341;0;0;-1
0;1123;-5.80911;19.1306;93.3209;10.3778;4681.71;6.24002;0;0;0.1;0.01;0;5.37816;0;0;-1
0;1124;-7.61075;35.0373;92.3615;8.5;2572.44;5.11093;0;0;0.1;0.01;0;3.71033;1;0;-1
0;1125;5.4207;-38.5702;92.1442;8.64182;2703.36;5.1962;0;0;0.1;0.01;0;2.77288;0;0;-1
0;1126;6.63357;-23.3659;92.1235;9.97299;4154.94;5.99661;0;0;0.1;0.01;0;4.85814;0;0;-1
0;1127;7.32649;-5.04082;91.607;9.76217;3896.98;5.86985;0;0;0.1;0.01;0;4.37104;0;0;-1
0;1128;6.66463;10.8055;91.2127;9.29955;3368.79;5.59168;0;0;0.1;0.01;0;4.12383;0;0;-1
0;1129;6.10055;28.7488;90.0558;9.47028;3557.76;5.69434;0;0;0.1;0.01;0;5.3349;0;0;-1
0;1130;23.758;-31.9734;89.8636;8.5;2572.44;5.11093;0;0;0.1;0.01;0;2.94737;1;0;-1
0;1131;20.7098;-13.4736;89.3512;8.96289;3016.01;5.38926;0;0;0.1;0.01;0;4.82338;0;0;-1
0;1132;22.7928;0.121165;90.1646;8.56343;2630.46;5.14907;0;0;0.1;0.01;0;3.46896;0;0;-1
0;1133;20.0088;20.8208;90.9611;8.88242;2935.5;5.34087;0;0;0.1;0.01;0;3.2533;0;0;-1
0;1134;20.8882;36.7163;90.3444;8.61361;2676.97;5.17924;0;0;0.1;0.01;0;2.71957;0;0;-1
0;1135;37.3229;-7.80666;89.7325;9.767;3902.76;5.87276;0;0;0.1;0.01;0;3.63633;0;0;-1
0;1136;35.4223;9.72829;91.1613;8.5238;2594.11;5.12524;0;0;0.1;0.01;0;1.96506;0;0;-1
