Time;ID;x;y;z;radius;volume_total;radius_nuclear;contact_ECM;freezer;polarized_fraction;motility;cell_line;Cell_cell;phase;Cycle;NFkB
0;0;-51.3217;-4.61388;-83.422;8.5;2572.44;5.11093;0;0;0.1;0.01;0;2.64515;1;0;-1
0;1;-37.4346;-33.3429;-84.6879;9.8791;4038.69;5.94016;0;0;0.1;0.01;0;2.67558;0;0;-1
0;2;-37.6586;-13.8242;-86.485;8.5;2572.44;5.11093;0;0;0.1;0.01;0;2.65238;1;0;-1
0;3;-38.5108;0.473253;-85.5892;8.93259;2985.53;5.37104;0;0;0.1;0.01;0;2.49637;0;0;-1
0;4;-35.4903;20.6084;-84.3384;10.0373;4235.84;6.03528;0;0;0.1;0.01;0;3.05392;0;0;-1
0;5;-21.8002;-40.6262;-87.2568;9.31441;3384.97;5.60062;0;0;0.1;0.01;0;2.80912;0;0;-1
0;6;-20.55;-22.398;-85.9353;8.72424;2781.45;5.24576;0;0;0.1;0.01;0;4.23917;0;0;-1
0;7;-21.0342;-8.41653;-84.5079;8.68751;2746.47;5.22367;0;0;0.1;0.01;0;4.10864;0;0;-1
0;8;-20.3062;10.7173;-85.9707;8.9461;2999.09;5.37916;0;0;0.1;0.01;0;3.39594;0;0;-1
0;9;-22.2943;28.7579;-84.0065;9.1147;3171.87;5.48054;0;0;0.1;0.01;0;3.81296;0;0;-1
0;10;-8.84641;-49.3303;-83.4149;10.3831;4688.89;6.24321;0;0;0.1;0.01;0;3.61079;0;0;-1
0;11;-7.09768;-30.7528;-87.1595;9.25676;3322.5;5.56596;0;0;0.1;0.01;0;4.75403;0;0;-1
0;12;-6.80745;-16.6186;-86.2508;8.92614;2979.06;5.36716;0;0;0.1;0.01;0;5.07735;0;0;-1
0;13;-6.59178;0.139684;-85.5143;10.1914;4433.94;6.12794;0;0;0.1;0.01;0;5.02128;0;0;-1
0;14;-7.56461;20.0304;-83.7614;10.1998;4444.92;6.13299;0;0;0.1;0.01;0;5.00869;0;0;-1
0;15;-7.67572;38.2939;-83.9345;9.71243;3837.71;5.83994;0;0;0.1;0.01;0;3.3213;0;0;-1
0;16;7.44568;-40.8697;-85.9509;10.0896;4302.4;6.06673;0;0;0.1;0.01;0;4.84792;0;0;-1
0;17;6.40293;-24.2321;-83.4901;10.0954;4309.82;6.07022;0;0;0.1;0.01;0;6.0375;0;0;-1
0;18;8.72557;-6.0212;-85.8375;8.76963;2825.09;5.27305;0;0;0.1;0.01;0;3.89341;0;0;-1
0;19;6.47586;10.9369;-86.758;8.73724;2793.9;5.25358;0;0;0.1;0.01;0;2.66731;0;0;-1
0;20;7.75068;27.7535;-87.3911;8.84193;2895.54;5.31652;0;0;0.1;0.01;0;3.18451;0;0;-1
0;21;8.87632;45.3814;-83.5777;10.2972;4573.47;6.19156;0;0;0.1;0.01;0;3.80204;0;0;-1
0;22;20.2435;-49.1557;-84.4965;9.44966;3534.57;5.68194;0;0;0.1;0.01;0;3.23393;0;0;-1
0;23;23.337;-34.0353;-86.6629;10.0918;4305.21;6.06805;0;0;0.1;0.01;0;5.12404;0;0;-1
0;24;20.6071;-15.7307;-84.9704;8.5;2572.44;5.11093;0;0;0.1;0.01;0;3.28168;1;0;-1
0;25;22.4787;3.45262;-86.8656;8.58914;2654.22;5.16453;0;0;0.1;0.01;0;3.58876;0;0;-1
0;26;23.6347;20.3938;-84.4852;8.88816;2941.2;5.34432;0;0;0.1;0.01;0;4.47665;0;0;-1
0;27;23.5461;37.7401;-84.8645;9.8457;3997.87;5.92008;0;0;0.1;0.01;0;3.69312;0;0;-1
0;28;36.3544;-40.192;-83.6465;9.99562;4183.29;6.01022;0;0;0.1;0.01;0;3.76914;0;0;-1
0;29;35.4684;-25.5423;-86.1227;8.5;2572.44;5.11093;0;0;0.1;0.01;0;3.01635;1;0;-1
0;30;37.2091;-5.59775;-85.3015;10.2046;4451.19;6.13588;0;0;0.1;0.01;0;2.52957;0;0;-1
0;31;36.562;10.8594;-83.97;10.2277;4481.49;6.14977;0;0;0.1;0.01;0;3.93877;0;0;-1
0;32;37.5889;26.9807;-83.9289;10.0868;4298.82;6.06505;0;0;0.1;0.01;0;4.35732;0;0;-1
0;33;-70.5293;-14.7644;-69.3743;9.3986;3477.59;5.65124;0;0;0.1;0.01;0;2.28056;0;0;-1
0;34;-57.8129;-39.4494;-71.3428;9.97762;4160.73;5.9994;0;0;0.1;0.01;0;3.10532;0;0;-1
0;35;-56.6669;-25.1899;-72.4889;9.30194;3371.39;5.59312;0;0;0.1;0.01;0;3.99679;0;0;-1
0;36;-54.7625;-8.89906;-70.852;8.5;2572.44;5.11093;0;0;0.1;0.01;0;4.50421;1;0;-1
0;37;-56.2916;9.85532;-69.7939;10.3383;4628.45;6.21627;0;0;0.1;0.01;0;3.50736;0;0;-1
0;38;-57.7879;28.475;-71.5055;8.5;2572.44;5.11093;0;0;0.1;0.01;0;2.15798;1;0;-1
0;39;-54.6558;46.9032;-68.5794;9.52835;3623.61;5.72926;0;0;0.1;0.01;0;3.23961;0;0;-1
0;40;-41.5497;-51.316;-72.6723;9.08313;3139.03;5.46155;0;0;0.1;0.01;0;2.11373;0;0;-1
0;41;-41.3957;-30.4538;-70.987;9.44447;3528.75;5.67882;0;0;0.1;0.01;0;5.73788;0;0;-1
0;42;-42.2316;-16.6257;-69.6686;10.4347;4759.14;6.27423;0;0;0.1;0.01;0;6.85633;0;0;-1
0;43;-39.4122;1.73087;-69.1013;8.5;2572.44;5.11093;0;0;0.1;0.01;0;4.22131;1;0;-1
0;44;-42.3784;16.7559;-69.0639;8.5;2572.44;5.11093;0;0;0.1;0.01;0;4.68313;1;0;-1
0;45;-42.4211;34.2501;-69.8612;9.48534;3574.76;5.7034;0;0;0.1;0.01;0;5.21346;0;0;-1
0;46;-41.2114;53.4621;-69.4146;8.5;2572.44;5.11093;0;0;0.1;0.01;0;3.80535;1;0;-1
0;47;-26.5829;-57.1922;-70.3588;8.69547;2754.02;5.22846;0;0;0.1;0.01;0;4.02581;0;0;-1
0;48;-28.559;-42.5879;-68.4926;10.4235;4743.83;6.2675;0;0;0.1;0.01;0;6.38798;0;0;-1
0;49;-26.2489;-24.7428;-70.6791;8.78999;2844.81;5.28529;0;0;0.1;0.01;0;5.81295;0;0;-1
0;50;-24.726;-8.81123;-71.8636;8.5;2572.44;5.11093;0;0;0.1;0.01;0;4.47421;1;0;-1
0;51;-26.8817;11.1055;-69.6522;9.33999;3412.93;5.616;0;0;0.1;0.01;0;5.34991;0;0;-1
0;52;-26.004;26.927;-69.2404;10.0291;4225.46;6.03035;0;0;0.1;0.01;0;6.56867;0;0;-1
0;53;-27.6148;43.7347;-70.6685;9.33376;3406.11;5.61225;0;0;0.1;0.01;0;4.60131;0;0;-1
0;54;-27.1631;62.1975;-69.8017;9.79464;3935.99;5.88937;0;0;0.1;0.01;0;3.74003;0;0;-1
0;55;-13.5674;-63.8493;-69.0193;9.87774;4037.02;5.93934;0;0;0.1;0.01;0;4.04119;0;0;-1
0;56;-13.8214;-48.1363;-68.3375;8.5;2572.44;5.11093;0;0;0.1;0.01;0;5.72303;1;0;-1
0;57;-11.3442;-31.1891;-72.609;8.91585;2968.77;5.36097;0;0;0.1;0.01;0;5.09887;0;0;-1
0;58;-12.6949;-15.0503;-70.9702;9.29638;3365.35;5.58978;0;0;0.1;0.01;0;6.58866;0;0;-1
0;59;-9.95234;1.96583;-71.78;9.45092;3535.99;5.6827;0;0;0.1;0.01;0;5.81009;0;0;-1
0;60;-11.6466;16.585;-70.1482;8.82064;2874.68;5.30372;0;0;0.1;0.01;0;5.34658;0;0;-1
0;61;-11.8847;36.6283;-70.933;9.09843;3154.92;5.47075;0;0;0.1;0.01;0;4.65051;0;0;-1
0;62;-10.7496;55.0847;-70.3615;9.75011;3882.55;5.8626;0;0;0.1;0.01;0;3.31187;0;0;-1
0;63;2.17807;-56.2455;-69.0659;9.01971;3073.73;5.42342;0;0;0.1;0.01;0;4.73803;0;0;-1
0;64;3.94287;-40.1506;-72.0506;8.76763;2823.16;5.27185;0;0;0.1;0.01;0;5.20083;0;0;-1
0;65;2.71825;-22.8983;-68.5014;10.2393;4496.76;6.15674;0;0;0.1;0.01;0;7.06989;0;0;-1
0;66;4.34168;-7.97785;-72.0174;9.90275;4067.77;5.95438;0;0;0.1;0.01;0;6.59522;0;0;-1
0;67;2.35145;10.1711;-69.2171;8.5;2572.44;5.11093;0;0;0.1;0.01;0;4.96874;1;0;-1
0;68;4.39773;26.7913;-69.6895;8.5;2572.44;5.11093;0;0;0.1;0.01;0;4.49461;1;0;-1
0;69;4.43786;45.7929;-70.5448;9.40266;3482.1;5.65368;0;0;0.1;0.01;0;6.0722;0;0;-1
0;70;3.50732;63.7167;-70.1474;9.87208;4030.09;5.93594;0;0;0.1;0.01;0;3.45355;0;0;-1
0;71;16.3326;-66.2699;-69.9007;9.33398;3406.35;5.61239;0;0;0.1;0.01;0;2.891;0;0;-1
0;72;15.9679;-47.1657;-70.9239;8.71329;2770.99;5.23917;0;0;0.1;0.01;0;4.75318;0;0;-1
0;73;19.2578;-30.2039;-70.8802;10.2304;4485.04;6.15139;0;0;0.1;0.01;0;6.89028;0;0;-1
0;74;16.4065;-14.0943;-69.2308;8.5;2572.44;5.11093;0;0;0.1;0.01;0;6.69773;1;0;-1
0;75;16.9958;1.22405;-71.326;9.24351;3308.26;5.55799;0;0;0.1;0.01;0;5.44047;0;0;-1
0;76;16.0039;18.208;-69.2052;8.72477;2781.96;5.24608;0;0;0.1;0.01;0;4.98827;0;0;-1
0;77;17.3082;35.4417;-70.638;9.03495;3089.34;5.43258;0;0;0.1;0.01;0;5.48914;0;0;-1
0;78;19.4555;55.0754;-70.2798;10.194;4437.34;6.1295;0;0;0.1;0.01;0;4.06597;0;0;-1
0;79;31.0822;-57.7957;-69.4735;8.5;2572.44;5.11093;0;0;0.1;0.01;0;3.35926;1;0;-1
0;80;31.7655;-38.529;-68.4322;9.87873;4038.24;5.93994;0;0;0.1;0.01;0;6.27405;0;0;-1
0;81;32.0187;-21.8282;-69.648;8.5;2572.44;5.11093;0;0;0.1;0.01;0;4.93333;1;0;-1
0;82;33.3348;-6.34031;-68.8068;9.53103;3626.67;5.73087;0;0;0.1;0.01;0;5.57034;0;0;-1
0;83;30.5745;12.439;-71.3008;9.73152;3860.39;5.85142;0;0;0.1;0.01;0;6.45167;0;0;-1
0;84;33.6231;28.6037;-68.5222;10.0382;4236.98;6.03582;0;0;0.1;0.01;0;6.8882;0;0;-1
0;85;34.0126;43.7459;-71.9685;8.5;2572.44;5.11093;0;0;0.1;0.01;0;4.23406;1;0;-1
0;86;46.3667;-51.2896;-68.9081;9.61922;3728.28;5.7839;0;0;0.1;0.01;0;2.75895;0;0;-1
0;87;45.9845;-30.4847;-71.9445;9.01313;3067.01;5.41946;0;0;0.1;0.01;0;4.33337;0;0;-1
0;88;47.5555;-13.4208;-72.0019;9.9526;4129.51;5.98435;0;0;0.1;0.01;0;4.86585;0;0;-1
0;89;45.3336;1.65165;-69.0572;8.5;2572.44;5.11093;0;0;0.1;0.01;0;5.76309;1;0;-1
0;90;47.3089;17.1312;-68.9532;10.3912;4699.87;6.24808;0;0;0.1;0.01;0;6.38403;0;0;-1
0;91;48.9695;36.8822;-71.9529;10.2103;4458.66;6.13931;0;0;0.1;0.01;0;3.53647;0;0;-1
0;92;46.7043;54.1103;-69.0029;8.5;2572.44;5.11093;0;0;0.1;0.01;0;2.53764;1;0;-1
0;93;60.0263;-25.6665;-72.046;10.0688;4275.84;6.05422;0;0;0.1;0.01;0;2.75336;0;0;-1
0;94;62.5642;-5.60712;-71.9164;8.73835;2794.97;5.25424;0;0;0.1;0.01;0;2.33676;0;0;-1
0;95;61.3302;9.87358;-68.8403;9.81409;3959.49;5.90107;0;0;0.1;0.01;0;3.63441;0;0;-1
0;96;-80.3917;-8.31145;-55.4098;9.69228;3813.88;5.82783;0;0;0.1;0.01;0;2.96222;0;0;-1
0;97;-80.1253;12.4624;-54.3358;8.7296;2786.58;5.24898;0;0;0.1;0.01;0;2.61294;0;0;-1
0;98;-65.7585;-48.4232;-54.2719;10.1245;4347.2;6.08771;0;0;0.1;0.01;0;4.68019;0;0;-1
0;99;-67.7026;-33.8757;-55.4137;8.95215;3005.18;5.3828;0;0;0.1;0.01;0;3.30376;0;0;-1
0;100;-65.5533;-12.6494;-56.3781;8.50736;2579.13;5.11535;0;0;0.1;0.01;0;4.00101;0;0;-1
0;101;-64.599;1.73368;-53.9667;9.72048;3847.26;5.84478;0;0;0.1;0.01;0;5.33327;0;0;-1
0;102;-68.0125;19.6471;-57.7826;8.68328;2742.46;5.22113;0;0;0.1;0.01;0;3.53416;0;0;-1
0;103;-66.4404;35.4395;-55.5451;8.5;2572.44;5.11093;0;0;0.1;0.01;0;3.49379;1;0;-1
0;104;-52.2516;-59.3459;-54.8715;9.7421;3872.99;5.85778;0;0;0.1;0.01;0;4.06071;0;0;-1
0;105;-52.9143;-42.3677;-57.5549;8.54632;2614.73;5.13878;0;0;0.1;0.01;0;4.59225;0;0;-1
0;106;-51.321;-24.6916;-57.8044;8.5;2572.44;5.11093;0;0;0.1;0.01;0;4.5697;1;0;-1
0;107;-49.8601;-4.79518;-57.1196;9.83619;3986.29;5.91436;0;0;0.1;0.01;0;6.42096;0;0;-1
0;108;-51.7478;12.044;-54.387;9.7551;3888.52;5.8656;0;0;0.1;0.01;0;7.05923;0;0;-1
0;109;-51.0339;27.8539;-57.8118;10.3779;4681.85;6.24008;0;0;0.1;0.01;0;6.92822;0;0;-1
0;110;-52.1423;44.8046;-54.0067;9.75705;3890.85;5.86677;0;0;0.1;0.01;0;6.19873;0;0;-1
0;111;-50.5739;59.7313;-54.4371;10.0947;4308.92;6.0698;0;0;0.1;0.01;0;5.151;0;0;-1
0;112;-38.6631;-66.581;-56.3503;9.78686;3926.62;5.8847;0;0;0.1;0.01;0;4.10191;0;0;-1
0;113;-38.3721;-51.0465;-54.571;9.22818;3291.83;5.54877;0;0;0.1;0.01;0;5.19179;0;0;-1
0;114;-36.5547;-31.2276;-56.251;9.62245;3732.03;5.78584;0;0;0.1;0.01;0;6.18237;0;0;-1
0;115;-36.5245;-14.8558;-55.7935;10.2702;4537.59;6.17532;0;0;0.1;0.01;0;6.81677;0;0;-1
0;116;-37.7519;2.43488;-54.3777;8.98033;3033.65;5.39974;0;0;0.1;0.01;0;5.52317;0;0;-1
0;117;-36.0754;20.9951;-57.02;10.2728;4541.04;6.17689;0;0;0.1;0.01;0;7.54064;0;0;-1
0;118;-35.2036;36.6521;-55.0694;8.75833;2814.18;5.26626;0;0;0.1;0.01;0;6.65497;0;0;-1
0;119;-36.9991;51.2803;-56.5107;10.0445;4244.96;6.03961;0;0;0.1;0.01;0;6.94615;0;0;-1
0;120;-35.9298;70.3119;-57.9306;10.4064;4720.52;6.25722;0;0;0.1;0.01;0;4.27325;0;0;-1
0;121;-23.9315;-76.0253;-57.3321;9.56038;3660.28;5.74852;0;0;0.1;0.01;0;3.14304;0;0;-1
0;122;-21.8281;-56.2169;-56.4058;9.42137;3502.92;5.66493;0;0;0.1;0.01;0;6.51182;0;0;-1
0;123;-21.0904;-40.4643;-54.8473;10.0066;4197.09;6.01682;0;0;0.1;0.01;0;6.98322;0;0;-1
0;124;-23.6234;-22.5411;-56.7409;9.91108;4078.04;5.95939;0;0;0.1;0.01;0;6.87632;0;0;-1
0;125;-21.5848;-7.15108;-56.3439;8.98657;3039.98;5.40349;0;0;0.1;0.01;0;5.62962;0;0;-1
0;126;-22.4074;9.00022;-55.984;9.44496;3529.3;5.67912;0;0;0.1;0.01;0;4.80085;0;0;-1
0;127;-21.4;25.5938;-55.5857;8.61865;2681.68;5.18227;0;0;0.1;0.01;0;5.26444;0;0;-1
0;128;-21.7853;42.3068;-56.7007;8.5;2572.44;5.11093;0;0;0.1;0.01;0;5.12153;1;0;-1
0;129;-22.1147;63.2043;-54.4579;10.3642;4663.33;6.23184;0;0;0.1;0.01;0;7.1377;0;0;-1
0;130;-22.0248;77.9754;-57.0134;9.14647;3205.16;5.49964;0;0;0.1;0.01;0;3.52691;0;0;-1
0;131;-9.28194;-80.7864;-56.0121;8.5;2572.44;5.11093;0;0;0.1;0.01;0;2.46927;1;0;-1
0;132;-5.77168;-65.6667;-55.7446;9.0412;3095.76;5.43634;0;0;0.1;0.01;0;4.74664;0;0;-1
0;133;-6.23368;-47.1128;-55.1274;9.62786;3738.33;5.78909;0;0;0.1;0.01;0;5.88248;0;0;-1
0;134;-8.77577;-29.918;-54.6127;9.80216;3945.06;5.8939;0;0;0.1;0.01;0;5.57576;0;0;-1
0;135;-8.94938;-14.1389;-55.4228;8.61231;2675.76;5.17846;0;0;0.1;0.01;0;5.83929;0;0;-1
0;136;-7.06528;0.36924;-56.7172;8.5;2572.44;5.11093;0;0;0.1;0.01;0;5.338;1;0;-1
0;137;-5.92373;20.9934;-55.1532;10.3787;4682.93;6.24056;0;0;0.1;0.01;0;6.33539;0;0;-1
0;138;-8.23641;36.9523;-55.493;10.3709;4672.38;6.23587;0;0;0.1;0.01;0;6.41287;0;0;-1
0;139;-5.83237;54.9373;-55.1064;10.4463;4775.03;6.28121;0;0;0.1;0.01;0;6.183;0;0;-1
0;140;-8.71941;70.3298;-55.1311;8.9171;2970.02;5.36172;0;0;0.1;0.01;0;3.30263;0;0;-1
0;141;8.98423;-74.3227;-56.902;8.95921;3012.3;5.38704;0;0;0.1;0.01;0;3.46738;0;0;-1
0;142;6.86353;-58.0795;-56.2102;9.9375;4110.74;5.97527;0;0;0.1;0.01;0;6.12497;0;0;-1
0;143;7.34785;-41.7019;-54.9333;8.5;2572.44;5.11093;0;0;0.1;0.01;0;4.37947;1;0;-1
0;144;9.40162;-22.7148;-56.6008;9.348;3421.72;5.62082;0;0;0.1;0.01;0;6.49493;0;0;-1
0;145;6.03394;-8.01652;-56.8612;9.37777;3454.52;5.63872;0;0;0.1;0.01;0;6.47292;0;0;-1
0;146;5.61147;9.72634;-55.2395;8.95394;3006.98;5.38387;0;0;0.1;0.01;0;4.27936;0;0;-1
0;147;8.44385;27.7502;-53.9568;10.1128;4332.14;6.08068;0;0;0.1;0.01;0;6.67657;0;0;-1
0;148;8.53641;44.9748;-55.9764;10.2821;4553.38;6.18248;0;0;0.1;0.01;0;7.6386;0;0;-1
0;149;8.84119;59.843;-57.7126;8.76315;2818.83;5.26915;0;0;0.1;0.01;0;5.80896;0;0;-1
0;150;8.569;79.8427;-54.3469;9.33081;3402.88;5.61048;0;0;0.1;0.01;0;2.807;0;0;-1
0;151;22.2801;-64.2592;-56.6573;9.79249;3933.4;5.88808;0;0;0.1;0.01;0;4.96712;0;0;-1
0;152;24.1788;-49.986;-53.7221;8.97699;3030.27;5.39773;0;0;0.1;0.01;0;5.39979;0;0;-1
0;153;20.2907;-32.6121;-55.288;9.10775;3164.62;5.47636;0;0;0.1;0.01;0;5.15395;0;0;-1
0;154;20.5205;-12.7127;-57.3714;9.31056;3380.77;5.5983;0;0;0.1;0.01;0;6.01061;0;0;-1
0;155;23.6261;1.42185;-56.4413;9.29185;3360.43;5.58705;0;0;0.1;0.01;0;5.68019;0;0;-1
0;156;23.7527;20.66;-55.7364;10.1452;4373.92;6.10016;0;0;0.1;0.01;0;6.42682;0;0;-1
0;157;22.6852;38.2409;-56.2071;10.0929;4306.62;6.06871;0;0;0.1;0.01;0;7.0398;0;0;-1
0;158;22.9284;54.3758;-53.9802;10.4336;4757.64;6.27357;0;0;0.1;0.01;0;7.09784;0;0;-1
0;159;22.0545;70.5672;-57.6933;9.08793;3144.01;5.46444;0;0;0.1;0.01;0;2.4709;0;0;-1
0;160;38.5695;-56.0283;-56.4216;9.06067;3115.8;5.44805;0;0;0.1;0.01;0;4.55377;0;0;-1
0;161;34.9328;-38.3567;-54.7231;8.60039;2664.67;5.17129;0;0;0.1;0.01;0;5.32404;0;0;-1
0;162;38.5225;-25.0988;-56.4539;9.04343;3098.05;5.43768;0;0;0.1;0.01;0;5.60491;0;0;-1
0;163;37.2077;-5.69301;-54.8371;8.57831;2644.2;5.15801;0;0;0.1;0.01;0;5.96632;0;0;-1
0;164;38.4578;8.33171;-55.4098;9.23354;3297.56;5.55199;0;0;0.1;0.01;0;6.96421;0;0;-1
0;165;38.8672;25.4363;-54.6049;9.85015;4003.29;5.92275;0;0;0.1;0.01;0;6.32659;0;0;-1
0;166;36.7844;46.1481;-56.6484;9.17439;3234.6;5.51643;0;0;0.1;0.01;0;5.85582;0;0;-1
0;167;36.3628;60.7354;-54.1227;8.5;2572.44;5.11093;0;0;0.1;0.01;0;4.53847;1;0;-1
0;168;52.8837;-50.958;-56.0579;8.97539;3028.65;5.39677;0;0;0.1;0.01;0;3.28759;0;0;-1
0;169;52.0651;-31.0903;-54.1344;9.95776;4135.93;5.98746;0;0;0.1;0.01;0;5.7321;0;0;-1
0;170;52.91;-15.0628;-54.3826;8.5;2572.44;5.11093;0;0;0.1;0.01;0;5.2295;1;0;-1
0;171;52.2497;0.0391819;-54.3886;9.99184;4178.54;6.00795;0;0;0.1;0.01;0;7.51609;0;0;-1
0;172;51.1953;18.0849;-56.0399;9.0008;3054.44;5.41205;0;0;0.1;0.01;0;6.79164;0;0;-1
0;173;52.9408;34.076;-55.7712;9.24176;3306.38;5.55694;0;0;0.1;0.01;0;5.31036;0;0;-1
0;174;52.6981;55.2601;-56.5086;10.1122;4331.37;6.08032;0;0;0.1;0.01;0;4.26827;0;0;-1
0;175;64.618;-40.8728;-56.6742;9.03274;3087.07;5.43126;0;0;0.1;0.01;0;2.99477;0;0;-1
0;176;67.2823;-25.0836;-56.1029;9.38578;3463.38;5.64353;0;0;0.1;0.01;0;4.42229;0;0;-1
0;177;67.7718;-4.4999;-55.1306;8.5;2572.44;5.11093;0;0;0.1;0.01;0;5.13976;1;0;-1
0;178;65.8318;11.9946;-53.8099;9.54477;3642.38;5.73913;0;0;0.1;0.01;0;5.87315;0;0;-1
0;179;66.0085;26.6451;-55.2777;8.5;2572.44;5.11093;0;0;0.1;0.01;0;3.88962;1;0;-1
0;180;64.7682;46.0639;-54.3194;9.81335;3958.59;5.90062;0;0;0.1;0.01;0;3.39732;0;0;-1
0;181;79.7171;-16.8493;-56.7586;10.1836;4423.77;6.12325;0;0;0.1;0.01;0;2.82702;0;0;-1
0;182;82.2234;1.11856;-54.4689;8.92226;2975.18;5.36483;0;0;0.1;0.01;0;2.82681;0;0;-1
0;183;-87.5173;-21.6605;-40.6304;9.37018;3446.14;5.63415;0;0;0.1;0.01;0;3.14466;0;0;-1
0;184;-84.1177;-8.17281;-40.1213;10.0307;4227.49;6.03131;0;0;0.1;0.01;0;5.21931;0;0;-1
0;185;-86.3087;12.3506;-39.6279;9.63572;3747.5;5.79382;0;0;0.1;0.01;0;4.43961;0;0;-1
0;186;-86.6536;29.3373;-39.2296;9.84885;4001.71;5.92197;0;0;0.1;0.01;0;3.00461;0;0;-1
0;187;-70.179;-48.0385;-39.6429;8.5;2572.44;5.11093;0;0;0.1;0.01;0;4.0576;1;0;-1
0;188;-72.1206;-33.9471;-41.5621;10.2288;4482.94;6.15043;0;0;0.1;0.01;0;5.02583;0;0;-1
0;189;-71.5936;-14.5658;-41.6246;8.5;2572.44;5.11093;0;0;0.1;0.01;0;5.38635;1;0;-1
0;190;-72.6789;3.61558;-40.9314;10.2704;4537.86;6.17544;0;0;0.1;0.01;0;7.38575;0;0;-1
0;191;-70.5096;19.073;-42.07;9.73679;3866.66;5.85459;0;0;0.1;0.01;0;6.24073;0;0;-1
0;192;-69.9865;37.0819;-42.9184;9.92192;4091.44;5.96591;0;0;0.1;0.01;0;5.68403;0;0;-1
0;193;-72.6596;51.3944;-41.1046;9.59208;3696.81;5.76758;0;0;0.1;0.01;0;3.0925;0;0;-1
0;194;-56.9497;-59.204;-39.9355;10.3288;4615.71;6.21056;0;0;0.1;0.01;0;5.25028;0;0;-1
0;195;-56.725;-39.4569;-41.8744;9.50868;3601.22;5.71743;0;0;0.1;0.01;0;6.64203;0;0;-1
0;196;-54.1645;-24.6454;-40.909;9.31218;3382.54;5.59928;0;0;0.1;0.01;0;5.42075;0;0;-1
0;197;-57.4644;-7.32944;-42.0167;10.0834;4294.47;6.063;0;0;0.1;0.01;0;6.9904;0;0;-1
0;198;-55.0659;9.53785;-39.8497;10.2811;4552.05;6.18188;0;0;0.1;0.01;0;6.71325;0;0;-1
0;199;-55.5417;25.8733;-41.5462;9.89022;4052.35;5.94685;0;0;0.1;0.01;0;6.11408;0;0;-1
0;200;-56.9706;42.6499;-40.1074;9.6706;3788.34;5.81479;0;0;0.1;0.01;0;6.52706;0;0;-1
0;201;-54.2536;60.4466;-39.5921;9.62047;3729.73;5.78465;0;0;0.1;0.01;0;5.24101;0;0;-1
0;202;-40.517;-80.6246;-40.984;8.5;2572.44;5.11093;0;0;0.1;0.01;0;2.97161;1;0;-1
0;203;-41.6789;-65.9023;-39.2301;9.46189;3548.32;5.6893;0;0;0.1;0.01;0;6.38265;0;0;-1
0;204;-43.0542;-47.5225;-41.7151;8.5;2572.44;5.11093;0;0;0.1;0.01;0;4.90244;1;0;-1
0;205;-42.5729;-31.6906;-42.2026;8.64528;2706.61;5.19828;0;0;0.1;0.01;0;5.09481;0;0;-1
0;206;-40.2493;-13.4488;-40.6536;9.60474;3711.47;5.77519;0;0;0.1;0.01;0;6.10447;0;0;-1
0;207;-42.0106;1.95039;-39.9894;9.25091;3316.21;5.56244;0;0;0.1;0.01;0;6.47467;0;0;-1
0;208;-41.7815;19.6595;-42.4196;8.59492;2659.59;5.168;0;0;0.1;0.01;0;5.91356;0;0;-1
0;209;-41.4522;34.4602;-41.408;8.78789;2842.77;5.28403;0;0;0.1;0.01;0;5.64226;0;0;-1
0;210;-40.2714;53.6155;-41.2199;9.53739;3633.94;5.73469;0;0;0.1;0.01;0;7.07301;0;0;-1
0;211;-40.8069;68.4797;-42.1373;10.3601;4657.8;6.22938;0;0;0.1;0.01;0;6.08205;0;0;-1
0;212;-27.6612;-72.9641;-42.8753;9.39388;3472.35;5.6484;0;0;0.1;0.01;0;6.10686;0;0;-1
0;213;-28.1439;-57.7286;-40.463;10.4418;4768.86;6.2785;0;0;0.1;0.01;0;7.09432;0;0;-1
0;214;-25.2978;-38.5055;-42.3704;9.23225;3296.18;5.55122;0;0;0.1;0.01;0;5.32901;0;0;-1
0;215;-25.011;-22.3777;-39.8158;9.9908;4177.24;6.00732;0;0;0.1;0.01;0;6.39007;0;0;-1
0;216;-24.7481;-5.17762;-40.6546;8.87426;2927.42;5.33596;0;0;0.1;0.01;0;5.61526;0;0;-1
0;217;-25.4513;9.75473;-41.044;8.5;2572.44;5.11093;0;0;0.1;0.01;0;4.04219;1;0;-1
0;218;-28.1765;27.0172;-42.013;9.3773;3454;5.63843;0;0;0.1;0.01;0;5.49021;0;0;-1
0;219;-27.2169;44.1232;-42.1002;9.59228;3697.04;5.7677;0;0;0.1;0.01;0;6.10636;0;0;-1
0;220;-27.558;60.5353;-40.7606;9.41372;3494.4;5.66033;0;0;0.1;0.01;0;7.06837;0;0;-1
0;221;-25.0133;77.1684;-42.0789;9.57316;3674.98;5.7562;0;0;0.1;0.01;0;5.24696;0;0;-1
0;222;-12.9859;-83.1444;-42.1704;8.61093;2674.48;5.17763;0;0;0.1;0.01;0;4.03533;0;0;-1
0;223;-12.9495;-67.6065;-39.7422;10.0617;4266.8;6.04995;0;0;0.1;0.01;0;6.69544;0;0;-1
0;224;-12.3951;-49.3796;-41.8333;9.18212;3242.78;5.52108;0;0;0.1;0.01;0;5.31935;0;0;-1
0;225;-9.78584;-33.3284;-39.8381;9.50911;3601.71;5.71769;0;0;0.1;0.01;0;6.11755;0;0;-1
0;226;-13.0693;-15.5095;-40.7582;8.69144;2750.2;5.22604;0;0;0.1;0.01;0;6.37354;0;0;-1
0;227;-11.0654;0.258129;-41.4489;8.66025;2720.7;5.20728;0;0;0.1;0.01;0;5.45383;0;0;-1
0;228;-12.5356;20.0344;-39.346;9.95302;4130.03;5.98461;0;0;0.1;0.01;0;6.16069;0;0;-1
0;229;-9.96016;34.3164;-39.7671;8.5;2572.44;5.11093;0;0;0.1;0.01;0;6.08787;1;0;-1
0;230;-11.5624;52.9639;-39.3521;10.1789;4417.65;6.12042;0;0;0.1;0.01;0;6.47221;0;0;-1
0;231;-11.1008;70.7586;-40.0403;9.43087;3513.53;5.67065;0;0;0.1;0.01;0;5.57721;0;0;-1
0;232;-9.78829;87.1011;-39.9608;8.5;2572.44;5.11093;0;0;0.1;0.01;0;2.38875;1;0;-1
0;233;2.81874;-89.5468;-42.05;9.11671;3173.97;5.48175;0;0;0.1;0.01;0;2.88146;0;0;-1
0;234;4.67892;-74.9314;-41.1685;8.55271;2620.59;5.14262;0;0;0.1;0.01;0;5.1766;0;0;-1
0;235;2.01203;-59.7545;-39.3783;9.47364;3561.55;5.69636;0;0;0.1;0.01;0;5.41885;0;0;-1
0;236;3.62623;-40.7661;-39.8059;8.5;2572.44;5.11093;0;0;0.1;0.01;0;4.84993;1;0;-1
0;237;4.67458;-25.2838;-39.5113;9.5216;3615.92;5.7252;0;0;0.1;0.01;0;6.13861;0;0;-1
0;238;1.23256;-8.07954;-42.4278;10.2613;4525.8;6.16997;0;0;0.1;0.01;0;6.26682;0;0;-1
0;239;3.21597;10.4476;-41.0125;8.61838;2681.42;5.18211;0;0;0.1;0.01;0;4.36801;0;0;-1
0;240;4.07223;27.1861;-39.4834;8.90471;2957.66;5.35427;0;0;0.1;0.01;0;6.72706;0;0;-1
0;241;1.22692;43.0312;-40.275;10.0973;4312.25;6.07136;0;0;0.1;0.01;0;7.97673;0;0;-1
0;242;1.51984;60.6219;-40.9721;8.5;2572.44;5.11093;0;0;0.1;0.01;0;5.36225;1;0;-1
0;243;3.9555;76.3848;-41.0735;9.14274;3201.24;5.4974;0;0;0.1;0.01;0;5.26518;0;0;-1
0;244;17.67;-82.3282;-42.0972;8.5;2572.44;5.11093;0;0;0.1;0.01;0;3.29323;1;0;-1
0;245;18.2147;-65.4552;-39.2886;10.2625;4527.39;6.17069;0;0;0.1;0.01;0;5.88455;0;0;-1
0;246;17.921;-46.4598;-40.8025;8.89095;2943.97;5.346;0;0;0.1;0.01;0;5.267;0;0;-1
0;247;17.836;-31.759;-41.1581;8.5;2572.44;5.11093;0;0;0.1;0.01;0;5.83797;1;0;-1
0;248;19.0979;-15.4969;-41.7741;9.48375;3572.97;5.70244;0;0;0.1;0.01;0;5.92442;0;0;-1
0;249;19.7517;1.94081;-42.157;9.10927;3166.21;5.47727;0;0;0.1;0.01;0;4.69296;0;0;-1
0;250;17.6657;17.7349;-40.5161;9.27102;3337.88;5.57453;0;0;0.1;0.01;0;5.598;0;0;-1
0;251;19.0242;36.7157;-42.8365;9.9124;4079.67;5.96018;0;0;0.1;0.01;0;7.63346;0;0;-1
0;252;16.7936;52.0145;-39.6899;10.0976;4312.64;6.07154;0;0;0.1;0.01;0;7.44166;0;0;-1
0;253;18.761;68.4684;-41.1974;10.3155;4597.9;6.20256;0;0;0.1;0.01;0;5.94174;0;0;-1
0;254;16.4116;87.42;-41.1305;10.0767;4285.92;6.05897;0;0;0.1;0.01;0;3.14574;0;0;-1
0;255;32.9549;-75.632;-42.5011;8.64912;2710.22;5.20059;0;0;0.1;0.01;0;2.25225;0;0;-1
0;256;30.5664;-56.4946;-40.5196;9.0958;3152.18;5.46917;0;0;0.1;0.01;0;6.27938;0;0;-1
0;257;33.7137;-41.1814;-40.4657;10.005;4195.08;6.01586;0;0;0.1;0.01;0;7.65295;0;0;-1
0;258;32.7766;-25.2894;-41.5708;10.1242;4346.81;6.08753;0;0;0.1;0.01;0;7.40536;0;0;-1
0;259;33.737;-8.04791;-42.0278;8.5;2572.44;5.11093;0;0;0.1;0.01;0;4.72428;1;0;-1
0;260;33.8439;10.0385;-42.2937;8.5;2572.44;5.11093;0;0;0.1;0.01;0;5.1031;1;0;-1
0;261;33.8483;29.5195;-39.8796;8.93213;2985.06;5.37076;0;0;0.1;0.01;0;6.03409;0;0;-1
0;262;32.9441;46.1545;-39.4189;10.038;4236.72;6.0357;0;0;0.1;0.01;0;7.76612;0;0;-1
0;263;33.9156;60.0864;-39.7076;9.38769;3465.49;5.64468;0;0;0.1;0.01;0;6.20756;0;0;-1
0;264;33.5521;79.8411;-40.4272;8.95437;3007.42;5.38413;0;0;0.1;0.01;0;2.7461;0;0;-1
0;265;47.8274;-65.2744;-41.6089;8.94443;2997.41;5.37816;0;0;0.1;0.01;0;2.4665;0;0;-1
0;266;47.1406;-47.706;-39.9528;9.52788;3623.08;5.72898;0;0;0.1;0.01;0;5.80413;0;0;-1
0;267;47.7664;-30.2374;-39.2215;10.3176;4600.71;6.20382;0;0;0.1;0.01;0;7.65952;0;0;-1
0;268;46.7909;-14.9402;-42.5862;10.067;4273.55;6.05314;0;0;0.1;0.01;0;7.7781;0;0;-1
0;269;46.0822;2.88115;-42.1851;8.5;2572.44;5.11093;0;0;0.1;0.01;0;6.19953;1;0;-1
0;270;47.7559;16.8712;-43.0425;10.1627;4396.59;6.11068;0;0;0.1;0.01;0;7.43784;0;0;-1
0;271;46.8465;37.968;-41.0956;9.52653;3621.54;5.72816;0;0;0.1;0.01;0;6.19074;0;0;-1
0;272;46.7008;52.1414;-42.8783;9.67637;3795.12;5.81826;0;0;0.1;0.01;0;6.60411;0;0;-1
0;273;46.8318;69.2612;-39.8936;9.92643;4097.02;5.96862;0;0;0.1;0.01;0;4.49637;0;0;-1
0;274;60.3741;-55.3645;-39.3284;9.8308;3979.74;5.91112;0;0;0.1;0.01;0;4.74512;0;0;-1
0;275;63.9933;-41.6892;-39.8281;8.94562;2998.61;5.37887;0;0;0.1;0.01;0;4.2815;0;0;-1
0;276;61.2086;-23.3546;-39.8321;8.55006;2618.16;5.14103;0;0;0.1;0.01;0;5.54427;0;0;-1
0;277;63.4143;-7.79468;-42.329;9.67674;3795.56;5.81848;0;0;0.1;0.01;0;6.80347;0;0;-1
0;278;63.5994;8.22543;-39.4667;10.0114;4203.13;6.01971;0;0;0.1;0.01;0;6.56079;0;0;-1
0;279;63.0218;26.1886;-42.277;10.0357;4233.81;6.03432;0;0;0.1;0.01;0;6.07429;0;0;-1
0;280;61.5535;42.1382;-41.1957;8.88075;2933.85;5.33987;0;0;0.1;0.01;0;5.0816;0;0;-1
0;281;61.9969;60.4242;-42.4638;9.23144;3295.32;5.55073;0;0;0.1;0.01;0;3.67659;0;0;-1
0;282;74.9441;-32.4935;-43.1689;9.0112;3065.04;5.4183;0;0;0.1;0.01;0;3.21838;0;0;-1
0;283;77.7396;-14.9988;-41.1221;8.62851;2690.89;5.1882;0;0;0.1;0.01;0;4.46753;0;0;-1
0;284;76.3298;-0.0857279;-41.4672;10.2851;4557.37;6.18428;0;0;0.1;0.01;0;6.87607;0;0;-1
0;285;78.7413;19.7274;-42.8218;8.99017;3043.63;5.40566;0;0;0.1;0.01;0;3.33014;0;0;-1
0;286;76.5326;34.3394;-41.9418;9.23964;3304.1;5.55566;0;0;0.1;0.01;0;3.54252;0;0;-1
0;287;90.5185;-4.56116;-40.535;8.7003;2758.62;5.23136;0;0;0.1;0.01;0;2.23111;0;0;-1
0;288;-95.1298;-13.5121;-24.6987;8.77145;2826.85;5.27415;0;0;0.1;0.01;0;3.17534;0;0;-1
0;289;-95.6319;1.24914;-26.0956;9.92316;4092.97;5.96665;0;0;0.1;0.01;0;3.87548;0;0;-1
0;290;-80.8707;-41.5006;-24.6599;9.90428;4069.65;5.9553;0;0;0.1;0.01;0;2.88745;0;0;-1
0;291;-81.7933;-23.4415;-27.3434;9.5595;3659.27;5.74799;0;0;0.1;0.01;0;3.86528;0;0;-1
0;292;-78.908;-4.65473;-26.484;10.0423;4242.17;6.03829;0;0;0.1;0.01;0;5.59229;0;0;-1
0;293;-82.5742;10.9714;-26.4506;10.1274;4350.93;6.08946;0;0;0.1;0.01;0;6.28616;0;0;-1
0;294;-82.4127;27.6782;-25.1435;10.0349;4232.8;6.03384;0;0;0.1;0.01;0;5.02841;0;0;-1
0;295;-80.4006;44.5603;-28.1108;9.88358;4044.19;5.94285;0;0;0.1;0.01;0;3.28428;0;0;-1
0;296;-64.082;-67.8793;-26.0015;8.5;2572.44;5.11093;0;0;0.1;0.01;0;2.51671;1;0;-1
0;297;-64.3794;-48.9934;-26.129;8.77835;2833.53;5.27829;0;0;0.1;0.01;0;4.35743;0;0;-1
0;298;-64.5279;-31.262;-25.4612;9.74862;3880.77;5.8617;0;0;0.1;0.01;0;5.4684;0;0;-1
0;299;-64.4882;-12.8896;-26.9877;9.28066;3348.31;5.58033;0;0;0.1;0.01;0;5.55882;0;0;-1
0;300;-66.0797;4.44379;-26.0237;8.5;2572.44;5.11093;0;0;0.1;0.01;0;5.9399;1;0;-1
0;301;-65.4734;20.2207;-26.9285;8.59094;2655.89;5.16561;0;0;0.1;0.01;0;5.71329;0;0;-1
0;302;-64.685;35.2178;-27.1743;10.0497;4251.56;6.04274;0;0;0.1;0.01;0;6.3109;0;0;-1
0;303;-64.5487;50.9146;-26.2291;9.27992;3347.51;5.57988;0;0;0.1;0.01;0;5.75044;0;0;-1
0;304;-66.6755;68.6678;-26.7134;9.4554;3541.02;5.68539;0;0;0.1;0.01;0;2.15119;0;0;-1
0;305;-49.7094;-72.4991;-27.7896;8.99661;3050.18;5.40953;0;0;0.1;0.01;0;5.22927;0;0;-1
0;306;-49.6185;-58.1759;-26.2915;9.25063;3315.91;5.56227;0;0;0.1;0.01;0;6.29326;0;0;-1
0;307;-51.5397;-39.7124;-26.3458;9.3425;3415.69;5.61751;0;0;0.1;0.01;0;6.00886;0;0;-1
0;308;-52.4108;-23.1185;-27.5525;9.77632;3913.95;5.87836;0;0;0.1;0.01;0;6.5558;0;0;-1
0;309;-50.4808;-7.03464;-27.8123;9.73264;3861.72;5.8521;0;0;0.1;0.01;0;6.60902;0;0;-1
0;310;-53.0219;8.65324;-26.326;8.9409;2993.87;5.37603;0;0;0.1;0.01;0;5.48666;0;0;-1
0;311;-51.114;26.788;-24.4719;9.14375;3202.3;5.498;0;0;0.1;0.01;0;5.57884;0;0;-1
0;312;-49.992;45.5109;-24.8711;9.78011;3918.5;5.88064;0;0;0.1;0.01;0;7.33841;0;0;-1
0;313;-50.6676;62.4876;-25.5764;8.75947;2815.28;5.26694;0;0;0.1;0.01;0;6.08571;0;0;-1
0;314;-51.7945;78.4827;-28.2615;8.72318;2780.44;5.24512;0;0;0.1;0.01;0;2.65176;0;0;-1
0;315;-36.4335;-82.1748;-26.519;10.3133;4594.96;6.20124;0;0;0.1;0.01;0;6.1959;0;0;-1
0;316;-34.9856;-67.3056;-26.8038;8.88636;2939.41;5.34324;0;0;0.1;0.01;0;6.98995;0;0;-1
0;317;-38.3673;-47.109;-27.1483;10.1598;4392.83;6.10894;0;0;0.1;0.01;0;5.71197;0;0;-1
0;318;-36.0588;-30.0824;-26.0714;9.32899;3400.89;5.60939;0;0;0.1;0.01;0;6.11522;0;0;-1
0;319;-34.6342;-13.7602;-26.8055;8.77558;2830.85;5.27663;0;0;0.1;0.01;0;5.01501;0;0;-1
0;320;-36.5818;4.3145;-27.4464;8.5;2572.44;5.11093;0;0;0.1;0.01;0;4.19342;1;0;-1
0;321;-38.3571;18.5481;-27.4792;9.50184;3593.45;5.71332;0;0;0.1;0.01;0;5.45359;0;0;-1
0;322;-38.241;34.5889;-25.1781;8.5;2572.44;5.11093;0;0;0.1;0.01;0;5.50106;1;0;-1
0;323;-37.6469;52.2774;-27.8706;9.223;3286.29;5.54566;0;0;0.1;0.01;0;6.07371;0;0;-1
0;324;-38.2108;67.7246;-25.7606;8.5;2572.44;5.11093;0;0;0.1;0.01;0;4.48616;1;0;-1
0;325;-35.5409;85.8448;-24.9509;10.2803;4550.99;6.1814;0;0;0.1;0.01;0;3.74625;0;0;-1
0;326;-21.7887;-90.7776;-25.2872;10.3383;4628.45;6.21627;0;0;0.1;0.01;0;3.98661;0;0;-1
0;327;-20.5831;-73.089;-27.022;10.1729;4409.84;6.11682;0;0;0.1;0.01;0;8.27619;0;0;-1
0;328;-20.3469;-59.162;-26.3067;9.74517;3876.65;5.85963;0;0;0.1;0.01;0;7.26672;0;0;-1
0;329;-22.0193;-40.5876;-26.6633;8.61701;2680.15;5.18128;0;0;0.1;0.01;0;4.98687;0;0;-1
0;330;-21.3608;-21.1069;-24.9749;10.094;4308.03;6.06938;0;0;0.1;0.01;0;6.84253;0;0;-1
0;331;-19.7192;-5.48691;-28.0812;8.5;2572.44;5.11093;0;0;0.1;0.01;0;4.65058;1;0;-1
0;332;-21.308;11.808;-25.7688;8.5;2572.44;5.11093;0;0;0.1;0.01;0;4.00144;1;0;-1
0;333;-22.7738;28.7607;-27.7811;8.64731;2708.52;5.1995;0;0;0.1;0.01;0;5.10126;0;0;-1
0;334;-21.2675;44.7685;-27.8831;9.74786;3879.86;5.86125;0;0;0.1;0.01;0;5.84135;0;0;-1
0;335;-21.6931;62.1726;-26.6143;9.66986;3787.47;5.81435;0;0;0.1;0.01;0;6.33944;0;0;-1
0;336;-22.8397;78.7607;-27.9091;9.43208;3514.88;5.67137;0;0;0.1;0.01;0;5.631;0;0;-1
0;337;-5.94204;-81.2649;-28.6519;9.37792;3454.68;5.63881;0;0;0.1;0.01;0;6.09286;0;0;-1
0;338;-7.90941;-66.6089;-26.3306;9.47884;3567.42;5.69949;0;0;0.1;0.01;0;6.68889;0;0;-1
0;339;-8.56264;-48.5907;-24.3808;9.13807;3196.33;5.49459;0;0;0.1;0.01;0;5.18484;0;0;-1
0;340;-8.20128;-29.6871;-25.5456;8.77274;2828.1;5.27492;0;0;0.1;0.01;0;5.56604;0;0;-1
0;341;-6.01077;-13.3234;-27.8146;9.41095;3491.31;5.65867;0;0;0.1;0.01;0;6.59891;0;0;-1
0;342;-5.49652;1.9242;-27.6455;8.53399;2603.42;5.13136;0;0;0.1;0.01;0;5.70926;0;0;-1
0;343;-6.60732;21.1298;-25.6306;9.60397;3710.57;5.77473;0;0;0.1;0.01;0;6.69859;0;0;-1
0;344;-7.09095;35.409;-27.0979;9.34522;3418.67;5.61915;0;0;0.1;0.01;0;7.48397;0;0;-1
0;345;-7.93214;51.5161;-26.0243;8.65073;2711.73;5.20156;0;0;0.1;0.01;0;5.61062;0;0;-1
0;346;-9.34479;72.1621;-24.4859;8.6207;2683.59;5.1835;0;0;0.1;0.01;0;5.03637;0;0;-1
0;347;-9.09963;88.2416;-25.6683;8.64271;2704.2;5.19674;0;0;0.1;0.01;0;3.97037;0;0;-1
0;348;9.34564;-90.4742;-25.4133;10.3115;4592.55;6.20016;0;0;0.1;0.01;0;4.2764;0;0;-1
0;349;6.59317;-75.7924;-25.3139;9.7822;3921.01;5.88189;0;0;0.1;0.01;0;6.67342;0;0;-1
0;350;9.44478;-58.6618;-25.7724;9.33001;3402;5.61;0;0;0.1;0.01;0;5.80952;0;0;-1
0;351;5.72806;-40.0308;-25.3965;9.62018;3729.39;5.78447;0;0;0.1;0.01;0;6.09815;0;0;-1
0;352;8.2621;-25.5203;-26.592;8.72878;2785.8;5.24849;0;0;0.1;0.01;0;5.85985;0;0;-1
0;353;9.02392;-8.76511;-27.6951;10.2426;4501.11;6.15873;0;0;0.1;0.01;0;6.79727;0;0;-1
0;354;5.51486;9.93576;-25.5111;9.14542;3204.05;5.49901;0;0;0.1;0.01;0;4.58312;0;0;-1
0;355;9.4365;29.3315;-27.6617;10.081;4291.4;6.06156;0;0;0.1;0.01;0;6.86139;0;0;-1
0;356;6.25201;44.0485;-25.2378;10.3766;4680.09;6.2393;0;0;0.1;0.01;0;7.20048;0;0;-1
0;357;6.86995;63.4094;-24.6235;10.1832;4423.25;6.12301;0;0;0.1;0.01;0;6.80639;0;0;-1
0;358;5.89913;78.2882;-28.0045;9.05381;3108.73;5.44392;0;0;0.1;0.01;0;5.55667;0;0;-1
0;359;8.24441;95.619;-26.8425;10.0208;4214.98;6.02536;0;0;0.1;0.01;0;2.99698;0;0;-1
0;360;22.5738;-82.3669;-25.2177;9.14669;3205.39;5.49977;0;0;0.1;0.01;0;4.65814;0;0;-1
0;361;23.7013;-65.8988;-25.4754;9.51617;3609.73;5.72193;0;0;0.1;0.01;0;5.43842;0;0;-1
0;362;23.275;-47.2918;-27.4337;10.114;4333.69;6.0814;0;0;0.1;0.01;0;6.26015;0;0;-1
0;363;22.7903;-31.7591;-26.0488;9.7203;3847.05;5.84468;0;0;0.1;0.01;0;6.89772;0;0;-1
0;364;22.1306;-16.0919;-25.5856;10.0142;4206.66;6.02139;0;0;0.1;0.01;0;6.73025;0;0;-1
0;365;22.3166;1.01309;-26.8051;9.03568;3090.09;5.43302;0;0;0.1;0.01;0;5.17158;0;0;-1
0;366;23.3917;18.1885;-28.0122;9.62583;3735.97;5.78787;0;0;0.1;0.01;0;6.2544;0;0;-1
0;367;23.2486;34.9391;-27.5206;9.48752;3577.23;5.70471;0;0;0.1;0.01;0;7.42038;0;0;-1
0;368;20.5934;51.1116;-24.5154;9.78732;3927.17;5.88497;0;0;0.1;0.01;0;6.26175;0;0;-1
0;369;20.2914;69.1517;-26.9555;9.41126;3491.66;5.65885;0;0;0.1;0.01;0;5.36348;0;0;-1
0;370;23.3598;84.5735;-24.8061;9.48309;3572.22;5.70204;0;0;0.1;0.01;0;4.90037;0;0;-1
0;371;38.067;-75.9952;-27.1045;9.08221;3138.07;5.461;0;0;0.1;0.01;0;3.93988;0;0;-1
0;372;35.2276;-56.9124;-27.0383;8.68961;2748.46;5.22494;0;0;0.1;0.01;0;5.60724;0;0;-1
0;373;37.5312;-39.943;-26.8214;9.92192;4091.44;5.96591;0;0;0.1;0.01;0;7.96699;0;0;-1
0;374;37.6927;-23.1702;-27.6911;9.98008;4163.81;6.00088;0;0;0.1;0.01;0;7.59068;0;0;-1
0;375;37.455;-7.21005;-24.8405;9.68117;3800.77;5.82115;0;0;0.1;0.01;0;6.57038;0;0;-1
0;376;35.1304;8.91532;-26.7866;8.8148;2868.97;5.30021;0;0;0.1;0.01;0;5.30924;0;0;-1
0;377;37.2288;25.3896;-24.7113;9.96675;4147.15;5.99286;0;0;0.1;0.01;0;6.88041;0;0;-1
0;378;37.0142;42.1399;-27.097;9.84583;3998.03;5.92015;0;0;0.1;0.01;0;6.57947;0;0;-1
0;379;38.4495;63.6751;-24.9051;8.5;2572.44;5.11093;0;0;0.1;0.01;0;4.58476;1;0;-1
0;380;36.7506;78.8085;-24.8814;8.5;2572.44;5.11093;0;0;0.1;0.01;0;4.35213;1;0;-1
0;381;50.4395;-66.6502;-24.7858;10.2137;4463.11;6.14135;0;0;0.1;0.01;0;5.56944;0;0;-1
0;382;49.9655;-50.7714;-25.2907;10.1728;4409.71;6.11676;0;0;0.1;0.01;0;6.85183;0;0;-1
0;383;50.0733;-33.4162;-25.0336;8.55599;2623.61;5.14459;0;0;0.1;0.01;0;5.20367;0;0;-1
0;384;52.7145;-15.5629;-26.8568;9.21838;3281.35;5.54288;0;0;0.1;0.01;0;6.25997;0;0;-1
0;385;51.8196;1.73448;-28.3368;10.0155;4208.3;6.02217;0;0;0.1;0.01;0;7.16964;0;0;-1
0;386;50.1066;17.7975;-28.5135;9.04577;3100.45;5.43909;0;0;0.1;0.01;0;6.1678;0;0;-1
0;387;50.3082;34.8937;-25.0681;9.38364;3461.01;5.64225;0;0;0.1;0.01;0;5.57734;0;0;-1
0;388;52.9797;54.7655;-24.6909;8.65695;2717.59;5.2053;0;0;0.1;0.01;0;4.39598;0;0;-1
0;389;52.2031;72.6244;-26.938;9.78828;3928.33;5.88555;0;0;0.1;0.01;0;4.37948;0;0;-1
0;390;66.3594;-59.2025;-27.628;8.99162;3045.11;5.40653;0;0;0.1;0.01;0;4.13213;0;0;-1
0;391;66.6353;-42.2236;-25.039;8.84857;2902.07;5.32052;0;0;0.1;0.01;0;5.48365;0;0;-1
0;392;67.4849;-23.2438;-24.8717;10.3678;4668.19;6.23401;0;0;0.1;0.01;0;6.53926;0;0;-1
0;393;65.5573;-5.59845;-26.9255;8.9529;3005.94;5.38325;0;0;0.1;0.01;0;6.84125;0;0;-1
0;394;66.5796;9.45442;-25.0956;9.2484;3313.51;5.56093;0;0;0.1;0.01;0;5.82335;0;0;-1
0;395;64.8746;25.4068;-25.6061;9.8348;3984.6;5.91352;0;0;0.1;0.01;0;4.80928;0;0;-1
0;396;66.3801;46.5056;-25.9035;10.0347;4232.55;6.03372;0;0;0.1;0.01;0;5.81735;0;0;-1
0;397;65.0736;62.2787;-27.5169;10.0508;4252.95;6.0434;0;0;0.1;0.01;0;4.96849;0;0;-1
0;398;79.4186;-51.2652;-25.8205;10.1042;4321.1;6.07551;0;0;0.1;0.01;0;2.17728;0;0;-1
0;399;81.8818;-34.2073;-24.8302;10.2512;4512.45;6.1639;0;0;0.1;0.01;0;3.41424;0;0;-1
0;400;80.7489;-16.8129;-25.3527;8.88357;2936.64;5.34156;0;0;0.1;0.01;0;4.46877;0;0;-1
0;401;79.7977;-0.231057;-26.2391;9.30496;3374.68;5.59494;0;0;0.1;0.01;0;4.87233;0;0;-1
0;402;83.217;17.7922;-25.2688;9.79833;3940.44;5.89159;0;0;0.1;0.01;0;4.14628;0;0;-1
0;403;79.0957;33.7653;-27.9941;8.5;2572.44;5.11093;0;0;0.1;0.01;0;3.36655;1;0;-1
0;404;79.3712;54.6227;-26.5448;10.3516;4646.34;6.22427;0;0;0.1;0.01;0;2.7076;0;0;-1
0;405;-98.4432;0.960876;-11.808;10.2755;4544.62;6.17851;0;0;0.1;0.01;0;3.70459;0;0;-1
0;406;-84.2819;-42.0841;-11.2506;9.08598;3141.98;5.46327;0;0;0.1;0.01;0;3.46878;0;0;-1
0;407;-84.3759;-23.5396;-10.3069;10.4098;4725.15;6.25926;0;0;0.1;0.01;0;5.70375;0;0;-1
0;408;-85.2158;-7.13322;-12.4857;8.91246;2965.39;5.35893;0;0;0.1;0.01;0;5.26889;0;0;-1
0;409;-83.348;11.6468;-11.9297;10.149;4378.83;6.10245;0;0;0.1;0.01;0;5.92333;0;0;-1
0;410;-84.8142;29.143;-12.4304;8.5;2572.44;5.11093;0;0;0.1;0.01;0;4.13044;1;0;-1
0;411;-84.031;42.4983;-11.3161;9.39125;3469.44;5.64682;0;0;0.1;0.01;0;4.12677;0;0;-1
0;412;-70.8131;-68.4419;-10.0653;8.78734;2842.24;5.2837;0;0;0.1;0.01;0;2.1351;0;0;-1
0;413;-69.2294;-49.2674;-11.9933;9.51949;3613.51;5.72393;0;0;0.1;0.01;0;4.76786;0;0;-1
0;414;-69.8904;-32.5552;-10.1425;9.37135;3447.43;5.63486;0;0;0.1;0.01;0;6.79495;0;0;-1
0;415;-72.1629;-15.7379;-11.6957;9.40543;3485.17;5.65535;0;0;0.1;0.01;0;6.587;0;0;-1
0;416;-70.7994;3.17418;-10.3133;8.76929;2824.76;5.27285;0;0;0.1;0.01;0;6.07243;0;0;-1
0;417;-68.3538;17.3768;-12.9545;8.58719;2652.42;5.16335;0;0;0.1;0.01;0;4.934;0;0;-1
0;418;-69.4931;36.4676;-11.9859;9.59908;3704.91;5.77179;0;0;0.1;0.01;0;6.33989;0;0;-1
0;419;-71.9158;53.786;-13.0226;8.9755;3028.76;5.39684;0;0;0.1;0.01;0;4.41751;0;0;-1
0;420;-54.2926;-75.1329;-9.72501;8.85847;2911.82;5.32647;0;0;0.1;0.01;0;3.81375;0;0;-1
0;421;-56.6183;-58.2368;-12.3493;9.39962;3478.72;5.65186;0;0;0.1;0.01;0;5.38494;0;0;-1
0;422;-57.326;-39.2026;-10.3201;8.57706;2643.04;5.15726;0;0;0.1;0.01;0;5.56546;0;0;-1
0;423;-57.3125;-23.953;-11.8632;8.5;2572.44;5.11093;0;0;0.1;0.01;0;5.49274;1;0;-1
0;424;-55.2371;-7.21906;-11.8078;9.00601;3059.75;5.41518;0;0;0.1;0.01;0;5.50046;0;0;-1
0;425;-54.3078;8.59909;-12.5443;10.0595;4264.01;6.04863;0;0;0.1;0.01;0;5.98782;0;0;-1
0;426;-57.3386;29.7707;-12.8225;8.5;2572.44;5.11093;0;0;0.1;0.01;0;5.63924;1;0;-1
0;427;-55.1131;44.721;-11.8297;9.28257;3350.37;5.58147;0;0;0.1;0.01;0;6.85732;0;0;-1
0;428;-57.9527;60.0339;-10.684;9.74725;3879.14;5.86088;0;0;0.1;0.01;0;5.45121;0;0;-1
0;429;-42.7895;-83.6457;-13.2568;10.0889;4301.5;6.06631;0;0;0.1;0.01;0;4.25657;0;0;-1
0;430;-39.3586;-64.6277;-11.5689;9.79525;3936.73;5.88974;0;0;0.1;0.01;0;5.60888;0;0;-1
0;431;-41.0502;-49.3544;-10.6884;8.52157;2592.07;5.1239;0;0;0.1;0.01;0;5.07829;0;0;-1
0;432;-41.2241;-32.6034;-12.3622;9.80366;3946.87;5.8948;0;0;0.1;0.01;0;6.13963;0;0;-1
0;433;-42.0828;-14.3472;-13.521;10.014;4206.41;6.02127;0;0;0.1;0.01;0;6.08288;0;0;-1
0;434;-40.923;3.07262;-10.786;9.48602;3575.53;5.70381;0;0;0.1;0.01;0;5.76968;0;0;-1
0;435;-39.4006;20.0863;-11.2079;10.0097;4200.99;6.01869;0;0;0.1;0.01;0;6.27589;0;0;-1
0;436;-42.1278;36.9045;-13.1687;9.33057;3402.62;5.61034;0;0;0.1;0.01;0;7.19875;0;0;-1
0;437;-42.6593;52.2156;-12.6232;8.5;2572.44;5.11093;0;0;0.1;0.01;0;5.05232;1;0;-1
0;438;-43.0061;70.6866;-12.5519;8.74544;2801.78;5.25851;0;0;0.1;0.01;0;4.7231;0;0;-1
0;439;-43.2513;85.1279;-13.3327;8.5;2572.44;5.11093;0;0;0.1;0.01;0;3.42742;1;0;-1
0;440;-27.9011;-93.1817;-13.0819;9.62079;3730.1;5.78484;0;0;0.1;0.01;0;4.31927;0;0;-1
0;441;-28.1475;-76.8709;-13.0019;10.1441;4372.49;6.0995;0;0;0.1;0.01;0;7.05584;0;0;-1
0;442;-24.697;-56.5732;-12.2844;10.3899;4698.1;6.2473;0;0;0.1;0.01;0;7.30628;0;0;-1
0;443;-27.3638;-41.7522;-10.1911;10.4383;4764.07;6.2764;0;0;0.1;0.01;0;7.63134;0;0;-1
0;444;-26.6314;-22.2854;-11.8647;10.2193;4470.46;6.14472;0;0;0.1;0.01;0;6.64847;0;0;-1
0;445;-24.9505;-7.30584;-10.322;8.54228;2611.02;5.13635;0;0;0.1;0.01;0;4.6973;0;0;-1
0;446;-25.1388;9.14574;-10.2564;9.43114;3513.83;5.67081;0;0;0.1;0.01;0;5.17592;0;0;-1
0;447;-27.4333;28.4669;-10.581;10.2555;4518.13;6.16648;0;0;0.1;0.01;0;6.15077;0;0;-1
0;448;-28.3068;42.959;-10.7731;9.06343;3118.65;5.44971;0;0;0.1;0.01;0;5.62544;0;0;-1
0;449;-24.4458;59.0701;-12.8433;8.80537;2859.77;5.29454;0;0;0.1;0.01;0;4.53464;0;0;-1
0;450;-24.775;77.7007;-12.2447;9.85517;4009.41;5.92577;0;0;0.1;0.01;0;6.45263;0;0;-1
0;451;-24.8621;94.6725;-14.0138;10.1999;4445.05;6.13305;0;0;0.1;0.01;0;3.54439;0;0;-1
0;452;-13.5528;-83.3104;-11.0854;8.5;2572.44;5.11093;0;0;0.1;0.01;0;4.45347;1;0;-1
0;453;-12.7727;-65.4505;-13.2531;8.5;2572.44;5.11093;0;0;0.1;0.01;0;5.52472;1;0;-1
0;454;-12.693;-48.4385;-9.71442;9.49539;3586.14;5.70944;0;0;0.1;0.01;0;6.60693;0;0;-1
0;455;-11.443;-32.3664;-11.7639;10.4018;4714.27;6.25445;0;0;0.1;0.01;0;7.25682;0;0;-1
0;456;-10.3977;-14.2741;-10.7243;8.5;2572.44;5.11093;0;0;0.1;0.01;0;6.06057;1;0;-1
0;457;-10.7173;0.964593;-11.6002;10.2021;4447.92;6.13437;0;0;0.1;0.01;0;7.16182;0;0;-1
0;458;-10.7334;16.9716;-11.6238;9.08701;3143.05;5.46389;0;0;0.1;0.01;0;5.76911;0;0;-1
0;459;-11.5917;34.2456;-12.5358;8.56015;2627.44;5.14709;0;0;0.1;0.01;0;4.61915;0;0;-1
0;460;-10.3543;50.9712;-10.6055;8.54843;2616.66;5.14005;0;0;0.1;0.01;0;5.2208;0;0;-1
0;461;-10.5256;67.4162;-11.627;9.0735;3129.05;5.45576;0;0;0.1;0.01;0;5.91001;0;0;-1
0;462;-11.702;87.2587;-12.4354;8.5;2572.44;5.11093;0;0;0.1;0.01;0;4.79319;1;0;-1
0;463;4.39305;-91.553;-10.5849;8.69412;2752.74;5.22765;0;0;0.1;0.01;0;3.76503;0;0;-1
0;464;1.54159;-75.9972;-12.1214;8.5;2572.44;5.11093;0;0;0.1;0.01;0;5.49082;1;0;-1
0;465;1.34965;-59.4782;-12.8537;8.86284;2916.13;5.3291;0;0;0.1;0.01;0;6.06277;0;0;-1
0;466;1.68123;-41.2636;-12.6213;9.63019;3741.05;5.79049;0;0;0.1;0.01;0;6.53678;0;0;-1
0;467;1.26497;-21.5704;-10.4627;9.21799;3280.93;5.54264;0;0;0.1;0.01;0;6.60882;0;0;-1
0;468;1.59072;-7.45028;-12.1211;8.63646;2698.34;5.19298;0;0;0.1;0.01;0;6.12619;0;0;-1
0;469;3.28236;8.17127;-12.2803;10.1133;4332.79;6.08098;0;0;0.1;0.01;0;6.21232;0;0;-1
0;470;3.19292;25.1294;-13.5571;9.05314;3108.04;5.44352;0;0;0.1;0.01;0;4.72392;0;0;-1
0;471;1.98828;43.7609;-10.4924;9.3009;3370.26;5.5925;0;0;0.1;0.01;0;5.57883;0;0;-1
0;472;2.33334;59.5203;-10.7473;9.45512;3540.71;5.68523;0;0;0.1;0.01;0;6.58724;0;0;-1
0;473;2.70803;76.7519;-10.3974;8.91847;2971.39;5.36255;0;0;0.1;0.01;0;6.03052;0;0;-1
0;474;3.09452;94.0406;-11.465;10.2647;4530.3;6.17202;0;0;0.1;0.01;0;4.45905;0;0;-1
0;475;18.8178;-85.1765;-10.5389;9.35595;3430.46;5.6256;0;0;0.1;0.01;0;5.79971;0;0;-1
0;476;16.0679;-68.1903;-10.5189;9.47166;3559.32;5.69517;0;0;0.1;0.01;0;6.35442;0;0;-1
0;477;15.9653;-51.47;-9.87317;9.86583;4022.44;5.93218;0;0;0.1;0.01;0;5.77937;0;0;-1
0;478;15.5242;-33.3906;-10.5191;9.65096;3765.3;5.80298;0;0;0.1;0.01;0;5.74327;0;0;-1
0;479;16.0318;-16.2951;-11.4675;8.57311;2639.39;5.15489;0;0;0.1;0.01;0;5.90925;0;0;-1
0;480;16.4174;1.11912;-11.4629;9.38448;3461.94;5.64275;0;0;0.1;0.01;0;5.57953;0;0;-1
0;481;19.4895;20.9012;-10.882;9.88972;4051.73;5.94655;0;0;0.1;0.01;0;6.04959;0;0;-1
0;482;19.6246;38.1905;-13.169;8.5;2572.44;5.11093;0;0;0.1;0.01;0;5.0854;1;0;-1
0;483;18.1855;54.5352;-11.4709;8.5;2572.44;5.11093;0;0;0.1;0.01;0;4.93122;1;0;-1
0;484;17.3063;71.4369;-10.32;10.3965;4707.06;6.25126;0;0;0.1;0.01;0;7.11042;0;0;-1
0;485;15.6997;84.9775;-12.5723;8.5;2572.44;5.11093;0;0;0.1;0.01;0;5.45055;1;0;-1
0;486;31.9478;-93.7256;-12.0358;8.83098;2884.8;5.30994;0;0;0.1;0.01;0;1.85701;0;0;-1
0;487;33.3581;-76.6513;-12.3253;9.41174;3492.19;5.65914;0;0;0.1;0.01;0;5.65221;0;0;-1
0;488;32.8893;-55.3905;-10.3534;9.45135;3536.47;5.68296;0;0;0.1;0.01;0;4.99162;0;0;-1
0;489;34.1649;-38.8915;-10.1229;9.62386;3733.67;5.78669;0;0;0.1;0.01;0;6.14386;0;0;-1
0;490;31.2311;-21.3571;-12.2787;9.89423;4057.28;5.94926;0;0;0.1;0.01;0;7.10792;0;0;-1
0;491;33.1381;-6.33994;-10.7807;8.88235;2935.43;5.34083;0;0;0.1;0.01;0;5.56244;0;0;-1
0;492;33.5019;11.7943;-12.9126;10.3784;4682.52;6.24038;0;0;0.1;0.01;0;7.01875;0;0;-1
0;493;31.4734;29.052;-10.8381;9.24443;3309.25;5.55854;0;0;0.1;0.01;0;6.8218;0;0;-1
0;494;33.5375;46.2632;-13.2487;9.56238;3662.58;5.74972;0;0;0.1;0.01;0;5.98914;0;0;-1
0;495;32.7844;63.4871;-10.3673;8.6173;2680.42;5.18146;0;0;0.1;0.01;0;5.98537;0;0;-1
0;496;32.2653;79.3794;-10.1289;10.0567;4260.45;6.04695;0;0;0.1;0.01;0;6.38502;0;0;-1
0;497;45.9659;-82.9372;-10.7913;8.5;2572.44;5.11093;0;0;0.1;0.01;0;4.15676;1;0;-1
0;498;48.1321;-67.8882;-11.4531;9.53328;3629.24;5.73222;0;0;0.1;0.01;0;6.01204;0;0;-1
0;499;47.7011;-47.7318;-11.964;9.34097;3414.01;5.61659;0;0;0.1;0.01;0;6.11379;0;0;-1
0;500;48.6175;-31.7061;-12.5244;9.05733;3112.36;5.44604;0;0;0.1;0.01;0;5.53944;0;0;-1
0;501;45.5565;-14.7366;-10.9529;9.15165;3210.6;5.50275;0;0;0.1;0.01;0;6.26725;0;0;-1
0;502;46.5942;0.437762;-11.0264;10.1585;4391.14;6.10816;0;0;0.1;0.01;0;7.44557;0;0;-1
0;503;47.7378;18.118;-13.4338;10.1742;4411.53;6.1176;0;0;0.1;0.01;0;7.74659;0;0;-1
0;504;47.8997;34.6515;-10.5428;9.51622;3609.79;5.72196;0;0;0.1;0.01;0;6.42896;0;0;-1
0;505;45.9443;55.193;-12.4966;8.5;2572.44;5.11093;0;0;0.1;0.01;0;5.01884;1;0;-1
0;506;46.2855;68.4934;-10.0115;9.24156;3306.16;5.55682;0;0;0.1;0.01;0;6.16874;0;0;-1
0;507;47.6985;85.6441;-13.1001;8.6403;2701.94;5.19529;0;0;0.1;0.01;0;2.33763;0;0;-1
0;508;61.0949;-74.251;-11.2883;10.3036;4582.01;6.19541;0;0;0.1;0.01;0;3.19821;0;0;-1
0;509;60.3055;-56.0681;-13.2989;9.61516;3723.56;5.78146;0;0;0.1;0.01;0;6.39417;0;0;-1
0;510;61.4421;-42.1468;-11.6208;9.39919;3478.24;5.6516;0;0;0.1;0.01;0;6.41218;0;0;-1
0;511;62.5791;-25.7797;-11.865;9.28468;3352.66;5.58274;0;0;0.1;0.01;0;5.84309;0;0;-1
0;512;62.7406;-7.65233;-11.505;9.83406;3983.7;5.91308;0;0;0.1;0.01;0;6.46759;0;0;-1
0;513;60.7356;9.37592;-12.8149;10.2245;4477.29;6.14784;0;0;0.1;0.01;0;6.65802;0;0;-1
0;514;61.9697;28.7542;-10.2197;9.92591;4096.37;5.96831;0;0;0.1;0.01;0;6.30922;0;0;-1
0;515;62.6743;45.9871;-11.1273;9.50542;3597.51;5.71547;0;0;0.1;0.01;0;5.70438;0;0;-1
0;516;63.2358;63.5915;-10.7996;10.0981;4313.28;6.07184;0;0;0.1;0.01;0;5.33242;0;0;-1
0;517;61.0437;77.9243;-13.7954;8.90529;2958.24;5.35462;0;0;0.1;0.01;0;2.77392;0;0;-1
0;518;77.6007;-47.529;-10.8069;8.5;2572.44;5.11093;0;0;0.1;0.01;0;3.89234;1;0;-1
0;519;77.3327;-30.0349;-11.2411;8.60685;2670.68;5.17517;0;0;0.1;0.01;0;5.62912;0;0;-1
0;520;75.2976;-14.4427;-10.8543;10.4528;4783.95;6.28512;0;0;0.1;0.01;0;7.80084;0;0;-1
0;521;74.9388;1.12114;-10.9969;8.5;2572.44;5.11093;0;0;0.1;0.01;0;6.16487;1;0;-1
0;522;76.6087;18.0148;-13.3405;8.69993;2758.26;5.23114;0;0;0.1;0.01;0;5.74969;0;0;-1
0;523;75.0659;34.8507;-12.7101;8.5;2572.44;5.11093;0;0;0.1;0.01;0;5.25416;1;0;-1
0;524;75.3411;51.4801;-10.2291;9.24246;3307.13;5.55736;0;0;0.1;0.01;0;5.72066;0;0;-1
0;525;89.5856;-22.1692;-11.9565;8.5;2572.44;5.11093;0;0;0.1;0.01;0;3.78917;1;0;-1
0;526;90.0688;-4.25159;-10.1467;9.67018;3787.85;5.81454;0;0;0.1;0.01;0;4.11895;0;0;-1
0;527;89.5529;12.0129;-11.0192;8.94815;3001.15;5.38039;0;0;0.1;0.01;0;4.80361;0;0;-1
0;528;89.4272;27.0296;-11.2021;8.57982;2645.59;5.15892;0;0;0.1;0.01;0;4.51312;0;0;-1
0;529;89.2359;43.5634;-9.84405;10.0381;4236.85;6.03576;0;0;0.1;0.01;0;3.29446;0;0;-1
0;530;-93.9354;-16.5774;2.39981;9.45997;3546.16;5.68814;0;0;0.1;0.01;0;3.16977;0;0;-1
0;531;-95.6878;2.72992;3.43279;9.65336;3768.11;5.80443;0;0;0.1;0.01;0;3.78286;0;0;-1
0;532;-95.9071;18.6881;2.16192;10.2032;4449.36;6.13504;0;0;0.1;0.01;0;3.23889;0;0;-1
0;533;-79.6771;-55.9218;3.03432;8.5;2572.44;5.11093;0;0;0.1;0.01;0;2.63951;1;0;-1
0;534;-82.6276;-41.5244;4.6833;9.80047;3943.02;5.89288;0;0;0.1;0.01;0;4.17309;0;0;-1
0;535;-80.5977;-23.224;2.97333;9.80139;3944.13;5.89343;0;0;0.1;0.01;0;6.45248;0;0;-1
0;536;-79.8684;-6.13697;3.72413;9.46528;3552.13;5.69134;0;0;0.1;0.01;0;5.92382;0;0;-1
0;537;-81.7936;10.352;2.71569;8.90491;2957.86;5.35439;0;0;0.1;0.01;0;4.70846;0;0;-1
0;538;-80.603;25.4909;1.20246;8.5;2572.44;5.11093;0;0;0.1;0.01;0;3.69547;1;0;-1
0;539;-82.6863;44.077;2.76977;10.2457;4505.19;6.16059;0;0;0.1;0.01;0;4.42143;0;0;-1
0;540;-78.9034;61.128;3.3704;9.4202;3501.62;5.66423;0;0;0.1;0.01;0;2.55988;0;0;-1
0;541;-63.8859;-65.5084;1.68145;8.86781;2921.04;5.33209;0;0;0.1;0.01;0;4.00805;0;0;-1
0;542;-64.2755;-47.288;4.39934;10.2617;4526.33;6.17021;0;0;0.1;0.01;0;6.23383;0;0;-1
0;543;-68.3948;-33.0509;3.55407;8.92266;2975.58;5.36507;0;0;0.1;0.01;0;5.75643;0;0;-1
0;544;-67.7967;-14.8216;1.72536;10.4365;4761.6;6.27532;0;0;0.1;0.01;0;6.92523;0;0;-1
0;545;-67.1933;0.399869;3.73663;10.3306;4618.12;6.21164;0;0;0.1;0.01;0;6.93352;0;0;-1
0;546;-64.731;17.1277;3.36835;10.4477;4776.95;6.28205;0;0;0.1;0.01;0;6.01867;0;0;-1
0;547;-65.1796;36.5254;3.09824;10.4249;4745.74;6.26834;0;0;0.1;0.01;0;6.60252;0;0;-1
0;548;-65.5669;52.0322;3.2256;9.47993;3568.65;5.70014;0;0;0.1;0.01;0;5.4801;0;0;-1
0;549;-64.9408;70.4103;3.16103;8.5;2572.44;5.11093;0;0;0.1;0.01;0;2.35079;1;0;-1
0;550;-49.9066;-75.3333;3.24138;8.5823;2647.89;5.16041;0;0;0.1;0.01;0;5.00708;0;0;-1
0;551;-50.3423;-59.3879;4.20958;8.71413;2771.79;5.23968;0;0;0.1;0.01;0;5.50838;0;0;-1
0;552;-50.9539;-42.3294;3.33773;8.72965;2786.63;5.24901;0;0;0.1;0.01;0;5.46326;0;0;-1
0;553;-52.1128;-24.4735;3.6559;8.58632;2651.61;5.16283;0;0;0.1;0.01;0;4.18536;0;0;-1
0;554;-49.6373;-5.3762;2.15118;8.5;2572.44;5.11093;0;0;0.1;0.01;0;4.35373;1;0;-1
0;555;-52.3027;10.057;3.75356;8.5;2572.44;5.11093;0;0;0.1;0.01;0;4.98769;1;0;-1
0;556;-52.7555;25.8396;2.70051;8.5;2572.44;5.11093;0;0;0.1;0.01;0;5.4853;1;0;-1
0;557;-50.2689;42.9851;5.11379;9.8444;3996.28;5.91929;0;0;0.1;0.01;0;5.97351;0;0;-1
0;558;-50.755;63.4606;1.83783;9.04923;3104.01;5.44117;0;0;0.1;0.01;0;5.21568;0;0;-1
0;559;-51.455;78.1184;1.28427;9.76208;3896.87;5.8698;0;0;0.1;0.01;0;4.43891;0;0;-1
0;560;-34.9761;-84.0139;3.441;9.36644;3442.01;5.6319;0;0;0.1;0.01;0;5.15577;0;0;-1
0;561;-38.5013;-67.3805;3.24637;9.15764;3216.91;5.50636;0;0;0.1;0.01;0;5.35507;0;0;-1
0;562;-36.7024;-50.3904;4.12409;8.5;2572.44;5.11093;0;0;0.1;0.01;0;5.17332;1;0;-1
0;563;-35.8319;-32.621;2.67832;9.95707;4135.07;5.98704;0;0;0.1;0.01;0;6.05532;0;0;-1
0;564;-38.0794;-14.0895;3.15591;8.97516;3028.41;5.39663;0;0;0.1;0.01;0;4.98365;0;0;-1
0;565;-36.6347;3.18176;4.0327;8.90095;2953.91;5.35201;0;0;0.1;0.01;0;5.85594;0;0;-1
0;566;-38.141;19.9738;2.91802;10.1518;4382.46;6.10413;0;0;0.1;0.01;0;6.8669;0;0;-1
0;567;-38.197;36.3069;1.02707;8.89588;2948.87;5.34896;0;0;0.1;0.01;0;5.93227;0;0;-1
0;568;-35.4187;50.8434;2.86262;9.82839;3976.82;5.90967;0;0;0.1;0.01;0;5.01443;0;0;-1
0;569;-35.7478;71.7417;1.33989;10.4423;4769.55;6.2788;0;0;0.1;0.01;0;6.28795;0;0;-1
0;570;-35.3309;87.8884;3.2955;9.58234;3685.56;5.76172;0;0;0.1;0.01;0;5.14595;0;0;-1
0;571;-20.783;-93.6588;1.59922;9.51832;3612.18;5.72323;0;0;0.1;0.01;0;4.31243;0;0;-1
0;572;-20.5652;-76.6087;4.59265;8.53528;2604.61;5.13214;0;0;0.1;0.01;0;5.264;0;0;-1
0;573;-23.6186;-57.6377;1.54147;9.2155;3278.27;5.54115;0;0;0.1;0.01;0;6.00441;0;0;-1
0;574;-23.2227;-40.3599;2.14825;9.25268;3318.11;5.5635;0;0;0.1;0.01;0;6.41796;0;0;-1
0;575;-21.1686;-23.0783;3.56847;8.5;2572.44;5.11093;0;0;0.1;0.01;0;5.39969;1;0;-1
0;576;-20.5814;-5.19507;3.34273;8.55675;2624.31;5.14505;0;0;0.1;0.01;0;6.16209;0;0;-1
0;577;-20.1923;9.99225;4.06891;10.1133;4332.79;6.08098;0;0;0.1;0.01;0;6.89931;0;0;-1
0;578;-23.9377;27.5234;1.88306;8.5874;2652.61;5.16348;0;0;0.1;0.01;0;3.99306;0;0;-1
0;579;-19.9303;46.9933;1.83231;9.19996;3261.72;5.5318;0;0;0.1;0.01;0;4.54848;0;0;-1
0;580;-22.03;63.322;2.1653;9.89483;4058.01;5.94962;0;0;0.1;0.01;0;6.65932;0;0;-1
0;581;-22.1886;77.5566;1.90858;9.60554;3712.39;5.77567;0;0;0.1;0.01;0;6.19892;0;0;-1
0;582;-23.3682;96.235;1.36021;9.90756;4073.7;5.95727;0;0;0.1;0.01;0;3.41985;0;0;-1
0;583;-7.07138;-98.9505;0.932014;10.0776;4287.06;6.05951;0;0;0.1;0.01;0;2.97498;0;0;-1
0;584;-5.64264;-81.0568;3.71294;8.73414;2790.93;5.25171;0;0;0.1;0.01;0;5.62687;0;0;-1
0;585;-9.08314;-66.648;2.77052;10.3839;4689.97;6.24369;0;0;0.1;0.01;0;5.75168;0;0;-1
0;586;-7.63385;-49.2543;2.31017;8.64791;2709.08;5.19986;0;0;0.1;0.01;0;5.09562;0;0;-1
0;587;-7.46588;-29.9738;2.52114;9.4445;3528.79;5.67884;0;0;0.1;0.01;0;6.35334;0;0;-1
0;588;-8.7847;-14.1941;3.11765;9.71029;3835.18;5.83866;0;0;0.1;0.01;0;6.88181;0;0;-1
0;589;-7.8856;1.80439;3.77572;8.5;2572.44;5.11093;0;0;0.1;0.01;0;5.90057;1;0;-1
0;590;-6.29563;17.3578;1.33835;8.51996;2590.61;5.12293;0;0;0.1;0.01;0;5.93106;0;0;-1
0;591;-6.16623;34.6566;3.69872;9.22465;3288.05;5.54665;0;0;0.1;0.01;0;5.50956;0;0;-1
0;592;-5.76184;51.8004;3.54479;8.5;2572.44;5.11093;0;0;0.1;0.01;0;5.87162;1;0;-1
0;593;-7.56614;71.7863;2.32841;10.3283;4615.04;6.21026;0;0;0.1;0.01;0;6.85555;0;0;-1
0;594;-9.20702;88.3785;3.6823;9.77079;3907.31;5.87503;0;0;0.1;0.01;0;4.97539;0;0;-1
0;595;8.04179;-92.1763;3.10464;8.71605;2773.63;5.24083;0;0;0.1;0.01;0;4.70603;0;0;-1
0;596;8.63479;-76.0892;1.82916;9.61678;3725.44;5.78243;0;0;0.1;0.01;0;7.04037;0;0;-1
0;597;5.95347;-58.9228;1.68529;10.096;4310.59;6.07058;0;0;0.1;0.01;0;6.92045;0;0;-1
0;598;7.03775;-42.7364;3.5908;9.83689;3987.15;5.91478;0;0;0.1;0.01;0;6.72709;0;0;-1
0;599;7.54819;-24.9371;1.84637;9.5353;3631.55;5.73344;0;0;0.1;0.01;0;6.50703;0;0;-1
0;600;9.35773;-8.46258;4.44449;10.1237;4346.17;6.08723;0;0;0.1;0.01;0;5.93104;0;0;-1
0;601;5.7369;10.4508;2.77333;8.89902;2951.99;5.35085;0;0;0.1;0.01;0;4.95958;0;0;-1
0;602;7.62715;25.4219;2.11719;9.91149;4078.55;5.95964;0;0;0.1;0.01;0;6.08865;0;0;-1
0;603;8.38015;44.0599;2.34781;8.5;2572.44;5.11093;0;0;0.1;0.01;0;5.04622;1;0;-1
0;604;6.90967;60.3894;1.62513;8.5;2572.44;5.11093;0;0;0.1;0.01;0;5.6572;1;0;-1
0;605;8.80331;76.5029;2.67919;8.62821;2690.61;5.18802;0;0;0.1;0.01;0;5.79895;0;0;-1
0;606;5.61214;97.9068;1.52306;9.70502;3828.93;5.83549;0;0;0.1;0.01;0;2.82584;0;0;-1
0;607;20.4549;-85.2869;2.17928;8.5;2572.44;5.11093;0;0;0.1;0.01;0;4.15336;1;0;-1
0;608;23.7052;-66.324;2.74038;10.1485;4378.19;6.10215;0;0;0.1;0.01;0;5.92321;0;0;-1
0;609;22.3806;-47.3595;4.38054;8.61569;2678.91;5.18049;0;0;0.1;0.01;0;4.58312;0;0;-1
0;610;21.7414;-31.085;1.47694;8.5;2572.44;5.11093;0;0;0.1;0.01;0;5.79032;1;0;-1
0;611;21.4302;-14.7084;1.4967;8.5;2572.44;5.11093;0;0;0.1;0.01;0;5.46888;1;0;-1
0;612;23.2046;4.33653;1.19769;9.49255;3582.92;5.70773;0;0;0.1;0.01;0;5.44769;0;0;-1
0;613;23.3915;20.8346;4.67391;9.56391;3664.33;5.75064;0;0;0.1;0.01;0;6.83753;0;0;-1
0;614;21.9784;37.3003;4.96243;8.5;2572.44;5.11093;0;0;0.1;0.01;0;5.65823;1;0;-1
0;615;22.7782;51.4237;3.72657;9.88732;4048.78;5.9451;0;0;0.1;0.01;0;6.64417;0;0;-1
0;616;21.1338;67.7514;1.65959;9.16445;3224.09;5.51045;0;0;0.1;0.01;0;5.95844;0;0;-1
0;617;21.4054;89.4952;1.13808;10.1186;4339.6;6.08417;0;0;0.1;0.01;0;4.04386;0;0;-1
0;618;38.0408;-75.9281;1.65859;9.44408;3528.32;5.67859;0;0;0.1;0.01;0;6.03182;0;0;-1
0;619;38.5523;-59.6013;4.02976;8.64248;2703.98;5.1966;0;0;0.1;0.01;0;5.22702;0;0;-1
0;620;34.9;-40.1463;3.41517;8.9796;3032.91;5.3993;0;0;0.1;0.01;0;5.44786;0;0;-1
0;621;35.0435;-25.7245;1.19796;9.54414;3641.66;5.73875;0;0;0.1;0.01;0;6.10451;0;0;-1
0;622;38.0177;-8.85416;4.48509;9.35846;3433.22;5.62711;0;0;0.1;0.01;0;6.01248;0;0;-1
0;623;37.2341;9.08603;1.45446;9.51894;3612.89;5.7236;0;0;0.1;0.01;0;5.74613;0;0;-1
0;624;36.6634;27.2514;2.87435;9.98295;4167.4;6.0026;0;0;0.1;0.01;0;6.51295;0;0;-1
0;625;35.9267;44.535;1.21137;10.3932;4702.58;6.24928;0;0;0.1;0.01;0;6.87944;0;0;-1
0;626;36.0995;62.705;3.83222;10.293;4567.88;6.18903;0;0;0.1;0.01;0;7.82418;0;0;-1
0;627;37.6627;80.0046;2.52842;10.395;4705.03;6.25036;0;0;0.1;0.01;0;5.1375;0;0;-1
0;628;50.8417;-83.5275;2.89686;8.5;2572.44;5.11093;0;0;0.1;0.01;0;2.98903;1;0;-1
0;629;52.182;-64.6103;4.04866;9.83279;3982.16;5.91231;0;0;0.1;0.01;0;5.58521;0;0;-1
0;630;50.321;-48.4717;3.2569;10.1367;4362.93;6.09505;0;0;0.1;0.01;0;6.36161;0;0;-1
0;631;53.4016;-33.651;4.79361;8.5;2572.44;5.11093;0;0;0.1;0.01;0;5.80935;1;0;-1
0;632;51.383;-15.8266;2.99233;8.60239;2666.53;5.17249;0;0;0.1;0.01;0;5.11665;0;0;-1
0;633;52.1575;1.13989;2.46246;8.51441;2585.55;5.11959;0;0;0.1;0.01;0;5.43306;0;0;-1
0;634;52.3779;17.0474;1.66639;9.47502;3563.11;5.69719;0;0;0.1;0.01;0;7.31086;0;0;-1
0;635;50.1837;34.3892;2.73333;9.80689;3950.78;5.89674;0;0;0.1;0.01;0;6.23246;0;0;-1
0;636;51.3761;54.6297;4.70138;8.5;2572.44;5.11093;0;0;0.1;0.01;0;5.01748;1;0;-1
0;637;50.0083;67.7113;3.26187;9.09874;3155.24;5.47094;0;0;0.1;0.01;0;4.69962;0;0;-1
0;638;68.0569;-56.0628;4.68493;9.91865;4087.39;5.96394;0;0;0.1;0.01;0;4.38826;0;0;-1
0;639;67.5944;-39.042;2.40229;9.67029;3787.97;5.81461;0;0;0.1;0.01;0;7.09027;0;0;-1
0;640;64.7317;-24.1591;3.89473;8.59961;2663.94;5.17082;0;0;0.1;0.01;0;5.67689;0;0;-1
0;641;67.8255;-6.65317;4.43093;8.5;2572.44;5.11093;0;0;0.1;0.01;0;4.86559;1;0;-1
0;642;65.6287;12.2015;3.83227;10.2544;4516.68;6.16582;0;0;0.1;0.01;0;6.7196;0;0;-1
0;643;65.4902;25.9348;3.93933;8.5;2572.44;5.11093;0;0;0.1;0.01;0;6.09709;1;0;-1
0;644;66.9184;44.3129;4.36031;9.40417;3483.77;5.65459;0;0;0.1;0.01;0;5.69933;0;0;-1
0;645;67.4213;60.1787;4.32403;9.78995;3930.34;5.88655;0;0;0.1;0.01;0;4.46783;0;0;-1
0;646;82.3285;-47.3921;5.10775;9.16647;3226.23;5.51167;0;0;0.1;0.01;0;3.6762;0;0;-1
0;647;82.1687;-33.1073;3.18349;10.4059;4719.84;6.25692;0;0;0.1;0.01;0;5.82423;0;0;-1
0;648;81.3949;-15.7976;3.84103;9.58771;3691.76;5.76495;0;0;0.1;0.01;0;6.48867;0;0;-1
0;649;79.7756;0.0597265;1.87927;9.17655;3236.88;5.51773;0;0;0.1;0.01;0;5.72785;0;0;-1
0;650;80.9734;18.2549;2.44712;9.17519;3235.44;5.51691;0;0;0.1;0.01;0;6.64308;0;0;-1
0;651;82.5353;36.1056;4.09406;10.3563;4652.67;6.22709;0;0;0.1;0.01;0;5.55329;0;0;-1
0;652;82.801;55.2983;4.89406;9.98006;4163.78;6.00087;0;0;0.1;0.01;0;2.84979;0;0;-1
0;653;95.8397;-23.3887;2.10334;10.372;4673.86;6.23653;0;0;0.1;0.01;0;3.62822;0;0;-1
0;654;96.3585;-7.56398;4.22483;9.30892;3378.99;5.59732;0;0;0.1;0.01;0;3.40587;0;0;-1
0;655;94.5259;12.1163;1.93571;9.59168;3696.35;5.76734;0;0;0.1;0.01;0;4.21248;0;0;-1
0;656;94.3092;26.6332;4.47828;10.0281;4224.2;6.02975;0;0;0.1;0.01;0;4.46536;0;0;-1
0;657;-86.834;-40.7519;19.2034;10.0139;4206.28;6.02121;0;0;0.1;0.01;0;3.22263;0;0;-1
0;658;-85.0796;-21.177;18.562;9.39531;3473.94;5.64926;0;0;0.1;0.01;0;3.28217;0;0;-1
0;659;-84.8775;-4.98884;19.2715;9.9256;4095.99;5.96812;0;0;0.1;0.01;0;4.60276;0;0;-1
0;660;-86.6478;10.4806;17.1911;9.41782;3498.97;5.6628;0;0;0.1;0.01;0;4.71471;0;0;-1
0;661;-85.7271;27.1093;18.3098;8.5;2572.44;5.11093;0;0;0.1;0.01;0;3.21691;1;0;-1
0;662;-84.2564;45.3249;18.9231;8.68184;2741.09;5.22026;0;0;0.1;0.01;0;2.72943;0;0;-1
0;663;-72.1098;-63.6385;19.8443;9.46219;3548.65;5.68948;0;0;0.1;0.01;0;3.35604;0;0;-1
0;664;-70.8093;-48.5624;16.6741;9.04696;3101.68;5.43981;0;0;0.1;0.01;0;6.11197;0;0;-1
0;665;-68.9815;-33.8741;19.1857;8.5;2572.44;5.11093;0;0;0.1;0.01;0;5.46694;1;0;-1
0;666;-71.9588;-13.1847;19.0204;9.90376;4069.01;5.95499;0;0;0.1;0.01;0;7.23463;0;0;-1
0;667;-69.3893;2.17372;19.7064;9.7357;3865.36;5.85394;0;0;0.1;0.01;0;6.9322;0;0;-1
0;668;-70.2488;18.64;19.2989;9.64972;3763.85;5.80224;0;0;0.1;0.01;0;5.8014;0;0;-1
0;669;-70.2947;34.2562;16.745;8.77909;2834.24;5.27874;0;0;0.1;0.01;0;4.32304;0;0;-1
0;670;-70.2562;52.8851;16.2634;8.5;2572.44;5.11093;0;0;0.1;0.01;0;3.91667;1;0;-1
0;671;-58.022;-74.9484;17.121;10.065;4271;6.05194;0;0;0.1;0.01;0;4.51514;0;0;-1
0;672;-57.4991;-58.6515;18.7025;9.47117;3558.77;5.69488;0;0;0.1;0.01;0;6.43844;0;0;-1
0;673;-56.2014;-39.5366;17.4588;10.2399;4497.55;6.1571;0;0;0.1;0.01;0;7.40255;0;0;-1
0;674;-57.0832;-23.2696;16.9178;8.9323;2985.23;5.37086;0;0;0.1;0.01;0;5.73294;0;0;-1
0;675;-55.1859;-6.464;16.0516;9.97374;4155.88;5.99707;0;0;0.1;0.01;0;6.24503;0;0;-1
0;676;-57.1285;8.61759;17.4111;8.70387;2762.01;5.23351;0;0;0.1;0.01;0;5.3855;0;0;-1
0;677;-55.3808;26.77;16.7908;9.65507;3770.12;5.80545;0;0;0.1;0.01;0;5.70969;0;0;-1
0;678;-54.9745;46.9009;18.9452;8.5;2572.44;5.11093;0;0;0.1;0.01;0;4.35113;1;0;-1
0;679;-53.99;61.933;18.2811;8.67427;2733.93;5.21571;0;0;0.1;0.01;0;3.80794;0;0;-1
0;680;-53.7942;78.0475;19.6595;9.60026;3706.27;5.7725;0;0;0.1;0.01;0;2.63871;0;0;-1
0;681;-41.6981;-84.616;16.8492;9.64536;3758.75;5.79962;0;0;0.1;0.01;0;4.32862;0;0;-1
0;682;-40.6351;-67.4686;17.7334;8.98447;3037.85;5.40223;0;0;0.1;0.01;0;5.51545;0;0;-1
0;683;-40.4632;-47.783;16.7368;9.09298;3149.25;5.46748;0;0;0.1;0.01;0;5.25956;0;0;-1
0;684;-42.5285;-33.0302;18.1943;9.56256;3662.78;5.74983;0;0;0.1;0.01;0;6.35446;0;0;-1
0;685;-42.1537;-13.7581;16.4885;8.5;2572.44;5.11093;0;0;0.1;0.01;0;4.91636;1;0;-1
0;686;-39.9896;2.28278;17.7232;8.8338;2887.56;5.31164;0;0;0.1;0.01;0;5.08283;0;0;-1
0;687;-42.2119;18.6833;18.4578;8.81873;2872.81;5.30257;0;0;0.1;0.01;0;5.43512;0;0;-1
0;688;-41.1627;33.7379;18.2711;8.97255;3025.77;5.39506;0;0;0.1;0.01;0;5.19107;0;0;-1
0;689;-39.7066;53.2119;18.5448;8.97931;3032.62;5.39913;0;0;0.1;0.01;0;4.73793;0;0;-1
0;690;-39.5875;71.4827;16.3982;10.2106;4459.05;6.13949;0;0;0.1;0.01;0;5.90368;0;0;-1
0;691;-41.5981;87.7474;18.5404;8.98874;3042.18;5.4048;0;0;0.1;0.01;0;2.93051;0;0;-1
0;692;-27.7624;-93.4546;16.8288;10.4523;4783.26;6.28482;0;0;0.1;0.01;0;3.97896;0;0;-1
0;693;-27.511;-72.8525;18.4994;9.83112;3980.13;5.91131;0;0;0.1;0.01;0;6.16471;0;0;-1
0;694;-25.37;-56.7075;16.2777;8.5;2572.44;5.11093;0;0;0.1;0.01;0;4.45013;1;0;-1
0;695;-24.5042;-40.3778;17.8374;8.88227;2935.35;5.34078;0;0;0.1;0.01;0;5.48696;0;0;-1
0;696;-28.3607;-24.7228;16.3157;9.59361;3698.58;5.7685;0;0;0.1;0.01;0;6.04978;0;0;-1
0;697;-28.3801;-7.18793;16.0147;9.33032;3402.34;5.61019;0;0;0.1;0.01;0;5.29228;0;0;-1
0;698;-26.9617;10.6791;16.4889;9.60486;3711.6;5.77526;0;0;0.1;0.01;0;6.09075;0;0;-1
0;699;-27.4515;28.0505;17.3659;9.05772;3112.76;5.44628;0;0;0.1;0.01;0;5.12825;0;0;-1
0;700;-25.4592;45.9312;17.6343;9.58543;3689.13;5.76358;0;0;0.1;0.01;0;5.76734;0;0;-1
0;701;-28.1546;62.0576;16.4056;9.01678;3070.74;5.42166;0;0;0.1;0.01;0;5.90436;0;0;-1
0;702;-27.4118;80.4113;16.3146;10.1887;4430.42;6.12632;0;0;0.1;0.01;0;5.89092;0;0;-1
0;703;-13.2905;-83.6074;17.6384;9.77088;3907.42;5.87509;0;0;0.1;0.01;0;5.45621;0;0;-1
0;704;-13.7346;-65.6441;17.0243;8.5;2572.44;5.11093;0;0;0.1;0.01;0;4.20775;1;0;-1
0;705;-11.1821;-47.5287;16.2694;9.7905;3931;5.88689;0;0;0.1;0.01;0;5.45074;0;0;-1
0;706;-12.3575;-30.7847;19.3433;8.63701;2698.85;5.19331;0;0;0.1;0.01;0;5.76258;0;0;-1
0;707;-11.5486;-16.1884;17.473;9.71429;3839.92;5.84106;0;0;0.1;0.01;0;6.34256;0;0;-1
0;708;-13.6684;1.66255;17.1264;10.0878;4300.09;6.06565;0;0;0.1;0.01;0;7.02345;0;0;-1
0;709;-13.1791;20.7925;16.6113;10.0841;4295.36;6.06342;0;0;0.1;0.01;0;6.26794;0;0;-1
0;710;-10.9556;37.3195;17.288;8.97727;3030.55;5.3979;0;0;0.1;0.01;0;5.49465;0;0;-1
0;711;-10.023;52.362;18.2984;10.1287;4352.61;6.09024;0;0;0.1;0.01;0;6.6434;0;0;-1
0;712;-11.6713;68.4234;18.3646;8.59754;2662.02;5.16958;0;0;0.1;0.01;0;5.2084;0;0;-1
0;713;-11.0525;85.2586;18.6713;8.5;2572.44;5.11093;0;0;0.1;0.01;0;3.73685;1;0;-1
0;714;1.68199;-91.9838;17.4368;10.248;4508.23;6.16197;0;0;0.1;0.01;0;3.90904;0;0;-1
0;715;4.58539;-72.2725;15.9813;8.68782;2746.76;5.22386;0;0;0.1;0.01;0;5.1528;0;0;-1
0;716;2.81982;-56.9696;17.3304;8.5;2572.44;5.11093;0;0;0.1;0.01;0;5.54377;1;0;-1
0;717;2.96298;-39.855;16.6721;9.887;4048.39;5.94491;0;0;0.1;0.01;0;6.58615;0;0;-1
0;718;2.38401;-24.4709;16.466;8.82136;2875.38;5.30416;0;0;0.1;0.01;0;5.6353;0;0;-1
0;719;4.97423;-8.37079;17.1104;8.57217;2638.52;5.15432;0;0;0.1;0.01;0;4.7433;0;0;-1
0;720;4.1733;9.65047;16.382;9.89258;4055.25;5.94826;0;0;0.1;0.01;0;4.89183;0;0;-1
0;721;2.15939;28.5087;16.6415;9.95865;4137.04;5.98799;0;0;0.1;0.01;0;6.24693;0;0;-1
0;722;2.53541;46.1906;15.6184;8.5982;2662.63;5.16997;0;0;0.1;0.01;0;5.80197;0;0;-1
0;723;2.65943;63.4032;15.889;10.4039;4717.12;6.25571;0;0;0.1;0.01;0;6.71244;0;0;-1
0;724;0.996517;77.9648;15.9314;8.66392;2724.16;5.20949;0;0;0.1;0.01;0;5.68365;0;0;-1
0;725;4.69919;93.0887;17.7707;8.70908;2766.98;5.23664;0;0;0.1;0.01;0;2.89406;0;0;-1
0;726;17.7767;-82.3793;17.1038;10.0453;4245.97;6.04009;0;0;0.1;0.01;0;5.13187;0;0;-1
0;727;15.7964;-64.4117;16.3796;8.5;2572.44;5.11093;0;0;0.1;0.01;0;4.94411;1;0;-1
0;728;16.023;-50.0857;18.3109;9.61978;3728.93;5.78423;0;0;0.1;0.01;0;5.55359;0;0;-1
0;729;18.9327;-33.9818;18.1021;8.5;2572.44;5.11093;0;0;0.1;0.01;0;4.3145;1;0;-1
0;730;18.3573;-17.0129;17.3411;9.30503;3374.75;5.59498;0;0;0.1;0.01;0;5.77429;0;0;-1
0;731;17.4621;2.71848;18.4882;8.54447;2613.03;5.13767;0;0;0.1;0.01;0;4.74024;0;0;-1
0;732;16.5791;21.138;16.221;9.14026;3198.63;5.49591;0;0;0.1;0.01;0;6.27569;0;0;-1
0;733;16.5131;37.0696;17.4409;8.88866;2941.69;5.34462;0;0;0.1;0.01;0;5.88797;0;0;-1
0;734;19.6661;52.9316;17.6951;8.85858;2911.93;5.32654;0;0;0.1;0.01;0;5.16734;0;0;-1
0;735;16.4153;69.7791;17.3853;8.51644;2587.4;5.12081;0;0;0.1;0.01;0;5.15525;0;0;-1
0;736;17.9159;85.6771;16.4562;9.17315;3233.29;5.51568;0;0;0.1;0.01;0;3.56742;0;0;-1
0;737;33.1774;-92.4868;15.93;9.05955;3114.64;5.44738;0;0;0.1;0.01;0;1.68907;0;0;-1
0;738;33.7883;-73.7644;16.1001;9.51316;3606.31;5.72013;0;0;0.1;0.01;0;5.47861;0;0;-1
0;739;33.1788;-55.2471;18.0173;9.15668;3215.9;5.50578;0;0;0.1;0.01;0;4.54367;0;0;-1
0;740;33.6518;-39.0273;18.0762;8.5;2572.44;5.11093;0;0;0.1;0.01;0;5.3302;1;0;-1
0;741;31.4402;-24.486;16.3379;9.37929;3456.2;5.63963;0;0;0.1;0.01;0;6.48293;0;0;-1
0;742;30.7119;-8.05936;18.5954;9.30862;3378.66;5.59714;0;0;0.1;0.01;0;5.49746;0;0;-1
0;743;30.5293;11.5647;17.0177;8.87722;2930.35;5.33774;0;0;0.1;0.01;0;5.13379;0;0;-1
0;744;32.0973;26.8739;16.7686;8.78131;2836.39;5.28007;0;0;0.1;0.01;0;5.40229;0;0;-1
0;745;33.2189;45.7692;16.5246;8.5;2572.44;5.11093;0;0;0.1;0.01;0;5.28842;1;0;-1
0;746;30.4902;63.437;19.4784;9.08213;3137.99;5.46095;0;0;0.1;0.01;0;6.8167;0;0;-1
0;747;30.6495;77.8152;17.8486;9.25776;3323.58;5.56656;0;0;0.1;0.01;0;5.18578;0;0;-1
0;748;45.3096;-81.2463;16.0932;9.99665;4184.58;6.01084;0;0;0.1;0.01;0;4.70877;0;0;-1
0;749;48.903;-67.6369;17.0064;8.61752;2680.62;5.18159;0;0;0.1;0.01;0;5.0837;0;0;-1
0;750;47.509;-48.1704;18.5906;8.5;2572.44;5.11093;0;0;0.1;0.01;0;4.60325;1;0;-1
0;751;46.7617;-31.8977;16.6191;9.52674;3621.78;5.72829;0;0;0.1;0.01;0;6.82892;0;0;-1
0;752;46.3603;-15.3155;17.5064;9.96599;4146.2;5.99241;0;0;0.1;0.01;0;6.40165;0;0;-1
0;753;46.2076;4.39606;19.4812;9.61473;3723.06;5.7812;0;0;0.1;0.01;0;5.42946;0;0;-1
0;754;48.7907;20.4702;17.3386;9.77667;3914.37;5.87857;0;0;0.1;0.01;0;6.22848;0;0;-1
0;755;46.8597;34.8799;18.9843;8.5;2572.44;5.11093;0;0;0.1;0.01;0;5.23506;1;0;-1
0;756;45.0843;54.0915;16.5865;10.1386;4365.39;6.09619;0;0;0.1;0.01;0;6.5735;0;0;-1
0;757;46.9777;68.9821;17.7806;8.7934;2848.13;5.28734;0;0;0.1;0.01;0;5.04278;0;0;-1
0;758;45.9394;86.0497;19.6712;8.5;2572.44;5.11093;0;0;0.1;0.01;0;1.28322;1;0;-1
0;759;61.2211;-75.4434;17.4879;9.74749;3879.42;5.86102;0;0;0.1;0.01;0;2.82119;0;0;-1
0;760;62.3089;-57.9519;18.1667;8.5;2572.44;5.11093;0;0;0.1;0.01;0;4.94828;1;0;-1
0;761;62.5615;-38.7163;16.7018;10.097;4311.87;6.07118;0;0;0.1;0.01;0;7.49638;0;0;-1
0;762;60.4212;-24.2769;16.5081;9.90118;4065.83;5.95344;0;0;0.1;0.01;0;7.54517;0;0;-1
0;763;60.3752;-7.40275;16.7485;8.93108;2984.01;5.37013;0;0;0.1;0.01;0;4.81187;0;0;-1
0;764;62.4582;10.602;16.9691;9.45392;3539.36;5.6845;0;0;0.1;0.01;0;5.7799;0;0;-1
0;765;61.688;28.5325;16.477;10.2254;4478.47;6.14838;0;0;0.1;0.01;0;7.22114;0;0;-1
0;766;61.8691;45.2082;19.0326;8.67367;2733.36;5.21535;0;0;0.1;0.01;0;6.08003;0;0;-1
0;767;62.2925;63.6383;19.0451;10.0225;4217.13;6.02638;0;0;0.1;0.01;0;4.83292;0;0;-1
0;768;75.908;-50.2065;19.5116;8.70096;2759.24;5.23176;0;0;0.1;0.01;0;3.01362;0;0;-1
0;769;76.0468;-33.4784;18.3404;10.0886;4301.12;6.06613;0;0;0.1;0.01;0;6.13439;0;0;-1
0;770;77.6206;-16.9535;16.7482;8.5;2572.44;5.11093;0;0;0.1;0.01;0;4.9623;1;0;-1
0;771;74.8815;0.853428;19.4108;8.71841;2775.88;5.24225;0;0;0.1;0.01;0;4.44628;0;0;-1
0;772;76.4907;20.1042;16.184;9.82373;3971.16;5.90687;0;0;0.1;0.01;0;6.53744;0;0;-1
0;773;74.8223;37.9211;19.0718;10.3722;4674.14;6.23665;0;0;0.1;0.01;0;6.73478;0;0;-1
0;774;76.5206;52.4266;18.757;8.77615;2831.4;5.27697;0;0;0.1;0.01;0;4.58259;0;0;-1
0;775;91.5296;-22.0709;18.6404;9.7875;3927.39;5.88508;0;0;0.1;0.01;0;4.34474;0;0;-1
0;776;92.7455;-7.35602;19.9359;8.5;2572.44;5.11093;0;0;0.1;0.01;0;2.62029;1;0;-1
0;777;91.7018;9.32463;16.2224;9.05672;3111.73;5.44567;0;0;0.1;0.01;0;2.52651;0;0;-1
0;778;89.4672;26.8418;17.3922;9.35384;3428.14;5.62433;0;0;0.1;0.01;0;4.07973;0;0;-1
0;779;-93.5851;2.40932;34.5674;8.55786;2625.33;5.14572;0;0;0.1;0.01;0;2.84512;0;0;-1
0;780;-82.04;-39.7118;31.6359;9.85962;4014.85;5.92845;0;0;0.1;0.01;0;3.15478;0;0;-1
0;781;-79.6819;-25.0887;32.4559;9.32437;3395.84;5.60661;0;0;0.1;0.01;0;4.25321;0;0;-1
0;782;-78.9994;-6.0929;34.0307;9.22038;3283.49;5.54408;0;0;0.1;0.01;0;5.97742;0;0;-1
0;783;-80.1813;10.0438;31.8164;8.73128;2788.19;5.24999;0;0;0.1;0.01;0;4.89417;0;0;-1
0;784;-82.7016;25.8752;30.9222;9.40262;3482.05;5.65366;0;0;0.1;0.01;0;2.74873;0;0;-1
0;785;-79.9013;46.0323;31.3466;8.54151;2610.31;5.13589;0;0;0.1;0.01;0;2.20497;0;0;-1
0;786;-65.9588;-66.8919;33.9553;9.46889;3556.2;5.69351;0;0;0.1;0.01;0;3.41802;0;0;-1
0;787;-66.6242;-47.6779;32.2374;9.70994;3834.76;5.83845;0;0;0.1;0.01;0;4.79122;0;0;-1
0;788;-64.3035;-30.7723;34.2059;9.95636;4134.19;5.98661;0;0;0.1;0.01;0;6.55676;0;0;-1
0;789;-66.7745;-15.5631;31.0186;8.5;2572.44;5.11093;0;0;0.1;0.01;0;5.95275;1;0;-1
0;790;-65.6066;0.0190833;34.1248;8.9441;2997.08;5.37796;0;0;0.1;0.01;0;5.98673;0;0;-1
0;791;-66.5508;18.1293;33.8926;8.5;2572.44;5.11093;0;0;0.1;0.01;0;4.43078;1;0;-1
0;792;-64.406;35.1656;31.6592;8.58667;2651.94;5.16304;0;0;0.1;0.01;0;4.16517;0;0;-1
0;793;-66.8423;53.0611;33.1997;9.91933;4088.23;5.96435;0;0;0.1;0.01;0;3.57277;0;0;-1
0;794;-53.1884;-73.3259;30.6173;10.1149;4334.84;6.08194;0;0;0.1;0.01;0;4.85201;0;0;-1
0;795;-50.1859;-58.7177;30.9854;9.48167;3570.62;5.70119;0;0;0.1;0.01;0;6.02622;0;0;-1
0;796;-49.8374;-38.402;31.6529;9.72083;3847.68;5.84499;0;0;0.1;0.01;0;6.12687;0;0;-1
0;797;-52.8051;-21.294;31.1182;8.5;2572.44;5.11093;0;0;0.1;0.01;0;4.91581;1;0;-1
0;798;-52.7049;-7.29147;34.195;9.66627;3783.25;5.81219;0;0;0.1;0.01;0;4.47842;0;0;-1
0;799;-51.671;11.8713;31.7776;8.5;2572.44;5.11093;0;0;0.1;0.01;0;4.16246;1;0;-1
0;800;-50.7091;29.402;32.6054;8.5;2572.44;5.11093;0;0;0.1;0.01;0;5.23794;1;0;-1
0;801;-52.78;43.3421;33.13;8.5;2572.44;5.11093;0;0;0.1;0.01;0;5.24099;1;0;-1
0;802;-51.6425;60.0705;33.973;8.5;2572.44;5.11093;0;0;0.1;0.01;0;4.23775;1;0;-1
0;803;-35.6434;-85.3923;34.2842;10.1766;4414.65;6.11904;0;0;0.1;0.01;0;3.63735;0;0;-1
0;804;-38.0012;-66.3766;31.2863;8.5;2572.44;5.11093;0;0;0.1;0.01;0;4.55983;1;0;-1
0;805;-37.9495;-47.2936;33.13;9.74583;3877.44;5.86003;0;0;0.1;0.01;0;5.96517;0;0;-1
0;806;-34.4745;-33.0318;33.0249;10.2533;4515.23;6.16516;0;0;0.1;0.01;0;6.51999;0;0;-1
0;807;-35.1757;-16.2787;32.7146;8.8572;2910.57;5.32571;0;0;0.1;0.01;0;4.12916;0;0;-1
0;808;-35.3363;2.98193;32.2969;8.80953;2863.83;5.29704;0;0;0.1;0.01;0;4.53463;0;0;-1
0;809;-38.3041;17.6741;32.7611;8.96634;3019.49;5.39133;0;0;0.1;0.01;0;4.90133;0;0;-1
0;810;-36.9789;37.9423;31.6592;9.65063;3764.92;5.80278;0;0;0.1;0.01;0;6.0832;0;0;-1
0;811;-36.8426;52.4697;32.4167;8.9865;3039.91;5.40345;0;0;0.1;0.01;0;5.22351;0;0;-1
0;812;-37.9075;69.1938;32.1262;8.5;2572.44;5.11093;0;0;0.1;0.01;0;3.35544;1;0;-1
0;813;-20.9668;-91.0258;34.0185;9.86408;4020.3;5.93113;0;0;0.1;0.01;0;3.76549;0;0;-1
0;814;-22.9259;-74.3011;32.2338;8.5;2572.44;5.11093;0;0;0.1;0.01;0;5.11996;1;0;-1
0;815;-22.8353;-57.0538;34.4193;8.61747;2680.57;5.18156;0;0;0.1;0.01;0;4.58662;0;0;-1
0;816;-21.8613;-42.7442;31.8922;8.61331;2676.69;5.17906;0;0;0.1;0.01;0;5.67914;0;0;-1
0;817;-20.4307;-21.6626;31.3774;8.5;2572.44;5.11093;0;0;0.1;0.01;0;3.9579;1;0;-1
0;818;-20.9566;-4.75563;34.0451;9.37895;3455.82;5.63943;0;0;0.1;0.01;0;5.8999;0;0;-1
0;819;-21.79;11.192;31.6486;8.93559;2988.53;5.37284;0;0;0.1;0.01;0;5.87709;0;0;-1
0;820;-22.9957;29.371;33.7829;9.49202;3582.32;5.70741;0;0;0.1;0.01;0;5.55543;0;0;-1
0;821;-20.7376;44.299;33.8141;9.19925;3260.96;5.53138;0;0;0.1;0.01;0;6.29618;0;0;-1
0;822;-20.4302;59.6964;30.986;8.65751;2718.11;5.20564;0;0;0.1;0.01;0;5.12122;0;0;-1
0;823;-21.7701;76.7169;32.6745;10.0526;4255.24;6.04448;0;0;0.1;0.01;0;4.73893;0;0;-1
0;824;-6.81835;-81.4829;33.0069;10.2345;4490.44;6.15386;0;0;0.1;0.01;0;5.73661;0;0;-1
0;825;-7.58288;-65.8515;32.0411;9.11861;3175.96;5.48289;0;0;0.1;0.01;0;4.85281;0;0;-1
0;826;-8.80972;-46.9439;30.7976;9.1191;3176.47;5.48318;0;0;0.1;0.01;0;5.15032;0;0;-1
0;827;-5.46241;-32.6276;31.1686;8.5;2572.44;5.11093;0;0;0.1;0.01;0;4.7428;1;0;-1
0;828;-8.84157;-13.1755;31.5908;10.4144;4731.42;6.26203;0;0;0.1;0.01;0;6.59046;0;0;-1
0;829;-7.46501;3.47847;31.9496;9.30981;3379.96;5.59785;0;0;0.1;0.01;0;6.08507;0;0;-1
0;830;-6.85515;20.998;33.6329;10.0649;4270.88;6.05188;0;0;0.1;0.01;0;5.67499;0;0;-1
0;831;-7.48145;37.7967;34.087;9.13604;3194.2;5.49337;0;0;0.1;0.01;0;6.14347;0;0;-1
0;832;-5.85046;51.723;33.69;8.5;2572.44;5.11093;0;0;0.1;0.01;0;5.4922;1;0;-1
0;833;-7.20238;69.7856;32.3993;8.73803;2794.66;5.25405;0;0;0.1;0.01;0;4.34811;0;0;-1
0;834;-6.78784;88.6491;31.1363;8.56897;2635.57;5.1524;0;0;0.1;0.01;0;2.16669;0;0;-1
0;835;8.25103;-89.4375;34.6623;8.757;2812.9;5.26546;0;0;0.1;0.01;0;3.18253;0;0;-1
0;836;7.70325;-74.475;32.497;10.4534;4784.77;6.28548;0;0;0.1;0.01;0;7.03295;0;0;-1
0;837;6.34021;-58.9461;31.8161;8.79873;2853.31;5.29055;0;0;0.1;0.01;0;5.10229;0;0;-1
0;838;8.48685;-42.9155;33.1981;10.0561;4259.68;6.04659;0;0;0.1;0.01;0;6.75097;0;0;-1
0;839;6.86544;-23.8806;32.7527;8.90408;2957.03;5.35389;0;0;0.1;0.01;0;4.87881;0;0;-1
0;840;7.21348;-6.04376;33.7221;9.87605;4034.95;5.93833;0;0;0.1;0.01;0;6.05129;0;0;-1
0;841;5.64947;8.79221;34.3829;9.10205;3158.68;5.47293;0;0;0.1;0.01;0;4.74108;0;0;-1
0;842;8.33794;27.8199;31.0405;9.25309;3318.55;5.56375;0;0;0.1;0.01;0;5.15875;0;0;-1
0;843;6.79061;42.8927;30.5903;10.1876;4428.99;6.12566;0;0;0.1;0.01;0;6.4201;0;0;-1
0;844;8.64035;61.5761;30.9065;8.68436;2743.48;5.22178;0;0;0.1;0.01;0;4.75589;0;0;-1
0;845;9.11936;78.9365;31.9057;9.46328;3549.88;5.69013;0;0;0.1;0.01;0;4.70461;0;0;-1
0;846;23.1426;-82.6646;33.8579;9.93443;4106.93;5.97343;0;0;0.1;0.01;0;4.7653;0;0;-1
0;847;22.6503;-67.9641;33.0026;9.85623;4010.71;5.92641;0;0;0.1;0.01;0;5.40298;0;0;-1
0;848;23.8664;-47.7363;33.3901;8.90151;2954.47;5.35235;0;0;0.1;0.01;0;5.89535;0;0;-1
0;849;21.1384;-32.2885;32.4697;10.1635;4397.63;6.11117;0;0;0.1;0.01;0;7.03906;0;0;-1
0;850;22.116;-14.0048;32.2158;10.1553;4386.99;6.10623;0;0;0.1;0.01;0;6.79606;0;0;-1
0;851;22.3349;0.480879;30.9394;8.92445;2977.37;5.36614;0;0;0.1;0.01;0;5.12766;0;0;-1
0;852;23.0103;19.3351;30.4844;9.06881;3124.2;5.45294;0;0;0.1;0.01;0;4.82358;0;0;-1
0;853;22.1092;37.5548;33.9882;9.3486;3422.38;5.62118;0;0;0.1;0.01;0;5.7367;0;0;-1
0;854;23.7925;51.3903;32.5722;9.90615;4071.96;5.95642;0;0;0.1;0.01;0;6.81326;0;0;-1
0;855;22.3289;68.7586;31.0001;8.75237;2808.44;5.26267;0;0;0.1;0.01;0;5.90379;0;0;-1
0;856;20.857;89.3868;34.2273;9.34689;3420.5;5.62015;0;0;0.1;0.01;0;1.60384;0;0;-1
0;857;35.7857;-74.7231;32.7916;8.5;2572.44;5.11093;0;0;0.1;0.01;0;3.42736;1;0;-1
0;858;37.1866;-55.0867;32.8383;9.55435;3653.36;5.74489;0;0;0.1;0.01;0;5.76009;0;0;-1
0;859;35.578;-38.4162;30.8897;8.5;2572.44;5.11093;0;0;0.1;0.01;0;5.30927;1;0;-1
0;860;37.5003;-21.9814;32.1827;8.5;2572.44;5.11093;0;0;0.1;0.01;0;4.75698;1;0;-1
0;861;35.8988;-4.81221;33.2121;9.17157;3231.62;5.51473;0;0;0.1;0.01;0;5.72546;0;0;-1
0;862;38.7412;9.35532;32.4843;8.59517;2659.82;5.16815;0;0;0.1;0.01;0;4.91381;0;0;-1
0;863;38.1047;25.5635;33.0008;9.81869;3965.06;5.90384;0;0;0.1;0.01;0;5.59333;0;0;-1
0;864;38.3497;43.1667;33.0916;9.76301;3897.98;5.87036;0;0;0.1;0.01;0;6.02001;0;0;-1
0;865;35.3775;61.8602;33.7061;9.76121;3895.83;5.86927;0;0;0.1;0.01;0;6.62623;0;0;-1
0;866;36.856;77.2526;32.1615;10.0224;4217;6.02632;0;0;0.1;0.01;0;5.23718;0;0;-1
0;867;52.8289;-64.6648;31.9351;9.06145;3116.6;5.44852;0;0;0.1;0.01;0;3.97289;0;0;-1
0;868;53.1688;-49.3375;32.1209;9.43641;3519.73;5.67398;0;0;0.1;0.01;0;5.65572;0;0;-1
0;869;52.0706;-33.384;32.402;9.52844;3623.71;5.72931;0;0;0.1;0.01;0;6.14039;0;0;-1
0;870;51.5462;-17.3164;31.5991;9.93219;4104.15;5.97208;0;0;0.1;0.01;0;6.32148;0;0;-1
0;871;53.2122;0.915322;33.8737;10.0205;4214.6;6.02518;0;0;0.1;0.01;0;6.8676;0;0;-1
0;872;52.4644;17.824;33.3882;8.9672;3020.36;5.39185;0;0;0.1;0.01;0;6.01626;0;0;-1
0;873;53.4778;38.1496;32.2391;8.9671;3020.26;5.39179;0;0;0.1;0.01;0;6.0366;0;0;-1
0;874;53.2617;53.1807;33.3242;9.60563;3712.5;5.77573;0;0;0.1;0.01;0;6.96888;0;0;-1
0;875;51.4242;68.33;32.4251;9.14929;3208.12;5.50134;0;0;0.1;0.01;0;4.86834;0;0;-1
0;876;67.259;-58.0699;32.4322;8.83388;2887.64;5.31168;0;0;0.1;0.01;0;3.29231;0;0;-1
0;877;67.6929;-38.6034;31.5533;9.31078;3381.01;5.59844;0;0;0.1;0.01;0;5.34636;0;0;-1
0;878;66.3883;-21.8179;31.9637;9.12977;3187.63;5.4896;0;0;0.1;0.01;0;5.27218;0;0;-1
0;879;66.9419;-4.76939;32.621;9.85842;4013.38;5.92772;0;0;0.1;0.01;0;5.72486;0;0;-1
0;880;67.2108;10.3587;32.9739;8.94914;3002.15;5.38099;0;0;0.1;0.01;0;6.55089;0;0;-1
0;881;66.213;28.0152;33.7886;8.61621;2679.4;5.1808;0;0;0.1;0.01;0;5.82174;0;0;-1
0;882;67.3136;45.6436;31.0866;9.11558;3172.79;5.48107;0;0;0.1;0.01;0;6.46715;0;0;-1
0;883;67.0134;59.5002;32.0783;9.87652;4035.53;5.93861;0;0;0.1;0.01;0;4.75455;0;0;-1
0;884;79.9428;-30.2584;33.8296;9.91075;4077.63;5.95919;0;0;0.1;0.01;0;4.39855;0;0;-1
0;885;80.1787;-15.9637;30.7195;8.8039;2858.34;5.29366;0;0;0.1;0.01;0;4.50634;0;0;-1
0;886;79.6571;3.6869;33.5522;10.0827;4293.58;6.06258;0;0;0.1;0.01;0;4.94857;0;0;-1
0;887;80.7142;19.7007;34.1903;8.73611;2792.82;5.2529;0;0;0.1;0.01;0;3.84791;0;0;-1
0;888;80.544;33.6384;31.9202;8.98096;3034.29;5.40012;0;0;0.1;0.01;0;4.25708;0;0;-1
0;889;-86.3531;-6.44463;47.2376;9.7781;3916.08;5.87943;0;0;0.1;0.01;0;3.24482;0;0;-1
0;890;-85.6604;9.85787;47.8007;10.4049;4718.48;6.25632;0;0;0.1;0.01;0;3.02253;0;0;-1
0;891;-69.0212;-49.9836;48.794;10.4318;4755.17;6.27249;0;0;0.1;0.01;0;2.88033;0;0;-1
0;892;-69.3899;-33.7432;47.9882;8.5;2572.44;5.11093;0;0;0.1;0.01;0;4.09385;1;0;-1
0;893;-69.364;-13.3652;47.6985;9.91875;4087.52;5.964;0;0;0.1;0.01;0;5.72549;0;0;-1
0;894;-71.5187;0.837774;46.7791;8.91111;2964.04;5.35812;0;0;0.1;0.01;0;5.6231;0;0;-1
0;895;-68.5686;18.0362;47.0531;8.75571;2811.66;5.26468;0;0;0.1;0.01;0;3.93434;0;0;-1
0;896;-70.5837;36.4604;49.3674;9.25688;3322.63;5.56603;0;0;0.1;0.01;0;1.72251;0;0;-1
0;897;-56.6387;-59.6056;46.1489;8.92538;2978.3;5.3667;0;0;0.1;0.01;0;4.10062;0;0;-1
0;898;-57.059;-39.1316;47.608;9.30218;3371.65;5.59327;0;0;0.1;0.01;0;5.77826;0;0;-1
0;899;-57.0474;-23.2666;47.259;8.5;2572.44;5.11093;0;0;0.1;0.01;0;5.45202;1;0;-1
0;900;-56.8244;-6.91351;48.8068;9.56046;3660.37;5.74857;0;0;0.1;0.01;0;5.90499;0;0;-1
0;901;-54.5992;12.7577;45.984;8.6949;2753.48;5.22812;0;0;0.1;0.01;0;4.42028;0;0;-1
0;902;-57.7029;29.7429;45.9858;8.5;2572.44;5.11093;0;0;0.1;0.01;0;4.65667;1;0;-1
0;903;-56.305;45.9437;47.029;8.5;2572.44;5.11093;0;0;0.1;0.01;0;4.45901;1;0;-1
0;904;-54.4426;61.2996;46.4138;8.73256;2789.42;5.25076;0;0;0.1;0.01;0;3.49941;0;0;-1
0;905;-40.6507;-64.3865;45.8776;8.77308;2828.43;5.27513;0;0;0.1;0.01;0;3.66439;0;0;-1
0;906;-40.4043;-50.5776;48.2094;9.14813;3206.9;5.50064;0;0;0.1;0.01;0;5.15957;0;0;-1
0;907;-43.1996;-30.0719;46.0958;10.1709;4407.24;6.11561;0;0;0.1;0.01;0;6.05293;0;0;-1
0;908;-41.5036;-14.2931;49.077;8.5;2572.44;5.11093;0;0;0.1;0.01;0;4.98824;1;0;-1
0;909;-41.6419;0.771076;49.2596;8.65928;2719.78;5.2067;0;0;0.1;0.01;0;4.60033;0;0;-1
0;910;-42.0956;16.7757;48.2715;10.2808;4551.66;6.1817;0;0;0.1;0.01;0;5.92205;0;0;-1
0;911;-42.3289;35.8769;45.2226;8.59133;2656.26;5.16584;0;0;0.1;0.01;0;4.94864;0;0;-1
0;912;-41.2208;53.2403;48.9026;10.1348;4360.48;6.09391;0;0;0.1;0.01;0;6.53491;0;0;-1
0;913;-42.4862;69.7235;48.0986;9.85071;4003.97;5.92309;0;0;0.1;0.01;0;4.23744;0;0;-1
0;914;-27.8291;-76.7446;46.7385;9.0812;3137.03;5.46039;0;0;0.1;0.01;0;2.96266;0;0;-1
0;915;-26.1667;-55.5067;48.3126;8.59395;2658.69;5.16742;0;0;0.1;0.01;0;5.99503;0;0;-1
0;916;-27.6885;-41.4914;46.529;9.63897;3751.29;5.79577;0;0;0.1;0.01;0;7.57603;0;0;-1
0;917;-28.0322;-24.2534;49.4379;8.5;2572.44;5.11093;0;0;0.1;0.01;0;4.80351;1;0;-1
0;918;-25.7025;-8.79462;47.3247;8.5;2572.44;5.11093;0;0;0.1;0.01;0;4.63738;1;0;-1
0;919;-26.6752;12.0267;46.537;9.92574;4096.16;5.9682;0;0;0.1;0.01;0;5.78003;0;0;-1
0;920;-26.9567;29.5833;48.5564;10.2075;4454.99;6.13762;0;0;0.1;0.01;0;7.06321;0;0;-1
0;921;-26.3504;45.1524;48.8392;9.22863;3292.31;5.54904;0;0;0.1;0.01;0;6.11821;0;0;-1
0;922;-25.8931;60.8815;46.5219;10.3198;4603.65;6.20515;0;0;0.1;0.01;0;6.87324;0;0;-1
0;923;-25.5688;79.3353;48.5018;9.1597;3219.08;5.50759;0;0;0.1;0.01;0;3.17716;0;0;-1
0;924;-12.3619;-80.79;46.0111;8.874;2927.16;5.33581;0;0;0.1;0.01;0;3.072;0;0;-1
0;925;-11.8857;-64.6911;47.961;8.62741;2689.86;5.18754;0;0;0.1;0.01;0;4.45637;0;0;-1
0;926;-13.493;-47.9726;46.5695;10.3686;4669.27;6.23449;0;0;0.1;0.01;0;7.51967;0;0;-1
0;927;-12.6919;-33.5691;49.1073;10.005;4195.08;6.01586;0;0;0.1;0.01;0;5.88164;0;0;-1
0;928;-11.4136;-13.8819;48.6915;9.93402;4106.42;5.97318;0;0;0.1;0.01;0;6.77168;0;0;-1
0;929;-11.0349;0.269831;46.1111;9.49154;3581.78;5.70713;0;0;0.1;0.01;0;6.65017;0;0;-1
0;930;-13.1773;19.5083;47.8627;10.0132;4205.4;6.02079;0;0;0.1;0.01;0;6.25782;0;0;-1
0;931;-11.2583;37.0972;49.0525;8.84922;2902.71;5.32091;0;0;0.1;0.01;0;6.45122;0;0;-1
0;932;-12.2037;52.5428;48.7851;9.02879;3083.03;5.42888;0;0;0.1;0.01;0;7.21019;0;0;-1
0;933;-11.7499;69.7944;48.0786;10.1432;4371.33;6.09896;0;0;0.1;0.01;0;5.86771;0;0;-1
0;934;-12.8206;86.6147;47.9952;8.5;2572.44;5.11093;0;0;0.1;0.01;0;1.66661;1;0;-1
0;935;2.05869;-73.1391;45.8844;8.5;2572.44;5.11093;0;0;0.1;0.01;0;4.91252;1;0;-1
0;936;1.61421;-59.4362;46.6209;8.99434;3047.87;5.40817;0;0;0.1;0.01;0;5.60819;0;0;-1
0;937;2.35198;-42.2775;46.957;9.40872;3488.83;5.65733;0;0;0.1;0.01;0;5.65242;0;0;-1
0;938;1.44725;-22.4087;48.5099;9.3869;3464.62;5.64421;0;0;0.1;0.01;0;5.82079;0;0;-1
0;939;4.30819;-5.38842;49.0447;9.50215;3593.8;5.7135;0;0;0.1;0.01;0;6.81226;0;0;-1
0;940;3.22496;8.86489;49.2401;9.40384;3483.41;5.65439;0;0;0.1;0.01;0;5.80662;0;0;-1
0;941;1.82442;29.6405;47.3275;8.5;2572.44;5.11093;0;0;0.1;0.01;0;5.0488;1;0;-1
0;942;1.08494;45.5449;47.6001;8.53776;2606.88;5.13363;0;0;0.1;0.01;0;6.1721;0;0;-1
0;943;1.48684;60.6221;45.6737;9.03964;3094.15;5.4354;0;0;0.1;0.01;0;5.43623;0;0;-1
0;944;4.93455;79.73;48.6543;10.1102;4328.8;6.07912;0;0;0.1;0.01;0;3.00498;0;0;-1
0;945;18.9289;-84.473;48.8926;8.82496;2878.9;5.30632;0;0;0.1;0.01;0;1.95555;0;0;-1
0;946;18.2829;-65.932;46.7127;9.13393;3191.99;5.4921;0;0;0.1;0.01;0;4.69328;0;0;-1
0;947;16.9291;-49.4163;46.2877;8.5;2572.44;5.11093;0;0;0.1;0.01;0;4.6135;1;0;-1
0;948;19.3954;-34.4013;45.9338;10.2763;4545.68;6.17899;0;0;0.1;0.01;0;6.56757;0;0;-1
0;949;16.1493;-14.8588;48.455;9.22523;3288.67;5.547;0;0;0.1;0.01;0;6.34089;0;0;-1
0;950;18.778;1.80932;48.5163;8.50641;2578.26;5.11478;0;0;0.1;0.01;0;5.65777;0;0;-1
0;951;17.3941;17.4898;46.7749;9.55479;3653.86;5.74516;0;0;0.1;0.01;0;5.23343;0;0;-1
0;952;16.0221;36.3968;49.0159;8.5;2572.44;5.11093;0;0;0.1;0.01;0;4.95218;1;0;-1
0;953;19.2413;50.8468;45.5624;9.03341;3087.76;5.43166;0;0;0.1;0.01;0;5.11219;0;0;-1
0;954;17.415;71.0954;46.7933;9.52319;3617.73;5.72616;0;0;0.1;0.01;0;4.5443;0;0;-1
0;955;33.2089;-74.2745;48.7929;8.9766;3029.87;5.3975;0;0;0.1;0.01;0;3.24393;0;0;-1
0;956;33.1125;-57.138;47.8314;9.60965;3717.16;5.77814;0;0;0.1;0.01;0;6.04621;0;0;-1
0;957;33.475;-39.2134;45.8221;9.85133;4004.73;5.92346;0;0;0.1;0.01;0;6.54273;0;0;-1
0;958;30.797;-22.5159;46.1719;9.98303;4167.5;6.00265;0;0;0.1;0.01;0;6.3888;0;0;-1
0;959;31.9831;-5.03409;47.7717;9.48791;3577.67;5.70494;0;0;0.1;0.01;0;5.83313;0;0;-1
0;960;33.2574;12.0612;47.6452;9.44032;3524.1;5.67633;0;0;0.1;0.01;0;5.47949;0;0;-1
0;961;30.6846;25.7838;46.9779;9.75134;3884.02;5.86334;0;0;0.1;0.01;0;6.52825;0;0;-1
0;962;32.7097;43.2086;48.5129;8.95476;3007.81;5.38437;0;0;0.1;0.01;0;6.11617;0;0;-1
0;963;31.8859;59.3286;48.6153;9.99243;4179.28;6.0083;0;0;0.1;0.01;0;6.93315;0;0;-1
0;964;30.9345;76.2495;47.7007;9.44588;3530.33;5.67967;0;0;0.1;0.01;0;4.12705;0;0;-1
0;965;45.9665;-63.7063;46.571;8.50235;2574.57;5.11234;0;0;0.1;0.01;0;3.30764;0;0;-1
0;966;46.1745;-47.4719;47.5734;10.2055;4452.37;6.13642;0;0;0.1;0.01;0;6.42687;0;0;-1
0;967;47.6481;-31.46;46.2922;8.5;2572.44;5.11093;0;0;0.1;0.01;0;5.04315;1;0;-1
0;968;45.2285;-13.9424;49.0305;9.26855;3335.22;5.57304;0;0;0.1;0.01;0;5.88878;0;0;-1
0;969;45.9006;-0.21963;45.3781;8.5;2572.44;5.11093;0;0;0.1;0.01;0;5.34805;1;0;-1
0;970;47.7164;20.7854;46.8797;10.0206;4214.73;6.02524;0;0;0.1;0.01;0;7.16772;0;0;-1
0;971;45.3021;36.6206;48.5893;9.44979;3534.72;5.68202;0;0;0.1;0.01;0;6.80122;0;0;-1
0;972;46.4703;54.7666;49.1015;9.69619;3818.49;5.83018;0;0;0.1;0.01;0;5.88258;0;0;-1
0;973;45.6611;72.0049;48.4229;9.86394;4020.13;5.93104;0;0;0.1;0.01;0;3.34288;0;0;-1
0;974;63.7036;-58.7694;46.4841;8.74716;2803.43;5.25954;0;0;0.1;0.01;0;2.38103;0;0;-1
0;975;62.0126;-42.3767;47.6435;9.36522;3440.67;5.63117;0;0;0.1;0.01;0;5.04771;0;0;-1
0;976;59.8934;-24.0682;48.5224;8.5;2572.44;5.11093;0;0;0.1;0.01;0;4.85963;1;0;-1
0;977;63.6064;-8.69931;46.815;10.1425;4370.42;6.09854;0;0;0.1;0.01;0;6.67279;0;0;-1
0;978;60.6641;8.13264;47.1484;9.86993;4027.46;5.93465;0;0;0.1;0.01;0;6.38254;0;0;-1
0;979;61.522;26.8118;46.1129;9.90075;4065.3;5.95318;0;0;0.1;0.01;0;6.42653;0;0;-1
0;980;60.1719;43.6463;46.0409;10.1384;4365.13;6.09607;0;0;0.1;0.01;0;6.24487;0;0;-1
0;981;61.1683;61.0035;46.9941;9.12844;3186.24;5.4888;0;0;0.1;0.01;0;3.75985;0;0;-1
0;982;77.2985;-30.3712;48.6489;8.61289;2676.3;5.17881;0;0;0.1;0.01;0;2.62268;0;0;-1
0;983;77.132;-17.1041;47.7325;8.5;2572.44;5.11093;0;0;0.1;0.01;0;3.16044;1;0;-1
0;984;75.567;1.83005;46.5495;9.84126;3992.46;5.91741;0;0;0.1;0.01;0;5.04568;0;0;-1
0;985;78.6914;17.3409;48.804;10.0526;4255.24;6.04448;0;0;0.1;0.01;0;4.18374;0;0;-1
0;986;75.2839;34.6957;45.9226;10.2898;4563.62;6.18711;0;0;0.1;0.01;0;4.40618;0;0;-1
0;987;-65.6102;-30.2921;62.2636;8.57744;2643.39;5.15749;0;0;0.1;0.01;0;3.43839;0;0;-1
0;988;-66.5761;-15.4239;63.5451;8.87947;2932.58;5.3391;0;0;0.1;0.01;0;3.54212;0;0;-1
0;989;-66.6932;0.547392;61.3393;8.52153;2592.04;5.12387;0;0;0.1;0.01;0;3.47924;0;0;-1
0;990;-66.1502;19.5129;63.9371;9.60852;3715.85;5.77746;0;0;0.1;0.01;0;3.35498;0;0;-1
0;991;-51.8168;-58.4796;60.4539;9.06277;3117.97;5.44931;0;0;0.1;0.01;0;2.13706;0;0;-1
0;992;-51.4185;-38.758;63.6233;10.4312;4754.35;6.27213;0;0;0.1;0.01;0;5.19936;0;0;-1
0;993;-50.748;-24.5;63.3014;8.99047;3043.94;5.40584;0;0;0.1;0.01;0;6.41198;0;0;-1
0;994;-52.7046;-8.79334;61.3349;8.75928;2815.1;5.26683;0;0;0.1;0.01;0;4.57373;0;0;-1
0;995;-53.4865;10.3293;61.6433;10.3467;4639.75;6.22132;0;0;0.1;0.01;0;5.60339;0;0;-1
0;996;-53.0233;27.1235;62.1115;8.5119;2583.26;5.11808;0;0;0.1;0.01;0;4.04252;0;0;-1
0;997;-51.7512;46.5219;61.8007;9.49673;3587.66;5.71025;0;0;0.1;0.01;0;3.02892;0;0;-1
0;998;-36.3729;-47.5559;60.5179;9.31429;3384.84;5.60055;0;0;0.1;0.01;0;6.18569;0;0;-1
0;999;-36.9153;-33.1699;64.1655;8.56914;2635.73;5.1525;0;0;0.1;0.01;0;5.89196;0;0;-1
0;1000;-35.4735;-15.6575;62.6716;9.77893;3917.08;5.87993;0;0;0.1;0.01;0;6.62068;0;0;-1
0;1001;-36.1662;1.45433;63.9668;8.73934;2795.92;5.25484;0;0;0.1;0.01;0;4.87443;0;0;-1
0;1002;-35.0649;19.5911;62.2211;8.80965;2863.94;5.29711;0;0;0.1;0.01;0;5.88814;0;0;-1
0;1003;-35.2253;37.0917;60.6636;9.96828;4149.06;5.99378;0;0;0.1;0.01;0;6.29395;0;0;-1
0;1004;-38.3061;52.2593;63.8386;9.47991;3568.63;5.70013;0;0;0.1;0.01;0;3.9457;0;0;-1
0;1005;-38.3148;67.9589;60.7007;9.61487;3723.22;5.78128;0;0;0.1;0.01;0;3.18321;0;0;-1
0;1006;-21.3166;-73.2336;63.7671;8.5;2572.44;5.11093;0;0;0.1;0.01;0;1.71328;1;0;-1
0;1007;-23.2942;-57.0301;62.2435;10.4;4711.82;6.25337;0;0;0.1;0.01;0;6.18585;0;0;-1
0;1008;-22.2423;-40.8649;61.391;10.2717;4539.58;6.17622;0;0;0.1;0.01;0;8.02929;0;0;-1
0;1009;-21.3029;-22.7341;63.6549;8.53442;2603.82;5.13162;0;0;0.1;0.01;0;6.24254;0;0;-1
0;1010;-21.9761;-5.56829;62.1254;10.3597;4657.26;6.22914;0;0;0.1;0.01;0;6.43793;0;0;-1
0;1011;-22.1187;10.5235;60.8528;8.5;2572.44;5.11093;0;0;0.1;0.01;0;3.63327;1;0;-1
0;1012;-23.7873;26.8057;63.5252;9.01866;3072.66;5.42279;0;0;0.1;0.01;0;4.69409;0;0;-1
0;1013;-22.41;44.478;62.8108;9.87176;4029.7;5.93575;0;0;0.1;0.01;0;6.7719;0;0;-1
0;1014;-21.83;59.7011;60.172;8.81698;2871.1;5.30152;0;0;0.1;0.01;0;5.43924;0;0;-1
0;1015;-7.87561;-67.6944;60.341;8.52518;2595.37;5.12607;0;0;0.1;0.01;0;3.89107;0;0;-1
0;1016;-7.87252;-47.7039;63.1299;10.2311;4485.96;6.15181;0;0;0.1;0.01;0;6.71442;0;0;-1
0;1017;-5.56133;-29.8876;63.393;9.05885;3113.92;5.44696;0;0;0.1;0.01;0;6.5764;0;0;-1
0;1018;-6.851;-15.3343;60.9688;8.54701;2615.36;5.13919;0;0;0.1;0.01;0;6.62605;0;0;-1
0;1019;-8.78394;0.617844;60.7757;8.5;2572.44;5.11093;0;0;0.1;0.01;0;4.71327;1;0;-1
0;1020;-6.95867;20.8339;60.3911;8.92528;2978.2;5.36664;0;0;0.1;0.01;0;4.61485;0;0;-1
0;1021;-8.8318;36.0104;63.5794;9.68264;3802.51;5.82203;0;0;0.1;0.01;0;7.04745;0;0;-1
0;1022;-6.47594;52.1425;61.0334;9.64341;3756.48;5.79844;0;0;0.1;0.01;0;7.58171;0;0;-1
0;1023;-7.43452;67.6676;60.8788;10.3052;4584.14;6.19637;0;0;0.1;0.01;0;4.93613;0;0;-1
0;1024;5.3177;-73.772;61.9509;8.5;2572.44;5.11093;0;0;0.1;0.01;0;2.23805;1;0;-1
0;1025;6.8745;-57.4056;62.3003;10.176;4413.87;6.11868;0;0;0.1;0.01;0;5.81644;0;0;-1
0;1026;7.74038;-39.3511;61.0294;8.5;2572.44;5.11093;0;0;0.1;0.01;0;4.55304;1;0;-1
0;1027;6.38191;-22.6898;62.344;9.92312;4092.92;5.96663;0;0;0.1;0.01;0;6.71135;0;0;-1
0;1028;9.17377;-6.37444;62.4743;10.2402;4497.94;6.15728;0;0;0.1;0.01;0;6.85709;0;0;-1
0;1029;8.78352;12.1969;62.2456;8.66534;2725.5;5.21034;0;0;0.1;0.01;0;4.78825;0;0;-1
0;1030;7.91592;26.3245;63.414;8.5;2572.44;5.11093;0;0;0.1;0.01;0;5.49478;1;0;-1
0;1031;7.42545;42.075;60.084;10.2988;4575.6;6.19252;0;0;0.1;0.01;0;6.63394;0;0;-1
0;1032;6.63571;63.0878;63.2917;9.3194;3390.41;5.60362;0;0;0.1;0.01;0;4.62196;0;0;-1
0;1033;21.3032;-63.8655;60.9619;8.5;2572.44;5.11093;0;0;0.1;0.01;0;3.70198;1;0;-1
0;1034;23.2543;-50.2962;61.9518;8.5;2572.44;5.11093;0;0;0.1;0.01;0;4.4353;1;0;-1
0;1035;20.9386;-32.364;61.0288;8.5;2572.44;5.11093;0;0;0.1;0.01;0;3.83403;1;0;-1
0;1036;24.218;-12.6693;60.3673;8.5;2572.44;5.11093;0;0;0.1;0.01;0;5.40512;1;0;-1
0;1037;20.6121;2.95083;61.7791;8.5;2572.44;5.11093;0;0;0.1;0.01;0;5.06394;1;0;-1
0;1038;23.0834;19.7959;63.7342;10.3275;4613.96;6.20978;0;0;0.1;0.01;0;7.34168;0;0;-1
0;1039;21.9258;37.8447;63.1493;8.70203;2760.26;5.2324;0;0;0.1;0.01;0;5.68699;0;0;-1
0;1040;21.5787;53.1602;60.4248;8.5;2572.44;5.11093;0;0;0.1;0.01;0;5.29646;1;0;-1
0;1041;22.1354;69.1073;61.3872;9.0674;3122.75;5.4521;0;0;0.1;0.01;0;3.39244;0;0;-1
0;1042;34.6611;-59.7331;63.5421;8.5;2572.44;5.11093;0;0;0.1;0.01;0;2.17452;1;0;-1
0;1043;36.155;-39.3422;62.5742;9.23923;3303.66;5.55541;0;0;0.1;0.01;0;4.51137;0;0;-1
0;1044;38.1832;-22.8154;61.8967;8.81792;2872.02;5.30209;0;0;0.1;0.01;0;4.89462;0;0;-1
0;1045;35.7966;-5.05859;62.6112;8.95321;3006.25;5.38344;0;0;0.1;0.01;0;4.80301;0;0;-1
0;1046;38.267;12.2876;61.3795;9.45337;3538.74;5.68417;0;0;0.1;0.01;0;5.6481;0;0;-1
0;1047;37.9526;26.2092;60.2491;8.5;2572.44;5.11093;0;0;0.1;0.01;0;6.7331;1;0;-1
0;1048;35.5217;43.3615;63.5231;9.23679;3301.05;5.55395;0;0;0.1;0.01;0;5.62924;0;0;-1
0;1049;38.6601;60.4715;63.3803;9.72555;3853.28;5.84783;0;0;0.1;0.01;0;3.94883;0;0;-1
0;1050;53.4618;-48.7319;61.7435;9.52246;3616.9;5.72572;0;0;0.1;0.01;0;3.22472;0;0;-1
0;1051;50.3686;-33.3908;60.8834;8.5;2572.44;5.11093;0;0;0.1;0.01;0;4.87512;1;0;-1
0;1052;51.0259;-15.2826;62.1421;9.58171;3684.83;5.76134;0;0;0.1;0.01;0;5.69879;0;0;-1
0;1053;50.036;0.793963;62.6941;8.5;2572.44;5.11093;0;0;0.1;0.01;0;4.12918;1;0;-1
0;1054;50.5504;20.698;60.9273;8.5;2572.44;5.11093;0;0;0.1;0.01;0;5.72343;1;0;-1
0;1055;50.8709;34.8023;61.8177;9.8158;3961.56;5.9021;0;0;0.1;0.01;0;6.0188;0;0;-1
0;1056;53.6957;53.0076;62.736;10.1404;4367.71;6.09728;0;0;0.1;0.01;0;3.14184;0;0;-1
0;1057;67.0794;-40.8587;60.898;10.4293;4751.76;6.27099;0;0;0.1;0.01;0;2.85164;0;0;-1
0;1058;64.4546;-21.516;62.1421;8.5;2572.44;5.11093;0;0;0.1;0.01;0;2.95927;1;0;-1
0;1059;64.4401;-5.43879;61.874;8.5;2572.44;5.11093;0;0;0.1;0.01;0;4.08069;1;0;-1
0;1060;66.7747;9.19676;60.6562;9.7064;3830.57;5.83632;0;0;0.1;0.01;0;3.28676;0;0;-1
0;1061;65.1712;25.0308;60.1677;8.80062;2855.15;5.29169;0;0;0.1;0.01;0;2.8195;0;0;-1
0;1062;-54.4228;-23.7687;75.9858;9.34551;3418.99;5.61932;0;0;0.1;0.01;0;3.60207;0;0;-1
0;1063;-56.5081;-4.7008;78.7072;8.5;2572.44;5.11093;0;0;0.1;0.01;0;1.66268;1;0;-1
0;1064;-54.9429;10.6808;76.2414;9.32397;3395.4;5.60637;0;0;0.1;0.01;0;3.90575;0;0;-1
0;1065;-56.442;29.7266;75.0164;10.447;4775.99;6.28163;0;0;0.1;0.01;0;3.23465;0;0;-1
0;1066;-40.0328;-48.9606;77.0256;8.5;2572.44;5.11093;0;0;0.1;0.01;0;2.24503;1;0;-1
0;1067;-42.2541;-30.7983;77.7945;8.79456;2849.25;5.28804;0;0;0.1;0.01;0;4.74876;0;0;-1
0;1068;-40.398;-15.9283;75.0986;9.98709;4172.59;6.00509;0;0;0.1;0.01;0;6.5467;0;0;-1
0;1069;-40.4538;2.87092;77.9505;9.51488;3608.27;5.72116;0;0;0.1;0.01;0;5.73205;0;0;-1
0;1070;-41.6339;17.7789;74.65;8.54694;2615.29;5.13915;0;0;0.1;0.01;0;5.55021;0;0;-1
0;1071;-39.3176;33.6816;76.4767;9.87209;4030.1;5.93594;0;0;0.1;0.01;0;4.14433;0;0;-1
0;1072;-24.3915;-55.1621;76.9402;9.73996;3870.44;5.8565;0;0;0.1;0.01;0;3.46764;0;0;-1
0;1073;-26.2713;-40.8454;74.9449;9.02504;3079.19;5.42663;0;0;0.1;0.01;0;5.50557;0;0;-1
0;1074;-27.4686;-23.1571;76.535;10.0637;4269.35;6.05116;0;0;0.1;0.01;0;7.01367;0;0;-1
0;1075;-27.2506;-4.5207;77.8996;9.34698;3420.6;5.6202;0;0;0.1;0.01;0;6.55022;0;0;-1
0;1076;-24.9837;12.2913;77.0431;9.04555;3100.23;5.43896;0;0;0.1;0.01;0;5.77495;0;0;-1
0;1077;-25.7868;26.5334;77.2995;9.31413;3384.66;5.60045;0;0;0.1;0.01;0;5.89631;0;0;-1
0;1078;-25.344;43.7287;77.7597;9.28589;3353.97;5.58347;0;0;0.1;0.01;0;3.80751;0;0;-1
0;1079;-10.0683;-47.815;76.399;8.80812;2862.45;5.29619;0;0;0.1;0.01;0;4.92345;0;0;-1
0;1080;-12.451;-31.1425;76.4154;10.2266;4480.05;6.14911;0;0;0.1;0.01;0;7.47817;0;0;-1
0;1081;-12.8032;-16.1695;74.618;9.40462;3484.27;5.65486;0;0;0.1;0.01;0;7.35083;0;0;-1
0;1082;-13.5661;0.327292;78.4994;10.2202;4471.64;6.14526;0;0;0.1;0.01;0;6.59533;0;0;-1
0;1083;-11.4807;20.5742;78.3205;8.95194;3004.97;5.38267;0;0;0.1;0.01;0;5.81023;0;0;-1
0;1084;-10.8858;36.5097;76.7782;10.0821;4292.81;6.06222;0;0;0.1;0.01;0;7.27521;0;0;-1
0;1085;-11.9875;51.5956;76.3097;9.93362;4105.93;5.97294;0;0;0.1;0.01;0;4.78427;0;0;-1
0;1086;3.54241;-58.847;76.6035;10.3992;4710.73;6.25289;0;0;0.1;0.01;0;3.37028;0;0;-1
0;1087;1.37669;-42.2282;78.477;8.5;2572.44;5.11093;0;0;0.1;0.01;0;4.97601;1;0;-1
0;1088;4.76719;-23.2426;76.3348;10.0445;4244.96;6.03961;0;0;0.1;0.01;0;6.80852;0;0;-1
0;1089;1.30047;-7.59268;78.2466;9.92445;4094.57;5.96743;0;0;0.1;0.01;0;6.27066;0;0;-1
0;1090;3.27206;11.417;77.6363;8.90179;2954.75;5.35252;0;0;0.1;0.01;0;4.54041;0;0;-1
0;1091;1.50497;27.3618;77.7768;9.65841;3774.03;5.80746;0;0;0.1;0.01;0;7.23982;0;0;-1
0;1092;2.54137;42.494;76.465;10.3015;4579.2;6.19414;0;0;0.1;0.01;0;6.33754;0;0;-1
0;1093;4.0445;61.3703;76.5686;9.70352;3827.16;5.83459;0;0;0.1;0.01;0;3.29208;0;0;-1
0;1094;16.4751;-49.5987;74.9896;8.82222;2876.22;5.30467;0;0;0.1;0.01;0;3.51484;0;0;-1
0;1095;17.4693;-30.7362;77.8432;9.94785;4123.6;5.9815;0;0;0.1;0.01;0;6.04275;0;0;-1
0;1096;18.4968;-13.1224;74.6105;9.11763;3174.93;5.4823;0;0;0.1;0.01;0;6.14189;0;0;-1
0;1097;16.7222;3.34012;76.3062;8.78297;2838;5.28107;0;0;0.1;0.01;0;5.252;0;0;-1
0;1098;18.4089;20.1254;76.7573;8.5;2572.44;5.11093;0;0;0.1;0.01;0;5.8118;1;0;-1
0;1099;18.6016;33.979;76.0121;10.0972;4312.13;6.0713;0;0;0.1;0.01;0;7.30743;0;0;-1
0;1100;18.5658;54.4286;76.1397;9.59276;3697.6;5.76799;0;0;0.1;0.01;0;3.6026;0;0;-1
0;1101;32.549;-40.2025;76.4275;10.1849;4425.47;6.12403;0;0;0.1;0.01;0;3.81327;0;0;-1
0;1102;31.2499;-22.9449;78.5515;10.1291;4353.13;6.09048;0;0;0.1;0.01;0;5.58395;0;0;-1
0;1103;31.1798;-5.98598;77.3422;8.5572;2624.72;5.14532;0;0;0.1;0.01;0;5.20015;0;0;-1
0;1104;32.3745;11.7423;76.1686;9.07028;3125.72;5.45383;0;0;0.1;0.01;0;4.46299;0;0;-1
0;1105;34.5158;28.411;76.6489;10.3011;4578.67;6.1939;0;0;0.1;0.01;0;5.87505;0;0;-1
0;1106;30.9554;46.4968;78.1624;10.3268;4613.03;6.20935;0;0;0.1;0.01;0;4.16883;0;0;-1
0;1107;49.0852;-30.3935;78.6677;9.26179;3327.92;5.56898;0;0;0.1;0.01;0;1.69088;0;0;-1
0;1108;45.4487;-13.8853;75.31;8.5304;2600.14;5.12921;0;0;0.1;0.01;0;4.76149;0;0;-1
0;1109;47.4442;0.401917;77.9834;8.55106;2619.08;5.14163;0;0;0.1;0.01;0;3.45341;0;0;-1
0;1110;48.3193;20.0359;74.9192;9.58572;3689.46;5.76375;0;0;0.1;0.01;0;3.86988;0;0;-1
0;1111;49.0116;36.2409;77.4647;8.5;2572.44;5.11093;0;0;0.1;0.01;0;2.34139;1;0;-1
0;1112;60.4387;-6.10555;78.4419;8.5;2572.44;5.11093;0;0;0.1;0.01;0;1.5956;1;0;-1
0;1113;-36.2717;-15.7315;89.6361;9.8315;3980.59;5.91154;0;0;0.1;0.01;0;4.24812;0;0;-1
0;1114;-36.4126;1.56421;91.237;8.5;2572.44;5.11093;0;0;0.1;0.01;0;3.9224;1;0;-1
0;1115;-38.4478;16.9509;89.8876;10.0141;4206.53;6.02133;0;0;0.1;0.01;0;3.77059;0;0;-1
0;1116;-21.1008;-24.4715;90.0465;10.4526;4783.67;6.285;0;0;0.1;0.01;0;4.94915;0;0;-1
0;1117;-23.4138;-6.36254;93.0755;10.0382;4236.98;6.03582;0;0;0.1;0.01;0;4.54045;0;0;-1
0;1118;-22.7371;11.6858;89.7633;8.5;2572.44;5.11093;0;0;0.1;0.01;0;4.56394;1;0;-1
0;1119;-21.6281;27.635;93.3751;10.1704;4406.59;6.11531;0;0;0.1;0.01;0;3.63759;0;0;-1
0;1120;-7.47568;-31.4735;90.793;9.99572;4183.41;6.01028;0;0;0.1;0.01;0;4.74589;0;0;-1
0;1121;-8.53298;-14.0104;89.4426;9.49792;3589.01;5.71096;0;0;0.1;0.01;0;6.43554;0;0;-1
0;1122;-6.51326;1.18064;92.6622;9.92513;4095.41;5.96784;0;0;0.1;0.01;0;5.3134;0;0;-1
0;1123;-5.80828;19.1304;93.3166;10.3778;4681.71;6.24002;0;0;0.1;0.01;0;5.3783;0;0;-1
0;1124;-7.61128;35.0384;92.3634;8.5;2572.44;5.11093;0;0;0.1;0.01;0;3.70918;1;0;-1
0;1125;5.42246;-38.5696;92.145;8.64182;2703.36;5.1962;0;0;0.1;0.01;0;2.77286;0;0;-1
0;1126;6.6331;-23.3669;92.1226;9.97299;4154.94;5.99661;0;0;0.1;0.01;0;4.8598;0;0;-1
0;1127;7.32491;-5.04192;91.6081;9.76217;3896.98;5.86985;0;0;0.1;0.01;0;4.37142;0;0;-1
0;1128;6.66511;10.806;91.2139;9.29955;3368.79;5.59168;0;0;0.1;0.01;0;4.12271;0;0;-1
0;1129;6.09555;28.7497;90.0587;9.47028;3557.76;5.69434;0;0;0.1;0.01;0;5.33434;0;0;-1
0;1130;23.7589;-31.9709;89.8624;8.5;2572.44;5.11093;0;0;0.1;0.01;0;2.94835;1;0;-1
0;1131;20.7078;-13.4758;89.3595;8.96289;3016.01;5.38926;0;0;0.1;0.01;0;4.82176;0;0;-1
0;1132;22.7954;0.118281;90.1657;8.56343;2630.46;5.14907;0;0;0.1;0.01;0;3.46831;0;0;-1
0;1133;20.01;20.821;90.9616;8.88242;2935.5;5.34087;0;0;0.1;0.01;0;3.25168;0;0;-1
0;1134;20.8903;36.717;90.3472;8.61361;2676.97;5.17924;0;0;0.1;0.01;0;2.71922;0;0;-1
0;1135;37.3215;-7.80905;89.7331;9.767;3902.76;5.87276;0;0;0.1;0.01;0;3.63655;0;0;-1
0;1136;35.4293;9.72703;91.1623;8.5238;2594.11;5.12524;0;0;0.1;0.01;0;1.96333;0;0;-1
