Time;ID;x;y;z;radius;volume_total;radius_nuclear;contact_ECM;freezer;polarized_fraction;motility;cell_line;Cell_cell;phase;Cycle;NFkB
0;0;-51.32;-4.6141;-83.4199;8.5;2572.44;5.11093;0;0;0.1;0.01;0;2.64628;1;0;-1
0;1;-37.4327;-33.3423;-84.6835;9.8791;4038.69;5.94016;0;0;0.1;0.01;0;2.67679;0;0;-1
0;2;-37.6576;-13.8271;-86.4842;8.5;2572.44;5.11093;0;0;0.1;0.01;0;2.65178;1;0;-1
0;3;-38.5123;0.470037;-85.5911;8.93259;2985.53;5.37104;0;0;0.1;0.01;0;2.49556;0;0;-1
0;4;-35.4908;20.6063;-84.3349;10.0373;4235.84;6.03528;0;0;0.1;0.01;0;3.05431;0;0;-1
0;5;-21.8023;-40.6278;-87.264;9.31441;3384.97;5.60062;0;0;0.1;0.01;0;2.80798;0;0;-1
0;6;-20.5424;-22.4023;-85.9338;8.72424;2781.45;5.24576;0;0;0.1;0.01;0;4.23879;0;0;-1
0;7;-21.0317;-8.4166;-84.5112;8.68751;2746.47;5.22367;0;0;0.1;0.01;0;4.10694;0;0;-1
0;8;-20.3041;10.7163;-85.9764;8.9461;2999.09;5.37916;0;0;0.1;0.01;0;3.39419;0;0;-1
0;9;-22.2962;28.762;-84.0033;9.1147;3171.87;5.48054;0;0;0.1;0.01;0;3.81291;0;0;-1
0;10;-8.84293;-49.3338;-83.4164;10.3831;4688.89;6.24321;0;0;0.1;0.01;0;3.61001;0;0;-1
0;11;-7.09564;-30.7511;-87.1627;9.25676;3322.5;5.56596;0;0;0.1;0.01;0;4.75307;0;0;-1
0;12;-6.80696;-16.6179;-86.2481;8.92614;2979.06;5.36716;0;0;0.1;0.01;0;5.07848;0;0;-1
0;13;-6.59178;0.142386;-85.5137;10.1914;4433.94;6.12794;0;0;0.1;0.01;0;5.0218;0;0;-1
0;14;-7.5656;20.0288;-83.7568;10.1998;4444.92;6.13299;0;0;0.1;0.01;0;5.00873;0;0;-1
0;15;-7.67356;38.2904;-83.9308;9.71243;3837.71;5.83994;0;0;0.1;0.01;0;3.32214;0;0;-1
0;16;7.4449;-40.8725;-85.9506;10.0896;4302.4;6.06673;0;0;0.1;0.01;0;4.84776;0;0;-1
0;17;6.40392;-24.2349;-83.4867;10.0954;4309.82;6.07022;0;0;0.1;0.01;0;6.03677;0;0;-1
0;18;8.72704;-6.01767;-85.8378;8.76963;2825.09;5.27305;0;0;0.1;0.01;0;3.89281;0;0;-1
0;19;6.47651;10.933;-86.7593;8.73724;2793.9;5.25358;0;0;0.1;0.01;0;2.66733;0;0;-1
0;20;7.75057;27.7545;-87.3903;8.84193;2895.54;5.31652;0;0;0.1;0.01;0;3.18476;0;0;-1
0;21;8.87797;45.3827;-83.581;10.2972;4573.47;6.19156;0;0;0.1;0.01;0;3.8017;0;0;-1
0;22;20.2417;-49.156;-84.4963;9.44966;3534.57;5.68194;0;0;0.1;0.01;0;3.23436;0;0;-1
0;23;23.3392;-34.0332;-86.6641;10.0918;4305.21;6.06805;0;0;0.1;0.01;0;5.12227;0;0;-1
0;24;20.6093;-15.7247;-84.9695;8.5;2572.44;5.11093;0;0;0.1;0.01;0;3.28253;1;0;-1
0;25;22.4777;3.45379;-86.864;8.58914;2654.22;5.16453;0;0;0.1;0.01;0;3.59197;0;0;-1
0;26;23.6317;20.3899;-84.483;8.88816;2941.2;5.34432;0;0;0.1;0.01;0;4.47615;0;0;-1
0;27;23.549;37.7405;-84.8634;9.8457;3997.87;5.92008;0;0;0.1;0.01;0;3.69275;0;0;-1
0;28;36.3547;-40.1939;-83.6444;9.99562;4183.29;6.01022;0;0;0.1;0.01;0;3.76942;0;0;-1
0;29;35.4697;-25.5448;-86.1234;8.5;2572.44;5.11093;0;0;0.1;0.01;0;3.01708;1;0;-1
0;30;37.2088;-5.59784;-85.3004;10.2046;4451.19;6.13588;0;0;0.1;0.01;0;2.5302;0;0;-1
0;31;36.5611;10.8592;-83.9717;10.2277;4481.49;6.14977;0;0;0.1;0.01;0;3.93909;0;0;-1
0;32;37.5865;26.9803;-83.9291;10.0868;4298.82;6.06505;0;0;0.1;0.01;0;4.35758;0;0;-1
0;33;-70.526;-14.7654;-69.3777;9.3986;3477.59;5.65124;0;0;0.1;0.01;0;2.27987;0;0;-1
0;34;-57.8103;-39.4456;-71.3439;9.97762;4160.73;5.9994;0;0;0.1;0.01;0;3.10557;0;0;-1
0;35;-56.6673;-25.1892;-72.4903;9.30194;3371.39;5.59312;0;0;0.1;0.01;0;3.99717;0;0;-1
0;36;-54.7618;-8.89759;-70.8539;8.5;2572.44;5.11093;0;0;0.1;0.01;0;4.50384;1;0;-1
0;37;-56.2957;9.85497;-69.7949;10.3383;4628.45;6.21627;0;0;0.1;0.01;0;3.50705;0;0;-1
0;38;-57.7905;28.4741;-71.5039;8.5;2572.44;5.11093;0;0;0.1;0.01;0;2.15709;1;0;-1
0;39;-54.6551;46.9036;-68.584;9.52835;3623.61;5.72926;0;0;0.1;0.01;0;3.24009;0;0;-1
0;40;-41.5506;-51.3118;-72.6783;9.08313;3139.03;5.46155;0;0;0.1;0.01;0;2.11009;0;0;-1
0;41;-41.3939;-30.4531;-70.9856;9.44447;3528.75;5.67882;0;0;0.1;0.01;0;5.73886;0;0;-1
0;42;-42.2317;-16.6263;-69.671;10.4347;4759.14;6.27423;0;0;0.1;0.01;0;6.85766;0;0;-1
0;43;-39.4115;1.73277;-69.0945;8.5;2572.44;5.11093;0;0;0.1;0.01;0;4.22266;1;0;-1
0;44;-42.3599;16.76;-69.0644;8.5;2572.44;5.11093;0;0;0.1;0.01;0;5.51257;1;0;-1
0;45;-42.4217;34.2533;-69.8613;9.48534;3574.76;5.7034;0;0;0.1;0.01;0;5.2137;0;0;-1
0;46;-41.2166;53.4635;-69.4119;8.5;2572.44;5.11093;0;0;0.1;0.01;0;3.80501;1;0;-1
0;47;-26.581;-57.1958;-70.3564;8.69547;2754.02;5.22846;0;0;0.1;0.01;0;4.02514;0;0;-1
0;48;-28.5592;-42.5891;-68.4951;10.4235;4743.83;6.2675;0;0;0.1;0.01;0;6.38678;0;0;-1
0;49;-26.2523;-24.74;-70.6786;8.78999;2844.81;5.28529;0;0;0.1;0.01;0;5.81415;0;0;-1
0;50;-24.7296;-8.81282;-71.8638;8.5;2572.44;5.11093;0;0;0.1;0.01;0;4.47493;1;0;-1
0;51;-26.8769;11.1057;-69.654;9.33999;3412.93;5.616;0;0;0.1;0.01;0;5.35098;0;0;-1
0;52;-26.0044;26.9256;-69.2372;10.0291;4225.46;6.03035;0;0;0.1;0.01;0;6.57079;0;0;-1
0;53;-27.6118;43.7336;-70.6712;9.33376;3406.11;5.61225;0;0;0.1;0.01;0;4.60173;0;0;-1
0;54;-27.1669;62.1936;-69.8042;9.79464;3935.99;5.88937;0;0;0.1;0.01;0;3.73916;0;0;-1
0;55;-13.5688;-63.8491;-69.0199;9.87774;4037.02;5.93934;0;0;0.1;0.01;0;4.04194;0;0;-1
0;56;-13.8212;-48.1368;-68.336;8.5;2572.44;5.11093;0;0;0.1;0.01;0;5.72255;1;0;-1
0;57;-11.3456;-31.1894;-72.6123;8.91585;2968.77;5.36097;0;0;0.1;0.01;0;5.09813;0;0;-1
0;58;-12.6984;-15.0506;-70.9664;9.29638;3365.35;5.58978;0;0;0.1;0.01;0;6.58787;0;0;-1
0;59;-9.95271;1.96552;-71.7807;9.45092;3535.99;5.6827;0;0;0.1;0.01;0;5.81002;0;0;-1
0;60;-11.65;16.5851;-70.1445;8.82064;2874.68;5.30372;0;0;0.1;0.01;0;5.34691;0;0;-1
0;61;-11.8846;36.6289;-70.9312;9.09843;3154.92;5.47075;0;0;0.1;0.01;0;4.65183;0;0;-1
0;62;-10.75;55.0833;-70.3583;9.75011;3882.55;5.8626;0;0;0.1;0.01;0;3.31385;0;0;-1
0;63;2.178;-56.2467;-69.0649;9.01971;3073.73;5.42342;0;0;0.1;0.01;0;4.73863;0;0;-1
0;64;3.94074;-40.151;-72.0474;8.76763;2823.16;5.27185;0;0;0.1;0.01;0;5.20009;0;0;-1
0;65;2.71758;-22.8986;-68.5002;10.2393;4496.76;6.15674;0;0;0.1;0.01;0;7.07023;0;0;-1
0;66;4.34268;-7.97791;-72.0141;9.90275;4067.77;5.95438;0;0;0.1;0.01;0;6.59449;0;0;-1
0;67;2.35149;10.1674;-69.2147;8.5;2572.44;5.11093;0;0;0.1;0.01;0;4.96787;1;0;-1
0;68;4.4016;26.7902;-69.6955;8.5;2572.44;5.11093;0;0;0.1;0.01;0;4.491;1;0;-1
0;69;4.43689;45.7975;-70.5439;9.40266;3482.1;5.65368;0;0;0.1;0.01;0;6.07223;0;0;-1
0;70;3.50742;63.7144;-70.148;9.87208;4030.09;5.93594;0;0;0.1;0.01;0;3.45503;0;0;-1
0;71;16.3294;-66.2686;-69.8997;9.33398;3406.35;5.61239;0;0;0.1;0.01;0;2.89241;0;0;-1
0;72;15.9682;-47.1659;-70.9247;8.71329;2770.99;5.23917;0;0;0.1;0.01;0;4.75267;0;0;-1
0;73;19.2578;-30.206;-70.8779;10.2304;4485.04;6.15139;0;0;0.1;0.01;0;6.8904;0;0;-1
0;74;16.4071;-14.0949;-69.2271;8.5;2572.44;5.11093;0;0;0.1;0.01;0;6.69844;1;0;-1
0;75;16.9979;1.22353;-71.3264;9.24351;3308.26;5.55799;0;0;0.1;0.01;0;5.44099;0;0;-1
0;76;15.9994;18.2068;-69.2068;8.72477;2781.96;5.24608;0;0;0.1;0.01;0;4.98744;0;0;-1
0;77;17.3067;35.4466;-70.6378;9.03495;3089.34;5.43258;0;0;0.1;0.01;0;5.48698;0;0;-1
0;78;19.456;55.0733;-70.2811;10.194;4437.34;6.1295;0;0;0.1;0.01;0;4.06662;0;0;-1
0;79;31.0807;-57.7937;-69.4688;8.5;2572.44;5.11093;0;0;0.1;0.01;0;3.36074;1;0;-1
0;80;31.7634;-38.5295;-68.4288;9.87873;4038.24;5.93994;0;0;0.1;0.01;0;6.27573;0;0;-1
0;81;32.0146;-21.8267;-69.6546;8.5;2572.44;5.11093;0;0;0.1;0.01;0;4.93425;1;0;-1
0;82;33.3339;-6.34236;-68.8096;9.53103;3626.67;5.73087;0;0;0.1;0.01;0;5.5699;0;0;-1
0;83;30.5704;12.4385;-71.2993;9.73152;3860.39;5.85142;0;0;0.1;0.01;0;6.45324;0;0;-1
0;84;33.6239;28.6017;-68.5224;10.0382;4236.98;6.03582;0;0;0.1;0.01;0;6.88651;0;0;-1
0;85;34.0065;43.7484;-71.9705;8.5;2572.44;5.11093;0;0;0.1;0.01;0;4.23434;1;0;-1
0;86;46.3653;-51.2929;-68.9078;9.61922;3728.28;5.7839;0;0;0.1;0.01;0;2.75978;0;0;-1
0;87;45.9787;-30.4881;-71.9466;9.01313;3067.01;5.41946;0;0;0.1;0.01;0;4.3342;0;0;-1
0;88;47.5554;-13.4231;-71.9996;9.9526;4129.51;5.98435;0;0;0.1;0.01;0;4.86443;0;0;-1
0;89;45.3296;1.65278;-69.0616;8.5;2572.44;5.11093;0;0;0.1;0.01;0;5.76267;1;0;-1
0;90;47.3071;17.1276;-68.9512;10.3912;4699.87;6.24808;0;0;0.1;0.01;0;6.38455;0;0;-1
0;91;48.9693;36.8835;-71.9497;10.2103;4458.66;6.13931;0;0;0.1;0.01;0;3.5348;0;0;-1
0;92;46.7004;54.1147;-69.0001;8.5;2572.44;5.11093;0;0;0.1;0.01;0;2.53788;1;0;-1
0;93;60.0227;-25.6664;-72.0474;10.0688;4275.84;6.05422;0;0;0.1;0.01;0;2.75273;0;0;-1
0;94;62.564;-5.6051;-71.9196;8.73835;2794.97;5.25424;0;0;0.1;0.01;0;2.33587;0;0;-1
0;95;61.3282;9.87218;-68.8394;9.81409;3959.49;5.90107;0;0;0.1;0.01;0;3.63613;0;0;-1
0;96;-80.393;-8.31443;-55.4096;9.69228;3813.88;5.82783;0;0;0.1;0.01;0;2.96259;0;0;-1
0;97;-80.1262;12.4587;-54.3382;8.7296;2786.58;5.24898;0;0;0.1;0.01;0;2.61221;0;0;-1
0;98;-65.7579;-48.4237;-54.2727;10.1245;4347.2;6.08771;0;0;0.1;0.01;0;4.68038;0;0;-1
0;99;-67.7045;-33.878;-55.4093;8.95215;3005.18;5.3828;0;0;0.1;0.01;0;3.3037;0;0;-1
0;100;-65.5542;-12.6485;-56.3764;8.50736;2579.13;5.11535;0;0;0.1;0.01;0;4.00092;0;0;-1
0;101;-64.5959;1.73438;-53.9673;9.72048;3847.26;5.84478;0;0;0.1;0.01;0;5.33468;0;0;-1
0;102;-68.014;19.6455;-57.783;8.68328;2742.46;5.22113;0;0;0.1;0.01;0;3.53388;0;0;-1
0;103;-66.4389;35.4427;-55.5507;8.5;2572.44;5.11093;0;0;0.1;0.01;0;3.49284;1;0;-1
0;104;-52.2523;-59.3464;-54.8729;9.7421;3872.99;5.85778;0;0;0.1;0.01;0;4.05956;0;0;-1
0;105;-52.9125;-42.371;-57.5582;8.54632;2614.73;5.13878;0;0;0.1;0.01;0;4.59249;0;0;-1
0;106;-51.3203;-24.6948;-57.806;8.5;2572.44;5.11093;0;0;0.1;0.01;0;4.56982;1;0;-1
0;107;-49.8568;-4.79268;-57.1209;9.83619;3986.29;5.91436;0;0;0.1;0.01;0;6.42174;0;0;-1
0;108;-51.7495;12.0416;-54.3875;9.7551;3888.52;5.8656;0;0;0.1;0.01;0;7.05988;0;0;-1
0;109;-51.0313;27.8568;-57.811;10.3779;4681.85;6.24008;0;0;0.1;0.01;0;6.92797;0;0;-1
0;110;-52.1452;44.807;-54.0118;9.75705;3890.85;5.86677;0;0;0.1;0.01;0;6.19865;0;0;-1
0;111;-50.5771;59.7302;-54.4355;10.0947;4308.92;6.0698;0;0;0.1;0.01;0;5.15215;0;0;-1
0;112;-38.6624;-66.5832;-56.3492;9.78686;3926.62;5.8847;0;0;0.1;0.01;0;4.10169;0;0;-1
0;113;-38.3719;-51.0465;-54.5677;9.22818;3291.83;5.54877;0;0;0.1;0.01;0;5.19067;0;0;-1
0;114;-36.5545;-31.2254;-56.2474;9.62245;3732.03;5.78584;0;0;0.1;0.01;0;6.18112;0;0;-1
0;115;-36.5241;-14.8534;-55.7959;10.2702;4537.59;6.17532;0;0;0.1;0.01;0;6.8169;0;0;-1
0;116;-37.7488;2.44059;-54.3761;8.98033;3033.65;5.39974;0;0;0.1;0.01;0;5.52311;0;0;-1
0;117;-36.0773;20.9931;-57.0208;10.2728;4541.04;6.17689;0;0;0.1;0.01;0;7.54025;0;0;-1
0;118;-35.2026;36.6488;-55.0725;8.75833;2814.18;5.26626;0;0;0.1;0.01;0;6.65547;0;0;-1
0;119;-36.9985;51.2774;-56.5071;10.0445;4244.96;6.03961;0;0;0.1;0.01;0;6.94517;0;0;-1
0;120;-35.9293;70.3096;-57.9317;10.4064;4720.52;6.25722;0;0;0.1;0.01;0;4.27279;0;0;-1
0;121;-23.9309;-76.0252;-57.3273;9.56038;3660.28;5.74852;0;0;0.1;0.01;0;3.14435;0;0;-1
0;122;-21.8314;-56.2163;-56.4045;9.42137;3502.92;5.66493;0;0;0.1;0.01;0;6.51052;0;0;-1
0;123;-21.0915;-40.4628;-54.8439;10.0066;4197.09;6.01682;0;0;0.1;0.01;0;6.98125;0;0;-1
0;124;-23.6207;-22.5389;-56.7444;9.91108;4078.04;5.95939;0;0;0.1;0.01;0;6.87585;0;0;-1
0;125;-21.583;-7.15204;-56.3401;8.98657;3039.98;5.40349;0;0;0.1;0.01;0;5.63035;0;0;-1
0;126;-22.4083;8.99848;-55.9867;9.44496;3529.3;5.67912;0;0;0.1;0.01;0;4.80221;0;0;-1
0;127;-21.4013;25.5978;-55.5847;8.61865;2681.68;5.18227;0;0;0.1;0.01;0;5.26651;0;0;-1
0;128;-21.7822;42.3055;-56.7069;8.5;2572.44;5.11093;0;0;0.1;0.01;0;5.12399;1;0;-1
0;129;-22.1158;63.2064;-54.4594;10.3642;4663.33;6.23184;0;0;0.1;0.01;0;7.13705;0;0;-1
0;130;-22.0274;77.9769;-57.0139;9.14647;3205.16;5.49964;0;0;0.1;0.01;0;3.5259;0;0;-1
0;131;-9.2871;-80.7864;-56.0033;8.5;2572.44;5.11093;0;0;0.1;0.01;0;2.46993;1;0;-1
0;132;-5.76933;-65.669;-55.7509;9.0412;3095.76;5.43634;0;0;0.1;0.01;0;4.74572;0;0;-1
0;133;-6.23346;-47.1149;-55.1236;9.62786;3738.33;5.78909;0;0;0.1;0.01;0;5.88253;0;0;-1
0;134;-8.77135;-29.918;-54.6105;9.80216;3945.06;5.8939;0;0;0.1;0.01;0;5.57669;0;0;-1
0;135;-8.9437;-14.1409;-55.4234;8.61231;2675.76;5.17846;0;0;0.1;0.01;0;5.84094;0;0;-1
0;136;-7.06802;0.368156;-56.7169;8.5;2572.44;5.11093;0;0;0.1;0.01;0;5.3381;1;0;-1
0;137;-5.92482;20.9925;-55.1491;10.3787;4682.93;6.24056;0;0;0.1;0.01;0;6.33282;0;0;-1
0;138;-8.24093;36.9517;-55.4923;10.3709;4672.38;6.23587;0;0;0.1;0.01;0;6.40999;0;0;-1
0;139;-5.82993;54.9385;-55.1079;10.4463;4775.03;6.28121;0;0;0.1;0.01;0;6.18418;0;0;-1
0;140;-8.72092;70.326;-55.1305;8.9171;2970.02;5.36172;0;0;0.1;0.01;0;3.30292;0;0;-1
0;141;8.98843;-74.3222;-56.9022;8.95921;3012.3;5.38704;0;0;0.1;0.01;0;3.46775;0;0;-1
0;142;6.86287;-58.0814;-56.2128;9.9375;4110.74;5.97527;0;0;0.1;0.01;0;6.12645;0;0;-1
0;143;7.34405;-41.7021;-54.9261;8.5;2572.44;5.11093;0;0;0.1;0.01;0;4.38005;1;0;-1
0;144;9.40134;-22.7154;-56.6023;9.348;3421.72;5.62082;0;0;0.1;0.01;0;6.49621;0;0;-1
0;145;6.0314;-8.01731;-56.8598;9.37777;3454.52;5.63872;0;0;0.1;0.01;0;6.4732;0;0;-1
0;146;5.60928;9.72122;-55.241;8.95394;3006.98;5.38387;0;0;0.1;0.01;0;4.27895;0;0;-1
0;147;8.44504;27.7514;-53.9528;10.1128;4332.14;6.08068;0;0;0.1;0.01;0;6.67572;0;0;-1
0;148;8.53513;44.9757;-55.9727;10.2821;4553.38;6.18248;0;0;0.1;0.01;0;7.63903;0;0;-1
0;149;8.84175;59.8427;-57.7145;8.76315;2818.83;5.26915;0;0;0.1;0.01;0;5.81077;0;0;-1
0;150;8.56865;79.8441;-54.3422;9.33081;3402.88;5.61048;0;0;0.1;0.01;0;2.80763;0;0;-1
0;151;22.2776;-64.2614;-56.6617;9.79249;3933.4;5.88808;0;0;0.1;0.01;0;4.96759;0;0;-1
0;152;24.1797;-49.9858;-53.7203;8.97699;3030.27;5.39773;0;0;0.1;0.01;0;5.40094;0;0;-1
0;153;20.2884;-32.6162;-55.2859;9.10775;3164.62;5.47636;0;0;0.1;0.01;0;5.15359;0;0;-1
0;154;20.5223;-12.7135;-57.3672;9.31056;3380.77;5.5983;0;0;0.1;0.01;0;6.00878;0;0;-1
0;155;23.629;1.41985;-56.4432;9.29185;3360.43;5.58705;0;0;0.1;0.01;0;5.68023;0;0;-1
0;156;23.7517;20.6606;-55.739;10.1452;4373.92;6.10016;0;0;0.1;0.01;0;6.42666;0;0;-1
0;157;22.6843;38.2393;-56.2087;10.0929;4306.62;6.06871;0;0;0.1;0.01;0;7.04016;0;0;-1
0;158;22.9289;54.3763;-53.9817;10.4336;4757.64;6.27357;0;0;0.1;0.01;0;7.09788;0;0;-1
0;159;22.0534;70.5662;-57.6931;9.08793;3144.01;5.46444;0;0;0.1;0.01;0;2.47013;0;0;-1
0;160;38.5715;-56.0289;-56.4256;9.06067;3115.8;5.44805;0;0;0.1;0.01;0;4.55413;0;0;-1
0;161;34.933;-38.3587;-54.7225;8.60039;2664.67;5.17129;0;0;0.1;0.01;0;5.32418;0;0;-1
0;162;38.5239;-25.1012;-56.4557;9.04343;3098.05;5.43768;0;0;0.1;0.01;0;5.60321;0;0;-1
0;163;37.2063;-5.69007;-54.8315;8.57831;2644.2;5.15801;0;0;0.1;0.01;0;5.96487;0;0;-1
0;164;38.4603;8.33649;-55.4117;9.23354;3297.56;5.55199;0;0;0.1;0.01;0;6.96432;0;0;-1
0;165;38.8686;25.4332;-54.6071;9.85015;4003.29;5.92275;0;0;0.1;0.01;0;6.32724;0;0;-1
0;166;36.7808;46.1502;-56.6488;9.17439;3234.6;5.51643;0;0;0.1;0.01;0;5.85559;0;0;-1
0;167;36.3645;60.7311;-54.1151;8.5;2572.44;5.11093;0;0;0.1;0.01;0;4.54268;1;0;-1
0;168;52.8847;-50.9591;-56.0594;8.97539;3028.65;5.39677;0;0;0.1;0.01;0;3.28752;0;0;-1
0;169;52.0669;-31.0901;-54.135;9.95776;4135.93;5.98746;0;0;0.1;0.01;0;5.7317;0;0;-1
0;170;52.9086;-15.0629;-54.3801;8.5;2572.44;5.11093;0;0;0.1;0.01;0;5.22873;1;0;-1
0;171;52.2494;0.0412445;-54.3886;9.99184;4178.54;6.00795;0;0;0.1;0.01;0;7.51587;0;0;-1
0;172;51.1936;18.0861;-56.0425;9.0008;3054.44;5.41205;0;0;0.1;0.01;0;6.79197;0;0;-1
0;173;52.9401;34.0744;-55.767;9.24176;3306.38;5.55694;0;0;0.1;0.01;0;5.31002;0;0;-1
0;174;52.6953;55.2617;-56.5067;10.1122;4331.37;6.08032;0;0;0.1;0.01;0;4.26886;0;0;-1
0;175;64.6167;-40.8694;-56.6728;9.03274;3087.07;5.43126;0;0;0.1;0.01;0;2.99638;0;0;-1
0;176;67.2829;-25.0856;-56.106;9.38578;3463.38;5.64353;0;0;0.1;0.01;0;4.42269;0;0;-1
0;177;67.7718;-4.49696;-55.1333;8.5;2572.44;5.11093;0;0;0.1;0.01;0;5.13954;1;0;-1
0;178;65.8299;11.9957;-53.8082;9.54477;3642.38;5.73913;0;0;0.1;0.01;0;5.87381;0;0;-1
0;179;66.0112;26.6428;-55.2755;8.5;2572.44;5.11093;0;0;0.1;0.01;0;3.88981;1;0;-1
0;180;64.7664;46.0657;-54.3233;9.81335;3958.59;5.90062;0;0;0.1;0.01;0;3.39545;0;0;-1
0;181;79.7181;-16.85;-56.7555;10.1836;4423.77;6.12325;0;0;0.1;0.01;0;2.82778;0;0;-1
0;182;82.2216;1.11926;-54.4718;8.92226;2975.18;5.36483;0;0;0.1;0.01;0;2.82661;0;0;-1
0;183;-87.5106;-21.66;-40.631;9.37018;3446.14;5.63415;0;0;0.1;0.01;0;3.1471;0;0;-1
0;184;-84.117;-8.17313;-40.1231;10.0307;4227.49;6.03131;0;0;0.1;0.01;0;5.21947;0;0;-1
0;185;-86.3111;12.3532;-39.6227;9.63572;3747.5;5.79382;0;0;0.1;0.01;0;4.43901;0;0;-1
0;186;-86.6545;29.3399;-39.2273;9.84885;4001.71;5.92197;0;0;0.1;0.01;0;3.00457;0;0;-1
0;187;-70.1812;-48.0383;-39.6421;8.5;2572.44;5.11093;0;0;0.1;0.01;0;4.05758;1;0;-1
0;188;-72.1233;-33.9447;-41.5622;10.2288;4482.94;6.15043;0;0;0.1;0.01;0;5.02731;0;0;-1
0;189;-71.5918;-14.5699;-41.63;8.5;2572.44;5.11093;0;0;0.1;0.01;0;5.3882;1;0;-1
0;190;-72.6809;3.61606;-40.9327;10.2704;4537.86;6.17544;0;0;0.1;0.01;0;7.38465;0;0;-1
0;191;-70.5088;19.0705;-42.0669;9.73679;3866.66;5.85459;0;0;0.1;0.01;0;6.23893;0;0;-1
0;192;-69.9863;37.0777;-42.9193;9.92192;4091.44;5.96591;0;0;0.1;0.01;0;5.68242;0;0;-1
0;193;-72.6581;51.3912;-41.097;9.59208;3696.81;5.76758;0;0;0.1;0.01;0;3.0941;0;0;-1
0;194;-56.954;-59.2023;-39.9301;10.3288;4615.71;6.21056;0;0;0.1;0.01;0;5.25093;0;0;-1
0;195;-56.7246;-39.4569;-41.8751;9.50868;3601.22;5.71743;0;0;0.1;0.01;0;6.64235;0;0;-1
0;196;-54.1661;-24.6431;-40.9056;9.31218;3382.54;5.59928;0;0;0.1;0.01;0;5.42157;0;0;-1
0;197;-57.4645;-7.32996;-42.02;10.0834;4294.47;6.063;0;0;0.1;0.01;0;6.99121;0;0;-1
0;198;-55.062;9.53792;-39.8519;10.2811;4552.05;6.18188;0;0;0.1;0.01;0;6.71454;0;0;-1
0;199;-55.5394;25.8713;-41.5472;9.89022;4052.35;5.94685;0;0;0.1;0.01;0;6.11312;0;0;-1
0;200;-56.9732;42.6518;-40.1098;9.6706;3788.34;5.81479;0;0;0.1;0.01;0;6.52707;0;0;-1
0;201;-54.2523;60.4508;-39.5903;9.62047;3729.73;5.78465;0;0;0.1;0.01;0;5.24107;0;0;-1
0;202;-40.5205;-80.6258;-40.9904;8.5;2572.44;5.11093;0;0;0.1;0.01;0;2.96943;1;0;-1
0;203;-41.6785;-65.8981;-39.2298;9.46189;3548.32;5.6893;0;0;0.1;0.01;0;6.38233;0;0;-1
0;204;-43.0563;-47.5224;-41.7167;8.5;2572.44;5.11093;0;0;0.1;0.01;0;4.90198;1;0;-1
0;205;-42.5768;-31.6904;-42.2014;8.64528;2706.61;5.19828;0;0;0.1;0.01;0;5.0946;0;0;-1
0;206;-40.2488;-13.4543;-40.6539;9.60474;3711.47;5.77519;0;0;0.1;0.01;0;6.10422;0;0;-1
0;207;-42.0112;1.94753;-39.9905;9.25091;3316.21;5.56244;0;0;0.1;0.01;0;6.47442;0;0;-1
0;208;-41.7835;19.6613;-42.4207;8.59492;2659.59;5.168;0;0;0.1;0.01;0;5.91295;0;0;-1
0;209;-41.4514;34.4623;-41.4076;8.78789;2842.77;5.28403;0;0;0.1;0.01;0;5.64077;0;0;-1
0;210;-40.2704;53.6185;-41.2204;9.53739;3633.94;5.73469;0;0;0.1;0.01;0;7.07321;0;0;-1
0;211;-40.8066;68.4796;-42.1361;10.3601;4657.8;6.22938;0;0;0.1;0.01;0;6.08152;0;0;-1
0;212;-27.6636;-72.9666;-42.8766;9.39388;3472.35;5.6484;0;0;0.1;0.01;0;6.10718;0;0;-1
0;213;-28.1445;-57.7319;-40.4583;10.4418;4768.86;6.2785;0;0;0.1;0.01;0;7.09341;0;0;-1
0;214;-25.2986;-38.5042;-42.3644;9.23225;3296.18;5.55122;0;0;0.1;0.01;0;5.32688;0;0;-1
0;215;-25.0108;-22.3763;-39.8126;9.9908;4177.24;6.00732;0;0;0.1;0.01;0;6.38954;0;0;-1
0;216;-24.7451;-5.18052;-40.654;8.87426;2927.42;5.33596;0;0;0.1;0.01;0;5.61409;0;0;-1
0;217;-25.4462;9.75467;-41.0422;8.5;2572.44;5.11093;0;0;0.1;0.01;0;4.04241;1;0;-1
0;218;-28.1754;27.0149;-42.014;9.3773;3454;5.63843;0;0;0.1;0.01;0;5.48981;0;0;-1
0;219;-27.22;44.1228;-42.1;9.59228;3697.04;5.7677;0;0;0.1;0.01;0;6.10451;0;0;-1
0;220;-27.5557;60.5349;-40.7617;9.41372;3494.4;5.66033;0;0;0.1;0.01;0;7.06773;0;0;-1
0;221;-25.0141;77.1697;-42.0786;9.57316;3674.98;5.7562;0;0;0.1;0.01;0;5.246;0;0;-1
0;222;-12.9912;-83.1434;-42.1664;8.61093;2674.48;5.17763;0;0;0.1;0.01;0;4.0365;0;0;-1
0;223;-12.9505;-67.6061;-39.7428;10.0617;4266.8;6.04995;0;0;0.1;0.01;0;6.69504;0;0;-1
0;224;-12.394;-49.3808;-41.8332;9.18212;3242.78;5.52108;0;0;0.1;0.01;0;5.31889;0;0;-1
0;225;-9.78727;-33.3273;-39.8357;9.50911;3601.71;5.71769;0;0;0.1;0.01;0;6.1188;0;0;-1
0;226;-13.07;-15.5141;-40.7592;8.69144;2750.2;5.22604;0;0;0.1;0.01;0;6.37381;0;0;-1
0;227;-11.068;0.255266;-41.4473;8.66025;2720.7;5.20728;0;0;0.1;0.01;0;5.45308;0;0;-1
0;228;-12.5383;20.0303;-39.3396;9.95302;4130.03;5.98461;0;0;0.1;0.01;0;6.16091;0;0;-1
0;229;-9.96072;34.3113;-39.7655;8.5;2572.44;5.11093;0;0;0.1;0.01;0;6.08738;1;0;-1
0;230;-11.5626;52.964;-39.3562;10.1789;4417.65;6.12042;0;0;0.1;0.01;0;6.47112;0;0;-1
0;231;-11.0998;70.7587;-40.0397;9.43087;3513.53;5.67065;0;0;0.1;0.01;0;5.57566;0;0;-1
0;232;-9.78714;87.1032;-39.96;8.5;2572.44;5.11093;0;0;0.1;0.01;0;2.3874;1;0;-1
0;233;2.8237;-89.5428;-42.0541;9.11671;3173.97;5.48175;0;0;0.1;0.01;0;2.88106;0;0;-1
0;234;4.68046;-74.9299;-41.1615;8.55271;2620.59;5.14262;0;0;0.1;0.01;0;5.17566;0;0;-1
0;235;2.01411;-59.7559;-39.3795;9.47364;3561.55;5.69636;0;0;0.1;0.01;0;5.41914;0;0;-1
0;236;3.62435;-40.7672;-39.8051;8.5;2572.44;5.11093;0;0;0.1;0.01;0;4.85038;1;0;-1
0;237;4.67238;-25.2793;-39.5139;9.5216;3615.92;5.7252;0;0;0.1;0.01;0;6.13816;0;0;-1
0;238;1.23495;-8.08033;-42.4288;10.2613;4525.8;6.16997;0;0;0.1;0.01;0;6.267;0;0;-1
0;239;3.21903;10.4508;-41.0085;8.61838;2681.42;5.18211;0;0;0.1;0.01;0;4.36918;0;0;-1
0;240;4.07611;27.1888;-39.4757;8.90471;2957.66;5.35427;0;0;0.1;0.01;0;6.72767;0;0;-1
0;241;1.22395;43.0326;-40.2777;10.0973;4312.25;6.07136;0;0;0.1;0.01;0;7.97641;0;0;-1
0;242;1.51981;60.6232;-40.9762;8.5;2572.44;5.11093;0;0;0.1;0.01;0;5.36248;1;0;-1
0;243;3.9566;76.3829;-41.075;9.14274;3201.24;5.4974;0;0;0.1;0.01;0;5.26454;0;0;-1
0;244;17.6709;-82.3263;-42.0964;8.5;2572.44;5.11093;0;0;0.1;0.01;0;3.29342;1;0;-1
0;245;18.2159;-65.452;-39.2874;10.2625;4527.39;6.17069;0;0;0.1;0.01;0;5.88406;0;0;-1
0;246;17.9188;-46.4614;-40.8049;8.89095;2943.97;5.346;0;0;0.1;0.01;0;5.26731;0;0;-1
0;247;17.837;-31.7611;-41.1557;8.5;2572.44;5.11093;0;0;0.1;0.01;0;5.83698;1;0;-1
0;248;19.0985;-15.4954;-41.7699;9.48375;3572.97;5.70244;0;0;0.1;0.01;0;5.92465;0;0;-1
0;249;19.7516;1.94287;-42.156;9.10927;3166.21;5.47727;0;0;0.1;0.01;0;4.69313;0;0;-1
0;250;17.6645;17.7357;-40.5147;9.27102;3337.88;5.57453;0;0;0.1;0.01;0;5.59995;0;0;-1
0;251;19.0264;36.715;-42.8397;9.9124;4079.67;5.96018;0;0;0.1;0.01;0;7.63307;0;0;-1
0;252;16.7957;52.0142;-39.6924;10.0976;4312.64;6.07154;0;0;0.1;0.01;0;7.4403;0;0;-1
0;253;18.761;68.4695;-41.1967;10.3155;4597.9;6.20256;0;0;0.1;0.01;0;5.94073;0;0;-1
0;254;16.4123;87.4185;-41.1276;10.0767;4285.92;6.05897;0;0;0.1;0.01;0;3.14626;0;0;-1
0;255;32.955;-75.6315;-42.5075;8.64912;2710.22;5.20059;0;0;0.1;0.01;0;2.24976;0;0;-1
0;256;30.5655;-56.4901;-40.5218;9.0958;3152.18;5.46917;0;0;0.1;0.01;0;6.27854;0;0;-1
0;257;33.7159;-41.1804;-40.4656;10.005;4195.08;6.01586;0;0;0.1;0.01;0;7.65272;0;0;-1
0;258;32.7729;-25.2884;-41.5706;10.1242;4346.81;6.08753;0;0;0.1;0.01;0;7.40576;0;0;-1
0;259;33.7361;-8.05206;-42.0266;8.5;2572.44;5.11093;0;0;0.1;0.01;0;4.72642;1;0;-1
0;260;33.8409;10.0437;-42.2931;8.5;2572.44;5.11093;0;0;0.1;0.01;0;5.10333;1;0;-1
0;261;33.8505;29.5198;-39.8769;8.93213;2985.06;5.37076;0;0;0.1;0.01;0;6.03382;0;0;-1
0;262;32.945;46.1559;-39.421;10.038;4236.72;6.0357;0;0;0.1;0.01;0;7.76773;0;0;-1
0;263;33.9199;60.0841;-39.7046;9.38769;3465.49;5.64468;0;0;0.1;0.01;0;6.20821;0;0;-1
0;264;33.5553;79.8402;-40.4269;8.95437;3007.42;5.38413;0;0;0.1;0.01;0;2.74503;0;0;-1
0;265;47.8291;-65.2736;-41.6112;8.94443;2997.41;5.37816;0;0;0.1;0.01;0;2.46498;0;0;-1
0;266;47.1408;-47.7067;-39.9504;9.52788;3623.08;5.72898;0;0;0.1;0.01;0;5.8029;0;0;-1
0;267;47.7651;-30.238;-39.2219;10.3176;4600.71;6.20382;0;0;0.1;0.01;0;7.65876;0;0;-1
0;268;46.7917;-14.94;-42.582;10.067;4273.55;6.05314;0;0;0.1;0.01;0;7.77844;0;0;-1
0;269;46.0791;2.87674;-42.1846;8.5;2572.44;5.11093;0;0;0.1;0.01;0;6.19915;1;0;-1
0;270;47.759;16.8709;-43.0428;10.1627;4396.59;6.11068;0;0;0.1;0.01;0;7.43841;0;0;-1
0;271;46.845;37.9654;-41.0998;9.52653;3621.54;5.72816;0;0;0.1;0.01;0;6.19112;0;0;-1
0;272;46.7053;52.1412;-42.8717;9.67637;3795.12;5.81826;0;0;0.1;0.01;0;6.60556;0;0;-1
0;273;46.8323;69.2602;-39.8973;9.92643;4097.02;5.96862;0;0;0.1;0.01;0;4.49768;0;0;-1
0;274;60.3742;-55.3628;-39.3237;9.8308;3979.74;5.91112;0;0;0.1;0.01;0;4.74621;0;0;-1
0;275;63.996;-41.6899;-39.8304;8.94562;2998.61;5.37887;0;0;0.1;0.01;0;4.28037;0;0;-1
0;276;61.2078;-23.3533;-39.8365;8.55006;2618.16;5.14103;0;0;0.1;0.01;0;5.54429;0;0;-1
0;277;63.4164;-7.79088;-42.3299;9.67674;3795.56;5.81848;0;0;0.1;0.01;0;6.80261;0;0;-1
0;278;63.5995;8.22807;-39.4699;10.0114;4203.13;6.01971;0;0;0.1;0.01;0;6.55931;0;0;-1
0;279;63.0213;26.1889;-42.2701;10.0357;4233.81;6.03432;0;0;0.1;0.01;0;6.07371;0;0;-1
0;280;61.5536;42.139;-41.196;8.88075;2933.85;5.33987;0;0;0.1;0.01;0;5.0803;0;0;-1
0;281;61.9961;60.4252;-42.4675;9.23144;3295.32;5.55073;0;0;0.1;0.01;0;3.67625;0;0;-1
0;282;74.9424;-32.4956;-43.1732;9.0112;3065.04;5.4183;0;0;0.1;0.01;0;3.21858;0;0;-1
0;283;77.7421;-15.002;-41.1245;8.62851;2690.89;5.1882;0;0;0.1;0.01;0;4.46554;0;0;-1
0;284;76.331;-0.0878719;-41.4682;10.2851;4557.37;6.18428;0;0;0.1;0.01;0;6.87568;0;0;-1
0;285;78.7439;19.7298;-42.819;8.99017;3043.63;5.40566;0;0;0.1;0.01;0;3.32988;0;0;-1
0;286;76.5344;34.3384;-41.9409;9.23964;3304.1;5.55566;0;0;0.1;0.01;0;3.54126;0;0;-1
0;287;90.5147;-4.56034;-40.5338;8.7003;2758.62;5.23136;0;0;0.1;0.01;0;2.23263;0;0;-1
0;288;-95.1303;-13.5109;-24.7022;8.77145;2826.85;5.27415;0;0;0.1;0.01;0;3.17502;0;0;-1
0;289;-95.6339;1.25118;-26.0944;9.92316;4092.97;5.96665;0;0;0.1;0.01;0;3.87656;0;0;-1
0;290;-80.8674;-41.5003;-24.6613;9.90428;4069.65;5.9553;0;0;0.1;0.01;0;2.88751;0;0;-1
0;291;-81.7938;-23.4413;-27.3459;9.5595;3659.27;5.74799;0;0;0.1;0.01;0;3.86591;0;0;-1
0;292;-78.9056;-4.65765;-26.4854;10.0423;4242.17;6.03829;0;0;0.1;0.01;0;5.59174;0;0;-1
0;293;-82.5762;10.9687;-26.4481;10.1274;4350.93;6.08946;0;0;0.1;0.01;0;6.28549;0;0;-1
0;294;-82.414;27.6816;-25.1408;10.0349;4232.8;6.03384;0;0;0.1;0.01;0;5.0266;0;0;-1
0;295;-80.403;44.5613;-28.1099;9.88358;4044.19;5.94285;0;0;0.1;0.01;0;3.28475;0;0;-1
0;296;-64.0816;-67.8762;-26.0016;8.5;2572.44;5.11093;0;0;0.1;0.01;0;2.51769;1;0;-1
0;297;-64.3783;-48.9939;-26.1313;8.77835;2833.53;5.27829;0;0;0.1;0.01;0;4.35924;0;0;-1
0;298;-64.527;-31.2651;-25.4614;9.74862;3880.77;5.8617;0;0;0.1;0.01;0;5.46817;0;0;-1
0;299;-64.4878;-12.8893;-26.9951;9.28066;3348.31;5.58033;0;0;0.1;0.01;0;5.55838;0;0;-1
0;300;-66.0778;4.44646;-26.0264;8.5;2572.44;5.11093;0;0;0.1;0.01;0;5.94046;1;0;-1
0;301;-65.4718;20.219;-26.932;8.59094;2655.89;5.16561;0;0;0.1;0.01;0;5.71272;0;0;-1
0;302;-64.6856;35.2169;-27.1729;10.0497;4251.56;6.04274;0;0;0.1;0.01;0;6.30988;0;0;-1
0;303;-64.5492;50.9156;-26.2263;9.27992;3347.51;5.57988;0;0;0.1;0.01;0;5.75034;0;0;-1
0;304;-66.6783;68.6697;-26.7152;9.4554;3541.02;5.68539;0;0;0.1;0.01;0;2.14933;0;0;-1
0;305;-49.707;-72.4986;-27.7911;8.99661;3050.18;5.40953;0;0;0.1;0.01;0;5.22927;0;0;-1
0;306;-49.6151;-58.1779;-26.289;9.25063;3315.91;5.56227;0;0;0.1;0.01;0;6.29481;0;0;-1
0;307;-51.5428;-39.7155;-26.347;9.3425;3415.69;5.61751;0;0;0.1;0.01;0;6.00898;0;0;-1
0;308;-52.4113;-23.1142;-27.5515;9.77632;3913.95;5.87836;0;0;0.1;0.01;0;6.55542;0;0;-1
0;309;-50.4842;-7.03517;-27.8138;9.73264;3861.72;5.8521;0;0;0.1;0.01;0;6.61013;0;0;-1
0;310;-53.0213;8.65058;-26.3286;8.9409;2993.87;5.37603;0;0;0.1;0.01;0;5.48806;0;0;-1
0;311;-51.1142;26.785;-24.4689;9.14375;3202.3;5.498;0;0;0.1;0.01;0;5.57748;0;0;-1
0;312;-49.9907;45.5128;-24.8759;9.78011;3918.5;5.88064;0;0;0.1;0.01;0;7.33701;0;0;-1
0;313;-50.668;62.4864;-25.579;8.75947;2815.28;5.26694;0;0;0.1;0.01;0;6.0852;0;0;-1
0;314;-51.7951;78.4827;-28.2568;8.72318;2780.44;5.24512;0;0;0.1;0.01;0;2.65253;0;0;-1
0;315;-36.4327;-82.1756;-26.5188;10.3133;4594.96;6.20124;0;0;0.1;0.01;0;6.19527;0;0;-1
0;316;-34.9838;-67.3078;-26.7979;8.88636;2939.41;5.34324;0;0;0.1;0.01;0;6.99093;0;0;-1
0;317;-38.3693;-47.1086;-27.1443;10.1598;4392.83;6.10894;0;0;0.1;0.01;0;5.71281;0;0;-1
0;318;-36.0583;-30.0807;-26.0749;9.32899;3400.89;5.60939;0;0;0.1;0.01;0;6.11703;0;0;-1
0;319;-34.6358;-13.76;-26.8013;8.77558;2830.85;5.27663;0;0;0.1;0.01;0;5.01485;0;0;-1
0;320;-36.5842;4.3182;-27.4511;8.5;2572.44;5.11093;0;0;0.1;0.01;0;4.1925;1;0;-1
0;321;-38.3571;18.5454;-27.4846;9.50184;3593.45;5.71332;0;0;0.1;0.01;0;5.45492;0;0;-1
0;322;-38.2414;34.5877;-25.176;8.5;2572.44;5.11093;0;0;0.1;0.01;0;5.50139;1;0;-1
0;323;-37.6453;52.274;-27.8667;9.223;3286.29;5.54566;0;0;0.1;0.01;0;6.07334;0;0;-1
0;324;-38.2116;67.725;-25.7626;8.5;2572.44;5.11093;0;0;0.1;0.01;0;4.48556;1;0;-1
0;325;-35.5391;85.8436;-24.9503;10.2803;4550.99;6.1814;0;0;0.1;0.01;0;3.74745;0;0;-1
0;326;-21.7841;-90.7762;-25.2864;10.3383;4628.45;6.21627;0;0;0.1;0.01;0;3.9877;0;0;-1
0;327;-20.582;-73.0913;-27.0252;10.1729;4409.84;6.11682;0;0;0.1;0.01;0;8.27738;0;0;-1
0;328;-20.3465;-59.1602;-26.3077;9.74517;3876.65;5.85963;0;0;0.1;0.01;0;7.26612;0;0;-1
0;329;-22.0186;-40.5838;-26.6576;8.61701;2680.15;5.18128;0;0;0.1;0.01;0;4.98746;0;0;-1
0;330;-21.3607;-21.1065;-24.9729;10.094;4308.03;6.06938;0;0;0.1;0.01;0;6.8425;0;0;-1
0;331;-19.7208;-5.48388;-28.0815;8.5;2572.44;5.11093;0;0;0.1;0.01;0;4.64883;1;0;-1
0;332;-21.3114;11.8066;-25.7761;8.5;2572.44;5.11093;0;0;0.1;0.01;0;4.00208;1;0;-1
0;333;-22.7747;28.7651;-27.7829;8.64731;2708.52;5.1995;0;0;0.1;0.01;0;5.10145;0;0;-1
0;334;-21.2684;44.7708;-27.8791;9.74786;3879.86;5.86125;0;0;0.1;0.01;0;5.84211;0;0;-1
0;335;-21.693;62.1718;-26.6153;9.66986;3787.47;5.81435;0;0;0.1;0.01;0;6.33928;0;0;-1
0;336;-22.8399;78.76;-27.9078;9.43208;3514.88;5.67137;0;0;0.1;0.01;0;5.63121;0;0;-1
0;337;-5.93957;-81.2673;-28.649;9.37792;3454.68;5.63881;0;0;0.1;0.01;0;6.09272;0;0;-1
0;338;-7.90785;-66.6065;-26.3282;9.47884;3567.42;5.69949;0;0;0.1;0.01;0;6.68889;0;0;-1
0;339;-8.562;-48.5883;-24.3818;9.13807;3196.33;5.49459;0;0;0.1;0.01;0;5.18669;0;0;-1
0;340;-8.20413;-29.6883;-25.5473;8.77274;2828.1;5.27492;0;0;0.1;0.01;0;5.5669;0;0;-1
0;341;-6.01135;-13.325;-27.8135;9.41095;3491.31;5.65867;0;0;0.1;0.01;0;6.59779;0;0;-1
0;342;-5.49433;1.93252;-27.6437;8.53399;2603.42;5.13136;0;0;0.1;0.01;0;5.70886;0;0;-1
0;343;-6.60632;21.1268;-25.6294;9.60397;3710.57;5.77473;0;0;0.1;0.01;0;6.70025;0;0;-1
0;344;-7.09369;35.4057;-27.1009;9.34522;3418.67;5.61915;0;0;0.1;0.01;0;7.48369;0;0;-1
0;345;-7.93018;51.5151;-26.0241;8.65073;2711.73;5.20156;0;0;0.1;0.01;0;5.61142;0;0;-1
0;346;-9.34447;72.1661;-24.4812;8.6207;2683.59;5.1835;0;0;0.1;0.01;0;5.03953;0;0;-1
0;347;-9.09811;88.2408;-25.6663;8.64271;2704.2;5.19674;0;0;0.1;0.01;0;3.97134;0;0;-1
0;348;9.34511;-90.4739;-25.4107;10.3115;4592.55;6.20016;0;0;0.1;0.01;0;4.27808;0;0;-1
0;349;6.59624;-75.7945;-25.3133;9.7822;3921.01;5.88189;0;0;0.1;0.01;0;6.67485;0;0;-1
0;350;9.44198;-58.6614;-25.7717;9.33001;3402;5.61;0;0;0.1;0.01;0;5.80894;0;0;-1
0;351;5.72762;-40.0314;-25.3938;9.62018;3729.39;5.78447;0;0;0.1;0.01;0;6.09813;0;0;-1
0;352;8.26234;-25.5205;-26.5891;8.72878;2785.8;5.24849;0;0;0.1;0.01;0;5.86001;0;0;-1
0;353;9.02401;-8.76637;-27.6949;10.2426;4501.11;6.15873;0;0;0.1;0.01;0;6.79771;0;0;-1
0;354;5.51498;9.93453;-25.5099;9.14542;3204.05;5.49901;0;0;0.1;0.01;0;4.58395;0;0;-1
0;355;9.43383;29.3309;-27.6636;10.081;4291.4;6.06156;0;0;0.1;0.01;0;6.86123;0;0;-1
0;356;6.25215;44.046;-25.2386;10.3766;4680.09;6.2393;0;0;0.1;0.01;0;7.20008;0;0;-1
0;357;6.86744;63.4079;-24.6209;10.1832;4423.25;6.12301;0;0;0.1;0.01;0;6.80701;0;0;-1
0;358;5.89992;78.2857;-28.0001;9.05381;3108.73;5.44392;0;0;0.1;0.01;0;5.55788;0;0;-1
0;359;8.24536;95.6168;-26.8445;10.0208;4214.98;6.02536;0;0;0.1;0.01;0;2.99681;0;0;-1
0;360;22.5745;-82.3682;-25.216;9.14669;3205.39;5.49977;0;0;0.1;0.01;0;4.65919;0;0;-1
0;361;23.6997;-65.897;-25.4741;9.51617;3609.73;5.72193;0;0;0.1;0.01;0;5.43813;0;0;-1
0;362;23.2753;-47.2938;-27.433;10.114;4333.69;6.0814;0;0;0.1;0.01;0;6.25934;0;0;-1
0;363;22.7919;-31.7611;-26.0503;9.7203;3847.05;5.84468;0;0;0.1;0.01;0;6.89752;0;0;-1
0;364;22.1289;-16.0891;-25.5884;10.0142;4206.66;6.02139;0;0;0.1;0.01;0;6.73123;0;0;-1
0;365;22.319;1.01792;-26.8006;9.03568;3090.09;5.43302;0;0;0.1;0.01;0;5.1727;0;0;-1
0;366;23.3902;18.1894;-28.0144;9.62583;3735.97;5.78787;0;0;0.1;0.01;0;6.25477;0;0;-1
0;367;23.2478;34.9347;-27.5212;9.48752;3577.23;5.70471;0;0;0.1;0.01;0;7.41908;0;0;-1
0;368;20.5936;51.1122;-24.5175;9.78732;3927.17;5.88497;0;0;0.1;0.01;0;6.26103;0;0;-1
0;369;20.2934;69.1533;-26.9544;9.41126;3491.66;5.65885;0;0;0.1;0.01;0;5.36243;0;0;-1
0;370;23.3575;84.5764;-24.8031;9.48309;3572.22;5.70204;0;0;0.1;0.01;0;4.89982;0;0;-1
0;371;38.0648;-75.9958;-27.1029;9.08221;3138.07;5.461;0;0;0.1;0.01;0;3.93912;0;0;-1
0;372;35.2295;-56.9162;-27.0403;8.68961;2748.46;5.22494;0;0;0.1;0.01;0;5.60665;0;0;-1
0;373;37.5293;-39.9464;-26.8238;9.92192;4091.44;5.96591;0;0;0.1;0.01;0;7.96673;0;0;-1
0;374;37.6919;-23.169;-27.692;9.98008;4163.81;6.00088;0;0;0.1;0.01;0;7.59117;0;0;-1
0;375;37.456;-7.20947;-24.8405;9.68117;3800.77;5.82115;0;0;0.1;0.01;0;6.57198;0;0;-1
0;376;35.128;8.91337;-26.7857;8.8148;2868.97;5.30021;0;0;0.1;0.01;0;5.30815;0;0;-1
0;377;37.2291;25.3873;-24.7108;9.96675;4147.15;5.99286;0;0;0.1;0.01;0;6.87978;0;0;-1
0;378;37.0107;42.1405;-27.1005;9.84583;3998.03;5.92015;0;0;0.1;0.01;0;6.5793;0;0;-1
0;379;38.4497;63.6767;-24.9032;8.5;2572.44;5.11093;0;0;0.1;0.01;0;4.58618;1;0;-1
0;380;36.754;78.8124;-24.8783;8.5;2572.44;5.11093;0;0;0.1;0.01;0;4.35125;1;0;-1
0;381;50.4393;-66.6501;-24.7866;10.2137;4463.11;6.14135;0;0;0.1;0.01;0;5.56943;0;0;-1
0;382;49.9649;-50.7725;-25.2896;10.1728;4409.71;6.11676;0;0;0.1;0.01;0;6.85116;0;0;-1
0;383;50.0702;-33.4131;-25.0327;8.55599;2623.61;5.14459;0;0;0.1;0.01;0;5.20194;0;0;-1
0;384;52.7131;-15.5617;-26.8572;9.21838;3281.35;5.54288;0;0;0.1;0.01;0;6.25915;0;0;-1
0;385;51.8213;1.73307;-28.3353;10.0155;4208.3;6.02217;0;0;0.1;0.01;0;7.16902;0;0;-1
0;386;50.1074;17.7955;-28.515;9.04577;3100.45;5.43909;0;0;0.1;0.01;0;6.16723;0;0;-1
0;387;50.3076;34.8915;-25.0699;9.38364;3461.01;5.64225;0;0;0.1;0.01;0;5.57751;0;0;-1
0;388;52.9787;54.7674;-24.6913;8.65695;2717.59;5.2053;0;0;0.1;0.01;0;4.39639;0;0;-1
0;389;52.2021;72.6227;-26.9416;9.78828;3928.33;5.88555;0;0;0.1;0.01;0;4.37822;0;0;-1
0;390;66.3601;-59.2046;-27.6322;8.99162;3045.11;5.40653;0;0;0.1;0.01;0;4.13192;0;0;-1
0;391;66.6377;-42.2228;-25.0441;8.84857;2902.07;5.32052;0;0;0.1;0.01;0;5.48258;0;0;-1
0;392;67.4835;-23.244;-24.8733;10.3678;4668.19;6.23401;0;0;0.1;0.01;0;6.53636;0;0;-1
0;393;65.5565;-5.5994;-26.9253;8.9529;3005.94;5.38325;0;0;0.1;0.01;0;6.84072;0;0;-1
0;394;66.5838;9.45427;-25.0923;9.2484;3313.51;5.56093;0;0;0.1;0.01;0;5.82343;0;0;-1
0;395;64.8749;25.4098;-25.6021;9.8348;3984.6;5.91352;0;0;0.1;0.01;0;4.81017;0;0;-1
0;396;66.3818;46.505;-25.9018;10.0347;4232.55;6.03372;0;0;0.1;0.01;0;5.81704;0;0;-1
0;397;65.0716;62.2769;-27.5196;10.0508;4252.95;6.0434;0;0;0.1;0.01;0;4.96784;0;0;-1
0;398;79.4174;-51.2675;-25.8187;10.1042;4321.1;6.07551;0;0;0.1;0.01;0;2.17846;0;0;-1
0;399;81.8798;-34.2053;-24.8304;10.2512;4512.45;6.1639;0;0;0.1;0.01;0;3.41535;0;0;-1
0;400;80.7497;-16.8118;-25.349;8.88357;2936.64;5.34156;0;0;0.1;0.01;0;4.46947;0;0;-1
0;401;79.797;-0.230343;-26.2409;9.30496;3374.68;5.59494;0;0;0.1;0.01;0;4.87295;0;0;-1
0;402;83.2172;17.7953;-25.2688;9.79833;3940.44;5.89159;0;0;0.1;0.01;0;4.14657;0;0;-1
0;403;79.096;33.7654;-27.9864;8.5;2572.44;5.11093;0;0;0.1;0.01;0;3.36662;1;0;-1
0;404;79.372;54.6237;-26.5419;10.3516;4646.34;6.22427;0;0;0.1;0.01;0;2.70834;0;0;-1
0;405;-98.4435;0.961695;-11.8087;10.2755;4544.62;6.17851;0;0;0.1;0.01;0;3.70505;0;0;-1
0;406;-84.2843;-42.0855;-11.248;9.08598;3141.98;5.46327;0;0;0.1;0.01;0;3.46812;0;0;-1
0;407;-84.3746;-23.5409;-10.3078;10.4098;4725.15;6.25926;0;0;0.1;0.01;0;5.70314;0;0;-1
0;408;-85.2175;-7.13372;-12.4887;8.91246;2965.39;5.35893;0;0;0.1;0.01;0;5.26829;0;0;-1
0;409;-83.3484;11.6453;-11.9306;10.149;4378.83;6.10245;0;0;0.1;0.01;0;5.92324;0;0;-1
0;410;-84.8119;29.1433;-12.4274;8.5;2572.44;5.11093;0;0;0.1;0.01;0;4.12999;1;0;-1
0;411;-84.0305;42.4999;-11.31;9.39125;3469.44;5.64682;0;0;0.1;0.01;0;4.12709;0;0;-1
0;412;-70.8144;-68.4373;-10.0696;8.78734;2842.24;5.2837;0;0;0.1;0.01;0;2.13392;0;0;-1
0;413;-69.2301;-49.267;-11.9986;9.51949;3613.51;5.72393;0;0;0.1;0.01;0;4.76692;0;0;-1
0;414;-69.8913;-32.5581;-10.1403;9.37135;3447.43;5.63486;0;0;0.1;0.01;0;6.79662;0;0;-1
0;415;-72.1637;-15.739;-11.6956;9.40543;3485.17;5.65535;0;0;0.1;0.01;0;6.58494;0;0;-1
0;416;-70.7989;3.17226;-10.3111;8.76929;2824.76;5.27285;0;0;0.1;0.01;0;6.07155;0;0;-1
0;417;-68.3543;17.3703;-12.9545;8.58719;2652.42;5.16335;0;0;0.1;0.01;0;4.93304;0;0;-1
0;418;-69.4922;36.4719;-11.9841;9.59908;3704.91;5.77179;0;0;0.1;0.01;0;6.34107;0;0;-1
0;419;-71.9165;53.7836;-13.0212;8.9755;3028.76;5.39684;0;0;0.1;0.01;0;4.41702;0;0;-1
0;420;-54.2864;-75.1331;-9.7238;8.85847;2911.82;5.32647;0;0;0.1;0.01;0;3.81285;0;0;-1
0;421;-56.6185;-58.2387;-12.3501;9.39962;3478.72;5.65186;0;0;0.1;0.01;0;5.38418;0;0;-1
0;422;-57.3281;-39.2012;-10.3223;8.57706;2643.04;5.15726;0;0;0.1;0.01;0;5.56473;0;0;-1
0;423;-57.3128;-23.9547;-11.8636;8.5;2572.44;5.11093;0;0;0.1;0.01;0;5.49155;1;0;-1
0;424;-55.235;-7.21745;-11.8113;9.00601;3059.75;5.41518;0;0;0.1;0.01;0;5.49962;0;0;-1
0;425;-54.3052;8.60207;-12.5432;10.0595;4264.01;6.04863;0;0;0.1;0.01;0;5.9881;0;0;-1
0;426;-57.3405;29.7696;-12.8208;8.5;2572.44;5.11093;0;0;0.1;0.01;0;5.63845;1;0;-1
0;427;-55.1131;44.7219;-11.8284;9.28257;3350.37;5.58147;0;0;0.1;0.01;0;6.85723;0;0;-1
0;428;-57.9496;60.0309;-10.683;9.74725;3879.14;5.86088;0;0;0.1;0.01;0;5.44902;0;0;-1
0;429;-42.7879;-83.6428;-13.255;10.0889;4301.5;6.06631;0;0;0.1;0.01;0;4.25793;0;0;-1
0;430;-39.3565;-64.6257;-11.567;9.79525;3936.73;5.88974;0;0;0.1;0.01;0;5.61019;0;0;-1
0;431;-41.0526;-49.3519;-10.6916;8.52157;2592.07;5.1239;0;0;0.1;0.01;0;5.07864;0;0;-1
0;432;-41.2247;-32.605;-12.3647;9.80366;3946.87;5.8948;0;0;0.1;0.01;0;6.13984;0;0;-1
0;433;-42.0822;-14.3483;-13.5217;10.014;4206.41;6.02127;0;0;0.1;0.01;0;6.0841;0;0;-1
0;434;-40.9223;3.0711;-10.7845;9.48602;3575.53;5.70381;0;0;0.1;0.01;0;5.76875;0;0;-1
0;435;-39.4026;20.0881;-11.2105;10.0097;4200.99;6.01869;0;0;0.1;0.01;0;6.27734;0;0;-1
0;436;-42.1281;36.9041;-13.1708;9.33057;3402.62;5.61034;0;0;0.1;0.01;0;7.19814;0;0;-1
0;437;-42.6553;52.215;-12.6251;8.5;2572.44;5.11093;0;0;0.1;0.01;0;5.05146;1;0;-1
0;438;-43.0038;70.6848;-12.5545;8.74544;2801.78;5.25851;0;0;0.1;0.01;0;4.72123;0;0;-1
0;439;-43.2537;85.1302;-13.3369;8.5;2572.44;5.11093;0;0;0.1;0.01;0;3.42434;1;0;-1
0;440;-27.9017;-93.1804;-13.088;9.62079;3730.1;5.78484;0;0;0.1;0.01;0;4.31836;0;0;-1
0;441;-28.1478;-76.87;-13.0067;10.1441;4372.49;6.0995;0;0;0.1;0.01;0;7.05636;0;0;-1
0;442;-24.6932;-56.5748;-12.2871;10.3899;4698.1;6.2473;0;0;0.1;0.01;0;7.30659;0;0;-1
0;443;-27.367;-41.7528;-10.1925;10.4383;4764.07;6.2764;0;0;0.1;0.01;0;7.63187;0;0;-1
0;444;-26.633;-22.2859;-11.8631;10.2193;4470.46;6.14472;0;0;0.1;0.01;0;6.64865;0;0;-1
0;445;-24.9539;-7.30919;-10.3226;8.54228;2611.02;5.13635;0;0;0.1;0.01;0;4.69771;0;0;-1
0;446;-25.1401;9.14978;-10.2524;9.43114;3513.83;5.67081;0;0;0.1;0.01;0;5.17441;0;0;-1
0;447;-27.4323;28.4655;-10.5811;10.2555;4518.13;6.16648;0;0;0.1;0.01;0;6.15081;0;0;-1
0;448;-28.3054;42.9607;-10.7797;9.06343;3118.65;5.44971;0;0;0.1;0.01;0;5.62636;0;0;-1
0;449;-24.4434;59.0709;-12.8412;8.80537;2859.77;5.29454;0;0;0.1;0.01;0;4.53502;0;0;-1
0;450;-24.7734;77.7029;-12.2464;9.85517;4009.41;5.92577;0;0;0.1;0.01;0;6.45248;0;0;-1
0;451;-24.8582;94.675;-14.0157;10.1999;4445.05;6.13305;0;0;0.1;0.01;0;3.54408;0;0;-1
0;452;-13.5519;-83.3034;-11.0831;8.5;2572.44;5.11093;0;0;0.1;0.01;0;4.45535;1;0;-1
0;453;-12.7697;-65.4515;-13.252;8.5;2572.44;5.11093;0;0;0.1;0.01;0;5.52607;1;0;-1
0;454;-12.6941;-48.44;-9.7101;9.49539;3586.14;5.70944;0;0;0.1;0.01;0;6.60643;0;0;-1
0;455;-11.4446;-32.3658;-11.7641;10.4018;4714.27;6.25445;0;0;0.1;0.01;0;7.25789;0;0;-1
0;456;-10.3932;-14.2695;-10.7238;8.5;2572.44;5.11093;0;0;0.1;0.01;0;6.06;1;0;-1
0;457;-10.7186;0.961602;-11.6;10.2021;4447.92;6.13437;0;0;0.1;0.01;0;7.16062;0;0;-1
0;458;-10.7319;16.9704;-11.6253;9.08701;3143.05;5.46389;0;0;0.1;0.01;0;5.76787;0;0;-1
0;459;-11.595;34.2442;-12.5341;8.56015;2627.44;5.14709;0;0;0.1;0.01;0;4.61879;0;0;-1
0;460;-10.3513;50.9667;-10.6111;8.54843;2616.66;5.14005;0;0;0.1;0.01;0;5.22148;0;0;-1
0;461;-10.5258;67.4162;-11.6337;9.0735;3129.05;5.45576;0;0;0.1;0.01;0;5.91104;0;0;-1
0;462;-11.6976;87.2565;-12.4307;8.5;2572.44;5.11093;0;0;0.1;0.01;0;4.79595;1;0;-1
0;463;4.39349;-91.5518;-10.5858;8.69412;2752.74;5.22765;0;0;0.1;0.01;0;3.76661;0;0;-1
0;464;1.54572;-75.9925;-12.1269;8.5;2572.44;5.11093;0;0;0.1;0.01;0;5.49143;1;0;-1
0;465;1.34462;-59.4768;-12.8553;8.86284;2916.13;5.3291;0;0;0.1;0.01;0;6.06222;0;0;-1
0;466;1.68263;-41.2631;-12.6214;9.63019;3741.05;5.79049;0;0;0.1;0.01;0;6.53715;0;0;-1
0;467;1.26874;-21.5695;-10.4667;9.21799;3280.93;5.54264;0;0;0.1;0.01;0;6.60928;0;0;-1
0;468;1.59805;-7.44806;-12.1219;8.63646;2698.34;5.19298;0;0;0.1;0.01;0;6.1271;0;0;-1
0;469;3.28039;8.17101;-12.2814;10.1133;4332.79;6.08098;0;0;0.1;0.01;0;6.21231;0;0;-1
0;470;3.1906;25.1286;-13.5537;9.05314;3108.04;5.44352;0;0;0.1;0.01;0;4.72284;0;0;-1
0;471;1.98946;43.7637;-10.4943;9.3009;3370.26;5.5925;0;0;0.1;0.01;0;5.57848;0;0;-1
0;472;2.3358;59.5221;-10.7511;9.45512;3540.71;5.68523;0;0;0.1;0.01;0;6.58951;0;0;-1
0;473;2.70484;76.7499;-10.3979;8.91847;2971.39;5.36255;0;0;0.1;0.01;0;6.03387;0;0;-1
0;474;3.09729;94.0414;-11.4645;10.2647;4530.3;6.17202;0;0;0.1;0.01;0;4.45846;0;0;-1
0;475;18.8182;-85.1802;-10.5427;9.35595;3430.46;5.6256;0;0;0.1;0.01;0;5.80041;0;0;-1
0;476;16.0714;-68.1905;-10.5161;9.47166;3559.32;5.69517;0;0;0.1;0.01;0;6.35443;0;0;-1
0;477;15.9651;-51.468;-9.87561;9.86583;4022.44;5.93218;0;0;0.1;0.01;0;5.77892;0;0;-1
0;478;15.5226;-33.3902;-10.5208;9.65096;3765.3;5.80298;0;0;0.1;0.01;0;5.74361;0;0;-1
0;479;16.0373;-16.2962;-11.4681;8.57311;2639.39;5.15489;0;0;0.1;0.01;0;5.91012;0;0;-1
0;480;16.4149;1.11672;-11.4597;9.38448;3461.94;5.64275;0;0;0.1;0.01;0;5.58102;0;0;-1
0;481;19.4887;20.9015;-10.8801;9.88972;4051.73;5.94655;0;0;0.1;0.01;0;6.0488;0;0;-1
0;482;19.6219;38.1895;-13.1665;8.5;2572.44;5.11093;0;0;0.1;0.01;0;5.08468;1;0;-1
0;483;18.1841;54.5336;-11.4749;8.5;2572.44;5.11093;0;0;0.1;0.01;0;4.93176;1;0;-1
0;484;17.3061;71.4355;-10.3201;10.3965;4707.06;6.25126;0;0;0.1;0.01;0;7.11201;0;0;-1
0;485;15.7017;84.9739;-12.5696;8.5;2572.44;5.11093;0;0;0.1;0.01;0;5.45132;1;0;-1
0;486;31.9466;-93.7259;-12.0451;8.83098;2884.8;5.30994;0;0;0.1;0.01;0;1.85698;0;0;-1
0;487;33.3594;-76.6497;-12.3283;9.41174;3492.19;5.65914;0;0;0.1;0.01;0;5.65345;0;0;-1
0;488;32.8891;-55.3919;-10.35;9.45135;3536.47;5.68296;0;0;0.1;0.01;0;4.9921;0;0;-1
0;489;34.1678;-38.8919;-10.1248;9.62386;3733.67;5.78669;0;0;0.1;0.01;0;6.14309;0;0;-1
0;490;31.2318;-21.354;-12.2776;9.89423;4057.28;5.94926;0;0;0.1;0.01;0;7.10837;0;0;-1
0;491;33.1356;-6.33622;-10.7816;8.88235;2935.43;5.34083;0;0;0.1;0.01;0;5.56367;0;0;-1
0;492;33.5018;11.7973;-12.9118;10.3784;4682.52;6.24038;0;0;0.1;0.01;0;7.01946;0;0;-1
0;493;31.4744;29.0556;-10.8326;9.24443;3309.25;5.55854;0;0;0.1;0.01;0;6.8214;0;0;-1
0;494;33.5353;46.2641;-13.2508;9.56238;3662.58;5.74972;0;0;0.1;0.01;0;5.98857;0;0;-1
0;495;32.79;63.4901;-10.3689;8.6173;2680.42;5.18146;0;0;0.1;0.01;0;5.98504;0;0;-1
0;496;32.2623;79.3806;-10.1276;10.0567;4260.45;6.04695;0;0;0.1;0.01;0;6.38731;0;0;-1
0;497;45.9672;-82.9358;-10.7949;8.5;2572.44;5.11093;0;0;0.1;0.01;0;4.15635;1;0;-1
0;498;48.1308;-67.8902;-11.4511;9.53328;3629.24;5.73222;0;0;0.1;0.01;0;6.01285;0;0;-1
0;499;47.7013;-47.7322;-11.9601;9.34097;3414.01;5.61659;0;0;0.1;0.01;0;6.1142;0;0;-1
0;500;48.6165;-31.7047;-12.5221;9.05733;3112.36;5.44604;0;0;0.1;0.01;0;5.54074;0;0;-1
0;501;45.555;-14.7371;-10.9528;9.15165;3210.6;5.50275;0;0;0.1;0.01;0;6.26718;0;0;-1
0;502;46.5927;0.435806;-11.0288;10.1585;4391.14;6.10816;0;0;0.1;0.01;0;7.44505;0;0;-1
0;503;47.7351;18.1182;-13.433;10.1742;4411.53;6.1176;0;0;0.1;0.01;0;7.74688;0;0;-1
0;504;47.9005;34.6542;-10.5451;9.51622;3609.79;5.72196;0;0;0.1;0.01;0;6.42836;0;0;-1
0;505;45.9424;55.1913;-12.4968;8.5;2572.44;5.11093;0;0;0.1;0.01;0;5.01913;1;0;-1
0;506;46.2869;68.4933;-10.0108;9.24156;3306.16;5.55682;0;0;0.1;0.01;0;6.16959;0;0;-1
0;507;47.6954;85.645;-13.0922;8.6403;2701.94;5.19529;0;0;0.1;0.01;0;2.33761;0;0;-1
0;508;61.096;-74.2497;-11.2906;10.3036;4582.01;6.19541;0;0;0.1;0.01;0;3.19839;0;0;-1
0;509;60.3074;-56.0656;-13.3035;9.61516;3723.56;5.78146;0;0;0.1;0.01;0;6.39299;0;0;-1
0;510;61.4397;-42.1477;-11.6189;9.39919;3478.24;5.6516;0;0;0.1;0.01;0;6.41152;0;0;-1
0;511;62.5771;-25.7812;-11.862;9.28468;3352.66;5.58274;0;0;0.1;0.01;0;5.84164;0;0;-1
0;512;62.7432;-7.65083;-11.5012;9.83406;3983.7;5.91308;0;0;0.1;0.01;0;6.46678;0;0;-1
0;513;60.7331;9.37292;-12.8141;10.2245;4477.29;6.14784;0;0;0.1;0.01;0;6.6586;0;0;-1
0;514;61.9688;28.7536;-10.2205;9.92591;4096.37;5.96831;0;0;0.1;0.01;0;6.30887;0;0;-1
0;515;62.6725;45.9864;-11.1281;9.50542;3597.51;5.71547;0;0;0.1;0.01;0;5.70472;0;0;-1
0;516;63.2344;63.591;-10.8005;10.0981;4313.28;6.07184;0;0;0.1;0.01;0;5.33285;0;0;-1
0;517;61.047;77.9254;-13.7932;8.90529;2958.24;5.35462;0;0;0.1;0.01;0;2.77192;0;0;-1
0;518;77.6042;-47.5277;-10.8088;8.5;2572.44;5.11093;0;0;0.1;0.01;0;3.89185;1;0;-1
0;519;77.3379;-30.0358;-11.2439;8.60685;2670.68;5.17517;0;0;0.1;0.01;0;5.62778;0;0;-1
0;520;75.2979;-14.4419;-10.852;10.4528;4783.95;6.28512;0;0;0.1;0.01;0;7.8002;0;0;-1
0;521;74.9406;1.12204;-10.9969;8.5;2572.44;5.11093;0;0;0.1;0.01;0;6.16638;1;0;-1
0;522;76.6098;18.0114;-13.3371;8.69993;2758.26;5.23114;0;0;0.1;0.01;0;5.7503;0;0;-1
0;523;75.0684;34.851;-12.7113;8.5;2572.44;5.11093;0;0;0.1;0.01;0;5.25461;1;0;-1
0;524;75.3399;51.482;-10.2304;9.24246;3307.13;5.55736;0;0;0.1;0.01;0;5.7211;0;0;-1
0;525;89.5833;-22.1732;-11.9583;8.5;2572.44;5.11093;0;0;0.1;0.01;0;3.79057;1;0;-1
0;526;90.0699;-4.25134;-10.1477;9.67018;3787.85;5.81454;0;0;0.1;0.01;0;4.12051;0;0;-1
0;527;89.5544;12.0059;-11.0231;8.94815;3001.15;5.38039;0;0;0.1;0.01;0;4.80466;0;0;-1
0;528;89.4302;27.0262;-11.2021;8.57982;2645.59;5.15892;0;0;0.1;0.01;0;4.51437;0;0;-1
0;529;89.2367;43.5665;-9.84438;10.0381;4236.85;6.03576;0;0;0.1;0.01;0;3.29364;0;0;-1
0;530;-93.9392;-16.579;2.39709;9.45997;3546.16;5.68814;0;0;0.1;0.01;0;3.16858;0;0;-1
0;531;-95.686;2.72921;3.43069;9.65336;3768.11;5.80443;0;0;0.1;0.01;0;3.7839;0;0;-1
0;532;-95.9068;18.688;2.16385;10.2032;4449.36;6.13504;0;0;0.1;0.01;0;3.2391;0;0;-1
0;533;-79.679;-55.9225;3.04348;8.5;2572.44;5.11093;0;0;0.1;0.01;0;2.63904;1;0;-1
0;534;-82.6254;-41.5208;4.68018;9.80047;3943.02;5.89288;0;0;0.1;0.01;0;4.1757;0;0;-1
0;535;-80.5979;-23.2269;2.97228;9.80139;3944.13;5.89343;0;0;0.1;0.01;0;6.45315;0;0;-1
0;536;-79.8664;-6.13493;3.72432;9.46528;3552.13;5.69134;0;0;0.1;0.01;0;5.92257;0;0;-1
0;537;-81.7948;10.3556;2.71502;8.90491;2957.86;5.35439;0;0;0.1;0.01;0;4.70796;0;0;-1
0;538;-80.6;25.494;1.2074;8.5;2572.44;5.11093;0;0;0.1;0.01;0;3.69601;1;0;-1
0;539;-82.6801;44.0751;2.77174;10.2457;4505.19;6.16059;0;0;0.1;0.01;0;4.42422;0;0;-1
0;540;-78.905;61.1281;3.37323;9.4202;3501.62;5.66423;0;0;0.1;0.01;0;2.55873;0;0;-1
0;541;-63.8861;-65.5038;1.68359;8.86781;2921.04;5.33209;0;0;0.1;0.01;0;4.00703;0;0;-1
0;542;-64.28;-47.2858;4.39913;10.2617;4526.33;6.17021;0;0;0.1;0.01;0;6.23333;0;0;-1
0;543;-68.3924;-33.0478;3.55411;8.92266;2975.58;5.36507;0;0;0.1;0.01;0;5.75874;0;0;-1
0;544;-67.7967;-14.8238;1.72519;10.4365;4761.6;6.27532;0;0;0.1;0.01;0;6.92445;0;0;-1
0;545;-67.1935;0.398576;3.73687;10.3306;4618.12;6.21164;0;0;0.1;0.01;0;6.93243;0;0;-1
0;546;-64.73;17.1285;3.36598;10.4477;4776.95;6.28205;0;0;0.1;0.01;0;6.02014;0;0;-1
0;547;-65.1776;36.5222;3.09161;10.4249;4745.74;6.26834;0;0;0.1;0.01;0;6.60471;0;0;-1
0;548;-65.565;52.0277;3.22938;9.47993;3568.65;5.70014;0;0;0.1;0.01;0;5.48058;0;0;-1
0;549;-64.9461;70.4139;3.16639;8.5;2572.44;5.11093;0;0;0.1;0.01;0;2.34837;1;0;-1
0;550;-49.9069;-75.3331;3.24032;8.5823;2647.89;5.16041;0;0;0.1;0.01;0;5.00632;0;0;-1
0;551;-50.3441;-59.3881;4.21299;8.71413;2771.79;5.23968;0;0;0.1;0.01;0;5.50656;0;0;-1
0;552;-50.9547;-42.3334;3.33849;8.72965;2786.63;5.24901;0;0;0.1;0.01;0;5.4622;0;0;-1
0;553;-52.1136;-24.4762;3.65524;8.58632;2651.61;5.16283;0;0;0.1;0.01;0;4.18543;0;0;-1
0;554;-49.6417;-5.38017;2.14772;8.5;2572.44;5.11093;0;0;0.1;0.01;0;4.35342;1;0;-1
0;555;-52.3028;10.0602;3.74678;8.5;2572.44;5.11093;0;0;0.1;0.01;0;4.98855;1;0;-1
0;556;-52.7565;25.8379;2.70188;8.5;2572.44;5.11093;0;0;0.1;0.01;0;5.48624;1;0;-1
0;557;-50.2692;42.9874;5.11711;9.8444;3996.28;5.91929;0;0;0.1;0.01;0;5.97338;0;0;-1
0;558;-50.7533;63.4591;1.83626;9.04923;3104.01;5.44117;0;0;0.1;0.01;0;5.21359;0;0;-1
0;559;-51.4565;78.1183;1.28831;9.76208;3896.87;5.8698;0;0;0.1;0.01;0;4.43622;0;0;-1
0;560;-34.9753;-84.014;3.44361;9.36644;3442.01;5.6319;0;0;0.1;0.01;0;5.15496;0;0;-1
0;561;-38.5008;-67.3861;3.24707;9.15764;3216.91;5.50636;0;0;0.1;0.01;0;5.35554;0;0;-1
0;562;-36.7052;-50.3926;4.12254;8.5;2572.44;5.11093;0;0;0.1;0.01;0;5.17209;1;0;-1
0;563;-35.8344;-32.6246;2.67705;9.95707;4135.07;5.98704;0;0;0.1;0.01;0;6.05271;0;0;-1
0;564;-38.0832;-14.0846;3.15421;8.97516;3028.41;5.39663;0;0;0.1;0.01;0;4.98213;0;0;-1
0;565;-36.6324;3.18144;4.03627;8.90095;2953.91;5.35201;0;0;0.1;0.01;0;5.85588;0;0;-1
0;566;-38.139;19.9765;2.91481;10.1518;4382.46;6.10413;0;0;0.1;0.01;0;6.86742;0;0;-1
0;567;-38.1982;36.3076;1.02866;8.89588;2948.87;5.34896;0;0;0.1;0.01;0;5.93131;0;0;-1
0;568;-35.416;50.8427;2.86539;9.82839;3976.82;5.90967;0;0;0.1;0.01;0;5.01448;0;0;-1
0;569;-35.7447;71.7402;1.34091;10.4423;4769.55;6.2788;0;0;0.1;0.01;0;6.28672;0;0;-1
0;570;-35.3285;87.8896;3.29588;9.58234;3685.56;5.76172;0;0;0.1;0.01;0;5.14308;0;0;-1
0;571;-20.7803;-93.6547;1.59916;9.51832;3612.18;5.72323;0;0;0.1;0.01;0;4.31275;0;0;-1
0;572;-20.5648;-76.6076;4.59361;8.53528;2604.61;5.13214;0;0;0.1;0.01;0;5.26514;0;0;-1
0;573;-23.6218;-57.6352;1.53925;9.2155;3278.27;5.54115;0;0;0.1;0.01;0;6.00363;0;0;-1
0;574;-23.2187;-40.3599;2.14559;9.25268;3318.11;5.5635;0;0;0.1;0.01;0;6.41718;0;0;-1
0;575;-21.1659;-23.0797;3.56639;8.5;2572.44;5.11093;0;0;0.1;0.01;0;5.39711;1;0;-1
0;576;-20.5786;-5.19323;3.34148;8.55675;2624.31;5.14505;0;0;0.1;0.01;0;6.16118;0;0;-1
0;577;-20.1899;9.99208;4.0727;10.1133;4332.79;6.08098;0;0;0.1;0.01;0;6.90031;0;0;-1
0;578;-23.9422;27.5244;1.88858;8.5874;2652.61;5.16348;0;0;0.1;0.01;0;3.99291;0;0;-1
0;579;-19.9309;46.9962;1.8309;9.19996;3261.72;5.5318;0;0;0.1;0.01;0;4.54753;0;0;-1
0;580;-22.0291;63.3247;2.16303;9.89483;4058.01;5.94962;0;0;0.1;0.01;0;6.65846;0;0;-1
0;581;-22.1867;77.5587;1.90591;9.60554;3712.39;5.77567;0;0;0.1;0.01;0;6.19763;0;0;-1
0;582;-23.3663;96.2373;1.35515;9.90756;4073.7;5.95727;0;0;0.1;0.01;0;3.41885;0;0;-1
0;583;-7.07017;-98.9523;0.926188;10.0776;4287.06;6.05951;0;0;0.1;0.01;0;2.97483;0;0;-1
0;584;-5.64582;-81.0576;3.71055;8.73414;2790.93;5.25171;0;0;0.1;0.01;0;5.62787;0;0;-1
0;585;-9.08426;-66.6487;2.77093;10.3839;4689.97;6.24369;0;0;0.1;0.01;0;5.75263;0;0;-1
0;586;-7.63174;-49.2526;2.31155;8.64791;2709.08;5.19986;0;0;0.1;0.01;0;5.09699;0;0;-1
0;587;-7.4673;-29.978;2.51626;9.4445;3528.79;5.67884;0;0;0.1;0.01;0;6.35212;0;0;-1
0;588;-8.78228;-14.1935;3.11473;9.71029;3835.18;5.83866;0;0;0.1;0.01;0;6.88148;0;0;-1
0;589;-7.88619;1.80498;3.77754;8.5;2572.44;5.11093;0;0;0.1;0.01;0;5.90077;1;0;-1
0;590;-6.29583;17.3572;1.34512;8.51996;2590.61;5.12293;0;0;0.1;0.01;0;5.93077;0;0;-1
0;591;-6.16482;34.6559;3.70007;9.22465;3288.05;5.54665;0;0;0.1;0.01;0;5.50793;0;0;-1
0;592;-5.76475;51.8046;3.53925;8.5;2572.44;5.11093;0;0;0.1;0.01;0;5.86884;1;0;-1
0;593;-7.56688;71.7842;2.33136;10.3283;4615.04;6.21026;0;0;0.1;0.01;0;6.85516;0;0;-1
0;594;-9.20647;88.3779;3.67999;9.77079;3907.31;5.87503;0;0;0.1;0.01;0;4.97659;0;0;-1
0;595;8.03756;-92.1731;3.10171;8.71605;2773.63;5.24083;0;0;0.1;0.01;0;4.70647;0;0;-1
0;596;8.63823;-76.0886;1.82783;9.61678;3725.44;5.78243;0;0;0.1;0.01;0;7.03946;0;0;-1
0;597;5.95313;-58.9232;1.68753;10.096;4310.59;6.07058;0;0;0.1;0.01;0;6.91927;0;0;-1
0;598;7.03636;-42.7398;3.58842;9.83689;3987.15;5.91478;0;0;0.1;0.01;0;6.72703;0;0;-1
0;599;7.54487;-24.9366;1.84878;9.5353;3631.55;5.73344;0;0;0.1;0.01;0;6.50601;0;0;-1
0;600;9.35716;-8.45983;4.44353;10.1237;4346.17;6.08723;0;0;0.1;0.01;0;5.93148;0;0;-1
0;601;5.73465;10.4493;2.77409;8.89902;2951.99;5.35085;0;0;0.1;0.01;0;4.95969;0;0;-1
0;602;7.62801;25.4192;2.11781;9.91149;4078.55;5.95964;0;0;0.1;0.01;0;6.08776;0;0;-1
0;603;8.38334;44.0611;2.34985;8.5;2572.44;5.11093;0;0;0.1;0.01;0;5.0451;1;0;-1
0;604;6.91097;60.3915;1.62322;8.5;2572.44;5.11093;0;0;0.1;0.01;0;5.65735;1;0;-1
0;605;8.79986;76.5082;2.67863;8.62821;2690.61;5.18802;0;0;0.1;0.01;0;5.79811;0;0;-1
0;606;5.61225;97.906;1.52566;9.70502;3828.93;5.83549;0;0;0.1;0.01;0;2.82589;0;0;-1
0;607;20.4528;-85.2867;2.17622;8.5;2572.44;5.11093;0;0;0.1;0.01;0;4.15156;1;0;-1
0;608;23.7063;-66.3238;2.73799;10.1485;4378.19;6.10215;0;0;0.1;0.01;0;5.92303;0;0;-1
0;609;22.3823;-47.3529;4.38416;8.61569;2678.91;5.18049;0;0;0.1;0.01;0;4.58231;0;0;-1
0;610;21.7414;-31.0854;1.47487;8.5;2572.44;5.11093;0;0;0.1;0.01;0;5.78927;1;0;-1
0;611;21.4306;-14.708;1.49361;8.5;2572.44;5.11093;0;0;0.1;0.01;0;5.46911;1;0;-1
0;612;23.201;4.33655;1.19637;9.49255;3582.92;5.70773;0;0;0.1;0.01;0;5.44761;0;0;-1
0;613;23.3916;20.8322;4.67464;9.56391;3664.33;5.75064;0;0;0.1;0.01;0;6.83817;0;0;-1
0;614;21.9819;37.2986;4.96616;8.5;2572.44;5.11093;0;0;0.1;0.01;0;5.66016;1;0;-1
0;615;22.7753;51.4227;3.72638;9.88732;4048.78;5.9451;0;0;0.1;0.01;0;6.64328;0;0;-1
0;616;21.1382;67.7539;1.65559;9.16445;3224.09;5.51045;0;0;0.1;0.01;0;5.95773;0;0;-1
0;617;21.406;89.4936;1.13775;10.1186;4339.6;6.08417;0;0;0.1;0.01;0;4.04451;0;0;-1
0;618;38.0402;-75.9267;1.65698;9.44408;3528.32;5.67859;0;0;0.1;0.01;0;6.03174;0;0;-1
0;619;38.5582;-59.5982;4.02788;8.64248;2703.98;5.1966;0;0;0.1;0.01;0;5.22638;0;0;-1
0;620;34.906;-40.1455;3.41727;8.9796;3032.91;5.3993;0;0;0.1;0.01;0;5.4496;0;0;-1
0;621;35.0455;-25.7234;1.19759;9.54414;3641.66;5.73875;0;0;0.1;0.01;0;6.10605;0;0;-1
0;622;38.0171;-8.84943;4.48422;9.35846;3433.22;5.62711;0;0;0.1;0.01;0;6.01227;0;0;-1
0;623;37.233;9.08922;1.45499;9.51894;3612.89;5.7236;0;0;0.1;0.01;0;5.74711;0;0;-1
0;624;36.6665;27.2497;2.87563;9.98295;4167.4;6.0026;0;0;0.1;0.01;0;6.5138;0;0;-1
0;625;35.9291;44.5361;1.21389;10.3932;4702.58;6.24928;0;0;0.1;0.01;0;6.87936;0;0;-1
0;626;36.0999;62.7048;3.83001;10.293;4567.88;6.18903;0;0;0.1;0.01;0;7.82433;0;0;-1
0;627;37.6631;80.0017;2.52618;10.395;4705.03;6.25036;0;0;0.1;0.01;0;5.13949;0;0;-1
0;628;50.8428;-83.5284;2.89497;8.5;2572.44;5.11093;0;0;0.1;0.01;0;2.98979;1;0;-1
0;629;52.185;-64.6127;4.04896;9.83279;3982.16;5.91231;0;0;0.1;0.01;0;5.58515;0;0;-1
0;630;50.3222;-48.4685;3.25922;10.1367;4362.93;6.09505;0;0;0.1;0.01;0;6.36249;0;0;-1
0;631;53.3998;-33.6516;4.7958;8.5;2572.44;5.11093;0;0;0.1;0.01;0;5.81257;1;0;-1
0;632;51.3847;-15.8263;2.9958;8.60239;2666.53;5.17249;0;0;0.1;0.01;0;5.11683;0;0;-1
0;633;52.1572;1.14246;2.4643;8.51441;2585.55;5.11959;0;0;0.1;0.01;0;5.43355;0;0;-1
0;634;52.3735;17.0455;1.66575;9.47502;3563.11;5.69719;0;0;0.1;0.01;0;7.31106;0;0;-1
0;635;50.1788;34.3879;2.73497;9.80689;3950.78;5.89674;0;0;0.1;0.01;0;6.23223;0;0;-1
0;636;51.3762;54.6294;4.70657;8.5;2572.44;5.11093;0;0;0.1;0.01;0;5.01808;1;0;-1
0;637;50.0048;67.7077;3.25755;9.09874;3155.24;5.47094;0;0;0.1;0.01;0;4.7004;0;0;-1
0;638;68.0577;-56.063;4.6853;9.91865;4087.39;5.96394;0;0;0.1;0.01;0;4.3865;0;0;-1
0;639;67.5906;-39.0445;2.40417;9.67029;3787.97;5.81461;0;0;0.1;0.01;0;7.08846;0;0;-1
0;640;64.7303;-24.1611;3.90197;8.59961;2663.94;5.17082;0;0;0.1;0.01;0;5.67627;0;0;-1
0;641;67.8225;-6.6531;4.43408;8.5;2572.44;5.11093;0;0;0.1;0.01;0;4.86633;1;0;-1
0;642;65.629;12.1993;3.83402;10.2544;4516.68;6.16582;0;0;0.1;0.01;0;6.71931;0;0;-1
0;643;65.4886;25.937;3.94001;8.5;2572.44;5.11093;0;0;0.1;0.01;0;6.09662;1;0;-1
0;644;66.918;44.3124;4.35771;9.40417;3483.77;5.65459;0;0;0.1;0.01;0;5.69884;0;0;-1
0;645;67.4234;60.177;4.32244;9.78995;3930.34;5.88655;0;0;0.1;0.01;0;4.4673;0;0;-1
0;646;82.3305;-47.3931;5.10563;9.16647;3226.23;5.51167;0;0;0.1;0.01;0;3.67486;0;0;-1
0;647;82.1688;-33.1096;3.1804;10.4059;4719.84;6.25692;0;0;0.1;0.01;0;5.82281;0;0;-1
0;648;81.3931;-15.7985;3.84199;9.58771;3691.76;5.76495;0;0;0.1;0.01;0;6.48918;0;0;-1
0;649;79.7733;0.0576469;1.87974;9.17655;3236.88;5.51773;0;0;0.1;0.01;0;5.72847;0;0;-1
0;650;80.9758;18.2576;2.44344;9.17519;3235.44;5.51691;0;0;0.1;0.01;0;6.64381;0;0;-1
0;651;82.5361;36.1048;4.09253;10.3563;4652.67;6.22709;0;0;0.1;0.01;0;5.55337;0;0;-1
0;652;82.8045;55.2995;4.89813;9.98006;4163.78;6.00087;0;0;0.1;0.01;0;2.84862;0;0;-1
0;653;95.838;-23.3868;2.10218;10.372;4673.86;6.23653;0;0;0.1;0.01;0;3.6287;0;0;-1
0;654;96.3564;-7.56583;4.22075;9.30892;3378.99;5.59732;0;0;0.1;0.01;0;3.40765;0;0;-1
0;655;94.5231;12.1139;1.93312;9.59168;3696.35;5.76734;0;0;0.1;0.01;0;4.21353;0;0;-1
0;656;94.3118;26.6307;4.47578;10.0281;4224.2;6.02975;0;0;0.1;0.01;0;4.4652;0;0;-1
0;657;-86.8341;-40.752;19.2019;10.0139;4206.28;6.02121;0;0;0.1;0.01;0;3.22267;0;0;-1
0;658;-85.0788;-21.1781;18.5557;9.39531;3473.94;5.64926;0;0;0.1;0.01;0;3.28297;0;0;-1
0;659;-84.8768;-4.98841;19.2702;9.9256;4095.99;5.96812;0;0;0.1;0.01;0;4.60434;0;0;-1
0;660;-86.6487;10.4773;17.19;9.41782;3498.97;5.6628;0;0;0.1;0.01;0;4.71491;0;0;-1
0;661;-85.7265;27.1099;18.3076;8.5;2572.44;5.11093;0;0;0.1;0.01;0;3.21548;1;0;-1
0;662;-84.2562;45.3289;18.9239;8.68184;2741.09;5.22026;0;0;0.1;0.01;0;2.72877;0;0;-1
0;663;-72.1101;-63.6434;19.8416;9.46219;3548.65;5.68948;0;0;0.1;0.01;0;3.35623;0;0;-1
0;664;-70.8118;-48.5633;16.6682;9.04696;3101.68;5.43981;0;0;0.1;0.01;0;6.11211;0;0;-1
0;665;-68.9815;-33.871;19.1899;8.5;2572.44;5.11093;0;0;0.1;0.01;0;5.46713;1;0;-1
0;666;-71.9617;-13.1866;19.0221;9.90376;4069.01;5.95499;0;0;0.1;0.01;0;7.23439;0;0;-1
0;667;-69.3899;2.17333;19.7084;9.7357;3865.36;5.85394;0;0;0.1;0.01;0;6.93302;0;0;-1
0;668;-70.2491;18.6432;19.3021;9.64972;3763.85;5.80224;0;0;0.1;0.01;0;5.80059;0;0;-1
0;669;-70.291;34.2592;16.7396;8.77909;2834.24;5.27874;0;0;0.1;0.01;0;4.32252;0;0;-1
0;670;-70.2531;52.8833;16.2649;8.5;2572.44;5.11093;0;0;0.1;0.01;0;3.91699;1;0;-1
0;671;-58.0214;-74.9497;17.1191;10.065;4271;6.05194;0;0;0.1;0.01;0;4.51523;0;0;-1
0;672;-57.4985;-58.6522;18.7017;9.47117;3558.77;5.69488;0;0;0.1;0.01;0;6.43827;0;0;-1
0;673;-56.204;-39.537;17.457;10.2399;4497.55;6.1571;0;0;0.1;0.01;0;7.40295;0;0;-1
0;674;-57.0805;-23.273;16.914;8.9323;2985.23;5.37086;0;0;0.1;0.01;0;5.73157;0;0;-1
0;675;-55.1839;-6.46392;16.0524;9.97374;4155.88;5.99707;0;0;0.1;0.01;0;6.24385;0;0;-1
0;676;-57.1291;8.61609;17.4078;8.70387;2762.01;5.23351;0;0;0.1;0.01;0;5.38428;0;0;-1
0;677;-55.3808;26.7689;16.7921;9.65507;3770.12;5.80545;0;0;0.1;0.01;0;5.70932;0;0;-1
0;678;-54.9731;46.9018;18.9409;8.5;2572.44;5.11093;0;0;0.1;0.01;0;4.35288;1;0;-1
0;679;-53.986;61.9323;18.2829;8.67427;2733.93;5.21571;0;0;0.1;0.01;0;3.80789;0;0;-1
0;680;-53.7939;78.0477;19.6562;9.60026;3706.27;5.7725;0;0;0.1;0.01;0;2.63906;0;0;-1
0;681;-41.6986;-84.6171;16.8452;9.64536;3758.75;5.79962;0;0;0.1;0.01;0;4.32946;0;0;-1
0;682;-40.6305;-67.4706;17.732;8.98447;3037.85;5.40223;0;0;0.1;0.01;0;5.51455;0;0;-1
0;683;-40.4651;-47.7802;16.7413;9.09298;3149.25;5.46748;0;0;0.1;0.01;0;5.26102;0;0;-1
0;684;-42.5292;-33.0288;18.1938;9.56256;3662.78;5.74983;0;0;0.1;0.01;0;6.35451;0;0;-1
0;685;-42.1519;-13.7546;16.4911;8.5;2572.44;5.11093;0;0;0.1;0.01;0;4.9156;1;0;-1
0;686;-39.99;2.2805;17.7213;8.8338;2887.56;5.31164;0;0;0.1;0.01;0;5.08298;0;0;-1
0;687;-42.2103;18.6846;18.4629;8.81873;2872.81;5.30257;0;0;0.1;0.01;0;5.43341;0;0;-1
0;688;-41.1652;33.7373;18.2772;8.97255;3025.77;5.39506;0;0;0.1;0.01;0;5.1907;0;0;-1
0;689;-39.7065;53.2131;18.5442;8.97931;3032.62;5.39913;0;0;0.1;0.01;0;4.73898;0;0;-1
0;690;-39.5851;71.484;16.4018;10.2106;4459.05;6.13949;0;0;0.1;0.01;0;5.90362;0;0;-1
0;691;-41.5942;87.7473;18.5417;8.98874;3042.18;5.4048;0;0;0.1;0.01;0;2.93054;0;0;-1
0;692;-27.7613;-93.4536;16.8301;10.4523;4783.26;6.28482;0;0;0.1;0.01;0;3.97898;0;0;-1
0;693;-27.5086;-72.8547;18.5032;9.83112;3980.13;5.91131;0;0;0.1;0.01;0;6.16536;0;0;-1
0;694;-25.3697;-56.7064;16.2756;8.5;2572.44;5.11093;0;0;0.1;0.01;0;4.44987;1;0;-1
0;695;-24.5063;-40.3817;17.8391;8.88227;2935.35;5.34078;0;0;0.1;0.01;0;5.48622;0;0;-1
0;696;-28.3603;-24.7224;16.3218;9.59361;3698.58;5.7685;0;0;0.1;0.01;0;6.04771;0;0;-1
0;697;-28.381;-7.18845;16.011;9.33032;3402.34;5.61019;0;0;0.1;0.01;0;5.29245;0;0;-1
0;698;-26.9589;10.679;16.4904;9.60486;3711.6;5.77526;0;0;0.1;0.01;0;6.09167;0;0;-1
0;699;-27.452;28.0467;17.3654;9.05772;3112.76;5.44628;0;0;0.1;0.01;0;5.12967;0;0;-1
0;700;-25.46;45.9286;17.6332;9.58543;3689.13;5.76358;0;0;0.1;0.01;0;5.76609;0;0;-1
0;701;-28.1567;62.0558;16.4058;9.01678;3070.74;5.42166;0;0;0.1;0.01;0;5.90388;0;0;-1
0;702;-27.4131;80.4115;16.3132;10.1887;4430.42;6.12632;0;0;0.1;0.01;0;5.89103;0;0;-1
0;703;-13.2878;-83.6078;17.6384;9.77088;3907.42;5.87509;0;0;0.1;0.01;0;5.45677;0;0;-1
0;704;-13.7322;-65.648;17.0229;8.5;2572.44;5.11093;0;0;0.1;0.01;0;4.20906;1;0;-1
0;705;-11.1799;-47.5318;16.2698;9.7905;3931;5.88689;0;0;0.1;0.01;0;5.44993;0;0;-1
0;706;-12.3564;-30.7868;19.3482;8.63701;2698.85;5.19331;0;0;0.1;0.01;0;5.76118;0;0;-1
0;707;-11.5516;-16.1897;17.474;9.71429;3839.92;5.84106;0;0;0.1;0.01;0;6.34103;0;0;-1
0;708;-13.6689;1.66372;17.1286;10.0878;4300.09;6.06565;0;0;0.1;0.01;0;7.02369;0;0;-1
0;709;-13.1776;20.7893;16.6109;10.0841;4295.36;6.06342;0;0;0.1;0.01;0;6.2702;0;0;-1
0;710;-10.9554;37.3169;17.293;8.97727;3030.55;5.3979;0;0;0.1;0.01;0;5.49445;0;0;-1
0;711;-10.0187;52.3586;18.2995;10.1287;4352.61;6.09024;0;0;0.1;0.01;0;6.64224;0;0;-1
0;712;-11.6704;68.4221;18.3684;8.59754;2662.02;5.16958;0;0;0.1;0.01;0;5.2078;0;0;-1
0;713;-11.0519;85.2628;18.671;8.5;2572.44;5.11093;0;0;0.1;0.01;0;3.73779;1;0;-1
0;714;1.68256;-91.9842;17.4322;10.248;4508.23;6.16197;0;0;0.1;0.01;0;3.90878;0;0;-1
0;715;4.58427;-72.2713;15.9835;8.68782;2746.76;5.22386;0;0;0.1;0.01;0;5.15437;0;0;-1
0;716;2.81679;-56.9724;17.3314;8.5;2572.44;5.11093;0;0;0.1;0.01;0;5.54521;1;0;-1
0;717;2.96381;-39.8563;16.6736;9.887;4048.39;5.94491;0;0;0.1;0.01;0;6.58515;0;0;-1
0;718;2.38593;-24.4659;16.4609;8.82136;2875.38;5.30416;0;0;0.1;0.01;0;5.63435;0;0;-1
0;719;4.976;-8.37357;17.1087;8.57217;2638.52;5.15432;0;0;0.1;0.01;0;4.74411;0;0;-1
0;720;4.17421;9.64996;16.3856;9.89258;4055.25;5.94826;0;0;0.1;0.01;0;4.89305;0;0;-1
0;721;2.15954;28.5083;16.642;9.95865;4137.04;5.98799;0;0;0.1;0.01;0;6.24819;0;0;-1
0;722;2.53521;46.1896;15.6178;8.5982;2662.63;5.16997;0;0;0.1;0.01;0;5.80239;0;0;-1
0;723;2.6636;63.4017;15.8911;10.4039;4717.12;6.25571;0;0;0.1;0.01;0;6.7121;0;0;-1
0;724;0.993787;77.9617;15.9385;8.66392;2724.16;5.20949;0;0;0.1;0.01;0;5.68583;0;0;-1
0;725;4.69504;93.0887;17.7743;8.70908;2766.98;5.23664;0;0;0.1;0.01;0;2.89616;0;0;-1
0;726;17.7761;-82.3813;17.1067;10.0453;4245.97;6.04009;0;0;0.1;0.01;0;5.13124;0;0;-1
0;727;15.7977;-64.4134;16.3802;8.5;2572.44;5.11093;0;0;0.1;0.01;0;4.94388;1;0;-1
0;728;16.0252;-50.0844;18.3082;9.61978;3728.93;5.78423;0;0;0.1;0.01;0;5.55368;0;0;-1
0;729;18.9317;-33.9807;18.1028;8.5;2572.44;5.11093;0;0;0.1;0.01;0;4.31488;1;0;-1
0;730;18.3552;-17.0132;17.3442;9.30503;3374.75;5.59498;0;0;0.1;0.01;0;5.7747;0;0;-1
0;731;17.4609;2.71535;18.4905;8.54447;2613.03;5.13767;0;0;0.1;0.01;0;4.74097;0;0;-1
0;732;16.5808;21.1399;16.2147;9.14026;3198.63;5.49591;0;0;0.1;0.01;0;6.2763;0;0;-1
0;733;16.5142;37.0708;17.4471;8.88866;2941.69;5.34462;0;0;0.1;0.01;0;5.8894;0;0;-1
0;734;19.6652;52.9301;17.6969;8.85858;2911.93;5.32654;0;0;0.1;0.01;0;5.16913;0;0;-1
0;735;16.4133;69.7778;17.3934;8.51644;2587.4;5.12081;0;0;0.1;0.01;0;5.15548;0;0;-1
0;736;17.9131;85.6748;16.458;9.17315;3233.29;5.51568;0;0;0.1;0.01;0;3.56744;0;0;-1
0;737;33.1763;-92.4885;15.9336;9.05955;3114.64;5.44738;0;0;0.1;0.01;0;1.68805;0;0;-1
0;738;33.7858;-73.7658;16.0978;9.51316;3606.31;5.72013;0;0;0.1;0.01;0;5.47651;0;0;-1
0;739;33.1762;-55.2458;18.0153;9.15668;3215.9;5.50578;0;0;0.1;0.01;0;4.54235;0;0;-1
0;740;33.6493;-39.0242;18.076;8.5;2572.44;5.11093;0;0;0.1;0.01;0;5.33029;1;0;-1
0;741;31.4399;-24.4853;16.3379;9.37929;3456.2;5.63963;0;0;0.1;0.01;0;6.48232;0;0;-1
0;742;30.7126;-8.05953;18.5929;9.30862;3378.66;5.59714;0;0;0.1;0.01;0;5.49724;0;0;-1
0;743;30.5319;11.5661;17.0204;8.87722;2930.35;5.33774;0;0;0.1;0.01;0;5.13303;0;0;-1
0;744;32.0927;26.8752;16.7664;8.78131;2836.39;5.28007;0;0;0.1;0.01;0;5.40295;0;0;-1
0;745;33.2154;45.769;16.525;8.5;2572.44;5.11093;0;0;0.1;0.01;0;5.28974;1;0;-1
0;746;30.4868;63.4365;19.4792;9.08213;3137.99;5.46095;0;0;0.1;0.01;0;6.81576;0;0;-1
0;747;30.65;77.8145;17.8489;9.25776;3323.58;5.56656;0;0;0.1;0.01;0;5.18397;0;0;-1
0;748;45.3094;-81.2481;16.0889;9.99665;4184.58;6.01084;0;0;0.1;0.01;0;4.70808;0;0;-1
0;749;48.9027;-67.6393;17.0058;8.61752;2680.62;5.18159;0;0;0.1;0.01;0;5.08347;0;0;-1
0;750;47.5112;-48.1705;18.5927;8.5;2572.44;5.11093;0;0;0.1;0.01;0;4.60341;1;0;-1
0;751;46.7625;-31.9002;16.6189;9.52674;3621.78;5.72829;0;0;0.1;0.01;0;6.8304;0;0;-1
0;752;46.3604;-15.3154;17.5063;9.96599;4146.2;5.99241;0;0;0.1;0.01;0;6.40233;0;0;-1
0;753;46.2048;4.397;19.4815;9.61473;3723.06;5.7812;0;0;0.1;0.01;0;5.43085;0;0;-1
0;754;48.7887;20.4692;17.3374;9.77667;3914.37;5.87857;0;0;0.1;0.01;0;6.22958;0;0;-1
0;755;46.8591;34.88;18.9875;8.5;2572.44;5.11093;0;0;0.1;0.01;0;5.23566;1;0;-1
0;756;45.0849;54.0902;16.5922;10.1386;4365.39;6.09619;0;0;0.1;0.01;0;6.57476;0;0;-1
0;757;46.9807;68.9768;17.7752;8.7934;2848.13;5.28734;0;0;0.1;0.01;0;5.04221;0;0;-1
0;758;45.9431;86.0473;19.6693;8.5;2572.44;5.11093;0;0;0.1;0.01;0;1.28246;1;0;-1
0;759;61.2222;-75.446;17.4884;9.74749;3879.42;5.86102;0;0;0.1;0.01;0;2.82166;0;0;-1
0;760;62.3088;-57.9512;18.1646;8.5;2572.44;5.11093;0;0;0.1;0.01;0;4.9479;1;0;-1
0;761;62.5613;-38.7133;16.7031;10.097;4311.87;6.07118;0;0;0.1;0.01;0;7.49674;0;0;-1
0;762;60.4203;-24.2786;16.5118;9.90118;4065.83;5.95344;0;0;0.1;0.01;0;7.54622;0;0;-1
0;763;60.3761;-7.40635;16.7525;8.93108;2984.01;5.37013;0;0;0.1;0.01;0;4.81203;0;0;-1
0;764;62.4602;10.6048;16.9682;9.45392;3539.36;5.6845;0;0;0.1;0.01;0;5.77945;0;0;-1
0;765;61.6866;28.5341;16.4764;10.2254;4478.47;6.14838;0;0;0.1;0.01;0;7.22221;0;0;-1
0;766;61.869;45.2087;19.0345;8.67367;2733.36;5.21535;0;0;0.1;0.01;0;6.07991;0;0;-1
0;767;62.2929;63.6355;19.0411;10.0225;4217.13;6.02638;0;0;0.1;0.01;0;4.83302;0;0;-1
0;768;75.9059;-50.2068;19.5084;8.70096;2759.24;5.23176;0;0;0.1;0.01;0;3.01401;0;0;-1
0;769;76.0477;-33.4809;18.346;10.0886;4301.12;6.06613;0;0;0.1;0.01;0;6.13268;0;0;-1
0;770;77.6214;-16.9508;16.7481;8.5;2572.44;5.11093;0;0;0.1;0.01;0;4.96126;1;0;-1
0;771;74.8825;0.85358;19.4072;8.71841;2775.88;5.24225;0;0;0.1;0.01;0;4.4452;0;0;-1
0;772;76.4936;20.1076;16.1838;9.82373;3971.16;5.90687;0;0;0.1;0.01;0;6.5367;0;0;-1
0;773;74.8193;37.9216;19.0711;10.3722;4674.14;6.23665;0;0;0.1;0.01;0;6.73538;0;0;-1
0;774;76.5212;52.4256;18.7589;8.77615;2831.4;5.27697;0;0;0.1;0.01;0;4.58102;0;0;-1
0;775;91.5293;-22.0671;18.6359;9.7875;3927.39;5.88508;0;0;0.1;0.01;0;4.3459;0;0;-1
0;776;92.7486;-7.3579;19.9342;8.5;2572.44;5.11093;0;0;0.1;0.01;0;2.61912;1;0;-1
0;777;91.7019;9.32832;16.2208;9.05672;3111.73;5.44567;0;0;0.1;0.01;0;2.52552;0;0;-1
0;778;89.4689;26.8427;17.39;9.35384;3428.14;5.62433;0;0;0.1;0.01;0;4.07897;0;0;-1
0;779;-93.5889;2.40876;34.5649;8.55786;2625.33;5.14572;0;0;0.1;0.01;0;2.84389;0;0;-1
0;780;-82.0399;-39.711;31.635;9.85962;4014.85;5.92845;0;0;0.1;0.01;0;3.15441;0;0;-1
0;781;-79.6872;-25.0893;32.4535;9.32437;3395.84;5.60661;0;0;0.1;0.01;0;4.25247;0;0;-1
0;782;-79.0022;-6.09285;34.0267;9.22038;3283.49;5.54408;0;0;0.1;0.01;0;5.9787;0;0;-1
0;783;-80.1763;10.0434;31.8115;8.73128;2788.19;5.24999;0;0;0.1;0.01;0;4.8949;0;0;-1
0;784;-82.7031;25.8747;30.9254;9.40262;3482.05;5.65366;0;0;0.1;0.01;0;2.74635;0;0;-1
0;785;-79.904;46.0327;31.3437;8.54151;2610.31;5.13589;0;0;0.1;0.01;0;2.20423;0;0;-1
0;786;-65.959;-66.8906;33.9522;9.46889;3556.2;5.69351;0;0;0.1;0.01;0;3.41837;0;0;-1
0;787;-66.6265;-47.6767;32.2369;9.70994;3834.76;5.83845;0;0;0.1;0.01;0;4.79094;0;0;-1
0;788;-64.3036;-30.7715;34.2079;9.95636;4134.19;5.98661;0;0;0.1;0.01;0;6.5563;0;0;-1
0;789;-66.7746;-15.5621;31.0197;8.5;2572.44;5.11093;0;0;0.1;0.01;0;5.95206;1;0;-1
0;790;-65.611;0.0162191;34.1216;8.9441;2997.08;5.37796;0;0;0.1;0.01;0;5.9866;0;0;-1
0;791;-66.5526;18.1326;33.8902;8.5;2572.44;5.11093;0;0;0.1;0.01;0;4.43068;1;0;-1
0;792;-64.4065;35.1693;31.6583;8.58667;2651.94;5.16304;0;0;0.1;0.01;0;4.16581;0;0;-1
0;793;-66.8383;53.0596;33.2018;9.91933;4088.23;5.96435;0;0;0.1;0.01;0;3.57354;0;0;-1
0;794;-53.1858;-73.3259;30.6143;10.1149;4334.84;6.08194;0;0;0.1;0.01;0;4.85192;0;0;-1
0;795;-50.1856;-58.7153;30.9866;9.48167;3570.62;5.70119;0;0;0.1;0.01;0;6.02637;0;0;-1
0;796;-49.8361;-38.4034;31.6549;9.72083;3847.68;5.84499;0;0;0.1;0.01;0;6.12777;0;0;-1
0;797;-52.8039;-21.2953;31.1246;8.5;2572.44;5.11093;0;0;0.1;0.01;0;4.91512;1;0;-1
0;798;-52.7052;-7.29306;34.1944;9.66627;3783.25;5.81219;0;0;0.1;0.01;0;4.47921;0;0;-1
0;799;-51.668;11.8715;31.7796;8.5;2572.44;5.11093;0;0;0.1;0.01;0;4.16154;1;0;-1
0;800;-50.7134;29.4028;32.6032;8.5;2572.44;5.11093;0;0;0.1;0.01;0;5.23878;1;0;-1
0;801;-52.7748;43.3395;33.1256;8.5;2572.44;5.11093;0;0;0.1;0.01;0;5.24097;1;0;-1
0;802;-51.6463;60.0687;33.9728;8.5;2572.44;5.11093;0;0;0.1;0.01;0;4.23632;1;0;-1
0;803;-35.6436;-85.3952;34.2816;10.1766;4414.65;6.11904;0;0;0.1;0.01;0;3.63742;0;0;-1
0;804;-38.0014;-66.3757;31.2868;8.5;2572.44;5.11093;0;0;0.1;0.01;0;4.55951;1;0;-1
0;805;-37.9471;-47.2926;33.1298;9.74583;3877.44;5.86003;0;0;0.1;0.01;0;5.96686;0;0;-1
0;806;-34.4736;-33.0295;33.0293;10.2533;4515.23;6.16516;0;0;0.1;0.01;0;6.52108;0;0;-1
0;807;-35.1768;-16.2776;32.7151;8.8572;2910.57;5.32571;0;0;0.1;0.01;0;4.12938;0;0;-1
0;808;-35.3366;2.98181;32.297;8.80953;2863.83;5.29704;0;0;0.1;0.01;0;4.53344;0;0;-1
0;809;-38.3028;17.6721;32.7586;8.96634;3019.49;5.39133;0;0;0.1;0.01;0;4.90175;0;0;-1
0;810;-36.9805;37.9436;31.6568;9.65063;3764.92;5.80278;0;0;0.1;0.01;0;6.08301;0;0;-1
0;811;-36.8439;52.4729;32.4163;8.9865;3039.91;5.40345;0;0;0.1;0.01;0;5.2236;0;0;-1
0;812;-37.9059;69.1964;32.1183;8.5;2572.44;5.11093;0;0;0.1;0.01;0;3.35636;1;0;-1
0;813;-20.967;-91.0282;34.0226;9.86408;4020.3;5.93113;0;0;0.1;0.01;0;3.76438;0;0;-1
0;814;-22.9245;-74.3012;32.235;8.5;2572.44;5.11093;0;0;0.1;0.01;0;5.11901;1;0;-1
0;815;-22.8378;-57.0524;34.4172;8.61747;2680.57;5.18156;0;0;0.1;0.01;0;4.58492;0;0;-1
0;816;-21.8618;-42.7441;31.8904;8.61331;2676.69;5.17906;0;0;0.1;0.01;0;5.68005;0;0;-1
0;817;-20.4316;-21.6641;31.3821;8.5;2572.44;5.11093;0;0;0.1;0.01;0;3.95914;1;0;-1
0;818;-20.9578;-4.75537;34.0516;9.37895;3455.82;5.63943;0;0;0.1;0.01;0;5.90006;0;0;-1
0;819;-21.7889;11.1929;31.649;8.93559;2988.53;5.37284;0;0;0.1;0.01;0;5.87834;0;0;-1
0;820;-22.998;29.3654;33.7802;9.49202;3582.32;5.70741;0;0;0.1;0.01;0;5.55407;0;0;-1
0;821;-20.7362;44.2962;33.8149;9.19925;3260.96;5.53138;0;0;0.1;0.01;0;6.29415;0;0;-1
0;822;-20.4313;59.6965;30.981;8.65751;2718.11;5.20564;0;0;0.1;0.01;0;5.12089;0;0;-1
0;823;-21.7707;76.7163;32.6749;10.0526;4255.24;6.04448;0;0;0.1;0.01;0;4.73693;0;0;-1
0;824;-6.81665;-81.4817;33.0066;10.2345;4490.44;6.15386;0;0;0.1;0.01;0;5.73599;0;0;-1
0;825;-7.58001;-65.8517;32.0405;9.11861;3175.96;5.48289;0;0;0.1;0.01;0;4.85311;0;0;-1
0;826;-8.80977;-46.9418;30.7979;9.1191;3176.47;5.48318;0;0;0.1;0.01;0;5.15106;0;0;-1
0;827;-5.46122;-32.6285;31.1748;8.5;2572.44;5.11093;0;0;0.1;0.01;0;4.74237;1;0;-1
0;828;-8.84266;-13.1734;31.5869;10.4144;4731.42;6.26203;0;0;0.1;0.01;0;6.59074;0;0;-1
0;829;-7.46373;3.47525;31.9491;9.30981;3379.96;5.59785;0;0;0.1;0.01;0;6.08628;0;0;-1
0;830;-6.85449;21;33.6337;10.0649;4270.88;6.05188;0;0;0.1;0.01;0;5.67648;0;0;-1
0;831;-7.47847;37.7974;34.083;9.13604;3194.2;5.49337;0;0;0.1;0.01;0;6.1433;0;0;-1
0;832;-5.85186;51.7243;33.6924;8.5;2572.44;5.11093;0;0;0.1;0.01;0;5.49209;1;0;-1
0;833;-7.20489;69.7831;32.4001;8.73803;2794.66;5.25405;0;0;0.1;0.01;0;4.34966;0;0;-1
0;834;-6.77822;88.6486;31.1268;8.56897;2635.57;5.1524;0;0;0.1;0.01;0;2.17015;0;0;-1
0;835;8.24727;-89.4334;34.6629;8.757;2812.9;5.26546;0;0;0.1;0.01;0;3.18397;0;0;-1
0;836;7.7075;-74.4739;32.4987;10.4534;4784.77;6.28548;0;0;0.1;0.01;0;7.03499;0;0;-1
0;837;6.34084;-58.9455;31.8193;8.79873;2853.31;5.29055;0;0;0.1;0.01;0;5.10398;0;0;-1
0;838;8.48955;-42.9163;33.1993;10.0561;4259.68;6.04659;0;0;0.1;0.01;0;6.75248;0;0;-1
0;839;6.86573;-23.8841;32.7571;8.90408;2957.03;5.35389;0;0;0.1;0.01;0;4.87874;0;0;-1
0;840;7.21337;-6.04483;33.7237;9.87605;4034.95;5.93833;0;0;0.1;0.01;0;6.05189;0;0;-1
0;841;5.64789;8.79067;34.3841;9.10205;3158.68;5.47293;0;0;0.1;0.01;0;4.74209;0;0;-1
0;842;8.33922;27.8178;31.0429;9.25309;3318.55;5.56375;0;0;0.1;0.01;0;5.15923;0;0;-1
0;843;6.79295;42.8913;30.5875;10.1876;4428.99;6.12566;0;0;0.1;0.01;0;6.42121;0;0;-1
0;844;8.63956;61.5772;30.9042;8.68436;2743.48;5.22178;0;0;0.1;0.01;0;4.75642;0;0;-1
0;845;9.12223;78.9362;31.9024;9.46328;3549.88;5.69013;0;0;0.1;0.01;0;4.70579;0;0;-1
0;846;23.1459;-82.6643;33.8605;9.93443;4106.93;5.97343;0;0;0.1;0.01;0;4.7666;0;0;-1
0;847;22.6514;-67.9645;33.0068;9.85623;4010.71;5.92641;0;0;0.1;0.01;0;5.40322;0;0;-1
0;848;23.8663;-47.7365;33.3881;8.90151;2954.47;5.35235;0;0;0.1;0.01;0;5.89637;0;0;-1
0;849;21.1365;-32.2909;32.47;10.1635;4397.63;6.11117;0;0;0.1;0.01;0;7.04007;0;0;-1
0;850;22.1158;-14.0051;32.2152;10.1553;4386.99;6.10623;0;0;0.1;0.01;0;6.79641;0;0;-1
0;851;22.3367;0.481172;30.9395;8.92445;2977.37;5.36614;0;0;0.1;0.01;0;5.12782;0;0;-1
0;852;23.0078;19.3354;30.4841;9.06881;3124.2;5.45294;0;0;0.1;0.01;0;4.82284;0;0;-1
0;853;22.1119;37.5582;33.9842;9.3486;3422.38;5.62118;0;0;0.1;0.01;0;5.73683;0;0;-1
0;854;23.7944;51.3864;32.574;9.90615;4071.96;5.95642;0;0;0.1;0.01;0;6.81428;0;0;-1
0;855;22.3295;68.7574;31.0035;8.75237;2808.44;5.26267;0;0;0.1;0.01;0;5.90387;0;0;-1
0;856;20.8566;89.39;34.2245;9.34689;3420.5;5.62015;0;0;0.1;0.01;0;1.60277;0;0;-1
0;857;35.7869;-74.7203;32.7967;8.5;2572.44;5.11093;0;0;0.1;0.01;0;3.42612;1;0;-1
0;858;37.1887;-55.0812;32.8382;9.55435;3653.36;5.74489;0;0;0.1;0.01;0;5.76191;0;0;-1
0;859;35.5702;-38.4166;30.8911;8.5;2572.44;5.11093;0;0;0.1;0.01;0;5.31042;1;0;-1
0;860;37.4989;-21.9831;32.1825;8.5;2572.44;5.11093;0;0;0.1;0.01;0;4.75694;1;0;-1
0;861;35.8985;-4.81292;33.2063;9.17157;3231.62;5.51473;0;0;0.1;0.01;0;5.72649;0;0;-1
0;862;38.7407;9.35188;32.4877;8.59517;2659.82;5.16815;0;0;0.1;0.01;0;4.91437;0;0;-1
0;863;38.1052;25.5639;32.9978;9.81869;3965.06;5.90384;0;0;0.1;0.01;0;5.59326;0;0;-1
0;864;38.3502;43.1657;33.0921;9.76301;3897.98;5.87036;0;0;0.1;0.01;0;6.02083;0;0;-1
0;865;35.3789;61.8624;33.7038;9.76121;3895.83;5.86927;0;0;0.1;0.01;0;6.62492;0;0;-1
0;866;36.8577;77.2524;32.1602;10.0224;4217;6.02632;0;0;0.1;0.01;0;5.23615;0;0;-1
0;867;52.8301;-64.664;31.9394;9.06145;3116.6;5.44852;0;0;0.1;0.01;0;3.97292;0;0;-1
0;868;53.1644;-49.3369;32.1242;9.43641;3519.73;5.67398;0;0;0.1;0.01;0;5.65578;0;0;-1
0;869;52.0674;-33.3845;32.401;9.52844;3623.71;5.72931;0;0;0.1;0.01;0;6.14056;0;0;-1
0;870;51.545;-17.3161;31.598;9.93219;4104.15;5.97208;0;0;0.1;0.01;0;6.32196;0;0;-1
0;871;53.213;0.914952;33.8703;10.0205;4214.6;6.02518;0;0;0.1;0.01;0;6.86786;0;0;-1
0;872;52.4671;17.82;33.3866;8.9672;3020.36;5.39185;0;0;0.1;0.01;0;6.01716;0;0;-1
0;873;53.4759;38.1458;32.2393;8.9671;3020.26;5.39179;0;0;0.1;0.01;0;6.0376;0;0;-1
0;874;53.2644;53.1789;33.3286;9.60563;3712.5;5.77573;0;0;0.1;0.01;0;6.96804;0;0;-1
0;875;51.4248;68.3317;32.4177;9.14929;3208.12;5.50134;0;0;0.1;0.01;0;4.86675;0;0;-1
0;876;67.2591;-58.0715;32.4322;8.83388;2887.64;5.31168;0;0;0.1;0.01;0;3.29202;0;0;-1
0;877;67.6952;-38.6046;31.552;9.31078;3381.01;5.59844;0;0;0.1;0.01;0;5.34595;0;0;-1
0;878;66.3891;-21.8147;31.9649;9.12977;3187.63;5.4896;0;0;0.1;0.01;0;5.27193;0;0;-1
0;879;66.9408;-4.7714;32.6246;9.85842;4013.38;5.92772;0;0;0.1;0.01;0;5.72518;0;0;-1
0;880;67.2109;10.3546;32.9723;8.94914;3002.15;5.38099;0;0;0.1;0.01;0;6.55113;0;0;-1
0;881;66.2103;28.0132;33.7847;8.61621;2679.4;5.1808;0;0;0.1;0.01;0;5.82121;0;0;-1
0;882;67.3135;45.6427;31.0862;9.11558;3172.79;5.48107;0;0;0.1;0.01;0;6.46691;0;0;-1
0;883;67.0147;59.5003;32.0785;9.87652;4035.53;5.93861;0;0;0.1;0.01;0;4.75451;0;0;-1
0;884;79.9429;-30.2578;33.8287;9.91075;4077.63;5.95919;0;0;0.1;0.01;0;4.39874;0;0;-1
0;885;80.179;-15.9672;30.7251;8.8039;2858.34;5.29366;0;0;0.1;0.01;0;4.50571;0;0;-1
0;886;79.658;3.68517;33.5511;10.0827;4293.58;6.06258;0;0;0.1;0.01;0;4.9479;0;0;-1
0;887;80.7149;19.7009;34.1942;8.73611;2792.82;5.2529;0;0;0.1;0.01;0;3.84817;0;0;-1
0;888;80.5452;33.636;31.9241;8.98096;3034.29;5.40012;0;0;0.1;0.01;0;4.25615;0;0;-1
0;889;-86.3542;-6.44525;47.2352;9.7781;3916.08;5.87943;0;0;0.1;0.01;0;3.24528;0;0;-1
0;890;-85.6608;9.85645;47.7934;10.4049;4718.48;6.25632;0;0;0.1;0.01;0;3.02293;0;0;-1
0;891;-69.0182;-49.9818;48.7954;10.4318;4755.17;6.27249;0;0;0.1;0.01;0;2.88087;0;0;-1
0;892;-69.3919;-33.7486;47.9867;8.5;2572.44;5.11093;0;0;0.1;0.01;0;4.09324;1;0;-1
0;893;-69.3647;-13.3653;47.6949;9.91875;4087.52;5.964;0;0;0.1;0.01;0;5.72517;0;0;-1
0;894;-71.5175;0.840511;46.7824;8.91111;2964.04;5.35812;0;0;0.1;0.01;0;5.62202;0;0;-1
0;895;-68.5649;18.0361;47.0541;8.75571;2811.66;5.26468;0;0;0.1;0.01;0;3.93488;0;0;-1
0;896;-70.5822;36.4568;49.3687;9.25688;3322.63;5.56603;0;0;0.1;0.01;0;1.72344;0;0;-1
0;897;-56.635;-59.6044;46.1458;8.92538;2978.3;5.3667;0;0;0.1;0.01;0;4.10176;0;0;-1
0;898;-57.0562;-39.1325;47.6069;9.30218;3371.65;5.59327;0;0;0.1;0.01;0;5.77783;0;0;-1
0;899;-57.0471;-23.2626;47.2552;8.5;2572.44;5.11093;0;0;0.1;0.01;0;5.45321;1;0;-1
0;900;-56.8224;-6.91361;48.807;9.56046;3660.37;5.74857;0;0;0.1;0.01;0;5.9048;0;0;-1
0;901;-54.5963;12.7549;45.9808;8.6949;2753.48;5.22812;0;0;0.1;0.01;0;4.42047;0;0;-1
0;902;-57.7018;29.7432;45.982;8.5;2572.44;5.11093;0;0;0.1;0.01;0;4.65842;1;0;-1
0;903;-56.3021;45.9392;47.0325;8.5;2572.44;5.11093;0;0;0.1;0.01;0;4.45912;1;0;-1
0;904;-54.441;61.2997;46.4154;8.73256;2789.42;5.25076;0;0;0.1;0.01;0;3.49915;0;0;-1
0;905;-40.6496;-64.3864;45.8748;8.77308;2828.43;5.27513;0;0;0.1;0.01;0;3.66456;0;0;-1
0;906;-40.4051;-50.5768;48.2045;9.14813;3206.9;5.50064;0;0;0.1;0.01;0;5.15934;0;0;-1
0;907;-43.1993;-30.0729;46.0977;10.1709;4407.24;6.11561;0;0;0.1;0.01;0;6.05397;0;0;-1
0;908;-41.5074;-14.2969;49.0806;8.5;2572.44;5.11093;0;0;0.1;0.01;0;4.98893;1;0;-1
0;909;-41.6407;0.770091;49.2645;8.65928;2719.78;5.2067;0;0;0.1;0.01;0;4.59971;0;0;-1
0;910;-42.0986;16.7761;48.2701;10.2808;4551.66;6.1817;0;0;0.1;0.01;0;5.92223;0;0;-1
0;911;-42.3267;35.8738;45.2272;8.59133;2656.26;5.16584;0;0;0.1;0.01;0;4.94886;0;0;-1
0;912;-41.2196;53.2404;48.9034;10.1348;4360.48;6.09391;0;0;0.1;0.01;0;6.53483;0;0;-1
0;913;-42.4841;69.7208;48.098;9.85071;4003.97;5.92309;0;0;0.1;0.01;0;4.23786;0;0;-1
0;914;-27.8302;-76.7449;46.7388;9.0812;3137.03;5.46039;0;0;0.1;0.01;0;2.96292;0;0;-1
0;915;-26.17;-55.5084;48.3157;8.59395;2658.69;5.16742;0;0;0.1;0.01;0;5.99462;0;0;-1
0;916;-27.6865;-41.4896;46.5285;9.63897;3751.29;5.79577;0;0;0.1;0.01;0;7.57603;0;0;-1
0;917;-28.0323;-24.257;49.4402;8.5;2572.44;5.11093;0;0;0.1;0.01;0;4.80329;1;0;-1
0;918;-25.7037;-8.79202;47.3288;8.5;2572.44;5.11093;0;0;0.1;0.01;0;4.63647;1;0;-1
0;919;-26.6735;12.0284;46.5407;9.92574;4096.16;5.9682;0;0;0.1;0.01;0;5.7793;0;0;-1
0;920;-26.9581;29.584;48.5554;10.2075;4454.99;6.13762;0;0;0.1;0.01;0;7.06192;0;0;-1
0;921;-26.3555;45.1545;48.8351;9.22863;3292.31;5.54904;0;0;0.1;0.01;0;6.11684;0;0;-1
0;922;-25.8933;60.8799;46.5185;10.3198;4603.65;6.20515;0;0;0.1;0.01;0;6.87254;0;0;-1
0;923;-25.5702;79.3363;48.5016;9.1597;3219.08;5.50759;0;0;0.1;0.01;0;3.17602;0;0;-1
0;924;-12.3633;-80.7873;46.0186;8.874;2927.16;5.33581;0;0;0.1;0.01;0;3.07007;0;0;-1
0;925;-11.8846;-64.6866;47.9638;8.62741;2689.86;5.18754;0;0;0.1;0.01;0;4.45525;0;0;-1
0;926;-13.493;-47.9736;46.5723;10.3686;4669.27;6.23449;0;0;0.1;0.01;0;7.51956;0;0;-1
0;927;-12.6915;-33.5674;49.1098;10.005;4195.08;6.01586;0;0;0.1;0.01;0;5.88121;0;0;-1
0;928;-11.4146;-13.8819;48.6921;9.93402;4106.42;5.97318;0;0;0.1;0.01;0;6.77179;0;0;-1
0;929;-11.037;0.272218;46.1103;9.49154;3581.78;5.70713;0;0;0.1;0.01;0;6.65132;0;0;-1
0;930;-13.1753;19.5107;47.8632;10.0132;4205.4;6.02079;0;0;0.1;0.01;0;6.25842;0;0;-1
0;931;-11.2535;37.0928;49.0585;8.84922;2902.71;5.32091;0;0;0.1;0.01;0;6.44946;0;0;-1
0;932;-12.2004;52.5467;48.7884;9.02879;3083.03;5.42888;0;0;0.1;0.01;0;7.20747;0;0;-1
0;933;-11.749;69.7925;48.0758;10.1432;4371.33;6.09896;0;0;0.1;0.01;0;5.86766;0;0;-1
0;934;-12.8182;86.6208;47.9953;8.5;2572.44;5.11093;0;0;0.1;0.01;0;1.66486;1;0;-1
0;935;2.06086;-73.1361;45.8828;8.5;2572.44;5.11093;0;0;0.1;0.01;0;4.91247;1;0;-1
0;936;1.61293;-59.4369;46.62;8.99434;3047.87;5.40817;0;0;0.1;0.01;0;5.60837;0;0;-1
0;937;2.35345;-42.2814;46.9567;9.40872;3488.83;5.65733;0;0;0.1;0.01;0;5.65122;0;0;-1
0;938;1.44607;-22.41;48.51;9.3869;3464.62;5.64421;0;0;0.1;0.01;0;5.82016;0;0;-1
0;939;4.3083;-5.38914;49.0462;9.50215;3593.8;5.7135;0;0;0.1;0.01;0;6.81258;0;0;-1
0;940;3.22417;8.86648;49.2388;9.40384;3483.41;5.65439;0;0;0.1;0.01;0;5.80904;0;0;-1
0;941;1.82431;29.6353;47.3222;8.5;2572.44;5.11093;0;0;0.1;0.01;0;5.05039;1;0;-1
0;942;1.08429;45.5411;47.5991;8.53776;2606.88;5.13363;0;0;0.1;0.01;0;6.17104;0;0;-1
0;943;1.49239;60.6198;45.6693;9.03964;3094.15;5.4354;0;0;0.1;0.01;0;5.43625;0;0;-1
0;944;4.93254;79.7307;48.6588;10.1102;4328.8;6.07912;0;0;0.1;0.01;0;3.00498;0;0;-1
0;945;18.9274;-84.4729;48.8936;8.82496;2878.9;5.30632;0;0;0.1;0.01;0;1.95642;0;0;-1
0;946;18.2797;-65.934;46.7099;9.13393;3191.99;5.4921;0;0;0.1;0.01;0;4.69539;0;0;-1
0;947;16.9252;-49.4141;46.2818;8.5;2572.44;5.11093;0;0;0.1;0.01;0;4.61415;1;0;-1
0;948;19.3964;-34.4009;45.9318;10.2763;4545.68;6.17899;0;0;0.1;0.01;0;6.56728;0;0;-1
0;949;16.1476;-14.8586;48.4555;9.22523;3288.67;5.547;0;0;0.1;0.01;0;6.34282;0;0;-1
0;950;18.7805;1.80322;48.5227;8.50641;2578.26;5.11478;0;0;0.1;0.01;0;5.65863;0;0;-1
0;951;17.388;17.4867;46.777;9.55479;3653.86;5.74516;0;0;0.1;0.01;0;5.23518;0;0;-1
0;952;16.0224;36.3964;49.0181;8.5;2572.44;5.11093;0;0;0.1;0.01;0;4.95154;1;0;-1
0;953;19.2423;50.8486;45.5632;9.03341;3087.76;5.43166;0;0;0.1;0.01;0;5.11185;0;0;-1
0;954;17.4154;71.096;46.7959;9.52319;3617.73;5.72616;0;0;0.1;0.01;0;4.54323;0;0;-1
0;955;33.2067;-74.2757;48.7939;8.9766;3029.87;5.3975;0;0;0.1;0.01;0;3.2447;0;0;-1
0;956;33.1102;-57.1345;47.8291;9.60965;3717.16;5.77814;0;0;0.1;0.01;0;6.0461;0;0;-1
0;957;33.4766;-39.2125;45.8227;9.85133;4004.73;5.92346;0;0;0.1;0.01;0;6.54181;0;0;-1
0;958;30.7984;-22.5131;46.1732;9.98303;4167.5;6.00265;0;0;0.1;0.01;0;6.38905;0;0;-1
0;959;31.9806;-5.04356;47.7732;9.48791;3577.67;5.70494;0;0;0.1;0.01;0;5.83586;0;0;-1
0;960;33.2568;12.0638;47.6398;9.44032;3524.1;5.67633;0;0;0.1;0.01;0;5.47873;0;0;-1
0;961;30.6865;25.7817;46.9796;9.75134;3884.02;5.86334;0;0;0.1;0.01;0;6.52701;0;0;-1
0;962;32.7099;43.2066;48.5158;8.95476;3007.81;5.38437;0;0;0.1;0.01;0;6.11557;0;0;-1
0;963;31.8881;59.3291;48.6153;9.99243;4179.28;6.0083;0;0;0.1;0.01;0;6.93134;0;0;-1
0;964;30.9357;76.2532;47.6994;9.44588;3530.33;5.67967;0;0;0.1;0.01;0;4.12569;0;0;-1
0;965;45.9678;-63.7058;46.5695;8.50235;2574.57;5.11234;0;0;0.1;0.01;0;3.30838;0;0;-1
0;966;46.175;-47.4751;47.5717;10.2055;4452.37;6.13642;0;0;0.1;0.01;0;6.42828;0;0;-1
0;967;47.6518;-31.4609;46.2918;8.5;2572.44;5.11093;0;0;0.1;0.01;0;5.04374;1;0;-1
0;968;45.2308;-13.9408;49.0308;9.26855;3335.22;5.57304;0;0;0.1;0.01;0;5.88803;0;0;-1
0;969;45.8978;-0.224198;45.379;8.5;2572.44;5.11093;0;0;0.1;0.01;0;5.34578;1;0;-1
0;970;47.7179;20.7845;46.882;10.0206;4214.73;6.02524;0;0;0.1;0.01;0;7.16619;0;0;-1
0;971;45.3038;36.6202;48.5856;9.44979;3534.72;5.68202;0;0;0.1;0.01;0;6.80034;0;0;-1
0;972;46.4712;54.7684;49.1077;9.69619;3818.49;5.83018;0;0;0.1;0.01;0;5.88166;0;0;-1
0;973;45.6625;72.0088;48.423;9.86394;4020.13;5.93104;0;0;0.1;0.01;0;3.34232;0;0;-1
0;974;63.7037;-58.768;46.4839;8.74716;2803.43;5.25954;0;0;0.1;0.01;0;2.38201;0;0;-1
0;975;62.0114;-42.3723;47.6492;9.36522;3440.67;5.63117;0;0;0.1;0.01;0;5.04874;0;0;-1
0;976;59.8935;-24.07;48.5232;8.5;2572.44;5.11093;0;0;0.1;0.01;0;4.86097;1;0;-1
0;977;63.6089;-8.70243;46.8161;10.1425;4370.42;6.09854;0;0;0.1;0.01;0;6.6728;0;0;-1
0;978;60.6646;8.13345;47.1484;9.86993;4027.46;5.93465;0;0;0.1;0.01;0;6.38212;0;0;-1
0;979;61.5226;26.8092;46.1127;9.90075;4065.3;5.95318;0;0;0.1;0.01;0;6.42644;0;0;-1
0;980;60.1732;43.6469;46.0428;10.1384;4365.13;6.09607;0;0;0.1;0.01;0;6.24507;0;0;-1
0;981;61.1685;61.0005;46.9961;9.12844;3186.24;5.4888;0;0;0.1;0.01;0;3.76031;0;0;-1
0;982;77.2953;-30.3715;48.6459;8.61289;2676.3;5.17881;0;0;0.1;0.01;0;2.6238;0;0;-1
0;983;77.1304;-17.1004;47.725;8.5;2572.44;5.11093;0;0;0.1;0.01;0;3.16394;1;0;-1
0;984;75.5677;1.83191;46.5477;9.84126;3992.46;5.91741;0;0;0.1;0.01;0;5.04676;0;0;-1
0;985;78.6912;17.3422;48.7976;10.0526;4255.24;6.04448;0;0;0.1;0.01;0;4.1847;0;0;-1
0;986;75.2822;34.6974;45.9245;10.2898;4563.62;6.18711;0;0;0.1;0.01;0;4.40575;0;0;-1
0;987;-65.612;-30.2889;62.2622;8.57744;2643.39;5.15749;0;0;0.1;0.01;0;3.43733;0;0;-1
0;988;-66.5748;-15.4253;63.5453;8.87947;2932.58;5.3391;0;0;0.1;0.01;0;3.54185;0;0;-1
0;989;-66.6918;0.550493;61.3398;8.52153;2592.04;5.12387;0;0;0.1;0.01;0;3.47874;0;0;-1
0;990;-66.1489;19.5154;63.9347;9.60852;3715.85;5.77746;0;0;0.1;0.01;0;3.35638;0;0;-1
0;991;-51.817;-58.477;60.4503;9.06277;3117.97;5.44931;0;0;0.1;0.01;0;2.13773;0;0;-1
0;992;-51.4194;-38.7577;63.6272;10.4312;4754.35;6.27213;0;0;0.1;0.01;0;5.19893;0;0;-1
0;993;-50.7498;-24.5018;63.2994;8.99047;3043.94;5.40584;0;0;0.1;0.01;0;6.41256;0;0;-1
0;994;-52.7069;-8.78954;61.339;8.75928;2815.1;5.26683;0;0;0.1;0.01;0;4.57323;0;0;-1
0;995;-53.4875;10.3278;61.6441;10.3467;4639.75;6.22132;0;0;0.1;0.01;0;5.60305;0;0;-1
0;996;-53.0225;27.1219;62.1085;8.5119;2583.26;5.11808;0;0;0.1;0.01;0;4.04214;0;0;-1
0;997;-51.7532;46.5236;61.8006;9.49673;3587.66;5.71025;0;0;0.1;0.01;0;3.02743;0;0;-1
0;998;-36.3731;-47.554;60.5221;9.31429;3384.84;5.60055;0;0;0.1;0.01;0;6.18542;0;0;-1
0;999;-36.9165;-33.1687;64.1688;8.56914;2635.73;5.1525;0;0;0.1;0.01;0;5.89251;0;0;-1
0;1000;-35.4753;-15.6553;62.6744;9.77893;3917.08;5.87993;0;0;0.1;0.01;0;6.62028;0;0;-1
0;1001;-36.1624;1.45351;63.9685;8.73934;2795.92;5.25484;0;0;0.1;0.01;0;4.87677;0;0;-1
0;1002;-35.0684;19.5876;62.2188;8.80965;2863.94;5.29711;0;0;0.1;0.01;0;5.8865;0;0;-1
0;1003;-35.2253;37.0933;60.6644;9.96828;4149.06;5.99378;0;0;0.1;0.01;0;6.29194;0;0;-1
0;1004;-38.3047;52.2597;63.843;9.47991;3568.63;5.70013;0;0;0.1;0.01;0;3.94451;0;0;-1
0;1005;-38.3164;67.9609;60.6985;9.61487;3723.22;5.78128;0;0;0.1;0.01;0;3.18385;0;0;-1
0;1006;-21.3182;-73.2338;63.763;8.5;2572.44;5.11093;0;0;0.1;0.01;0;1.71348;1;0;-1
0;1007;-23.2926;-57.0296;62.2429;10.4;4711.82;6.25337;0;0;0.1;0.01;0;6.18585;0;0;-1
0;1008;-22.2421;-40.8629;61.3942;10.2717;4539.58;6.17622;0;0;0.1;0.01;0;8.02907;0;0;-1
0;1009;-21.3007;-22.7322;63.6609;8.53442;2603.82;5.13162;0;0;0.1;0.01;0;6.24413;0;0;-1
0;1010;-21.9777;-5.56777;62.1275;10.3597;4657.26;6.22914;0;0;0.1;0.01;0;6.43866;0;0;-1
0;1011;-22.1169;10.517;60.8513;8.5;2572.44;5.11093;0;0;0.1;0.01;0;3.63401;1;0;-1
0;1012;-23.7852;26.8047;63.5287;9.01866;3072.66;5.42279;0;0;0.1;0.01;0;4.69377;0;0;-1
0;1013;-22.4076;44.4784;62.8129;9.87176;4029.7;5.93575;0;0;0.1;0.01;0;6.77036;0;0;-1
0;1014;-21.8328;59.7031;60.178;8.81698;2871.1;5.30152;0;0;0.1;0.01;0;5.43694;0;0;-1
0;1015;-7.87387;-67.6933;60.3488;8.52518;2595.37;5.12607;0;0;0.1;0.01;0;3.89049;0;0;-1
0;1016;-7.86875;-47.703;63.1315;10.2311;4485.96;6.15181;0;0;0.1;0.01;0;6.71341;0;0;-1
0;1017;-5.56044;-29.8816;63.3969;9.05885;3113.92;5.44696;0;0;0.1;0.01;0;6.57581;0;0;-1
0;1018;-6.85494;-15.3325;60.9673;8.54701;2615.36;5.13919;0;0;0.1;0.01;0;6.62577;0;0;-1
0;1019;-8.78101;0.619835;60.7739;8.5;2572.44;5.11093;0;0;0.1;0.01;0;4.71385;1;0;-1
0;1020;-6.95321;20.8335;60.3891;8.92528;2978.2;5.36664;0;0;0.1;0.01;0;4.61671;0;0;-1
0;1021;-8.83191;36.0108;63.5837;9.68264;3802.51;5.82203;0;0;0.1;0.01;0;7.04769;0;0;-1
0;1022;-6.47437;52.1454;61.0308;9.64341;3756.48;5.79844;0;0;0.1;0.01;0;7.5808;0;0;-1
0;1023;-7.43351;67.6701;60.8744;10.3052;4584.14;6.19637;0;0;0.1;0.01;0;4.9363;0;0;-1
0;1024;5.31835;-73.7748;61.9505;8.5;2572.44;5.11093;0;0;0.1;0.01;0;2.23717;1;0;-1
0;1025;6.8724;-57.4073;62.3033;10.176;4413.87;6.11868;0;0;0.1;0.01;0;5.81559;0;0;-1
0;1026;7.74226;-39.3557;61.0349;8.5;2572.44;5.11093;0;0;0.1;0.01;0;4.55178;1;0;-1
0;1027;6.38248;-22.6875;62.3435;9.92312;4092.92;5.96663;0;0;0.1;0.01;0;6.71206;0;0;-1
0;1028;9.17572;-6.37052;62.4725;10.2402;4497.94;6.15728;0;0;0.1;0.01;0;6.8574;0;0;-1
0;1029;8.78059;12.197;62.2403;8.66534;2725.5;5.21034;0;0;0.1;0.01;0;4.78829;0;0;-1
0;1030;7.91891;26.3239;63.411;8.5;2572.44;5.11093;0;0;0.1;0.01;0;5.49567;1;0;-1
0;1031;7.42225;42.0732;60.0832;10.2988;4575.6;6.19252;0;0;0.1;0.01;0;6.63393;0;0;-1
0;1032;6.63904;63.0835;63.2873;9.3194;3390.41;5.60362;0;0;0.1;0.01;0;4.62281;0;0;-1
0;1033;21.3044;-63.8684;60.9579;8.5;2572.44;5.11093;0;0;0.1;0.01;0;3.70048;1;0;-1
0;1034;23.2547;-50.2959;61.9518;8.5;2572.44;5.11093;0;0;0.1;0.01;0;4.4343;1;0;-1
0;1035;20.9394;-32.3594;61.0329;8.5;2572.44;5.11093;0;0;0.1;0.01;0;3.83426;1;0;-1
0;1036;24.2152;-12.6688;60.3657;8.5;2572.44;5.11093;0;0;0.1;0.01;0;5.4076;1;0;-1
0;1037;20.6098;2.95264;61.7812;8.5;2572.44;5.11093;0;0;0.1;0.01;0;5.06537;1;0;-1
0;1038;23.0814;19.795;63.7327;10.3275;4613.96;6.20978;0;0;0.1;0.01;0;7.34263;0;0;-1
0;1039;21.9256;37.8429;63.1513;8.70203;2760.26;5.2324;0;0;0.1;0.01;0;5.68754;0;0;-1
0;1040;21.5758;53.1557;60.4239;8.5;2572.44;5.11093;0;0;0.1;0.01;0;5.29462;1;0;-1
0;1041;22.1372;69.1082;61.3893;9.0674;3122.75;5.4521;0;0;0.1;0.01;0;3.39056;0;0;-1
0;1042;34.6649;-59.7288;63.5391;8.5;2572.44;5.11093;0;0;0.1;0.01;0;2.17412;1;0;-1
0;1043;36.1559;-39.34;62.5744;9.23923;3303.66;5.55541;0;0;0.1;0.01;0;4.51287;0;0;-1
0;1044;38.1824;-22.8158;61.8957;8.81792;2872.02;5.30209;0;0;0.1;0.01;0;4.894;0;0;-1
0;1045;35.7971;-5.05938;62.6068;8.95321;3006.25;5.38344;0;0;0.1;0.01;0;4.80367;0;0;-1
0;1046;38.2692;12.2843;61.3816;9.45337;3538.74;5.68417;0;0;0.1;0.01;0;5.64742;0;0;-1
0;1047;37.9518;26.2095;60.2523;8.5;2572.44;5.11093;0;0;0.1;0.01;0;6.73154;1;0;-1
0;1048;35.5229;43.3629;63.5223;9.23679;3301.05;5.55395;0;0;0.1;0.01;0;5.62921;0;0;-1
0;1049;38.6633;60.4756;63.3773;9.72555;3853.28;5.84783;0;0;0.1;0.01;0;3.94899;0;0;-1
0;1050;53.4579;-48.7363;61.7429;9.52246;3616.9;5.72572;0;0;0.1;0.01;0;3.22349;0;0;-1
0;1051;50.3653;-33.3932;60.8799;8.5;2572.44;5.11093;0;0;0.1;0.01;0;4.87635;1;0;-1
0;1052;51.0274;-15.2801;62.141;9.58171;3684.83;5.76134;0;0;0.1;0.01;0;5.69713;0;0;-1
0;1053;50.035;0.797253;62.7023;8.5;2572.44;5.11093;0;0;0.1;0.01;0;4.12859;1;0;-1
0;1054;50.5527;20.6937;60.9297;8.5;2572.44;5.11093;0;0;0.1;0.01;0;5.7236;1;0;-1
0;1055;50.8702;34.807;61.8172;9.8158;3961.56;5.9021;0;0;0.1;0.01;0;6.01753;0;0;-1
0;1056;53.6949;53.0081;62.7413;10.1404;4367.71;6.09728;0;0;0.1;0.01;0;3.14189;0;0;-1
0;1057;67.0792;-40.8586;60.897;10.4293;4751.76;6.27099;0;0;0.1;0.01;0;2.85247;0;0;-1
0;1058;64.4544;-21.5199;62.1448;8.5;2572.44;5.11093;0;0;0.1;0.01;0;2.95797;1;0;-1
0;1059;64.4434;-5.43917;61.868;8.5;2572.44;5.11093;0;0;0.1;0.01;0;4.07943;1;0;-1
0;1060;66.7725;9.19704;60.6598;9.7064;3830.57;5.83632;0;0;0.1;0.01;0;3.28497;0;0;-1
0;1061;65.1721;25.0298;60.1651;8.80062;2855.15;5.29169;0;0;0.1;0.01;0;2.81922;0;0;-1
0;1062;-54.4202;-23.7652;75.9845;9.34551;3418.99;5.61932;0;0;0.1;0.01;0;3.60291;0;0;-1
0;1063;-56.509;-4.70351;78.7064;8.5;2572.44;5.11093;0;0;0.1;0.01;0;1.6625;1;0;-1
0;1064;-54.9466;10.6808;76.2442;9.32397;3395.4;5.60637;0;0;0.1;0.01;0;3.9045;0;0;-1
0;1065;-56.4424;29.7245;75.0157;10.447;4775.99;6.28163;0;0;0.1;0.01;0;3.23482;0;0;-1
0;1066;-40.029;-48.962;77.033;8.5;2572.44;5.11093;0;0;0.1;0.01;0;2.2462;1;0;-1
0;1067;-42.2495;-30.7974;77.7905;8.79456;2849.25;5.28804;0;0;0.1;0.01;0;4.75162;0;0;-1
0;1068;-40.4018;-15.9274;75.0971;9.98709;4172.59;6.00509;0;0;0.1;0.01;0;6.54704;0;0;-1
0;1069;-40.4519;2.86866;77.9505;9.51488;3608.27;5.72116;0;0;0.1;0.01;0;5.73143;0;0;-1
0;1070;-41.632;17.7787;74.645;8.54694;2615.29;5.13915;0;0;0.1;0.01;0;5.55015;0;0;-1
0;1071;-39.3202;33.681;76.4776;9.87209;4030.1;5.93594;0;0;0.1;0.01;0;4.14289;0;0;-1
0;1072;-24.3945;-55.1614;76.9393;9.73996;3870.44;5.8565;0;0;0.1;0.01;0;3.46813;0;0;-1
0;1073;-26.2764;-40.847;74.9497;9.02504;3079.19;5.42663;0;0;0.1;0.01;0;5.50573;0;0;-1
0;1074;-27.4693;-23.1564;76.5333;10.0637;4269.35;6.05116;0;0;0.1;0.01;0;7.01486;0;0;-1
0;1075;-27.2527;-4.51831;77.9036;9.34698;3420.6;5.6202;0;0;0.1;0.01;0;6.55174;0;0;-1
0;1076;-24.9826;12.2904;77.041;9.04555;3100.23;5.43896;0;0;0.1;0.01;0;5.7769;0;0;-1
0;1077;-25.7888;26.5301;77.3013;9.31413;3384.66;5.60045;0;0;0.1;0.01;0;5.89856;0;0;-1
0;1078;-25.3424;43.7239;77.7659;9.28589;3353.97;5.58347;0;0;0.1;0.01;0;3.80732;0;0;-1
0;1079;-10.0639;-47.8123;76.4021;8.80812;2862.45;5.29619;0;0;0.1;0.01;0;4.9227;0;0;-1
0;1080;-12.4516;-31.1436;76.4133;10.2266;4480.05;6.14911;0;0;0.1;0.01;0;7.47957;0;0;-1
0;1081;-12.8033;-16.1728;74.6176;9.40462;3484.27;5.65486;0;0;0.1;0.01;0;7.35203;0;0;-1
0;1082;-13.5684;0.328659;78.4967;10.2202;4471.64;6.14526;0;0;0.1;0.01;0;6.59572;0;0;-1
0;1083;-11.481;20.5749;78.3196;8.95194;3004.97;5.38267;0;0;0.1;0.01;0;5.81104;0;0;-1
0;1084;-10.8852;36.5067;76.7789;10.0821;4292.81;6.06222;0;0;0.1;0.01;0;7.27668;0;0;-1
0;1085;-11.9878;51.5978;76.3121;9.93362;4105.93;5.97294;0;0;0.1;0.01;0;4.78273;0;0;-1
0;1086;3.54435;-58.8448;76.6022;10.3992;4710.73;6.25289;0;0;0.1;0.01;0;3.37255;0;0;-1
0;1087;1.37996;-42.2275;78.4817;8.5;2572.44;5.11093;0;0;0.1;0.01;0;4.97833;1;0;-1
0;1088;4.77023;-23.2456;76.332;10.0445;4244.96;6.03961;0;0;0.1;0.01;0;6.80739;0;0;-1
0;1089;1.29819;-7.59422;78.2462;9.92445;4094.57;5.96743;0;0;0.1;0.01;0;6.26798;0;0;-1
0;1090;3.27366;11.4141;77.6354;8.90179;2954.75;5.35252;0;0;0.1;0.01;0;4.53927;0;0;-1
0;1091;1.50477;27.3601;77.7792;9.65841;3774.03;5.80746;0;0;0.1;0.01;0;7.2393;0;0;-1
0;1092;2.54091;42.4949;76.4678;10.3015;4579.2;6.19414;0;0;0.1;0.01;0;6.337;0;0;-1
0;1093;4.04516;61.3732;76.5673;9.70352;3827.16;5.83459;0;0;0.1;0.01;0;3.29112;0;0;-1
0;1094;16.4731;-49.5976;74.9917;8.82222;2876.22;5.30467;0;0;0.1;0.01;0;3.51524;0;0;-1
0;1095;17.4678;-30.7367;77.8421;9.94785;4123.6;5.9815;0;0;0.1;0.01;0;6.04484;0;0;-1
0;1096;18.4975;-13.1217;74.6059;9.11763;3174.93;5.4823;0;0;0.1;0.01;0;6.14171;0;0;-1
0;1097;16.7256;3.3397;76.3055;8.78297;2838;5.28107;0;0;0.1;0.01;0;5.2522;0;0;-1
0;1098;18.4082;20.1242;76.7545;8.5;2572.44;5.11093;0;0;0.1;0.01;0;5.81171;1;0;-1
0;1099;18.6034;33.9758;76.0102;10.0972;4312.13;6.0713;0;0;0.1;0.01;0;7.30766;0;0;-1
0;1100;18.5672;54.4242;76.149;9.59276;3697.6;5.76799;0;0;0.1;0.01;0;3.60007;0;0;-1
0;1101;32.5509;-40.2014;76.4245;10.1849;4425.47;6.12403;0;0;0.1;0.01;0;3.81416;0;0;-1
0;1102;31.2476;-22.9455;78.5543;10.1291;4353.13;6.09048;0;0;0.1;0.01;0;5.5833;0;0;-1
0;1103;31.1781;-5.98887;77.3415;8.5572;2624.72;5.14532;0;0;0.1;0.01;0;5.20082;0;0;-1
0;1104;32.3747;11.7435;76.1725;9.07028;3125.72;5.45383;0;0;0.1;0.01;0;4.46469;0;0;-1
0;1105;34.5147;28.4092;76.6482;10.3011;4578.67;6.1939;0;0;0.1;0.01;0;5.8757;0;0;-1
0;1106;30.9551;46.496;78.1624;10.3268;4613.03;6.20935;0;0;0.1;0.01;0;4.16857;0;0;-1
0;1107;49.0845;-30.3964;78.6647;9.26179;3327.92;5.56898;0;0;0.1;0.01;0;1.69103;0;0;-1
0;1108;45.4477;-13.8845;75.3084;8.5304;2600.14;5.12921;0;0;0.1;0.01;0;4.76177;0;0;-1
0;1109;47.4429;0.400809;77.9781;8.55106;2619.08;5.14163;0;0;0.1;0.01;0;3.45518;0;0;-1
0;1110;48.3201;20.0344;74.9202;9.58572;3689.46;5.76375;0;0;0.1;0.01;0;3.87027;0;0;-1
0;1111;49.0093;36.2387;77.4598;8.5;2572.44;5.11093;0;0;0.1;0.01;0;2.3426;1;0;-1
0;1112;60.4401;-6.10525;78.4482;8.5;2572.44;5.11093;0;0;0.1;0.01;0;1.59343;1;0;-1
0;1113;-36.2709;-15.7307;89.6388;9.8315;3980.59;5.91154;0;0;0.1;0.01;0;4.246;0;0;-1
0;1114;-36.4124;1.56943;91.2429;8.5;2572.44;5.11093;0;0;0.1;0.01;0;3.92287;1;0;-1
0;1115;-38.4467;16.9506;89.8859;10.0141;4206.53;6.02133;0;0;0.1;0.01;0;3.7716;0;0;-1
0;1116;-21.1028;-24.4704;90.0473;10.4526;4783.67;6.285;0;0;0.1;0.01;0;4.94978;0;0;-1
0;1117;-23.4153;-6.36253;93.0739;10.0382;4236.98;6.03582;0;0;0.1;0.01;0;4.54115;0;0;-1
0;1118;-22.7379;11.688;89.7631;8.5;2572.44;5.11093;0;0;0.1;0.01;0;4.56562;1;0;-1
0;1119;-21.6244;27.6333;93.3726;10.1704;4406.59;6.11531;0;0;0.1;0.01;0;3.63968;0;0;-1
0;1120;-7.47795;-31.4713;90.7896;9.99572;4183.41;6.01028;0;0;0.1;0.01;0;4.74774;0;0;-1
0;1121;-8.53441;-14.0131;89.4478;9.49792;3589.01;5.71096;0;0;0.1;0.01;0;6.43285;0;0;-1
0;1122;-6.51511;1.18146;92.6597;9.92513;4095.41;5.96784;0;0;0.1;0.01;0;5.31262;0;0;-1
0;1123;-5.80716;19.1312;93.3204;10.3778;4681.71;6.24002;0;0;0.1;0.01;0;5.3771;0;0;-1
0;1124;-7.61445;35.0414;92.3604;8.5;2572.44;5.11093;0;0;0.1;0.01;0;3.70827;1;0;-1
0;1125;5.42083;-38.5697;92.1409;8.64182;2703.36;5.1962;0;0;0.1;0.01;0;2.77455;0;0;-1
0;1126;6.63353;-23.3665;92.1227;9.97299;4154.94;5.99661;0;0;0.1;0.01;0;4.85811;0;0;-1
0;1127;7.32476;-5.04148;91.6096;9.76217;3896.98;5.86985;0;0;0.1;0.01;0;4.3689;0;0;-1
0;1128;6.66567;10.8052;91.216;9.29955;3368.79;5.59168;0;0;0.1;0.01;0;4.1223;0;0;-1
0;1129;6.09646;28.7524;90.0566;9.47028;3557.76;5.69434;0;0;0.1;0.01;0;5.33406;0;0;-1
0;1130;23.7589;-31.9711;89.8572;8.5;2572.44;5.11093;0;0;0.1;0.01;0;2.94911;1;0;-1
0;1131;20.7093;-13.4747;89.354;8.96289;3016.01;5.38926;0;0;0.1;0.01;0;4.8212;0;0;-1
0;1132;22.7927;0.122131;90.1668;8.56343;2630.46;5.14907;0;0;0.1;0.01;0;3.4682;0;0;-1
0;1133;20.0135;20.8179;90.9634;8.88242;2935.5;5.34087;0;0;0.1;0.01;0;3.25282;0;0;-1
0;1134;20.888;36.7155;90.3437;8.61361;2676.97;5.17924;0;0;0.1;0.01;0;2.71924;0;0;-1
0;1135;37.3247;-7.80337;89.7355;9.767;3902.76;5.87276;0;0;0.1;0.01;0;3.63519;0;0;-1
0;1136;35.4277;9.7264;91.1639;8.5238;2594.11;5.12524;0;0;0.1;0.01;0;1.96453;0;0;-1
