Time;ID;x;y;z;radius;volume_total;radius_nuclear;contact_ECM;freezer;polarized_fraction;motility;cell_line;Cell_cell;phase;Cycle;NFkB
0;0;-51.3191;-4.60783;-83.4231;8.5;2572.44;5.11093;0;0;0.1;0.01;0;2.64556;1;0;-1
0;1;-37.4347;-33.3449;-84.6862;9.8791;4038.69;5.94016;0;0;0.1;0.01;0;2.67484;0;0;-1
0;2;-37.6522;-13.8269;-86.486;8.5;2572.44;5.11093;0;0;0.1;0.01;0;2.65259;1;0;-1
0;3;-38.5095;0.473133;-85.5889;8.93259;2985.53;5.37104;0;0;0.1;0.01;0;2.4969;0;0;-1
0;4;-35.4889;20.6049;-84.3351;10.0373;4235.84;6.03528;0;0;0.1;0.01;0;3.05515;0;0;-1
0;5;-21.798;-40.6261;-87.2627;9.31441;3384.97;5.60062;0;0;0.1;0.01;0;2.80815;0;0;-1
0;6;-20.5458;-22.3996;-85.9332;8.72424;2781.45;5.24576;0;0;0.1;0.01;0;4.23973;0;0;-1
0;7;-21.0316;-8.42018;-84.5094;8.68751;2746.47;5.22367;0;0;0.1;0.01;0;4.10824;0;0;-1
0;8;-20.3033;10.7148;-85.9713;8.9461;2999.09;5.37916;0;0;0.1;0.01;0;3.39603;0;0;-1
0;9;-22.2941;28.7605;-84.0062;9.1147;3171.87;5.48054;0;0;0.1;0.01;0;3.81402;0;0;-1
0;10;-8.84389;-49.3354;-83.4169;10.3831;4688.89;6.24321;0;0;0.1;0.01;0;3.60927;0;0;-1
0;11;-7.09973;-30.7526;-87.1639;9.25676;3322.5;5.56596;0;0;0.1;0.01;0;4.75327;0;0;-1
0;12;-6.8036;-16.6178;-86.2495;8.92614;2979.06;5.36716;0;0;0.1;0.01;0;5.07838;0;0;-1
0;13;-6.59047;0.141689;-85.5172;10.1914;4433.94;6.12794;0;0;0.1;0.01;0;5.01962;0;0;-1
0;14;-7.56817;20.0316;-83.7602;10.1998;4444.92;6.13299;0;0;0.1;0.01;0;5.00633;0;0;-1
0;15;-7.67699;38.2895;-83.9345;9.71243;3837.71;5.83994;0;0;0.1;0.01;0;3.32164;0;0;-1
0;16;7.44289;-40.8701;-85.9509;10.0896;4302.4;6.06673;0;0;0.1;0.01;0;4.84733;0;0;-1
0;17;6.40486;-24.2346;-83.4893;10.0954;4309.82;6.07022;0;0;0.1;0.01;0;6.03687;0;0;-1
0;18;8.72508;-6.01979;-85.8386;8.76963;2825.09;5.27305;0;0;0.1;0.01;0;3.89207;0;0;-1
0;19;6.47562;10.9325;-86.7599;8.73724;2793.9;5.25358;0;0;0.1;0.01;0;2.66692;0;0;-1
0;20;7.75447;27.7552;-87.3884;8.84193;2895.54;5.31652;0;0;0.1;0.01;0;3.18354;0;0;-1
0;21;8.87694;45.3827;-83.5786;10.2972;4573.47;6.19156;0;0;0.1;0.01;0;3.80182;0;0;-1
0;22;20.2434;-49.1531;-84.5008;9.44966;3534.57;5.68194;0;0;0.1;0.01;0;3.23304;0;0;-1
0;23;23.3358;-34.0364;-86.6627;10.0918;4305.21;6.06805;0;0;0.1;0.01;0;5.12426;0;0;-1
0;24;20.6078;-15.731;-84.9704;8.5;2572.44;5.11093;0;0;0.1;0.01;0;3.28197;1;0;-1
0;25;22.4788;3.45515;-86.869;8.58914;2654.22;5.16453;0;0;0.1;0.01;0;3.59034;0;0;-1
0;26;23.63;20.3929;-84.4876;8.88816;2941.2;5.34432;0;0;0.1;0.01;0;4.47716;0;0;-1
0;27;23.5513;37.7397;-84.8643;9.8457;3997.87;5.92008;0;0;0.1;0.01;0;3.69369;0;0;-1
0;28;36.3522;-40.1938;-83.647;9.99562;4183.29;6.01022;0;0;0.1;0.01;0;3.7685;0;0;-1
0;29;35.464;-25.5471;-86.1243;8.5;2572.44;5.11093;0;0;0.1;0.01;0;3.01638;1;0;-1
0;30;37.2059;-5.59759;-85.2992;10.2046;4451.19;6.13588;0;0;0.1;0.01;0;2.52884;0;0;-1
0;31;36.5591;10.859;-83.9729;10.2277;4481.49;6.14977;0;0;0.1;0.01;0;3.93848;0;0;-1
0;32;37.5877;26.9817;-83.9283;10.0868;4298.82;6.06505;0;0;0.1;0.01;0;4.35823;0;0;-1
0;33;-70.5289;-14.7667;-69.3709;9.3986;3477.59;5.65124;0;0;0.1;0.01;0;2.28083;0;0;-1
0;34;-57.8119;-39.4487;-71.3425;9.97762;4160.73;5.9994;0;0;0.1;0.01;0;3.1064;0;0;-1
0;35;-56.665;-25.1883;-72.4918;9.30194;3371.39;5.59312;0;0;0.1;0.01;0;3.99662;0;0;-1
0;36;-54.7602;-8.89747;-70.8526;8.5;2572.44;5.11093;0;0;0.1;0.01;0;4.50384;1;0;-1
0;37;-56.2938;9.85459;-69.7964;10.3383;4628.45;6.21627;0;0;0.1;0.01;0;3.50888;0;0;-1
0;38;-57.7892;28.4747;-71.5023;8.5;2572.44;5.11093;0;0;0.1;0.01;0;2.15902;1;0;-1
0;39;-54.6555;46.903;-68.5771;9.52835;3623.61;5.72926;0;0;0.1;0.01;0;3.24061;0;0;-1
0;40;-41.5501;-51.314;-72.6769;9.08313;3139.03;5.46155;0;0;0.1;0.01;0;2.1124;0;0;-1
0;41;-41.3976;-30.4527;-70.9848;9.44447;3528.75;5.67882;0;0;0.1;0.01;0;5.73752;0;0;-1
0;42;-42.2321;-16.6249;-69.6729;10.4347;4759.14;6.27423;0;0;0.1;0.01;0;6.85604;0;0;-1
0;43;-39.4134;1.73501;-69.0976;8.5;2572.44;5.11093;0;0;0.1;0.01;0;4.22212;1;0;-1
0;44;-42.3706;16.7563;-69.0663;8.5;2572.44;5.11093;0;0;0.1;0.01;0;5.51091;1;0;-1
0;45;-42.4217;34.2519;-69.8638;9.48534;3574.76;5.7034;0;0;0.1;0.01;0;5.21235;0;0;-1
0;46;-41.2145;53.4617;-69.4136;8.5;2572.44;5.11093;0;0;0.1;0.01;0;3.80537;1;0;-1
0;47;-26.5796;-57.1933;-70.3577;8.69547;2754.02;5.22846;0;0;0.1;0.01;0;4.02522;0;0;-1
0;48;-28.559;-42.5902;-68.4937;10.4235;4743.83;6.2675;0;0;0.1;0.01;0;6.38712;0;0;-1
0;49;-26.25;-24.7406;-70.679;8.78999;2844.81;5.28529;0;0;0.1;0.01;0;5.81257;0;0;-1
0;50;-24.7297;-8.81294;-71.864;8.5;2572.44;5.11093;0;0;0.1;0.01;0;4.47481;1;0;-1
0;51;-26.8806;11.1048;-69.6511;9.33999;3412.93;5.616;0;0;0.1;0.01;0;5.34978;0;0;-1
0;52;-26.0044;26.9264;-69.2407;10.0291;4225.46;6.03035;0;0;0.1;0.01;0;6.56733;0;0;-1
0;53;-27.6148;43.7349;-70.6698;9.33376;3406.11;5.61225;0;0;0.1;0.01;0;4.60063;0;0;-1
0;54;-27.1626;62.1988;-69.8039;9.79464;3935.99;5.88937;0;0;0.1;0.01;0;3.73926;0;0;-1
0;55;-13.5693;-63.8519;-69.0158;9.87774;4037.02;5.93934;0;0;0.1;0.01;0;4.04133;0;0;-1
0;56;-13.8242;-48.1367;-68.3395;8.5;2572.44;5.11093;0;0;0.1;0.01;0;5.72237;1;0;-1
0;57;-11.3455;-31.1857;-72.6064;8.91585;2968.77;5.36097;0;0;0.1;0.01;0;5.09858;0;0;-1
0;58;-12.6952;-15.0504;-70.9715;9.29638;3365.35;5.58978;0;0;0.1;0.01;0;6.58864;0;0;-1
0;59;-9.95209;1.96427;-71.7765;9.45092;3535.99;5.6827;0;0;0.1;0.01;0;5.80716;0;0;-1
0;60;-11.6476;16.5851;-70.1507;8.82064;2874.68;5.30372;0;0;0.1;0.01;0;5.34609;0;0;-1
0;61;-11.8806;36.6284;-70.9311;9.09843;3154.92;5.47075;0;0;0.1;0.01;0;4.65097;0;0;-1
0;62;-10.7502;55.0837;-70.3602;9.75011;3882.55;5.8626;0;0;0.1;0.01;0;3.31358;0;0;-1
0;63;2.17813;-56.2415;-69.065;9.01971;3073.73;5.42342;0;0;0.1;0.01;0;4.73915;0;0;-1
0;64;3.94296;-40.1479;-72.0458;8.76763;2823.16;5.27185;0;0;0.1;0.01;0;5.1998;0;0;-1
0;65;2.71816;-22.8976;-68.5036;10.2393;4496.76;6.15674;0;0;0.1;0.01;0;7.07094;0;0;-1
0;66;4.33896;-7.97767;-72.0144;9.90275;4067.77;5.95438;0;0;0.1;0.01;0;6.59471;0;0;-1
0;67;2.35348;10.1696;-69.2132;8.5;2572.44;5.11093;0;0;0.1;0.01;0;4.96576;1;0;-1
0;68;4.40269;26.7922;-69.6899;8.5;2572.44;5.11093;0;0;0.1;0.01;0;4.49199;1;0;-1
0;69;4.43433;45.7954;-70.5476;9.40266;3482.1;5.65368;0;0;0.1;0.01;0;6.07155;0;0;-1
0;70;3.50647;63.7151;-70.1479;9.87208;4030.09;5.93594;0;0;0.1;0.01;0;3.45491;0;0;-1
0;71;16.3327;-66.2701;-69.8965;9.33398;3406.35;5.61239;0;0;0.1;0.01;0;2.89208;0;0;-1
0;72;15.9669;-47.1692;-70.9265;8.71329;2770.99;5.23917;0;0;0.1;0.01;0;4.75151;0;0;-1
0;73;19.2569;-30.2037;-70.8765;10.2304;4485.04;6.15139;0;0;0.1;0.01;0;6.89016;0;0;-1
0;74;16.4101;-14.0931;-69.2274;8.5;2572.44;5.11093;0;0;0.1;0.01;0;6.6982;1;0;-1
0;75;16.9945;1.22178;-71.3261;9.24351;3308.26;5.55799;0;0;0.1;0.01;0;5.44017;0;0;-1
0;76;16.0036;18.2063;-69.201;8.72477;2781.96;5.24608;0;0;0.1;0.01;0;4.99;0;0;-1
0;77;17.3122;35.441;-70.6366;9.03495;3089.34;5.43258;0;0;0.1;0.01;0;5.48986;0;0;-1
0;78;19.4524;55.0762;-70.284;10.194;4437.34;6.1295;0;0;0.1;0.01;0;4.06618;0;0;-1
0;79;31.0831;-57.7956;-69.4702;8.5;2572.44;5.11093;0;0;0.1;0.01;0;3.3587;1;0;-1
0;80;31.7642;-38.5273;-68.4288;9.87873;4038.24;5.93994;0;0;0.1;0.01;0;6.27267;0;0;-1
0;81;32.0144;-21.826;-69.6524;8.5;2572.44;5.11093;0;0;0.1;0.01;0;4.93435;1;0;-1
0;82;33.3332;-6.34322;-68.8055;9.53103;3626.67;5.73087;0;0;0.1;0.01;0;5.57089;0;0;-1
0;83;30.5728;12.4412;-71.3014;9.73152;3860.39;5.85142;0;0;0.1;0.01;0;6.45196;0;0;-1
0;84;33.6199;28.6054;-68.5208;10.0382;4236.98;6.03582;0;0;0.1;0.01;0;6.88933;0;0;-1
0;85;34.0097;43.7465;-71.9714;8.5;2572.44;5.11093;0;0;0.1;0.01;0;4.23541;1;0;-1
0;86;46.3672;-51.2948;-68.9114;9.61922;3728.28;5.7839;0;0;0.1;0.01;0;2.75903;0;0;-1
0;87;45.9794;-30.4832;-71.9467;9.01313;3067.01;5.41946;0;0;0.1;0.01;0;4.33288;0;0;-1
0;88;47.5535;-13.4187;-72.0001;9.9526;4129.51;5.98435;0;0;0.1;0.01;0;4.86476;0;0;-1
0;89;45.331;1.65154;-69.0558;8.5;2572.44;5.11093;0;0;0.1;0.01;0;5.76127;1;0;-1
0;90;47.3063;17.1288;-68.9548;10.3912;4699.87;6.24808;0;0;0.1;0.01;0;6.38295;0;0;-1
0;91;48.9694;36.8807;-71.9528;10.2103;4458.66;6.13931;0;0;0.1;0.01;0;3.53592;0;0;-1
0;92;46.7032;54.1058;-69.0014;8.5;2572.44;5.11093;0;0;0.1;0.01;0;2.53795;1;0;-1
0;93;60.0238;-25.6666;-72.0485;10.0688;4275.84;6.05422;0;0;0.1;0.01;0;2.75231;0;0;-1
0;94;62.5669;-5.60712;-71.9211;8.73835;2794.97;5.25424;0;0;0.1;0.01;0;2.33504;0;0;-1
0;95;61.329;9.87324;-68.8417;9.81409;3959.49;5.90107;0;0;0.1;0.01;0;3.63424;0;0;-1
0;96;-80.3925;-8.31325;-55.4093;9.69228;3813.88;5.82783;0;0;0.1;0.01;0;2.96339;0;0;-1
0;97;-80.1264;12.4595;-54.33;8.7296;2786.58;5.24898;0;0;0.1;0.01;0;2.61315;0;0;-1
0;98;-65.7582;-48.4245;-54.2758;10.1245;4347.2;6.08771;0;0;0.1;0.01;0;4.68021;0;0;-1
0;99;-67.7025;-33.8799;-55.4102;8.95215;3005.18;5.3828;0;0;0.1;0.01;0;3.3046;0;0;-1
0;100;-65.5554;-12.6497;-56.3793;8.50736;2579.13;5.11535;0;0;0.1;0.01;0;4.00182;0;0;-1
0;101;-64.6003;1.73442;-53.966;9.72048;3847.26;5.84478;0;0;0.1;0.01;0;5.33398;0;0;-1
0;102;-68.0096;19.6475;-57.7833;8.68328;2742.46;5.22113;0;0;0.1;0.01;0;3.53522;0;0;-1
0;103;-66.4416;35.4368;-55.5479;8.5;2572.44;5.11093;0;0;0.1;0.01;0;3.49373;1;0;-1
0;104;-52.2505;-59.3447;-54.8763;9.7421;3872.99;5.85778;0;0;0.1;0.01;0;4.05941;0;0;-1
0;105;-52.9138;-42.3695;-57.5576;8.54632;2614.73;5.13878;0;0;0.1;0.01;0;4.59278;0;0;-1
0;106;-51.3223;-24.6935;-57.8041;8.5;2572.44;5.11093;0;0;0.1;0.01;0;4.56821;1;0;-1
0;107;-49.8612;-4.79518;-57.1168;9.83619;3986.29;5.91436;0;0;0.1;0.01;0;6.42094;0;0;-1
0;108;-51.7508;12.0429;-54.3867;9.7551;3888.52;5.8656;0;0;0.1;0.01;0;7.05927;0;0;-1
0;109;-51.0308;27.8565;-57.8104;10.3779;4681.85;6.24008;0;0;0.1;0.01;0;6.9289;0;0;-1
0;110;-52.1426;44.8061;-54.0106;9.75705;3890.85;5.86677;0;0;0.1;0.01;0;6.1988;0;0;-1
0;111;-50.5773;59.7299;-54.4338;10.0947;4308.92;6.0698;0;0;0.1;0.01;0;5.15199;0;0;-1
0;112;-38.66;-66.5846;-56.3469;9.78686;3926.62;5.8847;0;0;0.1;0.01;0;4.10115;0;0;-1
0;113;-38.3719;-51.0464;-54.569;9.22818;3291.83;5.54877;0;0;0.1;0.01;0;5.19009;0;0;-1
0;114;-36.553;-31.2267;-56.2477;9.62245;3732.03;5.78584;0;0;0.1;0.01;0;6.18052;0;0;-1
0;115;-36.5262;-14.8537;-55.7956;10.2702;4537.59;6.17532;0;0;0.1;0.01;0;6.81685;0;0;-1
0;116;-37.75;2.43513;-54.3767;8.98033;3033.65;5.39974;0;0;0.1;0.01;0;5.52303;0;0;-1
0;117;-36.0784;20.9948;-57.0163;10.2728;4541.04;6.17689;0;0;0.1;0.01;0;7.53828;0;0;-1
0;118;-35.2066;36.6516;-55.0684;8.75833;2814.18;5.26626;0;0;0.1;0.01;0;6.65396;0;0;-1
0;119;-36.997;51.2799;-56.5096;10.0445;4244.96;6.03961;0;0;0.1;0.01;0;6.946;0;0;-1
0;120;-35.9264;70.3104;-57.9293;10.4064;4720.52;6.25722;0;0;0.1;0.01;0;4.27395;0;0;-1
0;121;-23.9302;-76.0247;-57.3285;9.56038;3660.28;5.74852;0;0;0.1;0.01;0;3.14395;0;0;-1
0;122;-21.8288;-56.2143;-56.4055;9.42137;3502.92;5.66493;0;0;0.1;0.01;0;6.51115;0;0;-1
0;123;-21.0898;-40.4612;-54.8501;10.0066;4197.09;6.01682;0;0;0.1;0.01;0;6.98245;0;0;-1
0;124;-23.6219;-22.5375;-56.7404;9.91108;4078.04;5.95939;0;0;0.1;0.01;0;6.87649;0;0;-1
0;125;-21.5895;-7.15332;-56.3396;8.98657;3039.98;5.40349;0;0;0.1;0.01;0;5.62976;0;0;-1
0;126;-22.4089;9.00123;-55.9805;9.44496;3529.3;5.67912;0;0;0.1;0.01;0;4.80033;0;0;-1
0;127;-21.4001;25.5972;-55.5899;8.61865;2681.68;5.18227;0;0;0.1;0.01;0;5.26469;0;0;-1
0;128;-21.7816;42.3078;-56.7041;8.5;2572.44;5.11093;0;0;0.1;0.01;0;5.12214;1;0;-1
0;129;-22.1128;63.207;-54.4624;10.3642;4663.33;6.23184;0;0;0.1;0.01;0;7.13674;0;0;-1
0;130;-22.0264;77.976;-57.0182;9.14647;3205.16;5.49964;0;0;0.1;0.01;0;3.52594;0;0;-1
0;131;-9.2831;-80.7844;-56.0026;8.5;2572.44;5.11093;0;0;0.1;0.01;0;2.47176;1;0;-1
0;132;-5.76813;-65.6703;-55.7461;9.0412;3095.76;5.43634;0;0;0.1;0.01;0;4.74726;0;0;-1
0;133;-6.23366;-47.1145;-55.1238;9.62786;3738.33;5.78909;0;0;0.1;0.01;0;5.88335;0;0;-1
0;134;-8.77407;-29.918;-54.6163;9.80216;3945.06;5.8939;0;0;0.1;0.01;0;5.57638;0;0;-1
0;135;-8.94751;-14.1384;-55.4268;8.61231;2675.76;5.17846;0;0;0.1;0.01;0;5.8407;0;0;-1
0;136;-7.06646;0.36928;-56.7131;8.5;2572.44;5.11093;0;0;0.1;0.01;0;5.33829;1;0;-1
0;137;-5.92396;20.993;-55.1523;10.3787;4682.93;6.24056;0;0;0.1;0.01;0;6.33444;0;0;-1
0;138;-8.23877;36.9514;-55.4881;10.3709;4672.38;6.23587;0;0;0.1;0.01;0;6.41168;0;0;-1
0;139;-5.82961;54.9384;-55.108;10.4463;4775.03;6.28121;0;0;0.1;0.01;0;6.18398;0;0;-1
0;140;-8.71727;70.3286;-55.1345;8.9171;2970.02;5.36172;0;0;0.1;0.01;0;3.30193;0;0;-1
0;141;8.98369;-74.3209;-56.9006;8.95921;3012.3;5.38704;0;0;0.1;0.01;0;3.46866;0;0;-1
0;142;6.86192;-58.0825;-56.2134;9.9375;4110.74;5.97527;0;0;0.1;0.01;0;6.12709;0;0;-1
0;143;7.34043;-41.7067;-54.9319;8.5;2572.44;5.11093;0;0;0.1;0.01;0;4.38121;1;0;-1
0;144;9.40089;-22.7181;-56.6018;9.348;3421.72;5.62082;0;0;0.1;0.01;0;6.49453;0;0;-1
0;145;6.03245;-8.01858;-56.8586;9.37777;3454.52;5.63872;0;0;0.1;0.01;0;6.47272;0;0;-1
0;146;5.61191;9.72395;-55.2379;8.95394;3006.98;5.38387;0;0;0.1;0.01;0;4.2812;0;0;-1
0;147;8.44655;27.7505;-53.9574;10.1128;4332.14;6.08068;0;0;0.1;0.01;0;6.6769;0;0;-1
0;148;8.53461;44.976;-55.9755;10.2821;4553.38;6.18248;0;0;0.1;0.01;0;7.63792;0;0;-1
0;149;8.84279;59.8442;-57.7154;8.76315;2818.83;5.26915;0;0;0.1;0.01;0;5.80941;0;0;-1
0;150;8.56812;79.8442;-54.3402;9.33081;3402.88;5.61048;0;0;0.1;0.01;0;2.80748;0;0;-1
0;151;22.2784;-64.2617;-56.6603;9.79249;3933.4;5.88808;0;0;0.1;0.01;0;4.96746;0;0;-1
0;152;24.1773;-49.9875;-53.7216;8.97699;3030.27;5.39773;0;0;0.1;0.01;0;5.40014;0;0;-1
0;153;20.2901;-32.6138;-55.2858;9.10775;3164.62;5.47636;0;0;0.1;0.01;0;5.15398;0;0;-1
0;154;20.5217;-12.714;-57.3691;9.31056;3380.77;5.5983;0;0;0.1;0.01;0;6.00948;0;0;-1
0;155;23.6281;1.41878;-56.4408;9.29185;3360.43;5.58705;0;0;0.1;0.01;0;5.67931;0;0;-1
0;156;23.7508;20.6575;-55.7409;10.1452;4373.92;6.10016;0;0;0.1;0.01;0;6.42734;0;0;-1
0;157;22.687;38.2407;-56.2106;10.0929;4306.62;6.06871;0;0;0.1;0.01;0;7.0416;0;0;-1
0;158;22.9268;54.3756;-53.9806;10.4336;4757.64;6.27357;0;0;0.1;0.01;0;7.09789;0;0;-1
0;159;22.0521;70.5656;-57.6872;9.08793;3144.01;5.46444;0;0;0.1;0.01;0;2.47149;0;0;-1
0;160;38.569;-56.0259;-56.4227;9.06067;3115.8;5.44805;0;0;0.1;0.01;0;4.55424;0;0;-1
0;161;34.9357;-38.3563;-54.7188;8.60039;2664.67;5.17129;0;0;0.1;0.01;0;5.32628;0;0;-1
0;162;38.5231;-25.0986;-56.4526;9.04343;3098.05;5.43768;0;0;0.1;0.01;0;5.60502;0;0;-1
0;163;37.2091;-5.69144;-54.8297;8.57831;2644.2;5.15801;0;0;0.1;0.01;0;5.96672;0;0;-1
0;164;38.4598;8.33301;-55.407;9.23354;3297.56;5.55199;0;0;0.1;0.01;0;6.96359;0;0;-1
0;165;38.8668;25.4356;-54.6069;9.85015;4003.29;5.92275;0;0;0.1;0.01;0;6.32591;0;0;-1
0;166;36.7814;46.147;-56.647;9.17439;3234.6;5.51643;0;0;0.1;0.01;0;5.85607;0;0;-1
0;167;36.3636;60.7351;-54.1222;8.5;2572.44;5.11093;0;0;0.1;0.01;0;4.53842;1;0;-1
0;168;52.8862;-50.9599;-56.0594;8.97539;3028.65;5.39677;0;0;0.1;0.01;0;3.28665;0;0;-1
0;169;52.0666;-31.0893;-54.1355;9.95776;4135.93;5.98746;0;0;0.1;0.01;0;5.73184;0;0;-1
0;170;52.9095;-15.0628;-54.381;8.5;2572.44;5.11093;0;0;0.1;0.01;0;5.23015;1;0;-1
0;171;52.2483;0.0390573;-54.3846;9.99184;4178.54;6.00795;0;0;0.1;0.01;0;7.51513;0;0;-1
0;172;51.1937;18.0856;-56.0378;9.0008;3054.44;5.41205;0;0;0.1;0.01;0;6.79137;0;0;-1
0;173;52.9436;34.0731;-55.7707;9.24176;3306.38;5.55694;0;0;0.1;0.01;0;5.31032;0;0;-1
0;174;52.6977;55.2612;-56.5056;10.1122;4331.37;6.08032;0;0;0.1;0.01;0;4.26825;0;0;-1
0;175;64.6173;-40.8711;-56.6766;9.03274;3087.07;5.43126;0;0;0.1;0.01;0;2.99447;0;0;-1
0;176;67.2847;-25.0847;-56.1038;9.38578;3463.38;5.64353;0;0;0.1;0.01;0;4.42159;0;0;-1
0;177;67.7721;-4.49643;-55.1329;8.5;2572.44;5.11093;0;0;0.1;0.01;0;5.13883;1;0;-1
0;178;65.8294;11.9954;-53.8083;9.54477;3642.38;5.73913;0;0;0.1;0.01;0;5.87506;0;0;-1
0;179;66.0115;26.6459;-55.2798;8.5;2572.44;5.11093;0;0;0.1;0.01;0;3.89013;1;0;-1
0;180;64.7697;46.0629;-54.3201;9.81335;3958.59;5.90062;0;0;0.1;0.01;0;3.39716;0;0;-1
0;181;79.72;-16.8513;-56.7565;10.1836;4423.77;6.12325;0;0;0.1;0.01;0;2.82639;0;0;-1
0;182;82.2217;1.11987;-54.4701;8.92226;2975.18;5.36483;0;0;0.1;0.01;0;2.82638;0;0;-1
0;183;-87.5141;-21.6618;-40.6299;9.37018;3446.14;5.63415;0;0;0.1;0.01;0;3.14535;0;0;-1
0;184;-84.118;-8.17131;-40.1261;10.0307;4227.49;6.03131;0;0;0.1;0.01;0;5.21858;0;0;-1
0;185;-86.309;12.3506;-39.6283;9.63572;3747.5;5.79382;0;0;0.1;0.01;0;4.44106;0;0;-1
0;186;-86.6562;29.3353;-39.2297;9.84885;4001.71;5.92197;0;0;0.1;0.01;0;3.00538;0;0;-1
0;187;-70.1809;-48.0391;-39.6422;8.5;2572.44;5.11093;0;0;0.1;0.01;0;4.05651;1;0;-1
0;188;-72.1197;-33.9478;-41.5601;10.2288;4482.94;6.15043;0;0;0.1;0.01;0;5.02696;0;0;-1
0;189;-71.5945;-14.5672;-41.6319;8.5;2572.44;5.11093;0;0;0.1;0.01;0;5.38652;1;0;-1
0;190;-72.6804;3.61706;-40.9315;10.2704;4537.86;6.17544;0;0;0.1;0.01;0;7.38635;0;0;-1
0;191;-70.5085;19.0721;-42.0668;9.73679;3866.66;5.85459;0;0;0.1;0.01;0;6.24213;0;0;-1
0;192;-69.9898;37.0796;-42.9183;9.92192;4091.44;5.96591;0;0;0.1;0.01;0;5.68427;0;0;-1
0;193;-72.6591;51.3896;-41.1017;9.59208;3696.81;5.76758;0;0;0.1;0.01;0;3.09423;0;0;-1
0;194;-56.9533;-59.2047;-39.9344;10.3288;4615.71;6.21056;0;0;0.1;0.01;0;5.24847;0;0;-1
0;195;-56.7251;-39.4608;-41.8764;9.50868;3601.22;5.71743;0;0;0.1;0.01;0;6.64045;0;0;-1
0;196;-54.1663;-24.6425;-40.9081;9.31218;3382.54;5.59928;0;0;0.1;0.01;0;5.42134;0;0;-1
0;197;-57.4634;-7.32966;-42.0178;10.0834;4294.47;6.063;0;0;0.1;0.01;0;6.99092;0;0;-1
0;198;-55.064;9.53757;-39.8512;10.2811;4552.05;6.18188;0;0;0.1;0.01;0;6.71483;0;0;-1
0;199;-55.5407;25.8731;-41.5471;9.89022;4052.35;5.94685;0;0;0.1;0.01;0;6.11538;0;0;-1
0;200;-56.9728;42.6523;-40.1088;9.6706;3788.34;5.81479;0;0;0.1;0.01;0;6.5277;0;0;-1
0;201;-54.253;60.4476;-39.5902;9.62047;3729.73;5.78465;0;0;0.1;0.01;0;5.24121;0;0;-1
0;202;-40.5193;-80.6222;-40.9828;8.5;2572.44;5.11093;0;0;0.1;0.01;0;2.97228;1;0;-1
0;203;-41.6792;-65.9006;-39.2274;9.46189;3548.32;5.6893;0;0;0.1;0.01;0;6.38242;0;0;-1
0;204;-43.0528;-47.5215;-41.7168;8.5;2572.44;5.11093;0;0;0.1;0.01;0;4.90041;1;0;-1
0;205;-42.5715;-31.6895;-42.1988;8.64528;2706.61;5.19828;0;0;0.1;0.01;0;5.09515;0;0;-1
0;206;-40.2475;-13.4543;-40.6545;9.60474;3711.47;5.77519;0;0;0.1;0.01;0;6.10386;0;0;-1
0;207;-42.0122;1.95151;-39.9917;9.25091;3316.21;5.56244;0;0;0.1;0.01;0;6.47477;0;0;-1
0;208;-41.7829;19.6617;-42.4145;8.59492;2659.59;5.168;0;0;0.1;0.01;0;5.91352;0;0;-1
0;209;-41.4549;34.4602;-41.4049;8.78789;2842.77;5.28403;0;0;0.1;0.01;0;5.64345;0;0;-1
0;210;-40.2674;53.6166;-41.2181;9.53739;3633.94;5.73469;0;0;0.1;0.01;0;7.07246;0;0;-1
0;211;-40.8089;68.4807;-42.1391;10.3601;4657.8;6.22938;0;0;0.1;0.01;0;6.07956;0;0;-1
0;212;-27.661;-72.965;-42.8788;9.39388;3472.35;5.6484;0;0;0.1;0.01;0;6.10687;0;0;-1
0;213;-28.1428;-57.7295;-40.459;10.4418;4768.86;6.2785;0;0;0.1;0.01;0;7.09423;0;0;-1
0;214;-25.2978;-38.5061;-42.368;9.23225;3296.18;5.55122;0;0;0.1;0.01;0;5.32811;0;0;-1
0;215;-25.0112;-22.3769;-39.8174;9.9908;4177.24;6.00732;0;0;0.1;0.01;0;6.3906;0;0;-1
0;216;-24.7438;-5.17705;-40.6495;8.87426;2927.42;5.33596;0;0;0.1;0.01;0;5.61466;0;0;-1
0;217;-25.4515;9.75784;-41.041;8.5;2572.44;5.11093;0;0;0.1;0.01;0;4.04216;1;0;-1
0;218;-28.1757;27.0184;-42.0143;9.3773;3454;5.63843;0;0;0.1;0.01;0;5.48959;0;0;-1
0;219;-27.2187;44.1206;-42.0981;9.59228;3697.04;5.7677;0;0;0.1;0.01;0;6.10585;0;0;-1
0;220;-27.558;60.537;-40.7646;9.41372;3494.4;5.66033;0;0;0.1;0.01;0;7.06713;0;0;-1
0;221;-25.0118;77.1717;-42.0773;9.57316;3674.98;5.7562;0;0;0.1;0.01;0;5.2449;0;0;-1
0;222;-12.9874;-83.1457;-42.1684;8.61093;2674.48;5.17763;0;0;0.1;0.01;0;4.03594;0;0;-1
0;223;-12.9506;-67.6052;-39.7422;10.0617;4266.8;6.04995;0;0;0.1;0.01;0;6.69556;0;0;-1
0;224;-12.3935;-49.3774;-41.8371;9.18212;3242.78;5.52108;0;0;0.1;0.01;0;5.31936;0;0;-1
0;225;-9.78529;-33.3309;-39.8378;9.50911;3601.71;5.71769;0;0;0.1;0.01;0;6.11718;0;0;-1
0;226;-13.0678;-15.5108;-40.7617;8.69144;2750.2;5.22604;0;0;0.1;0.01;0;6.37407;0;0;-1
0;227;-11.0647;0.256163;-41.4496;8.66025;2720.7;5.20728;0;0;0.1;0.01;0;5.45459;0;0;-1
0;228;-12.5346;20.0302;-39.3431;9.95302;4130.03;5.98461;0;0;0.1;0.01;0;6.16111;0;0;-1
0;229;-9.96218;34.3093;-39.7701;8.5;2572.44;5.11093;0;0;0.1;0.01;0;6.08811;1;0;-1
0;230;-11.5624;52.9654;-39.3556;10.1789;4417.65;6.12042;0;0;0.1;0.01;0;6.47107;0;0;-1
0;231;-11.0992;70.7573;-40.0367;9.43087;3513.53;5.67065;0;0;0.1;0.01;0;5.57558;0;0;-1
0;232;-9.78986;87.1035;-39.9581;8.5;2572.44;5.11093;0;0;0.1;0.01;0;2.38788;1;0;-1
0;233;2.81932;-89.5403;-42.052;9.11671;3173.97;5.48175;0;0;0.1;0.01;0;2.88311;0;0;-1
0;234;4.68189;-74.9279;-41.1613;8.55271;2620.59;5.14262;0;0;0.1;0.01;0;5.17752;0;0;-1
0;235;2.01344;-59.759;-39.3822;9.47364;3561.55;5.69636;0;0;0.1;0.01;0;5.41953;0;0;-1
0;236;3.62909;-40.7652;-39.8046;8.5;2572.44;5.11093;0;0;0.1;0.01;0;4.84991;1;0;-1
0;237;4.67399;-25.2808;-39.5134;9.5216;3615.92;5.7252;0;0;0.1;0.01;0;6.13855;0;0;-1
0;238;1.2321;-8.0809;-42.4274;10.2613;4525.8;6.16997;0;0;0.1;0.01;0;6.26745;0;0;-1
0;239;3.21245;10.4483;-41.0102;8.61838;2681.42;5.18211;0;0;0.1;0.01;0;4.37132;0;0;-1
0;240;4.07413;27.1875;-39.4746;8.90471;2957.66;5.35427;0;0;0.1;0.01;0;6.72753;0;0;-1
0;241;1.22564;43.0301;-40.2742;10.0973;4312.25;6.07136;0;0;0.1;0.01;0;7.97675;0;0;-1
0;242;1.51976;60.6198;-40.9778;8.5;2572.44;5.11093;0;0;0.1;0.01;0;5.36155;1;0;-1
0;243;3.95306;76.3823;-41.0734;9.14274;3201.24;5.4974;0;0;0.1;0.01;0;5.26426;0;0;-1
0;244;17.6738;-82.3275;-42.0923;8.5;2572.44;5.11093;0;0;0.1;0.01;0;3.29495;1;0;-1
0;245;18.214;-65.4539;-39.2874;10.2625;4527.39;6.17069;0;0;0.1;0.01;0;5.88571;0;0;-1
0;246;17.9189;-46.4631;-40.8055;8.89095;2943.97;5.346;0;0;0.1;0.01;0;5.26676;0;0;-1
0;247;17.8363;-31.7643;-41.158;8.5;2572.44;5.11093;0;0;0.1;0.01;0;5.83876;1;0;-1
0;248;19.0995;-15.4974;-41.7711;9.48375;3572.97;5.70244;0;0;0.1;0.01;0;5.92388;0;0;-1
0;249;19.7504;1.94438;-42.1547;9.10927;3166.21;5.47727;0;0;0.1;0.01;0;4.69244;0;0;-1
0;250;17.6619;17.73;-40.5178;9.27102;3337.88;5.57453;0;0;0.1;0.01;0;5.59815;0;0;-1
0;251;19.0267;36.7146;-42.8415;9.9124;4079.67;5.96018;0;0;0.1;0.01;0;7.63219;0;0;-1
0;252;16.796;52.0158;-39.6914;10.0976;4312.64;6.07154;0;0;0.1;0.01;0;7.44038;0;0;-1
0;253;18.7628;68.4687;-41.1957;10.3155;4597.9;6.20256;0;0;0.1;0.01;0;5.9415;0;0;-1
0;254;16.4116;87.4207;-41.1274;10.0767;4285.92;6.05897;0;0;0.1;0.01;0;3.14598;0;0;-1
0;255;32.9509;-75.63;-42.5002;8.64912;2710.22;5.20059;0;0;0.1;0.01;0;2.25262;0;0;-1
0;256;30.5634;-56.4919;-40.5216;9.0958;3152.18;5.46917;0;0;0.1;0.01;0;6.27964;0;0;-1
0;257;33.7164;-41.1821;-40.4686;10.005;4195.08;6.01586;0;0;0.1;0.01;0;7.6536;0;0;-1
0;258;32.7748;-25.2925;-41.5713;10.1242;4346.81;6.08753;0;0;0.1;0.01;0;7.40638;0;0;-1
0;259;33.7359;-8.05037;-42.0275;8.5;2572.44;5.11093;0;0;0.1;0.01;0;4.72602;1;0;-1
0;260;33.8448;10.0367;-42.2898;8.5;2572.44;5.11093;0;0;0.1;0.01;0;5.10152;1;0;-1
0;261;33.8458;29.5198;-39.8762;8.93213;2985.06;5.37076;0;0;0.1;0.01;0;6.03229;0;0;-1
0;262;32.9455;46.1541;-39.4212;10.038;4236.72;6.0357;0;0;0.1;0.01;0;7.76684;0;0;-1
0;263;33.9183;60.0844;-39.7089;9.38769;3465.49;5.64468;0;0;0.1;0.01;0;6.2077;0;0;-1
0;264;33.5523;79.8418;-40.4253;8.95437;3007.42;5.38413;0;0;0.1;0.01;0;2.74596;0;0;-1
0;265;47.825;-65.2735;-41.6052;8.94443;2997.41;5.37816;0;0;0.1;0.01;0;2.46751;0;0;-1
0;266;47.1418;-47.7046;-39.9477;9.52788;3623.08;5.72898;0;0;0.1;0.01;0;5.80491;0;0;-1
0;267;47.766;-30.2374;-39.2225;10.3176;4600.71;6.20382;0;0;0.1;0.01;0;7.66037;0;0;-1
0;268;46.7896;-14.9398;-42.5841;10.067;4273.55;6.05314;0;0;0.1;0.01;0;7.78022;0;0;-1
0;269;46.0803;2.87561;-42.1825;8.5;2572.44;5.11093;0;0;0.1;0.01;0;6.20118;1;0;-1
0;270;47.759;16.8709;-43.0422;10.1627;4396.59;6.11068;0;0;0.1;0.01;0;7.43804;0;0;-1
0;271;46.8476;37.9661;-41.1004;9.52653;3621.54;5.72816;0;0;0.1;0.01;0;6.19071;0;0;-1
0;272;46.7024;52.1405;-42.8745;9.67637;3795.12;5.81826;0;0;0.1;0.01;0;6.60524;0;0;-1
0;273;46.8331;69.2623;-39.8985;9.92643;4097.02;5.96862;0;0;0.1;0.01;0;4.49506;0;0;-1
0;274;60.3723;-55.3663;-39.3285;9.8308;3979.74;5.91112;0;0;0.1;0.01;0;4.74567;0;0;-1
0;275;63.9914;-41.6906;-39.8279;8.94562;2998.61;5.37887;0;0;0.1;0.01;0;4.28153;0;0;-1
0;276;61.2095;-23.3538;-39.8289;8.55006;2618.16;5.14103;0;0;0.1;0.01;0;5.54361;0;0;-1
0;277;63.4144;-7.79626;-42.3302;9.67674;3795.56;5.81848;0;0;0.1;0.01;0;6.80357;0;0;-1
0;278;63.6008;8.23046;-39.4652;10.0114;4203.13;6.01971;0;0;0.1;0.01;0;6.55958;0;0;-1
0;279;63.0214;26.1905;-42.2775;10.0357;4233.81;6.03432;0;0;0.1;0.01;0;6.07518;0;0;-1
0;280;61.5499;42.1386;-41.1954;8.88075;2933.85;5.33987;0;0;0.1;0.01;0;5.08256;0;0;-1
0;281;61.9948;60.4228;-42.4644;9.23144;3295.32;5.55073;0;0;0.1;0.01;0;3.67819;0;0;-1
0;282;74.9462;-32.496;-43.1685;9.0112;3065.04;5.4183;0;0;0.1;0.01;0;3.2172;0;0;-1
0;283;77.7408;-14.9998;-41.1228;8.62851;2690.89;5.1882;0;0;0.1;0.01;0;4.46517;0;0;-1
0;284;76.33;-0.0849676;-41.4705;10.2851;4557.37;6.18428;0;0;0.1;0.01;0;6.87564;0;0;-1
0;285;78.7424;19.7255;-42.8271;8.99017;3043.63;5.40566;0;0;0.1;0.01;0;3.3311;0;0;-1
0;286;76.5343;34.3373;-41.944;9.23964;3304.1;5.55566;0;0;0.1;0.01;0;3.54153;0;0;-1
0;287;90.5183;-4.55633;-40.5365;8.7003;2758.62;5.23136;0;0;0.1;0.01;0;2.23126;0;0;-1
0;288;-95.129;-13.5118;-24.7;8.77145;2826.85;5.27415;0;0;0.1;0.01;0;3.17416;0;0;-1
0;289;-95.634;1.25084;-26.0981;9.92316;4092.97;5.96665;0;0;0.1;0.01;0;3.87479;0;0;-1
0;290;-80.8683;-41.501;-24.6598;9.90428;4069.65;5.9553;0;0;0.1;0.01;0;2.8879;0;0;-1
0;291;-81.7974;-23.4436;-27.3447;9.5595;3659.27;5.74799;0;0;0.1;0.01;0;3.86424;0;0;-1
0;292;-78.9061;-4.65443;-26.4835;10.0423;4242.17;6.03829;0;0;0.1;0.01;0;5.59138;0;0;-1
0;293;-82.5742;10.9704;-26.4507;10.1274;4350.93;6.08946;0;0;0.1;0.01;0;6.28622;0;0;-1
0;294;-82.4146;27.6799;-25.1463;10.0349;4232.8;6.03384;0;0;0.1;0.01;0;5.0277;0;0;-1
0;295;-80.4042;44.5638;-28.1129;9.88358;4044.19;5.94285;0;0;0.1;0.01;0;3.28388;0;0;-1
0;296;-64.0805;-67.8777;-25.9953;8.5;2572.44;5.11093;0;0;0.1;0.01;0;2.51702;1;0;-1
0;297;-64.3779;-48.9954;-26.1262;8.77835;2833.53;5.27829;0;0;0.1;0.01;0;4.35777;0;0;-1
0;298;-64.5296;-31.2653;-25.4602;9.74862;3880.77;5.8617;0;0;0.1;0.01;0;5.46788;0;0;-1
0;299;-64.4875;-12.8919;-26.9894;9.28066;3348.31;5.58033;0;0;0.1;0.01;0;5.55783;0;0;-1
0;300;-66.079;4.44394;-26.0305;8.5;2572.44;5.11093;0;0;0.1;0.01;0;5.94019;1;0;-1
0;301;-65.4699;20.2225;-26.9324;8.59094;2655.89;5.16561;0;0;0.1;0.01;0;5.71276;0;0;-1
0;302;-64.6862;35.2183;-27.1754;10.0497;4251.56;6.04274;0;0;0.1;0.01;0;6.31137;0;0;-1
0;303;-64.5503;50.9139;-26.2262;9.27992;3347.51;5.57988;0;0;0.1;0.01;0;5.7502;0;0;-1
0;304;-66.6777;68.6669;-26.7129;9.4554;3541.02;5.68539;0;0;0.1;0.01;0;2.15091;0;0;-1
0;305;-49.7082;-72.5008;-27.7897;8.99661;3050.18;5.40953;0;0;0.1;0.01;0;5.22977;0;0;-1
0;306;-49.616;-58.1737;-26.2881;9.25063;3315.91;5.56227;0;0;0.1;0.01;0;6.29451;0;0;-1
0;307;-51.5434;-39.711;-26.3436;9.3425;3415.69;5.61751;0;0;0.1;0.01;0;6.00814;0;0;-1
0;308;-52.4125;-23.1157;-27.5548;9.77632;3913.95;5.87836;0;0;0.1;0.01;0;6.55472;0;0;-1
0;309;-50.4836;-7.03516;-27.8118;9.73264;3861.72;5.8521;0;0;0.1;0.01;0;6.61064;0;0;-1
0;310;-53.0218;8.64983;-26.3268;8.9409;2993.87;5.37603;0;0;0.1;0.01;0;5.4885;0;0;-1
0;311;-51.1154;26.788;-24.4678;9.14375;3202.3;5.498;0;0;0.1;0.01;0;5.57931;0;0;-1
0;312;-49.9868;45.5137;-24.8779;9.78011;3918.5;5.88064;0;0;0.1;0.01;0;7.33859;0;0;-1
0;313;-50.6693;62.4862;-25.578;8.75947;2815.28;5.26694;0;0;0.1;0.01;0;6.08454;0;0;-1
0;314;-51.7951;78.4825;-28.2602;8.72318;2780.44;5.24512;0;0;0.1;0.01;0;2.65077;0;0;-1
0;315;-36.4334;-82.1749;-26.5212;10.3133;4594.96;6.20124;0;0;0.1;0.01;0;6.19593;0;0;-1
0;316;-34.9854;-67.3053;-26.8027;8.88636;2939.41;5.34324;0;0;0.1;0.01;0;6.99131;0;0;-1
0;317;-38.3691;-47.1094;-27.1468;10.1598;4392.83;6.10894;0;0;0.1;0.01;0;5.71259;0;0;-1
0;318;-36.058;-30.0832;-26.0765;9.32899;3400.89;5.60939;0;0;0.1;0.01;0;6.11468;0;0;-1
0;319;-34.6334;-13.7602;-26.8009;8.77558;2830.85;5.27663;0;0;0.1;0.01;0;5.01553;0;0;-1
0;320;-36.5864;4.31731;-27.4471;8.5;2572.44;5.11093;0;0;0.1;0.01;0;4.19431;1;0;-1
0;321;-38.3613;18.5468;-27.4801;9.50184;3593.45;5.71332;0;0;0.1;0.01;0;5.45443;0;0;-1
0;322;-38.2455;34.5881;-25.173;8.5;2572.44;5.11093;0;0;0.1;0.01;0;5.50289;1;0;-1
0;323;-37.6481;52.2729;-27.8684;9.223;3286.29;5.54566;0;0;0.1;0.01;0;6.07447;0;0;-1
0;324;-38.2124;67.7248;-25.761;8.5;2572.44;5.11093;0;0;0.1;0.01;0;4.48452;1;0;-1
0;325;-35.5395;85.846;-24.9526;10.2803;4550.99;6.1814;0;0;0.1;0.01;0;3.74571;0;0;-1
0;326;-21.7845;-90.776;-25.2878;10.3383;4628.45;6.21627;0;0;0.1;0.01;0;3.98752;0;0;-1
0;327;-20.5801;-73.0901;-27.023;10.1729;4409.84;6.11682;0;0;0.1;0.01;0;8.27762;0;0;-1
0;328;-20.3481;-59.1626;-26.3089;9.74517;3876.65;5.85963;0;0;0.1;0.01;0;7.2679;0;0;-1
0;329;-22.0151;-40.5885;-26.658;8.61701;2680.15;5.18128;0;0;0.1;0.01;0;4.98759;0;0;-1
0;330;-21.3618;-21.1077;-24.977;10.094;4308.03;6.06938;0;0;0.1;0.01;0;6.84142;0;0;-1
0;331;-19.722;-5.48425;-28.0825;8.5;2572.44;5.11093;0;0;0.1;0.01;0;4.64951;1;0;-1
0;332;-21.3117;11.81;-25.7713;8.5;2572.44;5.11093;0;0;0.1;0.01;0;4.00174;1;0;-1
0;333;-22.7751;28.7616;-27.7836;8.64731;2708.52;5.1995;0;0;0.1;0.01;0;5.10123;0;0;-1
0;334;-21.2716;44.7718;-27.8829;9.74786;3879.86;5.86125;0;0;0.1;0.01;0;5.84115;0;0;-1
0;335;-21.6901;62.1721;-26.6133;9.66986;3787.47;5.81435;0;0;0.1;0.01;0;6.33913;0;0;-1
0;336;-22.839;78.7563;-27.9126;9.43208;3514.88;5.67137;0;0;0.1;0.01;0;5.6305;0;0;-1
0;337;-5.9415;-81.2666;-28.6472;9.37792;3454.68;5.63881;0;0;0.1;0.01;0;6.09384;0;0;-1
0;338;-7.90814;-66.6034;-26.3328;9.47884;3567.42;5.69949;0;0;0.1;0.01;0;6.6894;0;0;-1
0;339;-8.56216;-48.5922;-24.3796;9.13807;3196.33;5.49459;0;0;0.1;0.01;0;5.18412;0;0;-1
0;340;-8.20262;-29.6905;-25.5474;8.77274;2828.1;5.27492;0;0;0.1;0.01;0;5.56621;0;0;-1
0;341;-6.01084;-13.327;-27.8113;9.41095;3491.31;5.65867;0;0;0.1;0.01;0;6.5976;0;0;-1
0;342;-5.49373;1.92945;-27.645;8.53399;2603.42;5.13136;0;0;0.1;0.01;0;5.70968;0;0;-1
0;343;-6.60938;21.1265;-25.6311;9.60397;3710.57;5.77473;0;0;0.1;0.01;0;6.69991;0;0;-1
0;344;-7.09392;35.4081;-27.0983;9.34522;3418.67;5.61915;0;0;0.1;0.01;0;7.48377;0;0;-1
0;345;-7.93367;51.5134;-26.0276;8.65073;2711.73;5.20156;0;0;0.1;0.01;0;5.60983;0;0;-1
0;346;-9.34344;72.1634;-24.4868;8.6207;2683.59;5.1835;0;0;0.1;0.01;0;5.038;0;0;-1
0;347;-9.09815;88.2432;-25.6708;8.64271;2704.2;5.19674;0;0;0.1;0.01;0;3.96999;0;0;-1
0;348;9.34701;-90.4763;-25.4106;10.3115;4592.55;6.20016;0;0;0.1;0.01;0;4.27675;0;0;-1
0;349;6.59478;-75.7942;-25.3204;9.7822;3921.01;5.88189;0;0;0.1;0.01;0;6.67494;0;0;-1
0;350;9.44434;-58.6614;-25.7689;9.33001;3402;5.61;0;0;0.1;0.01;0;5.80839;0;0;-1
0;351;5.72937;-40.03;-25.3931;9.62018;3729.39;5.78447;0;0;0.1;0.01;0;6.09779;0;0;-1
0;352;8.26413;-25.519;-26.5948;8.72878;2785.8;5.24849;0;0;0.1;0.01;0;5.86087;0;0;-1
0;353;9.02456;-8.76574;-27.6961;10.2426;4501.11;6.15873;0;0;0.1;0.01;0;6.79884;0;0;-1
0;354;5.51555;9.93246;-25.5134;9.14542;3204.05;5.49901;0;0;0.1;0.01;0;4.58487;0;0;-1
0;355;9.4349;29.3303;-27.6625;10.081;4291.4;6.06156;0;0;0.1;0.01;0;6.86107;0;0;-1
0;356;6.25296;44.045;-25.2417;10.3766;4680.09;6.2393;0;0;0.1;0.01;0;7.20032;0;0;-1
0;357;6.8725;63.4114;-24.6189;10.1832;4423.25;6.12301;0;0;0.1;0.01;0;6.80679;0;0;-1
0;358;5.89538;78.2853;-28.0036;9.05381;3108.73;5.44392;0;0;0.1;0.01;0;5.55846;0;0;-1
0;359;8.24169;95.6202;-26.8461;10.0208;4214.98;6.02536;0;0;0.1;0.01;0;2.99631;0;0;-1
0;360;22.5772;-82.3658;-25.2155;9.14669;3205.39;5.49977;0;0;0.1;0.01;0;4.65879;0;0;-1
0;361;23.7034;-65.8988;-25.4741;9.51617;3609.73;5.72193;0;0;0.1;0.01;0;5.43819;0;0;-1
0;362;23.2762;-47.29;-27.4365;10.114;4333.69;6.0814;0;0;0.1;0.01;0;6.25959;0;0;-1
0;363;22.7945;-31.7634;-26.0454;9.7203;3847.05;5.84468;0;0;0.1;0.01;0;6.89803;0;0;-1
0;364;22.1292;-16.0937;-25.5869;10.0142;4206.66;6.02139;0;0;0.1;0.01;0;6.73094;0;0;-1
0;365;22.3149;1.01456;-26.8048;9.03568;3090.09;5.43302;0;0;0.1;0.01;0;5.17161;0;0;-1
0;366;23.3871;18.1903;-28.0111;9.62583;3735.97;5.78787;0;0;0.1;0.01;0;6.25442;0;0;-1
0;367;23.2481;34.9357;-27.5186;9.48752;3577.23;5.70471;0;0;0.1;0.01;0;7.41924;0;0;-1
0;368;20.5943;51.1102;-24.518;9.78732;3927.17;5.88497;0;0;0.1;0.01;0;6.26127;0;0;-1
0;369;20.2909;69.154;-26.9553;9.41126;3491.66;5.65885;0;0;0.1;0.01;0;5.36167;0;0;-1
0;370;23.3599;84.5737;-24.8064;9.48309;3572.22;5.70204;0;0;0.1;0.01;0;4.90016;0;0;-1
0;371;38.0661;-75.9943;-27.1023;9.08221;3138.07;5.461;0;0;0.1;0.01;0;3.94022;0;0;-1
0;372;35.2264;-56.9172;-27.0379;8.68961;2748.46;5.22494;0;0;0.1;0.01;0;5.60745;0;0;-1
0;373;37.5314;-39.94;-26.8235;9.92192;4091.44;5.96591;0;0;0.1;0.01;0;7.96817;0;0;-1
0;374;37.6933;-23.167;-27.6867;9.98008;4163.81;6.00088;0;0;0.1;0.01;0;7.59091;0;0;-1
0;375;37.4551;-7.2091;-24.8397;9.68117;3800.77;5.82115;0;0;0.1;0.01;0;6.57163;0;0;-1
0;376;35.1288;8.91388;-26.7908;8.8148;2868.97;5.30021;0;0;0.1;0.01;0;5.30847;0;0;-1
0;377;37.2268;25.387;-24.7111;9.96675;4147.15;5.99286;0;0;0.1;0.01;0;6.8786;0;0;-1
0;378;37.0137;42.1403;-27.0967;9.84583;3998.03;5.92015;0;0;0.1;0.01;0;6.57819;0;0;-1
0;379;38.4497;63.6783;-24.901;8.5;2572.44;5.11093;0;0;0.1;0.01;0;4.58404;1;0;-1
0;380;36.7514;78.8129;-24.8784;8.5;2572.44;5.11093;0;0;0.1;0.01;0;4.35157;1;0;-1
0;381;50.4387;-66.6481;-24.7863;10.2137;4463.11;6.14135;0;0;0.1;0.01;0;5.56949;0;0;-1
0;382;49.9632;-50.7718;-25.2907;10.1728;4409.71;6.11676;0;0;0.1;0.01;0;6.85309;0;0;-1
0;383;50.0739;-33.4186;-25.0321;8.55599;2623.61;5.14459;0;0;0.1;0.01;0;5.2039;0;0;-1
0;384;52.7138;-15.5625;-26.8604;9.21838;3281.35;5.54288;0;0;0.1;0.01;0;6.25977;0;0;-1
0;385;51.8195;1.7353;-28.3352;10.0155;4208.3;6.02217;0;0;0.1;0.01;0;7.16977;0;0;-1
0;386;50.1112;17.795;-28.5133;9.04577;3100.45;5.43909;0;0;0.1;0.01;0;6.16771;0;0;-1
0;387;50.3082;34.8932;-25.071;9.38364;3461.01;5.64225;0;0;0.1;0.01;0;5.57699;0;0;-1
0;388;52.9831;54.7635;-24.6936;8.65695;2717.59;5.2053;0;0;0.1;0.01;0;4.3959;0;0;-1
0;389;52.2007;72.6218;-26.942;9.78828;3928.33;5.88555;0;0;0.1;0.01;0;4.37838;0;0;-1
0;390;66.3597;-59.2036;-27.6336;8.99162;3045.11;5.40653;0;0;0.1;0.01;0;4.1324;0;0;-1
0;391;66.6356;-42.2286;-25.0416;8.84857;2902.07;5.32052;0;0;0.1;0.01;0;5.48421;0;0;-1
0;392;67.4828;-23.2455;-24.8716;10.3678;4668.19;6.23401;0;0;0.1;0.01;0;6.53704;0;0;-1
0;393;65.5552;-5.59959;-26.9275;8.9529;3005.94;5.38325;0;0;0.1;0.01;0;6.83957;0;0;-1
0;394;66.5826;9.45673;-25.0906;9.2484;3313.51;5.56093;0;0;0.1;0.01;0;5.82351;0;0;-1
0;395;64.874;25.4091;-25.603;9.8348;3984.6;5.91352;0;0;0.1;0.01;0;4.8104;0;0;-1
0;396;66.3826;46.5036;-25.9006;10.0347;4232.55;6.03372;0;0;0.1;0.01;0;5.81732;0;0;-1
0;397;65.0724;62.2763;-27.5199;10.0508;4252.95;6.0434;0;0;0.1;0.01;0;4.96801;0;0;-1
0;398;79.4179;-51.2633;-25.8195;10.1042;4321.1;6.07551;0;0;0.1;0.01;0;2.17786;0;0;-1
0;399;81.8806;-34.2042;-24.8297;10.2512;4512.45;6.1639;0;0;0.1;0.01;0;3.41526;0;0;-1
0;400;80.7502;-16.8136;-25.3457;8.88357;2936.64;5.34156;0;0;0.1;0.01;0;4.46933;0;0;-1
0;401;79.7975;-0.231542;-26.2381;9.30496;3374.68;5.59494;0;0;0.1;0.01;0;4.87255;0;0;-1
0;402;83.2148;17.7966;-25.2692;9.79833;3940.44;5.89159;0;0;0.1;0.01;0;4.14588;0;0;-1
0;403;79.0968;33.7618;-27.9919;8.5;2572.44;5.11093;0;0;0.1;0.01;0;3.36694;1;0;-1
0;404;79.3734;54.6236;-26.544;10.3516;4646.34;6.22427;0;0;0.1;0.01;0;2.70675;0;0;-1
0;405;-98.4426;0.959981;-11.8067;10.2755;4544.62;6.17851;0;0;0.1;0.01;0;3.70469;0;0;-1
0;406;-84.2843;-42.0885;-11.2528;9.08598;3141.98;5.46327;0;0;0.1;0.01;0;3.46781;0;0;-1
0;407;-84.3736;-23.5398;-10.3033;10.4098;4725.15;6.25926;0;0;0.1;0.01;0;5.70452;0;0;-1
0;408;-85.2187;-7.1354;-12.482;8.91246;2965.39;5.35893;0;0;0.1;0.01;0;5.26872;0;0;-1
0;409;-83.3469;11.6453;-11.9337;10.149;4378.83;6.10245;0;0;0.1;0.01;0;5.92249;0;0;-1
0;410;-84.8087;29.1454;-12.4327;8.5;2572.44;5.11093;0;0;0.1;0.01;0;4.12957;1;0;-1
0;411;-84.0311;42.4966;-11.314;9.39125;3469.44;5.64682;0;0;0.1;0.01;0;4.12703;0;0;-1
0;412;-70.8119;-68.4401;-10.0646;8.78734;2842.24;5.2837;0;0;0.1;0.01;0;2.13522;0;0;-1
0;413;-69.2283;-49.2648;-11.994;9.51949;3613.51;5.72393;0;0;0.1;0.01;0;4.76894;0;0;-1
0;414;-69.8921;-32.5584;-10.1362;9.37135;3447.43;5.63486;0;0;0.1;0.01;0;6.79769;0;0;-1
0;415;-72.1617;-15.7396;-11.6942;9.40543;3485.17;5.65535;0;0;0.1;0.01;0;6.58664;0;0;-1
0;416;-70.7958;3.17197;-10.3109;8.76929;2824.76;5.27285;0;0;0.1;0.01;0;6.07189;0;0;-1
0;417;-68.3519;17.3737;-12.9523;8.58719;2652.42;5.16335;0;0;0.1;0.01;0;4.93257;0;0;-1
0;418;-69.4918;36.468;-11.9876;9.59908;3704.91;5.77179;0;0;0.1;0.01;0;6.33988;0;0;-1
0;419;-71.9205;53.7831;-13.0248;8.9755;3028.76;5.39684;0;0;0.1;0.01;0;4.41673;0;0;-1
0;420;-54.2877;-75.1313;-9.71966;8.85847;2911.82;5.32647;0;0;0.1;0.01;0;3.81506;0;0;-1
0;421;-56.6162;-58.2371;-12.3502;9.39962;3478.72;5.65186;0;0;0.1;0.01;0;5.38584;0;0;-1
0;422;-57.3294;-39.2011;-10.3211;8.57706;2643.04;5.15726;0;0;0.1;0.01;0;5.56684;0;0;-1
0;423;-57.3134;-23.9532;-11.8582;8.5;2572.44;5.11093;0;0;0.1;0.01;0;5.49203;1;0;-1
0;424;-55.2362;-7.21849;-11.8135;9.00601;3059.75;5.41518;0;0;0.1;0.01;0;5.50115;0;0;-1
0;425;-54.3076;8.59895;-12.5443;10.0595;4264.01;6.04863;0;0;0.1;0.01;0;5.98827;0;0;-1
0;426;-57.345;29.7686;-12.817;8.5;2572.44;5.11093;0;0;0.1;0.01;0;5.63794;1;0;-1
0;427;-55.1152;44.724;-11.8321;9.28257;3350.37;5.58147;0;0;0.1;0.01;0;6.85553;0;0;-1
0;428;-57.9507;60.0342;-10.6843;9.74725;3879.14;5.86088;0;0;0.1;0.01;0;5.44944;0;0;-1
0;429;-42.7891;-83.6444;-13.2586;10.0889;4301.5;6.06631;0;0;0.1;0.01;0;4.25688;0;0;-1
0;430;-39.3557;-64.6299;-11.5694;9.79525;3936.73;5.88974;0;0;0.1;0.01;0;5.6103;0;0;-1
0;431;-41.0512;-49.3527;-10.6939;8.52157;2592.07;5.1239;0;0;0.1;0.01;0;5.07927;0;0;-1
0;432;-41.2235;-32.6061;-12.3619;9.80366;3946.87;5.8948;0;0;0.1;0.01;0;6.13907;0;0;-1
0;433;-42.0817;-14.3474;-13.519;10.014;4206.41;6.02127;0;0;0.1;0.01;0;6.08395;0;0;-1
0;434;-40.9208;3.06818;-10.7891;9.48602;3575.53;5.70381;0;0;0.1;0.01;0;5.76925;0;0;-1
0;435;-39.4034;20.0894;-11.2103;10.0097;4200.99;6.01869;0;0;0.1;0.01;0;6.27576;0;0;-1
0;436;-42.1304;36.9067;-13.1698;9.33057;3402.62;5.61034;0;0;0.1;0.01;0;7.20012;0;0;-1
0;437;-42.6546;52.2149;-12.6253;8.5;2572.44;5.11093;0;0;0.1;0.01;0;5.05312;1;0;-1
0;438;-43.0046;70.686;-12.5481;8.74544;2801.78;5.25851;0;0;0.1;0.01;0;4.72223;0;0;-1
0;439;-43.2548;85.1325;-13.3343;8.5;2572.44;5.11093;0;0;0.1;0.01;0;3.42477;1;0;-1
0;440;-27.9025;-93.1835;-13.084;9.62079;3730.1;5.78484;0;0;0.1;0.01;0;4.31688;0;0;-1
0;441;-28.145;-76.8719;-13.006;10.1441;4372.49;6.0995;0;0;0.1;0.01;0;7.05587;0;0;-1
0;442;-24.6968;-56.5757;-12.288;10.3899;4698.1;6.2473;0;0;0.1;0.01;0;7.30781;0;0;-1
0;443;-27.3665;-41.7532;-10.189;10.4383;4764.07;6.2764;0;0;0.1;0.01;0;7.63307;0;0;-1
0;444;-26.6313;-22.2857;-11.8641;10.2193;4470.46;6.14472;0;0;0.1;0.01;0;6.64798;0;0;-1
0;445;-24.9558;-7.30432;-10.3192;8.54228;2611.02;5.13635;0;0;0.1;0.01;0;4.69788;0;0;-1
0;446;-25.1399;9.14886;-10.2571;9.43114;3513.83;5.67081;0;0;0.1;0.01;0;5.17492;0;0;-1
0;447;-27.4338;28.4665;-10.5805;10.2555;4518.13;6.16648;0;0;0.1;0.01;0;6.15127;0;0;-1
0;448;-28.3083;42.9602;-10.7811;9.06343;3118.65;5.44971;0;0;0.1;0.01;0;5.62729;0;0;-1
0;449;-24.4459;59.0679;-12.8454;8.80537;2859.77;5.29454;0;0;0.1;0.01;0;4.53545;0;0;-1
0;450;-24.7778;77.7012;-12.2452;9.85517;4009.41;5.92577;0;0;0.1;0.01;0;6.45099;0;0;-1
0;451;-24.8595;94.6706;-14.0163;10.1999;4445.05;6.13305;0;0;0.1;0.01;0;3.54455;0;0;-1
0;452;-13.5476;-83.3059;-11.0855;8.5;2572.44;5.11093;0;0;0.1;0.01;0;4.45431;1;0;-1
0;453;-12.7729;-65.4541;-13.2566;8.5;2572.44;5.11093;0;0;0.1;0.01;0;5.52689;1;0;-1
0;454;-12.696;-48.4377;-9.7111;9.49539;3586.14;5.70944;0;0;0.1;0.01;0;6.60721;0;0;-1
0;455;-11.4455;-32.3659;-11.7586;10.4018;4714.27;6.25445;0;0;0.1;0.01;0;7.25756;0;0;-1
0;456;-10.3966;-14.2706;-10.7235;8.5;2572.44;5.11093;0;0;0.1;0.01;0;6.05929;1;0;-1
0;457;-10.7168;0.962374;-11.602;10.2021;4447.92;6.13437;0;0;0.1;0.01;0;7.15991;0;0;-1
0;458;-10.733;16.9735;-11.6229;9.08701;3143.05;5.46389;0;0;0.1;0.01;0;5.76871;0;0;-1
0;459;-11.5931;34.2425;-12.5378;8.56015;2627.44;5.14709;0;0;0.1;0.01;0;4.61876;0;0;-1
0;460;-10.3543;50.9667;-10.6067;8.54843;2616.66;5.14005;0;0;0.1;0.01;0;5.21985;0;0;-1
0;461;-10.5254;67.4161;-11.6347;9.0735;3129.05;5.45576;0;0;0.1;0.01;0;5.90936;0;0;-1
0;462;-11.6975;87.2566;-12.4314;8.5;2572.44;5.11093;0;0;0.1;0.01;0;4.79285;1;0;-1
0;463;4.39179;-91.5553;-10.5873;8.69412;2752.74;5.22765;0;0;0.1;0.01;0;3.76351;0;0;-1
0;464;1.53903;-75.9974;-12.1293;8.5;2572.44;5.11093;0;0;0.1;0.01;0;5.48947;1;0;-1
0;465;1.3457;-59.4783;-12.8534;8.86284;2916.13;5.3291;0;0;0.1;0.01;0;6.06195;0;0;-1
0;466;1.68053;-41.2634;-12.6238;9.63019;3741.05;5.79049;0;0;0.1;0.01;0;6.53594;0;0;-1
0;467;1.26529;-21.5698;-10.4658;9.21799;3280.93;5.54264;0;0;0.1;0.01;0;6.60816;0;0;-1
0;468;1.59425;-7.44731;-12.1248;8.63646;2698.34;5.19298;0;0;0.1;0.01;0;6.12665;0;0;-1
0;469;3.28134;8.1703;-12.2836;10.1133;4332.79;6.08098;0;0;0.1;0.01;0;6.21141;0;0;-1
0;470;3.19076;25.1322;-13.5531;9.05314;3108.04;5.44352;0;0;0.1;0.01;0;4.72365;0;0;-1
0;471;1.988;43.7626;-10.4976;9.3009;3370.26;5.5925;0;0;0.1;0.01;0;5.57809;0;0;-1
0;472;2.33686;59.5229;-10.7491;9.45512;3540.71;5.68523;0;0;0.1;0.01;0;6.58754;0;0;-1
0;473;2.70698;76.7476;-10.4006;8.91847;2971.39;5.36255;0;0;0.1;0.01;0;6.03326;0;0;-1
0;474;3.09691;94.0426;-11.4645;10.2647;4530.3;6.17202;0;0;0.1;0.01;0;4.45813;0;0;-1
0;475;18.8169;-85.1773;-10.5404;9.35595;3430.46;5.6256;0;0;0.1;0.01;0;5.7998;0;0;-1
0;476;16.068;-68.1895;-10.5168;9.47166;3559.32;5.69517;0;0;0.1;0.01;0;6.35291;0;0;-1
0;477;15.9643;-51.4709;-9.87421;9.86583;4022.44;5.93218;0;0;0.1;0.01;0;5.77815;0;0;-1
0;478;15.5244;-33.3897;-10.5252;9.65096;3765.3;5.80298;0;0;0.1;0.01;0;5.74362;0;0;-1
0;479;16.0365;-16.2968;-11.4662;8.57311;2639.39;5.15489;0;0;0.1;0.01;0;5.90875;0;0;-1
0;480;16.4156;1.11786;-11.4635;9.38448;3461.94;5.64275;0;0;0.1;0.01;0;5.5797;0;0;-1
0;481;19.4908;20.9025;-10.8773;9.88972;4051.73;5.94655;0;0;0.1;0.01;0;6.05043;0;0;-1
0;482;19.6233;38.1912;-13.1678;8.5;2572.44;5.11093;0;0;0.1;0.01;0;5.08725;1;0;-1
0;483;18.186;54.5278;-11.473;8.5;2572.44;5.11093;0;0;0.1;0.01;0;4.93086;1;0;-1
0;484;17.3034;71.4372;-10.3207;10.3965;4707.06;6.25126;0;0;0.1;0.01;0;7.11129;0;0;-1
0;485;15.6955;84.9722;-12.5777;8.5;2572.44;5.11093;0;0;0.1;0.01;0;5.45028;1;0;-1
0;486;31.9433;-93.7269;-12.0406;8.83098;2884.8;5.30994;0;0;0.1;0.01;0;1.85752;0;0;-1
0;487;33.3602;-76.6492;-12.3216;9.41174;3492.19;5.65914;0;0;0.1;0.01;0;5.6527;0;0;-1
0;488;32.893;-55.3922;-10.3492;9.45135;3536.47;5.68296;0;0;0.1;0.01;0;4.99158;0;0;-1
0;489;34.167;-38.8899;-10.1254;9.62386;3733.67;5.78669;0;0;0.1;0.01;0;6.14476;0;0;-1
0;490;31.2309;-21.3556;-12.2797;9.89423;4057.28;5.94926;0;0;0.1;0.01;0;7.1094;0;0;-1
0;491;33.1386;-6.33821;-10.7822;8.88235;2935.43;5.34083;0;0;0.1;0.01;0;5.56257;0;0;-1
0;492;33.5015;11.797;-12.9087;10.3784;4682.52;6.24038;0;0;0.1;0.01;0;7.01916;0;0;-1
0;493;31.4701;29.0509;-10.8321;9.24443;3309.25;5.55854;0;0;0.1;0.01;0;6.82234;0;0;-1
0;494;33.5332;46.2618;-13.2473;9.56238;3662.58;5.74972;0;0;0.1;0.01;0;5.98962;0;0;-1
0;495;32.7901;63.4848;-10.3681;8.6173;2680.42;5.18146;0;0;0.1;0.01;0;5.98382;0;0;-1
0;496;32.2633;79.3796;-10.1265;10.0567;4260.45;6.04695;0;0;0.1;0.01;0;6.38536;0;0;-1
0;497;45.9671;-82.9379;-10.7914;8.5;2572.44;5.11093;0;0;0.1;0.01;0;4.15567;1;0;-1
0;498;48.1329;-67.8897;-11.4525;9.53328;3629.24;5.73222;0;0;0.1;0.01;0;6.01275;0;0;-1
0;499;47.7017;-47.7313;-11.9665;9.34097;3414.01;5.61659;0;0;0.1;0.01;0;6.11551;0;0;-1
0;500;48.6152;-31.7075;-12.527;9.05733;3112.36;5.44604;0;0;0.1;0.01;0;5.54068;0;0;-1
0;501;45.5573;-14.7363;-10.9538;9.15165;3210.6;5.50275;0;0;0.1;0.01;0;6.26696;0;0;-1
0;502;46.5934;0.438152;-11.0291;10.1585;4391.14;6.10816;0;0;0.1;0.01;0;7.44596;0;0;-1
0;503;47.7382;18.1175;-13.4346;10.1742;4411.53;6.1176;0;0;0.1;0.01;0;7.74597;0;0;-1
0;504;47.9003;34.6519;-10.5458;9.51622;3609.79;5.72196;0;0;0.1;0.01;0;6.42705;0;0;-1
0;505;45.9412;55.1919;-12.4929;8.5;2572.44;5.11093;0;0;0.1;0.01;0;5.0201;1;0;-1
0;506;46.2866;68.493;-10.0161;9.24156;3306.16;5.55682;0;0;0.1;0.01;0;6.16928;0;0;-1
0;507;47.6975;85.6446;-13.0953;8.6403;2701.94;5.19529;0;0;0.1;0.01;0;2.33741;0;0;-1
0;508;61.0936;-74.2486;-11.2861;10.3036;4582.01;6.19541;0;0;0.1;0.01;0;3.19897;0;0;-1
0;509;60.3072;-56.0684;-13.3023;9.61516;3723.56;5.78146;0;0;0.1;0.01;0;6.39371;0;0;-1
0;510;61.44;-42.1482;-11.6168;9.39919;3478.24;5.6516;0;0;0.1;0.01;0;6.41263;0;0;-1
0;511;62.5794;-25.7846;-11.8618;9.28468;3352.66;5.58274;0;0;0.1;0.01;0;5.84113;0;0;-1
0;512;62.7431;-7.65113;-11.5002;9.83406;3983.7;5.91308;0;0;0.1;0.01;0;6.46652;0;0;-1
0;513;60.7353;9.37425;-12.8128;10.2245;4477.29;6.14784;0;0;0.1;0.01;0;6.65897;0;0;-1
0;514;61.9704;28.7561;-10.2211;9.92591;4096.37;5.96831;0;0;0.1;0.01;0;6.30865;0;0;-1
0;515;62.6721;45.991;-11.1264;9.50542;3597.51;5.71547;0;0;0.1;0.01;0;5.70499;0;0;-1
0;516;63.2345;63.5893;-10.7973;10.0981;4313.28;6.07184;0;0;0.1;0.01;0;5.33265;0;0;-1
0;517;61.0478;77.9236;-13.7947;8.90529;2958.24;5.35462;0;0;0.1;0.01;0;2.77245;0;0;-1
0;518;77.6051;-47.5295;-10.8056;8.5;2572.44;5.11093;0;0;0.1;0.01;0;3.8916;1;0;-1
0;519;77.3337;-30.0388;-11.2414;8.60685;2670.68;5.17517;0;0;0.1;0.01;0;5.62916;0;0;-1
0;520;75.2988;-14.4424;-10.8534;10.4528;4783.95;6.28512;0;0;0.1;0.01;0;7.80062;0;0;-1
0;521;74.945;1.11978;-10.9978;8.5;2572.44;5.11093;0;0;0.1;0.01;0;6.16599;1;0;-1
0;522;76.6063;18.0101;-13.3338;8.69993;2758.26;5.23114;0;0;0.1;0.01;0;5.75087;0;0;-1
0;523;75.0659;34.8514;-12.7158;8.5;2572.44;5.11093;0;0;0.1;0.01;0;5.2533;1;0;-1
0;524;75.3412;51.4823;-10.2283;9.24246;3307.13;5.55736;0;0;0.1;0.01;0;5.71988;0;0;-1
0;525;89.5849;-22.1769;-11.9575;8.5;2572.44;5.11093;0;0;0.1;0.01;0;3.79005;1;0;-1
0;526;90.0677;-4.2511;-10.145;9.67018;3787.85;5.81454;0;0;0.1;0.01;0;4.12206;0;0;-1
0;527;89.5556;12.0096;-11.0238;8.94815;3001.15;5.38039;0;0;0.1;0.01;0;4.80413;0;0;-1
0;528;89.4264;27.0278;-11.1964;8.57982;2645.59;5.15892;0;0;0.1;0.01;0;4.51496;0;0;-1
0;529;89.235;43.5645;-9.84807;10.0381;4236.85;6.03576;0;0;0.1;0.01;0;3.29345;0;0;-1
0;530;-93.9351;-16.576;2.39913;9.45997;3546.16;5.68814;0;0;0.1;0.01;0;3.17197;0;0;-1
0;531;-95.6854;2.72823;3.43275;9.65336;3768.11;5.80443;0;0;0.1;0.01;0;3.78443;0;0;-1
0;532;-95.9065;18.6894;2.15917;10.2032;4449.36;6.13504;0;0;0.1;0.01;0;3.23815;0;0;-1
0;533;-79.6796;-55.9241;3.0412;8.5;2572.44;5.11093;0;0;0.1;0.01;0;2.64007;1;0;-1
0;534;-82.6257;-41.5247;4.68164;9.80047;3943.02;5.89288;0;0;0.1;0.01;0;4.17611;0;0;-1
0;535;-80.5972;-23.2245;2.9726;9.80139;3944.13;5.89343;0;0;0.1;0.01;0;6.45511;0;0;-1
0;536;-79.8671;-6.13964;3.72692;9.46528;3552.13;5.69134;0;0;0.1;0.01;0;5.92694;0;0;-1
0;537;-81.7931;10.3521;2.71326;8.90491;2957.86;5.35439;0;0;0.1;0.01;0;4.70861;0;0;-1
0;538;-80.5996;25.4911;1.20756;8.5;2572.44;5.11093;0;0;0.1;0.01;0;3.69504;1;0;-1
0;539;-82.6821;44.0746;2.77068;10.2457;4505.19;6.16059;0;0;0.1;0.01;0;4.42192;0;0;-1
0;540;-78.906;61.1282;3.37352;9.4202;3501.62;5.66423;0;0;0.1;0.01;0;2.55936;0;0;-1
0;541;-63.8869;-65.5047;1.68091;8.86781;2921.04;5.33209;0;0;0.1;0.01;0;4.0079;0;0;-1
0;542;-64.279;-47.2877;4.39749;10.2617;4526.33;6.17021;0;0;0.1;0.01;0;6.23361;0;0;-1
0;543;-68.3905;-33.0493;3.55489;8.92266;2975.58;5.36507;0;0;0.1;0.01;0;5.76028;0;0;-1
0;544;-67.7956;-14.823;1.72518;10.4365;4761.6;6.27532;0;0;0.1;0.01;0;6.92774;0;0;-1
0;545;-67.1939;0.397674;3.73505;10.3306;4618.12;6.21164;0;0;0.1;0.01;0;6.934;0;0;-1
0;546;-64.7296;17.1285;3.36489;10.4477;4776.95;6.28205;0;0;0.1;0.01;0;6.02037;0;0;-1
0;547;-65.1795;36.5223;3.09535;10.4249;4745.74;6.26834;0;0;0.1;0.01;0;6.60386;0;0;-1
0;548;-65.5682;52.0287;3.22804;9.47993;3568.65;5.70014;0;0;0.1;0.01;0;5.4795;0;0;-1
0;549;-64.9459;70.4133;3.1684;8.5;2572.44;5.11093;0;0;0.1;0.01;0;2.34965;1;0;-1
0;550;-49.9081;-75.3317;3.23916;8.5823;2647.89;5.16041;0;0;0.1;0.01;0;5.00626;0;0;-1
0;551;-50.3398;-59.3902;4.20835;8.71413;2771.79;5.23968;0;0;0.1;0.01;0;5.50622;0;0;-1
0;552;-50.9541;-42.3289;3.33406;8.72965;2786.63;5.24901;0;0;0.1;0.01;0;5.46228;0;0;-1
0;553;-52.1184;-24.4725;3.65734;8.58632;2651.61;5.16283;0;0;0.1;0.01;0;4.18605;0;0;-1
0;554;-49.6389;-5.37609;2.14722;8.5;2572.44;5.11093;0;0;0.1;0.01;0;4.35448;1;0;-1
0;555;-52.3051;10.0566;3.75316;8.5;2572.44;5.11093;0;0;0.1;0.01;0;4.98612;1;0;-1
0;556;-52.7576;25.8384;2.70134;8.5;2572.44;5.11093;0;0;0.1;0.01;0;5.48497;1;0;-1
0;557;-50.2701;42.9826;5.11433;9.8444;3996.28;5.91929;0;0;0.1;0.01;0;5.973;0;0;-1
0;558;-50.7561;63.4601;1.83308;9.04923;3104.01;5.44117;0;0;0.1;0.01;0;5.21357;0;0;-1
0;559;-51.4549;78.1212;1.28715;9.76208;3896.87;5.8698;0;0;0.1;0.01;0;4.43705;0;0;-1
0;560;-34.9767;-84.0146;3.44125;9.36644;3442.01;5.6319;0;0;0.1;0.01;0;5.15446;0;0;-1
0;561;-38.4988;-67.3835;3.24321;9.15764;3216.91;5.50636;0;0;0.1;0.01;0;5.35483;0;0;-1
0;562;-36.701;-50.3885;4.122;8.5;2572.44;5.11093;0;0;0.1;0.01;0;5.17292;1;0;-1
0;563;-35.8321;-32.6233;2.6744;9.95707;4135.07;5.98704;0;0;0.1;0.01;0;6.05296;0;0;-1
0;564;-38.0801;-14.087;3.155;8.97516;3028.41;5.39663;0;0;0.1;0.01;0;4.98223;0;0;-1
0;565;-36.6335;3.18237;4.03713;8.90095;2953.91;5.35201;0;0;0.1;0.01;0;5.85524;0;0;-1
0;566;-38.1373;19.9762;2.916;10.1518;4382.46;6.10413;0;0;0.1;0.01;0;6.86562;0;0;-1
0;567;-38.1963;36.3079;1.02602;8.89588;2948.87;5.34896;0;0;0.1;0.01;0;5.93242;0;0;-1
0;568;-35.4185;50.8415;2.86021;9.82839;3976.82;5.90967;0;0;0.1;0.01;0;5.01477;0;0;-1
0;569;-35.7468;71.7412;1.33814;10.4423;4769.55;6.2788;0;0;0.1;0.01;0;6.28711;0;0;-1
0;570;-35.3286;87.8905;3.29356;9.58234;3685.56;5.76172;0;0;0.1;0.01;0;5.14431;0;0;-1
0;571;-20.7815;-93.6596;1.5997;9.51832;3612.18;5.72323;0;0;0.1;0.01;0;4.31283;0;0;-1
0;572;-20.5644;-76.6103;4.59324;8.53528;2604.61;5.13214;0;0;0.1;0.01;0;5.26468;0;0;-1
0;573;-23.6208;-57.6378;1.53924;9.2155;3278.27;5.54115;0;0;0.1;0.01;0;6.00476;0;0;-1
0;574;-23.2229;-40.3624;2.1402;9.25268;3318.11;5.5635;0;0;0.1;0.01;0;6.41804;0;0;-1
0;575;-21.1656;-23.0826;3.57109;8.5;2572.44;5.11093;0;0;0.1;0.01;0;5.3977;1;0;-1
0;576;-20.5773;-5.19547;3.34081;8.55675;2624.31;5.14505;0;0;0.1;0.01;0;6.1613;0;0;-1
0;577;-20.1926;9.99256;4.06891;10.1133;4332.79;6.08098;0;0;0.1;0.01;0;6.90027;0;0;-1
0;578;-23.9385;27.528;1.88938;8.5874;2652.61;5.16348;0;0;0.1;0.01;0;3.99453;0;0;-1
0;579;-19.9302;46.9933;1.83527;9.19996;3261.72;5.5318;0;0;0.1;0.01;0;4.54726;0;0;-1
0;580;-22.0313;63.3205;2.16627;9.89483;4058.01;5.94962;0;0;0.1;0.01;0;6.65811;0;0;-1
0;581;-22.183;77.5578;1.90984;9.60554;3712.39;5.77567;0;0;0.1;0.01;0;6.198;0;0;-1
0;582;-23.3655;96.2377;1.35515;9.90756;4073.7;5.95727;0;0;0.1;0.01;0;3.41952;0;0;-1
0;583;-7.07281;-98.9528;0.927848;10.0776;4287.06;6.05951;0;0;0.1;0.01;0;2.97458;0;0;-1
0;584;-5.64559;-81.0593;3.71687;8.73414;2790.93;5.25171;0;0;0.1;0.01;0;5.62607;0;0;-1
0;585;-9.08257;-66.645;2.77394;10.3839;4689.97;6.24369;0;0;0.1;0.01;0;5.75134;0;0;-1
0;586;-7.63132;-49.2493;2.30996;8.64791;2709.08;5.19986;0;0;0.1;0.01;0;5.09699;0;0;-1
0;587;-7.46586;-29.9735;2.51862;9.4445;3528.79;5.67884;0;0;0.1;0.01;0;6.35209;0;0;-1
0;588;-8.78141;-14.1948;3.1173;9.71029;3835.18;5.83866;0;0;0.1;0.01;0;6.88105;0;0;-1
0;589;-7.88905;1.80679;3.77296;8.5;2572.44;5.11093;0;0;0.1;0.01;0;5.8999;1;0;-1
0;590;-6.29959;17.3602;1.34191;8.51996;2590.61;5.12293;0;0;0.1;0.01;0;5.93011;0;0;-1
0;591;-6.1655;34.6556;3.70224;9.22465;3288.05;5.54665;0;0;0.1;0.01;0;5.50897;0;0;-1
0;592;-5.75927;51.803;3.53836;8.5;2572.44;5.11093;0;0;0.1;0.01;0;5.86926;1;0;-1
0;593;-7.56697;71.7842;2.32964;10.3283;4615.04;6.21026;0;0;0.1;0.01;0;6.85394;0;0;-1
0;594;-9.20569;88.3799;3.6814;9.77079;3907.31;5.87503;0;0;0.1;0.01;0;4.97557;0;0;-1
0;595;8.04231;-92.1725;3.09933;8.71605;2773.63;5.24083;0;0;0.1;0.01;0;4.70638;0;0;-1
0;596;8.63649;-76.0898;1.82749;9.61678;3725.44;5.78243;0;0;0.1;0.01;0;7.03819;0;0;-1
0;597;5.95555;-58.9219;1.68818;10.096;4310.59;6.07058;0;0;0.1;0.01;0;6.92091;0;0;-1
0;598;7.03775;-42.7384;3.59075;9.83689;3987.15;5.91478;0;0;0.1;0.01;0;6.72721;0;0;-1
0;599;7.54688;-24.9363;1.85065;9.5353;3631.55;5.73344;0;0;0.1;0.01;0;6.50527;0;0;-1
0;600;9.35582;-8.46111;4.44478;10.1237;4346.17;6.08723;0;0;0.1;0.01;0;5.92855;0;0;-1
0;601;5.73098;10.448;2.77364;8.89902;2951.99;5.35085;0;0;0.1;0.01;0;4.95763;0;0;-1
0;602;7.62839;25.4209;2.11722;9.91149;4078.55;5.95964;0;0;0.1;0.01;0;6.08824;0;0;-1
0;603;8.38304;44.0593;2.35095;8.5;2572.44;5.11093;0;0;0.1;0.01;0;5.04448;1;0;-1
0;604;6.9118;60.3886;1.62188;8.5;2572.44;5.11093;0;0;0.1;0.01;0;5.65668;1;0;-1
0;605;8.80102;76.5067;2.68454;8.62821;2690.61;5.18802;0;0;0.1;0.01;0;5.79877;0;0;-1
0;606;5.6125;97.9056;1.52272;9.70502;3828.93;5.83549;0;0;0.1;0.01;0;2.82615;0;0;-1
0;607;20.4571;-85.287;2.17755;8.5;2572.44;5.11093;0;0;0.1;0.01;0;4.15347;1;0;-1
0;608;23.7074;-66.3243;2.73736;10.1485;4378.19;6.10215;0;0;0.1;0.01;0;5.9232;0;0;-1
0;609;22.3813;-47.355;4.38147;8.61569;2678.91;5.18049;0;0;0.1;0.01;0;4.5835;0;0;-1
0;610;21.7421;-31.089;1.47457;8.5;2572.44;5.11093;0;0;0.1;0.01;0;5.79039;1;0;-1
0;611;21.4314;-14.7085;1.49384;8.5;2572.44;5.11093;0;0;0.1;0.01;0;5.46777;1;0;-1
0;612;23.2026;4.33935;1.19655;9.49255;3582.92;5.70773;0;0;0.1;0.01;0;5.44721;0;0;-1
0;613;23.3875;20.8314;4.67237;9.56391;3664.33;5.75064;0;0;0.1;0.01;0;6.83893;0;0;-1
0;614;21.9825;37.2928;4.95786;8.5;2572.44;5.11093;0;0;0.1;0.01;0;5.65928;1;0;-1
0;615;22.7787;51.4211;3.7263;9.88732;4048.78;5.9451;0;0;0.1;0.01;0;6.64263;0;0;-1
0;616;21.1346;67.7571;1.65454;9.16445;3224.09;5.51045;0;0;0.1;0.01;0;5.95617;0;0;-1
0;617;21.4058;89.4927;1.14019;10.1186;4339.6;6.08417;0;0;0.1;0.01;0;4.04378;0;0;-1
0;618;38.0408;-75.9258;1.65882;9.44408;3528.32;5.67859;0;0;0.1;0.01;0;6.03175;0;0;-1
0;619;38.5577;-59.6003;4.025;8.64248;2703.98;5.1966;0;0;0.1;0.01;0;5.22603;0;0;-1
0;620;34.903;-40.147;3.41346;8.9796;3032.91;5.3993;0;0;0.1;0.01;0;5.4494;0;0;-1
0;621;35.044;-25.7246;1.19925;9.54414;3641.66;5.73875;0;0;0.1;0.01;0;6.10478;0;0;-1
0;622;38.0191;-8.85155;4.48163;9.35846;3433.22;5.62711;0;0;0.1;0.01;0;6.01218;0;0;-1
0;623;37.2369;9.08579;1.4535;9.51894;3612.89;5.7236;0;0;0.1;0.01;0;5.74764;0;0;-1
0;624;36.6637;27.2524;2.87609;9.98295;4167.4;6.0026;0;0;0.1;0.01;0;6.51348;0;0;-1
0;625;35.9301;44.5377;1.21198;10.3932;4702.58;6.24928;0;0;0.1;0.01;0;6.88077;0;0;-1
0;626;36.1018;62.7052;3.82977;10.293;4567.88;6.18903;0;0;0.1;0.01;0;7.82433;0;0;-1
0;627;37.665;80.0036;2.52817;10.395;4705.03;6.25036;0;0;0.1;0.01;0;5.1386;0;0;-1
0;628;50.845;-83.5317;2.89623;8.5;2572.44;5.11093;0;0;0.1;0.01;0;2.98885;1;0;-1
0;629;52.1828;-64.6125;4.04665;9.83279;3982.16;5.91231;0;0;0.1;0.01;0;5.58591;0;0;-1
0;630;50.3218;-48.471;3.25856;10.1367;4362.93;6.09505;0;0;0.1;0.01;0;6.36265;0;0;-1
0;631;53.4038;-33.654;4.79398;8.5;2572.44;5.11093;0;0;0.1;0.01;0;5.81074;1;0;-1
0;632;51.3826;-15.8301;2.99446;8.60239;2666.53;5.17249;0;0;0.1;0.01;0;5.11603;0;0;-1
0;633;52.1612;1.13958;2.46282;8.51441;2585.55;5.11959;0;0;0.1;0.01;0;5.4342;0;0;-1
0;634;52.3762;17.0438;1.66414;9.47502;3563.11;5.69719;0;0;0.1;0.01;0;7.31106;0;0;-1
0;635;50.1852;34.3894;2.73712;9.80689;3950.78;5.89674;0;0;0.1;0.01;0;6.2326;0;0;-1
0;636;51.3741;54.6287;4.70195;8.5;2572.44;5.11093;0;0;0.1;0.01;0;5.01874;1;0;-1
0;637;50.0077;67.7099;3.26297;9.09874;3155.24;5.47094;0;0;0.1;0.01;0;4.70026;0;0;-1
0;638;68.0583;-56.063;4.68528;9.91865;4087.39;5.96394;0;0;0.1;0.01;0;4.38764;0;0;-1
0;639;67.5936;-39.0439;2.40685;9.67029;3787.97;5.81461;0;0;0.1;0.01;0;7.08987;0;0;-1
0;640;64.7308;-24.1582;3.89748;8.59961;2663.94;5.17082;0;0;0.1;0.01;0;5.67663;0;0;-1
0;641;67.8264;-6.65521;4.4281;8.5;2572.44;5.11093;0;0;0.1;0.01;0;4.86671;1;0;-1
0;642;65.627;12.2028;3.83596;10.2544;4516.68;6.16582;0;0;0.1;0.01;0;6.7205;0;0;-1
0;643;65.4859;25.933;3.94089;8.5;2572.44;5.11093;0;0;0.1;0.01;0;6.09793;1;0;-1
0;644;66.9158;44.3101;4.3645;9.40417;3483.77;5.65459;0;0;0.1;0.01;0;5.69906;0;0;-1
0;645;67.4217;60.1775;4.32133;9.78995;3930.34;5.88655;0;0;0.1;0.01;0;4.46777;0;0;-1
0;646;82.3314;-47.395;5.1054;9.16647;3226.23;5.51167;0;0;0.1;0.01;0;3.6748;0;0;-1
0;647;82.1694;-33.1087;3.18511;10.4059;4719.84;6.25692;0;0;0.1;0.01;0;5.82376;0;0;-1
0;648;81.3964;-15.7992;3.84279;9.58771;3691.76;5.76495;0;0;0.1;0.01;0;6.48924;0;0;-1
0;649;79.7751;0.0578813;1.88088;9.17655;3236.88;5.51773;0;0;0.1;0.01;0;5.72911;0;0;-1
0;650;80.9742;18.2552;2.44357;9.17519;3235.44;5.51691;0;0;0.1;0.01;0;6.64342;0;0;-1
0;651;82.5377;36.1038;4.0935;10.3563;4652.67;6.22709;0;0;0.1;0.01;0;5.55225;0;0;-1
0;652;82.8021;55.2989;4.89695;9.98006;4163.78;6.00087;0;0;0.1;0.01;0;2.84863;0;0;-1
0;653;95.8368;-23.388;2.1027;10.372;4673.86;6.23653;0;0;0.1;0.01;0;3.629;0;0;-1
0;654;96.3583;-7.56333;4.22315;9.30892;3378.99;5.59732;0;0;0.1;0.01;0;3.40734;0;0;-1
0;655;94.524;12.1154;1.9335;9.59168;3696.35;5.76734;0;0;0.1;0.01;0;4.21323;0;0;-1
0;656;94.3109;26.6335;4.47954;10.0281;4224.2;6.02975;0;0;0.1;0.01;0;4.46425;0;0;-1
0;657;-86.8361;-40.752;19.1993;10.0139;4206.28;6.02121;0;0;0.1;0.01;0;3.22248;0;0;-1
0;658;-85.0783;-21.1764;18.5575;9.39531;3473.94;5.64926;0;0;0.1;0.01;0;3.2842;0;0;-1
0;659;-84.8797;-4.98762;19.2739;9.9256;4095.99;5.96812;0;0;0.1;0.01;0;4.60388;0;0;-1
0;660;-86.651;10.479;17.1883;9.41782;3498.97;5.6628;0;0;0.1;0.01;0;4.71463;0;0;-1
0;661;-85.7226;27.1073;18.305;8.5;2572.44;5.11093;0;0;0.1;0.01;0;3.21769;1;0;-1
0;662;-84.2583;45.3243;18.9291;8.68184;2741.09;5.22026;0;0;0.1;0.01;0;2.72742;0;0;-1
0;663;-72.111;-63.6374;19.8415;9.46219;3548.65;5.68948;0;0;0.1;0.01;0;3.35686;0;0;-1
0;664;-70.8115;-48.5633;16.6692;9.04696;3101.68;5.43981;0;0;0.1;0.01;0;6.11236;0;0;-1
0;665;-68.9862;-33.8718;19.1872;8.5;2572.44;5.11093;0;0;0.1;0.01;0;5.46834;1;0;-1
0;666;-71.9598;-13.1891;19.0155;9.90376;4069.01;5.95499;0;0;0.1;0.01;0;7.23668;0;0;-1
0;667;-69.3871;2.17287;19.7069;9.7357;3865.36;5.85394;0;0;0.1;0.01;0;6.93158;0;0;-1
0;668;-70.2505;18.6397;19.2974;9.64972;3763.85;5.80224;0;0;0.1;0.01;0;5.80035;0;0;-1
0;669;-70.2916;34.2562;16.7451;8.77909;2834.24;5.27874;0;0;0.1;0.01;0;4.32364;0;0;-1
0;670;-70.2547;52.8872;16.2638;8.5;2572.44;5.11093;0;0;0.1;0.01;0;3.91535;1;0;-1
0;671;-58.0226;-74.9494;17.1194;10.065;4271;6.05194;0;0;0.1;0.01;0;4.51448;0;0;-1
0;672;-57.5002;-58.6536;18.7066;9.47117;3558.77;5.69488;0;0;0.1;0.01;0;6.43768;0;0;-1
0;673;-56.2019;-39.5355;17.4607;10.2399;4497.55;6.1571;0;0;0.1;0.01;0;7.40176;0;0;-1
0;674;-57.0855;-23.2727;16.9156;8.9323;2985.23;5.37086;0;0;0.1;0.01;0;5.7344;0;0;-1
0;675;-55.185;-6.4649;16.0518;9.97374;4155.88;5.99707;0;0;0.1;0.01;0;6.24567;0;0;-1
0;676;-57.1261;8.61618;17.4061;8.70387;2762.01;5.23351;0;0;0.1;0.01;0;5.38437;0;0;-1
0;677;-55.3802;26.7721;16.7933;9.65507;3770.12;5.80545;0;0;0.1;0.01;0;5.70943;0;0;-1
0;678;-54.975;46.8986;18.9426;8.5;2572.44;5.11093;0;0;0.1;0.01;0;4.35207;1;0;-1
0;679;-53.989;61.9346;18.2837;8.67427;2733.93;5.21571;0;0;0.1;0.01;0;3.80723;0;0;-1
0;680;-53.7954;78.049;19.661;9.60026;3706.27;5.7725;0;0;0.1;0.01;0;2.63906;0;0;-1
0;681;-41.6981;-84.6144;16.8483;9.64536;3758.75;5.79962;0;0;0.1;0.01;0;4.3298;0;0;-1
0;682;-40.6313;-67.4693;17.7336;8.98447;3037.85;5.40223;0;0;0.1;0.01;0;5.51476;0;0;-1
0;683;-40.4663;-47.7825;16.7387;9.09298;3149.25;5.46748;0;0;0.1;0.01;0;5.25892;0;0;-1
0;684;-42.5287;-33.0319;18.1977;9.56256;3662.78;5.74983;0;0;0.1;0.01;0;6.35339;0;0;-1
0;685;-42.1556;-13.7574;16.4905;8.5;2572.44;5.11093;0;0;0.1;0.01;0;4.91544;1;0;-1
0;686;-39.9931;2.27859;17.7243;8.8338;2887.56;5.31164;0;0;0.1;0.01;0;5.08337;0;0;-1
0;687;-42.2117;18.6851;18.4654;8.81873;2872.81;5.30257;0;0;0.1;0.01;0;5.43298;0;0;-1
0;688;-41.1631;33.7344;18.2773;8.97255;3025.77;5.39506;0;0;0.1;0.01;0;5.19096;0;0;-1
0;689;-39.7051;53.2125;18.5427;8.97931;3032.62;5.39913;0;0;0.1;0.01;0;4.73709;0;0;-1
0;690;-39.5875;71.4849;16.4012;10.2106;4459.05;6.13949;0;0;0.1;0.01;0;5.90308;0;0;-1
0;691;-41.599;87.7454;18.5404;8.98874;3042.18;5.4048;0;0;0.1;0.01;0;2.931;0;0;-1
0;692;-27.7626;-93.4548;16.8255;10.4523;4783.26;6.28482;0;0;0.1;0.01;0;3.97985;0;0;-1
0;693;-27.5089;-72.8536;18.4997;9.83112;3980.13;5.91131;0;0;0.1;0.01;0;6.16491;0;0;-1
0;694;-25.369;-56.7076;16.2745;8.5;2572.44;5.11093;0;0;0.1;0.01;0;4.44949;1;0;-1
0;695;-24.5009;-40.3755;17.8391;8.88227;2935.35;5.34078;0;0;0.1;0.01;0;5.48552;0;0;-1
0;696;-28.36;-24.7221;16.3198;9.59361;3698.58;5.7685;0;0;0.1;0.01;0;6.0472;0;0;-1
0;697;-28.3785;-7.18594;16.0151;9.33032;3402.34;5.61019;0;0;0.1;0.01;0;5.29268;0;0;-1
0;698;-26.9591;10.6775;16.4915;9.60486;3711.6;5.77526;0;0;0.1;0.01;0;6.09139;0;0;-1
0;699;-27.4489;28.0495;17.3638;9.05772;3112.76;5.44628;0;0;0.1;0.01;0;5.12899;0;0;-1
0;700;-25.4611;45.928;17.6402;9.58543;3689.13;5.76358;0;0;0.1;0.01;0;5.76777;0;0;-1
0;701;-28.1567;62.0577;16.4038;9.01678;3070.74;5.42166;0;0;0.1;0.01;0;5.90452;0;0;-1
0;702;-27.4115;80.4117;16.3131;10.1887;4430.42;6.12632;0;0;0.1;0.01;0;5.89084;0;0;-1
0;703;-13.2913;-83.607;17.635;9.77088;3907.42;5.87509;0;0;0.1;0.01;0;5.45761;0;0;-1
0;704;-13.7308;-65.6451;17.024;8.5;2572.44;5.11093;0;0;0.1;0.01;0;4.20911;1;0;-1
0;705;-11.1798;-47.5331;16.271;9.7905;3931;5.88689;0;0;0.1;0.01;0;5.44948;0;0;-1
0;706;-12.354;-30.7851;19.3463;8.63701;2698.85;5.19331;0;0;0.1;0.01;0;5.76324;0;0;-1
0;707;-11.5521;-16.1883;17.4741;9.71429;3839.92;5.84106;0;0;0.1;0.01;0;6.34272;0;0;-1
0;708;-13.6701;1.66346;17.1248;10.0878;4300.09;6.06565;0;0;0.1;0.01;0;7.02351;0;0;-1
0;709;-13.1794;20.7912;16.612;10.0841;4295.36;6.06342;0;0;0.1;0.01;0;6.26937;0;0;-1
0;710;-10.9548;37.3209;17.2943;8.97727;3030.55;5.3979;0;0;0.1;0.01;0;5.49521;0;0;-1
0;711;-10.0198;52.3603;18.2996;10.1287;4352.61;6.09024;0;0;0.1;0.01;0;6.64312;0;0;-1
0;712;-11.673;68.4208;18.3694;8.59754;2662.02;5.16958;0;0;0.1;0.01;0;5.20936;0;0;-1
0;713;-11.0506;85.2631;18.6713;8.5;2572.44;5.11093;0;0;0.1;0.01;0;3.73751;1;0;-1
0;714;1.68393;-91.9838;17.4336;10.248;4508.23;6.16197;0;0;0.1;0.01;0;3.90919;0;0;-1
0;715;4.58269;-72.2691;15.9812;8.68782;2746.76;5.22386;0;0;0.1;0.01;0;5.15444;0;0;-1
0;716;2.81643;-56.9722;17.3302;8.5;2572.44;5.11093;0;0;0.1;0.01;0;5.54599;1;0;-1
0;717;2.96215;-39.8543;16.6726;9.887;4048.39;5.94491;0;0;0.1;0.01;0;6.58556;0;0;-1
0;718;2.38621;-24.4683;16.4686;8.82136;2875.38;5.30416;0;0;0.1;0.01;0;5.63616;0;0;-1
0;719;4.97573;-8.37441;17.114;8.57217;2638.52;5.15432;0;0;0.1;0.01;0;4.74361;0;0;-1
0;720;4.17525;9.65255;16.3869;9.89258;4055.25;5.94826;0;0;0.1;0.01;0;4.89135;0;0;-1
0;721;2.15996;28.5065;16.6404;9.95865;4137.04;5.98799;0;0;0.1;0.01;0;6.24701;0;0;-1
0;722;2.53471;46.1883;15.6189;8.5982;2662.63;5.16997;0;0;0.1;0.01;0;5.80189;0;0;-1
0;723;2.66105;63.402;15.8904;10.4039;4717.12;6.25571;0;0;0.1;0.01;0;6.71294;0;0;-1
0;724;0.995872;77.9637;15.9336;8.66392;2724.16;5.20949;0;0;0.1;0.01;0;5.68489;0;0;-1
0;725;4.69652;93.0884;17.7742;8.70908;2766.98;5.23664;0;0;0.1;0.01;0;2.89533;0;0;-1
0;726;17.7769;-82.3813;17.1063;10.0453;4245.97;6.04009;0;0;0.1;0.01;0;5.13108;0;0;-1
0;727;15.8005;-64.4137;16.3769;8.5;2572.44;5.11093;0;0;0.1;0.01;0;4.94358;1;0;-1
0;728;16.0239;-50.0857;18.3066;9.61978;3728.93;5.78423;0;0;0.1;0.01;0;5.55396;0;0;-1
0;729;18.9325;-33.9796;18.1032;8.5;2572.44;5.11093;0;0;0.1;0.01;0;4.31367;1;0;-1
0;730;18.354;-17.0122;17.3443;9.30503;3374.75;5.59498;0;0;0.1;0.01;0;5.77569;0;0;-1
0;731;17.4621;2.71859;18.491;8.54447;2613.03;5.13767;0;0;0.1;0.01;0;4.741;0;0;-1
0;732;16.5778;21.1374;16.2216;9.14026;3198.63;5.49591;0;0;0.1;0.01;0;6.276;0;0;-1
0;733;16.5179;37.0698;17.4459;8.88866;2941.69;5.34462;0;0;0.1;0.01;0;5.88774;0;0;-1
0;734;19.6614;52.9303;17.6986;8.85858;2911.93;5.32654;0;0;0.1;0.01;0;5.16862;0;0;-1
0;735;16.4131;69.7728;17.3862;8.51644;2587.4;5.12081;0;0;0.1;0.01;0;5.15561;0;0;-1
0;736;17.9137;85.6748;16.4535;9.17315;3233.29;5.51568;0;0;0.1;0.01;0;3.56887;0;0;-1
0;737;33.1767;-92.4862;15.9421;9.05955;3114.64;5.44738;0;0;0.1;0.01;0;1.68971;0;0;-1
0;738;33.7868;-73.7659;16.1034;9.51316;3606.31;5.72013;0;0;0.1;0.01;0;5.47852;0;0;-1
0;739;33.1784;-55.2471;18.0183;9.15668;3215.9;5.50578;0;0;0.1;0.01;0;4.54244;0;0;-1
0;740;33.6515;-39.0267;18.0724;8.5;2572.44;5.11093;0;0;0.1;0.01;0;5.32891;1;0;-1
0;741;31.4381;-24.4831;16.336;9.37929;3456.2;5.63963;0;0;0.1;0.01;0;6.48092;0;0;-1
0;742;30.7107;-8.05997;18.5954;9.30862;3378.66;5.59714;0;0;0.1;0.01;0;5.49771;0;0;-1
0;743;30.5305;11.5658;17.0181;8.87722;2930.35;5.33774;0;0;0.1;0.01;0;5.13318;0;0;-1
0;744;32.0944;26.8721;16.7694;8.78131;2836.39;5.28007;0;0;0.1;0.01;0;5.40358;0;0;-1
0;745;33.2161;45.7671;16.5252;8.5;2572.44;5.11093;0;0;0.1;0.01;0;5.28899;1;0;-1
0;746;30.4877;63.4351;19.4826;9.08213;3137.99;5.46095;0;0;0.1;0.01;0;6.8159;0;0;-1
0;747;30.6495;77.8168;17.8474;9.25776;3323.58;5.56656;0;0;0.1;0.01;0;5.18449;0;0;-1
0;748;45.3099;-81.2454;16.0904;9.99665;4184.58;6.01084;0;0;0.1;0.01;0;4.70929;0;0;-1
0;749;48.9039;-67.6377;17.0128;8.61752;2680.62;5.18159;0;0;0.1;0.01;0;5.08387;0;0;-1
0;750;47.5118;-48.1678;18.5977;8.5;2572.44;5.11093;0;0;0.1;0.01;0;4.604;1;0;-1
0;751;46.7611;-31.9001;16.615;9.52674;3621.78;5.72829;0;0;0.1;0.01;0;6.82914;0;0;-1
0;752;46.3633;-15.3145;17.5065;9.96599;4146.2;5.99241;0;0;0.1;0.01;0;6.40191;0;0;-1
0;753;46.2036;4.39462;19.4801;9.61473;3723.06;5.7812;0;0;0.1;0.01;0;5.43028;0;0;-1
0;754;48.7886;20.4695;17.3361;9.77667;3914.37;5.87857;0;0;0.1;0.01;0;6.22977;0;0;-1
0;755;46.8554;34.8756;18.985;8.5;2572.44;5.11093;0;0;0.1;0.01;0;5.2359;1;0;-1
0;756;45.0845;54.0914;16.5843;10.1386;4365.39;6.09619;0;0;0.1;0.01;0;6.57484;0;0;-1
0;757;46.9779;68.9759;17.7835;8.7934;2848.13;5.28734;0;0;0.1;0.01;0;5.04534;0;0;-1
0;758;45.9417;86.048;19.6657;8.5;2572.44;5.11093;0;0;0.1;0.01;0;1.28363;1;0;-1
0;759;61.2213;-75.4447;17.4856;9.74749;3879.42;5.86102;0;0;0.1;0.01;0;2.82197;0;0;-1
0;760;62.3077;-57.954;18.1601;8.5;2572.44;5.11093;0;0;0.1;0.01;0;4.94871;1;0;-1
0;761;62.5616;-38.7149;16.7061;10.097;4311.87;6.07118;0;0;0.1;0.01;0;7.49632;0;0;-1
0;762;60.4195;-24.2784;16.5108;9.90118;4065.83;5.95344;0;0;0.1;0.01;0;7.54545;0;0;-1
0;763;60.3747;-7.40262;16.751;8.93108;2984.01;5.37013;0;0;0.1;0.01;0;4.81133;0;0;-1
0;764;62.461;10.6015;16.9705;9.45392;3539.36;5.6845;0;0;0.1;0.01;0;5.77995;0;0;-1
0;765;61.6869;28.5331;16.4795;10.2254;4478.47;6.14838;0;0;0.1;0.01;0;7.22312;0;0;-1
0;766;61.8693;45.2094;19.0333;8.67367;2733.36;5.21535;0;0;0.1;0.01;0;6.07975;0;0;-1
0;767;62.2898;63.6373;19.0441;10.0225;4217.13;6.02638;0;0;0.1;0.01;0;4.83365;0;0;-1
0;768;75.9018;-50.207;19.5135;8.70096;2759.24;5.23176;0;0;0.1;0.01;0;3.01472;0;0;-1
0;769;76.0462;-33.4818;18.3412;10.0886;4301.12;6.06613;0;0;0.1;0.01;0;6.13314;0;0;-1
0;770;77.6195;-16.9538;16.7451;8.5;2572.44;5.11093;0;0;0.1;0.01;0;4.96086;1;0;-1
0;771;74.8824;0.853058;19.4083;8.71841;2775.88;5.24225;0;0;0.1;0.01;0;4.44517;0;0;-1
0;772;76.4898;20.1076;16.1845;9.82373;3971.16;5.90687;0;0;0.1;0.01;0;6.5375;0;0;-1
0;773;74.8186;37.9207;19.0723;10.3722;4674.14;6.23665;0;0;0.1;0.01;0;6.73633;0;0;-1
0;774;76.5228;52.4264;18.7584;8.77615;2831.4;5.27697;0;0;0.1;0.01;0;4.58156;0;0;-1
0;775;91.5312;-22.0692;18.6359;9.7875;3927.39;5.88508;0;0;0.1;0.01;0;4.34491;0;0;-1
0;776;92.7509;-7.35388;19.9344;8.5;2572.44;5.11093;0;0;0.1;0.01;0;2.61788;1;0;-1
0;777;91.7014;9.32464;16.2169;9.05672;3111.73;5.44567;0;0;0.1;0.01;0;2.52729;0;0;-1
0;778;89.4667;26.8436;17.3924;9.35384;3428.14;5.62433;0;0;0.1;0.01;0;4.07798;0;0;-1
0;779;-93.5857;2.41111;34.5641;8.55786;2625.33;5.14572;0;0;0.1;0.01;0;2.84405;0;0;-1
0;780;-82.0421;-39.7102;31.6318;9.85962;4014.85;5.92845;0;0;0.1;0.01;0;3.15434;0;0;-1
0;781;-79.6863;-25.0846;32.4517;9.32437;3395.84;5.60661;0;0;0.1;0.01;0;4.2528;0;0;-1
0;782;-79.001;-6.09302;34.0264;9.22038;3283.49;5.54408;0;0;0.1;0.01;0;5.97747;0;0;-1
0;783;-80.1773;10.0446;31.8136;8.73128;2788.19;5.24999;0;0;0.1;0.01;0;4.89412;0;0;-1
0;784;-82.7024;25.8731;30.9184;9.40262;3482.05;5.65366;0;0;0.1;0.01;0;2.74896;0;0;-1
0;785;-79.902;46.0295;31.3515;8.54151;2610.31;5.13589;0;0;0.1;0.01;0;2.2044;0;0;-1
0;786;-65.9598;-66.8872;33.9563;9.46889;3556.2;5.69351;0;0;0.1;0.01;0;3.41759;0;0;-1
0;787;-66.6286;-47.6762;32.2384;9.70994;3834.76;5.83845;0;0;0.1;0.01;0;4.79059;0;0;-1
0;788;-64.3044;-30.7662;34.2052;9.95636;4134.19;5.98661;0;0;0.1;0.01;0;6.55693;0;0;-1
0;789;-66.7744;-15.564;31.0149;8.5;2572.44;5.11093;0;0;0.1;0.01;0;5.95386;1;0;-1
0;790;-65.6081;0.0158434;34.1248;8.9441;2997.08;5.37796;0;0;0.1;0.01;0;5.9856;0;0;-1
0;791;-66.5517;18.1314;33.8926;8.5;2572.44;5.11093;0;0;0.1;0.01;0;4.42934;1;0;-1
0;792;-64.408;35.1709;31.6579;8.58667;2651.94;5.16304;0;0;0.1;0.01;0;4.16634;0;0;-1
0;793;-66.8391;53.0579;33.2027;9.91933;4088.23;5.96435;0;0;0.1;0.01;0;3.57463;0;0;-1
0;794;-53.1852;-73.3268;30.6159;10.1149;4334.84;6.08194;0;0;0.1;0.01;0;4.85196;0;0;-1
0;795;-50.1854;-58.7153;30.9832;9.48167;3570.62;5.70119;0;0;0.1;0.01;0;6.02634;0;0;-1
0;796;-49.84;-38.4016;31.6528;9.72083;3847.68;5.84499;0;0;0.1;0.01;0;6.12779;0;0;-1
0;797;-52.8052;-21.2948;31.1189;8.5;2572.44;5.11093;0;0;0.1;0.01;0;4.91534;1;0;-1
0;798;-52.7054;-7.29143;34.1922;9.66627;3783.25;5.81219;0;0;0.1;0.01;0;4.47731;0;0;-1
0;799;-51.6672;11.8725;31.7831;8.5;2572.44;5.11093;0;0;0.1;0.01;0;4.16137;1;0;-1
0;800;-50.714;29.4073;32.6085;8.5;2572.44;5.11093;0;0;0.1;0.01;0;5.23835;1;0;-1
0;801;-52.7804;43.3385;33.1306;8.5;2572.44;5.11093;0;0;0.1;0.01;0;5.24308;1;0;-1
0;802;-51.647;60.0668;33.9738;8.5;2572.44;5.11093;0;0;0.1;0.01;0;4.23765;1;0;-1
0;803;-35.6442;-85.3967;34.2811;10.1766;4414.65;6.11904;0;0;0.1;0.01;0;3.63645;0;0;-1
0;804;-38.0026;-66.3752;31.2837;8.5;2572.44;5.11093;0;0;0.1;0.01;0;4.55889;1;0;-1
0;805;-37.947;-47.2952;33.127;9.74583;3877.44;5.86003;0;0;0.1;0.01;0;5.96545;0;0;-1
0;806;-34.4735;-33.0327;33.0311;10.2533;4515.23;6.16516;0;0;0.1;0.01;0;6.52104;0;0;-1
0;807;-35.173;-16.2781;32.7164;8.8572;2910.57;5.32571;0;0;0.1;0.01;0;4.12898;0;0;-1
0;808;-35.3336;2.98246;32.2957;8.80953;2863.83;5.29704;0;0;0.1;0.01;0;4.53485;0;0;-1
0;809;-38.305;17.6714;32.7575;8.96634;3019.49;5.39133;0;0;0.1;0.01;0;4.90111;0;0;-1
0;810;-36.9793;37.9424;31.6608;9.65063;3764.92;5.80278;0;0;0.1;0.01;0;6.0841;0;0;-1
0;811;-36.8432;52.4672;32.415;8.9865;3039.91;5.40345;0;0;0.1;0.01;0;5.22336;0;0;-1
0;812;-37.9059;69.1944;32.1192;8.5;2572.44;5.11093;0;0;0.1;0.01;0;3.35586;1;0;-1
0;813;-20.9651;-91.0271;34.0174;9.86408;4020.3;5.93113;0;0;0.1;0.01;0;3.7645;0;0;-1
0;814;-22.927;-74.3021;32.2342;8.5;2572.44;5.11093;0;0;0.1;0.01;0;5.11862;1;0;-1
0;815;-22.8344;-57.0523;34.4183;8.61747;2680.57;5.18156;0;0;0.1;0.01;0;4.58448;0;0;-1
0;816;-21.8606;-42.7433;31.8894;8.61331;2676.69;5.17906;0;0;0.1;0.01;0;5.68005;0;0;-1
0;817;-20.4339;-21.6623;31.3808;8.5;2572.44;5.11093;0;0;0.1;0.01;0;3.96012;1;0;-1
0;818;-20.9546;-4.75674;34.0486;9.37895;3455.82;5.63943;0;0;0.1;0.01;0;5.90065;0;0;-1
0;819;-21.79;11.1911;31.6473;8.93559;2988.53;5.37284;0;0;0.1;0.01;0;5.87735;0;0;-1
0;820;-22.9968;29.3685;33.7802;9.49202;3582.32;5.70741;0;0;0.1;0.01;0;5.55494;0;0;-1
0;821;-20.7382;44.2984;33.8138;9.19925;3260.96;5.53138;0;0;0.1;0.01;0;6.29589;0;0;-1
0;822;-20.428;59.7001;30.9785;8.65751;2718.11;5.20564;0;0;0.1;0.01;0;5.1214;0;0;-1
0;823;-21.7722;76.7171;32.6708;10.0526;4255.24;6.04448;0;0;0.1;0.01;0;4.73769;0;0;-1
0;824;-6.81774;-81.4861;33.0037;10.2345;4490.44;6.15386;0;0;0.1;0.01;0;5.7365;0;0;-1
0;825;-7.58137;-65.8525;32.042;9.11861;3175.96;5.48289;0;0;0.1;0.01;0;4.85326;0;0;-1
0;826;-8.80767;-46.94;30.797;9.1191;3176.47;5.48318;0;0;0.1;0.01;0;5.15139;0;0;-1
0;827;-5.46297;-32.6286;31.1721;8.5;2572.44;5.11093;0;0;0.1;0.01;0;4.74413;1;0;-1
0;828;-8.84208;-13.1776;31.5856;10.4144;4731.42;6.26203;0;0;0.1;0.01;0;6.59221;0;0;-1
0;829;-7.46438;3.47661;31.9502;9.30981;3379.96;5.59785;0;0;0.1;0.01;0;6.08548;0;0;-1
0;830;-6.85576;20.9985;33.6349;10.0649;4270.88;6.05188;0;0;0.1;0.01;0;5.67618;0;0;-1
0;831;-7.4811;37.7966;34.0875;9.13604;3194.2;5.49337;0;0;0.1;0.01;0;6.14431;0;0;-1
0;832;-5.84931;51.7217;33.6887;8.5;2572.44;5.11093;0;0;0.1;0.01;0;5.49231;1;0;-1
0;833;-7.20108;69.7826;32.3958;8.73803;2794.66;5.25405;0;0;0.1;0.01;0;4.35002;0;0;-1
0;834;-6.7857;88.652;31.1317;8.56897;2635.57;5.1524;0;0;0.1;0.01;0;2.16772;0;0;-1
0;835;8.24581;-89.4395;34.6624;8.757;2812.9;5.26546;0;0;0.1;0.01;0;3.18286;0;0;-1
0;836;7.70413;-74.473;32.4949;10.4534;4784.77;6.28548;0;0;0.1;0.01;0;7.03352;0;0;-1
0;837;6.34376;-58.9454;31.8139;8.79873;2853.31;5.29055;0;0;0.1;0.01;0;5.10333;0;0;-1
0;838;8.48811;-42.9157;33.202;10.0561;4259.68;6.04659;0;0;0.1;0.01;0;6.75167;0;0;-1
0;839;6.86079;-23.8834;32.7506;8.90408;2957.03;5.35389;0;0;0.1;0.01;0;4.87912;0;0;-1
0;840;7.20974;-6.04789;33.7226;9.87605;4034.95;5.93833;0;0;0.1;0.01;0;6.05153;0;0;-1
0;841;5.65067;8.78995;34.3797;9.10205;3158.68;5.47293;0;0;0.1;0.01;0;4.74256;0;0;-1
0;842;8.33883;27.8176;31.0459;9.25309;3318.55;5.56375;0;0;0.1;0.01;0;5.15975;0;0;-1
0;843;6.79147;42.8932;30.5885;10.1876;4428.99;6.12566;0;0;0.1;0.01;0;6.42142;0;0;-1
0;844;8.64012;61.575;30.9039;8.68436;2743.48;5.22178;0;0;0.1;0.01;0;4.75712;0;0;-1
0;845;9.1202;78.9355;31.9024;9.46328;3549.88;5.69013;0;0;0.1;0.01;0;4.70392;0;0;-1
0;846;23.1419;-82.6651;33.8531;9.93443;4106.93;5.97343;0;0;0.1;0.01;0;4.76665;0;0;-1
0;847;22.6484;-67.9622;33.0075;9.85623;4010.71;5.92641;0;0;0.1;0.01;0;5.40306;0;0;-1
0;848;23.8695;-47.7348;33.388;8.90151;2954.47;5.35235;0;0;0.1;0.01;0;5.89596;0;0;-1
0;849;21.1372;-32.2874;32.4708;10.1635;4397.63;6.11117;0;0;0.1;0.01;0;7.0388;0;0;-1
0;850;22.1171;-14.0042;32.2135;10.1553;4386.99;6.10623;0;0;0.1;0.01;0;6.79646;0;0;-1
0;851;22.334;0.482082;30.9401;8.92445;2977.37;5.36614;0;0;0.1;0.01;0;5.12642;0;0;-1
0;852;23.0069;19.3384;30.4854;9.06881;3124.2;5.45294;0;0;0.1;0.01;0;4.82394;0;0;-1
0;853;22.1091;37.557;33.9851;9.3486;3422.38;5.62118;0;0;0.1;0.01;0;5.73723;0;0;-1
0;854;23.7937;51.3869;32.5745;9.90615;4071.96;5.95642;0;0;0.1;0.01;0;6.81429;0;0;-1
0;855;22.3274;68.7554;31.0017;8.75237;2808.44;5.26267;0;0;0.1;0.01;0;5.90349;0;0;-1
0;856;20.8584;89.3912;34.224;9.34689;3420.5;5.62015;0;0;0.1;0.01;0;1.60215;0;0;-1
0;857;35.7832;-74.7242;32.7927;8.5;2572.44;5.11093;0;0;0.1;0.01;0;3.4266;1;0;-1
0;858;37.188;-55.0848;32.8411;9.55435;3653.36;5.74489;0;0;0.1;0.01;0;5.7629;0;0;-1
0;859;35.5751;-38.4181;30.8924;8.5;2572.44;5.11093;0;0;0.1;0.01;0;5.30981;1;0;-1
0;860;37.4991;-21.9831;32.1844;8.5;2572.44;5.11093;0;0;0.1;0.01;0;4.75538;1;0;-1
0;861;35.9003;-4.81592;33.2048;9.17157;3231.62;5.51473;0;0;0.1;0.01;0;5.72662;0;0;-1
0;862;38.741;9.35277;32.488;8.59517;2659.82;5.16815;0;0;0.1;0.01;0;4.91339;0;0;-1
0;863;38.1034;25.5613;32.9986;9.81869;3965.06;5.90384;0;0;0.1;0.01;0;5.59416;0;0;-1
0;864;38.3511;43.1652;33.0901;9.76301;3897.98;5.87036;0;0;0.1;0.01;0;6.01957;0;0;-1
0;865;35.3796;61.8618;33.7033;9.76121;3895.83;5.86927;0;0;0.1;0.01;0;6.62651;0;0;-1
0;866;36.8568;77.2522;32.1587;10.0224;4217;6.02632;0;0;0.1;0.01;0;5.23744;0;0;-1
0;867;52.8268;-64.6645;31.9335;9.06145;3116.6;5.44852;0;0;0.1;0.01;0;3.97359;0;0;-1
0;868;53.1658;-49.3359;32.1236;9.43641;3519.73;5.67398;0;0;0.1;0.01;0;5.65688;0;0;-1
0;869;52.0682;-33.3855;32.4052;9.52844;3623.71;5.72931;0;0;0.1;0.01;0;6.14063;0;0;-1
0;870;51.545;-17.317;31.5958;9.93219;4104.15;5.97208;0;0;0.1;0.01;0;6.3209;0;0;-1
0;871;53.2116;0.914998;33.8748;10.0205;4214.6;6.02518;0;0;0.1;0.01;0;6.86809;0;0;-1
0;872;52.4629;17.8223;33.3838;8.9672;3020.36;5.39185;0;0;0.1;0.01;0;6.0174;0;0;-1
0;873;53.4742;38.1468;32.2391;8.9671;3020.26;5.39179;0;0;0.1;0.01;0;6.03569;0;0;-1
0;874;53.2657;53.1799;33.3297;9.60563;3712.5;5.77573;0;0;0.1;0.01;0;6.96803;0;0;-1
0;875;51.424;68.3305;32.4196;9.14929;3208.12;5.50134;0;0;0.1;0.01;0;4.86915;0;0;-1
0;876;67.2581;-58.0707;32.425;8.83388;2887.64;5.31168;0;0;0.1;0.01;0;3.29217;0;0;-1
0;877;67.6931;-38.6031;31.5561;9.31078;3381.01;5.59844;0;0;0.1;0.01;0;5.34638;0;0;-1
0;878;66.3885;-21.8149;31.9681;9.12977;3187.63;5.4896;0;0;0.1;0.01;0;5.27203;0;0;-1
0;879;66.9423;-4.76506;32.6243;9.85842;4013.38;5.92772;0;0;0.1;0.01;0;5.72589;0;0;-1
0;880;67.2115;10.359;32.9761;8.94914;3002.15;5.38099;0;0;0.1;0.01;0;6.55248;0;0;-1
0;881;66.2104;28.0108;33.782;8.61621;2679.4;5.1808;0;0;0.1;0.01;0;5.82174;0;0;-1
0;882;67.316;45.6469;31.0896;9.11558;3172.79;5.48107;0;0;0.1;0.01;0;6.46617;0;0;-1
0;883;67.0132;59.5008;32.0767;9.87652;4035.53;5.93861;0;0;0.1;0.01;0;4.75478;0;0;-1
0;884;79.9446;-30.2575;33.8273;9.91075;4077.63;5.95919;0;0;0.1;0.01;0;4.39868;0;0;-1
0;885;80.1762;-15.9667;30.7247;8.8039;2858.34;5.29366;0;0;0.1;0.01;0;4.50478;0;0;-1
0;886;79.6565;3.68592;33.551;10.0827;4293.58;6.06258;0;0;0.1;0.01;0;4.9482;0;0;-1
0;887;80.7127;19.7006;34.1941;8.73611;2792.82;5.2529;0;0;0.1;0.01;0;3.84923;0;0;-1
0;888;80.5421;33.6362;31.9226;8.98096;3034.29;5.40012;0;0;0.1;0.01;0;4.25809;0;0;-1
0;889;-86.353;-6.44469;47.2398;9.7781;3916.08;5.87943;0;0;0.1;0.01;0;3.24374;0;0;-1
0;890;-85.6598;9.85733;47.7965;10.4049;4718.48;6.25632;0;0;0.1;0.01;0;3.02281;0;0;-1
0;891;-69.0186;-49.9827;48.7945;10.4318;4755.17;6.27249;0;0;0.1;0.01;0;2.88125;0;0;-1
0;892;-69.392;-33.7486;47.9826;8.5;2572.44;5.11093;0;0;0.1;0.01;0;4.09339;1;0;-1
0;893;-69.367;-13.3651;47.6952;9.91875;4087.52;5.964;0;0;0.1;0.01;0;5.7257;0;0;-1
0;894;-71.5183;0.838755;46.7792;8.91111;2964.04;5.35812;0;0;0.1;0.01;0;5.62312;0;0;-1
0;895;-68.5665;18.0376;47.0534;8.75571;2811.66;5.26468;0;0;0.1;0.01;0;3.93477;0;0;-1
0;896;-70.5787;36.4581;49.3677;9.25688;3322.63;5.56603;0;0;0.1;0.01;0;1.72371;0;0;-1
0;897;-56.6369;-59.6073;46.1521;8.92538;2978.3;5.3667;0;0;0.1;0.01;0;4.10163;0;0;-1
0;898;-57.057;-39.1338;47.6021;9.30218;3371.65;5.59327;0;0;0.1;0.01;0;5.77781;0;0;-1
0;899;-57.0476;-23.2641;47.2589;8.5;2572.44;5.11093;0;0;0.1;0.01;0;5.45088;1;0;-1
0;900;-56.8245;-6.91453;48.8085;9.56046;3660.37;5.74857;0;0;0.1;0.01;0;5.90517;0;0;-1
0;901;-54.6001;12.7577;45.9839;8.6949;2753.48;5.22812;0;0;0.1;0.01;0;4.42118;0;0;-1
0;902;-57.7013;29.7462;45.9845;8.5;2572.44;5.11093;0;0;0.1;0.01;0;4.65881;1;0;-1
0;903;-56.3035;45.9442;47.0294;8.5;2572.44;5.11093;0;0;0.1;0.01;0;4.46152;1;0;-1
0;904;-54.4403;61.2993;46.4146;8.73256;2789.42;5.25076;0;0;0.1;0.01;0;3.50087;0;0;-1
0;905;-40.6485;-64.3859;45.8804;8.77308;2828.43;5.27513;0;0;0.1;0.01;0;3.664;0;0;-1
0;906;-40.4077;-50.5787;48.2061;9.14813;3206.9;5.50064;0;0;0.1;0.01;0;5.16022;0;0;-1
0;907;-43.1979;-30.0729;46.0961;10.1709;4407.24;6.11561;0;0;0.1;0.01;0;6.05248;0;0;-1
0;908;-41.5083;-14.2941;49.0791;8.5;2572.44;5.11093;0;0;0.1;0.01;0;4.9882;1;0;-1
0;909;-41.6404;0.774184;49.2585;8.65928;2719.78;5.2067;0;0;0.1;0.01;0;4.59965;0;0;-1
0;910;-42.0978;16.7735;48.2704;10.2808;4551.66;6.1817;0;0;0.1;0.01;0;5.92349;0;0;-1
0;911;-42.3279;35.876;45.2269;8.59133;2656.26;5.16584;0;0;0.1;0.01;0;4.94991;0;0;-1
0;912;-41.2215;53.2394;48.9009;10.1348;4360.48;6.09391;0;0;0.1;0.01;0;6.53598;0;0;-1
0;913;-42.4871;69.7211;48.0974;9.85071;4003.97;5.92309;0;0;0.1;0.01;0;4.23763;0;0;-1
0;914;-27.8284;-76.7434;46.737;9.0812;3137.03;5.46039;0;0;0.1;0.01;0;2.96126;0;0;-1
0;915;-26.1696;-55.5058;48.3194;8.59395;2658.69;5.16742;0;0;0.1;0.01;0;5.99512;0;0;-1
0;916;-27.686;-41.4908;46.5266;9.63897;3751.29;5.79577;0;0;0.1;0.01;0;7.5761;0;0;-1
0;917;-28.0317;-24.2574;49.4364;8.5;2572.44;5.11093;0;0;0.1;0.01;0;4.80371;1;0;-1
0;918;-25.7021;-8.79445;47.3272;8.5;2572.44;5.11093;0;0;0.1;0.01;0;4.63718;1;0;-1
0;919;-26.6729;12.027;46.5404;9.92574;4096.16;5.9682;0;0;0.1;0.01;0;5.77858;0;0;-1
0;920;-26.958;29.5836;48.5548;10.2075;4454.99;6.13762;0;0;0.1;0.01;0;7.06286;0;0;-1
0;921;-26.3521;45.1496;48.8377;9.22863;3292.31;5.54904;0;0;0.1;0.01;0;6.11803;0;0;-1
0;922;-25.8918;60.8792;46.5187;10.3198;4603.65;6.20515;0;0;0.1;0.01;0;6.87178;0;0;-1
0;923;-25.5709;79.3341;48.4995;9.1597;3219.08;5.50759;0;0;0.1;0.01;0;3.17624;0;0;-1
0;924;-12.3654;-80.7908;46.0126;8.874;2927.16;5.33581;0;0;0.1;0.01;0;3.07129;0;0;-1
0;925;-11.8801;-64.686;47.9638;8.62741;2689.86;5.18754;0;0;0.1;0.01;0;4.4555;0;0;-1
0;926;-13.4911;-47.9737;46.5719;10.3686;4669.27;6.23449;0;0;0.1;0.01;0;7.51941;0;0;-1
0;927;-12.6907;-33.5702;49.1094;10.005;4195.08;6.01586;0;0;0.1;0.01;0;5.88219;0;0;-1
0;928;-11.4168;-13.8837;48.6906;9.93402;4106.42;5.97318;0;0;0.1;0.01;0;6.7718;0;0;-1
0;929;-11.0386;0.270655;46.1113;9.49154;3581.78;5.70713;0;0;0.1;0.01;0;6.64981;0;0;-1
0;930;-13.1767;19.5106;47.8653;10.0132;4205.4;6.02079;0;0;0.1;0.01;0;6.25836;0;0;-1
0;931;-11.2577;37.0937;49.055;8.84922;2902.71;5.32091;0;0;0.1;0.01;0;6.45168;0;0;-1
0;932;-12.2024;52.5428;48.785;9.02879;3083.03;5.42888;0;0;0.1;0.01;0;7.20901;0;0;-1
0;933;-11.7501;69.7913;48.0778;10.1432;4371.33;6.09896;0;0;0.1;0.01;0;5.86741;0;0;-1
0;934;-12.8188;86.6141;47.9954;8.5;2572.44;5.11093;0;0;0.1;0.01;0;1.66544;1;0;-1
0;935;2.05875;-73.1375;45.8821;8.5;2572.44;5.11093;0;0;0.1;0.01;0;4.91259;1;0;-1
0;936;1.61368;-59.4384;46.6236;8.99434;3047.87;5.40817;0;0;0.1;0.01;0;5.60843;0;0;-1
0;937;2.35289;-42.2782;46.954;9.40872;3488.83;5.65733;0;0;0.1;0.01;0;5.65233;0;0;-1
0;938;1.4429;-22.4069;48.5095;9.3869;3464.62;5.64421;0;0;0.1;0.01;0;5.82067;0;0;-1
0;939;4.30874;-5.38835;49.046;9.50215;3593.8;5.7135;0;0;0.1;0.01;0;6.81148;0;0;-1
0;940;3.22345;8.8668;49.238;9.40384;3483.41;5.65439;0;0;0.1;0.01;0;5.80822;0;0;-1
0;941;1.8219;29.6385;47.3227;8.5;2572.44;5.11093;0;0;0.1;0.01;0;5.05138;1;0;-1
0;942;1.08336;45.5413;47.5997;8.53776;2606.88;5.13363;0;0;0.1;0.01;0;6.1722;0;0;-1
0;943;1.48623;60.6226;45.6715;9.03964;3094.15;5.4354;0;0;0.1;0.01;0;5.43675;0;0;-1
0;944;4.93186;79.7296;48.6596;10.1102;4328.8;6.07912;0;0;0.1;0.01;0;3.00464;0;0;-1
0;945;18.9266;-84.4731;48.8918;8.82496;2878.9;5.30632;0;0;0.1;0.01;0;1.95449;0;0;-1
0;946;18.2797;-65.9306;46.7069;9.13393;3191.99;5.4921;0;0;0.1;0.01;0;4.694;0;0;-1
0;947;16.9275;-49.4109;46.2849;8.5;2572.44;5.11093;0;0;0.1;0.01;0;4.61405;1;0;-1
0;948;19.3929;-34.4004;45.9295;10.2763;4545.68;6.17899;0;0;0.1;0.01;0;6.56789;0;0;-1
0;949;16.146;-14.8583;48.4571;9.22523;3288.67;5.547;0;0;0.1;0.01;0;6.3405;0;0;-1
0;950;18.7778;1.812;48.5246;8.50641;2578.26;5.11478;0;0;0.1;0.01;0;5.65705;0;0;-1
0;951;17.3916;17.4892;46.7737;9.55479;3653.86;5.74516;0;0;0.1;0.01;0;5.23446;0;0;-1
0;952;16.021;36.3981;49.0172;8.5;2572.44;5.11093;0;0;0.1;0.01;0;4.95184;1;0;-1
0;953;19.2406;50.8517;45.565;9.03341;3087.76;5.43166;0;0;0.1;0.01;0;5.11163;0;0;-1
0;954;17.4139;71.0974;46.7957;9.52319;3617.73;5.72616;0;0;0.1;0.01;0;4.54243;0;0;-1
0;955;33.2097;-74.2737;48.7907;8.9766;3029.87;5.3975;0;0;0.1;0.01;0;3.24172;0;0;-1
0;956;33.1116;-57.1372;47.8281;9.60965;3717.16;5.77814;0;0;0.1;0.01;0;6.04593;0;0;-1
0;957;33.477;-39.2135;45.8225;9.85133;4004.73;5.92346;0;0;0.1;0.01;0;6.54242;0;0;-1
0;958;30.7992;-22.515;46.1749;9.98303;4167.5;6.00265;0;0;0.1;0.01;0;6.38858;0;0;-1
0;959;31.9819;-5.04097;47.7724;9.48791;3577.67;5.70494;0;0;0.1;0.01;0;5.83304;0;0;-1
0;960;33.2577;12.0672;47.6416;9.44032;3524.1;5.67633;0;0;0.1;0.01;0;5.47973;0;0;-1
0;961;30.687;25.7829;46.9797;9.75134;3884.02;5.86334;0;0;0.1;0.01;0;6.52758;0;0;-1
0;962;32.7096;43.2073;48.5141;8.95476;3007.81;5.38437;0;0;0.1;0.01;0;6.11658;0;0;-1
0;963;31.8858;59.3286;48.615;9.99243;4179.28;6.0083;0;0;0.1;0.01;0;6.93099;0;0;-1
0;964;30.9319;76.2529;47.6984;9.44588;3530.33;5.67967;0;0;0.1;0.01;0;4.12531;0;0;-1
0;965;45.9721;-63.7033;46.5695;8.50235;2574.57;5.11234;0;0;0.1;0.01;0;3.30861;0;0;-1
0;966;46.1761;-47.4747;47.5698;10.2055;4452.37;6.13642;0;0;0.1;0.01;0;6.42919;0;0;-1
0;967;47.6496;-31.4641;46.2931;8.5;2572.44;5.11093;0;0;0.1;0.01;0;5.04357;1;0;-1
0;968;45.2321;-13.9433;49.0304;9.26855;3335.22;5.57304;0;0;0.1;0.01;0;5.88929;0;0;-1
0;969;45.8966;-0.224699;45.3752;8.5;2572.44;5.11093;0;0;0.1;0.01;0;5.34631;1;0;-1
0;970;47.718;20.785;46.8782;10.0206;4214.73;6.02524;0;0;0.1;0.01;0;7.16541;0;0;-1
0;971;45.3008;36.6221;48.5864;9.44979;3534.72;5.68202;0;0;0.1;0.01;0;6.79799;0;0;-1
0;972;46.4687;54.7682;49.105;9.69619;3818.49;5.83018;0;0;0.1;0.01;0;5.88154;0;0;-1
0;973;45.661;72.0076;48.4203;9.86394;4020.13;5.93104;0;0;0.1;0.01;0;3.34244;0;0;-1
0;974;63.7056;-58.7691;46.4818;8.74716;2803.43;5.25954;0;0;0.1;0.01;0;2.38089;0;0;-1
0;975;62.0141;-42.3731;47.6448;9.36522;3440.67;5.63117;0;0;0.1;0.01;0;5.04874;0;0;-1
0;976;59.8948;-24.0717;48.5257;8.5;2572.44;5.11093;0;0;0.1;0.01;0;4.8615;1;0;-1
0;977;63.6059;-8.70072;46.8152;10.1425;4370.42;6.09854;0;0;0.1;0.01;0;6.67382;0;0;-1
0;978;60.6648;8.13351;47.1498;9.86993;4027.46;5.93465;0;0;0.1;0.01;0;6.38327;0;0;-1
0;979;61.5213;26.81;46.1128;9.90075;4065.3;5.95318;0;0;0.1;0.01;0;6.42531;0;0;-1
0;980;60.1721;43.6503;46.0443;10.1384;4365.13;6.09607;0;0;0.1;0.01;0;6.24286;0;0;-1
0;981;61.1657;61.0038;46.9951;9.12844;3186.24;5.4888;0;0;0.1;0.01;0;3.76015;0;0;-1
0;982;77.2973;-30.3697;48.6474;8.61289;2676.3;5.17881;0;0;0.1;0.01;0;2.62354;0;0;-1
0;983;77.1277;-17.1017;47.7285;8.5;2572.44;5.11093;0;0;0.1;0.01;0;3.16341;1;0;-1
0;984;75.5661;1.82945;46.5489;9.84126;3992.46;5.91741;0;0;0.1;0.01;0;5.04764;0;0;-1
0;985;78.6902;17.3365;48.7996;10.0526;4255.24;6.04448;0;0;0.1;0.01;0;4.18515;0;0;-1
0;986;75.2828;34.6952;45.9204;10.2898;4563.62;6.18711;0;0;0.1;0.01;0;4.40735;0;0;-1
0;987;-65.6136;-30.2867;62.2646;8.57744;2643.39;5.15749;0;0;0.1;0.01;0;3.43687;0;0;-1
0;988;-66.5773;-15.4225;63.553;8.87947;2932.58;5.3391;0;0;0.1;0.01;0;3.53923;0;0;-1
0;989;-66.6899;0.550702;61.3327;8.52153;2592.04;5.12387;0;0;0.1;0.01;0;3.48004;0;0;-1
0;990;-66.1517;19.5103;63.9364;9.60852;3715.85;5.77746;0;0;0.1;0.01;0;3.35554;0;0;-1
0;991;-51.8181;-58.4796;60.4458;9.06277;3117.97;5.44931;0;0;0.1;0.01;0;2.13955;0;0;-1
0;992;-51.4178;-38.7611;63.6234;10.4312;4754.35;6.27213;0;0;0.1;0.01;0;5.19809;0;0;-1
0;993;-50.747;-24.5034;63.3007;8.99047;3043.94;5.40584;0;0;0.1;0.01;0;6.41192;0;0;-1
0;994;-52.7047;-8.79095;61.3383;8.75928;2815.1;5.26683;0;0;0.1;0.01;0;4.57433;0;0;-1
0;995;-53.4854;10.3289;61.6452;10.3467;4639.75;6.22132;0;0;0.1;0.01;0;5.60416;0;0;-1
0;996;-53.0228;27.1222;62.1072;8.5119;2583.26;5.11808;0;0;0.1;0.01;0;4.04165;0;0;-1
0;997;-51.7534;46.5224;61.8029;9.49673;3587.66;5.71025;0;0;0.1;0.01;0;3.02753;0;0;-1
0;998;-36.3722;-47.5582;60.5155;9.31429;3384.84;5.60055;0;0;0.1;0.01;0;6.18532;0;0;-1
0;999;-36.9175;-33.168;64.1681;8.56914;2635.73;5.1525;0;0;0.1;0.01;0;5.89002;0;0;-1
0;1000;-35.4751;-15.6562;62.6724;9.77893;3917.08;5.87993;0;0;0.1;0.01;0;6.61884;0;0;-1
0;1001;-36.1676;1.45577;63.9655;8.73934;2795.92;5.25484;0;0;0.1;0.01;0;4.87574;0;0;-1
0;1002;-35.0658;19.5866;62.2145;8.80965;2863.94;5.29711;0;0;0.1;0.01;0;5.88749;0;0;-1
0;1003;-35.2278;37.0911;60.6624;9.96828;4149.06;5.99378;0;0;0.1;0.01;0;6.29315;0;0;-1
0;1004;-38.3062;52.2586;63.8422;9.47991;3568.63;5.70013;0;0;0.1;0.01;0;3.94468;0;0;-1
0;1005;-38.316;67.9563;60.6975;9.61487;3723.22;5.78128;0;0;0.1;0.01;0;3.18333;0;0;-1
0;1006;-21.3187;-73.2338;63.7647;8.5;2572.44;5.11093;0;0;0.1;0.01;0;1.71308;1;0;-1
0;1007;-23.2948;-57.0305;62.2438;10.4;4711.82;6.25337;0;0;0.1;0.01;0;6.18572;0;0;-1
0;1008;-22.2437;-40.8631;61.3903;10.2717;4539.58;6.17622;0;0;0.1;0.01;0;8.02934;0;0;-1
0;1009;-21.3025;-22.7385;63.6627;8.53442;2603.82;5.13162;0;0;0.1;0.01;0;6.24245;0;0;-1
0;1010;-21.9753;-5.56867;62.1288;10.3597;4657.26;6.22914;0;0;0.1;0.01;0;6.4378;0;0;-1
0;1011;-22.121;10.5222;60.8576;8.5;2572.44;5.11093;0;0;0.1;0.01;0;3.63246;1;0;-1
0;1012;-23.7877;26.8099;63.529;9.01866;3072.66;5.42279;0;0;0.1;0.01;0;4.69333;0;0;-1
0;1013;-22.4074;44.4768;62.8101;9.87176;4029.7;5.93575;0;0;0.1;0.01;0;6.77188;0;0;-1
0;1014;-21.8331;59.7002;60.1765;8.81698;2871.1;5.30152;0;0;0.1;0.01;0;5.43699;0;0;-1
0;1015;-7.87591;-67.6953;60.3442;8.52518;2595.37;5.12607;0;0;0.1;0.01;0;3.89036;0;0;-1
0;1016;-7.86989;-47.7035;63.1339;10.2311;4485.96;6.15181;0;0;0.1;0.01;0;6.71428;0;0;-1
0;1017;-5.56428;-29.8859;63.3961;9.05885;3113.92;5.44696;0;0;0.1;0.01;0;6.576;0;0;-1
0;1018;-6.85073;-15.3304;60.9674;8.54701;2615.36;5.13919;0;0;0.1;0.01;0;6.62662;0;0;-1
0;1019;-8.78378;0.618642;60.7701;8.5;2572.44;5.11093;0;0;0.1;0.01;0;4.71335;1;0;-1
0;1020;-6.9557;20.8326;60.3849;8.92528;2978.2;5.36664;0;0;0.1;0.01;0;4.61571;0;0;-1
0;1021;-8.83011;36.0092;63.5788;9.68264;3802.51;5.82203;0;0;0.1;0.01;0;7.04812;0;0;-1
0;1022;-6.47381;52.141;61.0309;9.64341;3756.48;5.79844;0;0;0.1;0.01;0;7.58049;0;0;-1
0;1023;-7.43274;67.6671;60.8745;10.3052;4584.14;6.19637;0;0;0.1;0.01;0;4.93625;0;0;-1
0;1024;5.31901;-73.7698;61.9502;8.5;2572.44;5.11093;0;0;0.1;0.01;0;2.23741;1;0;-1
0;1025;6.87183;-57.407;62.3003;10.176;4413.87;6.11868;0;0;0.1;0.01;0;5.81632;0;0;-1
0;1026;7.74083;-39.3522;61.029;8.5;2572.44;5.11093;0;0;0.1;0.01;0;4.55183;1;0;-1
0;1027;6.38424;-22.6924;62.347;9.92312;4092.92;5.96663;0;0;0.1;0.01;0;6.71177;0;0;-1
0;1028;9.17459;-6.37545;62.474;10.2402;4497.94;6.15728;0;0;0.1;0.01;0;6.8579;0;0;-1
0;1029;8.77958;12.1975;62.2449;8.66534;2725.5;5.21034;0;0;0.1;0.01;0;4.78826;0;0;-1
0;1030;7.92115;26.325;63.4103;8.5;2572.44;5.11093;0;0;0.1;0.01;0;5.49516;1;0;-1
0;1031;7.42461;42.0739;60.0852;10.2988;4575.6;6.19252;0;0;0.1;0.01;0;6.6346;0;0;-1
0;1032;6.64113;63.0856;63.29;9.3194;3390.41;5.60362;0;0;0.1;0.01;0;4.62301;0;0;-1
0;1033;21.3027;-63.8607;60.9621;8.5;2572.44;5.11093;0;0;0.1;0.01;0;3.70092;1;0;-1
0;1034;23.2577;-50.2964;61.953;8.5;2572.44;5.11093;0;0;0.1;0.01;0;4.43469;1;0;-1
0;1035;20.9408;-32.3637;61.0344;8.5;2572.44;5.11093;0;0;0.1;0.01;0;3.83317;1;0;-1
0;1036;24.2119;-12.6677;60.3708;8.5;2572.44;5.11093;0;0;0.1;0.01;0;5.40583;1;0;-1
0;1037;20.6099;2.95263;61.7833;8.5;2572.44;5.11093;0;0;0.1;0.01;0;5.06573;1;0;-1
0;1038;23.0812;19.7943;63.7365;10.3275;4613.96;6.20978;0;0;0.1;0.01;0;7.34274;0;0;-1
0;1039;21.927;37.8434;63.1515;8.70203;2760.26;5.2324;0;0;0.1;0.01;0;5.68866;0;0;-1
0;1040;21.5755;53.1559;60.4213;8.5;2572.44;5.11093;0;0;0.1;0.01;0;5.2974;1;0;-1
0;1041;22.1331;69.1057;61.3936;9.0674;3122.75;5.4521;0;0;0.1;0.01;0;3.39147;0;0;-1
0;1042;34.6697;-59.7321;63.543;8.5;2572.44;5.11093;0;0;0.1;0.01;0;2.17204;1;0;-1
0;1043;36.1563;-39.3399;62.5739;9.23923;3303.66;5.55541;0;0;0.1;0.01;0;4.51257;0;0;-1
0;1044;38.1848;-22.814;61.891;8.81792;2872.02;5.30209;0;0;0.1;0.01;0;4.89395;0;0;-1
0;1045;35.7937;-5.05563;62.61;8.95321;3006.25;5.38344;0;0;0.1;0.01;0;4.80105;0;0;-1
0;1046;38.267;12.2867;61.3784;9.45337;3538.74;5.68417;0;0;0.1;0.01;0;5.64815;0;0;-1
0;1047;37.9518;26.207;60.2561;8.5;2572.44;5.11093;0;0;0.1;0.01;0;6.73128;1;0;-1
0;1048;35.5193;43.3612;63.5221;9.23679;3301.05;5.55395;0;0;0.1;0.01;0;5.62913;0;0;-1
0;1049;38.6616;60.4722;63.3824;9.72555;3853.28;5.84783;0;0;0.1;0.01;0;3.94795;0;0;-1
0;1050;53.4587;-48.7329;61.7439;9.52246;3616.9;5.72572;0;0;0.1;0.01;0;3.22322;0;0;-1
0;1051;50.3683;-33.3909;60.8843;8.5;2572.44;5.11093;0;0;0.1;0.01;0;4.87572;1;0;-1
0;1052;51.0277;-15.283;62.1417;9.58171;3684.83;5.76134;0;0;0.1;0.01;0;5.69802;0;0;-1
0;1053;50.0362;0.793956;62.6987;8.5;2572.44;5.11093;0;0;0.1;0.01;0;4.12905;1;0;-1
0;1054;50.553;20.6918;60.9303;8.5;2572.44;5.11093;0;0;0.1;0.01;0;5.72227;1;0;-1
0;1055;50.8722;34.8029;61.8215;9.8158;3961.56;5.9021;0;0;0.1;0.01;0;6.01565;0;0;-1
0;1056;53.6952;53.0073;62.7381;10.1404;4367.71;6.09728;0;0;0.1;0.01;0;3.14236;0;0;-1
0;1057;67.0784;-40.8585;60.8932;10.4293;4751.76;6.27099;0;0;0.1;0.01;0;2.85287;0;0;-1
0;1058;64.4537;-21.5209;62.1464;8.5;2572.44;5.11093;0;0;0.1;0.01;0;2.95908;1;0;-1
0;1059;64.4405;-5.43947;61.8683;8.5;2572.44;5.11093;0;0;0.1;0.01;0;4.08119;1;0;-1
0;1060;66.7707;9.19648;60.6553;9.7064;3830.57;5.83632;0;0;0.1;0.01;0;3.28818;0;0;-1
0;1061;65.1738;25.0296;60.1634;8.80062;2855.15;5.29169;0;0;0.1;0.01;0;2.8192;0;0;-1
0;1062;-54.423;-23.7655;75.9843;9.34551;3418.99;5.61932;0;0;0.1;0.01;0;3.60294;0;0;-1
0;1063;-56.508;-4.70354;78.704;8.5;2572.44;5.11093;0;0;0.1;0.01;0;1.66287;1;0;-1
0;1064;-54.943;10.6797;76.2474;9.32397;3395.4;5.60637;0;0;0.1;0.01;0;3.90412;0;0;-1
0;1065;-56.4418;29.7255;75.0169;10.447;4775.99;6.28163;0;0;0.1;0.01;0;3.2342;0;0;-1
0;1066;-40.0299;-48.9617;77.0217;8.5;2572.44;5.11093;0;0;0.1;0.01;0;2.24597;1;0;-1
0;1067;-42.2502;-30.7962;77.7964;8.79456;2849.25;5.28804;0;0;0.1;0.01;0;4.7487;0;0;-1
0;1068;-40.3991;-15.9272;75.0952;9.98709;4172.59;6.00509;0;0;0.1;0.01;0;6.54667;0;0;-1
0;1069;-40.4517;2.86673;77.95;9.51488;3608.27;5.72116;0;0;0.1;0.01;0;5.73159;0;0;-1
0;1070;-41.632;17.7759;74.6437;8.54694;2615.29;5.13915;0;0;0.1;0.01;0;5.54988;0;0;-1
0;1071;-39.3205;33.6834;76.4778;9.87209;4030.1;5.93594;0;0;0.1;0.01;0;4.14199;0;0;-1
0;1072;-24.3903;-55.1641;76.9393;9.73996;3870.44;5.8565;0;0;0.1;0.01;0;3.46869;0;0;-1
0;1073;-26.2695;-40.8507;74.9495;9.02504;3079.19;5.42663;0;0;0.1;0.01;0;5.50524;0;0;-1
0;1074;-27.4705;-23.156;76.5355;10.0637;4269.35;6.05116;0;0;0.1;0.01;0;7.01331;0;0;-1
0;1075;-27.2479;-4.51907;77.9052;9.34698;3420.6;5.6202;0;0;0.1;0.01;0;6.54974;0;0;-1
0;1076;-24.981;12.2884;77.0404;9.04555;3100.23;5.43896;0;0;0.1;0.01;0;5.77593;0;0;-1
0;1077;-25.7872;26.5289;77.3029;9.31413;3384.66;5.60045;0;0;0.1;0.01;0;5.89795;0;0;-1
0;1078;-25.3422;43.7263;77.7627;9.28589;3353.97;5.58347;0;0;0.1;0.01;0;3.80803;0;0;-1
0;1079;-10.0652;-47.8142;76.4051;8.80812;2862.45;5.29619;0;0;0.1;0.01;0;4.92379;0;0;-1
0;1080;-12.4519;-31.1446;76.4169;10.2266;4480.05;6.14911;0;0;0.1;0.01;0;7.47937;0;0;-1
0;1081;-12.8009;-16.1729;74.6101;9.40462;3484.27;5.65486;0;0;0.1;0.01;0;7.35135;0;0;-1
0;1082;-13.5661;0.326115;78.4976;10.2202;4471.64;6.14526;0;0;0.1;0.01;0;6.59497;0;0;-1
0;1083;-11.4831;20.5751;78.3195;8.95194;3004.97;5.38267;0;0;0.1;0.01;0;5.81061;0;0;-1
0;1084;-10.8855;36.512;76.7789;10.0821;4292.81;6.06222;0;0;0.1;0.01;0;7.27599;0;0;-1
0;1085;-11.9909;51.5963;76.3151;9.93362;4105.93;5.97294;0;0;0.1;0.01;0;4.7818;0;0;-1
0;1086;3.54082;-58.8457;76.6051;10.3992;4710.73;6.25289;0;0;0.1;0.01;0;3.37138;0;0;-1
0;1087;1.37581;-42.2277;78.4865;8.5;2572.44;5.11093;0;0;0.1;0.01;0;4.97623;1;0;-1
0;1088;4.76861;-23.2437;76.333;10.0445;4244.96;6.03961;0;0;0.1;0.01;0;6.8089;0;0;-1
0;1089;1.29982;-7.59564;78.2469;9.92445;4094.57;5.96743;0;0;0.1;0.01;0;6.27027;0;0;-1
0;1090;3.26826;11.418;77.637;8.90179;2954.75;5.35252;0;0;0.1;0.01;0;4.54013;0;0;-1
0;1091;1.50677;27.3605;77.7791;9.65841;3774.03;5.80746;0;0;0.1;0.01;0;7.2387;0;0;-1
0;1092;2.54115;42.494;76.4674;10.3015;4579.2;6.19414;0;0;0.1;0.01;0;6.33694;0;0;-1
0;1093;4.04565;61.3733;76.5697;9.70352;3827.16;5.83459;0;0;0.1;0.01;0;3.28973;0;0;-1
0;1094;16.4719;-49.5964;74.9886;8.82222;2876.22;5.30467;0;0;0.1;0.01;0;3.51609;0;0;-1
0;1095;17.467;-30.7401;77.8463;9.94785;4123.6;5.9815;0;0;0.1;0.01;0;6.04349;0;0;-1
0;1096;18.4957;-13.1224;74.6086;9.11763;3174.93;5.4823;0;0;0.1;0.01;0;6.14221;0;0;-1
0;1097;16.7208;3.34235;76.3027;8.78297;2838;5.28107;0;0;0.1;0.01;0;5.25204;0;0;-1
0;1098;18.4109;20.1295;76.7592;8.5;2572.44;5.11093;0;0;0.1;0.01;0;5.81157;1;0;-1
0;1099;18.6042;33.9809;76.01;10.0972;4312.13;6.0713;0;0;0.1;0.01;0;7.30823;0;0;-1
0;1100;18.5696;54.4277;76.1441;9.59276;3697.6;5.76799;0;0;0.1;0.01;0;3.60178;0;0;-1
0;1101;32.552;-40.2015;76.4224;10.1849;4425.47;6.12403;0;0;0.1;0.01;0;3.81346;0;0;-1
0;1102;31.2489;-22.9444;78.5522;10.1291;4353.13;6.09048;0;0;0.1;0.01;0;5.58306;0;0;-1
0;1103;31.1818;-5.98759;77.3437;8.5572;2624.72;5.14532;0;0;0.1;0.01;0;5.20063;0;0;-1
0;1104;32.3754;11.7473;76.1706;9.07028;3125.72;5.45383;0;0;0.1;0.01;0;4.46316;0;0;-1
0;1105;34.5164;28.4119;76.6477;10.3011;4578.67;6.1939;0;0;0.1;0.01;0;5.87652;0;0;-1
0;1106;30.9557;46.4971;78.1577;10.3268;4613.03;6.20935;0;0;0.1;0.01;0;4.17082;0;0;-1
0;1107;49.0864;-30.3928;78.6659;9.26179;3327.92;5.56898;0;0;0.1;0.01;0;1.69055;0;0;-1
0;1108;45.4479;-13.8818;75.3068;8.5304;2600.14;5.12921;0;0;0.1;0.01;0;4.76205;0;0;-1
0;1109;47.4454;0.404453;77.9804;8.55106;2619.08;5.14163;0;0;0.1;0.01;0;3.45302;0;0;-1
0;1110;48.3217;20.0362;74.922;9.58572;3689.46;5.76375;0;0;0.1;0.01;0;3.87043;0;0;-1
0;1111;49.0088;36.2395;77.4669;8.5;2572.44;5.11093;0;0;0.1;0.01;0;2.3415;1;0;-1
0;1112;60.4411;-6.10512;78.4438;8.5;2572.44;5.11093;0;0;0.1;0.01;0;1.59471;1;0;-1
0;1113;-36.2705;-15.7323;89.6392;9.8315;3980.59;5.91154;0;0;0.1;0.01;0;4.24738;0;0;-1
0;1114;-36.4123;1.56889;91.2349;8.5;2572.44;5.11093;0;0;0.1;0.01;0;3.92393;1;0;-1
0;1115;-38.4462;16.952;89.8844;10.0141;4206.53;6.02133;0;0;0.1;0.01;0;3.77156;0;0;-1
0;1116;-21.1033;-24.4706;90.0509;10.4526;4783.67;6.285;0;0;0.1;0.01;0;4.94794;0;0;-1
0;1117;-23.4186;-6.36451;93.0754;10.0382;4236.98;6.03582;0;0;0.1;0.01;0;4.54091;0;0;-1
0;1118;-22.7382;11.6894;89.7696;8.5;2572.44;5.11093;0;0;0.1;0.01;0;4.56468;1;0;-1
0;1119;-21.6274;27.6356;93.3743;10.1704;4406.59;6.11531;0;0;0.1;0.01;0;3.63875;0;0;-1
0;1120;-7.47685;-31.4715;90.7912;9.99572;4183.41;6.01028;0;0;0.1;0.01;0;4.74668;0;0;-1
0;1121;-8.53135;-14.0121;89.4405;9.49792;3589.01;5.71096;0;0;0.1;0.01;0;6.43409;0;0;-1
0;1122;-6.51603;1.18195;92.6614;9.92513;4095.41;5.96784;0;0;0.1;0.01;0;5.31185;0;0;-1
0;1123;-5.80872;19.1308;93.3187;10.3778;4681.71;6.24002;0;0;0.1;0.01;0;5.37736;0;0;-1
0;1124;-7.61188;35.0405;92.3613;8.5;2572.44;5.11093;0;0;0.1;0.01;0;3.70894;1;0;-1
0;1125;5.42087;-38.568;92.1445;8.64182;2703.36;5.1962;0;0;0.1;0.01;0;2.77353;0;0;-1
0;1126;6.63448;-23.3666;92.1209;9.97299;4154.94;5.99661;0;0;0.1;0.01;0;4.86008;0;0;-1
0;1127;7.32784;-5.03999;91.6028;9.76217;3896.98;5.86985;0;0;0.1;0.01;0;4.37242;0;0;-1
0;1128;6.66836;10.8077;91.2142;9.29955;3368.79;5.59168;0;0;0.1;0.01;0;4.12348;0;0;-1
0;1129;6.10005;28.7514;90.0543;9.47028;3557.76;5.69434;0;0;0.1;0.01;0;5.33497;0;0;-1
0;1130;23.7589;-31.9711;89.8632;8.5;2572.44;5.11093;0;0;0.1;0.01;0;2.94744;1;0;-1
0;1131;20.7058;-13.476;89.3555;8.96289;3016.01;5.38926;0;0;0.1;0.01;0;4.82354;0;0;-1
0;1132;22.7923;0.117299;90.1653;8.56343;2630.46;5.14907;0;0;0.1;0.01;0;3.46759;0;0;-1
0;1133;20.0067;20.8206;90.9634;8.88242;2935.5;5.34087;0;0;0.1;0.01;0;3.25263;0;0;-1
0;1134;20.8904;36.7187;90.3419;8.61361;2676.97;5.17924;0;0;0.1;0.01;0;2.71936;0;0;-1
0;1135;37.3214;-7.80723;89.7295;9.767;3902.76;5.87276;0;0;0.1;0.01;0;3.63758;0;0;-1
0;1136;35.4262;9.72646;91.1688;8.5238;2594.11;5.12524;0;0;0.1;0.01;0;1.96287;0;0;-1
