Time;ID;x;y;z;radius;volume_total;radius_nuclear;contact_ECM;freezer;polarized_fraction;motility;cell_line;Cell_cell;phase;Cycle;NFkB
0;0;-51.3191;-4.61083;-83.4229;8.5;2572.44;5.11093;0;0;0.1;0.01;0;2.64457;1;0;-1
0;1;-37.4334;-33.3439;-84.6844;9.8791;4038.69;5.94016;0;0;0.1;0.01;0;2.67613;0;0;-1
0;2;-37.6578;-13.8278;-86.4887;8.5;2572.44;5.11093;0;0;0.1;0.01;0;2.65069;1;0;-1
0;3;-38.5094;0.470243;-85.5939;8.93259;2985.53;5.37104;0;0;0.1;0.01;0;2.49537;0;0;-1
0;4;-35.4888;20.6069;-84.3369;10.0373;4235.84;6.03528;0;0;0.1;0.01;0;3.05467;0;0;-1
0;5;-21.7998;-40.6292;-87.2611;9.31441;3384.97;5.60062;0;0;0.1;0.01;0;2.80745;0;0;-1
0;6;-20.5448;-22.4013;-85.936;8.72424;2781.45;5.24576;0;0;0.1;0.01;0;4.23878;0;0;-1
0;7;-21.0303;-8.41895;-84.5134;8.68751;2746.47;5.22367;0;0;0.1;0.01;0;4.10691;0;0;-1
0;8;-20.3042;10.719;-85.9714;8.9461;2999.09;5.37916;0;0;0.1;0.01;0;3.39655;0;0;-1
0;9;-22.297;28.7607;-84.0063;9.1147;3171.87;5.48054;0;0;0.1;0.01;0;3.81346;0;0;-1
0;10;-8.84414;-49.3344;-83.4163;10.3831;4688.89;6.24321;0;0;0.1;0.01;0;3.6095;0;0;-1
0;11;-7.09542;-30.7491;-87.1652;9.25676;3322.5;5.56596;0;0;0.1;0.01;0;4.75272;0;0;-1
0;12;-6.80698;-16.6176;-86.2542;8.92614;2979.06;5.36716;0;0;0.1;0.01;0;5.07791;0;0;-1
0;13;-6.5894;0.141015;-85.5144;10.1914;4433.94;6.12794;0;0;0.1;0.01;0;5.02083;0;0;-1
0;14;-7.56616;20.0293;-83.7594;10.1998;4444.92;6.13299;0;0;0.1;0.01;0;5.00748;0;0;-1
0;15;-7.67433;38.2921;-83.9328;9.71243;3837.71;5.83994;0;0;0.1;0.01;0;3.32085;0;0;-1
0;16;7.44631;-40.8713;-85.9512;10.0896;4302.4;6.06673;0;0;0.1;0.01;0;4.84784;0;0;-1
0;17;6.40357;-24.2338;-83.4888;10.0954;4309.82;6.07022;0;0;0.1;0.01;0;6.03737;0;0;-1
0;18;8.72449;-6.01884;-85.8346;8.76963;2825.09;5.27305;0;0;0.1;0.01;0;3.89506;0;0;-1
0;19;6.47794;10.9341;-86.7585;8.73724;2793.9;5.25358;0;0;0.1;0.01;0;2.66792;0;0;-1
0;20;7.75649;27.7544;-87.3907;8.84193;2895.54;5.31652;0;0;0.1;0.01;0;3.18348;0;0;-1
0;21;8.87631;45.3839;-83.5779;10.2972;4573.47;6.19156;0;0;0.1;0.01;0;3.80154;0;0;-1
0;22;20.2448;-49.1563;-84.5;9.44966;3534.57;5.68194;0;0;0.1;0.01;0;3.23279;0;0;-1
0;23;23.3361;-34.0336;-86.6662;10.0918;4305.21;6.06805;0;0;0.1;0.01;0;5.12272;0;0;-1
0;24;20.6138;-15.7275;-84.9725;8.5;2572.44;5.11093;0;0;0.1;0.01;0;3.28124;1;0;-1
0;25;22.4755;3.45337;-86.8702;8.58914;2654.22;5.16453;0;0;0.1;0.01;0;3.59027;0;0;-1
0;26;23.6322;20.3897;-84.486;8.88816;2941.2;5.34432;0;0;0.1;0.01;0;4.47682;0;0;-1
0;27;23.5501;37.7427;-84.8643;9.8457;3997.87;5.92008;0;0;0.1;0.01;0;3.69257;0;0;-1
0;28;36.3531;-40.1947;-83.6463;9.99562;4183.29;6.01022;0;0;0.1;0.01;0;3.76981;0;0;-1
0;29;35.4686;-25.5509;-86.1245;8.5;2572.44;5.11093;0;0;0.1;0.01;0;3.01617;1;0;-1
0;30;37.2076;-5.59623;-85.3011;10.2046;4451.19;6.13588;0;0;0.1;0.01;0;2.52899;0;0;-1
0;31;36.5606;10.8573;-83.9723;10.2277;4481.49;6.14977;0;0;0.1;0.01;0;3.93773;0;0;-1
0;32;37.5891;26.9788;-83.9279;10.0868;4298.82;6.06505;0;0;0.1;0.01;0;4.35718;0;0;-1
0;33;-70.5248;-14.7629;-69.3732;9.3986;3477.59;5.65124;0;0;0.1;0.01;0;2.28146;0;0;-1
0;34;-57.8109;-39.4486;-71.3446;9.97762;4160.73;5.9994;0;0;0.1;0.01;0;3.10479;0;0;-1
0;35;-56.6658;-25.1887;-72.4923;9.30194;3371.39;5.59312;0;0;0.1;0.01;0;3.9965;0;0;-1
0;36;-54.7608;-8.89711;-70.8487;8.5;2572.44;5.11093;0;0;0.1;0.01;0;4.50449;1;0;-1
0;37;-56.293;9.85615;-69.7951;10.3383;4628.45;6.21627;0;0;0.1;0.01;0;3.50619;0;0;-1
0;38;-57.7891;28.4753;-71.5051;8.5;2572.44;5.11093;0;0;0.1;0.01;0;2.15568;1;0;-1
0;39;-54.6529;46.9033;-68.5784;9.52835;3623.61;5.72926;0;0;0.1;0.01;0;3.24033;0;0;-1
0;40;-41.5497;-51.3127;-72.6771;9.08313;3139.03;5.46155;0;0;0.1;0.01;0;2.11179;0;0;-1
0;41;-41.3947;-30.4529;-70.9854;9.44447;3528.75;5.67882;0;0;0.1;0.01;0;5.73697;0;0;-1
0;42;-42.2329;-16.6232;-69.6702;10.4347;4759.14;6.27423;0;0;0.1;0.01;0;6.856;0;0;-1
0;43;-39.4106;1.73126;-69.0966;8.5;2572.44;5.11093;0;0;0.1;0.01;0;4.22078;1;0;-1
0;44;-42.3597;16.76;-69.0619;8.5;2572.44;5.11093;0;0;0.1;0.01;0;5.51252;1;0;-1
0;45;-42.4212;34.2512;-69.8608;9.48534;3574.76;5.7034;0;0;0.1;0.01;0;5.21251;0;0;-1
0;46;-41.2121;53.4655;-69.4142;8.5;2572.44;5.11093;0;0;0.1;0.01;0;3.80461;1;0;-1
0;47;-26.5828;-57.1986;-70.3616;8.69547;2754.02;5.22846;0;0;0.1;0.01;0;4.02394;0;0;-1
0;48;-28.5578;-42.5913;-68.4932;10.4235;4743.83;6.2675;0;0;0.1;0.01;0;6.38776;0;0;-1
0;49;-26.2491;-24.7435;-70.6826;8.78999;2844.81;5.28529;0;0;0.1;0.01;0;5.81254;0;0;-1
0;50;-24.728;-8.81315;-71.8659;8.5;2572.44;5.11093;0;0;0.1;0.01;0;4.47358;1;0;-1
0;51;-26.8795;11.1079;-69.6525;9.33999;3412.93;5.616;0;0;0.1;0.01;0;5.35162;0;0;-1
0;52;-26.0048;26.9271;-69.2372;10.0291;4225.46;6.03035;0;0;0.1;0.01;0;6.56957;0;0;-1
0;53;-27.6163;43.7354;-70.6718;9.33376;3406.11;5.61225;0;0;0.1;0.01;0;4.60026;0;0;-1
0;54;-27.1667;62.1968;-69.8054;9.79464;3935.99;5.88937;0;0;0.1;0.01;0;3.74115;0;0;-1
0;55;-13.5703;-63.8514;-69.0177;9.87774;4037.02;5.93934;0;0;0.1;0.01;0;4.04133;0;0;-1
0;56;-13.8216;-48.1368;-68.3361;8.5;2572.44;5.11093;0;0;0.1;0.01;0;5.72208;1;0;-1
0;57;-11.345;-31.1876;-72.6148;8.91585;2968.77;5.36097;0;0;0.1;0.01;0;5.09868;0;0;-1
0;58;-12.6953;-15.0493;-70.9688;9.29638;3365.35;5.58978;0;0;0.1;0.01;0;6.58899;0;0;-1
0;59;-9.9501;1.96487;-71.7792;9.45092;3535.99;5.6827;0;0;0.1;0.01;0;5.8093;0;0;-1
0;60;-11.6499;16.5849;-70.148;8.82064;2874.68;5.30372;0;0;0.1;0.01;0;5.3467;0;0;-1
0;61;-11.8873;36.6276;-70.9316;9.09843;3154.92;5.47075;0;0;0.1;0.01;0;4.65097;0;0;-1
0;62;-10.7495;55.0835;-70.3577;9.75011;3882.55;5.8626;0;0;0.1;0.01;0;3.31458;0;0;-1
0;63;2.1792;-56.2439;-69.0672;9.01971;3073.73;5.42342;0;0;0.1;0.01;0;4.7377;0;0;-1
0;64;3.94247;-40.1514;-72.0498;8.76763;2823.16;5.27185;0;0;0.1;0.01;0;5.19933;0;0;-1
0;65;2.71741;-22.8961;-68.5031;10.2393;4496.76;6.15674;0;0;0.1;0.01;0;7.07118;0;0;-1
0;66;4.34186;-7.9787;-72.0176;9.90275;4067.77;5.95438;0;0;0.1;0.01;0;6.5972;0;0;-1
0;67;2.35278;10.1696;-69.2175;8.5;2572.44;5.11093;0;0;0.1;0.01;0;4.96779;1;0;-1
0;68;4.40317;26.7936;-69.6905;8.5;2572.44;5.11093;0;0;0.1;0.01;0;4.49137;1;0;-1
0;69;4.43718;45.7959;-70.5444;9.40266;3482.1;5.65368;0;0;0.1;0.01;0;6.072;0;0;-1
0;70;3.50673;63.7161;-70.1501;9.87208;4030.09;5.93594;0;0;0.1;0.01;0;3.45368;0;0;-1
0;71;16.3295;-66.2663;-69.899;9.33398;3406.35;5.61239;0;0;0.1;0.01;0;2.8924;0;0;-1
0;72;15.9687;-47.1725;-70.9253;8.71329;2770.99;5.23917;0;0;0.1;0.01;0;4.75243;0;0;-1
0;73;19.2564;-30.2041;-70.8795;10.2304;4485.04;6.15139;0;0;0.1;0.01;0;6.88978;0;0;-1
0;74;16.4071;-14.0921;-69.2285;8.5;2572.44;5.11093;0;0;0.1;0.01;0;6.70007;1;0;-1
0;75;16.9943;1.22032;-71.3258;9.24351;3308.26;5.55799;0;0;0.1;0.01;0;5.44238;0;0;-1
0;76;16.0024;18.2067;-69.2085;8.72477;2781.96;5.24608;0;0;0.1;0.01;0;4.98855;0;0;-1
0;77;17.3104;35.4409;-70.6368;9.03495;3089.34;5.43258;0;0;0.1;0.01;0;5.48998;0;0;-1
0;78;19.4577;55.0733;-70.2797;10.194;4437.34;6.1295;0;0;0.1;0.01;0;4.06627;0;0;-1
0;79;31.0822;-57.7966;-69.4669;8.5;2572.44;5.11093;0;0;0.1;0.01;0;3.36064;1;0;-1
0;80;31.7658;-38.5298;-68.4301;9.87873;4038.24;5.93994;0;0;0.1;0.01;0;6.27484;0;0;-1
0;81;32.0115;-21.8273;-69.6506;8.5;2572.44;5.11093;0;0;0.1;0.01;0;4.93373;1;0;-1
0;82;33.3329;-6.34357;-68.81;9.53103;3626.67;5.73087;0;0;0.1;0.01;0;5.56918;0;0;-1
0;83;30.5729;12.4414;-71.3013;9.73152;3860.39;5.85142;0;0;0.1;0.01;0;6.45182;0;0;-1
0;84;33.6223;28.6039;-68.5194;10.0382;4236.98;6.03582;0;0;0.1;0.01;0;6.88729;0;0;-1
0;85;34.0066;43.748;-71.9713;8.5;2572.44;5.11093;0;0;0.1;0.01;0;4.23527;1;0;-1
0;86;46.3651;-51.2888;-68.9074;9.61922;3728.28;5.7839;0;0;0.1;0.01;0;2.76012;0;0;-1
0;87;45.9813;-30.4848;-71.9483;9.01313;3067.01;5.41946;0;0;0.1;0.01;0;4.33396;0;0;-1
0;88;47.5557;-13.4223;-72.0013;9.9526;4129.51;5.98435;0;0;0.1;0.01;0;4.86487;0;0;-1
0;89;45.3318;1.65286;-69.0595;8.5;2572.44;5.11093;0;0;0.1;0.01;0;5.76102;1;0;-1
0;90;47.3063;17.1305;-68.9525;10.3912;4699.87;6.24808;0;0;0.1;0.01;0;6.38372;0;0;-1
0;91;48.9702;36.8795;-71.9528;10.2103;4458.66;6.13931;0;0;0.1;0.01;0;3.5346;0;0;-1
0;92;46.7031;54.1088;-69.004;8.5;2572.44;5.11093;0;0;0.1;0.01;0;2.53747;1;0;-1
0;93;60.0259;-25.6673;-72.0473;10.0688;4275.84;6.05422;0;0;0.1;0.01;0;2.75329;0;0;-1
0;94;62.5645;-5.60947;-71.9188;8.73835;2794.97;5.25424;0;0;0.1;0.01;0;2.33542;0;0;-1
0;95;61.3319;9.87649;-68.8453;9.81409;3959.49;5.90107;0;0;0.1;0.01;0;3.63202;0;0;-1
0;96;-80.3935;-8.31548;-55.407;9.69228;3813.88;5.82783;0;0;0.1;0.01;0;2.96197;0;0;-1
0;97;-80.1247;12.4641;-54.3357;8.7296;2786.58;5.24898;0;0;0.1;0.01;0;2.61257;0;0;-1
0;98;-65.7593;-48.4209;-54.2732;10.1245;4347.2;6.08771;0;0;0.1;0.01;0;4.68068;0;0;-1
0;99;-67.7031;-33.8779;-55.4072;8.95215;3005.18;5.3828;0;0;0.1;0.01;0;3.30481;0;0;-1
0;100;-65.5528;-12.6506;-56.3778;8.50736;2579.13;5.11535;0;0;0.1;0.01;0;4.00092;0;0;-1
0;101;-64.5982;1.73389;-53.9665;9.72048;3847.26;5.84478;0;0;0.1;0.01;0;5.33338;0;0;-1
0;102;-68.0142;19.6492;-57.7805;8.68328;2742.46;5.22113;0;0;0.1;0.01;0;3.53524;0;0;-1
0;103;-66.4411;35.4415;-55.5491;8.5;2572.44;5.11093;0;0;0.1;0.01;0;3.4937;1;0;-1
0;104;-52.2515;-59.3429;-54.8742;9.7421;3872.99;5.85778;0;0;0.1;0.01;0;4.05917;0;0;-1
0;105;-52.9132;-42.3685;-57.5536;8.54632;2614.73;5.13878;0;0;0.1;0.01;0;4.59261;0;0;-1
0;106;-51.3202;-24.6904;-57.8038;8.5;2572.44;5.11093;0;0;0.1;0.01;0;4.56824;1;0;-1
0;107;-49.8608;-4.79334;-57.1189;9.83619;3986.29;5.91436;0;0;0.1;0.01;0;6.42197;0;0;-1
0;108;-51.7489;12.0437;-54.3842;9.7551;3888.52;5.8656;0;0;0.1;0.01;0;7.0607;0;0;-1
0;109;-51.032;27.8565;-57.8109;10.3779;4681.85;6.24008;0;0;0.1;0.01;0;6.92804;0;0;-1
0;110;-52.1445;44.8079;-54.0115;9.75705;3890.85;5.86677;0;0;0.1;0.01;0;6.19847;0;0;-1
0;111;-50.5777;59.7305;-54.4371;10.0947;4308.92;6.0698;0;0;0.1;0.01;0;5.15107;0;0;-1
0;112;-38.6596;-66.5831;-56.3459;9.78686;3926.62;5.8847;0;0;0.1;0.01;0;4.10249;0;0;-1
0;113;-38.3727;-51.0425;-54.5688;9.22818;3291.83;5.54877;0;0;0.1;0.01;0;5.19074;0;0;-1
0;114;-36.5525;-31.2256;-56.2476;9.62245;3732.03;5.78584;0;0;0.1;0.01;0;6.18182;0;0;-1
0;115;-36.5243;-14.8529;-55.7915;10.2702;4537.59;6.17532;0;0;0.1;0.01;0;6.81581;0;0;-1
0;116;-37.7508;2.43746;-54.3744;8.98033;3033.65;5.39974;0;0;0.1;0.01;0;5.52291;0;0;-1
0;117;-36.0794;20.996;-57.0208;10.2728;4541.04;6.17689;0;0;0.1;0.01;0;7.54129;0;0;-1
0;118;-35.2051;36.6503;-55.0654;8.75833;2814.18;5.26626;0;0;0.1;0.01;0;6.65431;0;0;-1
0;119;-36.9991;51.2837;-56.5086;10.0445;4244.96;6.03961;0;0;0.1;0.01;0;6.9457;0;0;-1
0;120;-35.9295;70.3134;-57.9343;10.4064;4720.52;6.25722;0;0;0.1;0.01;0;4.27157;0;0;-1
0;121;-23.9302;-76.0223;-57.335;9.56038;3660.28;5.74852;0;0;0.1;0.01;0;3.14474;0;0;-1
0;122;-21.8299;-56.2155;-56.4065;9.42137;3502.92;5.66493;0;0;0.1;0.01;0;6.51153;0;0;-1
0;123;-21.0891;-40.4613;-54.8481;10.0066;4197.09;6.01682;0;0;0.1;0.01;0;6.98316;0;0;-1
0;124;-23.6231;-22.5407;-56.7448;9.91108;4078.04;5.95939;0;0;0.1;0.01;0;6.87672;0;0;-1
0;125;-21.5831;-7.1532;-56.3463;8.98657;3039.98;5.40349;0;0;0.1;0.01;0;5.63036;0;0;-1
0;126;-22.4092;8.99878;-55.9819;9.44496;3529.3;5.67912;0;0;0.1;0.01;0;4.80099;0;0;-1
0;127;-21.4005;25.595;-55.5867;8.61865;2681.68;5.18227;0;0;0.1;0.01;0;5.26517;0;0;-1
0;128;-21.7811;42.309;-56.7094;8.5;2572.44;5.11093;0;0;0.1;0.01;0;5.12308;1;0;-1
0;129;-22.1144;63.2067;-54.4636;10.3642;4663.33;6.23184;0;0;0.1;0.01;0;7.13645;0;0;-1
0;130;-22.027;77.9771;-57.0188;9.14647;3205.16;5.49964;0;0;0.1;0.01;0;3.52563;0;0;-1
0;131;-9.28478;-80.7817;-56.0079;8.5;2572.44;5.11093;0;0;0.1;0.01;0;2.47141;1;0;-1
0;132;-5.77095;-65.6724;-55.747;9.0412;3095.76;5.43634;0;0;0.1;0.01;0;4.74677;0;0;-1
0;133;-6.23217;-47.1152;-55.1212;9.62786;3738.33;5.78909;0;0;0.1;0.01;0;5.88244;0;0;-1
0;134;-8.77241;-29.9196;-54.6168;9.80216;3945.06;5.8939;0;0;0.1;0.01;0;5.57459;0;0;-1
0;135;-8.94624;-14.1419;-55.4274;8.61231;2675.76;5.17846;0;0;0.1;0.01;0;5.84018;0;0;-1
0;136;-7.06562;0.368217;-56.7181;8.5;2572.44;5.11093;0;0;0.1;0.01;0;5.33888;1;0;-1
0;137;-5.92447;20.993;-55.1496;10.3787;4682.93;6.24056;0;0;0.1;0.01;0;6.33358;0;0;-1
0;138;-8.23776;36.9511;-55.4892;10.3709;4672.38;6.23587;0;0;0.1;0.01;0;6.41181;0;0;-1
0;139;-5.83089;54.9377;-55.1078;10.4463;4775.03;6.28121;0;0;0.1;0.01;0;6.18326;0;0;-1
0;140;-8.71775;70.3298;-55.134;8.9171;2970.02;5.36172;0;0;0.1;0.01;0;3.30076;0;0;-1
0;141;8.98673;-74.3225;-56.9032;8.95921;3012.3;5.38704;0;0;0.1;0.01;0;3.46688;0;0;-1
0;142;6.86234;-58.0821;-56.2154;9.9375;4110.74;5.97527;0;0;0.1;0.01;0;6.1259;0;0;-1
0;143;7.34398;-41.7055;-54.9305;8.5;2572.44;5.11093;0;0;0.1;0.01;0;4.37996;1;0;-1
0;144;9.40325;-22.7173;-56.6001;9.348;3421.72;5.62082;0;0;0.1;0.01;0;6.49489;0;0;-1
0;145;6.03282;-8.01675;-56.8634;9.37777;3454.52;5.63872;0;0;0.1;0.01;0;6.47435;0;0;-1
0;146;5.60923;9.72295;-55.2419;8.95394;3006.98;5.38387;0;0;0.1;0.01;0;4.28051;0;0;-1
0;147;8.44226;27.7519;-53.9556;10.1128;4332.14;6.08068;0;0;0.1;0.01;0;6.67651;0;0;-1
0;148;8.53555;44.9743;-55.9783;10.2821;4553.38;6.18248;0;0;0.1;0.01;0;7.63872;0;0;-1
0;149;8.84299;59.8441;-57.7125;8.76315;2818.83;5.26915;0;0;0.1;0.01;0;5.8091;0;0;-1
0;150;8.56845;79.842;-54.3409;9.33081;3402.88;5.61048;0;0;0.1;0.01;0;2.80776;0;0;-1
0;151;22.2775;-64.2605;-56.6571;9.79249;3933.4;5.88808;0;0;0.1;0.01;0;4.96782;0;0;-1
0;152;24.1766;-49.986;-53.7247;8.97699;3030.27;5.39773;0;0;0.1;0.01;0;5.40035;0;0;-1
0;153;20.2956;-32.6179;-55.2863;9.10775;3164.62;5.47636;0;0;0.1;0.01;0;5.15469;0;0;-1
0;154;20.5168;-12.7132;-57.3703;9.31056;3380.77;5.5983;0;0;0.1;0.01;0;6.01037;0;0;-1
0;155;23.6293;1.42137;-56.443;9.29185;3360.43;5.58705;0;0;0.1;0.01;0;5.67902;0;0;-1
0;156;23.7513;20.6584;-55.7412;10.1452;4373.92;6.10016;0;0;0.1;0.01;0;6.42618;0;0;-1
0;157;22.6876;38.2418;-56.2082;10.0929;4306.62;6.06871;0;0;0.1;0.01;0;7.04128;0;0;-1
0;158;22.9307;54.375;-53.9777;10.4336;4757.64;6.27357;0;0;0.1;0.01;0;7.0987;0;0;-1
0;159;22.0532;70.5665;-57.6946;9.08793;3144.01;5.46444;0;0;0.1;0.01;0;2.46987;0;0;-1
0;160;38.5737;-56.0282;-56.4275;9.06067;3115.8;5.44805;0;0;0.1;0.01;0;4.55267;0;0;-1
0;161;34.9382;-38.3537;-54.7233;8.60039;2664.67;5.17129;0;0;0.1;0.01;0;5.32543;0;0;-1
0;162;38.5264;-25.0973;-56.4577;9.04343;3098.05;5.43768;0;0;0.1;0.01;0;5.6057;0;0;-1
0;163;37.2067;-5.69424;-54.8301;8.57831;2644.2;5.15801;0;0;0.1;0.01;0;5.96441;0;0;-1
0;164;38.46;8.33403;-55.4082;9.23354;3297.56;5.55199;0;0;0.1;0.01;0;6.96285;0;0;-1
0;165;38.8673;25.4337;-54.6022;9.85015;4003.29;5.92275;0;0;0.1;0.01;0;6.32676;0;0;-1
0;166;36.7802;46.1497;-56.6524;9.17439;3234.6;5.51643;0;0;0.1;0.01;0;5.85542;0;0;-1
0;167;36.3697;60.7291;-54.1143;8.5;2572.44;5.11093;0;0;0.1;0.01;0;4.54195;1;0;-1
0;168;52.8856;-50.9569;-56.0569;8.97539;3028.65;5.39677;0;0;0.1;0.01;0;3.28847;0;0;-1
0;169;52.064;-31.0892;-54.1358;9.95776;4135.93;5.98746;0;0;0.1;0.01;0;5.73259;0;0;-1
0;170;52.9117;-15.0643;-54.3853;8.5;2572.44;5.11093;0;0;0.1;0.01;0;5.23077;1;0;-1
0;171;52.25;0.0385347;-54.388;9.99184;4178.54;6.00795;0;0;0.1;0.01;0;7.51472;0;0;-1
0;172;51.1937;18.0877;-56.0412;9.0008;3054.44;5.41205;0;0;0.1;0.01;0;6.79111;0;0;-1
0;173;52.9404;34.0759;-55.7667;9.24176;3306.38;5.55694;0;0;0.1;0.01;0;5.31145;0;0;-1
0;174;52.6947;55.2608;-56.506;10.1122;4331.37;6.08032;0;0;0.1;0.01;0;4.26945;0;0;-1
0;175;64.6176;-40.8745;-56.6785;9.03274;3087.07;5.43126;0;0;0.1;0.01;0;2.99364;0;0;-1
0;176;67.2832;-25.0828;-56.1094;9.38578;3463.38;5.64353;0;0;0.1;0.01;0;4.42121;0;0;-1
0;177;67.7707;-4.49819;-55.1292;8.5;2572.44;5.11093;0;0;0.1;0.01;0;5.14027;1;0;-1
0;178;65.8282;11.9944;-53.8085;9.54477;3642.38;5.73913;0;0;0.1;0.01;0;5.87367;0;0;-1
0;179;66.0114;26.6453;-55.2758;8.5;2572.44;5.11093;0;0;0.1;0.01;0;3.88937;1;0;-1
0;180;64.7676;46.0649;-54.3197;9.81335;3958.59;5.90062;0;0;0.1;0.01;0;3.39575;0;0;-1
0;181;79.7165;-16.8502;-56.7561;10.1836;4423.77;6.12325;0;0;0.1;0.01;0;2.82752;0;0;-1
0;182;82.2229;1.12234;-54.466;8.92226;2975.18;5.36483;0;0;0.1;0.01;0;2.82719;0;0;-1
0;183;-87.5153;-21.6616;-40.6316;9.37018;3446.14;5.63415;0;0;0.1;0.01;0;3.14564;0;0;-1
0;184;-84.1198;-8.17301;-40.1215;10.0307;4227.49;6.03131;0;0;0.1;0.01;0;5.22023;0;0;-1
0;185;-86.3112;12.3517;-39.6309;9.63572;3747.5;5.79382;0;0;0.1;0.01;0;4.43907;0;0;-1
0;186;-86.6583;29.3339;-39.2281;9.84885;4001.71;5.92197;0;0;0.1;0.01;0;3.00457;0;0;-1
0;187;-70.1825;-48.0427;-39.6416;8.5;2572.44;5.11093;0;0;0.1;0.01;0;4.05651;1;0;-1
0;188;-72.1223;-33.9454;-41.5602;10.2288;4482.94;6.15043;0;0;0.1;0.01;0;5.02691;0;0;-1
0;189;-71.5916;-14.5678;-41.6274;8.5;2572.44;5.11093;0;0;0.1;0.01;0;5.38752;1;0;-1
0;190;-72.6816;3.61471;-40.9289;10.2704;4537.86;6.17544;0;0;0.1;0.01;0;7.3855;0;0;-1
0;191;-70.5093;19.0738;-42.0665;9.73679;3866.66;5.85459;0;0;0.1;0.01;0;6.24126;0;0;-1
0;192;-69.985;37.0795;-42.9217;9.92192;4091.44;5.96591;0;0;0.1;0.01;0;5.68293;0;0;-1
0;193;-72.6574;51.391;-41.0999;9.59208;3696.81;5.76758;0;0;0.1;0.01;0;3.09446;0;0;-1
0;194;-56.9531;-59.2032;-39.932;10.3288;4615.71;6.21056;0;0;0.1;0.01;0;5.25055;0;0;-1
0;195;-56.7254;-39.4612;-41.8774;9.50868;3601.22;5.71743;0;0;0.1;0.01;0;6.64037;0;0;-1
0;196;-54.1659;-24.6443;-40.9094;9.31218;3382.54;5.59928;0;0;0.1;0.01;0;5.41999;0;0;-1
0;197;-57.4627;-7.32845;-42.0165;10.0834;4294.47;6.063;0;0;0.1;0.01;0;6.99088;0;0;-1
0;198;-55.0631;9.53818;-39.8547;10.2811;4552.05;6.18188;0;0;0.1;0.01;0;6.71446;0;0;-1
0;199;-55.5408;25.8736;-41.5478;9.89022;4052.35;5.94685;0;0;0.1;0.01;0;6.11513;0;0;-1
0;200;-56.9732;42.6516;-40.1058;9.6706;3788.34;5.81479;0;0;0.1;0.01;0;6.52728;0;0;-1
0;201;-54.2558;60.4487;-39.5901;9.62047;3729.73;5.78465;0;0;0.1;0.01;0;5.24099;0;0;-1
0;202;-40.5196;-80.6248;-40.9873;8.5;2572.44;5.11093;0;0;0.1;0.01;0;2.97047;1;0;-1
0;203;-41.6812;-65.8999;-39.2262;9.46189;3548.32;5.6893;0;0;0.1;0.01;0;6.38123;0;0;-1
0;204;-43.0536;-47.5194;-41.713;8.5;2572.44;5.11093;0;0;0.1;0.01;0;4.90177;1;0;-1
0;205;-42.5687;-31.6917;-42.2023;8.64528;2706.61;5.19828;0;0;0.1;0.01;0;5.09372;0;0;-1
0;206;-40.249;-13.4544;-40.6526;9.60474;3711.47;5.77519;0;0;0.1;0.01;0;6.10415;0;0;-1
0;207;-42.0112;1.95159;-39.9924;9.25091;3316.21;5.56244;0;0;0.1;0.01;0;6.4756;0;0;-1
0;208;-41.7816;19.6579;-42.4184;8.59492;2659.59;5.168;0;0;0.1;0.01;0;5.91488;0;0;-1
0;209;-41.4555;34.4577;-41.4099;8.78789;2842.77;5.28403;0;0;0.1;0.01;0;5.64332;0;0;-1
0;210;-40.2715;53.6158;-41.2194;9.53739;3633.94;5.73469;0;0;0.1;0.01;0;7.07297;0;0;-1
0;211;-40.8079;68.4795;-42.1359;10.3601;4657.8;6.22938;0;0;0.1;0.01;0;6.08115;0;0;-1
0;212;-27.6592;-72.9691;-42.8798;9.39388;3472.35;5.6484;0;0;0.1;0.01;0;6.10589;0;0;-1
0;213;-28.1444;-57.7296;-40.4588;10.4418;4768.86;6.2785;0;0;0.1;0.01;0;7.09362;0;0;-1
0;214;-25.3002;-38.5074;-42.3695;9.23225;3296.18;5.55122;0;0;0.1;0.01;0;5.32831;0;0;-1
0;215;-25.0107;-22.3744;-39.8156;9.9908;4177.24;6.00732;0;0;0.1;0.01;0;6.38944;0;0;-1
0;216;-24.7439;-5.17762;-40.651;8.87426;2927.42;5.33596;0;0;0.1;0.01;0;5.61365;0;0;-1
0;217;-25.4517;9.75951;-41.0438;8.5;2572.44;5.11093;0;0;0.1;0.01;0;4.04301;1;0;-1
0;218;-28.1758;27.0166;-42.0184;9.3773;3454;5.63843;0;0;0.1;0.01;0;5.48969;0;0;-1
0;219;-27.2206;44.1222;-42.1045;9.59228;3697.04;5.7677;0;0;0.1;0.01;0;6.10448;0;0;-1
0;220;-27.5546;60.5341;-40.7648;9.41372;3494.4;5.66033;0;0;0.1;0.01;0;7.06648;0;0;-1
0;221;-25.0142;77.1725;-42.0751;9.57316;3674.98;5.7562;0;0;0.1;0.01;0;5.244;0;0;-1
0;222;-12.9908;-83.1419;-42.1689;8.61093;2674.48;5.17763;0;0;0.1;0.01;0;4.03653;0;0;-1
0;223;-12.9517;-67.6037;-39.7421;10.0617;4266.8;6.04995;0;0;0.1;0.01;0;6.69599;0;0;-1
0;224;-12.3936;-49.3775;-41.8358;9.18212;3242.78;5.52108;0;0;0.1;0.01;0;5.31947;0;0;-1
0;225;-9.78631;-33.3295;-39.8365;9.50911;3601.71;5.71769;0;0;0.1;0.01;0;6.11717;0;0;-1
0;226;-13.0719;-15.5096;-40.7602;8.69144;2750.2;5.22604;0;0;0.1;0.01;0;6.37129;0;0;-1
0;227;-11.0646;0.259191;-41.4485;8.66025;2720.7;5.20728;0;0;0.1;0.01;0;5.45272;0;0;-1
0;228;-12.5365;20.0308;-39.3407;9.95302;4130.03;5.98461;0;0;0.1;0.01;0;6.16092;0;0;-1
0;229;-9.96073;34.3152;-39.7614;8.5;2572.44;5.11093;0;0;0.1;0.01;0;6.08855;1;0;-1
0;230;-11.5638;52.9634;-39.3541;10.1789;4417.65;6.12042;0;0;0.1;0.01;0;6.47086;0;0;-1
0;231;-11.0999;70.7592;-40.0371;9.43087;3513.53;5.67065;0;0;0.1;0.01;0;5.57565;0;0;-1
0;232;-9.78865;87.1029;-39.9607;8.5;2572.44;5.11093;0;0;0.1;0.01;0;2.38822;1;0;-1
0;233;2.81987;-89.5446;-42.0565;9.11671;3173.97;5.48175;0;0;0.1;0.01;0;2.87946;0;0;-1
0;234;4.67908;-74.93;-41.1633;8.55271;2620.59;5.14262;0;0;0.1;0.01;0;5.17579;0;0;-1
0;235;2.0108;-59.7574;-39.3825;9.47364;3561.55;5.69636;0;0;0.1;0.01;0;5.41815;0;0;-1
0;236;3.62708;-40.7674;-39.8038;8.5;2572.44;5.11093;0;0;0.1;0.01;0;4.85065;1;0;-1
0;237;4.67388;-25.2807;-39.5111;9.5216;3615.92;5.7252;0;0;0.1;0.01;0;6.13834;0;0;-1
0;238;1.23364;-8.07909;-42.429;10.2613;4525.8;6.16997;0;0;0.1;0.01;0;6.26674;0;0;-1
0;239;3.21617;10.4465;-41.0142;8.61838;2681.42;5.18211;0;0;0.1;0.01;0;4.36904;0;0;-1
0;240;4.07068;27.186;-39.479;8.90471;2957.66;5.35427;0;0;0.1;0.01;0;6.72774;0;0;-1
0;241;1.22404;43.0297;-40.2755;10.0973;4312.25;6.07136;0;0;0.1;0.01;0;7.97684;0;0;-1
0;242;1.52198;60.6216;-40.9721;8.5;2572.44;5.11093;0;0;0.1;0.01;0;5.36086;1;0;-1
0;243;3.95614;76.383;-41.0707;9.14274;3201.24;5.4974;0;0;0.1;0.01;0;5.26482;0;0;-1
0;244;17.6732;-82.3281;-42.0944;8.5;2572.44;5.11093;0;0;0.1;0.01;0;3.29353;1;0;-1
0;245;18.2137;-65.4519;-39.2902;10.2625;4527.39;6.17069;0;0;0.1;0.01;0;5.88385;0;0;-1
0;246;17.9222;-46.4545;-40.8026;8.89095;2943.97;5.346;0;0;0.1;0.01;0;5.26636;0;0;-1
0;247;17.8343;-31.7616;-41.1587;8.5;2572.44;5.11093;0;0;0.1;0.01;0;5.83865;1;0;-1
0;248;19.0984;-15.4951;-41.774;9.48375;3572.97;5.70244;0;0;0.1;0.01;0;5.92363;0;0;-1
0;249;19.7471;1.94119;-42.161;9.10927;3166.21;5.47727;0;0;0.1;0.01;0;4.69315;0;0;-1
0;250;17.6646;17.7311;-40.5188;9.27102;3337.88;5.57453;0;0;0.1;0.01;0;5.59743;0;0;-1
0;251;19.0274;36.7173;-42.8417;9.9124;4079.67;5.96018;0;0;0.1;0.01;0;7.63296;0;0;-1
0;252;16.7956;52.0135;-39.6931;10.0976;4312.64;6.07154;0;0;0.1;0.01;0;7.44115;0;0;-1
0;253;18.7602;68.4692;-41.1962;10.3155;4597.9;6.20256;0;0;0.1;0.01;0;5.94157;0;0;-1
0;254;16.411;87.4218;-41.1264;10.0767;4285.92;6.05897;0;0;0.1;0.01;0;3.14604;0;0;-1
0;255;32.952;-75.6299;-42.503;8.64912;2710.22;5.20059;0;0;0.1;0.01;0;2.25176;0;0;-1
0;256;30.5618;-56.4926;-40.5213;9.0958;3152.18;5.46917;0;0;0.1;0.01;0;6.27816;0;0;-1
0;257;33.715;-41.1801;-40.4682;10.005;4195.08;6.01586;0;0;0.1;0.01;0;7.6524;0;0;-1
0;258;32.7724;-25.2897;-41.5713;10.1242;4346.81;6.08753;0;0;0.1;0.01;0;7.4055;0;0;-1
0;259;33.7376;-8.053;-42.028;8.5;2572.44;5.11093;0;0;0.1;0.01;0;4.72507;1;0;-1
0;260;33.8443;10.0401;-42.2923;8.5;2572.44;5.11093;0;0;0.1;0.01;0;5.10254;1;0;-1
0;261;33.8489;29.5207;-39.8758;8.93213;2985.06;5.37076;0;0;0.1;0.01;0;6.034;0;0;-1
0;262;32.9467;46.1536;-39.4203;10.038;4236.72;6.0357;0;0;0.1;0.01;0;7.76765;0;0;-1
0;263;33.9176;60.0864;-39.7031;9.38769;3465.49;5.64468;0;0;0.1;0.01;0;6.20735;0;0;-1
0;264;33.5558;79.8416;-40.4313;8.95437;3007.42;5.38413;0;0;0.1;0.01;0;2.74316;0;0;-1
0;265;47.8286;-65.2708;-41.6023;8.94443;2997.41;5.37816;0;0;0.1;0.01;0;2.46673;0;0;-1
0;266;47.1395;-47.7055;-39.9532;9.52788;3623.08;5.72898;0;0;0.1;0.01;0;5.80387;0;0;-1
0;267;47.7668;-30.2382;-39.2245;10.3176;4600.71;6.20382;0;0;0.1;0.01;0;7.65955;0;0;-1
0;268;46.7915;-14.9386;-42.5862;10.067;4273.55;6.05314;0;0;0.1;0.01;0;7.77869;0;0;-1
0;269;46.0868;2.87816;-42.1821;8.5;2572.44;5.11093;0;0;0.1;0.01;0;6.19955;1;0;-1
0;270;47.7587;16.8724;-43.0404;10.1627;4396.59;6.11068;0;0;0.1;0.01;0;7.4391;0;0;-1
0;271;46.8459;37.9647;-41.1028;9.52653;3621.54;5.72816;0;0;0.1;0.01;0;6.19218;0;0;-1
0;272;46.7023;52.1407;-42.8727;9.67637;3795.12;5.81826;0;0;0.1;0.01;0;6.60555;0;0;-1
0;273;46.8347;69.261;-39.8993;9.92643;4097.02;5.96862;0;0;0.1;0.01;0;4.49725;0;0;-1
0;274;60.3752;-55.3633;-39.3275;9.8308;3979.74;5.91112;0;0;0.1;0.01;0;4.74559;0;0;-1
0;275;63.9903;-41.6895;-39.828;8.94562;2998.61;5.37887;0;0;0.1;0.01;0;4.28129;0;0;-1
0;276;61.2119;-23.3544;-39.8367;8.55006;2618.16;5.14103;0;0;0.1;0.01;0;5.54341;0;0;-1
0;277;63.4154;-7.7945;-42.3333;9.67674;3795.56;5.81848;0;0;0.1;0.01;0;6.80346;0;0;-1
0;278;63.5985;8.2289;-39.464;10.0114;4203.13;6.01971;0;0;0.1;0.01;0;6.56137;0;0;-1
0;279;63.0183;26.1904;-42.2754;10.0357;4233.81;6.03432;0;0;0.1;0.01;0;6.07601;0;0;-1
0;280;61.5522;42.1346;-41.195;8.88075;2933.85;5.33987;0;0;0.1;0.01;0;5.0818;0;0;-1
0;281;61.9967;60.4251;-42.4602;9.23144;3295.32;5.55073;0;0;0.1;0.01;0;3.67705;0;0;-1
0;282;74.9422;-32.4985;-43.1684;9.0112;3065.04;5.4183;0;0;0.1;0.01;0;3.21666;0;0;-1
0;283;77.7422;-14.9951;-41.1229;8.62851;2690.89;5.1882;0;0;0.1;0.01;0;4.46601;0;0;-1
0;284;76.3296;-0.0843704;-41.4675;10.2851;4557.37;6.18428;0;0;0.1;0.01;0;6.87768;0;0;-1
0;285;78.7412;19.7251;-42.8168;8.99017;3043.63;5.40566;0;0;0.1;0.01;0;3.33099;0;0;-1
0;286;76.5353;34.3379;-41.9419;9.23964;3304.1;5.55566;0;0;0.1;0.01;0;3.54118;0;0;-1
0;287;90.5169;-4.55661;-40.5304;8.7003;2758.62;5.23136;0;0;0.1;0.01;0;2.23198;0;0;-1
0;288;-95.1268;-13.5062;-24.7014;8.77145;2826.85;5.27415;0;0;0.1;0.01;0;3.17629;0;0;-1
0;289;-95.636;1.24784;-26.0992;9.92316;4092.97;5.96665;0;0;0.1;0.01;0;3.87528;0;0;-1
0;290;-80.8683;-41.5021;-24.6563;9.90428;4069.65;5.9553;0;0;0.1;0.01;0;2.88714;0;0;-1
0;291;-81.7942;-23.4401;-27.347;9.5595;3659.27;5.74799;0;0;0.1;0.01;0;3.8652;0;0;-1
0;292;-78.9072;-4.65788;-26.4862;10.0423;4242.17;6.03829;0;0;0.1;0.01;0;5.59144;0;0;-1
0;293;-82.5726;10.9714;-26.451;10.1274;4350.93;6.08946;0;0;0.1;0.01;0;6.28586;0;0;-1
0;294;-82.4127;27.6776;-25.145;10.0349;4232.8;6.03384;0;0;0.1;0.01;0;5.02765;0;0;-1
0;295;-80.4032;44.5637;-28.1124;9.88358;4044.19;5.94285;0;0;0.1;0.01;0;3.28371;0;0;-1
0;296;-64.0804;-67.8797;-26.0033;8.5;2572.44;5.11093;0;0;0.1;0.01;0;2.5167;1;0;-1
0;297;-64.3809;-48.9918;-26.1275;8.77835;2833.53;5.27829;0;0;0.1;0.01;0;4.35901;0;0;-1
0;298;-64.5276;-31.2641;-25.4629;9.74862;3880.77;5.8617;0;0;0.1;0.01;0;5.46763;0;0;-1
0;299;-64.4881;-12.8917;-26.9909;9.28066;3348.31;5.58033;0;0;0.1;0.01;0;5.55836;0;0;-1
0;300;-66.0791;4.4463;-26.0282;8.5;2572.44;5.11093;0;0;0.1;0.01;0;5.93988;1;0;-1
0;301;-65.4695;20.2197;-26.9316;8.59094;2655.89;5.16561;0;0;0.1;0.01;0;5.71337;0;0;-1
0;302;-64.6847;35.2173;-27.1749;10.0497;4251.56;6.04274;0;0;0.1;0.01;0;6.31141;0;0;-1
0;303;-64.5507;50.9169;-26.2226;9.27992;3347.51;5.57988;0;0;0.1;0.01;0;5.75019;0;0;-1
0;304;-66.6802;68.6675;-26.7081;9.4554;3541.02;5.68539;0;0;0.1;0.01;0;2.15071;0;0;-1
0;305;-49.7079;-72.4972;-27.7924;8.99661;3050.18;5.40953;0;0;0.1;0.01;0;5.22904;0;0;-1
0;306;-49.6179;-58.1752;-26.2874;9.25063;3315.91;5.56227;0;0;0.1;0.01;0;6.29386;0;0;-1
0;307;-51.5424;-39.7144;-26.3439;9.3425;3415.69;5.61751;0;0;0.1;0.01;0;6.0079;0;0;-1
0;308;-52.4113;-23.1167;-27.5471;9.77632;3913.95;5.87836;0;0;0.1;0.01;0;6.55456;0;0;-1
0;309;-50.4822;-7.03642;-27.8107;9.73264;3861.72;5.8521;0;0;0.1;0.01;0;6.60886;0;0;-1
0;310;-53.0177;8.65202;-26.3257;8.9409;2993.87;5.37603;0;0;0.1;0.01;0;5.48731;0;0;-1
0;311;-51.1141;26.7872;-24.4718;9.14375;3202.3;5.498;0;0;0.1;0.01;0;5.57891;0;0;-1
0;312;-49.9889;45.5116;-24.8774;9.78011;3918.5;5.88064;0;0;0.1;0.01;0;7.33823;0;0;-1
0;313;-50.6639;62.4862;-25.5811;8.75947;2815.28;5.26694;0;0;0.1;0.01;0;6.08686;0;0;-1
0;314;-51.7959;78.4815;-28.258;8.72318;2780.44;5.24512;0;0;0.1;0.01;0;2.65222;0;0;-1
0;315;-36.4319;-82.1747;-26.5169;10.3133;4594.96;6.20124;0;0;0.1;0.01;0;6.19573;0;0;-1
0;316;-34.9827;-67.3068;-26.7997;8.88636;2939.41;5.34324;0;0;0.1;0.01;0;6.98974;0;0;-1
0;317;-38.3701;-47.1074;-27.1493;10.1598;4392.83;6.10894;0;0;0.1;0.01;0;5.71154;0;0;-1
0;318;-36.0567;-30.0801;-26.074;9.32899;3400.89;5.60939;0;0;0.1;0.01;0;6.11597;0;0;-1
0;319;-34.6359;-13.7576;-26.8007;8.77558;2830.85;5.27663;0;0;0.1;0.01;0;5.01592;0;0;-1
0;320;-36.5845;4.31292;-27.4463;8.5;2572.44;5.11093;0;0;0.1;0.01;0;4.19387;1;0;-1
0;321;-38.3604;18.5441;-27.481;9.50184;3593.45;5.71332;0;0;0.1;0.01;0;5.45396;0;0;-1
0;322;-38.2423;34.5878;-25.1741;8.5;2572.44;5.11093;0;0;0.1;0.01;0;5.50115;1;0;-1
0;323;-37.6477;52.2789;-27.8641;9.223;3286.29;5.54566;0;0;0.1;0.01;0;6.07384;0;0;-1
0;324;-38.21;67.7272;-25.7659;8.5;2572.44;5.11093;0;0;0.1;0.01;0;4.48644;1;0;-1
0;325;-35.5403;85.8439;-24.9544;10.2803;4550.99;6.1814;0;0;0.1;0.01;0;3.74653;0;0;-1
0;326;-21.7873;-90.7744;-25.2892;10.3383;4628.45;6.21627;0;0;0.1;0.01;0;3.98829;0;0;-1
0;327;-20.5841;-73.0905;-27.0243;10.1729;4409.84;6.11682;0;0;0.1;0.01;0;8.27781;0;0;-1
0;328;-20.3462;-59.1619;-26.3113;9.74517;3876.65;5.85963;0;0;0.1;0.01;0;7.26597;0;0;-1
0;329;-22.0202;-40.5875;-26.6584;8.61701;2680.15;5.18128;0;0;0.1;0.01;0;4.98633;0;0;-1
0;330;-21.3644;-21.1062;-24.9764;10.094;4308.03;6.06938;0;0;0.1;0.01;0;6.84133;0;0;-1
0;331;-19.721;-5.48366;-28.0776;8.5;2572.44;5.11093;0;0;0.1;0.01;0;4.64888;1;0;-1
0;332;-21.3125;11.8057;-25.7741;8.5;2572.44;5.11093;0;0;0.1;0.01;0;4.00114;1;0;-1
0;333;-22.7728;28.7626;-27.7806;8.64731;2708.52;5.1995;0;0;0.1;0.01;0;5.10195;0;0;-1
0;334;-21.2694;44.7695;-27.8778;9.74786;3879.86;5.86125;0;0;0.1;0.01;0;5.84208;0;0;-1
0;335;-21.6913;62.1713;-26.6145;9.66986;3787.47;5.81435;0;0;0.1;0.01;0;6.33918;0;0;-1
0;336;-22.8394;78.7573;-27.909;9.43208;3514.88;5.67137;0;0;0.1;0.01;0;5.6324;0;0;-1
0;337;-5.94203;-81.2682;-28.6505;9.37792;3454.68;5.63881;0;0;0.1;0.01;0;6.09212;0;0;-1
0;338;-7.90902;-66.6046;-26.331;9.47884;3567.42;5.69949;0;0;0.1;0.01;0;6.68834;0;0;-1
0;339;-8.56119;-48.5892;-24.3802;9.13807;3196.33;5.49459;0;0;0.1;0.01;0;5.18554;0;0;-1
0;340;-8.20457;-29.691;-25.5435;8.77274;2828.1;5.27492;0;0;0.1;0.01;0;5.56548;0;0;-1
0;341;-6.01055;-13.3228;-27.8137;9.41095;3491.31;5.65867;0;0;0.1;0.01;0;6.59714;0;0;-1
0;342;-5.49611;1.92658;-27.6457;8.53399;2603.42;5.13136;0;0;0.1;0.01;0;5.70961;0;0;-1
0;343;-6.608;21.1293;-25.6291;9.60397;3710.57;5.77473;0;0;0.1;0.01;0;6.69987;0;0;-1
0;344;-7.09525;35.4085;-27.0985;9.34522;3418.67;5.61915;0;0;0.1;0.01;0;7.4855;0;0;-1
0;345;-7.929;51.5126;-26.0231;8.65073;2711.73;5.20156;0;0;0.1;0.01;0;5.61186;0;0;-1
0;346;-9.34427;72.167;-24.4887;8.6207;2683.59;5.1835;0;0;0.1;0.01;0;5.03861;0;0;-1
0;347;-9.1017;88.238;-25.6685;8.64271;2704.2;5.19674;0;0;0.1;0.01;0;3.97122;0;0;-1
0;348;9.34801;-90.4755;-25.4116;10.3115;4592.55;6.20016;0;0;0.1;0.01;0;4.27716;0;0;-1
0;349;6.59495;-75.792;-25.317;9.7822;3921.01;5.88189;0;0;0.1;0.01;0;6.67372;0;0;-1
0;350;9.44366;-58.6616;-25.7684;9.33001;3402;5.61;0;0;0.1;0.01;0;5.80751;0;0;-1
0;351;5.72634;-40.0309;-25.3992;9.62018;3729.39;5.78447;0;0;0.1;0.01;0;6.09808;0;0;-1
0;352;8.26589;-25.5196;-26.5949;8.72878;2785.8;5.24849;0;0;0.1;0.01;0;5.85909;0;0;-1
0;353;9.02326;-8.7652;-27.6963;10.2426;4501.11;6.15873;0;0;0.1;0.01;0;6.7975;0;0;-1
0;354;5.51387;9.9373;-25.5123;9.14542;3204.05;5.49901;0;0;0.1;0.01;0;4.58258;0;0;-1
0;355;9.43411;29.33;-27.6654;10.081;4291.4;6.06156;0;0;0.1;0.01;0;6.86038;0;0;-1
0;356;6.2552;44.0464;-25.2411;10.3766;4680.09;6.2393;0;0;0.1;0.01;0;7.20056;0;0;-1
0;357;6.86979;63.4089;-24.6235;10.1832;4423.25;6.12301;0;0;0.1;0.01;0;6.80696;0;0;-1
0;358;5.89958;78.2849;-27.998;9.05381;3108.73;5.44392;0;0;0.1;0.01;0;5.55889;0;0;-1
0;359;8.24295;95.6154;-26.8452;10.0208;4214.98;6.02536;0;0;0.1;0.01;0;2.99723;0;0;-1
0;360;22.5726;-82.3681;-25.2176;9.14669;3205.39;5.49977;0;0;0.1;0.01;0;4.65914;0;0;-1
0;361;23.7013;-65.8971;-25.4728;9.51617;3609.73;5.72193;0;0;0.1;0.01;0;5.43863;0;0;-1
0;362;23.2759;-47.2917;-27.4328;10.114;4333.69;6.0814;0;0;0.1;0.01;0;6.259;0;0;-1
0;363;22.7945;-31.7607;-26.0455;9.7203;3847.05;5.84468;0;0;0.1;0.01;0;6.89695;0;0;-1
0;364;22.1292;-16.0882;-25.5865;10.0142;4206.66;6.02139;0;0;0.1;0.01;0;6.73036;0;0;-1
0;365;22.316;1.01425;-26.8024;9.03568;3090.09;5.43302;0;0;0.1;0.01;0;5.17092;0;0;-1
0;366;23.3898;18.1876;-28.0159;9.62583;3735.97;5.78787;0;0;0.1;0.01;0;6.25415;0;0;-1
0;367;23.2495;34.9358;-27.5207;9.48752;3577.23;5.70471;0;0;0.1;0.01;0;7.41984;0;0;-1
0;368;20.5923;51.1123;-24.5168;9.78732;3927.17;5.88497;0;0;0.1;0.01;0;6.26132;0;0;-1
0;369;20.2929;69.1534;-26.9505;9.41126;3491.66;5.65885;0;0;0.1;0.01;0;5.3623;0;0;-1
0;370;23.3585;84.5732;-24.802;9.48309;3572.22;5.70204;0;0;0.1;0.01;0;4.89968;0;0;-1
0;371;38.0657;-75.9948;-27.1018;9.08221;3138.07;5.461;0;0;0.1;0.01;0;3.94051;0;0;-1
0;372;35.2293;-56.918;-27.0348;8.68961;2748.46;5.22494;0;0;0.1;0.01;0;5.60602;0;0;-1
0;373;37.532;-39.9423;-26.8246;9.92192;4091.44;5.96591;0;0;0.1;0.01;0;7.96767;0;0;-1
0;374;37.6908;-23.1663;-27.6901;9.98008;4163.81;6.00088;0;0;0.1;0.01;0;7.5914;0;0;-1
0;375;37.455;-7.21014;-24.8422;9.68117;3800.77;5.82115;0;0;0.1;0.01;0;6.57101;0;0;-1
0;376;35.1283;8.91377;-26.7881;8.8148;2868.97;5.30021;0;0;0.1;0.01;0;5.3083;0;0;-1
0;377;37.2278;25.3907;-24.71;9.96675;4147.15;5.99286;0;0;0.1;0.01;0;6.87992;0;0;-1
0;378;37.0124;42.1392;-27.099;9.84583;3998.03;5.92015;0;0;0.1;0.01;0;6.5789;0;0;-1
0;379;38.4506;63.6797;-24.9019;8.5;2572.44;5.11093;0;0;0.1;0.01;0;4.58438;1;0;-1
0;380;36.7506;78.8098;-24.8837;8.5;2572.44;5.11093;0;0;0.1;0.01;0;4.35098;1;0;-1
0;381;50.4413;-66.6536;-24.7843;10.2137;4463.11;6.14135;0;0;0.1;0.01;0;5.56969;0;0;-1
0;382;49.9624;-50.7716;-25.2907;10.1728;4409.71;6.11676;0;0;0.1;0.01;0;6.85247;0;0;-1
0;383;50.0707;-33.4141;-25.0301;8.55599;2623.61;5.14459;0;0;0.1;0.01;0;5.20364;0;0;-1
0;384;52.7121;-15.5659;-26.8574;9.21838;3281.35;5.54288;0;0;0.1;0.01;0;6.25856;0;0;-1
0;385;51.8214;1.73263;-28.3326;10.0155;4208.3;6.02217;0;0;0.1;0.01;0;7.16934;0;0;-1
0;386;50.1102;17.7971;-28.515;9.04577;3100.45;5.43909;0;0;0.1;0.01;0;6.16812;0;0;-1
0;387;50.3089;34.893;-25.0697;9.38364;3461.01;5.64225;0;0;0.1;0.01;0;5.57771;0;0;-1
0;388;52.9799;54.7677;-24.6954;8.65695;2717.59;5.2053;0;0;0.1;0.01;0;4.39697;0;0;-1
0;389;52.2038;72.6229;-26.9416;9.78828;3928.33;5.88555;0;0;0.1;0.01;0;4.3789;0;0;-1
0;390;66.3599;-59.2039;-27.6289;8.99162;3045.11;5.40653;0;0;0.1;0.01;0;4.13236;0;0;-1
0;391;66.6349;-42.2238;-25.0394;8.84857;2902.07;5.32052;0;0;0.1;0.01;0;5.48316;0;0;-1
0;392;67.4844;-23.2442;-24.8681;10.3678;4668.19;6.23401;0;0;0.1;0.01;0;6.53693;0;0;-1
0;393;65.5579;-5.60202;-26.9247;8.9529;3005.94;5.38325;0;0;0.1;0.01;0;6.83993;0;0;-1
0;394;66.5822;9.4559;-25.0986;9.2484;3313.51;5.56093;0;0;0.1;0.01;0;5.82269;0;0;-1
0;395;64.8728;25.4075;-25.6033;9.8348;3984.6;5.91352;0;0;0.1;0.01;0;4.80975;0;0;-1
0;396;66.3814;46.5049;-25.901;10.0347;4232.55;6.03372;0;0;0.1;0.01;0;5.81734;0;0;-1
0;397;65.072;62.2777;-27.5156;10.0508;4252.95;6.0434;0;0;0.1;0.01;0;4.97007;0;0;-1
0;398;79.417;-51.2676;-25.8205;10.1042;4321.1;6.07551;0;0;0.1;0.01;0;2.17857;0;0;-1
0;399;81.8795;-34.2071;-24.8295;10.2512;4512.45;6.1639;0;0;0.1;0.01;0;3.41532;0;0;-1
0;400;80.7498;-16.8112;-25.3485;8.88357;2936.64;5.34156;0;0;0.1;0.01;0;4.46905;0;0;-1
0;401;79.7966;-0.228328;-26.2401;9.30496;3374.68;5.59494;0;0;0.1;0.01;0;4.87205;0;0;-1
0;402;83.216;17.7941;-25.2706;9.79833;3940.44;5.89159;0;0;0.1;0.01;0;4.14615;0;0;-1
0;403;79.0985;33.7616;-27.994;8.5;2572.44;5.11093;0;0;0.1;0.01;0;3.36628;1;0;-1
0;404;79.3733;54.6222;-26.5427;10.3516;4646.34;6.22427;0;0;0.1;0.01;0;2.70743;0;0;-1
0;405;-98.4434;0.961267;-11.8091;10.2755;4544.62;6.17851;0;0;0.1;0.01;0;3.70505;0;0;-1
0;406;-84.2816;-42.0888;-11.2511;9.08598;3141.98;5.46327;0;0;0.1;0.01;0;3.46878;0;0;-1
0;407;-84.3724;-23.5377;-10.3078;10.4098;4725.15;6.25926;0;0;0.1;0.01;0;5.70389;0;0;-1
0;408;-85.2191;-7.1343;-12.4869;8.91246;2965.39;5.35893;0;0;0.1;0.01;0;5.26912;0;0;-1
0;409;-83.3485;11.6469;-11.9273;10.149;4378.83;6.10245;0;0;0.1;0.01;0;5.92241;0;0;-1
0;410;-84.8139;29.1422;-12.433;8.5;2572.44;5.11093;0;0;0.1;0.01;0;4.12848;1;0;-1
0;411;-84.0307;42.4963;-11.3155;9.39125;3469.44;5.64682;0;0;0.1;0.01;0;4.1269;0;0;-1
0;412;-70.8122;-68.4407;-10.0664;8.78734;2842.24;5.2837;0;0;0.1;0.01;0;2.13459;0;0;-1
0;413;-69.2284;-49.2652;-11.9944;9.51949;3613.51;5.72393;0;0;0.1;0.01;0;4.76965;0;0;-1
0;414;-69.8912;-32.5568;-10.1372;9.37135;3447.43;5.63486;0;0;0.1;0.01;0;6.79721;0;0;-1
0;415;-72.16;-15.739;-11.6903;9.40543;3485.17;5.65535;0;0;0.1;0.01;0;6.58664;0;0;-1
0;416;-70.7987;3.17477;-10.3141;8.76929;2824.76;5.27285;0;0;0.1;0.01;0;6.07164;0;0;-1
0;417;-68.3533;17.3742;-12.9505;8.58719;2652.42;5.16335;0;0;0.1;0.01;0;4.93308;0;0;-1
0;418;-69.4936;36.4687;-11.9893;9.59908;3704.91;5.77179;0;0;0.1;0.01;0;6.33968;0;0;-1
0;419;-71.9176;53.7835;-13.0194;8.9755;3028.76;5.39684;0;0;0.1;0.01;0;4.41786;0;0;-1
0;420;-54.2911;-75.1346;-9.72057;8.85847;2911.82;5.32647;0;0;0.1;0.01;0;3.81323;0;0;-1
0;421;-56.6203;-58.2379;-12.3489;9.39962;3478.72;5.65186;0;0;0.1;0.01;0;5.38439;0;0;-1
0;422;-57.3289;-39.2027;-10.3192;8.57706;2643.04;5.15726;0;0;0.1;0.01;0;5.56647;0;0;-1
0;423;-57.313;-23.9542;-11.8619;8.5;2572.44;5.11093;0;0;0.1;0.01;0;5.493;1;0;-1
0;424;-55.2368;-7.22059;-11.8068;9.00601;3059.75;5.41518;0;0;0.1;0.01;0;5.50136;0;0;-1
0;425;-54.3067;8.59989;-12.5427;10.0595;4264.01;6.04863;0;0;0.1;0.01;0;5.98885;0;0;-1
0;426;-57.3423;29.769;-12.8214;8.5;2572.44;5.11093;0;0;0.1;0.01;0;5.6379;1;0;-1
0;427;-55.1127;44.7231;-11.8308;9.28257;3350.37;5.58147;0;0;0.1;0.01;0;6.8562;0;0;-1
0;428;-57.9499;60.0308;-10.6868;9.74725;3879.14;5.86088;0;0;0.1;0.01;0;5.45021;0;0;-1
0;429;-42.7892;-83.6438;-13.2539;10.0889;4301.5;6.06631;0;0;0.1;0.01;0;4.25783;0;0;-1
0;430;-39.3541;-64.6273;-11.5671;9.79525;3936.73;5.88974;0;0;0.1;0.01;0;5.61049;0;0;-1
0;431;-41.0522;-49.3532;-10.6893;8.52157;2592.07;5.1239;0;0;0.1;0.01;0;5.07904;0;0;-1
0;432;-41.2237;-32.6042;-12.3656;9.80366;3946.87;5.8948;0;0;0.1;0.01;0;6.13981;0;0;-1
0;433;-42.0826;-14.346;-13.521;10.014;4206.41;6.02127;0;0;0.1;0.01;0;6.08479;0;0;-1
0;434;-40.9206;3.07265;-10.7884;9.48602;3575.53;5.70381;0;0;0.1;0.01;0;5.76922;0;0;-1
0;435;-39.4013;20.0893;-11.2063;10.0097;4200.99;6.01869;0;0;0.1;0.01;0;6.27611;0;0;-1
0;436;-42.1269;36.9061;-13.1699;9.33057;3402.62;5.61034;0;0;0.1;0.01;0;7.19832;0;0;-1
0;437;-42.655;52.2123;-12.6273;8.5;2572.44;5.11093;0;0;0.1;0.01;0;5.05233;1;0;-1
0;438;-43.0053;70.6876;-12.5554;8.74544;2801.78;5.25851;0;0;0.1;0.01;0;4.72245;0;0;-1
0;439;-43.2507;85.1307;-13.3333;8.5;2572.44;5.11093;0;0;0.1;0.01;0;3.4268;1;0;-1
0;440;-27.902;-93.1796;-13.0837;9.62079;3730.1;5.78484;0;0;0.1;0.01;0;4.3184;0;0;-1
0;441;-28.1479;-76.8709;-13.0046;10.1441;4372.49;6.0995;0;0;0.1;0.01;0;7.05676;0;0;-1
0;442;-24.6949;-56.5733;-12.2857;10.3899;4698.1;6.2473;0;0;0.1;0.01;0;7.30754;0;0;-1
0;443;-27.3667;-41.7536;-10.1865;10.4383;4764.07;6.2764;0;0;0.1;0.01;0;7.63208;0;0;-1
0;444;-26.6311;-22.2849;-11.8637;10.2193;4470.46;6.14472;0;0;0.1;0.01;0;6.64871;0;0;-1
0;445;-24.954;-7.31065;-10.32;8.54228;2611.02;5.13635;0;0;0.1;0.01;0;4.69803;0;0;-1
0;446;-25.1385;9.14484;-10.2578;9.43114;3513.83;5.67081;0;0;0.1;0.01;0;5.17409;0;0;-1
0;447;-27.4313;28.4679;-10.5835;10.2555;4518.13;6.16648;0;0;0.1;0.01;0;6.15112;0;0;-1
0;448;-28.3075;42.9593;-10.7767;9.06343;3118.65;5.44971;0;0;0.1;0.01;0;5.62687;0;0;-1
0;449;-24.4462;59.0678;-12.8442;8.80537;2859.77;5.29454;0;0;0.1;0.01;0;4.53525;0;0;-1
0;450;-24.7748;77.7027;-12.2461;9.85517;4009.41;5.92577;0;0;0.1;0.01;0;6.45195;0;0;-1
0;451;-24.8588;94.6725;-14.0133;10.1999;4445.05;6.13305;0;0;0.1;0.01;0;3.54393;0;0;-1
0;452;-13.5496;-83.3063;-11.0874;8.5;2572.44;5.11093;0;0;0.1;0.01;0;4.45292;1;0;-1
0;453;-12.7741;-65.4529;-13.2514;8.5;2572.44;5.11093;0;0;0.1;0.01;0;5.52601;1;0;-1
0;454;-12.6942;-48.4392;-9.70907;9.49539;3586.14;5.70944;0;0;0.1;0.01;0;6.60653;0;0;-1
0;455;-11.446;-32.3659;-11.7617;10.4018;4714.27;6.25445;0;0;0.1;0.01;0;7.25693;0;0;-1
0;456;-10.3961;-14.2729;-10.718;8.5;2572.44;5.11093;0;0;0.1;0.01;0;6.06005;1;0;-1
0;457;-10.7168;0.962186;-11.6054;10.2021;4447.92;6.13437;0;0;0.1;0.01;0;7.16034;0;0;-1
0;458;-10.7321;16.9715;-11.6261;9.08701;3143.05;5.46389;0;0;0.1;0.01;0;5.76889;0;0;-1
0;459;-11.5923;34.2423;-12.5416;8.56015;2627.44;5.14709;0;0;0.1;0.01;0;4.62048;0;0;-1
0;460;-10.3545;50.9672;-10.6128;8.54843;2616.66;5.14005;0;0;0.1;0.01;0;5.22122;0;0;-1
0;461;-10.5234;67.4165;-11.6327;9.0735;3129.05;5.45576;0;0;0.1;0.01;0;5.90945;0;0;-1
0;462;-11.7003;87.2594;-12.4317;8.5;2572.44;5.11093;0;0;0.1;0.01;0;4.79504;1;0;-1
0;463;4.39331;-91.5542;-10.5901;8.69412;2752.74;5.22765;0;0;0.1;0.01;0;3.76451;0;0;-1
0;464;1.54584;-75.9945;-12.1245;8.5;2572.44;5.11093;0;0;0.1;0.01;0;5.49033;1;0;-1
0;465;1.34156;-59.4785;-12.8501;8.86284;2916.13;5.3291;0;0;0.1;0.01;0;6.06329;0;0;-1
0;466;1.68122;-41.2638;-12.6208;9.63019;3741.05;5.79049;0;0;0.1;0.01;0;6.53569;0;0;-1
0;467;1.26688;-21.5704;-10.4644;9.21799;3280.93;5.54264;0;0;0.1;0.01;0;6.608;0;0;-1
0;468;1.59149;-7.44904;-12.1277;8.63646;2698.34;5.19298;0;0;0.1;0.01;0;6.12696;0;0;-1
0;469;3.28059;8.17228;-12.2784;10.1133;4332.79;6.08098;0;0;0.1;0.01;0;6.21182;0;0;-1
0;470;3.18993;25.1306;-13.5563;9.05314;3108.04;5.44352;0;0;0.1;0.01;0;4.72337;0;0;-1
0;471;1.98659;43.7655;-10.4967;9.3009;3370.26;5.5925;0;0;0.1;0.01;0;5.57796;0;0;-1
0;472;2.3367;59.523;-10.7524;9.45512;3540.71;5.68523;0;0;0.1;0.01;0;6.5884;0;0;-1
0;473;2.70437;76.751;-10.3923;8.91847;2971.39;5.36255;0;0;0.1;0.01;0;6.03294;0;0;-1
0;474;3.09578;94.0406;-11.4652;10.2647;4530.3;6.17202;0;0;0.1;0.01;0;4.45941;0;0;-1
0;475;18.8176;-85.1779;-10.539;9.35595;3430.46;5.6256;0;0;0.1;0.01;0;5.80051;0;0;-1
0;476;16.0686;-68.1898;-10.5158;9.47166;3559.32;5.69517;0;0;0.1;0.01;0;6.35464;0;0;-1
0;477;15.9656;-51.4683;-9.87522;9.86583;4022.44;5.93218;0;0;0.1;0.01;0;5.7779;0;0;-1
0;478;15.5259;-33.3904;-10.5221;9.65096;3765.3;5.80298;0;0;0.1;0.01;0;5.74312;0;0;-1
0;479;16.0344;-16.2967;-11.4678;8.57311;2639.39;5.15489;0;0;0.1;0.01;0;5.90788;0;0;-1
0;480;16.4156;1.11779;-11.4619;9.38448;3461.94;5.64275;0;0;0.1;0.01;0;5.57932;0;0;-1
0;481;19.4879;20.9023;-10.8764;9.88972;4051.73;5.94655;0;0;0.1;0.01;0;6.04993;0;0;-1
0;482;19.6246;38.1916;-13.1673;8.5;2572.44;5.11093;0;0;0.1;0.01;0;5.08558;1;0;-1
0;483;18.184;54.5305;-11.4725;8.5;2572.44;5.11093;0;0;0.1;0.01;0;4.93244;1;0;-1
0;484;17.3049;71.4352;-10.3202;10.3965;4707.06;6.25126;0;0;0.1;0.01;0;7.11105;0;0;-1
0;485;15.6972;84.9738;-12.571;8.5;2572.44;5.11093;0;0;0.1;0.01;0;5.4508;1;0;-1
0;486;31.9463;-93.7222;-12.0428;8.83098;2884.8;5.30994;0;0;0.1;0.01;0;1.85799;0;0;-1
0;487;33.362;-76.6515;-12.3228;9.41174;3492.19;5.65914;0;0;0.1;0.01;0;5.6528;0;0;-1
0;488;32.8895;-55.3916;-10.3507;9.45135;3536.47;5.68296;0;0;0.1;0.01;0;4.99207;0;0;-1
0;489;34.1668;-38.8886;-10.1221;9.62386;3733.67;5.78669;0;0;0.1;0.01;0;6.14482;0;0;-1
0;490;31.2334;-21.357;-12.2767;9.89423;4057.28;5.94926;0;0;0.1;0.01;0;7.10835;0;0;-1
0;491;33.1384;-6.33949;-10.778;8.88235;2935.43;5.34083;0;0;0.1;0.01;0;5.56283;0;0;-1
0;492;33.4991;11.7961;-12.9115;10.3784;4682.52;6.24038;0;0;0.1;0.01;0;7.01948;0;0;-1
0;493;31.4709;29.0494;-10.834;9.24443;3309.25;5.55854;0;0;0.1;0.01;0;6.82195;0;0;-1
0;494;33.5344;46.2632;-13.2485;9.56238;3662.58;5.74972;0;0;0.1;0.01;0;5.98854;0;0;-1
0;495;32.7891;63.4873;-10.3657;8.6173;2680.42;5.18146;0;0;0.1;0.01;0;5.98468;0;0;-1
0;496;32.2661;79.3802;-10.1229;10.0567;4260.45;6.04695;0;0;0.1;0.01;0;6.3862;0;0;-1
0;497;45.9688;-82.9372;-10.7957;8.5;2572.44;5.11093;0;0;0.1;0.01;0;4.15617;1;0;-1
0;498;48.129;-67.8878;-11.4477;9.53328;3629.24;5.73222;0;0;0.1;0.01;0;6.01292;0;0;-1
0;499;47.7018;-47.7299;-11.9695;9.34097;3414.01;5.61659;0;0;0.1;0.01;0;6.11554;0;0;-1
0;500;48.6133;-31.7064;-12.5247;9.05733;3112.36;5.44604;0;0;0.1;0.01;0;5.54075;0;0;-1
0;501;45.553;-14.7362;-10.952;9.15165;3210.6;5.50275;0;0;0.1;0.01;0;6.26714;0;0;-1
0;502;46.5947;0.436603;-11.0272;10.1585;4391.14;6.10816;0;0;0.1;0.01;0;7.44573;0;0;-1
0;503;47.7355;18.1141;-13.4356;10.1742;4411.53;6.1176;0;0;0.1;0.01;0;7.74582;0;0;-1
0;504;47.9003;34.6514;-10.5478;9.51622;3609.79;5.72196;0;0;0.1;0.01;0;6.42755;0;0;-1
0;505;45.9462;55.1928;-12.4968;8.5;2572.44;5.11093;0;0;0.1;0.01;0;5.01892;1;0;-1
0;506;46.2871;68.4946;-10.0091;9.24156;3306.16;5.55682;0;0;0.1;0.01;0;6.16905;0;0;-1
0;507;47.697;85.6412;-13.0964;8.6403;2701.94;5.19529;0;0;0.1;0.01;0;2.33859;0;0;-1
0;508;61.0928;-74.2495;-11.2893;10.3036;4582.01;6.19541;0;0;0.1;0.01;0;3.19864;0;0;-1
0;509;60.3062;-56.0655;-13.3;9.61516;3723.56;5.78146;0;0;0.1;0.01;0;6.3942;0;0;-1
0;510;61.4399;-42.148;-11.621;9.39919;3478.24;5.6516;0;0;0.1;0.01;0;6.4113;0;0;-1
0;511;62.5775;-25.7808;-11.8623;9.28468;3352.66;5.58274;0;0;0.1;0.01;0;5.84152;0;0;-1
0;512;62.7422;-7.65168;-11.504;9.83406;3983.7;5.91308;0;0;0.1;0.01;0;6.46769;0;0;-1
0;513;60.7343;9.37207;-12.8123;10.2245;4477.29;6.14784;0;0;0.1;0.01;0;6.65811;0;0;-1
0;514;61.9704;28.7534;-10.2246;9.92591;4096.37;5.96831;0;0;0.1;0.01;0;6.30816;0;0;-1
0;515;62.6756;45.9875;-11.131;9.50542;3597.51;5.71547;0;0;0.1;0.01;0;5.7046;0;0;-1
0;516;63.2337;63.5909;-10.8012;10.0981;4313.28;6.07184;0;0;0.1;0.01;0;5.3339;0;0;-1
0;517;61.0462;77.9234;-13.795;8.90529;2958.24;5.35462;0;0;0.1;0.01;0;2.773;0;0;-1
0;518;77.6021;-47.5302;-10.8092;8.5;2572.44;5.11093;0;0;0.1;0.01;0;3.89152;1;0;-1
0;519;77.3375;-30.0345;-11.2454;8.60685;2670.68;5.17517;0;0;0.1;0.01;0;5.62821;0;0;-1
0;520;75.2983;-14.4404;-10.8518;10.4528;4783.95;6.28512;0;0;0.1;0.01;0;7.80124;0;0;-1
0;521;74.9408;1.12148;-10.9919;8.5;2572.44;5.11093;0;0;0.1;0.01;0;6.16491;1;0;-1
0;522;76.6061;18.0137;-13.338;8.69993;2758.26;5.23114;0;0;0.1;0.01;0;5.74946;0;0;-1
0;523;75.0658;34.8494;-12.713;8.5;2572.44;5.11093;0;0;0.1;0.01;0;5.2535;1;0;-1
0;524;75.3435;51.4817;-10.2268;9.24246;3307.13;5.55736;0;0;0.1;0.01;0;5.72083;0;0;-1
0;525;89.5865;-22.1777;-11.9556;8.5;2572.44;5.11093;0;0;0.1;0.01;0;3.79011;1;0;-1
0;526;90.0695;-4.25268;-10.1427;9.67018;3787.85;5.81454;0;0;0.1;0.01;0;4.12042;0;0;-1
0;527;89.556;12.0069;-11.021;8.94815;3001.15;5.38039;0;0;0.1;0.01;0;4.8023;0;0;-1
0;528;89.4294;27.0306;-11.1976;8.57982;2645.59;5.15892;0;0;0.1;0.01;0;4.51417;0;0;-1
0;529;89.2398;43.5649;-9.84153;10.0381;4236.85;6.03576;0;0;0.1;0.01;0;3.29367;0;0;-1
0;530;-93.9381;-16.5795;2.39485;9.45997;3546.16;5.68814;0;0;0.1;0.01;0;3.16964;0;0;-1
0;531;-95.6844;2.72811;3.4275;9.65336;3768.11;5.80443;0;0;0.1;0.01;0;3.78527;0;0;-1
0;532;-95.9064;18.6861;2.16479;10.2032;4449.36;6.13504;0;0;0.1;0.01;0;3.23939;0;0;-1
0;533;-79.6763;-55.9212;3.04072;8.5;2572.44;5.11093;0;0;0.1;0.01;0;2.64005;1;0;-1
0;534;-82.6274;-41.5229;4.68057;9.80047;3943.02;5.89288;0;0;0.1;0.01;0;4.17523;0;0;-1
0;535;-80.5969;-23.2273;2.97189;9.80139;3944.13;5.89343;0;0;0.1;0.01;0;6.45378;0;0;-1
0;536;-79.8654;-6.13506;3.72513;9.46528;3552.13;5.69134;0;0;0.1;0.01;0;5.92312;0;0;-1
0;537;-81.7912;10.3528;2.71703;8.90491;2957.86;5.35439;0;0;0.1;0.01;0;4.70894;0;0;-1
0;538;-80.6039;25.4915;1.20437;8.5;2572.44;5.11093;0;0;0.1;0.01;0;3.6948;1;0;-1
0;539;-82.6822;44.0747;2.76935;10.2457;4505.19;6.16059;0;0;0.1;0.01;0;4.42184;0;0;-1
0;540;-78.9045;61.1258;3.37404;9.4202;3501.62;5.66423;0;0;0.1;0.01;0;2.55965;0;0;-1
0;541;-63.8876;-65.511;1.67958;8.86781;2921.04;5.33209;0;0;0.1;0.01;0;4.00887;0;0;-1
0;542;-64.2784;-47.2864;4.40126;10.2617;4526.33;6.17021;0;0;0.1;0.01;0;6.235;0;0;-1
0;543;-68.3928;-33.0493;3.55448;8.92266;2975.58;5.36507;0;0;0.1;0.01;0;5.7589;0;0;-1
0;544;-67.7961;-14.8203;1.72575;10.4365;4761.6;6.27532;0;0;0.1;0.01;0;6.92705;0;0;-1
0;545;-67.1953;0.400076;3.73634;10.3306;4618.12;6.21164;0;0;0.1;0.01;0;6.93431;0;0;-1
0;546;-64.7305;17.1288;3.36684;10.4477;4776.95;6.28205;0;0;0.1;0.01;0;6.01958;0;0;-1
0;547;-65.1785;36.5246;3.09443;10.4249;4745.74;6.26834;0;0;0.1;0.01;0;6.60184;0;0;-1
0;548;-65.565;52.0304;3.22904;9.47993;3568.65;5.70014;0;0;0.1;0.01;0;5.47898;0;0;-1
0;549;-64.9448;70.4104;3.16726;8.5;2572.44;5.11093;0;0;0.1;0.01;0;2.34924;1;0;-1
0;550;-49.9108;-75.3309;3.23786;8.5823;2647.89;5.16041;0;0;0.1;0.01;0;5.00759;0;0;-1
0;551;-50.3431;-59.3881;4.21225;8.71413;2771.79;5.23968;0;0;0.1;0.01;0;5.50724;0;0;-1
0;552;-50.9522;-42.3329;3.33778;8.72965;2786.63;5.24901;0;0;0.1;0.01;0;5.4625;0;0;-1
0;553;-52.1128;-24.473;3.64984;8.58632;2651.61;5.16283;0;0;0.1;0.01;0;4.18514;0;0;-1
0;554;-49.6381;-5.37419;2.14641;8.5;2572.44;5.11093;0;0;0.1;0.01;0;4.35497;1;0;-1
0;555;-52.3029;10.0597;3.7497;8.5;2572.44;5.11093;0;0;0.1;0.01;0;4.98674;1;0;-1
0;556;-52.758;25.8342;2.70389;8.5;2572.44;5.11093;0;0;0.1;0.01;0;5.48402;1;0;-1
0;557;-50.2684;42.987;5.11817;9.8444;3996.28;5.91929;0;0;0.1;0.01;0;5.97302;0;0;-1
0;558;-50.7564;63.4596;1.8346;9.04923;3104.01;5.44117;0;0;0.1;0.01;0;5.21373;0;0;-1
0;559;-51.4571;78.1205;1.28785;9.76208;3896.87;5.8698;0;0;0.1;0.01;0;4.43653;0;0;-1
0;560;-34.9759;-84.0138;3.43938;9.36644;3442.01;5.6319;0;0;0.1;0.01;0;5.15546;0;0;-1
0;561;-38.502;-67.3827;3.24286;9.15764;3216.91;5.50636;0;0;0.1;0.01;0;5.35595;0;0;-1
0;562;-36.7044;-50.3926;4.12033;8.5;2572.44;5.11093;0;0;0.1;0.01;0;5.1754;1;0;-1
0;563;-35.8325;-32.6225;2.67605;9.95707;4135.07;5.98704;0;0;0.1;0.01;0;6.0539;0;0;-1
0;564;-38.0809;-14.0888;3.15265;8.97516;3028.41;5.39663;0;0;0.1;0.01;0;4.98392;0;0;-1
0;565;-36.6352;3.18018;4.03336;8.90095;2953.91;5.35201;0;0;0.1;0.01;0;5.85507;0;0;-1
0;566;-38.1391;19.9761;2.9173;10.1518;4382.46;6.10413;0;0;0.1;0.01;0;6.86583;0;0;-1
0;567;-38.1974;36.3058;1.02999;8.89588;2948.87;5.34896;0;0;0.1;0.01;0;5.93168;0;0;-1
0;568;-35.4194;50.8433;2.86459;9.82839;3976.82;5.90967;0;0;0.1;0.01;0;5.01475;0;0;-1
0;569;-35.7485;71.7405;1.33808;10.4423;4769.55;6.2788;0;0;0.1;0.01;0;6.28704;0;0;-1
0;570;-35.3278;87.8905;3.28891;9.58234;3685.56;5.76172;0;0;0.1;0.01;0;5.14525;0;0;-1
0;571;-20.7801;-93.6575;1.60134;9.51832;3612.18;5.72323;0;0;0.1;0.01;0;4.3116;0;0;-1
0;572;-20.5645;-76.6055;4.59506;8.53528;2604.61;5.13214;0;0;0.1;0.01;0;5.26448;0;0;-1
0;573;-23.6239;-57.6422;1.53652;9.2155;3278.27;5.54115;0;0;0.1;0.01;0;6.0059;0;0;-1
0;574;-23.2236;-40.3605;2.14709;9.25268;3318.11;5.5635;0;0;0.1;0.01;0;6.41693;0;0;-1
0;575;-21.168;-23.0817;3.57283;8.5;2572.44;5.11093;0;0;0.1;0.01;0;5.39827;1;0;-1
0;576;-20.5807;-5.19294;3.34518;8.55675;2624.31;5.14505;0;0;0.1;0.01;0;6.16059;0;0;-1
0;577;-20.1937;9.99266;4.07094;10.1133;4332.79;6.08098;0;0;0.1;0.01;0;6.89896;0;0;-1
0;578;-23.9396;27.5217;1.88698;8.5874;2652.61;5.16348;0;0;0.1;0.01;0;3.99315;0;0;-1
0;579;-19.931;46.9963;1.82843;9.19996;3261.72;5.5318;0;0;0.1;0.01;0;4.54742;0;0;-1
0;580;-22.0296;63.3235;2.1676;9.89483;4058.01;5.94962;0;0;0.1;0.01;0;6.6597;0;0;-1
0;581;-22.1871;77.5566;1.90793;9.60554;3712.39;5.77567;0;0;0.1;0.01;0;6.19933;0;0;-1
0;582;-23.3662;96.2356;1.35925;9.90756;4073.7;5.95727;0;0;0.1;0.01;0;3.41989;0;0;-1
0;583;-7.06985;-98.9534;0.928137;10.0776;4287.06;6.05951;0;0;0.1;0.01;0;2.97408;0;0;-1
0;584;-5.64528;-81.0558;3.71197;8.73414;2790.93;5.25171;0;0;0.1;0.01;0;5.62647;0;0;-1
0;585;-9.08192;-66.6465;2.77065;10.3839;4689.97;6.24369;0;0;0.1;0.01;0;5.75256;0;0;-1
0;586;-7.63398;-49.2507;2.30947;8.64791;2709.08;5.19986;0;0;0.1;0.01;0;5.09598;0;0;-1
0;587;-7.46646;-29.972;2.51888;9.4445;3528.79;5.67884;0;0;0.1;0.01;0;6.35219;0;0;-1
0;588;-8.78048;-14.1945;3.11872;9.71029;3835.18;5.83866;0;0;0.1;0.01;0;6.8822;0;0;-1
0;589;-7.88833;1.80679;3.77361;8.5;2572.44;5.11093;0;0;0.1;0.01;0;5.89944;1;0;-1
0;590;-6.29414;17.3604;1.33839;8.51996;2590.61;5.12293;0;0;0.1;0.01;0;5.93037;0;0;-1
0;591;-6.16666;34.655;3.70386;9.22465;3288.05;5.54665;0;0;0.1;0.01;0;5.50761;0;0;-1
0;592;-5.76548;51.8002;3.54178;8.5;2572.44;5.11093;0;0;0.1;0.01;0;5.86886;1;0;-1
0;593;-7.56866;71.7849;2.3261;10.3283;4615.04;6.21026;0;0;0.1;0.01;0;6.85652;0;0;-1
0;594;-9.20537;88.3761;3.67898;9.77079;3907.31;5.87503;0;0;0.1;0.01;0;4.97707;0;0;-1
0;595;8.03994;-92.1709;3.09832;8.71605;2773.63;5.24083;0;0;0.1;0.01;0;4.70776;0;0;-1
0;596;8.63637;-76.0918;1.82827;9.61678;3725.44;5.78243;0;0;0.1;0.01;0;7.04023;0;0;-1
0;597;5.95211;-58.9247;1.68569;10.096;4310.59;6.07058;0;0;0.1;0.01;0;6.91889;0;0;-1
0;598;7.03677;-42.7361;3.58946;9.83689;3987.15;5.91478;0;0;0.1;0.01;0;6.72691;0;0;-1
0;599;7.54645;-24.9347;1.84814;9.5353;3631.55;5.73344;0;0;0.1;0.01;0;6.5069;0;0;-1
0;600;9.35494;-8.46232;4.44241;10.1237;4346.17;6.08723;0;0;0.1;0.01;0;5.9306;0;0;-1
0;601;5.73491;10.4467;2.77434;8.89902;2951.99;5.35085;0;0;0.1;0.01;0;4.95953;0;0;-1
0;602;7.62791;25.4185;2.11894;9.91149;4078.55;5.95964;0;0;0.1;0.01;0;6.08747;0;0;-1
0;603;8.38166;44.0626;2.34999;8.5;2572.44;5.11093;0;0;0.1;0.01;0;5.04404;1;0;-1
0;604;6.90873;60.3905;1.61876;8.5;2572.44;5.11093;0;0;0.1;0.01;0;5.65752;1;0;-1
0;605;8.80235;76.5041;2.68316;8.62821;2690.61;5.18802;0;0;0.1;0.01;0;5.79905;0;0;-1
0;606;5.61425;97.9069;1.52335;9.70502;3828.93;5.83549;0;0;0.1;0.01;0;2.82555;0;0;-1
0;607;20.455;-85.2866;2.17664;8.5;2572.44;5.11093;0;0;0.1;0.01;0;4.15332;1;0;-1
0;608;23.7064;-66.325;2.73902;10.1485;4378.19;6.10215;0;0;0.1;0.01;0;5.92261;0;0;-1
0;609;22.3835;-47.3546;4.38457;8.61569;2678.91;5.18049;0;0;0.1;0.01;0;4.58405;0;0;-1
0;610;21.7393;-31.0895;1.4787;8.5;2572.44;5.11093;0;0;0.1;0.01;0;5.78985;1;0;-1
0;611;21.4307;-14.7071;1.49914;8.5;2572.44;5.11093;0;0;0.1;0.01;0;5.4676;1;0;-1
0;612;23.2052;4.33696;1.19477;9.49255;3582.92;5.70773;0;0;0.1;0.01;0;5.44814;0;0;-1
0;613;23.3886;20.8324;4.67248;9.56391;3664.33;5.75064;0;0;0.1;0.01;0;6.83851;0;0;-1
0;614;21.9814;37.2993;4.96121;8.5;2572.44;5.11093;0;0;0.1;0.01;0;5.65905;1;0;-1
0;615;22.7751;51.4225;3.72318;9.88732;4048.78;5.9451;0;0;0.1;0.01;0;6.64338;0;0;-1
0;616;21.1354;67.7555;1.6596;9.16445;3224.09;5.51045;0;0;0.1;0.01;0;5.95749;0;0;-1
0;617;21.4066;89.4957;1.13866;10.1186;4339.6;6.08417;0;0;0.1;0.01;0;4.04387;0;0;-1
0;618;38.045;-75.9242;1.6606;9.44408;3528.32;5.67859;0;0;0.1;0.01;0;6.03312;0;0;-1
0;619;38.5544;-59.6029;4.0295;8.64248;2703.98;5.1966;0;0;0.1;0.01;0;5.22708;0;0;-1
0;620;34.9016;-40.1456;3.41468;8.9796;3032.91;5.3993;0;0;0.1;0.01;0;5.44906;0;0;-1
0;621;35.0437;-25.7243;1.20237;9.54414;3641.66;5.73875;0;0;0.1;0.01;0;6.10631;0;0;-1
0;622;38.0183;-8.85116;4.48111;9.35846;3433.22;5.62711;0;0;0.1;0.01;0;6.01373;0;0;-1
0;623;37.2347;9.08502;1.45369;9.51894;3612.89;5.7236;0;0;0.1;0.01;0;5.74629;0;0;-1
0;624;36.6638;27.2522;2.87188;9.98295;4167.4;6.0026;0;0;0.1;0.01;0;6.51221;0;0;-1
0;625;35.9292;44.535;1.21282;10.3932;4702.58;6.24928;0;0;0.1;0.01;0;6.87949;0;0;-1
0;626;36.1008;62.707;3.83076;10.293;4567.88;6.18903;0;0;0.1;0.01;0;7.82458;0;0;-1
0;627;37.6652;80.0025;2.52679;10.395;4705.03;6.25036;0;0;0.1;0.01;0;5.13917;0;0;-1
0;628;50.8416;-83.5343;2.89998;8.5;2572.44;5.11093;0;0;0.1;0.01;0;2.98722;1;0;-1
0;629;52.1849;-64.6119;4.04777;9.83279;3982.16;5.91231;0;0;0.1;0.01;0;5.58631;0;0;-1
0;630;50.3209;-48.47;3.25746;10.1367;4362.93;6.09505;0;0;0.1;0.01;0;6.3607;0;0;-1
0;631;53.4012;-33.6511;4.79819;8.5;2572.44;5.11093;0;0;0.1;0.01;0;5.81023;1;0;-1
0;632;51.3833;-15.8301;2.99777;8.60239;2666.53;5.17249;0;0;0.1;0.01;0;5.11783;0;0;-1
0;633;52.1554;1.13625;2.46177;8.51441;2585.55;5.11959;0;0;0.1;0.01;0;5.43342;0;0;-1
0;634;52.379;17.0471;1.66521;9.47502;3563.11;5.69719;0;0;0.1;0.01;0;7.31086;0;0;-1
0;635;50.1832;34.3895;2.73403;9.80689;3950.78;5.89674;0;0;0.1;0.01;0;6.23128;0;0;-1
0;636;51.3779;54.6296;4.69871;8.5;2572.44;5.11093;0;0;0.1;0.01;0;5.0188;1;0;-1
0;637;50.0106;67.7066;3.25824;9.09874;3155.24;5.47094;0;0;0.1;0.01;0;4.70131;0;0;-1
0;638;68.0557;-56.0602;4.68478;9.91865;4087.39;5.96394;0;0;0.1;0.01;0;4.38827;0;0;-1
0;639;67.5937;-39.0404;2.40178;9.67029;3787.97;5.81461;0;0;0.1;0.01;0;7.08995;0;0;-1
0;640;64.7308;-24.1629;3.90137;8.59961;2663.94;5.17082;0;0;0.1;0.01;0;5.67772;0;0;-1
0;641;67.8243;-6.65796;4.42441;8.5;2572.44;5.11093;0;0;0.1;0.01;0;4.86783;1;0;-1
0;642;65.63;12.2023;3.83511;10.2544;4516.68;6.16582;0;0;0.1;0.01;0;6.72132;0;0;-1
0;643;65.4845;25.9313;3.94426;8.5;2572.44;5.11093;0;0;0.1;0.01;0;6.09749;1;0;-1
0;644;66.916;44.3155;4.35914;9.40417;3483.77;5.65459;0;0;0.1;0.01;0;5.69675;0;0;-1
0;645;67.4225;60.1789;4.32237;9.78995;3930.34;5.88655;0;0;0.1;0.01;0;4.46728;0;0;-1
0;646;82.3317;-47.3906;5.10444;9.16647;3226.23;5.51167;0;0;0.1;0.01;0;3.67639;0;0;-1
0;647;82.17;-33.111;3.18181;10.4059;4719.84;6.25692;0;0;0.1;0.01;0;5.82409;0;0;-1
0;648;81.3971;-15.7964;3.84155;9.58771;3691.76;5.76495;0;0;0.1;0.01;0;6.49023;0;0;-1
0;649;79.7759;0.0563859;1.87837;9.17655;3236.88;5.51773;0;0;0.1;0.01;0;5.72973;0;0;-1
0;650;80.9722;18.256;2.44511;9.17519;3235.44;5.51691;0;0;0.1;0.01;0;6.64303;0;0;-1
0;651;82.537;36.104;4.09398;10.3563;4652.67;6.22709;0;0;0.1;0.01;0;5.55267;0;0;-1
0;652;82.8011;55.2987;4.89504;9.98006;4163.78;6.00087;0;0;0.1;0.01;0;2.85022;0;0;-1
0;653;95.8376;-23.3851;2.10296;10.372;4673.86;6.23653;0;0;0.1;0.01;0;3.62914;0;0;-1
0;654;96.3593;-7.56291;4.22328;9.30892;3378.99;5.59732;0;0;0.1;0.01;0;3.40711;0;0;-1
0;655;94.5259;12.1133;1.93515;9.59168;3696.35;5.76734;0;0;0.1;0.01;0;4.21332;0;0;-1
0;656;94.3135;26.6314;4.47922;10.0281;4224.2;6.02975;0;0;0.1;0.01;0;4.46479;0;0;-1
0;657;-86.8364;-40.7517;19.2004;10.0139;4206.28;6.02121;0;0;0.1;0.01;0;3.22223;0;0;-1
0;658;-85.0795;-21.1793;18.5568;9.39531;3473.94;5.64926;0;0;0.1;0.01;0;3.28271;0;0;-1
0;659;-84.8781;-4.98831;19.2721;9.9256;4095.99;5.96812;0;0;0.1;0.01;0;4.60202;0;0;-1
0;660;-86.6519;10.4794;17.1894;9.41782;3498.97;5.6628;0;0;0.1;0.01;0;4.71395;0;0;-1
0;661;-85.7231;27.1056;18.3069;8.5;2572.44;5.11093;0;0;0.1;0.01;0;3.21661;1;0;-1
0;662;-84.2554;45.3291;18.9305;8.68184;2741.09;5.22026;0;0;0.1;0.01;0;2.72843;0;0;-1
0;663;-72.1087;-63.6398;19.8421;9.46219;3548.65;5.68948;0;0;0.1;0.01;0;3.35621;0;0;-1
0;664;-70.8118;-48.5608;16.6722;9.04696;3101.68;5.43981;0;0;0.1;0.01;0;6.11252;0;0;-1
0;665;-68.9833;-33.8724;19.1852;8.5;2572.44;5.11093;0;0;0.1;0.01;0;5.46759;1;0;-1
0;666;-71.9588;-13.1871;19.0214;9.90376;4069.01;5.95499;0;0;0.1;0.01;0;7.23399;0;0;-1
0;667;-69.3876;2.17572;19.709;9.7357;3865.36;5.85394;0;0;0.1;0.01;0;6.93172;0;0;-1
0;668;-70.2474;18.6402;19.3003;9.64972;3763.85;5.80224;0;0;0.1;0.01;0;5.80138;0;0;-1
0;669;-70.2937;34.2603;16.7393;8.77909;2834.24;5.27874;0;0;0.1;0.01;0;4.32248;0;0;-1
0;670;-70.2534;52.8831;16.2638;8.5;2572.44;5.11093;0;0;0.1;0.01;0;3.91595;1;0;-1
0;671;-58.0205;-74.947;17.1197;10.065;4271;6.05194;0;0;0.1;0.01;0;4.51535;0;0;-1
0;672;-57.4991;-58.6548;18.7045;9.47117;3558.77;5.69488;0;0;0.1;0.01;0;6.43792;0;0;-1
0;673;-56.2009;-39.5367;17.4534;10.2399;4497.55;6.1571;0;0;0.1;0.01;0;7.4022;0;0;-1
0;674;-57.0844;-23.2703;16.9119;8.9323;2985.23;5.37086;0;0;0.1;0.01;0;5.73202;0;0;-1
0;675;-55.1865;-6.46203;16.0527;9.97374;4155.88;5.99707;0;0;0.1;0.01;0;6.24382;0;0;-1
0;676;-57.1281;8.6157;17.4114;8.70387;2762.01;5.23351;0;0;0.1;0.01;0;5.38429;0;0;-1
0;677;-55.3819;26.7716;16.7971;9.65507;3770.12;5.80545;0;0;0.1;0.01;0;5.70874;0;0;-1
0;678;-54.9686;46.8969;18.9464;8.5;2572.44;5.11093;0;0;0.1;0.01;0;4.35266;1;0;-1
0;679;-53.9876;61.9339;18.2841;8.67427;2733.93;5.21571;0;0;0.1;0.01;0;3.80788;0;0;-1
0;680;-53.7966;78.047;19.6595;9.60026;3706.27;5.7725;0;0;0.1;0.01;0;2.63919;0;0;-1
0;681;-41.6982;-84.6157;16.8465;9.64536;3758.75;5.79962;0;0;0.1;0.01;0;4.32828;0;0;-1
0;682;-40.6318;-67.4709;17.7329;8.98447;3037.85;5.40223;0;0;0.1;0.01;0;5.51417;0;0;-1
0;683;-40.4648;-47.7807;16.7421;9.09298;3149.25;5.46748;0;0;0.1;0.01;0;5.25984;0;0;-1
0;684;-42.527;-33.0299;18.1925;9.56256;3662.78;5.74983;0;0;0.1;0.01;0;6.35386;0;0;-1
0;685;-42.1556;-13.759;16.486;8.5;2572.44;5.11093;0;0;0.1;0.01;0;4.91426;1;0;-1
0;686;-39.9933;2.28193;17.7262;8.8338;2887.56;5.31164;0;0;0.1;0.01;0;5.0822;0;0;-1
0;687;-42.206;18.6841;18.4633;8.81873;2872.81;5.30257;0;0;0.1;0.01;0;5.43276;0;0;-1
0;688;-41.1632;33.738;18.2766;8.97255;3025.77;5.39506;0;0;0.1;0.01;0;5.19115;0;0;-1
0;689;-39.7059;53.2127;18.5424;8.97931;3032.62;5.39913;0;0;0.1;0.01;0;4.73952;0;0;-1
0;690;-39.5878;71.4837;16.3965;10.2106;4459.05;6.13949;0;0;0.1;0.01;0;5.90361;0;0;-1
0;691;-41.5988;87.7448;18.5412;8.98874;3042.18;5.4048;0;0;0.1;0.01;0;2.93013;0;0;-1
0;692;-27.7614;-93.4523;16.8262;10.4523;4783.26;6.28482;0;0;0.1;0.01;0;3.97964;0;0;-1
0;693;-27.5055;-72.8528;18.5006;9.83112;3980.13;5.91131;0;0;0.1;0.01;0;6.16493;0;0;-1
0;694;-25.3686;-56.7101;16.2748;8.5;2572.44;5.11093;0;0;0.1;0.01;0;4.44936;1;0;-1
0;695;-24.5018;-40.3794;17.8456;8.88227;2935.35;5.34078;0;0;0.1;0.01;0;5.48758;0;0;-1
0;696;-28.3587;-24.7231;16.3186;9.59361;3698.58;5.7685;0;0;0.1;0.01;0;6.04848;0;0;-1
0;697;-28.3777;-7.18733;16.0141;9.33032;3402.34;5.61019;0;0;0.1;0.01;0;5.29249;0;0;-1
0;698;-26.959;10.6753;16.4879;9.60486;3711.6;5.77526;0;0;0.1;0.01;0;6.09122;0;0;-1
0;699;-27.4519;28.0484;17.3619;9.05772;3112.76;5.44628;0;0;0.1;0.01;0;5.1288;0;0;-1
0;700;-25.4581;45.9275;17.6353;9.58543;3689.13;5.76358;0;0;0.1;0.01;0;5.76578;0;0;-1
0;701;-28.154;62.0581;16.404;9.01678;3070.74;5.42166;0;0;0.1;0.01;0;5.90469;0;0;-1
0;702;-27.4125;80.4089;16.3123;10.1887;4430.42;6.12632;0;0;0.1;0.01;0;5.89155;0;0;-1
0;703;-13.2896;-83.6071;17.6345;9.77088;3907.42;5.87509;0;0;0.1;0.01;0;5.45765;0;0;-1
0;704;-13.7308;-65.6463;17.026;8.5;2572.44;5.11093;0;0;0.1;0.01;0;4.20923;1;0;-1
0;705;-11.18;-47.5348;16.2706;9.7905;3931;5.88689;0;0;0.1;0.01;0;5.44936;0;0;-1
0;706;-12.3529;-30.7861;19.3491;8.63701;2698.85;5.19331;0;0;0.1;0.01;0;5.76344;0;0;-1
0;707;-11.5499;-16.1897;17.477;9.71429;3839.92;5.84106;0;0;0.1;0.01;0;6.34381;0;0;-1
0;708;-13.6695;1.66222;17.1298;10.0878;4300.09;6.06565;0;0;0.1;0.01;0;7.02453;0;0;-1
0;709;-13.1767;20.7916;16.6122;10.0841;4295.36;6.06342;0;0;0.1;0.01;0;6.26952;0;0;-1
0;710;-10.9536;37.3196;17.2922;8.97727;3030.55;5.3979;0;0;0.1;0.01;0;5.49518;0;0;-1
0;711;-10.0218;52.3621;18.2989;10.1287;4352.61;6.09024;0;0;0.1;0.01;0;6.64313;0;0;-1
0;712;-11.6706;68.4267;18.3654;8.59754;2662.02;5.16958;0;0;0.1;0.01;0;5.20962;0;0;-1
0;713;-11.0521;85.2623;18.6681;8.5;2572.44;5.11093;0;0;0.1;0.01;0;3.73741;1;0;-1
0;714;1.68271;-91.9843;17.435;10.248;4508.23;6.16197;0;0;0.1;0.01;0;3.90923;0;0;-1
0;715;4.58111;-72.2717;15.9833;8.68782;2746.76;5.22386;0;0;0.1;0.01;0;5.15511;0;0;-1
0;716;2.81559;-56.9678;17.335;8.5;2572.44;5.11093;0;0;0.1;0.01;0;5.5457;1;0;-1
0;717;2.96352;-39.8546;16.6752;9.887;4048.39;5.94491;0;0;0.1;0.01;0;6.58625;0;0;-1
0;718;2.38447;-24.4681;16.4682;8.82136;2875.38;5.30416;0;0;0.1;0.01;0;5.63679;0;0;-1
0;719;4.9725;-8.37473;17.1112;8.57217;2638.52;5.15432;0;0;0.1;0.01;0;4.74465;0;0;-1
0;720;4.17363;9.64897;16.385;9.89258;4055.25;5.94826;0;0;0.1;0.01;0;4.89187;0;0;-1
0;721;2.16045;28.5074;16.6432;9.95865;4137.04;5.98799;0;0;0.1;0.01;0;6.24798;0;0;-1
0;722;2.53659;46.1887;15.6197;8.5982;2662.63;5.16997;0;0;0.1;0.01;0;5.8011;0;0;-1
0;723;2.66042;63.4033;15.8925;10.4039;4717.12;6.25571;0;0;0.1;0.01;0;6.71279;0;0;-1
0;724;0.991691;77.966;15.9323;8.66392;2724.16;5.20949;0;0;0.1;0.01;0;5.6851;0;0;-1
0;725;4.69811;93.0907;17.7765;8.70908;2766.98;5.23664;0;0;0.1;0.01;0;2.89372;0;0;-1
0;726;17.7754;-82.3815;17.1031;10.0453;4245.97;6.04009;0;0;0.1;0.01;0;5.13117;0;0;-1
0;727;15.7983;-64.412;16.3798;8.5;2572.44;5.11093;0;0;0.1;0.01;0;4.94218;1;0;-1
0;728;16.0214;-50.0845;18.3073;9.61978;3728.93;5.78423;0;0;0.1;0.01;0;5.55355;0;0;-1
0;729;18.9313;-33.9862;18.1028;8.5;2572.44;5.11093;0;0;0.1;0.01;0;4.31571;1;0;-1
0;730;18.3556;-17.0133;17.3445;9.30503;3374.75;5.59498;0;0;0.1;0.01;0;5.77469;0;0;-1
0;731;17.4628;2.71803;18.4867;8.54447;2613.03;5.13767;0;0;0.1;0.01;0;4.73871;0;0;-1
0;732;16.5778;21.1404;16.2202;9.14026;3198.63;5.49591;0;0;0.1;0.01;0;6.27614;0;0;-1
0;733;16.5157;37.0694;17.4448;8.88866;2941.69;5.34462;0;0;0.1;0.01;0;5.88798;0;0;-1
0;734;19.6642;52.931;17.6968;8.85858;2911.93;5.32654;0;0;0.1;0.01;0;5.16804;0;0;-1
0;735;16.4178;69.7744;17.3887;8.51644;2587.4;5.12081;0;0;0.1;0.01;0;5.15654;0;0;-1
0;736;17.9157;85.6726;16.4582;9.17315;3233.29;5.51568;0;0;0.1;0.01;0;3.56822;0;0;-1
0;737;33.1734;-92.4852;15.9319;9.05955;3114.64;5.44738;0;0;0.1;0.01;0;1.68955;0;0;-1
0;738;33.789;-73.7682;16.103;9.51316;3606.31;5.72013;0;0;0.1;0.01;0;5.47758;0;0;-1
0;739;33.1764;-55.2441;18.0141;9.15668;3215.9;5.50578;0;0;0.1;0.01;0;4.54244;0;0;-1
0;740;33.6484;-39.0243;18.0754;8.5;2572.44;5.11093;0;0;0.1;0.01;0;5.33104;1;0;-1
0;741;31.4386;-24.4867;16.3376;9.37929;3456.2;5.63963;0;0;0.1;0.01;0;6.48257;0;0;-1
0;742;30.712;-8.06025;18.5965;9.30862;3378.66;5.59714;0;0;0.1;0.01;0;5.49825;0;0;-1
0;743;30.5305;11.5676;17.0227;8.87722;2930.35;5.33774;0;0;0.1;0.01;0;5.13202;0;0;-1
0;744;32.0938;26.8758;16.7689;8.78131;2836.39;5.28007;0;0;0.1;0.01;0;5.40139;0;0;-1
0;745;33.218;45.7691;16.5229;8.5;2572.44;5.11093;0;0;0.1;0.01;0;5.28804;1;0;-1
0;746;30.4907;63.4358;19.4793;9.08213;3137.99;5.46095;0;0;0.1;0.01;0;6.81657;0;0;-1
0;747;30.6485;77.8143;17.8436;9.25776;3323.58;5.56656;0;0;0.1;0.01;0;5.1862;0;0;-1
0;748;45.3092;-81.2451;16.0904;9.99665;4184.58;6.01084;0;0;0.1;0.01;0;4.70982;0;0;-1
0;749;48.9056;-67.6402;17.0052;8.61752;2680.62;5.18159;0;0;0.1;0.01;0;5.08487;0;0;-1
0;750;47.5112;-48.1691;18.5977;8.5;2572.44;5.11093;0;0;0.1;0.01;0;4.60311;1;0;-1
0;751;46.7605;-31.899;16.618;9.52674;3621.78;5.72829;0;0;0.1;0.01;0;6.82982;0;0;-1
0;752;46.3591;-15.3181;17.503;9.96599;4146.2;5.99241;0;0;0.1;0.01;0;6.40228;0;0;-1
0;753;46.207;4.39319;19.4797;9.61473;3723.06;5.7812;0;0;0.1;0.01;0;5.43;0;0;-1
0;754;48.7913;20.4695;17.3388;9.77667;3914.37;5.87857;0;0;0.1;0.01;0;6.22863;0;0;-1
0;755;46.8623;34.8791;18.9832;8.5;2572.44;5.11093;0;0;0.1;0.01;0;5.23481;1;0;-1
0;756;45.0877;54.0902;16.5864;10.1386;4365.39;6.09619;0;0;0.1;0.01;0;6.57397;0;0;-1
0;757;46.9779;68.9809;17.7806;8.7934;2848.13;5.28734;0;0;0.1;0.01;0;5.04386;0;0;-1
0;758;45.9424;86.0466;19.6723;8.5;2572.44;5.11093;0;0;0.1;0.01;0;1.28273;1;0;-1
0;759;61.2207;-75.4439;17.4894;9.74749;3879.42;5.86102;0;0;0.1;0.01;0;2.82205;0;0;-1
0;760;62.3094;-57.954;18.1618;8.5;2572.44;5.11093;0;0;0.1;0.01;0;4.94736;1;0;-1
0;761;62.5637;-38.7137;16.7035;10.097;4311.87;6.07118;0;0;0.1;0.01;0;7.49637;0;0;-1
0;762;60.4229;-24.2772;16.5113;9.90118;4065.83;5.95344;0;0;0.1;0.01;0;7.54629;0;0;-1
0;763;60.3731;-7.403;16.7501;8.93108;2984.01;5.37013;0;0;0.1;0.01;0;4.81018;0;0;-1
0;764;62.4597;10.6027;16.9667;9.45392;3539.36;5.6845;0;0;0.1;0.01;0;5.78065;0;0;-1
0;765;61.688;28.5313;16.479;10.2254;4478.47;6.14838;0;0;0.1;0.01;0;7.22358;0;0;-1
0;766;61.8655;45.2071;19.0334;8.67367;2733.36;5.21535;0;0;0.1;0.01;0;6.07863;0;0;-1
0;767;62.2914;63.6355;19.0413;10.0225;4217.13;6.02638;0;0;0.1;0.01;0;4.83339;0;0;-1
0;768;75.9082;-50.2072;19.5067;8.70096;2759.24;5.23176;0;0;0.1;0.01;0;3.01333;0;0;-1
0;769;76.0465;-33.4788;18.3385;10.0886;4301.12;6.06613;0;0;0.1;0.01;0;6.13483;0;0;-1
0;770;77.6239;-16.9566;16.7448;8.5;2572.44;5.11093;0;0;0.1;0.01;0;4.96094;1;0;-1
0;771;74.882;0.852617;19.409;8.71841;2775.88;5.24225;0;0;0.1;0.01;0;4.44514;0;0;-1
0;772;76.4926;20.1053;16.189;9.82373;3971.16;5.90687;0;0;0.1;0.01;0;6.53871;0;0;-1
0;773;74.8218;37.9199;19.0723;10.3722;4674.14;6.23665;0;0;0.1;0.01;0;6.73482;0;0;-1
0;774;76.5239;52.424;18.7542;8.77615;2831.4;5.27697;0;0;0.1;0.01;0;4.58092;0;0;-1
0;775;91.5306;-22.0682;18.6373;9.7875;3927.39;5.88508;0;0;0.1;0.01;0;4.34574;0;0;-1
0;776;92.7476;-7.35783;19.933;8.5;2572.44;5.11093;0;0;0.1;0.01;0;2.62014;1;0;-1
0;777;91.7006;9.32501;16.2175;9.05672;3111.73;5.44567;0;0;0.1;0.01;0;2.52756;0;0;-1
0;778;89.4672;26.8422;17.3905;9.35384;3428.14;5.62433;0;0;0.1;0.01;0;4.07948;0;0;-1
0;779;-93.5872;2.407;34.5691;8.55786;2625.33;5.14572;0;0;0.1;0.01;0;2.84413;0;0;-1
0;780;-82.0395;-39.7101;31.6326;9.85962;4014.85;5.92845;0;0;0.1;0.01;0;3.15487;0;0;-1
0;781;-79.6867;-25.0885;32.4568;9.32437;3395.84;5.60661;0;0;0.1;0.01;0;4.25186;0;0;-1
0;782;-79.0011;-6.0912;34.025;9.22038;3283.49;5.54408;0;0;0.1;0.01;0;5.97789;0;0;-1
0;783;-80.178;10.044;31.8185;8.73128;2788.19;5.24999;0;0;0.1;0.01;0;4.89397;0;0;-1
0;784;-82.7049;25.8691;30.9237;9.40262;3482.05;5.65366;0;0;0.1;0.01;0;2.74651;0;0;-1
0;785;-79.8997;46.0372;31.3449;8.54151;2610.31;5.13589;0;0;0.1;0.01;0;2.20462;0;0;-1
0;786;-65.9592;-66.8902;33.952;9.46889;3556.2;5.69351;0;0;0.1;0.01;0;3.41825;0;0;-1
0;787;-66.6261;-47.676;32.2392;9.70994;3834.76;5.83845;0;0;0.1;0.01;0;4.79043;0;0;-1
0;788;-64.3063;-30.7676;34.205;9.95636;4134.19;5.98661;0;0;0.1;0.01;0;6.55584;0;0;-1
0;789;-66.7727;-15.5645;31.0215;8.5;2572.44;5.11093;0;0;0.1;0.01;0;5.953;1;0;-1
0;790;-65.6097;0.0161431;34.1285;8.9441;2997.08;5.37796;0;0;0.1;0.01;0;5.98739;0;0;-1
0;791;-66.5488;18.129;33.8917;8.5;2572.44;5.11093;0;0;0.1;0.01;0;4.43118;1;0;-1
0;792;-64.4071;35.1665;31.6595;8.58667;2651.94;5.16304;0;0;0.1;0.01;0;4.16725;0;0;-1
0;793;-66.8388;53.058;33.2046;9.91933;4088.23;5.96435;0;0;0.1;0.01;0;3.57447;0;0;-1
0;794;-53.1875;-73.3237;30.6215;10.1149;4334.84;6.08194;0;0;0.1;0.01;0;4.85247;0;0;-1
0;795;-50.1871;-58.7162;30.9882;9.48167;3570.62;5.70119;0;0;0.1;0.01;0;6.02634;0;0;-1
0;796;-49.8387;-38.4023;31.6517;9.72083;3847.68;5.84499;0;0;0.1;0.01;0;6.12725;0;0;-1
0;797;-52.8057;-21.294;31.1178;8.5;2572.44;5.11093;0;0;0.1;0.01;0;4.91405;1;0;-1
0;798;-52.7093;-7.28844;34.1938;9.66627;3783.25;5.81219;0;0;0.1;0.01;0;4.4772;0;0;-1
0;799;-51.6669;11.8713;31.781;8.5;2572.44;5.11093;0;0;0.1;0.01;0;4.16218;1;0;-1
0;800;-50.7159;29.4015;32.6099;8.5;2572.44;5.11093;0;0;0.1;0.01;0;5.23878;1;0;-1
0;801;-52.7797;43.3403;33.1281;8.5;2572.44;5.11093;0;0;0.1;0.01;0;5.24173;1;0;-1
0;802;-51.6434;60.0681;33.9692;8.5;2572.44;5.11093;0;0;0.1;0.01;0;4.23719;1;0;-1
0;803;-35.644;-85.3952;34.2803;10.1766;4414.65;6.11904;0;0;0.1;0.01;0;3.63719;0;0;-1
0;804;-38.0001;-66.3785;31.281;8.5;2572.44;5.11093;0;0;0.1;0.01;0;4.55964;1;0;-1
0;805;-37.9458;-47.2916;33.1266;9.74583;3877.44;5.86003;0;0;0.1;0.01;0;5.96645;0;0;-1
0;806;-34.4759;-33.0323;33.0307;10.2533;4515.23;6.16516;0;0;0.1;0.01;0;6.52042;0;0;-1
0;807;-35.1757;-16.2798;32.7121;8.8572;2910.57;5.32571;0;0;0.1;0.01;0;4.12753;0;0;-1
0;808;-35.3352;2.98186;32.3003;8.80953;2863.83;5.29704;0;0;0.1;0.01;0;4.53346;0;0;-1
0;809;-38.3048;17.6731;32.7591;8.96634;3019.49;5.39133;0;0;0.1;0.01;0;4.90102;0;0;-1
0;810;-36.979;37.9433;31.6605;9.65063;3764.92;5.80278;0;0;0.1;0.01;0;6.08294;0;0;-1
0;811;-36.8406;52.4696;32.4158;8.9865;3039.91;5.40345;0;0;0.1;0.01;0;5.22309;0;0;-1
0;812;-37.9019;69.198;32.1216;8.5;2572.44;5.11093;0;0;0.1;0.01;0;3.35689;1;0;-1
0;813;-20.9693;-91.0265;34.0211;9.86408;4020.3;5.93113;0;0;0.1;0.01;0;3.76543;0;0;-1
0;814;-22.9253;-74.302;32.2347;8.5;2572.44;5.11093;0;0;0.1;0.01;0;5.12029;1;0;-1
0;815;-22.834;-57.0522;34.422;8.61747;2680.57;5.18156;0;0;0.1;0.01;0;4.58515;0;0;-1
0;816;-21.8581;-42.7448;31.8922;8.61331;2676.69;5.17906;0;0;0.1;0.01;0;5.68022;0;0;-1
0;817;-20.4302;-21.6637;31.3761;8.5;2572.44;5.11093;0;0;0.1;0.01;0;3.9589;1;0;-1
0;818;-20.9558;-4.7556;34.0462;9.37895;3455.82;5.63943;0;0;0.1;0.01;0;5.90082;0;0;-1
0;819;-21.79;11.1939;31.6444;8.93559;2988.53;5.37284;0;0;0.1;0.01;0;5.87744;0;0;-1
0;820;-22.9978;29.3684;33.7805;9.49202;3582.32;5.70741;0;0;0.1;0.01;0;5.55507;0;0;-1
0;821;-20.7376;44.296;33.8114;9.19925;3260.96;5.53138;0;0;0.1;0.01;0;6.29467;0;0;-1
0;822;-20.4323;59.7013;30.9826;8.65751;2718.11;5.20564;0;0;0.1;0.01;0;5.12088;0;0;-1
0;823;-21.7711;76.7174;32.6757;10.0526;4255.24;6.04448;0;0;0.1;0.01;0;4.73863;0;0;-1
0;824;-6.81885;-81.4838;33.0027;10.2345;4490.44;6.15386;0;0;0.1;0.01;0;5.73647;0;0;-1
0;825;-7.58389;-65.8493;32.0398;9.11861;3175.96;5.48289;0;0;0.1;0.01;0;4.85298;0;0;-1
0;826;-8.80946;-46.9404;30.7905;9.1191;3176.47;5.48318;0;0;0.1;0.01;0;5.15289;0;0;-1
0;827;-5.45962;-32.6264;31.1739;8.5;2572.44;5.11093;0;0;0.1;0.01;0;4.7438;1;0;-1
0;828;-8.84023;-13.1739;31.5884;10.4144;4731.42;6.26203;0;0;0.1;0.01;0;6.59345;0;0;-1
0;829;-7.4642;3.47773;31.9522;9.30981;3379.96;5.59785;0;0;0.1;0.01;0;6.08705;0;0;-1
0;830;-6.85275;20.9993;33.6328;10.0649;4270.88;6.05188;0;0;0.1;0.01;0;5.67626;0;0;-1
0;831;-7.48128;37.7965;34.0807;9.13604;3194.2;5.49337;0;0;0.1;0.01;0;6.14278;0;0;-1
0;832;-5.85052;51.7253;33.6902;8.5;2572.44;5.11093;0;0;0.1;0.01;0;5.49185;1;0;-1
0;833;-7.20166;69.7841;32.3965;8.73803;2794.66;5.25405;0;0;0.1;0.01;0;4.34946;0;0;-1
0;834;-6.78634;88.6467;31.1336;8.56897;2635.57;5.1524;0;0;0.1;0.01;0;2.16841;0;0;-1
0;835;8.24634;-89.4396;34.6625;8.757;2812.9;5.26546;0;0;0.1;0.01;0;3.181;0;0;-1
0;836;7.70351;-74.4726;32.4958;10.4534;4784.77;6.28548;0;0;0.1;0.01;0;7.03332;0;0;-1
0;837;6.34193;-58.9478;31.8212;8.79873;2853.31;5.29055;0;0;0.1;0.01;0;5.10367;0;0;-1
0;838;8.48853;-42.9139;33.2016;10.0561;4259.68;6.04659;0;0;0.1;0.01;0;6.7522;0;0;-1
0;839;6.8621;-23.8827;32.7531;8.90408;2957.03;5.35389;0;0;0.1;0.01;0;4.88068;0;0;-1
0;840;7.21229;-6.04476;33.7267;9.87605;4034.95;5.93833;0;0;0.1;0.01;0;6.05273;0;0;-1
0;841;5.64705;8.79298;34.3823;9.10205;3158.68;5.47293;0;0;0.1;0.01;0;4.74301;0;0;-1
0;842;8.33767;27.8197;31.0431;9.25309;3318.55;5.56375;0;0;0.1;0.01;0;5.15993;0;0;-1
0;843;6.79101;42.8918;30.5924;10.1876;4428.99;6.12566;0;0;0.1;0.01;0;6.42082;0;0;-1
0;844;8.63799;61.5743;30.8989;8.68436;2743.48;5.22178;0;0;0.1;0.01;0;4.75687;0;0;-1
0;845;9.12152;78.9325;31.9047;9.46328;3549.88;5.69013;0;0;0.1;0.01;0;4.70525;0;0;-1
0;846;23.1419;-82.6648;33.8555;9.93443;4106.93;5.97343;0;0;0.1;0.01;0;4.76547;0;0;-1
0;847;22.6479;-67.9618;33.0081;9.85623;4010.71;5.92641;0;0;0.1;0.01;0;5.40319;0;0;-1
0;848;23.8679;-47.7364;33.3871;8.90151;2954.47;5.35235;0;0;0.1;0.01;0;5.89526;0;0;-1
0;849;21.136;-32.2862;32.4706;10.1635;4397.63;6.11117;0;0;0.1;0.01;0;7.03978;0;0;-1
0;850;22.1155;-14.0027;32.2152;10.1553;4386.99;6.10623;0;0;0.1;0.01;0;6.79679;0;0;-1
0;851;22.3371;0.47947;30.937;8.92445;2977.37;5.36614;0;0;0.1;0.01;0;5.12789;0;0;-1
0;852;23.0073;19.3342;30.4878;9.06881;3124.2;5.45294;0;0;0.1;0.01;0;4.8247;0;0;-1
0;853;22.1096;37.5551;33.989;9.3486;3422.38;5.62118;0;0;0.1;0.01;0;5.73752;0;0;-1
0;854;23.7957;51.3855;32.5744;9.90615;4071.96;5.95642;0;0;0.1;0.01;0;6.81299;0;0;-1
0;855;22.3267;68.7577;31;8.75237;2808.44;5.26267;0;0;0.1;0.01;0;5.90396;0;0;-1
0;856;20.8595;89.3912;34.2241;9.34689;3420.5;5.62015;0;0;0.1;0.01;0;1.60177;0;0;-1
0;857;35.7839;-74.7214;32.7907;8.5;2572.44;5.11093;0;0;0.1;0.01;0;3.42773;1;0;-1
0;858;37.1866;-55.0864;32.8385;9.55435;3653.36;5.74489;0;0;0.1;0.01;0;5.76115;0;0;-1
0;859;35.5737;-38.4138;30.891;8.5;2572.44;5.11093;0;0;0.1;0.01;0;5.30965;1;0;-1
0;860;37.4984;-21.9784;32.1881;8.5;2572.44;5.11093;0;0;0.1;0.01;0;4.75489;1;0;-1
0;861;35.8967;-4.8118;33.2077;9.17157;3231.62;5.51473;0;0;0.1;0.01;0;5.72513;0;0;-1
0;862;38.7464;9.35316;32.4881;8.59517;2659.82;5.16815;0;0;0.1;0.01;0;4.91561;0;0;-1
0;863;38.1041;25.5622;33.0017;9.81869;3965.06;5.90384;0;0;0.1;0.01;0;5.59402;0;0;-1
0;864;38.3492;43.1662;33.0926;9.76301;3897.98;5.87036;0;0;0.1;0.01;0;6.01949;0;0;-1
0;865;35.3796;61.8624;33.7022;9.76121;3895.83;5.86927;0;0;0.1;0.01;0;6.62579;0;0;-1
0;866;36.8562;77.2513;32.1591;10.0224;4217;6.02632;0;0;0.1;0.01;0;5.23723;0;0;-1
0;867;52.8318;-64.6681;31.9383;9.06145;3116.6;5.44852;0;0;0.1;0.01;0;3.97279;0;0;-1
0;868;53.1644;-49.3382;32.1232;9.43641;3519.73;5.67398;0;0;0.1;0.01;0;5.65571;0;0;-1
0;869;52.071;-33.3877;32.4048;9.52844;3623.71;5.72931;0;0;0.1;0.01;0;6.14009;0;0;-1
0;870;51.546;-17.3195;31.5961;9.93219;4104.15;5.97208;0;0;0.1;0.01;0;6.3192;0;0;-1
0;871;53.21;0.913518;33.871;10.0205;4214.6;6.02518;0;0;0.1;0.01;0;6.86691;0;0;-1
0;872;52.4621;17.821;33.3818;8.9672;3020.36;5.39185;0;0;0.1;0.01;0;6.01788;0;0;-1
0;873;53.4724;38.1452;32.2381;8.9671;3020.26;5.39179;0;0;0.1;0.01;0;6.03653;0;0;-1
0;874;53.2648;53.182;33.3292;9.60563;3712.5;5.77573;0;0;0.1;0.01;0;6.96781;0;0;-1
0;875;51.4276;68.3322;32.4191;9.14929;3208.12;5.50134;0;0;0.1;0.01;0;4.86763;0;0;-1
0;876;67.2599;-58.0724;32.4315;8.83388;2887.64;5.31168;0;0;0.1;0.01;0;3.29123;0;0;-1
0;877;67.6946;-38.6022;31.5518;9.31078;3381.01;5.59844;0;0;0.1;0.01;0;5.34513;0;0;-1
0;878;66.3883;-21.8142;31.9635;9.12977;3187.63;5.4896;0;0;0.1;0.01;0;5.2707;0;0;-1
0;879;66.9442;-4.76586;32.6265;9.85842;4013.38;5.92772;0;0;0.1;0.01;0;5.72476;0;0;-1
0;880;67.211;10.3589;32.975;8.94914;3002.15;5.38099;0;0;0.1;0.01;0;6.55193;0;0;-1
0;881;66.2121;28.0127;33.783;8.61621;2679.4;5.1808;0;0;0.1;0.01;0;5.82221;0;0;-1
0;882;67.3122;45.6445;31.0834;9.11558;3172.79;5.48107;0;0;0.1;0.01;0;6.46576;0;0;-1
0;883;67.0152;59.5015;32.0789;9.87652;4035.53;5.93861;0;0;0.1;0.01;0;4.75297;0;0;-1
0;884;79.945;-30.2584;33.8322;9.91075;4077.63;5.95919;0;0;0.1;0.01;0;4.39791;0;0;-1
0;885;80.1798;-15.9669;30.7212;8.8039;2858.34;5.29366;0;0;0.1;0.01;0;4.50556;0;0;-1
0;886;79.6577;3.68691;33.55;10.0827;4293.58;6.06258;0;0;0.1;0.01;0;4.94799;0;0;-1
0;887;80.7141;19.6992;34.1928;8.73611;2792.82;5.2529;0;0;0.1;0.01;0;3.84913;0;0;-1
0;888;80.5437;33.6372;31.9221;8.98096;3034.29;5.40012;0;0;0.1;0.01;0;4.25733;0;0;-1
0;889;-86.3523;-6.44512;47.234;9.7781;3916.08;5.87943;0;0;0.1;0.01;0;3.24552;0;0;-1
0;890;-85.6596;9.85452;47.7972;10.4049;4718.48;6.25632;0;0;0.1;0.01;0;3.02449;0;0;-1
0;891;-69.0206;-49.9842;48.7967;10.4318;4755.17;6.27249;0;0;0.1;0.01;0;2.88005;0;0;-1
0;892;-69.3917;-33.7452;47.9895;8.5;2572.44;5.11093;0;0;0.1;0.01;0;4.09339;1;0;-1
0;893;-69.3627;-13.3652;47.6951;9.91875;4087.52;5.964;0;0;0.1;0.01;0;5.72695;0;0;-1
0;894;-71.5173;0.838638;46.7825;8.91111;2964.04;5.35812;0;0;0.1;0.01;0;5.62422;0;0;-1
0;895;-68.5696;18.0363;47.0534;8.75571;2811.66;5.26468;0;0;0.1;0.01;0;3.93487;0;0;-1
0;896;-70.5788;36.4569;49.3626;9.25688;3322.63;5.56603;0;0;0.1;0.01;0;1.72544;0;0;-1
0;897;-56.6391;-59.6035;46.1484;8.92538;2978.3;5.3667;0;0;0.1;0.01;0;4.10182;0;0;-1
0;898;-57.058;-39.1314;47.6007;9.30218;3371.65;5.59327;0;0;0.1;0.01;0;5.77726;0;0;-1
0;899;-57.0493;-23.2621;47.2612;8.5;2572.44;5.11093;0;0;0.1;0.01;0;5.45271;1;0;-1
0;900;-56.8251;-6.91164;48.8052;9.56046;3660.37;5.74857;0;0;0.1;0.01;0;5.90541;0;0;-1
0;901;-54.5992;12.7538;45.9843;8.6949;2753.48;5.22812;0;0;0.1;0.01;0;4.42021;0;0;-1
0;902;-57.703;29.7447;45.9866;8.5;2572.44;5.11093;0;0;0.1;0.01;0;4.6587;1;0;-1
0;903;-56.307;45.9408;47.0324;8.5;2572.44;5.11093;0;0;0.1;0.01;0;4.45911;1;0;-1
0;904;-54.4431;61.2998;46.4117;8.73256;2789.42;5.25076;0;0;0.1;0.01;0;3.49895;0;0;-1
0;905;-40.653;-64.3904;45.8729;8.77308;2828.43;5.27513;0;0;0.1;0.01;0;3.66368;0;0;-1
0;906;-40.4021;-50.5785;48.2015;9.14813;3206.9;5.50064;0;0;0.1;0.01;0;5.15762;0;0;-1
0;907;-43.1984;-30.0716;46.0984;10.1709;4407.24;6.11561;0;0;0.1;0.01;0;6.05308;0;0;-1
0;908;-41.5069;-14.2924;49.08;8.5;2572.44;5.11093;0;0;0.1;0.01;0;4.98755;1;0;-1
0;909;-41.6432;0.771634;49.2659;8.65928;2719.78;5.2067;0;0;0.1;0.01;0;4.59971;0;0;-1
0;910;-42.0964;16.7762;48.2702;10.2808;4551.66;6.1817;0;0;0.1;0.01;0;5.9217;0;0;-1
0;911;-42.3282;35.876;45.2278;8.59133;2656.26;5.16584;0;0;0.1;0.01;0;4.94955;0;0;-1
0;912;-41.2214;53.2396;48.9014;10.1348;4360.48;6.09391;0;0;0.1;0.01;0;6.53525;0;0;-1
0;913;-42.4834;69.7201;48.0991;9.85071;4003.97;5.92309;0;0;0.1;0.01;0;4.23732;0;0;-1
0;914;-27.8271;-76.7454;46.7344;9.0812;3137.03;5.46039;0;0;0.1;0.01;0;2.96332;0;0;-1
0;915;-26.167;-55.5077;48.3141;8.59395;2658.69;5.16742;0;0;0.1;0.01;0;5.99539;0;0;-1
0;916;-27.6834;-41.491;46.5297;9.63897;3751.29;5.79577;0;0;0.1;0.01;0;7.57666;0;0;-1
0;917;-28.0285;-24.2538;49.4393;8.5;2572.44;5.11093;0;0;0.1;0.01;0;4.80362;1;0;-1
0;918;-25.7013;-8.79786;47.3248;8.5;2572.44;5.11093;0;0;0.1;0.01;0;4.63646;1;0;-1
0;919;-26.6717;12.0289;46.5368;9.92574;4096.16;5.9682;0;0;0.1;0.01;0;5.77812;0;0;-1
0;920;-26.9571;29.5829;48.5522;10.2075;4454.99;6.13762;0;0;0.1;0.01;0;7.06301;0;0;-1
0;921;-26.35;45.1519;48.8408;9.22863;3292.31;5.54904;0;0;0.1;0.01;0;6.1174;0;0;-1
0;922;-25.8943;60.8812;46.5205;10.3198;4603.65;6.20515;0;0;0.1;0.01;0;6.87299;0;0;-1
0;923;-25.5694;79.3359;48.5004;9.1597;3219.08;5.50759;0;0;0.1;0.01;0;3.17686;0;0;-1
0;924;-12.3628;-80.7892;46.0095;8.874;2927.16;5.33581;0;0;0.1;0.01;0;3.07096;0;0;-1
0;925;-11.887;-64.6882;47.9666;8.62741;2689.86;5.18754;0;0;0.1;0.01;0;4.45605;0;0;-1
0;926;-13.4904;-47.9759;46.5713;10.3686;4669.27;6.23449;0;0;0.1;0.01;0;7.52051;0;0;-1
0;927;-12.6915;-33.57;49.1095;10.005;4195.08;6.01586;0;0;0.1;0.01;0;5.88239;0;0;-1
0;928;-11.4139;-13.8827;48.6883;9.93402;4106.42;5.97318;0;0;0.1;0.01;0;6.7713;0;0;-1
0;929;-11.0348;0.27011;46.1085;9.49154;3581.78;5.70713;0;0;0.1;0.01;0;6.65051;0;0;-1
0;930;-13.1758;19.5099;47.8612;10.0132;4205.4;6.02079;0;0;0.1;0.01;0;6.25806;0;0;-1
0;931;-11.2542;37.0939;49.0546;8.84922;2902.71;5.32091;0;0;0.1;0.01;0;6.45038;0;0;-1
0;932;-12.1991;52.5429;48.7849;9.02879;3083.03;5.42888;0;0;0.1;0.01;0;7.20728;0;0;-1
0;933;-11.7524;69.7934;48.0776;10.1432;4371.33;6.09896;0;0;0.1;0.01;0;5.86684;0;0;-1
0;934;-12.8195;86.6124;47.9971;8.5;2572.44;5.11093;0;0;0.1;0.01;0;1.66636;1;0;-1
0;935;2.05987;-73.1404;45.8834;8.5;2572.44;5.11093;0;0;0.1;0.01;0;4.91046;1;0;-1
0;936;1.61252;-59.436;46.6174;8.99434;3047.87;5.40817;0;0;0.1;0.01;0;5.60786;0;0;-1
0;937;2.35306;-42.2801;46.9596;9.40872;3488.83;5.65733;0;0;0.1;0.01;0;5.65268;0;0;-1
0;938;1.44577;-22.4107;48.5108;9.3869;3464.62;5.64421;0;0;0.1;0.01;0;5.82134;0;0;-1
0;939;4.30922;-5.38903;49.0427;9.50215;3593.8;5.7135;0;0;0.1;0.01;0;6.81252;0;0;-1
0;940;3.22423;8.86528;49.2361;9.40384;3483.41;5.65439;0;0;0.1;0.01;0;5.8084;0;0;-1
0;941;1.82585;29.637;47.326;8.5;2572.44;5.11093;0;0;0.1;0.01;0;5.0498;1;0;-1
0;942;1.08613;45.5423;47.5985;8.53776;2606.88;5.13363;0;0;0.1;0.01;0;6.1713;0;0;-1
0;943;1.48957;60.621;45.6741;9.03964;3094.15;5.4354;0;0;0.1;0.01;0;5.436;0;0;-1
0;944;4.93436;79.7298;48.6584;10.1102;4328.8;6.07912;0;0;0.1;0.01;0;3.00433;0;0;-1
0;945;18.9304;-84.4691;48.8975;8.82496;2878.9;5.30632;0;0;0.1;0.01;0;1.95415;0;0;-1
0;946;18.2821;-65.9298;46.7087;9.13393;3191.99;5.4921;0;0;0.1;0.01;0;4.69498;0;0;-1
0;947;16.9261;-49.4115;46.2825;8.5;2572.44;5.11093;0;0;0.1;0.01;0;4.61426;1;0;-1
0;948;19.3953;-34.3999;45.9315;10.2763;4545.68;6.17899;0;0;0.1;0.01;0;6.56867;0;0;-1
0;949;16.1478;-14.8609;48.4546;9.22523;3288.67;5.547;0;0;0.1;0.01;0;6.34218;0;0;-1
0;950;18.7802;1.8061;48.5205;8.50641;2578.26;5.11478;0;0;0.1;0.01;0;5.65844;0;0;-1
0;951;17.3901;17.4879;46.7714;9.55479;3653.86;5.74516;0;0;0.1;0.01;0;5.23582;0;0;-1
0;952;16.0214;36.3965;49.0139;8.5;2572.44;5.11093;0;0;0.1;0.01;0;4.95286;1;0;-1
0;953;19.2386;50.8483;45.5666;9.03341;3087.76;5.43166;0;0;0.1;0.01;0;5.11281;0;0;-1
0;954;17.413;71.0982;46.7931;9.52319;3617.73;5.72616;0;0;0.1;0.01;0;4.54253;0;0;-1
0;955;33.2065;-74.2746;48.7924;8.9766;3029.87;5.3975;0;0;0.1;0.01;0;3.24513;0;0;-1
0;956;33.1127;-57.1342;47.8293;9.60965;3717.16;5.77814;0;0;0.1;0.01;0;6.04704;0;0;-1
0;957;33.4788;-39.2158;45.823;9.85133;4004.73;5.92346;0;0;0.1;0.01;0;6.54125;0;0;-1
0;958;30.7954;-22.516;46.1724;9.98303;4167.5;6.00265;0;0;0.1;0.01;0;6.38917;0;0;-1
0;959;31.9832;-5.03713;47.7765;9.48791;3577.67;5.70494;0;0;0.1;0.01;0;5.83289;0;0;-1
0;960;33.255;12.0598;47.6395;9.44032;3524.1;5.67633;0;0;0.1;0.01;0;5.4794;0;0;-1
0;961;30.6851;25.7838;46.9784;9.75134;3884.02;5.86334;0;0;0.1;0.01;0;6.52822;0;0;-1
0;962;32.7078;43.2095;48.5163;8.95476;3007.81;5.38437;0;0;0.1;0.01;0;6.1167;0;0;-1
0;963;31.8871;59.3286;48.6143;9.99243;4179.28;6.0083;0;0;0.1;0.01;0;6.93087;0;0;-1
0;964;30.9368;76.2501;47.7004;9.44588;3530.33;5.67967;0;0;0.1;0.01;0;4.12504;0;0;-1
0;965;45.9649;-63.7077;46.5704;8.50235;2574.57;5.11234;0;0;0.1;0.01;0;3.30758;0;0;-1
0;966;46.176;-47.4753;47.5692;10.2055;4452.37;6.13642;0;0;0.1;0.01;0;6.42869;0;0;-1
0;967;47.652;-31.46;46.2942;8.5;2572.44;5.11093;0;0;0.1;0.01;0;5.04419;1;0;-1
0;968;45.2293;-13.9404;49.0328;9.26855;3335.22;5.57304;0;0;0.1;0.01;0;5.88917;0;0;-1
0;969;45.8973;-0.223215;45.3784;8.5;2572.44;5.11093;0;0;0.1;0.01;0;5.34812;1;0;-1
0;970;47.7161;20.7861;46.8802;10.0206;4214.73;6.02524;0;0;0.1;0.01;0;7.16552;0;0;-1
0;971;45.3001;36.6214;48.5874;9.44979;3534.72;5.68202;0;0;0.1;0.01;0;6.80027;0;0;-1
0;972;46.4696;54.77;49.1041;9.69619;3818.49;5.83018;0;0;0.1;0.01;0;5.88138;0;0;-1
0;973;45.6622;72.0079;48.4235;9.86394;4020.13;5.93104;0;0;0.1;0.01;0;3.34158;0;0;-1
0;974;63.7036;-58.7737;46.4798;8.74716;2803.43;5.25954;0;0;0.1;0.01;0;2.38122;0;0;-1
0;975;62.0127;-42.3713;47.6444;9.36522;3440.67;5.63117;0;0;0.1;0.01;0;5.04802;0;0;-1
0;976;59.8958;-24.071;48.5264;8.5;2572.44;5.11093;0;0;0.1;0.01;0;4.85998;1;0;-1
0;977;63.6068;-8.69943;46.8181;10.1425;4370.42;6.09854;0;0;0.1;0.01;0;6.67295;0;0;-1
0;978;60.664;8.13051;47.1506;9.86993;4027.46;5.93465;0;0;0.1;0.01;0;6.38257;0;0;-1
0;979;61.5234;26.8095;46.1116;9.90075;4065.3;5.95318;0;0;0.1;0.01;0;6.42586;0;0;-1
0;980;60.1715;43.6475;46.041;10.1384;4365.13;6.09607;0;0;0.1;0.01;0;6.24422;0;0;-1
0;981;61.1684;61.0026;46.9974;9.12844;3186.24;5.4888;0;0;0.1;0.01;0;3.75995;0;0;-1
0;982;77.2963;-30.3687;48.6463;8.61289;2676.3;5.17881;0;0;0.1;0.01;0;2.62317;0;0;-1
0;983;77.132;-17.1009;47.7247;8.5;2572.44;5.11093;0;0;0.1;0.01;0;3.1623;1;0;-1
0;984;75.566;1.83153;46.545;9.84126;3992.46;5.91741;0;0;0.1;0.01;0;5.04731;0;0;-1
0;985;78.6907;17.338;48.8014;10.0526;4255.24;6.04448;0;0;0.1;0.01;0;4.18364;0;0;-1
0;986;75.2814;34.6959;45.9236;10.2898;4563.62;6.18711;0;0;0.1;0.01;0;4.40649;0;0;-1
0;987;-65.6108;-30.2889;62.2636;8.57744;2643.39;5.15749;0;0;0.1;0.01;0;3.43798;0;0;-1
0;988;-66.5755;-15.4217;63.5514;8.87947;2932.58;5.3391;0;0;0.1;0.01;0;3.53971;0;0;-1
0;989;-66.6909;0.552796;61.335;8.52153;2592.04;5.12387;0;0;0.1;0.01;0;3.48011;0;0;-1
0;990;-66.152;19.5125;63.9332;9.60852;3715.85;5.77746;0;0;0.1;0.01;0;3.35531;0;0;-1
0;991;-51.8193;-58.4808;60.4503;9.06277;3117.97;5.44931;0;0;0.1;0.01;0;2.13613;0;0;-1
0;992;-51.4176;-38.7561;63.6276;10.4312;4754.35;6.27213;0;0;0.1;0.01;0;5.19686;0;0;-1
0;993;-50.7468;-24.5022;63.2989;8.99047;3043.94;5.40584;0;0;0.1;0.01;0;6.41228;0;0;-1
0;994;-52.7061;-8.79317;61.3408;8.75928;2815.1;5.26683;0;0;0.1;0.01;0;4.57448;0;0;-1
0;995;-53.4865;10.3275;61.6439;10.3467;4639.75;6.22132;0;0;0.1;0.01;0;5.6042;0;0;-1
0;996;-53.0247;27.1256;62.1093;8.5119;2583.26;5.11808;0;0;0.1;0.01;0;4.0422;0;0;-1
0;997;-51.7512;46.525;61.8031;9.49673;3587.66;5.71025;0;0;0.1;0.01;0;3.02796;0;0;-1
0;998;-36.375;-47.558;60.5179;9.31429;3384.84;5.60055;0;0;0.1;0.01;0;6.18383;0;0;-1
0;999;-36.9153;-33.1697;64.164;8.56914;2635.73;5.1525;0;0;0.1;0.01;0;5.89065;0;0;-1
0;1000;-35.4708;-15.6567;62.6725;9.77893;3917.08;5.87993;0;0;0.1;0.01;0;6.6207;0;0;-1
0;1001;-36.1638;1.45516;63.9658;8.73934;2795.92;5.25484;0;0;0.1;0.01;0;4.87592;0;0;-1
0;1002;-35.0665;19.5906;62.2238;8.80965;2863.94;5.29711;0;0;0.1;0.01;0;5.88818;0;0;-1
0;1003;-35.2285;37.0901;60.661;9.96828;4149.06;5.99378;0;0;0.1;0.01;0;6.29221;0;0;-1
0;1004;-38.3036;52.2632;63.8401;9.47991;3568.63;5.70013;0;0;0.1;0.01;0;3.9458;0;0;-1
0;1005;-38.3171;67.956;60.6995;9.61487;3723.22;5.78128;0;0;0.1;0.01;0;3.18455;0;0;-1
0;1006;-21.3206;-73.2355;63.7643;8.5;2572.44;5.11093;0;0;0.1;0.01;0;1.71288;1;0;-1
0;1007;-23.2935;-57.0283;62.2431;10.4;4711.82;6.25337;0;0;0.1;0.01;0;6.1864;0;0;-1
0;1008;-22.2406;-40.8629;61.3904;10.2717;4539.58;6.17622;0;0;0.1;0.01;0;8.02909;0;0;-1
0;1009;-21.3055;-22.735;63.6608;8.53442;2603.82;5.13162;0;0;0.1;0.01;0;6.24216;0;0;-1
0;1010;-21.9762;-5.56698;62.1269;10.3597;4657.26;6.22914;0;0;0.1;0.01;0;6.43759;0;0;-1
0;1011;-22.119;10.5216;60.8525;8.5;2572.44;5.11093;0;0;0.1;0.01;0;3.63271;1;0;-1
0;1012;-23.7846;26.8078;63.5259;9.01866;3072.66;5.42279;0;0;0.1;0.01;0;4.69529;0;0;-1
0;1013;-22.4067;44.4757;62.8102;9.87176;4029.7;5.93575;0;0;0.1;0.01;0;6.77147;0;0;-1
0;1014;-21.8346;59.7021;60.1791;8.81698;2871.1;5.30152;0;0;0.1;0.01;0;5.43721;0;0;-1
0;1015;-7.87531;-67.691;60.3514;8.52518;2595.37;5.12607;0;0;0.1;0.01;0;3.88878;0;0;-1
0;1016;-7.87165;-47.7027;63.1288;10.2311;4485.96;6.15181;0;0;0.1;0.01;0;6.71414;0;0;-1
0;1017;-5.56326;-29.8878;63.3938;9.05885;3113.92;5.44696;0;0;0.1;0.01;0;6.57554;0;0;-1
0;1018;-6.85059;-15.3344;60.9679;8.54701;2615.36;5.13919;0;0;0.1;0.01;0;6.62481;0;0;-1
0;1019;-8.78376;0.615507;60.7728;8.5;2572.44;5.11093;0;0;0.1;0.01;0;4.7127;1;0;-1
0;1020;-6.95625;20.83;60.3906;8.92528;2978.2;5.36664;0;0;0.1;0.01;0;4.61563;0;0;-1
0;1021;-8.83196;36.0091;63.5776;9.68264;3802.51;5.82203;0;0;0.1;0.01;0;7.04761;0;0;-1
0;1022;-6.47669;52.1453;61.0349;9.64341;3756.48;5.79844;0;0;0.1;0.01;0;7.58018;0;0;-1
0;1023;-7.43392;67.6717;60.876;10.3052;4584.14;6.19637;0;0;0.1;0.01;0;4.93499;0;0;-1
0;1024;5.32019;-73.7763;61.9494;8.5;2572.44;5.11093;0;0;0.1;0.01;0;2.23641;1;0;-1
0;1025;6.87326;-57.4066;62.3028;10.176;4413.87;6.11868;0;0;0.1;0.01;0;5.81622;0;0;-1
0;1026;7.74109;-39.3542;61.0349;8.5;2572.44;5.11093;0;0;0.1;0.01;0;4.55338;1;0;-1
0;1027;6.38407;-22.691;62.344;9.92312;4092.92;5.96663;0;0;0.1;0.01;0;6.71308;0;0;-1
0;1028;9.17405;-6.37248;62.4708;10.2402;4497.94;6.15728;0;0;0.1;0.01;0;6.85656;0;0;-1
0;1029;8.78443;12.1982;62.2437;8.66534;2725.5;5.21034;0;0;0.1;0.01;0;4.78811;0;0;-1
0;1030;7.91945;26.321;63.411;8.5;2572.44;5.11093;0;0;0.1;0.01;0;5.49406;1;0;-1
0;1031;7.4232;42.0727;60.0841;10.2988;4575.6;6.19252;0;0;0.1;0.01;0;6.63429;0;0;-1
0;1032;6.63891;63.0829;63.2925;9.3194;3390.41;5.60362;0;0;0.1;0.01;0;4.62266;0;0;-1
0;1033;21.3031;-63.8652;60.9582;8.5;2572.44;5.11093;0;0;0.1;0.01;0;3.70168;1;0;-1
0;1034;23.2548;-50.2976;61.9499;8.5;2572.44;5.11093;0;0;0.1;0.01;0;4.43444;1;0;-1
0;1035;20.9337;-32.3606;61.0297;8.5;2572.44;5.11093;0;0;0.1;0.01;0;3.83284;1;0;-1
0;1036;24.2121;-12.6711;60.3667;8.5;2572.44;5.11093;0;0;0.1;0.01;0;5.40577;1;0;-1
0;1037;20.6125;2.95166;61.7808;8.5;2572.44;5.11093;0;0;0.1;0.01;0;5.06506;1;0;-1
0;1038;23.0811;19.7967;63.7326;10.3275;4613.96;6.20978;0;0;0.1;0.01;0;7.34263;0;0;-1
0;1039;21.926;37.8444;63.1512;8.70203;2760.26;5.2324;0;0;0.1;0.01;0;5.68772;0;0;-1
0;1040;21.5755;53.158;60.4212;8.5;2572.44;5.11093;0;0;0.1;0.01;0;5.29602;1;0;-1
0;1041;22.1366;69.112;61.3939;9.0674;3122.75;5.4521;0;0;0.1;0.01;0;3.38923;0;0;-1
0;1042;34.6688;-59.733;63.5346;8.5;2572.44;5.11093;0;0;0.1;0.01;0;2.17462;1;0;-1
0;1043;36.1555;-39.3448;62.576;9.23923;3303.66;5.55541;0;0;0.1;0.01;0;4.5111;0;0;-1
0;1044;38.1826;-22.8134;61.8911;8.81792;2872.02;5.30209;0;0;0.1;0.01;0;4.89313;0;0;-1
0;1045;35.798;-5.05924;62.6104;8.95321;3006.25;5.38344;0;0;0.1;0.01;0;4.80428;0;0;-1
0;1046;38.2683;12.2864;61.3832;9.45337;3538.74;5.68417;0;0;0.1;0.01;0;5.64776;0;0;-1
0;1047;37.9495;26.2055;60.2511;8.5;2572.44;5.11093;0;0;0.1;0.01;0;6.73112;1;0;-1
0;1048;35.5205;43.3628;63.5208;9.23679;3301.05;5.55395;0;0;0.1;0.01;0;5.62893;0;0;-1
0;1049;38.6646;60.4758;63.3822;9.72555;3853.28;5.84783;0;0;0.1;0.01;0;3.9472;0;0;-1
0;1050;53.4573;-48.7344;61.7436;9.52246;3616.9;5.72572;0;0;0.1;0.01;0;3.22328;0;0;-1
0;1051;50.3661;-33.3928;60.8834;8.5;2572.44;5.11093;0;0;0.1;0.01;0;4.87578;1;0;-1
0;1052;51.0268;-15.2818;62.1407;9.58171;3684.83;5.76134;0;0;0.1;0.01;0;5.69862;0;0;-1
0;1053;50.0335;0.79578;62.6932;8.5;2572.44;5.11093;0;0;0.1;0.01;0;4.13044;1;0;-1
0;1054;50.5527;20.699;60.9283;8.5;2572.44;5.11093;0;0;0.1;0.01;0;5.72252;1;0;-1
0;1055;50.8715;34.8059;61.8183;9.8158;3961.56;5.9021;0;0;0.1;0.01;0;6.01691;0;0;-1
0;1056;53.697;53.0085;62.7387;10.1404;4367.71;6.09728;0;0;0.1;0.01;0;3.14227;0;0;-1
0;1057;67.0764;-40.8564;60.8964;10.4293;4751.76;6.27099;0;0;0.1;0.01;0;2.8524;0;0;-1
0;1058;64.4544;-21.5163;62.1432;8.5;2572.44;5.11093;0;0;0.1;0.01;0;2.95918;1;0;-1
0;1059;64.441;-5.43655;61.871;8.5;2572.44;5.11093;0;0;0.1;0.01;0;4.08229;1;0;-1
0;1060;66.7694;9.19702;60.6568;9.7064;3830.57;5.83632;0;0;0.1;0.01;0;3.28729;0;0;-1
0;1061;65.1701;25.0291;60.166;8.80062;2855.15;5.29169;0;0;0.1;0.01;0;2.8198;0;0;-1
0;1062;-54.422;-23.7633;75.9882;9.34551;3418.99;5.61932;0;0;0.1;0.01;0;3.60196;0;0;-1
0;1063;-56.5102;-4.70165;78.7041;8.5;2572.44;5.11093;0;0;0.1;0.01;0;1.66302;1;0;-1
0;1064;-54.9418;10.6841;76.2416;9.32397;3395.4;5.60637;0;0;0.1;0.01;0;3.90576;0;0;-1
0;1065;-56.4403;29.7254;75.0174;10.447;4775.99;6.28163;0;0;0.1;0.01;0;3.23452;0;0;-1
0;1066;-40.0297;-48.964;77.0278;8.5;2572.44;5.11093;0;0;0.1;0.01;0;2.24523;1;0;-1
0;1067;-42.2467;-30.798;77.7949;8.79456;2849.25;5.28804;0;0;0.1;0.01;0;4.74822;0;0;-1
0;1068;-40.4004;-15.9276;75.1003;9.98709;4172.59;6.00509;0;0;0.1;0.01;0;6.54584;0;0;-1
0;1069;-40.4526;2.87153;77.9497;9.51488;3608.27;5.72116;0;0;0.1;0.01;0;5.73149;0;0;-1
0;1070;-41.6335;17.7779;74.6418;8.54694;2615.29;5.13915;0;0;0.1;0.01;0;5.55164;0;0;-1
0;1071;-39.3204;33.6775;76.4756;9.87209;4030.1;5.93594;0;0;0.1;0.01;0;4.1446;0;0;-1
0;1072;-24.3929;-55.1606;76.9407;9.73996;3870.44;5.8565;0;0;0.1;0.01;0;3.46796;0;0;-1
0;1073;-26.2734;-40.8486;74.9537;9.02504;3079.19;5.42663;0;0;0.1;0.01;0;5.50449;0;0;-1
0;1074;-27.4686;-23.1537;76.5341;10.0637;4269.35;6.05116;0;0;0.1;0.01;0;7.01368;0;0;-1
0;1075;-27.2511;-4.52119;77.8981;9.34698;3420.6;5.6202;0;0;0.1;0.01;0;6.55041;0;0;-1
0;1076;-24.983;12.2877;77.0422;9.04555;3100.23;5.43896;0;0;0.1;0.01;0;5.77554;0;0;-1
0;1077;-25.7855;26.5315;77.3011;9.31413;3384.66;5.60045;0;0;0.1;0.01;0;5.89697;0;0;-1
0;1078;-25.3425;43.7265;77.7643;9.28589;3353.97;5.58347;0;0;0.1;0.01;0;3.80611;0;0;-1
0;1079;-10.0682;-47.8101;76.4013;8.80812;2862.45;5.29619;0;0;0.1;0.01;0;4.92315;0;0;-1
0;1080;-12.4527;-31.1441;76.4145;10.2266;4480.05;6.14911;0;0;0.1;0.01;0;7.47857;0;0;-1
0;1081;-12.8032;-16.1703;74.6153;9.40462;3484.27;5.65486;0;0;0.1;0.01;0;7.35051;0;0;-1
0;1082;-13.5649;0.328515;78.4976;10.2202;4471.64;6.14526;0;0;0.1;0.01;0;6.59611;0;0;-1
0;1083;-11.4841;20.5723;78.322;8.95194;3004.97;5.38267;0;0;0.1;0.01;0;5.8115;0;0;-1
0;1084;-10.8852;36.5075;76.7764;10.0821;4292.81;6.06222;0;0;0.1;0.01;0;7.27622;0;0;-1
0;1085;-11.9898;51.5971;76.314;9.93362;4105.93;5.97294;0;0;0.1;0.01;0;4.78218;0;0;-1
0;1086;3.54421;-58.8452;76.6004;10.3992;4710.73;6.25289;0;0;0.1;0.01;0;3.3719;0;0;-1
0;1087;1.37896;-42.2276;78.4863;8.5;2572.44;5.11093;0;0;0.1;0.01;0;4.97576;1;0;-1
0;1088;4.76852;-23.2453;76.3329;10.0445;4244.96;6.03961;0;0;0.1;0.01;0;6.80756;0;0;-1
0;1089;1.2978;-7.59492;78.2502;9.92445;4094.57;5.96743;0;0;0.1;0.01;0;6.26929;0;0;-1
0;1090;3.27132;11.4185;77.6389;8.90179;2954.75;5.35252;0;0;0.1;0.01;0;4.54153;0;0;-1
0;1091;1.50367;27.361;77.776;9.65841;3774.03;5.80746;0;0;0.1;0.01;0;7.2382;0;0;-1
0;1092;2.5388;42.4965;76.4697;10.3015;4579.2;6.19414;0;0;0.1;0.01;0;6.33544;0;0;-1
0;1093;4.04472;61.3725;76.5682;9.70352;3827.16;5.83459;0;0;0.1;0.01;0;3.29171;0;0;-1
0;1094;16.4741;-49.5983;74.99;8.82222;2876.22;5.30467;0;0;0.1;0.01;0;3.5157;0;0;-1
0;1095;17.466;-30.7352;77.8436;9.94785;4123.6;5.9815;0;0;0.1;0.01;0;6.04413;0;0;-1
0;1096;18.4957;-13.125;74.6035;9.11763;3174.93;5.4823;0;0;0.1;0.01;0;6.14126;0;0;-1
0;1097;16.7219;3.33841;76.3052;8.78297;2838;5.28107;0;0;0.1;0.01;0;5.25113;0;0;-1
0;1098;18.411;20.1256;76.7527;8.5;2572.44;5.11093;0;0;0.1;0.01;0;5.8103;1;0;-1
0;1099;18.6057;33.9792;76.0105;10.0972;4312.13;6.0713;0;0;0.1;0.01;0;7.3064;0;0;-1
0;1100;18.5666;54.4248;76.1441;9.59276;3697.6;5.76799;0;0;0.1;0.01;0;3.60243;0;0;-1
0;1101;32.5487;-40.2;76.4279;10.1849;4425.47;6.12403;0;0;0.1;0.01;0;3.81312;0;0;-1
0;1102;31.2489;-22.9489;78.5542;10.1291;4353.13;6.09048;0;0;0.1;0.01;0;5.5821;0;0;-1
0;1103;31.1821;-5.98992;77.3478;8.5572;2624.72;5.14532;0;0;0.1;0.01;0;5.20005;0;0;-1
0;1104;32.3701;11.7409;76.1718;9.07028;3125.72;5.45383;0;0;0.1;0.01;0;4.46361;0;0;-1
0;1105;34.5173;28.4079;76.6488;10.3011;4578.67;6.1939;0;0;0.1;0.01;0;5.87465;0;0;-1
0;1106;30.9553;46.4982;78.1581;10.3268;4613.03;6.20935;0;0;0.1;0.01;0;4.16969;0;0;-1
0;1107;49.084;-30.3993;78.666;9.26179;3327.92;5.56898;0;0;0.1;0.01;0;1.68949;0;0;-1
0;1108;45.4523;-13.8831;75.3092;8.5304;2600.14;5.12921;0;0;0.1;0.01;0;4.76077;0;0;-1
0;1109;47.441;0.398158;77.9805;8.55106;2619.08;5.14163;0;0;0.1;0.01;0;3.45426;0;0;-1
0;1110;48.319;20.0344;74.9209;9.58572;3689.46;5.76375;0;0;0.1;0.01;0;3.86892;0;0;-1
0;1111;49.0121;36.241;77.4622;8.5;2572.44;5.11093;0;0;0.1;0.01;0;2.3419;1;0;-1
0;1112;60.444;-6.10377;78.4429;8.5;2572.44;5.11093;0;0;0.1;0.01;0;1.59456;1;0;-1
0;1113;-36.2691;-15.7311;89.6401;9.8315;3980.59;5.91154;0;0;0.1;0.01;0;4.24753;0;0;-1
0;1114;-36.4154;1.56656;91.2428;8.5;2572.44;5.11093;0;0;0.1;0.01;0;3.92134;1;0;-1
0;1115;-38.4473;16.9517;89.8857;10.0141;4206.53;6.02133;0;0;0.1;0.01;0;3.77052;0;0;-1
0;1116;-21.1026;-24.4725;90.0499;10.4526;4783.67;6.285;0;0;0.1;0.01;0;4.94946;0;0;-1
0;1117;-23.4136;-6.36178;93.0758;10.0382;4236.98;6.03582;0;0;0.1;0.01;0;4.54059;0;0;-1
0;1118;-22.7366;11.689;89.7645;8.5;2572.44;5.11093;0;0;0.1;0.01;0;4.56522;1;0;-1
0;1119;-21.6277;27.6357;93.375;10.1704;4406.59;6.11531;0;0;0.1;0.01;0;3.63648;0;0;-1
0;1120;-7.47894;-31.4698;90.7931;9.99572;4183.41;6.01028;0;0;0.1;0.01;0;4.74665;0;0;-1
0;1121;-8.53438;-14.0111;89.4438;9.49792;3589.01;5.71096;0;0;0.1;0.01;0;6.43374;0;0;-1
0;1122;-6.51552;1.18237;92.6577;9.92513;4095.41;5.96784;0;0;0.1;0.01;0;5.31471;0;0;-1
0;1123;-5.80887;19.1293;93.3196;10.3778;4681.71;6.24002;0;0;0.1;0.01;0;5.37823;0;0;-1
0;1124;-7.61226;35.0382;92.3572;8.5;2572.44;5.11093;0;0;0.1;0.01;0;3.71046;1;0;-1
0;1125;5.41913;-38.568;92.1484;8.64182;2703.36;5.1962;0;0;0.1;0.01;0;2.77274;0;0;-1
0;1126;6.63343;-23.3656;92.1212;9.97299;4154.94;5.99661;0;0;0.1;0.01;0;4.85984;0;0;-1
0;1127;7.32848;-5.03873;91.6086;9.76217;3896.98;5.86985;0;0;0.1;0.01;0;4.37046;0;0;-1
0;1128;6.66384;10.8039;91.2156;9.29955;3368.79;5.59168;0;0;0.1;0.01;0;4.12234;0;0;-1
0;1129;6.09556;28.7484;90.0592;9.47028;3557.76;5.69434;0;0;0.1;0.01;0;5.33325;0;0;-1
0;1130;23.7569;-31.9728;89.8623;8.5;2572.44;5.11093;0;0;0.1;0.01;0;2.94818;1;0;-1
0;1131;20.7076;-13.4769;89.3574;8.96289;3016.01;5.38926;0;0;0.1;0.01;0;4.82211;0;0;-1
0;1132;22.7964;0.11653;90.1651;8.56343;2630.46;5.14907;0;0;0.1;0.01;0;3.46871;0;0;-1
0;1133;20.0093;20.819;90.9651;8.88242;2935.5;5.34087;0;0;0.1;0.01;0;3.2505;0;0;-1
0;1134;20.8941;36.7152;90.3467;8.61361;2676.97;5.17924;0;0;0.1;0.01;0;2.71887;0;0;-1
0;1135;37.3243;-7.80916;89.7364;9.767;3902.76;5.87276;0;0;0.1;0.01;0;3.63613;0;0;-1
0;1136;35.4272;9.72547;91.17;8.5238;2594.11;5.12524;0;0;0.1;0.01;0;1.96261;0;0;-1
