Time;ID;x;y;z;radius;volume_total;radius_nuclear;contact_ECM;freezer;polarized_fraction;motility;cell_line;Cell_cell;phase;Cycle;NFkB
0;0;-51.3198;-4.61236;-83.4244;8.5;2572.44;5.11093;0;0;0.1;0.01;0;2.64503;1;0;-1
0;1;-37.4343;-33.3416;-84.6862;9.8791;4038.69;5.94016;0;0;0.1;0.01;0;2.67537;0;0;-1
0;2;-37.657;-13.8256;-86.4865;8.5;2572.44;5.11093;0;0;0.1;0.01;0;2.65236;1;0;-1
0;3;-38.5106;0.472762;-85.5881;8.93259;2985.53;5.37104;0;0;0.1;0.01;0;2.4965;0;0;-1
0;4;-35.4913;20.6066;-84.3339;10.0373;4235.84;6.03528;0;0;0.1;0.01;0;3.05519;0;0;-1
0;5;-21.7996;-40.6284;-87.2583;9.31441;3384.97;5.60062;0;0;0.1;0.01;0;2.80836;0;0;-1
0;6;-20.549;-22.4023;-85.9323;8.72424;2781.45;5.24576;0;0;0.1;0.01;0;4.23967;0;0;-1
0;7;-21.0308;-8.41873;-84.5165;8.68751;2746.47;5.22367;0;0;0.1;0.01;0;4.10618;0;0;-1
0;8;-20.3054;10.7169;-85.9703;8.9461;2999.09;5.37916;0;0;0.1;0.01;0;3.39562;0;0;-1
0;9;-22.2969;28.7595;-84.0056;9.1147;3171.87;5.48054;0;0;0.1;0.01;0;3.81338;0;0;-1
0;10;-8.84462;-49.3356;-83.4166;10.3831;4688.89;6.24321;0;0;0.1;0.01;0;3.60931;0;0;-1
0;11;-7.09733;-30.7511;-87.1621;9.25676;3322.5;5.56596;0;0;0.1;0.01;0;4.75255;0;0;-1
0;12;-6.80712;-16.6146;-86.2527;8.92614;2979.06;5.36716;0;0;0.1;0.01;0;5.07697;0;0;-1
0;13;-6.59103;0.140815;-85.5161;10.1914;4433.94;6.12794;0;0;0.1;0.01;0;5.02024;0;0;-1
0;14;-7.56453;20.0308;-83.7624;10.1998;4444.92;6.13299;0;0;0.1;0.01;0;5.00645;0;0;-1
0;15;-7.67618;38.2921;-83.937;9.71243;3837.71;5.83994;0;0;0.1;0.01;0;3.32087;0;0;-1
0;16;7.44712;-40.8717;-85.9518;10.0896;4302.4;6.06673;0;0;0.1;0.01;0;4.84721;0;0;-1
0;17;6.40296;-24.2355;-83.4873;10.0954;4309.82;6.07022;0;0;0.1;0.01;0;6.03738;0;0;-1
0;18;8.72586;-6.01824;-85.8389;8.76963;2825.09;5.27305;0;0;0.1;0.01;0;3.89301;0;0;-1
0;19;6.47953;10.9352;-86.7596;8.73724;2793.9;5.25358;0;0;0.1;0.01;0;2.66732;0;0;-1
0;20;7.75494;27.7552;-87.3875;8.84193;2895.54;5.31652;0;0;0.1;0.01;0;3.1844;0;0;-1
0;21;8.87851;45.3857;-83.5776;10.2972;4573.47;6.19156;0;0;0.1;0.01;0;3.80149;0;0;-1
0;22;20.2442;-49.1553;-84.496;9.44966;3534.57;5.68194;0;0;0.1;0.01;0;3.23395;0;0;-1
0;23;23.336;-34.0325;-86.6646;10.0918;4305.21;6.06805;0;0;0.1;0.01;0;5.1227;0;0;-1
0;24;20.6101;-15.7249;-84.9721;8.5;2572.44;5.11093;0;0;0.1;0.01;0;3.28112;1;0;-1
0;25;22.4813;3.45272;-86.8654;8.58914;2654.22;5.16453;0;0;0.1;0.01;0;3.59132;0;0;-1
0;26;23.6324;20.3934;-84.4872;8.88816;2941.2;5.34432;0;0;0.1;0.01;0;4.47653;0;0;-1
0;27;23.5499;37.7404;-84.8634;9.8457;3997.87;5.92008;0;0;0.1;0.01;0;3.69298;0;0;-1
0;28;36.3546;-40.1937;-83.6499;9.99562;4183.29;6.01022;0;0;0.1;0.01;0;3.76828;0;0;-1
0;29;35.4707;-25.5453;-86.1246;8.5;2572.44;5.11093;0;0;0.1;0.01;0;3.01526;1;0;-1
0;30;37.2106;-5.59773;-85.3025;10.2046;4451.19;6.13588;0;0;0.1;0.01;0;2.52985;0;0;-1
0;31;36.559;10.8599;-83.9712;10.2277;4481.49;6.14977;0;0;0.1;0.01;0;3.93937;0;0;-1
0;32;37.5866;26.9804;-83.9276;10.0868;4298.82;6.06505;0;0;0.1;0.01;0;4.35851;0;0;-1
0;33;-70.5264;-14.7638;-69.3743;9.3986;3477.59;5.65124;0;0;0.1;0.01;0;2.28093;0;0;-1
0;34;-57.812;-39.4495;-71.3399;9.97762;4160.73;5.9994;0;0;0.1;0.01;0;3.1071;0;0;-1
0;35;-56.668;-25.1912;-72.4907;9.30194;3371.39;5.59312;0;0;0.1;0.01;0;3.99542;0;0;-1
0;36;-54.7634;-8.89727;-70.8526;8.5;2572.44;5.11093;0;0;0.1;0.01;0;4.50378;1;0;-1
0;37;-56.2936;9.8572;-69.7949;10.3383;4628.45;6.21627;0;0;0.1;0.01;0;3.5067;0;0;-1
0;38;-57.7889;28.4759;-71.5079;8.5;2572.44;5.11093;0;0;0.1;0.01;0;2.15663;1;0;-1
0;39;-54.6563;46.9033;-68.5803;9.52835;3623.61;5.72926;0;0;0.1;0.01;0;3.23853;0;0;-1
0;40;-41.5481;-51.3144;-72.6771;9.08313;3139.03;5.46155;0;0;0.1;0.01;0;2.11146;0;0;-1
0;41;-41.3964;-30.4527;-70.9837;9.44447;3528.75;5.67882;0;0;0.1;0.01;0;5.73841;0;0;-1
0;42;-42.2324;-16.6237;-69.671;10.4347;4759.14;6.27423;0;0;0.1;0.01;0;6.85586;0;0;-1
0;43;-39.4135;1.72856;-69.0986;8.5;2572.44;5.11093;0;0;0.1;0.01;0;4.22288;1;0;-1
0;44;-42.3644;16.7616;-69.0645;8.5;2572.44;5.11093;0;0;0.1;0.01;0;5.51289;1;0;-1
0;45;-42.4245;34.2509;-69.8617;9.48534;3574.76;5.7034;0;0;0.1;0.01;0;5.21286;0;0;-1
0;46;-41.2119;53.4635;-69.414;8.5;2572.44;5.11093;0;0;0.1;0.01;0;3.80408;1;0;-1
0;47;-26.5809;-57.1951;-70.3574;8.69547;2754.02;5.22846;0;0;0.1;0.01;0;4.02505;0;0;-1
0;48;-28.5594;-42.589;-68.4939;10.4235;4743.83;6.2675;0;0;0.1;0.01;0;6.38737;0;0;-1
0;49;-26.2517;-24.7427;-70.6796;8.78999;2844.81;5.28529;0;0;0.1;0.01;0;5.81348;0;0;-1
0;50;-24.7269;-8.80964;-71.8658;8.5;2572.44;5.11093;0;0;0.1;0.01;0;4.47316;1;0;-1
0;51;-26.8786;11.1037;-69.6488;9.33999;3412.93;5.616;0;0;0.1;0.01;0;5.35125;0;0;-1
0;52;-26.0038;26.9252;-69.2385;10.0291;4225.46;6.03035;0;0;0.1;0.01;0;6.56948;0;0;-1
0;53;-27.6159;43.7337;-70.674;9.33376;3406.11;5.61225;0;0;0.1;0.01;0;4.59961;0;0;-1
0;54;-27.1636;62.1985;-69.8076;9.79464;3935.99;5.88937;0;0;0.1;0.01;0;3.73909;0;0;-1
0;55;-13.5684;-63.8514;-69.0205;9.87774;4037.02;5.93934;0;0;0.1;0.01;0;4.04072;0;0;-1
0;56;-13.8239;-48.1376;-68.3368;8.5;2572.44;5.11093;0;0;0.1;0.01;0;5.7219;1;0;-1
0;57;-11.3441;-31.1854;-72.6083;8.91585;2968.77;5.36097;0;0;0.1;0.01;0;5.09803;0;0;-1
0;58;-12.7009;-15.0502;-70.9682;9.29638;3365.35;5.58978;0;0;0.1;0.01;0;6.58741;0;0;-1
0;59;-9.95221;1.96821;-71.776;9.45092;3535.99;5.6827;0;0;0.1;0.01;0;5.80855;0;0;-1
0;60;-11.6505;16.5893;-70.1451;8.82064;2874.68;5.30372;0;0;0.1;0.01;0;5.34749;0;0;-1
0;61;-11.8799;36.6279;-70.9312;9.09843;3154.92;5.47075;0;0;0.1;0.01;0;4.65102;0;0;-1
0;62;-10.7501;55.0835;-70.359;9.75011;3882.55;5.8626;0;0;0.1;0.01;0;3.31326;0;0;-1
0;63;2.17536;-56.2442;-69.0674;9.01971;3073.73;5.42342;0;0;0.1;0.01;0;4.7383;0;0;-1
0;64;3.94032;-40.1498;-72.0523;8.76763;2823.16;5.27185;0;0;0.1;0.01;0;5.19963;0;0;-1
0;65;2.71719;-22.8989;-68.5008;10.2393;4496.76;6.15674;0;0;0.1;0.01;0;7.06965;0;0;-1
0;66;4.34217;-7.97837;-72.0201;9.90275;4067.77;5.95438;0;0;0.1;0.01;0;6.59444;0;0;-1
0;67;2.35329;10.1659;-69.2135;8.5;2572.44;5.11093;0;0;0.1;0.01;0;4.96734;1;0;-1
0;68;4.4001;26.7902;-69.6913;8.5;2572.44;5.11093;0;0;0.1;0.01;0;4.49205;1;0;-1
0;69;4.43839;45.794;-70.5454;9.40266;3482.1;5.65368;0;0;0.1;0.01;0;6.07107;0;0;-1
0;70;3.50511;63.718;-70.1482;9.87208;4030.09;5.93594;0;0;0.1;0.01;0;3.45276;0;0;-1
0;71;16.3312;-66.2667;-69.8962;9.33398;3406.35;5.61239;0;0;0.1;0.01;0;2.89261;0;0;-1
0;72;15.9662;-47.1697;-70.9256;8.71329;2770.99;5.23917;0;0;0.1;0.01;0;4.75136;0;0;-1
0;73;19.2579;-30.2042;-70.8768;10.2304;4485.04;6.15139;0;0;0.1;0.01;0;6.88945;0;0;-1
0;74;16.4071;-14.0912;-69.232;8.5;2572.44;5.11093;0;0;0.1;0.01;0;6.69798;1;0;-1
0;75;16.9968;1.22179;-71.3276;9.24351;3308.26;5.55799;0;0;0.1;0.01;0;5.4411;0;0;-1
0;76;16.0009;18.2044;-69.204;8.72477;2781.96;5.24608;0;0;0.1;0.01;0;4.98835;0;0;-1
0;77;17.3075;35.4443;-70.6338;9.03495;3089.34;5.43258;0;0;0.1;0.01;0;5.48759;0;0;-1
0;78;19.4573;55.0749;-70.2798;10.194;4437.34;6.1295;0;0;0.1;0.01;0;4.06486;0;0;-1
0;79;31.0805;-57.7989;-69.4715;8.5;2572.44;5.11093;0;0;0.1;0.01;0;3.35954;1;0;-1
0;80;31.7656;-38.5288;-68.4276;9.87873;4038.24;5.93994;0;0;0.1;0.01;0;6.27434;0;0;-1
0;81;32.0137;-21.8266;-69.6438;8.5;2572.44;5.11093;0;0;0.1;0.01;0;4.93317;1;0;-1
0;82;33.3349;-6.34412;-68.8116;9.53103;3626.67;5.73087;0;0;0.1;0.01;0;5.56967;0;0;-1
0;83;30.5703;12.4409;-71.3002;9.73152;3860.39;5.85142;0;0;0.1;0.01;0;6.4532;0;0;-1
0;84;33.6236;28.6021;-68.5217;10.0382;4236.98;6.03582;0;0;0.1;0.01;0;6.88753;0;0;-1
0;85;34.0107;43.7436;-71.9721;8.5;2572.44;5.11093;0;0;0.1;0.01;0;4.23485;1;0;-1
0;86;46.3646;-51.2896;-68.9106;9.61922;3728.28;5.7839;0;0;0.1;0.01;0;2.75979;0;0;-1
0;87;45.9805;-30.4833;-71.9468;9.01313;3067.01;5.41946;0;0;0.1;0.01;0;4.33416;0;0;-1
0;88;47.5542;-13.4212;-72;9.9526;4129.51;5.98435;0;0;0.1;0.01;0;4.86591;0;0;-1
0;89;45.3304;1.65294;-69.0598;8.5;2572.44;5.11093;0;0;0.1;0.01;0;5.76208;1;0;-1
0;90;47.3074;17.1265;-68.9524;10.3912;4699.87;6.24808;0;0;0.1;0.01;0;6.38394;0;0;-1
0;91;48.9698;36.8801;-71.9498;10.2103;4458.66;6.13931;0;0;0.1;0.01;0;3.53548;0;0;-1
0;92;46.7025;54.1096;-68.9989;8.5;2572.44;5.11093;0;0;0.1;0.01;0;2.53772;1;0;-1
0;93;60.0241;-25.6682;-72.049;10.0688;4275.84;6.05422;0;0;0.1;0.01;0;2.75179;0;0;-1
0;94;62.5663;-5.6082;-71.9197;8.73835;2794.97;5.25424;0;0;0.1;0.01;0;2.33419;0;0;-1
0;95;61.3301;9.87377;-68.842;9.81409;3959.49;5.90107;0;0;0.1;0.01;0;3.63325;0;0;-1
0;96;-80.3931;-8.31377;-55.4068;9.69228;3813.88;5.82783;0;0;0.1;0.01;0;2.96311;0;0;-1
0;97;-80.1242;12.4649;-54.3331;8.7296;2786.58;5.24898;0;0;0.1;0.01;0;2.61269;0;0;-1
0;98;-65.7578;-48.4243;-54.2756;10.1245;4347.2;6.08771;0;0;0.1;0.01;0;4.6803;0;0;-1
0;99;-67.7008;-33.8784;-55.4083;8.95215;3005.18;5.3828;0;0;0.1;0.01;0;3.30514;0;0;-1
0;100;-65.554;-12.6466;-56.3779;8.50736;2579.13;5.11535;0;0;0.1;0.01;0;4.00141;0;0;-1
0;101;-64.5983;1.73487;-53.9622;9.72048;3847.26;5.84478;0;0;0.1;0.01;0;5.33385;0;0;-1
0;102;-68.0123;19.6487;-57.7813;8.68328;2742.46;5.22113;0;0;0.1;0.01;0;3.5339;0;0;-1
0;103;-66.4415;35.4393;-55.5492;8.5;2572.44;5.11093;0;0;0.1;0.01;0;3.4932;1;0;-1
0;104;-52.2524;-59.3442;-54.8728;9.7421;3872.99;5.85778;0;0;0.1;0.01;0;4.06019;0;0;-1
0;105;-52.914;-42.3681;-57.5607;8.54632;2614.73;5.13878;0;0;0.1;0.01;0;4.59355;0;0;-1
0;106;-51.3198;-24.6943;-57.8051;8.5;2572.44;5.11093;0;0;0.1;0.01;0;4.57003;1;0;-1
0;107;-49.8614;-4.79253;-57.1179;9.83619;3986.29;5.91436;0;0;0.1;0.01;0;6.42249;0;0;-1
0;108;-51.745;12.042;-54.3871;9.7551;3888.52;5.8656;0;0;0.1;0.01;0;7.06087;0;0;-1
0;109;-51.0316;27.8556;-57.8129;10.3779;4681.85;6.24008;0;0;0.1;0.01;0;6.92799;0;0;-1
0;110;-52.144;44.8045;-54.0104;9.75705;3890.85;5.86677;0;0;0.1;0.01;0;6.19842;0;0;-1
0;111;-50.5748;59.7312;-54.436;10.0947;4308.92;6.0698;0;0;0.1;0.01;0;5.15171;0;0;-1
0;112;-38.6607;-66.5834;-56.3487;9.78686;3926.62;5.8847;0;0;0.1;0.01;0;4.10179;0;0;-1
0;113;-38.3697;-51.0477;-54.5715;9.22818;3291.83;5.54877;0;0;0.1;0.01;0;5.19123;0;0;-1
0;114;-36.5528;-31.2263;-56.2464;9.62245;3732.03;5.78584;0;0;0.1;0.01;0;6.18237;0;0;-1
0;115;-36.5268;-14.8551;-55.794;10.2702;4537.59;6.17532;0;0;0.1;0.01;0;6.81718;0;0;-1
0;116;-37.7517;2.43896;-54.3743;8.98033;3033.65;5.39974;0;0;0.1;0.01;0;5.52448;0;0;-1
0;117;-36.0784;20.9974;-57.0185;10.2728;4541.04;6.17689;0;0;0.1;0.01;0;7.54137;0;0;-1
0;118;-35.2052;36.6525;-55.0667;8.75833;2814.18;5.26626;0;0;0.1;0.01;0;6.65506;0;0;-1
0;119;-36.9987;51.2794;-56.5086;10.0445;4244.96;6.03961;0;0;0.1;0.01;0;6.94538;0;0;-1
0;120;-35.93;70.3124;-57.9339;10.4064;4720.52;6.25722;0;0;0.1;0.01;0;4.27306;0;0;-1
0;121;-23.9319;-76.023;-57.3279;9.56038;3660.28;5.74852;0;0;0.1;0.01;0;3.14396;0;0;-1
0;122;-21.8297;-56.2143;-56.4039;9.42137;3502.92;5.66493;0;0;0.1;0.01;0;6.51122;0;0;-1
0;123;-21.0913;-40.4606;-54.8463;10.0066;4197.09;6.01682;0;0;0.1;0.01;0;6.98298;0;0;-1
0;124;-23.6202;-22.5395;-56.7405;9.91108;4078.04;5.95939;0;0;0.1;0.01;0;6.87631;0;0;-1
0;125;-21.5831;-7.15282;-56.3384;8.98657;3039.98;5.40349;0;0;0.1;0.01;0;5.63136;0;0;-1
0;126;-22.4099;8.99685;-55.9826;9.44496;3529.3;5.67912;0;0;0.1;0.01;0;4.80234;0;0;-1
0;127;-21.402;25.6003;-55.5889;8.61865;2681.68;5.18227;0;0;0.1;0.01;0;5.26704;0;0;-1
0;128;-21.7835;42.3079;-56.7036;8.5;2572.44;5.11093;0;0;0.1;0.01;0;5.12216;1;0;-1
0;129;-22.1159;63.2043;-54.4615;10.3642;4663.33;6.23184;0;0;0.1;0.01;0;7.1369;0;0;-1
0;130;-22.0257;77.9751;-57.0151;9.14647;3205.16;5.49964;0;0;0.1;0.01;0;3.52653;0;0;-1
0;131;-9.28197;-80.7825;-56.0059;8.5;2572.44;5.11093;0;0;0.1;0.01;0;2.47104;1;0;-1
0;132;-5.76919;-65.6692;-55.7492;9.0412;3095.76;5.43634;0;0;0.1;0.01;0;4.74652;0;0;-1
0;133;-6.23362;-47.1133;-55.1235;9.62786;3738.33;5.78909;0;0;0.1;0.01;0;5.88196;0;0;-1
0;134;-8.77259;-29.9222;-54.614;9.80216;3945.06;5.8939;0;0;0.1;0.01;0;5.57518;0;0;-1
0;135;-8.94332;-14.1378;-55.4252;8.61231;2675.76;5.17846;0;0;0.1;0.01;0;5.84058;0;0;-1
0;136;-7.06591;0.36843;-56.7185;8.5;2572.44;5.11093;0;0;0.1;0.01;0;5.33989;1;0;-1
0;137;-5.92441;20.9939;-55.152;10.3787;4682.93;6.24056;0;0;0.1;0.01;0;6.33287;0;0;-1
0;138;-8.23857;36.9519;-55.4913;10.3709;4672.38;6.23587;0;0;0.1;0.01;0;6.41139;0;0;-1
0;139;-5.83191;54.938;-55.1091;10.4463;4775.03;6.28121;0;0;0.1;0.01;0;6.18355;0;0;-1
0;140;-8.71782;70.3272;-55.1327;8.9171;2970.02;5.36172;0;0;0.1;0.01;0;3.30318;0;0;-1
0;141;8.9828;-74.325;-56.9046;8.95921;3012.3;5.38704;0;0;0.1;0.01;0;3.46744;0;0;-1
0;142;6.86161;-58.0828;-56.2131;9.9375;4110.74;5.97527;0;0;0.1;0.01;0;6.12504;0;0;-1
0;143;7.34573;-41.7026;-54.9296;8.5;2572.44;5.11093;0;0;0.1;0.01;0;4.38065;1;0;-1
0;144;9.40462;-22.7164;-56.6028;9.348;3421.72;5.62082;0;0;0.1;0.01;0;6.49469;0;0;-1
0;145;6.03114;-8.01463;-56.8601;9.37777;3454.52;5.63872;0;0;0.1;0.01;0;6.47229;0;0;-1
0;146;5.61166;9.72338;-55.2412;8.95394;3006.98;5.38387;0;0;0.1;0.01;0;4.28011;0;0;-1
0;147;8.44386;27.7499;-53.955;10.1128;4332.14;6.08068;0;0;0.1;0.01;0;6.67643;0;0;-1
0;148;8.53678;44.9739;-55.9738;10.2821;4553.38;6.18248;0;0;0.1;0.01;0;7.63883;0;0;-1
0;149;8.84067;59.8434;-57.7108;8.76315;2818.83;5.26915;0;0;0.1;0.01;0;5.81024;0;0;-1
0;150;8.56973;79.8428;-54.3441;9.33081;3402.88;5.61048;0;0;0.1;0.01;0;2.80756;0;0;-1
0;151;22.2788;-64.263;-56.66;9.79249;3933.4;5.88808;0;0;0.1;0.01;0;4.96767;0;0;-1
0;152;24.1775;-49.988;-53.7205;8.97699;3030.27;5.39773;0;0;0.1;0.01;0;5.4004;0;0;-1
0;153;20.2917;-32.6159;-55.2892;9.10775;3164.62;5.47636;0;0;0.1;0.01;0;5.1545;0;0;-1
0;154;20.5192;-12.7134;-57.3653;9.31056;3380.77;5.5983;0;0;0.1;0.01;0;6.00852;0;0;-1
0;155;23.63;1.42031;-56.4417;9.29185;3360.43;5.58705;0;0;0.1;0.01;0;5.67874;0;0;-1
0;156;23.752;20.6584;-55.7396;10.1452;4373.92;6.10016;0;0;0.1;0.01;0;6.42673;0;0;-1
0;157;22.6868;38.2414;-56.207;10.0929;4306.62;6.06871;0;0;0.1;0.01;0;7.04067;0;0;-1
0;158;22.9285;54.3766;-53.9777;10.4336;4757.64;6.27357;0;0;0.1;0.01;0;7.09892;0;0;-1
0;159;22.0534;70.5653;-57.6913;9.08793;3144.01;5.46444;0;0;0.1;0.01;0;2.47094;0;0;-1
0;160;38.5704;-56.0233;-56.4258;9.06067;3115.8;5.44805;0;0;0.1;0.01;0;4.55434;0;0;-1
0;161;34.9368;-38.3572;-54.7226;8.60039;2664.67;5.17129;0;0;0.1;0.01;0;5.32516;0;0;-1
0;162;38.5242;-25.1007;-56.4538;9.04343;3098.05;5.43768;0;0;0.1;0.01;0;5.6052;0;0;-1
0;163;37.2073;-5.69291;-54.8322;8.57831;2644.2;5.15801;0;0;0.1;0.01;0;5.96551;0;0;-1
0;164;38.459;8.33532;-55.41;9.23354;3297.56;5.55199;0;0;0.1;0.01;0;6.96351;0;0;-1
0;165;38.8666;25.4351;-54.6039;9.85015;4003.29;5.92275;0;0;0.1;0.01;0;6.32606;0;0;-1
0;166;36.7811;46.1498;-56.6515;9.17439;3234.6;5.51643;0;0;0.1;0.01;0;5.8549;0;0;-1
0;167;36.3653;60.7339;-54.1169;8.5;2572.44;5.11093;0;0;0.1;0.01;0;4.54078;1;0;-1
0;168;52.8838;-50.9579;-56.0601;8.97539;3028.65;5.39677;0;0;0.1;0.01;0;3.28688;0;0;-1
0;169;52.067;-31.0888;-54.1381;9.95776;4135.93;5.98746;0;0;0.1;0.01;0;5.7316;0;0;-1
0;170;52.9132;-15.0632;-54.3827;8.5;2572.44;5.11093;0;0;0.1;0.01;0;5.22887;1;0;-1
0;171;52.2498;0.03844;-54.3891;9.99184;4178.54;6.00795;0;0;0.1;0.01;0;7.51523;0;0;-1
0;172;51.19;18.0898;-56.0418;9.0008;3054.44;5.41205;0;0;0.1;0.01;0;6.7902;0;0;-1
0;173;52.9432;34.0793;-55.7648;9.24176;3306.38;5.55694;0;0;0.1;0.01;0;5.3103;0;0;-1
0;174;52.7002;55.2591;-56.5053;10.1122;4331.37;6.08032;0;0;0.1;0.01;0;4.26867;0;0;-1
0;175;64.6147;-40.8738;-56.6705;9.03274;3087.07;5.43126;0;0;0.1;0.01;0;2.99554;0;0;-1
0;176;67.2822;-25.0826;-56.105;9.38578;3463.38;5.64353;0;0;0.1;0.01;0;4.42114;0;0;-1
0;177;67.7718;-4.49972;-55.1268;8.5;2572.44;5.11093;0;0;0.1;0.01;0;5.13915;1;0;-1
0;178;65.8323;11.9937;-53.8061;9.54477;3642.38;5.73913;0;0;0.1;0.01;0;5.87347;0;0;-1
0;179;66.0089;26.6448;-55.2796;8.5;2572.44;5.11093;0;0;0.1;0.01;0;3.88989;1;0;-1
0;180;64.7699;46.0658;-54.3186;9.81335;3958.59;5.90062;0;0;0.1;0.01;0;3.39675;0;0;-1
0;181;79.7153;-16.8506;-56.7576;10.1836;4423.77;6.12325;0;0;0.1;0.01;0;2.82713;0;0;-1
0;182;82.2228;1.1222;-54.4705;8.92226;2975.18;5.36483;0;0;0.1;0.01;0;2.82625;0;0;-1
0;183;-87.5163;-21.6612;-40.6267;9.37018;3446.14;5.63415;0;0;0.1;0.01;0;3.14543;0;0;-1
0;184;-84.1163;-8.17221;-40.1258;10.0307;4227.49;6.03131;0;0;0.1;0.01;0;5.21916;0;0;-1
0;185;-86.3098;12.3524;-39.6293;9.63572;3747.5;5.79382;0;0;0.1;0.01;0;4.43958;0;0;-1
0;186;-86.6558;29.3381;-39.2293;9.84885;4001.71;5.92197;0;0;0.1;0.01;0;3.0042;0;0;-1
0;187;-70.1793;-48.0404;-39.6406;8.5;2572.44;5.11093;0;0;0.1;0.01;0;4.05776;1;0;-1
0;188;-72.1226;-33.9473;-41.5617;10.2288;4482.94;6.15043;0;0;0.1;0.01;0;5.02562;0;0;-1
0;189;-71.5931;-14.5698;-41.6312;8.5;2572.44;5.11093;0;0;0.1;0.01;0;5.38587;1;0;-1
0;190;-72.6793;3.61465;-40.9307;10.2704;4537.86;6.17544;0;0;0.1;0.01;0;7.38515;0;0;-1
0;191;-70.5072;19.0711;-42.0657;9.73679;3866.66;5.85459;0;0;0.1;0.01;0;6.24185;0;0;-1
0;192;-69.9874;37.0797;-42.918;9.92192;4091.44;5.96591;0;0;0.1;0.01;0;5.68443;0;0;-1
0;193;-72.6576;51.3909;-41.1063;9.59208;3696.81;5.76758;0;0;0.1;0.01;0;3.09319;0;0;-1
0;194;-56.9543;-59.2046;-39.9308;10.3288;4615.71;6.21056;0;0;0.1;0.01;0;5.25;0;0;-1
0;195;-56.7236;-39.4597;-41.8745;9.50868;3601.22;5.71743;0;0;0.1;0.01;0;6.64082;0;0;-1
0;196;-54.1623;-24.6432;-40.9074;9.31218;3382.54;5.59928;0;0;0.1;0.01;0;5.42099;0;0;-1
0;197;-57.4614;-7.33003;-42.0165;10.0834;4294.47;6.063;0;0;0.1;0.01;0;6.9907;0;0;-1
0;198;-55.0617;9.53914;-39.8519;10.2811;4552.05;6.18188;0;0;0.1;0.01;0;6.71548;0;0;-1
0;199;-55.5408;25.8738;-41.5475;9.89022;4052.35;5.94685;0;0;0.1;0.01;0;6.11522;0;0;-1
0;200;-56.9741;42.6505;-40.1051;9.6706;3788.34;5.81479;0;0;0.1;0.01;0;6.52719;0;0;-1
0;201;-54.2535;60.4471;-39.5941;9.62047;3729.73;5.78465;0;0;0.1;0.01;0;5.24111;0;0;-1
0;202;-40.5192;-80.6267;-40.9865;8.5;2572.44;5.11093;0;0;0.1;0.01;0;2.97061;1;0;-1
0;203;-41.6804;-65.8987;-39.2322;9.46189;3548.32;5.6893;0;0;0.1;0.01;0;6.38237;0;0;-1
0;204;-43.0553;-47.5212;-41.7185;8.5;2572.44;5.11093;0;0;0.1;0.01;0;4.9012;1;0;-1
0;205;-42.5721;-31.691;-42.2028;8.64528;2706.61;5.19828;0;0;0.1;0.01;0;5.09527;0;0;-1
0;206;-40.2506;-13.454;-40.6513;9.60474;3711.47;5.77519;0;0;0.1;0.01;0;6.10473;0;0;-1
0;207;-42.0129;1.95014;-39.9948;9.25091;3316.21;5.56244;0;0;0.1;0.01;0;6.47656;0;0;-1
0;208;-41.7817;19.6582;-42.4152;8.59492;2659.59;5.168;0;0;0.1;0.01;0;5.91376;0;0;-1
0;209;-41.453;34.4589;-41.4096;8.78789;2842.77;5.28403;0;0;0.1;0.01;0;5.64247;0;0;-1
0;210;-40.2706;53.616;-41.2181;9.53739;3633.94;5.73469;0;0;0.1;0.01;0;7.07343;0;0;-1
0;211;-40.8083;68.4777;-42.1389;10.3601;4657.8;6.22938;0;0;0.1;0.01;0;6.082;0;0;-1
0;212;-27.6613;-72.9658;-42.8782;9.39388;3472.35;5.6484;0;0;0.1;0.01;0;6.10781;0;0;-1
0;213;-28.1437;-57.7301;-40.4578;10.4418;4768.86;6.2785;0;0;0.1;0.01;0;7.09401;0;0;-1
0;214;-25.2978;-38.5066;-42.3691;9.23225;3296.18;5.55122;0;0;0.1;0.01;0;5.3279;0;0;-1
0;215;-25.0109;-22.3745;-39.8178;9.9908;4177.24;6.00732;0;0;0.1;0.01;0;6.39009;0;0;-1
0;216;-24.7476;-5.17698;-40.6578;8.87426;2927.42;5.33596;0;0;0.1;0.01;0;5.61538;0;0;-1
0;217;-25.4499;9.76077;-41.0451;8.5;2572.44;5.11093;0;0;0.1;0.01;0;4.04192;1;0;-1
0;218;-28.1739;27.0158;-42.0178;9.3773;3454;5.63843;0;0;0.1;0.01;0;5.48942;0;0;-1
0;219;-27.2201;44.1222;-42.0965;9.59228;3697.04;5.7677;0;0;0.1;0.01;0;6.1056;0;0;-1
0;220;-27.5591;60.5342;-40.7643;9.41372;3494.4;5.66033;0;0;0.1;0.01;0;7.06689;0;0;-1
0;221;-25.0152;77.1691;-42.0803;9.57316;3674.98;5.7562;0;0;0.1;0.01;0;5.2446;0;0;-1
0;222;-12.9892;-83.1442;-42.1682;8.61093;2674.48;5.17763;0;0;0.1;0.01;0;4.03651;0;0;-1
0;223;-12.9491;-67.6057;-39.7405;10.0617;4266.8;6.04995;0;0;0.1;0.01;0;6.69677;0;0;-1
0;224;-12.3957;-49.3778;-41.8382;9.18212;3242.78;5.52108;0;0;0.1;0.01;0;5.3199;0;0;-1
0;225;-9.78563;-33.3278;-39.8341;9.50911;3601.71;5.71769;0;0;0.1;0.01;0;6.1177;0;0;-1
0;226;-13.0673;-15.5107;-40.7606;8.69144;2750.2;5.22604;0;0;0.1;0.01;0;6.37367;0;0;-1
0;227;-11.0662;0.258579;-41.4514;8.66025;2720.7;5.20728;0;0;0.1;0.01;0;5.4543;0;0;-1
0;228;-12.5368;20.0315;-39.3403;9.95302;4130.03;5.98461;0;0;0.1;0.01;0;6.1603;0;0;-1
0;229;-9.96335;34.3131;-39.7627;8.5;2572.44;5.11093;0;0;0.1;0.01;0;6.08818;1;0;-1
0;230;-11.5632;52.9647;-39.3566;10.1789;4417.65;6.12042;0;0;0.1;0.01;0;6.4707;0;0;-1
0;231;-11.0957;70.7607;-40.0354;9.43087;3513.53;5.67065;0;0;0.1;0.01;0;5.57614;0;0;-1
0;232;-9.78732;87.1036;-39.9615;8.5;2572.44;5.11093;0;0;0.1;0.01;0;2.38819;1;0;-1
0;233;2.81931;-89.5396;-42.0567;9.11671;3173.97;5.48175;0;0;0.1;0.01;0;2.88203;0;0;-1
0;234;4.67691;-74.9318;-41.1666;8.55271;2620.59;5.14262;0;0;0.1;0.01;0;5.17747;0;0;-1
0;235;2.00888;-59.7581;-39.3757;9.47364;3561.55;5.69636;0;0;0.1;0.01;0;5.42015;0;0;-1
0;236;3.62824;-40.7682;-39.8037;8.5;2572.44;5.11093;0;0;0.1;0.01;0;4.85049;1;0;-1
0;237;4.67426;-25.2819;-39.5115;9.5216;3615.92;5.7252;0;0;0.1;0.01;0;6.13807;0;0;-1
0;238;1.23538;-8.07889;-42.4296;10.2613;4525.8;6.16997;0;0;0.1;0.01;0;6.26713;0;0;-1
0;239;3.21784;10.4469;-41.009;8.61838;2681.42;5.18211;0;0;0.1;0.01;0;4.3695;0;0;-1
0;240;4.07199;27.1872;-39.4769;8.90471;2957.66;5.35427;0;0;0.1;0.01;0;6.72798;0;0;-1
0;241;1.22665;43.0285;-40.2773;10.0973;4312.25;6.07136;0;0;0.1;0.01;0;7.97721;0;0;-1
0;242;1.52015;60.6235;-40.9752;8.5;2572.44;5.11093;0;0;0.1;0.01;0;5.36319;1;0;-1
0;243;3.95314;76.3828;-41.0739;9.14274;3201.24;5.4974;0;0;0.1;0.01;0;5.26576;0;0;-1
0;244;17.6724;-82.3256;-42.0945;8.5;2572.44;5.11093;0;0;0.1;0.01;0;3.293;1;0;-1
0;245;18.2141;-65.453;-39.2904;10.2625;4527.39;6.17069;0;0;0.1;0.01;0;5.8845;0;0;-1
0;246;17.9182;-46.4597;-40.8014;8.89095;2943.97;5.346;0;0;0.1;0.01;0;5.26725;0;0;-1
0;247;17.8373;-31.7603;-41.1637;8.5;2572.44;5.11093;0;0;0.1;0.01;0;5.83735;1;0;-1
0;248;19.0991;-15.4952;-41.7726;9.48375;3572.97;5.70244;0;0;0.1;0.01;0;5.92403;0;0;-1
0;249;19.75;1.94058;-42.1544;9.10927;3166.21;5.47727;0;0;0.1;0.01;0;4.69282;0;0;-1
0;250;17.6671;17.7317;-40.5197;9.27102;3337.88;5.57453;0;0;0.1;0.01;0;5.59918;0;0;-1
0;251;19.0263;36.7141;-42.8401;9.9124;4079.67;5.96018;0;0;0.1;0.01;0;7.63462;0;0;-1
0;252;16.7952;52.0138;-39.6931;10.0976;4312.64;6.07154;0;0;0.1;0.01;0;7.44251;0;0;-1
0;253;18.7587;68.468;-41.1975;10.3155;4597.9;6.20256;0;0;0.1;0.01;0;5.94247;0;0;-1
0;254;16.4148;87.4189;-41.128;10.0767;4285.92;6.05897;0;0;0.1;0.01;0;3.14579;0;0;-1
0;255;32.9512;-75.6303;-42.5054;8.64912;2710.22;5.20059;0;0;0.1;0.01;0;2.2513;0;0;-1
0;256;30.5612;-56.4941;-40.5237;9.0958;3152.18;5.46917;0;0;0.1;0.01;0;6.27818;0;0;-1
0;257;33.7145;-41.1821;-40.4676;10.005;4195.08;6.01586;0;0;0.1;0.01;0;7.65186;0;0;-1
0;258;32.7729;-25.2913;-41.5673;10.1242;4346.81;6.08753;0;0;0.1;0.01;0;7.40541;0;0;-1
0;259;33.7363;-8.05238;-42.0286;8.5;2572.44;5.11093;0;0;0.1;0.01;0;4.72512;1;0;-1
0;260;33.8452;10.0392;-42.288;8.5;2572.44;5.11093;0;0;0.1;0.01;0;5.10278;1;0;-1
0;261;33.8464;29.5201;-39.8747;8.93213;2985.06;5.37076;0;0;0.1;0.01;0;6.03499;0;0;-1
0;262;32.947;46.1543;-39.4226;10.038;4236.72;6.0357;0;0;0.1;0.01;0;7.76712;0;0;-1
0;263;33.9173;60.0847;-39.7029;9.38769;3465.49;5.64468;0;0;0.1;0.01;0;6.20805;0;0;-1
0;264;33.5528;79.8413;-40.4304;8.95437;3007.42;5.38413;0;0;0.1;0.01;0;2.7439;0;0;-1
0;265;47.8276;-65.2736;-41.604;8.94443;2997.41;5.37816;0;0;0.1;0.01;0;2.46476;0;0;-1
0;266;47.1425;-47.7057;-39.9514;9.52788;3623.08;5.72898;0;0;0.1;0.01;0;5.80237;0;0;-1
0;267;47.7643;-30.2386;-39.2214;10.3176;4600.71;6.20382;0;0;0.1;0.01;0;7.65909;0;0;-1
0;268;46.7898;-14.9391;-42.5858;10.067;4273.55;6.05314;0;0;0.1;0.01;0;7.7779;0;0;-1
0;269;46.0826;2.87841;-42.1862;8.5;2572.44;5.11093;0;0;0.1;0.01;0;6.1998;1;0;-1
0;270;47.7576;16.8702;-43.0387;10.1627;4396.59;6.11068;0;0;0.1;0.01;0;7.43836;0;0;-1
0;271;46.8467;37.9661;-41.1001;9.52653;3621.54;5.72816;0;0;0.1;0.01;0;6.19088;0;0;-1
0;272;46.7024;52.1425;-42.8755;9.67637;3795.12;5.81826;0;0;0.1;0.01;0;6.60488;0;0;-1
0;273;46.8345;69.2612;-39.8982;9.92643;4097.02;5.96862;0;0;0.1;0.01;0;4.49618;0;0;-1
0;274;60.3771;-55.364;-39.3257;9.8308;3979.74;5.91112;0;0;0.1;0.01;0;4.74536;0;0;-1
0;275;63.9931;-41.6872;-39.8291;8.94562;2998.61;5.37887;0;0;0.1;0.01;0;4.28163;0;0;-1
0;276;61.2111;-23.3562;-39.8326;8.55006;2618.16;5.14103;0;0;0.1;0.01;0;5.54245;0;0;-1
0;277;63.416;-7.79369;-42.3274;9.67674;3795.56;5.81848;0;0;0.1;0.01;0;6.80241;0;0;-1
0;278;63.6007;8.2289;-39.4688;10.0114;4203.13;6.01971;0;0;0.1;0.01;0;6.56005;0;0;-1
0;279;63.023;26.1881;-42.2753;10.0357;4233.81;6.03432;0;0;0.1;0.01;0;6.07417;0;0;-1
0;280;61.5497;42.1345;-41.2004;8.88075;2933.85;5.33987;0;0;0.1;0.01;0;5.08314;0;0;-1
0;281;62.001;60.4276;-42.4623;9.23144;3295.32;5.55073;0;0;0.1;0.01;0;3.67619;0;0;-1
0;282;74.9461;-32.4954;-43.17;9.0112;3065.04;5.4183;0;0;0.1;0.01;0;3.21746;0;0;-1
0;283;77.7421;-14.9997;-41.1163;8.62851;2690.89;5.1882;0;0;0.1;0.01;0;4.46622;0;0;-1
0;284;76.3303;-0.0859575;-41.467;10.2851;4557.37;6.18428;0;0;0.1;0.01;0;6.87664;0;0;-1
0;285;78.7412;19.7274;-42.8226;8.99017;3043.63;5.40566;0;0;0.1;0.01;0;3.33104;0;0;-1
0;286;76.5336;34.3404;-41.9453;9.23964;3304.1;5.55566;0;0;0.1;0.01;0;3.54231;0;0;-1
0;287;90.5172;-4.56363;-40.5342;8.7003;2758.62;5.23136;0;0;0.1;0.01;0;2.23194;0;0;-1
0;288;-95.1336;-13.5111;-24.7003;8.77145;2826.85;5.27415;0;0;0.1;0.01;0;3.17431;0;0;-1
0;289;-95.6333;1.24992;-26.0972;9.92316;4092.97;5.96665;0;0;0.1;0.01;0;3.87478;0;0;-1
0;290;-80.8679;-41.5026;-24.6618;9.90428;4069.65;5.9553;0;0;0.1;0.01;0;2.88609;0;0;-1
0;291;-81.7956;-23.439;-27.3433;9.5595;3659.27;5.74799;0;0;0.1;0.01;0;3.86434;0;0;-1
0;292;-78.9092;-4.65531;-26.4878;10.0423;4242.17;6.03829;0;0;0.1;0.01;0;5.59084;0;0;-1
0;293;-82.5726;10.9683;-26.4513;10.1274;4350.93;6.08946;0;0;0.1;0.01;0;6.28585;0;0;-1
0;294;-82.4147;27.6828;-25.1466;10.0349;4232.8;6.03384;0;0;0.1;0.01;0;5.02697;0;0;-1
0;295;-80.4034;44.5604;-28.1099;9.88358;4044.19;5.94285;0;0;0.1;0.01;0;3.28431;0;0;-1
0;296;-64.0838;-67.8784;-25.9925;8.5;2572.44;5.11093;0;0;0.1;0.01;0;2.51811;1;0;-1
0;297;-64.3807;-48.9959;-26.1292;8.77835;2833.53;5.27829;0;0;0.1;0.01;0;4.35791;0;0;-1
0;298;-64.5285;-31.2631;-25.4611;9.74862;3880.77;5.8617;0;0;0.1;0.01;0;5.46708;0;0;-1
0;299;-64.4861;-12.8941;-26.9888;9.28066;3348.31;5.58033;0;0;0.1;0.01;0;5.55711;0;0;-1
0;300;-66.077;4.44521;-26.0308;8.5;2572.44;5.11093;0;0;0.1;0.01;0;5.93997;1;0;-1
0;301;-65.4699;20.2222;-26.9361;8.59094;2655.89;5.16561;0;0;0.1;0.01;0;5.71353;0;0;-1
0;302;-64.6878;35.2191;-27.1733;10.0497;4251.56;6.04274;0;0;0.1;0.01;0;6.31067;0;0;-1
0;303;-64.5488;50.9155;-26.2296;9.27992;3347.51;5.57988;0;0;0.1;0.01;0;5.74926;0;0;-1
0;304;-66.6799;68.6684;-26.71;9.4554;3541.02;5.68539;0;0;0.1;0.01;0;2.14932;0;0;-1
0;305;-49.7091;-72.4985;-27.7886;8.99661;3050.18;5.40953;0;0;0.1;0.01;0;5.22876;0;0;-1
0;306;-49.6179;-58.1741;-26.2904;9.25063;3315.91;5.56227;0;0;0.1;0.01;0;6.29392;0;0;-1
0;307;-51.5433;-39.7129;-26.3449;9.3425;3415.69;5.61751;0;0;0.1;0.01;0;6.00784;0;0;-1
0;308;-52.4134;-23.119;-27.5498;9.77632;3913.95;5.87836;0;0;0.1;0.01;0;6.55467;0;0;-1
0;309;-50.4832;-7.0333;-27.8117;9.73264;3861.72;5.8521;0;0;0.1;0.01;0;6.61024;0;0;-1
0;310;-53.0209;8.65126;-26.3286;8.9409;2993.87;5.37603;0;0;0.1;0.01;0;5.48878;0;0;-1
0;311;-51.1173;26.7876;-24.4709;9.14375;3202.3;5.498;0;0;0.1;0.01;0;5.5783;0;0;-1
0;312;-49.9884;45.5101;-24.873;9.78011;3918.5;5.88064;0;0;0.1;0.01;0;7.33744;0;0;-1
0;313;-50.6662;62.4874;-25.5797;8.75947;2815.28;5.26694;0;0;0.1;0.01;0;6.08431;0;0;-1
0;314;-51.7949;78.485;-28.2641;8.72318;2780.44;5.24512;0;0;0.1;0.01;0;2.65034;0;0;-1
0;315;-36.4343;-82.1741;-26.5205;10.3133;4594.96;6.20124;0;0;0.1;0.01;0;6.19469;0;0;-1
0;316;-34.9851;-67.3049;-26.8075;8.88636;2939.41;5.34324;0;0;0.1;0.01;0;6.98994;0;0;-1
0;317;-38.3671;-47.1072;-27.1474;10.1598;4392.83;6.10894;0;0;0.1;0.01;0;5.71152;0;0;-1
0;318;-36.0569;-30.0843;-26.0733;9.32899;3400.89;5.60939;0;0;0.1;0.01;0;6.11514;0;0;-1
0;319;-34.6344;-13.7587;-26.8045;8.77558;2830.85;5.27663;0;0;0.1;0.01;0;5.01442;0;0;-1
0;320;-36.5852;4.31556;-27.4519;8.5;2572.44;5.11093;0;0;0.1;0.01;0;4.19262;1;0;-1
0;321;-38.3594;18.5466;-27.4775;9.50184;3593.45;5.71332;0;0;0.1;0.01;0;5.45311;0;0;-1
0;322;-38.2436;34.5878;-25.1762;8.5;2572.44;5.11093;0;0;0.1;0.01;0;5.50121;1;0;-1
0;323;-37.6483;52.2768;-27.8641;9.223;3286.29;5.54566;0;0;0.1;0.01;0;6.07406;0;0;-1
0;324;-38.2078;67.7261;-25.7599;8.5;2572.44;5.11093;0;0;0.1;0.01;0;4.48537;1;0;-1
0;325;-35.5387;85.8473;-24.9491;10.2803;4550.99;6.1814;0;0;0.1;0.01;0;3.74687;0;0;-1
0;326;-21.7837;-90.7765;-25.2863;10.3383;4628.45;6.21627;0;0;0.1;0.01;0;3.98804;0;0;-1
0;327;-20.5846;-73.0897;-27.0232;10.1729;4409.84;6.11682;0;0;0.1;0.01;0;8.27725;0;0;-1
0;328;-20.344;-59.1621;-26.3109;9.74517;3876.65;5.85963;0;0;0.1;0.01;0;7.26677;0;0;-1
0;329;-22.0162;-40.5851;-26.6573;8.61701;2680.15;5.18128;0;0;0.1;0.01;0;4.98749;0;0;-1
0;330;-21.3616;-21.103;-24.9751;10.094;4308.03;6.06938;0;0;0.1;0.01;0;6.84132;0;0;-1
0;331;-19.7223;-5.48203;-28.0828;8.5;2572.44;5.11093;0;0;0.1;0.01;0;4.64793;1;0;-1
0;332;-21.3085;11.8061;-25.7669;8.5;2572.44;5.11093;0;0;0.1;0.01;0;4.00181;1;0;-1
0;333;-22.7726;28.7602;-27.7837;8.64731;2708.52;5.1995;0;0;0.1;0.01;0;5.10189;0;0;-1
0;334;-21.2678;44.7713;-27.8788;9.74786;3879.86;5.86125;0;0;0.1;0.01;0;5.84167;0;0;-1
0;335;-21.6906;62.1739;-26.6123;9.66986;3787.47;5.81435;0;0;0.1;0.01;0;6.33893;0;0;-1
0;336;-22.8403;78.7622;-27.9111;9.43208;3514.88;5.67137;0;0;0.1;0.01;0;5.63129;0;0;-1
0;337;-5.94372;-81.2662;-28.6473;9.37792;3454.68;5.63881;0;0;0.1;0.01;0;6.09297;0;0;-1
0;338;-7.91027;-66.6043;-26.3343;9.47884;3567.42;5.69949;0;0;0.1;0.01;0;6.68989;0;0;-1
0;339;-8.56262;-48.5903;-24.3832;9.13807;3196.33;5.49459;0;0;0.1;0.01;0;5.18652;0;0;-1
0;340;-8.20346;-29.6886;-25.5419;8.77274;2828.1;5.27492;0;0;0.1;0.01;0;5.56679;0;0;-1
0;341;-6.01198;-13.3228;-27.8159;9.41095;3491.31;5.65867;0;0;0.1;0.01;0;6.5972;0;0;-1
0;342;-5.49641;1.9287;-27.6466;8.53399;2603.42;5.13136;0;0;0.1;0.01;0;5.70988;0;0;-1
0;343;-6.60968;21.1254;-25.6284;9.60397;3710.57;5.77473;0;0;0.1;0.01;0;6.70097;0;0;-1
0;344;-7.09206;35.4071;-27.0978;9.34522;3418.67;5.61915;0;0;0.1;0.01;0;7.48382;0;0;-1
0;345;-7.93038;51.5138;-26.0284;8.65073;2711.73;5.20156;0;0;0.1;0.01;0;5.61057;0;0;-1
0;346;-9.3449;72.1647;-24.4871;8.6207;2683.59;5.1835;0;0;0.1;0.01;0;5.03881;0;0;-1
0;347;-9.0988;88.241;-25.6715;8.64271;2704.2;5.19674;0;0;0.1;0.01;0;3.97091;0;0;-1
0;348;9.34563;-90.4751;-25.4109;10.3115;4592.55;6.20016;0;0;0.1;0.01;0;4.27633;0;0;-1
0;349;6.59592;-75.7938;-25.319;9.7822;3921.01;5.88189;0;0;0.1;0.01;0;6.67498;0;0;-1
0;350;9.44366;-58.6625;-25.7688;9.33001;3402;5.61;0;0;0.1;0.01;0;5.80905;0;0;-1
0;351;5.72662;-40.0318;-25.398;9.62018;3729.39;5.78447;0;0;0.1;0.01;0;6.09775;0;0;-1
0;352;8.2649;-25.5191;-26.5931;8.72878;2785.8;5.24849;0;0;0.1;0.01;0;5.86016;0;0;-1
0;353;9.02442;-8.76498;-27.6946;10.2426;4501.11;6.15873;0;0;0.1;0.01;0;6.79837;0;0;-1
0;354;5.51467;9.93552;-25.513;9.14542;3204.05;5.49901;0;0;0.1;0.01;0;4.58383;0;0;-1
0;355;9.43651;29.3283;-27.6646;10.081;4291.4;6.06156;0;0;0.1;0.01;0;6.86171;0;0;-1
0;356;6.25301;44.0464;-25.2437;10.3766;4680.09;6.2393;0;0;0.1;0.01;0;7.2008;0;0;-1
0;357;6.86974;63.4097;-24.6229;10.1832;4423.25;6.12301;0;0;0.1;0.01;0;6.80671;0;0;-1
0;358;5.897;78.2844;-28.0024;9.05381;3108.73;5.44392;0;0;0.1;0.01;0;5.55924;0;0;-1
0;359;8.24243;95.617;-26.8448;10.0208;4214.98;6.02536;0;0;0.1;0.01;0;2.99729;0;0;-1
0;360;22.5771;-82.3645;-25.2164;9.14669;3205.39;5.49977;0;0;0.1;0.01;0;4.6594;0;0;-1
0;361;23.6991;-65.8992;-25.4741;9.51617;3609.73;5.72193;0;0;0.1;0.01;0;5.43806;0;0;-1
0;362;23.2759;-47.2911;-27.4331;10.114;4333.69;6.0814;0;0;0.1;0.01;0;6.25825;0;0;-1
0;363;22.7889;-31.7591;-26.046;9.7203;3847.05;5.84468;0;0;0.1;0.01;0;6.89683;0;0;-1
0;364;22.1294;-16.0932;-25.5862;10.0142;4206.66;6.02139;0;0;0.1;0.01;0;6.73087;0;0;-1
0;365;22.3181;1.01478;-26.8045;9.03568;3090.09;5.43302;0;0;0.1;0.01;0;5.17152;0;0;-1
0;366;23.3901;18.1916;-28.0175;9.62583;3735.97;5.78787;0;0;0.1;0.01;0;6.25541;0;0;-1
0;367;23.2474;34.9372;-27.5242;9.48752;3577.23;5.70471;0;0;0.1;0.01;0;7.4198;0;0;-1
0;368;20.5944;51.1112;-24.5178;9.78732;3927.17;5.88497;0;0;0.1;0.01;0;6.26174;0;0;-1
0;369;20.2912;69.154;-26.9523;9.41126;3491.66;5.65885;0;0;0.1;0.01;0;5.36225;0;0;-1
0;370;23.3596;84.573;-24.8047;9.48309;3572.22;5.70204;0;0;0.1;0.01;0;4.90137;0;0;-1
0;371;38.066;-75.9981;-27.1021;9.08221;3138.07;5.461;0;0;0.1;0.01;0;3.93969;0;0;-1
0;372;35.2268;-56.92;-27.0382;8.68961;2748.46;5.22494;0;0;0.1;0.01;0;5.60465;0;0;-1
0;373;37.5313;-39.9445;-26.8233;9.92192;4091.44;5.96591;0;0;0.1;0.01;0;7.96611;0;0;-1
0;374;37.6926;-23.1662;-27.6896;9.98008;4163.81;6.00088;0;0;0.1;0.01;0;7.59062;0;0;-1
0;375;37.4579;-7.20874;-24.8392;9.68117;3800.77;5.82115;0;0;0.1;0.01;0;6.57056;0;0;-1
0;376;35.1294;8.91583;-26.7912;8.8148;2868.97;5.30021;0;0;0.1;0.01;0;5.30922;0;0;-1
0;377;37.2274;25.3881;-24.7104;9.96675;4147.15;5.99286;0;0;0.1;0.01;0;6.8795;0;0;-1
0;378;37.0135;42.14;-27.0972;9.84583;3998.03;5.92015;0;0;0.1;0.01;0;6.57906;0;0;-1
0;379;38.4491;63.6767;-24.9007;8.5;2572.44;5.11093;0;0;0.1;0.01;0;4.58631;1;0;-1
0;380;36.7463;78.8098;-24.877;8.5;2572.44;5.11093;0;0;0.1;0.01;0;4.35203;1;0;-1
0;381;50.4406;-66.6534;-24.7844;10.2137;4463.11;6.14135;0;0;0.1;0.01;0;5.56954;0;0;-1
0;382;49.9661;-50.7725;-25.2914;10.1728;4409.71;6.11676;0;0;0.1;0.01;0;6.85182;0;0;-1
0;383;50.0706;-33.4161;-25.0331;8.55599;2623.61;5.14459;0;0;0.1;0.01;0;5.20381;0;0;-1
0;384;52.713;-15.5652;-26.8553;9.21838;3281.35;5.54288;0;0;0.1;0.01;0;6.26008;0;0;-1
0;385;51.8205;1.73363;-28.3328;10.0155;4208.3;6.02217;0;0;0.1;0.01;0;7.16935;0;0;-1
0;386;50.1109;17.7966;-28.515;9.04577;3100.45;5.43909;0;0;0.1;0.01;0;6.16814;0;0;-1
0;387;50.3086;34.8922;-25.0706;9.38364;3461.01;5.64225;0;0;0.1;0.01;0;5.57653;0;0;-1
0;388;52.978;54.7677;-24.6931;8.65695;2717.59;5.2053;0;0;0.1;0.01;0;4.39653;0;0;-1
0;389;52.2025;72.6213;-26.9411;9.78828;3928.33;5.88555;0;0;0.1;0.01;0;4.37804;0;0;-1
0;390;66.3645;-59.2038;-27.6304;8.99162;3045.11;5.40653;0;0;0.1;0.01;0;4.13212;0;0;-1
0;391;66.6321;-42.2224;-25.04;8.84857;2902.07;5.32052;0;0;0.1;0.01;0;5.48405;0;0;-1
0;392;67.4851;-23.2464;-24.8686;10.3678;4668.19;6.23401;0;0;0.1;0.01;0;6.53766;0;0;-1
0;393;65.5587;-5.60127;-26.9282;8.9529;3005.94;5.38325;0;0;0.1;0.01;0;6.84025;0;0;-1
0;394;66.5818;9.45549;-25.0965;9.2484;3313.51;5.56093;0;0;0.1;0.01;0;5.82291;0;0;-1
0;395;64.8742;25.4099;-25.6055;9.8348;3984.6;5.91352;0;0;0.1;0.01;0;4.80923;0;0;-1
0;396;66.3777;46.5043;-25.9035;10.0347;4232.55;6.03372;0;0;0.1;0.01;0;5.81686;0;0;-1
0;397;65.0736;62.2765;-27.517;10.0508;4252.95;6.0434;0;0;0.1;0.01;0;4.97004;0;0;-1
0;398;79.4147;-51.2643;-25.8165;10.1042;4321.1;6.07551;0;0;0.1;0.01;0;2.1794;0;0;-1
0;399;81.8831;-34.2056;-24.8291;10.2512;4512.45;6.1639;0;0;0.1;0.01;0;3.41354;0;0;-1
0;400;80.7507;-16.8104;-25.3447;8.88357;2936.64;5.34156;0;0;0.1;0.01;0;4.47052;0;0;-1
0;401;79.7976;-0.233298;-26.2382;9.30496;3374.68;5.59494;0;0;0.1;0.01;0;4.87276;0;0;-1
0;402;83.2167;17.7933;-25.2699;9.79833;3940.44;5.89159;0;0;0.1;0.01;0;4.14545;0;0;-1
0;403;79.097;33.7653;-27.9968;8.5;2572.44;5.11093;0;0;0.1;0.01;0;3.36523;1;0;-1
0;404;79.3721;54.6255;-26.5444;10.3516;4646.34;6.22427;0;0;0.1;0.01;0;2.70757;0;0;-1
0;405;-98.4437;0.961455;-11.81;10.2755;4544.62;6.17851;0;0;0.1;0.01;0;3.70415;0;0;-1
0;406;-84.2808;-42.0876;-11.2505;9.08598;3141.98;5.46327;0;0;0.1;0.01;0;3.46765;0;0;-1
0;407;-84.374;-23.5384;-10.3076;10.4098;4725.15;6.25926;0;0;0.1;0.01;0;5.70393;0;0;-1
0;408;-85.2177;-7.13529;-12.4848;8.91246;2965.39;5.35893;0;0;0.1;0.01;0;5.26835;0;0;-1
0;409;-83.3473;11.6463;-11.9338;10.149;4378.83;6.10245;0;0;0.1;0.01;0;5.92173;0;0;-1
0;410;-84.8113;29.138;-12.4329;8.5;2572.44;5.11093;0;0;0.1;0.01;0;4.12901;1;0;-1
0;411;-84.0312;42.4988;-11.3168;9.39125;3469.44;5.64682;0;0;0.1;0.01;0;4.12691;0;0;-1
0;412;-70.8122;-68.4418;-10.0681;8.78734;2842.24;5.2837;0;0;0.1;0.01;0;2.13519;0;0;-1
0;413;-69.231;-49.2652;-11.9947;9.51949;3613.51;5.72393;0;0;0.1;0.01;0;4.76855;0;0;-1
0;414;-69.8896;-32.5562;-10.1368;9.37135;3447.43;5.63486;0;0;0.1;0.01;0;6.79655;0;0;-1
0;415;-72.1629;-15.7391;-11.6897;9.40543;3485.17;5.65535;0;0;0.1;0.01;0;6.58732;0;0;-1
0;416;-70.7979;3.17257;-10.3131;8.76929;2824.76;5.27285;0;0;0.1;0.01;0;6.07101;0;0;-1
0;417;-68.353;17.3743;-12.9518;8.58719;2652.42;5.16335;0;0;0.1;0.01;0;4.93055;0;0;-1
0;418;-69.4931;36.4728;-11.9874;9.59908;3704.91;5.77179;0;0;0.1;0.01;0;6.34017;0;0;-1
0;419;-71.9169;53.7843;-13.0225;8.9755;3028.76;5.39684;0;0;0.1;0.01;0;4.41747;0;0;-1
0;420;-54.2879;-75.1348;-9.72115;8.85847;2911.82;5.32647;0;0;0.1;0.01;0;3.81439;0;0;-1
0;421;-56.6166;-58.2388;-12.3462;9.39962;3478.72;5.65186;0;0;0.1;0.01;0;5.38501;0;0;-1
0;422;-57.329;-39.2026;-10.3186;8.57706;2643.04;5.15726;0;0;0.1;0.01;0;5.56547;0;0;-1
0;423;-57.312;-23.9547;-11.8577;8.5;2572.44;5.11093;0;0;0.1;0.01;0;5.49323;1;0;-1
0;424;-55.24;-7.22007;-11.8097;9.00601;3059.75;5.41518;0;0;0.1;0.01;0;5.50129;0;0;-1
0;425;-54.3073;8.59999;-12.5435;10.0595;4264.01;6.04863;0;0;0.1;0.01;0;5.98717;0;0;-1
0;426;-57.3418;29.7683;-12.82;8.5;2572.44;5.11093;0;0;0.1;0.01;0;5.63807;1;0;-1
0;427;-55.1146;44.7237;-11.8279;9.28257;3350.37;5.58147;0;0;0.1;0.01;0;6.85669;0;0;-1
0;428;-57.9483;60.0338;-10.6824;9.74725;3879.14;5.86088;0;0;0.1;0.01;0;5.44945;0;0;-1
0;429;-42.7872;-83.6433;-13.2527;10.0889;4301.5;6.06631;0;0;0.1;0.01;0;4.25713;0;0;-1
0;430;-39.3551;-64.6249;-11.5701;9.79525;3936.73;5.88974;0;0;0.1;0.01;0;5.60923;0;0;-1
0;431;-41.0534;-49.3557;-10.6919;8.52157;2592.07;5.1239;0;0;0.1;0.01;0;5.0774;0;0;-1
0;432;-41.2231;-32.6044;-12.3615;9.80366;3946.87;5.8948;0;0;0.1;0.01;0;6.13925;0;0;-1
0;433;-42.0835;-14.3482;-13.5174;10.014;4206.41;6.02127;0;0;0.1;0.01;0;6.08352;0;0;-1
0;434;-40.9254;3.0709;-10.7889;9.48602;3575.53;5.70381;0;0;0.1;0.01;0;5.76809;0;0;-1
0;435;-39.4035;20.0899;-11.2047;10.0097;4200.99;6.01869;0;0;0.1;0.01;0;6.27709;0;0;-1
0;436;-42.1305;36.9052;-13.1711;9.33057;3402.62;5.61034;0;0;0.1;0.01;0;7.1997;0;0;-1
0;437;-42.6565;52.2119;-12.6226;8.5;2572.44;5.11093;0;0;0.1;0.01;0;5.05236;1;0;-1
0;438;-43.0054;70.6871;-12.5576;8.74544;2801.78;5.25851;0;0;0.1;0.01;0;4.72193;0;0;-1
0;439;-43.2512;85.1312;-13.3325;8.5;2572.44;5.11093;0;0;0.1;0.01;0;3.42543;1;0;-1
0;440;-27.9018;-93.1843;-13.085;9.62079;3730.1;5.78484;0;0;0.1;0.01;0;4.31788;0;0;-1
0;441;-28.148;-76.8707;-13.0047;10.1441;4372.49;6.0995;0;0;0.1;0.01;0;7.05517;0;0;-1
0;442;-24.6955;-56.5748;-12.2841;10.3899;4698.1;6.2473;0;0;0.1;0.01;0;7.30647;0;0;-1
0;443;-27.3652;-41.7543;-10.1929;10.4383;4764.07;6.2764;0;0;0.1;0.01;0;7.63225;0;0;-1
0;444;-26.6329;-22.2852;-11.8593;10.2193;4470.46;6.14472;0;0;0.1;0.01;0;6.64917;0;0;-1
0;445;-24.957;-7.30545;-10.3159;8.54228;2611.02;5.13635;0;0;0.1;0.01;0;4.69684;0;0;-1
0;446;-25.1396;9.14568;-10.2566;9.43114;3513.83;5.67081;0;0;0.1;0.01;0;5.17402;0;0;-1
0;447;-27.4333;28.4676;-10.5841;10.2555;4518.13;6.16648;0;0;0.1;0.01;0;6.15144;0;0;-1
0;448;-28.307;42.9593;-10.7783;9.06343;3118.65;5.44971;0;0;0.1;0.01;0;5.62711;0;0;-1
0;449;-24.4472;59.0678;-12.8446;8.80537;2859.77;5.29454;0;0;0.1;0.01;0;4.53564;0;0;-1
0;450;-24.7745;77.7004;-12.2468;9.85517;4009.41;5.92577;0;0;0.1;0.01;0;6.45219;0;0;-1
0;451;-24.8581;94.6735;-14.0176;10.1999;4445.05;6.13305;0;0;0.1;0.01;0;3.54484;0;0;-1
0;452;-13.5512;-83.3093;-11.0872;8.5;2572.44;5.11093;0;0;0.1;0.01;0;4.45395;1;0;-1
0;453;-12.7722;-65.4501;-13.2513;8.5;2572.44;5.11093;0;0;0.1;0.01;0;5.52475;1;0;-1
0;454;-12.6944;-48.4363;-9.71162;9.49539;3586.14;5.70944;0;0;0.1;0.01;0;6.60744;0;0;-1
0;455;-11.4477;-32.3671;-11.7607;10.4018;4714.27;6.25445;0;0;0.1;0.01;0;7.25739;0;0;-1
0;456;-10.3958;-14.2745;-10.7273;8.5;2572.44;5.11093;0;0;0.1;0.01;0;6.05833;1;0;-1
0;457;-10.7159;0.963568;-11.6007;10.2021;4447.92;6.13437;0;0;0.1;0.01;0;7.16031;0;0;-1
0;458;-10.7337;16.9709;-11.6232;9.08701;3143.05;5.46389;0;0;0.1;0.01;0;5.77044;0;0;-1
0;459;-11.5939;34.2415;-12.5333;8.56015;2627.44;5.14709;0;0;0.1;0.01;0;4.61824;0;0;-1
0;460;-10.3521;50.9682;-10.608;8.54843;2616.66;5.14005;0;0;0.1;0.01;0;5.221;0;0;-1
0;461;-10.5273;67.4148;-11.6299;9.0735;3129.05;5.45576;0;0;0.1;0.01;0;5.91076;0;0;-1
0;462;-11.6976;87.2586;-12.4371;8.5;2572.44;5.11093;0;0;0.1;0.01;0;4.79306;1;0;-1
0;463;4.39117;-91.5502;-10.5898;8.69412;2752.74;5.22765;0;0;0.1;0.01;0;3.76604;0;0;-1
0;464;1.54221;-75.9918;-12.1259;8.5;2572.44;5.11093;0;0;0.1;0.01;0;5.49034;1;0;-1
0;465;1.34617;-59.477;-12.8572;8.86284;2916.13;5.3291;0;0;0.1;0.01;0;6.06184;0;0;-1
0;466;1.68044;-41.2621;-12.6223;9.63019;3741.05;5.79049;0;0;0.1;0.01;0;6.53584;0;0;-1
0;467;1.26275;-21.5698;-10.4649;9.21799;3280.93;5.54264;0;0;0.1;0.01;0;6.60843;0;0;-1
0;468;1.5959;-7.44701;-12.126;8.63646;2698.34;5.19298;0;0;0.1;0.01;0;6.12596;0;0;-1
0;469;3.28123;8.17261;-12.2823;10.1133;4332.79;6.08098;0;0;0.1;0.01;0;6.2121;0;0;-1
0;470;3.19005;25.1284;-13.5558;9.05314;3108.04;5.44352;0;0;0.1;0.01;0;4.72254;0;0;-1
0;471;1.99131;43.7642;-10.4986;9.3009;3370.26;5.5925;0;0;0.1;0.01;0;5.57749;0;0;-1
0;472;2.33335;59.5232;-10.7503;9.45512;3540.71;5.68523;0;0;0.1;0.01;0;6.58728;0;0;-1
0;473;2.70513;76.751;-10.3977;8.91847;2971.39;5.36255;0;0;0.1;0.01;0;6.03205;0;0;-1
0;474;3.09683;94.0425;-11.4649;10.2647;4530.3;6.17202;0;0;0.1;0.01;0;4.45881;0;0;-1
0;475;18.8172;-85.1784;-10.5414;9.35595;3430.46;5.6256;0;0;0.1;0.01;0;5.80066;0;0;-1
0;476;16.0704;-68.1924;-10.5161;9.47166;3559.32;5.69517;0;0;0.1;0.01;0;6.35385;0;0;-1
0;477;15.9635;-51.4682;-9.87089;9.86583;4022.44;5.93218;0;0;0.1;0.01;0;5.77735;0;0;-1
0;478;15.5213;-33.3869;-10.5173;9.65096;3765.3;5.80298;0;0;0.1;0.01;0;5.74303;0;0;-1
0;479;16.0329;-16.2985;-11.469;8.57311;2639.39;5.15489;0;0;0.1;0.01;0;5.90976;0;0;-1
0;480;16.4165;1.11585;-11.4641;9.38448;3461.94;5.64275;0;0;0.1;0.01;0;5.57955;0;0;-1
0;481;19.4885;20.9027;-10.8773;9.88972;4051.73;5.94655;0;0;0.1;0.01;0;6.04815;0;0;-1
0;482;19.6216;38.1926;-13.1706;8.5;2572.44;5.11093;0;0;0.1;0.01;0;5.08421;1;0;-1
0;483;18.1845;54.5319;-11.4725;8.5;2572.44;5.11093;0;0;0.1;0.01;0;4.93107;1;0;-1
0;484;17.3038;71.435;-10.3193;10.3965;4707.06;6.25126;0;0;0.1;0.01;0;7.11009;0;0;-1
0;485;15.6978;84.9736;-12.5809;8.5;2572.44;5.11093;0;0;0.1;0.01;0;5.45108;1;0;-1
0;486;31.9453;-93.726;-12.0407;8.83098;2884.8;5.30994;0;0;0.1;0.01;0;1.85773;0;0;-1
0;487;33.3621;-76.6501;-12.3212;9.41174;3492.19;5.65914;0;0;0.1;0.01;0;5.65301;0;0;-1
0;488;32.8896;-55.3921;-10.35;9.45135;3536.47;5.68296;0;0;0.1;0.01;0;4.99052;0;0;-1
0;489;34.1694;-38.89;-10.1246;9.62386;3733.67;5.78669;0;0;0.1;0.01;0;6.14151;0;0;-1
0;490;31.2281;-21.3569;-12.2785;9.89423;4057.28;5.94926;0;0;0.1;0.01;0;7.10743;0;0;-1
0;491;33.1392;-6.33879;-10.7773;8.88235;2935.43;5.34083;0;0;0.1;0.01;0;5.56119;0;0;-1
0;492;33.502;11.7957;-12.9129;10.3784;4682.52;6.24038;0;0;0.1;0.01;0;7.01881;0;0;-1
0;493;31.4731;29.0484;-10.8356;9.24443;3309.25;5.55854;0;0;0.1;0.01;0;6.82002;0;0;-1
0;494;33.5371;46.263;-13.2495;9.56238;3662.58;5.74972;0;0;0.1;0.01;0;5.98892;0;0;-1
0;495;32.7906;63.4848;-10.3672;8.6173;2680.42;5.18146;0;0;0.1;0.01;0;5.98456;0;0;-1
0;496;32.2657;79.3815;-10.1298;10.0567;4260.45;6.04695;0;0;0.1;0.01;0;6.38639;0;0;-1
0;497;45.9663;-82.9353;-10.7939;8.5;2572.44;5.11093;0;0;0.1;0.01;0;4.15641;1;0;-1
0;498;48.1317;-67.8883;-11.452;9.53328;3629.24;5.73222;0;0;0.1;0.01;0;6.01263;0;0;-1
0;499;47.7033;-47.7327;-11.9666;9.34097;3414.01;5.61659;0;0;0.1;0.01;0;6.11405;0;0;-1
0;500;48.6195;-31.7068;-12.525;9.05733;3112.36;5.44604;0;0;0.1;0.01;0;5.54033;0;0;-1
0;501;45.5589;-14.7383;-10.9558;9.15165;3210.6;5.50275;0;0;0.1;0.01;0;6.26727;0;0;-1
0;502;46.5935;0.437609;-11.0249;10.1585;4391.14;6.10816;0;0;0.1;0.01;0;7.44531;0;0;-1
0;503;47.7357;18.1162;-13.4359;10.1742;4411.53;6.1176;0;0;0.1;0.01;0;7.7467;0;0;-1
0;504;47.9006;34.6533;-10.539;9.51622;3609.79;5.72196;0;0;0.1;0.01;0;6.42801;0;0;-1
0;505;45.9448;55.1932;-12.499;8.5;2572.44;5.11093;0;0;0.1;0.01;0;5.01957;1;0;-1
0;506;46.2844;68.4983;-10.0117;9.24156;3306.16;5.55682;0;0;0.1;0.01;0;6.16968;0;0;-1
0;507;47.6945;85.6428;-13.0977;8.6403;2701.94;5.19529;0;0;0.1;0.01;0;2.33801;0;0;-1
0;508;61.0952;-74.2467;-11.2891;10.3036;4582.01;6.19541;0;0;0.1;0.01;0;3.19931;0;0;-1
0;509;60.3085;-56.0657;-13.2995;9.61516;3723.56;5.78146;0;0;0.1;0.01;0;6.39557;0;0;-1
0;510;61.442;-42.1481;-11.6173;9.39919;3478.24;5.6516;0;0;0.1;0.01;0;6.41236;0;0;-1
0;511;62.5781;-25.7817;-11.864;9.28468;3352.66;5.58274;0;0;0.1;0.01;0;5.84326;0;0;-1
0;512;62.7441;-7.65033;-11.5007;9.83406;3983.7;5.91308;0;0;0.1;0.01;0;6.46777;0;0;-1
0;513;60.7349;9.37469;-12.812;10.2245;4477.29;6.14784;0;0;0.1;0.01;0;6.65828;0;0;-1
0;514;61.9715;28.7532;-10.2194;9.92591;4096.37;5.96831;0;0;0.1;0.01;0;6.30927;0;0;-1
0;515;62.6731;45.9883;-11.1292;9.50542;3597.51;5.71547;0;0;0.1;0.01;0;5.70419;0;0;-1
0;516;63.2365;63.5902;-10.8004;10.0981;4313.28;6.07184;0;0;0.1;0.01;0;5.33292;0;0;-1
0;517;61.048;77.9234;-13.7931;8.90529;2958.24;5.35462;0;0;0.1;0.01;0;2.77226;0;0;-1
0;518;77.6027;-47.5321;-10.8063;8.5;2572.44;5.11093;0;0;0.1;0.01;0;3.89055;1;0;-1
0;519;77.3347;-30.0335;-11.2401;8.60685;2670.68;5.17517;0;0;0.1;0.01;0;5.62802;0;0;-1
0;520;75.298;-14.442;-10.8523;10.4528;4783.95;6.28512;0;0;0.1;0.01;0;7.80136;0;0;-1
0;521;74.9428;1.12052;-10.9944;8.5;2572.44;5.11093;0;0;0.1;0.01;0;6.16598;1;0;-1
0;522;76.6073;18.012;-13.3382;8.69993;2758.26;5.23114;0;0;0.1;0.01;0;5.74956;0;0;-1
0;523;75.0683;34.856;-12.7103;8.5;2572.44;5.11093;0;0;0.1;0.01;0;5.25348;1;0;-1
0;524;75.342;51.4827;-10.2342;9.24246;3307.13;5.55736;0;0;0.1;0.01;0;5.7202;0;0;-1
0;525;89.5875;-22.1726;-11.9558;8.5;2572.44;5.11093;0;0;0.1;0.01;0;3.79029;1;0;-1
0;526;90.0673;-4.24957;-10.1456;9.67018;3787.85;5.81454;0;0;0.1;0.01;0;4.12158;0;0;-1
0;527;89.5552;12.0091;-11.0232;8.94815;3001.15;5.38039;0;0;0.1;0.01;0;4.80355;0;0;-1
0;528;89.4261;27.028;-11.2039;8.57982;2645.59;5.15892;0;0;0.1;0.01;0;4.51365;0;0;-1
0;529;89.2383;43.566;-9.84141;10.0381;4236.85;6.03576;0;0;0.1;0.01;0;3.29364;0;0;-1
0;530;-93.9359;-16.5778;2.39643;9.45997;3546.16;5.68814;0;0;0.1;0.01;0;3.17166;0;0;-1
0;531;-95.6874;2.7284;3.43258;9.65336;3768.11;5.80443;0;0;0.1;0.01;0;3.78292;0;0;-1
0;532;-95.9061;18.6876;2.16211;10.2032;4449.36;6.13504;0;0;0.1;0.01;0;3.23871;0;0;-1
0;533;-79.6761;-55.9222;3.0405;8.5;2572.44;5.11093;0;0;0.1;0.01;0;2.63989;1;0;-1
0;534;-82.6286;-41.5224;4.6817;9.80047;3943.02;5.89288;0;0;0.1;0.01;0;4.17479;0;0;-1
0;535;-80.601;-23.2247;2.9715;9.80139;3944.13;5.89343;0;0;0.1;0.01;0;6.45381;0;0;-1
0;536;-79.8695;-6.13557;3.72609;9.46528;3552.13;5.69134;0;0;0.1;0.01;0;5.92456;0;0;-1
0;537;-81.7955;10.3567;2.71448;8.90491;2957.86;5.35439;0;0;0.1;0.01;0;4.7072;0;0;-1
0;538;-80.5982;25.4924;1.21434;8.5;2572.44;5.11093;0;0;0.1;0.01;0;3.69493;1;0;-1
0;539;-82.683;44.0754;2.76615;10.2457;4505.19;6.16059;0;0;0.1;0.01;0;4.42303;0;0;-1
0;540;-78.9043;61.1281;3.37551;9.4202;3501.62;5.66423;0;0;0.1;0.01;0;2.55975;0;0;-1
0;541;-63.882;-65.508;1.68147;8.86781;2921.04;5.33209;0;0;0.1;0.01;0;4.00798;0;0;-1
0;542;-64.2805;-47.2886;4.398;10.2617;4526.33;6.17021;0;0;0.1;0.01;0;6.2347;0;0;-1
0;543;-68.3936;-33.0515;3.55609;8.92266;2975.58;5.36507;0;0;0.1;0.01;0;5.75833;0;0;-1
0;544;-67.7972;-14.8218;1.72351;10.4365;4761.6;6.27532;0;0;0.1;0.01;0;6.92664;0;0;-1
0;545;-67.1946;0.398565;3.73656;10.3306;4618.12;6.21164;0;0;0.1;0.01;0;6.9327;0;0;-1
0;546;-64.7307;17.1285;3.37022;10.4477;4776.95;6.28205;0;0;0.1;0.01;0;6.01919;0;0;-1
0;547;-65.1809;36.5247;3.09526;10.4249;4745.74;6.26834;0;0;0.1;0.01;0;6.60348;0;0;-1
0;548;-65.5663;52.0313;3.22611;9.47993;3568.65;5.70014;0;0;0.1;0.01;0;5.48105;0;0;-1
0;549;-64.9435;70.4131;3.16369;8.5;2572.44;5.11093;0;0;0.1;0.01;0;2.34931;1;0;-1
0;550;-49.9093;-75.3374;3.24074;8.5823;2647.89;5.16041;0;0;0.1;0.01;0;5.006;0;0;-1
0;551;-50.3423;-59.3867;4.2133;8.71413;2771.79;5.23968;0;0;0.1;0.01;0;5.50692;0;0;-1
0;552;-50.9554;-42.3292;3.34291;8.72965;2786.63;5.24901;0;0;0.1;0.01;0;5.46223;0;0;-1
0;553;-52.1126;-24.4745;3.65454;8.58632;2651.61;5.16283;0;0;0.1;0.01;0;4.18584;0;0;-1
0;554;-49.6401;-5.38055;2.15124;8.5;2572.44;5.11093;0;0;0.1;0.01;0;4.35436;1;0;-1
0;555;-52.2986;10.0597;3.75458;8.5;2572.44;5.11093;0;0;0.1;0.01;0;4.98869;1;0;-1
0;556;-52.7555;25.8349;2.70083;8.5;2572.44;5.11093;0;0;0.1;0.01;0;5.48499;1;0;-1
0;557;-50.2699;42.9874;5.11648;9.8444;3996.28;5.91929;0;0;0.1;0.01;0;5.9731;0;0;-1
0;558;-50.7538;63.4595;1.83677;9.04923;3104.01;5.44117;0;0;0.1;0.01;0;5.21367;0;0;-1
0;559;-51.4545;78.1201;1.28574;9.76208;3896.87;5.8698;0;0;0.1;0.01;0;4.43721;0;0;-1
0;560;-34.9766;-84.0169;3.44277;9.36644;3442.01;5.6319;0;0;0.1;0.01;0;5.15512;0;0;-1
0;561;-38.5034;-67.3848;3.24145;9.15764;3216.91;5.50636;0;0;0.1;0.01;0;5.35355;0;0;-1
0;562;-36.7047;-50.3925;4.11958;8.5;2572.44;5.11093;0;0;0.1;0.01;0;5.1736;1;0;-1
0;563;-35.8307;-32.6221;2.67662;9.95707;4135.07;5.98704;0;0;0.1;0.01;0;6.0536;0;0;-1
0;564;-38.078;-14.0883;3.15424;8.97516;3028.41;5.39663;0;0;0.1;0.01;0;4.98581;0;0;-1
0;565;-36.6355;3.18168;4.03701;8.90095;2953.91;5.35201;0;0;0.1;0.01;0;5.85587;0;0;-1
0;566;-38.1395;19.9739;2.92187;10.1518;4382.46;6.10413;0;0;0.1;0.01;0;6.86711;0;0;-1
0;567;-38.1936;36.3057;1.02719;8.89588;2948.87;5.34896;0;0;0.1;0.01;0;5.93215;0;0;-1
0;568;-35.4158;50.8405;2.8645;9.82839;3976.82;5.90967;0;0;0.1;0.01;0;5.01443;0;0;-1
0;569;-35.7456;71.7397;1.34205;10.4423;4769.55;6.2788;0;0;0.1;0.01;0;6.286;0;0;-1
0;570;-35.3271;87.8909;3.29269;9.58234;3685.56;5.76172;0;0;0.1;0.01;0;5.14434;0;0;-1
0;571;-20.7819;-93.6586;1.60002;9.51832;3612.18;5.72323;0;0;0.1;0.01;0;4.31171;0;0;-1
0;572;-20.5627;-76.6059;4.59588;8.53528;2604.61;5.13214;0;0;0.1;0.01;0;5.26423;0;0;-1
0;573;-23.6207;-57.6389;1.54376;9.2155;3278.27;5.54115;0;0;0.1;0.01;0;6.00611;0;0;-1
0;574;-23.223;-40.361;2.14464;9.25268;3318.11;5.5635;0;0;0.1;0.01;0;6.41746;0;0;-1
0;575;-21.167;-23.0789;3.57133;8.5;2572.44;5.11093;0;0;0.1;0.01;0;5.39873;1;0;-1
0;576;-20.5767;-5.19601;3.33974;8.55675;2624.31;5.14505;0;0;0.1;0.01;0;6.16165;0;0;-1
0;577;-20.193;9.9944;4.06897;10.1133;4332.79;6.08098;0;0;0.1;0.01;0;6.89925;0;0;-1
0;578;-23.9431;27.5226;1.8855;8.5874;2652.61;5.16348;0;0;0.1;0.01;0;3.99326;0;0;-1
0;579;-19.9304;46.9959;1.82989;9.19996;3261.72;5.5318;0;0;0.1;0.01;0;4.54721;0;0;-1
0;580;-22.0278;63.3221;2.16717;9.89483;4058.01;5.94962;0;0;0.1;0.01;0;6.65871;0;0;-1
0;581;-22.186;77.5565;1.90894;9.60554;3712.39;5.77567;0;0;0.1;0.01;0;6.19806;0;0;-1
0;582;-23.367;96.2361;1.35442;9.90756;4073.7;5.95727;0;0;0.1;0.01;0;3.41974;0;0;-1
0;583;-7.07297;-98.9527;0.927966;10.0776;4287.06;6.05951;0;0;0.1;0.01;0;2.97406;0;0;-1
0;584;-5.64591;-81.0542;3.71063;8.73414;2790.93;5.25171;0;0;0.1;0.01;0;5.62655;0;0;-1
0;585;-9.08071;-66.6474;2.77096;10.3839;4689.97;6.24369;0;0;0.1;0.01;0;5.75262;0;0;-1
0;586;-7.63954;-49.2532;2.31392;8.64791;2709.08;5.19986;0;0;0.1;0.01;0;5.09521;0;0;-1
0;587;-7.46534;-29.9761;2.51939;9.4445;3528.79;5.67884;0;0;0.1;0.01;0;6.35263;0;0;-1
0;588;-8.78297;-14.1925;3.11918;9.71029;3835.18;5.83866;0;0;0.1;0.01;0;6.88029;0;0;-1
0;589;-7.8893;1.80435;3.7748;8.5;2572.44;5.11093;0;0;0.1;0.01;0;5.89925;1;0;-1
0;590;-6.30034;17.3582;1.33929;8.51996;2590.61;5.12293;0;0;0.1;0.01;0;5.93033;0;0;-1
0;591;-6.16427;34.6558;3.70367;9.22465;3288.05;5.54665;0;0;0.1;0.01;0;5.50858;0;0;-1
0;592;-5.76124;51.8004;3.53954;8.5;2572.44;5.11093;0;0;0.1;0.01;0;5.86992;1;0;-1
0;593;-7.56703;71.7842;2.32904;10.3283;4615.04;6.21026;0;0;0.1;0.01;0;6.85521;0;0;-1
0;594;-9.2062;88.3788;3.6803;9.77079;3907.31;5.87503;0;0;0.1;0.01;0;4.97541;0;0;-1
0;595;8.04169;-92.1729;3.09836;8.71605;2773.63;5.24083;0;0;0.1;0.01;0;4.70612;0;0;-1
0;596;8.63746;-76.0921;1.82758;9.61678;3725.44;5.78243;0;0;0.1;0.01;0;7.03992;0;0;-1
0;597;5.95308;-58.9231;1.69062;10.096;4310.59;6.07058;0;0;0.1;0.01;0;6.91868;0;0;-1
0;598;7.03572;-42.739;3.58917;9.83689;3987.15;5.91478;0;0;0.1;0.01;0;6.72657;0;0;-1
0;599;7.54857;-24.9331;1.85009;9.5353;3631.55;5.73344;0;0;0.1;0.01;0;6.50666;0;0;-1
0;600;9.35775;-8.45989;4.44317;10.1237;4346.17;6.08723;0;0;0.1;0.01;0;5.92945;0;0;-1
0;601;5.73322;10.4503;2.7749;8.89902;2951.99;5.35085;0;0;0.1;0.01;0;4.95812;0;0;-1
0;602;7.62737;25.4198;2.1215;9.91149;4078.55;5.95964;0;0;0.1;0.01;0;6.08815;0;0;-1
0;603;8.38467;44.0596;2.35223;8.5;2572.44;5.11093;0;0;0.1;0.01;0;5.04576;1;0;-1
0;604;6.90896;60.3893;1.62406;8.5;2572.44;5.11093;0;0;0.1;0.01;0;5.65711;1;0;-1
0;605;8.79925;76.5084;2.68046;8.62821;2690.61;5.18802;0;0;0.1;0.01;0;5.79775;0;0;-1
0;606;5.61522;97.9087;1.52275;9.70502;3828.93;5.83549;0;0;0.1;0.01;0;2.82529;0;0;-1
0;607;20.4566;-85.2881;2.17651;8.5;2572.44;5.11093;0;0;0.1;0.01;0;4.15343;1;0;-1
0;608;23.7066;-66.3232;2.7407;10.1485;4378.19;6.10215;0;0;0.1;0.01;0;5.9241;0;0;-1
0;609;22.3819;-47.3547;4.38294;8.61569;2678.91;5.18049;0;0;0.1;0.01;0;4.58315;0;0;-1
0;610;21.7442;-31.0852;1.47733;8.5;2572.44;5.11093;0;0;0.1;0.01;0;5.78967;1;0;-1
0;611;21.4303;-14.7074;1.49861;8.5;2572.44;5.11093;0;0;0.1;0.01;0;5.46848;1;0;-1
0;612;23.2027;4.3403;1.19509;9.49255;3582.92;5.70773;0;0;0.1;0.01;0;5.44721;0;0;-1
0;613;23.3897;20.8317;4.67597;9.56391;3664.33;5.75064;0;0;0.1;0.01;0;6.83786;0;0;-1
0;614;21.9811;37.2964;4.96797;8.5;2572.44;5.11093;0;0;0.1;0.01;0;5.65872;1;0;-1
0;615;22.7751;51.4203;3.72272;9.88732;4048.78;5.9451;0;0;0.1;0.01;0;6.64313;0;0;-1
0;616;21.1331;67.7514;1.6574;9.16445;3224.09;5.51045;0;0;0.1;0.01;0;5.95631;0;0;-1
0;617;21.405;89.4955;1.13134;10.1186;4339.6;6.08417;0;0;0.1;0.01;0;4.04357;0;0;-1
0;618;38.0432;-75.9238;1.65905;9.44408;3528.32;5.67859;0;0;0.1;0.01;0;6.03363;0;0;-1
0;619;38.552;-59.6013;4.03034;8.64248;2703.98;5.1966;0;0;0.1;0.01;0;5.22721;0;0;-1
0;620;34.9025;-40.1461;3.41731;8.9796;3032.91;5.3993;0;0;0.1;0.01;0;5.44888;0;0;-1
0;621;35.0478;-25.7233;1.20087;9.54414;3641.66;5.73875;0;0;0.1;0.01;0;6.10586;0;0;-1
0;622;38.0177;-8.85119;4.48449;9.35846;3433.22;5.62711;0;0;0.1;0.01;0;6.01283;0;0;-1
0;623;37.2363;9.08763;1.45515;9.51894;3612.89;5.7236;0;0;0.1;0.01;0;5.74766;0;0;-1
0;624;36.6652;27.2501;2.8735;9.98295;4167.4;6.0026;0;0;0.1;0.01;0;6.5137;0;0;-1
0;625;35.9307;44.5362;1.21378;10.3932;4702.58;6.24928;0;0;0.1;0.01;0;6.87831;0;0;-1
0;626;36.1024;62.7055;3.83163;10.293;4567.88;6.18903;0;0;0.1;0.01;0;7.82418;0;0;-1
0;627;37.6633;80.0011;2.52711;10.395;4705.03;6.25036;0;0;0.1;0.01;0;5.13964;0;0;-1
0;628;50.842;-83.5264;2.89904;8.5;2572.44;5.11093;0;0;0.1;0.01;0;2.98938;1;0;-1
0;629;52.1827;-64.6114;4.0472;9.83279;3982.16;5.91231;0;0;0.1;0.01;0;5.58657;0;0;-1
0;630;50.3211;-48.4716;3.2577;10.1367;4362.93;6.09505;0;0;0.1;0.01;0;6.36253;0;0;-1
0;631;53.3997;-33.6543;4.79366;8.5;2572.44;5.11093;0;0;0.1;0.01;0;5.81156;1;0;-1
0;632;51.3831;-15.8264;2.99399;8.60239;2666.53;5.17249;0;0;0.1;0.01;0;5.11758;0;0;-1
0;633;52.1597;1.1341;2.46991;8.51441;2585.55;5.11959;0;0;0.1;0.01;0;5.43445;0;0;-1
0;634;52.3773;17.0496;1.66078;9.47502;3563.11;5.69719;0;0;0.1;0.01;0;7.31188;0;0;-1
0;635;50.1858;34.3888;2.74054;9.80689;3950.78;5.89674;0;0;0.1;0.01;0;6.23384;0;0;-1
0;636;51.3759;54.6297;4.70222;8.5;2572.44;5.11093;0;0;0.1;0.01;0;5.01682;1;0;-1
0;637;50.0056;67.71;3.25717;9.09874;3155.24;5.47094;0;0;0.1;0.01;0;4.69973;0;0;-1
0;638;68.0549;-56.0632;4.68186;9.91865;4087.39;5.96394;0;0;0.1;0.01;0;4.38845;0;0;-1
0;639;67.5906;-39.0416;2.40553;9.67029;3787.97;5.81461;0;0;0.1;0.01;0;7.08923;0;0;-1
0;640;64.7285;-24.1606;3.90287;8.59961;2663.94;5.17082;0;0;0.1;0.01;0;5.67651;0;0;-1
0;641;67.8247;-6.65588;4.42578;8.5;2572.44;5.11093;0;0;0.1;0.01;0;4.86783;1;0;-1
0;642;65.6297;12.2011;3.83365;10.2544;4516.68;6.16582;0;0;0.1;0.01;0;6.72034;0;0;-1
0;643;65.4875;25.9354;3.93859;8.5;2572.44;5.11093;0;0;0.1;0.01;0;6.09793;1;0;-1
0;644;66.9162;44.3095;4.36118;9.40417;3483.77;5.65459;0;0;0.1;0.01;0;5.6993;0;0;-1
0;645;67.4234;60.1765;4.32479;9.78995;3930.34;5.88655;0;0;0.1;0.01;0;4.4658;0;0;-1
0;646;82.3302;-47.3934;5.10676;9.16647;3226.23;5.51167;0;0;0.1;0.01;0;3.67542;0;0;-1
0;647;82.1712;-33.1104;3.18508;10.4059;4719.84;6.25692;0;0;0.1;0.01;0;5.82315;0;0;-1
0;648;81.3969;-15.7979;3.84198;9.58771;3691.76;5.76495;0;0;0.1;0.01;0;6.49022;0;0;-1
0;649;79.7741;0.0538343;1.87848;9.17655;3236.88;5.51773;0;0;0.1;0.01;0;5.72951;0;0;-1
0;650;80.9736;18.2568;2.44577;9.17519;3235.44;5.51691;0;0;0.1;0.01;0;6.64325;0;0;-1
0;651;82.5363;36.1051;4.09189;10.3563;4652.67;6.22709;0;0;0.1;0.01;0;5.55327;0;0;-1
0;652;82.8021;55.3;4.89757;9.98006;4163.78;6.00087;0;0;0.1;0.01;0;2.84894;0;0;-1
0;653;95.8349;-23.3862;2.10369;10.372;4673.86;6.23653;0;0;0.1;0.01;0;3.62981;0;0;-1
0;654;96.357;-7.56747;4.22068;9.30892;3378.99;5.59732;0;0;0.1;0.01;0;3.4071;0;0;-1
0;655;94.5255;12.1142;1.93192;9.59168;3696.35;5.76734;0;0;0.1;0.01;0;4.21268;0;0;-1
0;656;94.3117;26.6305;4.47764;10.0281;4224.2;6.02975;0;0;0.1;0.01;0;4.46446;0;0;-1
0;657;-86.8342;-40.7502;19.1994;10.0139;4206.28;6.02121;0;0;0.1;0.01;0;3.22326;0;0;-1
0;658;-85.0804;-21.1767;18.5546;9.39531;3473.94;5.64926;0;0;0.1;0.01;0;3.28297;0;0;-1
0;659;-84.8766;-4.98769;19.271;9.9256;4095.99;5.96812;0;0;0.1;0.01;0;4.60435;0;0;-1
0;660;-86.65;10.479;17.191;9.41782;3498.97;5.6628;0;0;0.1;0.01;0;4.71499;0;0;-1
0;661;-85.721;27.1087;18.3082;8.5;2572.44;5.11093;0;0;0.1;0.01;0;3.2184;1;0;-1
0;662;-84.2576;45.3281;18.9269;8.68184;2741.09;5.22026;0;0;0.1;0.01;0;2.72756;0;0;-1
0;663;-72.1119;-63.6412;19.8435;9.46219;3548.65;5.68948;0;0;0.1;0.01;0;3.35458;0;0;-1
0;664;-70.8091;-48.5613;16.6715;9.04696;3101.68;5.43981;0;0;0.1;0.01;0;6.11265;0;0;-1
0;665;-68.9828;-33.8708;19.1864;8.5;2572.44;5.11093;0;0;0.1;0.01;0;5.46705;1;0;-1
0;666;-71.9613;-13.1859;19.0187;9.90376;4069.01;5.95499;0;0;0.1;0.01;0;7.23514;0;0;-1
0;667;-69.3885;2.1742;19.7101;9.7357;3865.36;5.85394;0;0;0.1;0.01;0;6.93227;0;0;-1
0;668;-70.251;18.643;19.3033;9.64972;3763.85;5.80224;0;0;0.1;0.01;0;5.80134;0;0;-1
0;669;-70.2931;34.2565;16.743;8.77909;2834.24;5.27874;0;0;0.1;0.01;0;4.32324;0;0;-1
0;670;-70.2562;52.884;16.2639;8.5;2572.44;5.11093;0;0;0.1;0.01;0;3.91573;1;0;-1
0;671;-58.0218;-74.9487;17.1203;10.065;4271;6.05194;0;0;0.1;0.01;0;4.51505;0;0;-1
0;672;-57.4959;-58.6525;18.7044;9.47117;3558.77;5.69488;0;0;0.1;0.01;0;6.43748;0;0;-1
0;673;-56.2009;-39.5362;17.4603;10.2399;4497.55;6.1571;0;0;0.1;0.01;0;7.40224;0;0;-1
0;674;-57.0846;-23.2695;16.917;8.9323;2985.23;5.37086;0;0;0.1;0.01;0;5.73291;0;0;-1
0;675;-55.187;-6.46421;16.0513;9.97374;4155.88;5.99707;0;0;0.1;0.01;0;6.24495;0;0;-1
0;676;-57.1297;8.617;17.4088;8.70387;2762.01;5.23351;0;0;0.1;0.01;0;5.38452;0;0;-1
0;677;-55.3797;26.7717;16.7933;9.65507;3770.12;5.80545;0;0;0.1;0.01;0;5.70916;0;0;-1
0;678;-54.9724;46.8979;18.9428;8.5;2572.44;5.11093;0;0;0.1;0.01;0;4.35136;1;0;-1
0;679;-53.9861;61.9322;18.2812;8.67427;2733.93;5.21571;0;0;0.1;0.01;0;3.80805;0;0;-1
0;680;-53.795;78.0485;19.6567;9.60026;3706.27;5.7725;0;0;0.1;0.01;0;2.6392;0;0;-1
0;681;-41.6993;-84.6158;16.846;9.64536;3758.75;5.79962;0;0;0.1;0.01;0;4.32883;0;0;-1
0;682;-40.628;-67.4716;17.7343;8.98447;3037.85;5.40223;0;0;0.1;0.01;0;5.51405;0;0;-1
0;683;-40.4654;-47.78;16.7421;9.09298;3149.25;5.46748;0;0;0.1;0.01;0;5.26146;0;0;-1
0;684;-42.5272;-33.0302;18.1922;9.56256;3662.78;5.74983;0;0;0.1;0.01;0;6.35507;0;0;-1
0;685;-42.1534;-13.758;16.4886;8.5;2572.44;5.11093;0;0;0.1;0.01;0;4.91607;1;0;-1
0;686;-39.9923;2.27895;17.7234;8.8338;2887.56;5.31164;0;0;0.1;0.01;0;5.08415;0;0;-1
0;687;-42.2075;18.6845;18.4637;8.81873;2872.81;5.30257;0;0;0.1;0.01;0;5.43431;0;0;-1
0;688;-41.1638;33.7369;18.2791;8.97255;3025.77;5.39506;0;0;0.1;0.01;0;5.19217;0;0;-1
0;689;-39.7058;53.2138;18.5444;8.97931;3032.62;5.39913;0;0;0.1;0.01;0;4.73843;0;0;-1
0;690;-39.5851;71.4846;16.4026;10.2106;4459.05;6.13949;0;0;0.1;0.01;0;5.90398;0;0;-1
0;691;-41.5961;87.7443;18.5406;8.98874;3042.18;5.4048;0;0;0.1;0.01;0;2.93098;0;0;-1
0;692;-27.7612;-93.4524;16.8252;10.4523;4783.26;6.28482;0;0;0.1;0.01;0;3.97994;0;0;-1
0;693;-27.5088;-72.8545;18.501;9.83112;3980.13;5.91131;0;0;0.1;0.01;0;6.16512;0;0;-1
0;694;-25.3722;-56.7084;16.2756;8.5;2572.44;5.11093;0;0;0.1;0.01;0;4.45086;1;0;-1
0;695;-24.5071;-40.3807;17.8436;8.88227;2935.35;5.34078;0;0;0.1;0.01;0;5.48771;0;0;-1
0;696;-28.3618;-24.7227;16.32;9.59361;3698.58;5.7685;0;0;0.1;0.01;0;6.04874;0;0;-1
0;697;-28.3814;-7.18778;16.0113;9.33032;3402.34;5.61019;0;0;0.1;0.01;0;5.29255;0;0;-1
0;698;-26.9591;10.6767;16.4881;9.60486;3711.6;5.77526;0;0;0.1;0.01;0;6.09164;0;0;-1
0;699;-27.4521;28.0524;17.3656;9.05772;3112.76;5.44628;0;0;0.1;0.01;0;5.12992;0;0;-1
0;700;-25.4608;45.9296;17.6343;9.58543;3689.13;5.76358;0;0;0.1;0.01;0;5.76689;0;0;-1
0;701;-28.1554;62.0606;16.4047;9.01678;3070.74;5.42166;0;0;0.1;0.01;0;5.90601;0;0;-1
0;702;-27.4115;80.4142;16.3142;10.1887;4430.42;6.12632;0;0;0.1;0.01;0;5.89053;0;0;-1
0;703;-13.2888;-83.6075;17.6351;9.77088;3907.42;5.87509;0;0;0.1;0.01;0;5.45731;0;0;-1
0;704;-13.7337;-65.6424;17.0229;8.5;2572.44;5.11093;0;0;0.1;0.01;0;4.20903;1;0;-1
0;705;-11.1799;-47.5323;16.2702;9.7905;3931;5.88689;0;0;0.1;0.01;0;5.44996;0;0;-1
0;706;-12.353;-30.7837;19.3423;8.63701;2698.85;5.19331;0;0;0.1;0.01;0;5.76216;0;0;-1
0;707;-11.5477;-16.1876;17.4768;9.71429;3839.92;5.84106;0;0;0.1;0.01;0;6.34267;0;0;-1
0;708;-13.6701;1.66602;17.1289;10.0878;4300.09;6.06565;0;0;0.1;0.01;0;7.02325;0;0;-1
0;709;-13.1793;20.7922;16.6111;10.0841;4295.36;6.06342;0;0;0.1;0.01;0;6.26905;0;0;-1
0;710;-10.9544;37.3188;17.2925;8.97727;3030.55;5.3979;0;0;0.1;0.01;0;5.49479;0;0;-1
0;711;-10.0222;52.3599;18.3023;10.1287;4352.61;6.09024;0;0;0.1;0.01;0;6.6433;0;0;-1
0;712;-11.6703;68.4208;18.3655;8.59754;2662.02;5.16958;0;0;0.1;0.01;0;5.20904;0;0;-1
0;713;-11.0528;85.2624;18.6694;8.5;2572.44;5.11093;0;0;0.1;0.01;0;3.73666;1;0;-1
0;714;1.68167;-91.9831;17.4356;10.248;4508.23;6.16197;0;0;0.1;0.01;0;3.90928;0;0;-1
0;715;4.58447;-72.2711;15.9846;8.68782;2746.76;5.22386;0;0;0.1;0.01;0;5.15394;0;0;-1
0;716;2.82217;-56.9704;17.3344;8.5;2572.44;5.11093;0;0;0.1;0.01;0;5.54434;1;0;-1
0;717;2.96387;-39.8538;16.6726;9.887;4048.39;5.94491;0;0;0.1;0.01;0;6.5852;0;0;-1
0;718;2.38339;-24.4689;16.4651;8.82136;2875.38;5.30416;0;0;0.1;0.01;0;5.63518;0;0;-1
0;719;4.9756;-8.37316;17.1104;8.57217;2638.52;5.15432;0;0;0.1;0.01;0;4.74358;0;0;-1
0;720;4.17501;9.65134;16.3867;9.89258;4055.25;5.94826;0;0;0.1;0.01;0;4.89098;0;0;-1
0;721;2.1603;28.507;16.6389;9.95865;4137.04;5.98799;0;0;0.1;0.01;0;6.24767;0;0;-1
0;722;2.53457;46.1879;15.6173;8.5982;2662.63;5.16997;0;0;0.1;0.01;0;5.80276;0;0;-1
0;723;2.66198;63.4011;15.8896;10.4039;4717.12;6.25571;0;0;0.1;0.01;0;6.7134;0;0;-1
0;724;0.999243;77.9621;15.9369;8.66392;2724.16;5.20949;0;0;0.1;0.01;0;5.68484;0;0;-1
0;725;4.70009;93.0908;17.773;8.70908;2766.98;5.23664;0;0;0.1;0.01;0;2.89302;0;0;-1
0;726;17.7796;-82.3799;17.1046;10.0453;4245.97;6.04009;0;0;0.1;0.01;0;5.13077;0;0;-1
0;727;15.7997;-64.4155;16.3769;8.5;2572.44;5.11093;0;0;0.1;0.01;0;4.94375;1;0;-1
0;728;16.0266;-50.0873;18.3098;9.61978;3728.93;5.78423;0;0;0.1;0.01;0;5.55388;0;0;-1
0;729;18.9362;-33.9845;18.0984;8.5;2572.44;5.11093;0;0;0.1;0.01;0;4.31509;1;0;-1
0;730;18.357;-17.0105;17.3439;9.30503;3374.75;5.59498;0;0;0.1;0.01;0;5.77465;0;0;-1
0;731;17.4596;2.71898;18.492;8.54447;2613.03;5.13767;0;0;0.1;0.01;0;4.74019;0;0;-1
0;732;16.5777;21.1389;16.2207;9.14026;3198.63;5.49591;0;0;0.1;0.01;0;6.27695;0;0;-1
0;733;16.5157;37.0722;17.4449;8.88866;2941.69;5.34462;0;0;0.1;0.01;0;5.88949;0;0;-1
0;734;19.6616;52.9317;17.6984;8.85858;2911.93;5.32654;0;0;0.1;0.01;0;5.17021;0;0;-1
0;735;16.4147;69.7768;17.386;8.51644;2587.4;5.12081;0;0;0.1;0.01;0;5.15642;0;0;-1
0;736;17.9134;85.6729;16.4571;9.17315;3233.29;5.51568;0;0;0.1;0.01;0;3.56801;0;0;-1
0;737;33.1752;-92.4877;15.9319;9.05955;3114.64;5.44738;0;0;0.1;0.01;0;1.68935;0;0;-1
0;738;33.7882;-73.7662;16.0968;9.51316;3606.31;5.72013;0;0;0.1;0.01;0;5.47862;0;0;-1
0;739;33.1764;-55.248;18.0177;9.15668;3215.9;5.50578;0;0;0.1;0.01;0;4.54324;0;0;-1
0;740;33.6525;-39.026;18.0714;8.5;2572.44;5.11093;0;0;0.1;0.01;0;5.33116;1;0;-1
0;741;31.4386;-24.4849;16.3369;9.37929;3456.2;5.63963;0;0;0.1;0.01;0;6.48308;0;0;-1
0;742;30.7082;-8.05886;18.5937;9.30862;3378.66;5.59714;0;0;0.1;0.01;0;5.49842;0;0;-1
0;743;30.5309;11.568;17.0132;8.87722;2930.35;5.33774;0;0;0.1;0.01;0;5.13368;0;0;-1
0;744;32.0965;26.8748;16.7699;8.78131;2836.39;5.28007;0;0;0.1;0.01;0;5.40294;0;0;-1
0;745;33.2152;45.7682;16.525;8.5;2572.44;5.11093;0;0;0.1;0.01;0;5.28945;1;0;-1
0;746;30.4877;63.4354;19.4763;9.08213;3137.99;5.46095;0;0;0.1;0.01;0;6.81593;0;0;-1
0;747;30.6494;77.8155;17.8483;9.25776;3323.58;5.56656;0;0;0.1;0.01;0;5.18374;0;0;-1
0;748;45.3086;-81.2474;16.0908;9.99665;4184.58;6.01084;0;0;0.1;0.01;0;4.7095;0;0;-1
0;749;48.9054;-67.6388;17.0074;8.61752;2680.62;5.18159;0;0;0.1;0.01;0;5.08484;0;0;-1
0;750;47.5091;-48.169;18.5947;8.5;2572.44;5.11093;0;0;0.1;0.01;0;4.6032;1;0;-1
0;751;46.7607;-31.8959;16.6176;9.52674;3621.78;5.72829;0;0;0.1;0.01;0;6.83035;0;0;-1
0;752;46.3602;-15.3147;17.506;9.96599;4146.2;5.99241;0;0;0.1;0.01;0;6.40291;0;0;-1
0;753;46.2056;4.39251;19.4771;9.61473;3723.06;5.7812;0;0;0.1;0.01;0;5.4305;0;0;-1
0;754;48.7922;20.4687;17.3391;9.77667;3914.37;5.87857;0;0;0.1;0.01;0;6.22893;0;0;-1
0;755;46.8584;34.8807;18.9822;8.5;2572.44;5.11093;0;0;0.1;0.01;0;5.23575;1;0;-1
0;756;45.087;54.0904;16.5884;10.1386;4365.39;6.09619;0;0;0.1;0.01;0;6.5736;0;0;-1
0;757;46.9782;68.9801;17.7814;8.7934;2848.13;5.28734;0;0;0.1;0.01;0;5.04372;0;0;-1
0;758;45.9425;86.0482;19.673;8.5;2572.44;5.11093;0;0;0.1;0.01;0;1.28265;1;0;-1
0;759;61.2213;-75.4432;17.4888;9.74749;3879.42;5.86102;0;0;0.1;0.01;0;2.82302;0;0;-1
0;760;62.3061;-57.9498;18.1599;8.5;2572.44;5.11093;0;0;0.1;0.01;0;4.94967;1;0;-1
0;761;62.5622;-38.7138;16.7009;10.097;4311.87;6.07118;0;0;0.1;0.01;0;7.49619;0;0;-1
0;762;60.421;-24.2782;16.5144;9.90118;4065.83;5.95344;0;0;0.1;0.01;0;7.54653;0;0;-1
0;763;60.377;-7.40301;16.7498;8.93108;2984.01;5.37013;0;0;0.1;0.01;0;4.81188;0;0;-1
0;764;62.461;10.6022;16.9677;9.45392;3539.36;5.6845;0;0;0.1;0.01;0;5.77845;0;0;-1
0;765;61.6857;28.5332;16.476;10.2254;4478.47;6.14838;0;0;0.1;0.01;0;7.22243;0;0;-1
0;766;61.868;45.2095;19.0378;8.67367;2733.36;5.21535;0;0;0.1;0.01;0;6.08032;0;0;-1
0;767;62.2927;63.6378;19.0474;10.0225;4217.13;6.02638;0;0;0.1;0.01;0;4.83264;0;0;-1
0;768;75.9068;-50.2081;19.5084;8.70096;2759.24;5.23176;0;0;0.1;0.01;0;3.01315;0;0;-1
0;769;76.0477;-33.4781;18.3407;10.0886;4301.12;6.06613;0;0;0.1;0.01;0;6.13473;0;0;-1
0;770;77.6184;-16.9546;16.7444;8.5;2572.44;5.11093;0;0;0.1;0.01;0;4.96163;1;0;-1
0;771;74.8839;0.854117;19.4093;8.71841;2775.88;5.24225;0;0;0.1;0.01;0;4.44622;0;0;-1
0;772;76.4917;20.1049;16.1859;9.82373;3971.16;5.90687;0;0;0.1;0.01;0;6.53745;0;0;-1
0;773;74.8177;37.9221;19.072;10.3722;4674.14;6.23665;0;0;0.1;0.01;0;6.73532;0;0;-1
0;774;76.5248;52.4227;18.7539;8.77615;2831.4;5.27697;0;0;0.1;0.01;0;4.58159;0;0;-1
0;775;91.531;-22.0685;18.6404;9.7875;3927.39;5.88508;0;0;0.1;0.01;0;4.34461;0;0;-1
0;776;92.7485;-7.35633;19.9377;8.5;2572.44;5.11093;0;0;0.1;0.01;0;2.61885;1;0;-1
0;777;91.6952;9.32686;16.2165;9.05672;3111.73;5.44567;0;0;0.1;0.01;0;2.52837;0;0;-1
0;778;89.4648;26.842;17.3916;9.35384;3428.14;5.62433;0;0;0.1;0.01;0;4.07882;0;0;-1
0;779;-93.5851;2.41041;34.5639;8.55786;2625.33;5.14572;0;0;0.1;0.01;0;2.84569;0;0;-1
0;780;-82.0387;-39.714;31.6316;9.85962;4014.85;5.92845;0;0;0.1;0.01;0;3.15497;0;0;-1
0;781;-79.6862;-25.0898;32.4578;9.32437;3395.84;5.60661;0;0;0.1;0.01;0;4.25114;0;0;-1
0;782;-79.0004;-6.09158;34.0248;9.22038;3283.49;5.54408;0;0;0.1;0.01;0;5.97822;0;0;-1
0;783;-80.1844;10.042;31.8158;8.73128;2788.19;5.24999;0;0;0.1;0.01;0;4.89453;0;0;-1
0;784;-82.7031;25.8732;30.9229;9.40262;3482.05;5.65366;0;0;0.1;0.01;0;2.74792;0;0;-1
0;785;-79.9049;46.0362;31.349;8.54151;2610.31;5.13589;0;0;0.1;0.01;0;2.20285;0;0;-1
0;786;-65.9581;-66.8898;33.9577;9.46889;3556.2;5.69351;0;0;0.1;0.01;0;3.41689;0;0;-1
0;787;-66.6267;-47.6769;32.2393;9.70994;3834.76;5.83845;0;0;0.1;0.01;0;4.79029;0;0;-1
0;788;-64.3019;-30.7685;34.2062;9.95636;4134.19;5.98661;0;0;0.1;0.01;0;6.55688;0;0;-1
0;789;-66.7717;-15.5644;31.0164;8.5;2572.44;5.11093;0;0;0.1;0.01;0;5.95372;1;0;-1
0;790;-65.608;0.0156731;34.1277;8.9441;2997.08;5.37796;0;0;0.1;0.01;0;5.98558;0;0;-1
0;791;-66.5517;18.1319;33.8905;8.5;2572.44;5.11093;0;0;0.1;0.01;0;4.43024;1;0;-1
0;792;-64.4123;35.1686;31.6665;8.58667;2651.94;5.16304;0;0;0.1;0.01;0;4.1647;0;0;-1
0;793;-66.8397;53.0593;33.1993;9.91933;4088.23;5.96435;0;0;0.1;0.01;0;3.57296;0;0;-1
0;794;-53.1863;-73.3264;30.6176;10.1149;4334.84;6.08194;0;0;0.1;0.01;0;4.85205;0;0;-1
0;795;-50.1839;-58.7165;30.9849;9.48167;3570.62;5.70119;0;0;0.1;0.01;0;6.0261;0;0;-1
0;796;-49.8379;-38.4032;31.6524;9.72083;3847.68;5.84499;0;0;0.1;0.01;0;6.12744;0;0;-1
0;797;-52.8028;-21.2947;31.1182;8.5;2572.44;5.11093;0;0;0.1;0.01;0;4.91535;1;0;-1
0;798;-52.7085;-7.2898;34.1913;9.66627;3783.25;5.81219;0;0;0.1;0.01;0;4.47737;0;0;-1
0;799;-51.668;11.8709;31.7768;8.5;2572.44;5.11093;0;0;0.1;0.01;0;4.16041;1;0;-1
0;800;-50.711;29.4042;32.605;8.5;2572.44;5.11093;0;0;0.1;0.01;0;5.2373;1;0;-1
0;801;-52.78;43.3384;33.1286;8.5;2572.44;5.11093;0;0;0.1;0.01;0;5.24047;1;0;-1
0;802;-51.6457;60.0674;33.9729;8.5;2572.44;5.11093;0;0;0.1;0.01;0;4.23705;1;0;-1
0;803;-35.6423;-85.3966;34.2814;10.1766;4414.65;6.11904;0;0;0.1;0.01;0;3.63788;0;0;-1
0;804;-38.0011;-66.3793;31.2847;8.5;2572.44;5.11093;0;0;0.1;0.01;0;4.56011;1;0;-1
0;805;-37.9459;-47.2904;33.1257;9.74583;3877.44;5.86003;0;0;0.1;0.01;0;5.96648;0;0;-1
0;806;-34.474;-33.0303;33.0298;10.2533;4515.23;6.16516;0;0;0.1;0.01;0;6.52163;0;0;-1
0;807;-35.1745;-16.281;32.7178;8.8572;2910.57;5.32571;0;0;0.1;0.01;0;4.13044;0;0;-1
0;808;-35.3358;2.98006;32.2943;8.80953;2863.83;5.29704;0;0;0.1;0.01;0;4.53324;0;0;-1
0;809;-38.3035;17.6716;32.7542;8.96634;3019.49;5.39133;0;0;0.1;0.01;0;4.90133;0;0;-1
0;810;-36.9793;37.9443;31.6556;9.65063;3764.92;5.80278;0;0;0.1;0.01;0;6.08237;0;0;-1
0;811;-36.8426;52.4732;32.4184;8.9865;3039.91;5.40345;0;0;0.1;0.01;0;5.22289;0;0;-1
0;812;-37.9045;69.1935;32.1189;8.5;2572.44;5.11093;0;0;0.1;0.01;0;3.35788;1;0;-1
0;813;-20.966;-91.0264;34.0219;9.86408;4020.3;5.93113;0;0;0.1;0.01;0;3.76496;0;0;-1
0;814;-22.9253;-74.3033;32.2319;8.5;2572.44;5.11093;0;0;0.1;0.01;0;5.11966;1;0;-1
0;815;-22.8352;-57.0535;34.4192;8.61747;2680.57;5.18156;0;0;0.1;0.01;0;4.58522;0;0;-1
0;816;-21.8605;-42.7441;31.8918;8.61331;2676.69;5.17906;0;0;0.1;0.01;0;5.68057;0;0;-1
0;817;-20.4336;-21.6617;31.377;8.5;2572.44;5.11093;0;0;0.1;0.01;0;3.95925;1;0;-1
0;818;-20.9558;-4.75672;34.0485;9.37895;3455.82;5.63943;0;0;0.1;0.01;0;5.901;0;0;-1
0;819;-21.7877;11.1916;31.6478;8.93559;2988.53;5.37284;0;0;0.1;0.01;0;5.87871;0;0;-1
0;820;-22.9957;29.3653;33.7827;9.49202;3582.32;5.70741;0;0;0.1;0.01;0;5.55527;0;0;-1
0;821;-20.7371;44.2987;33.8152;9.19925;3260.96;5.53138;0;0;0.1;0.01;0;6.29396;0;0;-1
0;822;-20.4311;59.6986;30.9791;8.65751;2718.11;5.20564;0;0;0.1;0.01;0;5.12156;0;0;-1
0;823;-21.7711;76.7155;32.6757;10.0526;4255.24;6.04448;0;0;0.1;0.01;0;4.73822;0;0;-1
0;824;-6.818;-81.4836;33.006;10.2345;4490.44;6.15386;0;0;0.1;0.01;0;5.73689;0;0;-1
0;825;-7.58308;-65.8455;32.0419;9.11861;3175.96;5.48289;0;0;0.1;0.01;0;4.85188;0;0;-1
0;826;-8.80938;-46.9404;30.7937;9.1191;3176.47;5.48318;0;0;0.1;0.01;0;5.15126;0;0;-1
0;827;-5.46428;-32.6289;31.172;8.5;2572.44;5.11093;0;0;0.1;0.01;0;4.74271;1;0;-1
0;828;-8.84124;-13.1747;31.5898;10.4144;4731.42;6.26203;0;0;0.1;0.01;0;6.59221;0;0;-1
0;829;-7.46542;3.47885;31.949;9.30981;3379.96;5.59785;0;0;0.1;0.01;0;6.0864;0;0;-1
0;830;-6.85392;20.9978;33.6376;10.0649;4270.88;6.05188;0;0;0.1;0.01;0;5.6772;0;0;-1
0;831;-7.48057;37.7951;34.0804;9.13604;3194.2;5.49337;0;0;0.1;0.01;0;6.14318;0;0;-1
0;832;-5.85019;51.7264;33.6943;8.5;2572.44;5.11093;0;0;0.1;0.01;0;5.49342;1;0;-1
0;833;-7.20371;69.7841;32.3973;8.73803;2794.66;5.25405;0;0;0.1;0.01;0;4.35;0;0;-1
0;834;-6.78315;88.6477;31.1367;8.56897;2635.57;5.1524;0;0;0.1;0.01;0;2.16699;0;0;-1
0;835;8.24754;-89.4394;34.6644;8.757;2812.9;5.26546;0;0;0.1;0.01;0;3.18148;0;0;-1
0;836;7.70269;-74.4736;32.4963;10.4534;4784.77;6.28548;0;0;0.1;0.01;0;7.03271;0;0;-1
0;837;6.34607;-58.9434;31.8208;8.79873;2853.31;5.29055;0;0;0.1;0.01;0;5.10356;0;0;-1
0;838;8.48833;-42.9173;33.199;10.0561;4259.68;6.04659;0;0;0.1;0.01;0;6.75267;0;0;-1
0;839;6.8632;-23.8831;32.7523;8.90408;2957.03;5.35389;0;0;0.1;0.01;0;4.87886;0;0;-1
0;840;7.21354;-6.04651;33.724;9.87605;4034.95;5.93833;0;0;0.1;0.01;0;6.05202;0;0;-1
0;841;5.6481;8.78977;34.386;9.10205;3158.68;5.47293;0;0;0.1;0.01;0;4.74341;0;0;-1
0;842;8.34039;27.8195;31.0463;9.25309;3318.55;5.56375;0;0;0.1;0.01;0;5.15885;0;0;-1
0;843;6.79318;42.8926;30.5906;10.1876;4428.99;6.12566;0;0;0.1;0.01;0;6.42042;0;0;-1
0;844;8.63735;61.5763;30.9016;8.68436;2743.48;5.22178;0;0;0.1;0.01;0;4.75656;0;0;-1
0;845;9.1217;78.9347;31.8992;9.46328;3549.88;5.69013;0;0;0.1;0.01;0;4.70552;0;0;-1
0;846;23.1438;-82.6639;33.8583;9.93443;4106.93;5.97343;0;0;0.1;0.01;0;4.76553;0;0;-1
0;847;22.6512;-67.9643;33.0069;9.85623;4010.71;5.92641;0;0;0.1;0.01;0;5.40286;0;0;-1
0;848;23.8672;-47.7321;33.3862;8.90151;2954.47;5.35235;0;0;0.1;0.01;0;5.89744;0;0;-1
0;849;21.1344;-32.2903;32.4692;10.1635;4397.63;6.11117;0;0;0.1;0.01;0;7.03929;0;0;-1
0;850;22.1145;-14.0043;32.218;10.1553;4386.99;6.10623;0;0;0.1;0.01;0;6.79647;0;0;-1
0;851;22.3395;0.480041;30.9365;8.92445;2977.37;5.36614;0;0;0.1;0.01;0;5.12819;0;0;-1
0;852;23.0086;19.3351;30.4848;9.06881;3124.2;5.45294;0;0;0.1;0.01;0;4.82325;0;0;-1
0;853;22.1137;37.5578;33.9849;9.3486;3422.38;5.62118;0;0;0.1;0.01;0;5.73703;0;0;-1
0;854;23.7944;51.3886;32.5729;9.90615;4071.96;5.95642;0;0;0.1;0.01;0;6.81387;0;0;-1
0;855;22.3261;68.7561;31.0003;8.75237;2808.44;5.26267;0;0;0.1;0.01;0;5.90319;0;0;-1
0;856;20.8591;89.3902;34.2238;9.34689;3420.5;5.62015;0;0;0.1;0.01;0;1.60243;0;0;-1
0;857;35.7864;-74.7239;32.7957;8.5;2572.44;5.11093;0;0;0.1;0.01;0;3.42614;1;0;-1
0;858;37.189;-55.0845;32.8422;9.55435;3653.36;5.74489;0;0;0.1;0.01;0;5.76212;0;0;-1
0;859;35.5764;-38.4164;30.8907;8.5;2572.44;5.11093;0;0;0.1;0.01;0;5.31017;1;0;-1
0;860;37.4967;-21.9825;32.181;8.5;2572.44;5.11093;0;0;0.1;0.01;0;4.75679;1;0;-1
0;861;35.8978;-4.81235;33.2047;9.17157;3231.62;5.51473;0;0;0.1;0.01;0;5.72664;0;0;-1
0;862;38.7408;9.35382;32.4901;8.59517;2659.82;5.16815;0;0;0.1;0.01;0;4.91417;0;0;-1
0;863;38.1037;25.5611;32.9955;9.81869;3965.06;5.90384;0;0;0.1;0.01;0;5.5936;0;0;-1
0;864;38.35;43.164;33.0953;9.76301;3897.98;5.87036;0;0;0.1;0.01;0;6.02004;0;0;-1
0;865;35.3806;61.8616;33.706;9.76121;3895.83;5.86927;0;0;0.1;0.01;0;6.62583;0;0;-1
0;866;36.8579;77.2514;32.1613;10.0224;4217;6.02632;0;0;0.1;0.01;0;5.23698;0;0;-1
0;867;52.8311;-64.6681;31.9333;9.06145;3116.6;5.44852;0;0;0.1;0.01;0;3.97349;0;0;-1
0;868;53.1684;-49.3384;32.1236;9.43641;3519.73;5.67398;0;0;0.1;0.01;0;5.65605;0;0;-1
0;869;52.0667;-33.3864;32.4043;9.52844;3623.71;5.72931;0;0;0.1;0.01;0;6.1402;0;0;-1
0;870;51.5422;-17.3193;31.5949;9.93219;4104.15;5.97208;0;0;0.1;0.01;0;6.32061;0;0;-1
0;871;53.2118;0.913033;33.875;10.0205;4214.6;6.02518;0;0;0.1;0.01;0;6.86715;0;0;-1
0;872;52.4634;17.8199;33.386;8.9672;3020.36;5.39185;0;0;0.1;0.01;0;6.01629;0;0;-1
0;873;53.4728;38.1493;32.243;8.9671;3020.26;5.39179;0;0;0.1;0.01;0;6.0358;0;0;-1
0;874;53.2652;53.1801;33.3255;9.60563;3712.5;5.77573;0;0;0.1;0.01;0;6.96969;0;0;-1
0;875;51.4259;68.3317;32.4231;9.14929;3208.12;5.50134;0;0;0.1;0.01;0;4.86854;0;0;-1
0;876;67.2584;-58.0731;32.4294;8.83388;2887.64;5.31168;0;0;0.1;0.01;0;3.29166;0;0;-1
0;877;67.6932;-38.603;31.551;9.31078;3381.01;5.59844;0;0;0.1;0.01;0;5.34526;0;0;-1
0;878;66.3866;-21.8145;31.9681;9.12977;3187.63;5.4896;0;0;0.1;0.01;0;5.27111;0;0;-1
0;879;66.9402;-4.76831;32.625;9.85842;4013.38;5.92772;0;0;0.1;0.01;0;5.72449;0;0;-1
0;880;67.2124;10.3577;32.9784;8.94914;3002.15;5.38099;0;0;0.1;0.01;0;6.55227;0;0;-1
0;881;66.21;28.0115;33.784;8.61621;2679.4;5.1808;0;0;0.1;0.01;0;5.81998;0;0;-1
0;882;67.312;45.6483;31.0851;9.11558;3172.79;5.48107;0;0;0.1;0.01;0;6.4663;0;0;-1
0;883;67.0157;59.503;32.0812;9.87652;4035.53;5.93861;0;0;0.1;0.01;0;4.75447;0;0;-1
0;884;79.9428;-30.258;33.8338;9.91075;4077.63;5.95919;0;0;0.1;0.01;0;4.39821;0;0;-1
0;885;80.1778;-15.9686;30.7234;8.8039;2858.34;5.29366;0;0;0.1;0.01;0;4.50564;0;0;-1
0;886;79.6564;3.68605;33.5487;10.0827;4293.58;6.06258;0;0;0.1;0.01;0;4.94847;0;0;-1
0;887;80.7139;19.6993;34.1957;8.73611;2792.82;5.2529;0;0;0.1;0.01;0;3.84856;0;0;-1
0;888;80.5433;33.6373;31.9219;8.98096;3034.29;5.40012;0;0;0.1;0.01;0;4.25589;0;0;-1
0;889;-86.3551;-6.44475;47.234;9.7781;3916.08;5.87943;0;0;0.1;0.01;0;3.24403;0;0;-1
0;890;-85.6576;9.85774;47.795;10.4049;4718.48;6.25632;0;0;0.1;0.01;0;3.02353;0;0;-1
0;891;-69.019;-49.9849;48.7943;10.4318;4755.17;6.27249;0;0;0.1;0.01;0;2.88134;0;0;-1
0;892;-69.3939;-33.7445;47.9866;8.5;2572.44;5.11093;0;0;0.1;0.01;0;4.09308;1;0;-1
0;893;-69.3638;-13.3683;47.6937;9.91875;4087.52;5.964;0;0;0.1;0.01;0;5.72633;0;0;-1
0;894;-71.515;0.836232;46.7803;8.91111;2964.04;5.35812;0;0;0.1;0.01;0;5.62275;0;0;-1
0;895;-68.5677;18.0371;47.0525;8.75571;2811.66;5.26468;0;0;0.1;0.01;0;3.93436;0;0;-1
0;896;-70.5803;36.4607;49.3666;9.25688;3322.63;5.56603;0;0;0.1;0.01;0;1.72469;0;0;-1
0;897;-56.6378;-59.6076;46.1502;8.92538;2978.3;5.3667;0;0;0.1;0.01;0;4.1024;0;0;-1
0;898;-57.0577;-39.1345;47.6094;9.30218;3371.65;5.59327;0;0;0.1;0.01;0;5.77691;0;0;-1
0;899;-57.0516;-23.2634;47.2602;8.5;2572.44;5.11093;0;0;0.1;0.01;0;5.45217;1;0;-1
0;900;-56.8238;-6.91154;48.8075;9.56046;3660.37;5.74857;0;0;0.1;0.01;0;5.90519;0;0;-1
0;901;-54.5996;12.7587;45.9842;8.6949;2753.48;5.22812;0;0;0.1;0.01;0;4.42003;0;0;-1
0;902;-57.7044;29.7399;45.986;8.5;2572.44;5.11093;0;0;0.1;0.01;0;4.65837;1;0;-1
0;903;-56.301;45.9406;47.0317;8.5;2572.44;5.11093;0;0;0.1;0.01;0;4.45989;1;0;-1
0;904;-54.4415;61.3008;46.413;8.73256;2789.42;5.25076;0;0;0.1;0.01;0;3.49878;0;0;-1
0;905;-40.6499;-64.3904;45.8757;8.77308;2828.43;5.27513;0;0;0.1;0.01;0;3.6642;0;0;-1
0;906;-40.4059;-50.5772;48.2055;9.14813;3206.9;5.50064;0;0;0.1;0.01;0;5.15834;0;0;-1
0;907;-43.1996;-30.0718;46.0942;10.1709;4407.24;6.11561;0;0;0.1;0.01;0;6.05304;0;0;-1
0;908;-41.5058;-14.2942;49.0741;8.5;2572.44;5.11093;0;0;0.1;0.01;0;4.98855;1;0;-1
0;909;-41.6414;0.772625;49.262;8.65928;2719.78;5.2067;0;0;0.1;0.01;0;4.60019;0;0;-1
0;910;-42.0984;16.7731;48.2728;10.2808;4551.66;6.1817;0;0;0.1;0.01;0;5.92141;0;0;-1
0;911;-42.3282;35.8791;45.2295;8.59133;2656.26;5.16584;0;0;0.1;0.01;0;4.94949;0;0;-1
0;912;-41.2194;53.2373;48.9018;10.1348;4360.48;6.09391;0;0;0.1;0.01;0;6.53526;0;0;-1
0;913;-42.4846;69.7204;48.0976;9.85071;4003.97;5.92309;0;0;0.1;0.01;0;4.23744;0;0;-1
0;914;-27.8314;-76.7442;46.7362;9.0812;3137.03;5.46039;0;0;0.1;0.01;0;2.96285;0;0;-1
0;915;-26.1684;-55.5076;48.3163;8.59395;2658.69;5.16742;0;0;0.1;0.01;0;5.99527;0;0;-1
0;916;-27.6875;-41.4892;46.5319;9.63897;3751.29;5.79577;0;0;0.1;0.01;0;7.57701;0;0;-1
0;917;-28.0333;-24.255;49.4382;8.5;2572.44;5.11093;0;0;0.1;0.01;0;4.80427;1;0;-1
0;918;-25.7014;-8.79377;47.3277;8.5;2572.44;5.11093;0;0;0.1;0.01;0;4.63749;1;0;-1
0;919;-26.6745;12.0262;46.5395;9.92574;4096.16;5.9682;0;0;0.1;0.01;0;5.77803;0;0;-1
0;920;-26.9585;29.5806;48.5552;10.2075;4454.99;6.13762;0;0;0.1;0.01;0;7.06236;0;0;-1
0;921;-26.351;45.1532;48.8433;9.22863;3292.31;5.54904;0;0;0.1;0.01;0;6.1165;0;0;-1
0;922;-25.8919;60.8802;46.5187;10.3198;4603.65;6.20515;0;0;0.1;0.01;0;6.87233;0;0;-1
0;923;-25.5723;79.3365;48.499;9.1597;3219.08;5.50759;0;0;0.1;0.01;0;3.17623;0;0;-1
0;924;-12.3604;-80.79;46.0129;8.874;2927.16;5.33581;0;0;0.1;0.01;0;3.07107;0;0;-1
0;925;-11.8873;-64.6879;47.9619;8.62741;2689.86;5.18754;0;0;0.1;0.01;0;4.4568;0;0;-1
0;926;-13.4949;-47.972;46.5722;10.3686;4669.27;6.23449;0;0;0.1;0.01;0;7.52046;0;0;-1
0;927;-12.6928;-33.5648;49.1072;10.005;4195.08;6.01586;0;0;0.1;0.01;0;5.88164;0;0;-1
0;928;-11.4115;-13.8834;48.6916;9.93402;4106.42;5.97318;0;0;0.1;0.01;0;6.77196;0;0;-1
0;929;-11.0361;0.267972;46.1065;9.49154;3581.78;5.70713;0;0;0.1;0.01;0;6.65061;0;0;-1
0;930;-13.1747;19.5121;47.861;10.0132;4205.4;6.02079;0;0;0.1;0.01;0;6.25958;0;0;-1
0;931;-11.2552;37.091;49.0564;8.84922;2902.71;5.32091;0;0;0.1;0.01;0;6.45114;0;0;-1
0;932;-12.2009;52.5422;48.7826;9.02879;3083.03;5.42888;0;0;0.1;0.01;0;7.20855;0;0;-1
0;933;-11.7505;69.7927;48.0779;10.1432;4371.33;6.09896;0;0;0.1;0.01;0;5.86679;0;0;-1
0;934;-12.8196;86.6145;47.9959;8.5;2572.44;5.11093;0;0;0.1;0.01;0;1.6657;1;0;-1
0;935;2.05525;-73.1389;45.8834;8.5;2572.44;5.11093;0;0;0.1;0.01;0;4.91136;1;0;-1
0;936;1.61402;-59.4363;46.6206;8.99434;3047.87;5.40817;0;0;0.1;0.01;0;5.60853;0;0;-1
0;937;2.35432;-42.2784;46.9558;9.40872;3488.83;5.65733;0;0;0.1;0.01;0;5.65177;0;0;-1
0;938;1.44595;-22.4064;48.509;9.3869;3464.62;5.64421;0;0;0.1;0.01;0;5.82128;0;0;-1
0;939;4.30885;-5.38818;49.0399;9.50215;3593.8;5.7135;0;0;0.1;0.01;0;6.81277;0;0;-1
0;940;3.22375;8.86729;49.2401;9.40384;3483.41;5.65439;0;0;0.1;0.01;0;5.80898;0;0;-1
0;941;1.82201;29.6368;47.3228;8.5;2572.44;5.11093;0;0;0.1;0.01;0;5.05082;1;0;-1
0;942;1.08429;45.5459;47.6023;8.53776;2606.88;5.13363;0;0;0.1;0.01;0;6.17151;0;0;-1
0;943;1.4854;60.6217;45.6682;9.03964;3094.15;5.4354;0;0;0.1;0.01;0;5.43644;0;0;-1
0;944;4.93447;79.7309;48.6596;10.1102;4328.8;6.07912;0;0;0.1;0.01;0;3.00346;0;0;-1
0;945;18.9279;-84.4728;48.893;8.82496;2878.9;5.30632;0;0;0.1;0.01;0;1.95455;0;0;-1
0;946;18.2829;-65.9346;46.7087;9.13393;3191.99;5.4921;0;0;0.1;0.01;0;4.69443;0;0;-1
0;947;16.926;-49.4115;46.2861;8.5;2572.44;5.11093;0;0;0.1;0.01;0;4.61468;1;0;-1
0;948;19.3945;-34.4006;45.9312;10.2763;4545.68;6.17899;0;0;0.1;0.01;0;6.56815;0;0;-1
0;949;16.1485;-14.863;48.4612;9.22523;3288.67;5.547;0;0;0.1;0.01;0;6.34193;0;0;-1
0;950;18.7792;1.80553;48.5197;8.50641;2578.26;5.11478;0;0;0.1;0.01;0;5.65836;0;0;-1
0;951;17.3897;17.4863;46.7754;9.55479;3653.86;5.74516;0;0;0.1;0.01;0;5.2358;0;0;-1
0;952;16.0233;36.3988;49.0154;8.5;2572.44;5.11093;0;0;0.1;0.01;0;4.95215;1;0;-1
0;953;19.2418;50.8467;45.5692;9.03341;3087.76;5.43166;0;0;0.1;0.01;0;5.111;0;0;-1
0;954;17.4149;71.098;46.797;9.52319;3617.73;5.72616;0;0;0.1;0.01;0;4.54208;0;0;-1
0;955;33.2078;-74.2769;48.7912;8.9766;3029.87;5.3975;0;0;0.1;0.01;0;3.24385;0;0;-1
0;956;33.1112;-57.1334;47.8292;9.60965;3717.16;5.77814;0;0;0.1;0.01;0;6.04656;0;0;-1
0;957;33.4762;-39.2141;45.8213;9.85133;4004.73;5.92346;0;0;0.1;0.01;0;6.54245;0;0;-1
0;958;30.7964;-22.5143;46.1713;9.98303;4167.5;6.00265;0;0;0.1;0.01;0;6.38981;0;0;-1
0;959;31.9824;-5.04367;47.7723;9.48791;3577.67;5.70494;0;0;0.1;0.01;0;5.83352;0;0;-1
0;960;33.2545;12.0627;47.642;9.44032;3524.1;5.67633;0;0;0.1;0.01;0;5.47968;0;0;-1
0;961;30.6865;25.7832;46.9764;9.75134;3884.02;5.86334;0;0;0.1;0.01;0;6.52692;0;0;-1
0;962;32.7091;43.2078;48.5149;8.95476;3007.81;5.38437;0;0;0.1;0.01;0;6.11696;0;0;-1
0;963;31.8851;59.3288;48.615;9.99243;4179.28;6.0083;0;0;0.1;0.01;0;6.93109;0;0;-1
0;964;30.9354;76.2501;47.6969;9.44588;3530.33;5.67967;0;0;0.1;0.01;0;4.12586;0;0;-1
0;965;45.9697;-63.7012;46.5686;8.50235;2574.57;5.11234;0;0;0.1;0.01;0;3.30832;0;0;-1
0;966;46.1771;-47.4742;47.573;10.2055;4452.37;6.13642;0;0;0.1;0.01;0;6.42918;0;0;-1
0;967;47.6501;-31.4574;46.2951;8.5;2572.44;5.11093;0;0;0.1;0.01;0;5.04395;1;0;-1
0;968;45.2298;-13.9434;49.0283;9.26855;3335.22;5.57304;0;0;0.1;0.01;0;5.88874;0;0;-1
0;969;45.8983;-0.221301;45.3756;8.5;2572.44;5.11093;0;0;0.1;0.01;0;5.34741;1;0;-1
0;970;47.7151;20.7858;46.8804;10.0206;4214.73;6.02524;0;0;0.1;0.01;0;7.16669;0;0;-1
0;971;45.3025;36.6209;48.5923;9.44979;3534.72;5.68202;0;0;0.1;0.01;0;6.80101;0;0;-1
0;972;46.4716;54.7706;49.1062;9.69619;3818.49;5.83018;0;0;0.1;0.01;0;5.88178;0;0;-1
0;973;45.6628;72.0104;48.4216;9.86394;4020.13;5.93104;0;0;0.1;0.01;0;3.34258;0;0;-1
0;974;63.7032;-58.7661;46.4825;8.74716;2803.43;5.25954;0;0;0.1;0.01;0;2.38239;0;0;-1
0;975;62.0108;-42.3756;47.6484;9.36522;3440.67;5.63117;0;0;0.1;0.01;0;5.04928;0;0;-1
0;976;59.8988;-24.0743;48.5209;8.5;2572.44;5.11093;0;0;0.1;0.01;0;4.8603;1;0;-1
0;977;63.6078;-8.6984;46.8201;10.1425;4370.42;6.09854;0;0;0.1;0.01;0;6.6717;0;0;-1
0;978;60.6625;8.13258;47.1513;9.86993;4027.46;5.93465;0;0;0.1;0.01;0;6.38344;0;0;-1
0;979;61.5223;26.8081;46.1104;9.90075;4065.3;5.95318;0;0;0.1;0.01;0;6.42615;0;0;-1
0;980;60.1708;43.6492;46.0407;10.1384;4365.13;6.09607;0;0;0.1;0.01;0;6.24432;0;0;-1
0;981;61.1668;61.001;46.9928;9.12844;3186.24;5.4888;0;0;0.1;0.01;0;3.76154;0;0;-1
0;982;77.2952;-30.3727;48.6436;8.61289;2676.3;5.17881;0;0;0.1;0.01;0;2.62454;0;0;-1
0;983;77.1322;-17.1023;47.7325;8.5;2572.44;5.11093;0;0;0.1;0.01;0;3.16147;1;0;-1
0;984;75.5689;1.83105;46.5514;9.84126;3992.46;5.91741;0;0;0.1;0.01;0;5.04616;0;0;-1
0;985;78.6887;17.3399;48.8029;10.0526;4255.24;6.04448;0;0;0.1;0.01;0;4.18556;0;0;-1
0;986;75.2839;34.6939;45.9236;10.2898;4563.62;6.18711;0;0;0.1;0.01;0;4.40578;0;0;-1
0;987;-65.6114;-30.2876;62.2647;8.57744;2643.39;5.15749;0;0;0.1;0.01;0;3.43856;0;0;-1
0;988;-66.5782;-15.4222;63.5501;8.87947;2932.58;5.3391;0;0;0.1;0.01;0;3.54097;0;0;-1
0;989;-66.6907;0.550619;61.3375;8.52153;2592.04;5.12387;0;0;0.1;0.01;0;3.47906;0;0;-1
0;990;-66.1527;19.5143;63.9369;9.60852;3715.85;5.77746;0;0;0.1;0.01;0;3.35453;0;0;-1
0;991;-51.8217;-58.4796;60.4438;9.06277;3117.97;5.44931;0;0;0.1;0.01;0;2.13813;0;0;-1
0;992;-51.4191;-38.7589;63.6277;10.4312;4754.35;6.27213;0;0;0.1;0.01;0;5.19837;0;0;-1
0;993;-50.751;-24.502;63.3013;8.99047;3043.94;5.40584;0;0;0.1;0.01;0;6.41193;0;0;-1
0;994;-52.7026;-8.79248;61.3384;8.75928;2815.1;5.26683;0;0;0.1;0.01;0;4.57457;0;0;-1
0;995;-53.4872;10.3275;61.6439;10.3467;4639.75;6.22132;0;0;0.1;0.01;0;5.60362;0;0;-1
0;996;-53.021;27.1203;62.1074;8.5119;2583.26;5.11808;0;0;0.1;0.01;0;4.04304;0;0;-1
0;997;-51.7521;46.5246;61.8009;9.49673;3587.66;5.71025;0;0;0.1;0.01;0;3.02812;0;0;-1
0;998;-36.374;-47.5552;60.5185;9.31429;3384.84;5.60055;0;0;0.1;0.01;0;6.18461;0;0;-1
0;999;-36.9143;-33.1669;64.1655;8.56914;2635.73;5.1525;0;0;0.1;0.01;0;5.89218;0;0;-1
0;1000;-35.4741;-15.653;62.6712;9.77893;3917.08;5.87993;0;0;0.1;0.01;0;6.62035;0;0;-1
0;1001;-36.165;1.45776;63.9691;8.73934;2795.92;5.25484;0;0;0.1;0.01;0;4.87743;0;0;-1
0;1002;-35.0656;19.5909;62.225;8.80965;2863.94;5.29711;0;0;0.1;0.01;0;5.8896;0;0;-1
0;1003;-35.2266;37.0895;60.6582;9.96828;4149.06;5.99378;0;0;0.1;0.01;0;6.2936;0;0;-1
0;1004;-38.3038;52.2601;63.8417;9.47991;3568.63;5.70013;0;0;0.1;0.01;0;3.94592;0;0;-1
0;1005;-38.3164;67.958;60.6981;9.61487;3723.22;5.78128;0;0;0.1;0.01;0;3.18378;0;0;-1
0;1006;-21.3209;-73.2356;63.7642;8.5;2572.44;5.11093;0;0;0.1;0.01;0;1.71303;1;0;-1
0;1007;-23.2909;-57.027;62.2428;10.4;4711.82;6.25337;0;0;0.1;0.01;0;6.1871;0;0;-1
0;1008;-22.2424;-40.8645;61.3916;10.2717;4539.58;6.17622;0;0;0.1;0.01;0;8.02901;0;0;-1
0;1009;-21.3022;-22.7322;63.6578;8.53442;2603.82;5.13162;0;0;0.1;0.01;0;6.243;0;0;-1
0;1010;-21.9744;-5.5685;62.1275;10.3597;4657.26;6.22914;0;0;0.1;0.01;0;6.43859;0;0;-1
0;1011;-22.123;10.5214;60.8528;8.5;2572.44;5.11093;0;0;0.1;0.01;0;3.63188;1;0;-1
0;1012;-23.783;26.806;63.527;9.01866;3072.66;5.42279;0;0;0.1;0.01;0;4.69539;0;0;-1
0;1013;-22.4087;44.4756;62.8095;9.87176;4029.7;5.93575;0;0;0.1;0.01;0;6.77153;0;0;-1
0;1014;-21.8343;59.7034;60.1772;8.81698;2871.1;5.30152;0;0;0.1;0.01;0;5.43653;0;0;-1
0;1015;-7.8744;-67.6935;60.3452;8.52518;2595.37;5.12607;0;0;0.1;0.01;0;3.8902;0;0;-1
0;1016;-7.86945;-47.7043;63.1281;10.2311;4485.96;6.15181;0;0;0.1;0.01;0;6.713;0;0;-1
0;1017;-5.56445;-29.8867;63.395;9.05885;3113.92;5.44696;0;0;0.1;0.01;0;6.57525;0;0;-1
0;1018;-6.85259;-15.3316;60.9709;8.54701;2615.36;5.13919;0;0;0.1;0.01;0;6.62652;0;0;-1
0;1019;-8.78392;0.620152;60.773;8.5;2572.44;5.11093;0;0;0.1;0.01;0;4.71285;1;0;-1
0;1020;-6.95557;20.8322;60.3886;8.92528;2978.2;5.36664;0;0;0.1;0.01;0;4.61622;0;0;-1
0;1021;-8.83227;36.0089;63.5749;9.68264;3802.51;5.82203;0;0;0.1;0.01;0;7.04837;0;0;-1
0;1022;-6.47586;52.1418;61.032;9.64341;3756.48;5.79844;0;0;0.1;0.01;0;7.57996;0;0;-1
0;1023;-7.43514;67.6701;60.8767;10.3052;4584.14;6.19637;0;0;0.1;0.01;0;4.93487;0;0;-1
0;1024;5.32177;-73.7701;61.9509;8.5;2572.44;5.11093;0;0;0.1;0.01;0;2.23724;1;0;-1
0;1025;6.87323;-57.4073;62.3015;10.176;4413.87;6.11868;0;0;0.1;0.01;0;5.81553;0;0;-1
0;1026;7.74192;-39.3535;61.0312;8.5;2572.44;5.11093;0;0;0.1;0.01;0;4.55226;1;0;-1
0;1027;6.38227;-22.6918;62.3452;9.92312;4092.92;5.96663;0;0;0.1;0.01;0;6.71068;0;0;-1
0;1028;9.17451;-6.37462;62.47;10.2402;4497.94;6.15728;0;0;0.1;0.01;0;6.85704;0;0;-1
0;1029;8.7819;12.1965;62.2405;8.66534;2725.5;5.21034;0;0;0.1;0.01;0;4.78872;0;0;-1
0;1030;7.91654;26.3255;63.4107;8.5;2572.44;5.11093;0;0;0.1;0.01;0;5.49407;1;0;-1
0;1031;7.4247;42.07;60.0808;10.2988;4575.6;6.19252;0;0;0.1;0.01;0;6.63357;0;0;-1
0;1032;6.63861;63.0884;63.2916;9.3194;3390.41;5.60362;0;0;0.1;0.01;0;4.62137;0;0;-1
0;1033;21.3065;-63.864;60.9579;8.5;2572.44;5.11093;0;0;0.1;0.01;0;3.70167;1;0;-1
0;1034;23.2567;-50.2948;61.9523;8.5;2572.44;5.11093;0;0;0.1;0.01;0;4.43463;1;0;-1
0;1035;20.9409;-32.3624;61.0297;8.5;2572.44;5.11093;0;0;0.1;0.01;0;3.83307;1;0;-1
0;1036;24.2148;-12.6674;60.3649;8.5;2572.44;5.11093;0;0;0.1;0.01;0;5.40573;1;0;-1
0;1037;20.6109;2.95279;61.7803;8.5;2572.44;5.11093;0;0;0.1;0.01;0;5.06613;1;0;-1
0;1038;23.0804;19.7948;63.7331;10.3275;4613.96;6.20978;0;0;0.1;0.01;0;7.34235;0;0;-1
0;1039;21.9265;37.8402;63.1515;8.70203;2760.26;5.2324;0;0;0.1;0.01;0;5.68685;0;0;-1
0;1040;21.5758;53.158;60.4293;8.5;2572.44;5.11093;0;0;0.1;0.01;0;5.29538;1;0;-1
0;1041;22.1347;69.1072;61.3901;9.0674;3122.75;5.4521;0;0;0.1;0.01;0;3.39089;0;0;-1
0;1042;34.6683;-59.7301;63.5402;8.5;2572.44;5.11093;0;0;0.1;0.01;0;2.17406;1;0;-1
0;1043;36.1555;-39.3452;62.573;9.23923;3303.66;5.55541;0;0;0.1;0.01;0;4.51256;0;0;-1
0;1044;38.1844;-22.8136;61.8947;8.81792;2872.02;5.30209;0;0;0.1;0.01;0;4.89333;0;0;-1
0;1045;35.7987;-5.05765;62.6102;8.95321;3006.25;5.38344;0;0;0.1;0.01;0;4.80247;0;0;-1
0;1046;38.2676;12.2857;61.3807;9.45337;3538.74;5.68417;0;0;0.1;0.01;0;5.64773;0;0;-1
0;1047;37.9527;26.2059;60.2501;8.5;2572.44;5.11093;0;0;0.1;0.01;0;6.73227;1;0;-1
0;1048;35.5226;43.36;63.518;9.23679;3301.05;5.55395;0;0;0.1;0.01;0;5.62914;0;0;-1
0;1049;38.6656;60.4772;63.3818;9.72555;3853.28;5.84783;0;0;0.1;0.01;0;3.94656;0;0;-1
0;1050;53.4548;-48.7321;61.744;9.52246;3616.9;5.72572;0;0;0.1;0.01;0;3.22498;0;0;-1
0;1051;50.3691;-33.3897;60.8875;8.5;2572.44;5.11093;0;0;0.1;0.01;0;4.87646;1;0;-1
0;1052;51.0258;-15.2834;62.1412;9.58171;3684.83;5.76134;0;0;0.1;0.01;0;5.69835;0;0;-1
0;1053;50.0356;0.793459;62.6936;8.5;2572.44;5.11093;0;0;0.1;0.01;0;4.12903;1;0;-1
0;1054;50.5508;20.6974;60.9314;8.5;2572.44;5.11093;0;0;0.1;0.01;0;5.72269;1;0;-1
0;1055;50.8719;34.8039;61.8166;9.8158;3961.56;5.9021;0;0;0.1;0.01;0;6.01757;0;0;-1
0;1056;53.6966;53.0073;62.7378;10.1404;4367.71;6.09728;0;0;0.1;0.01;0;3.14207;0;0;-1
0;1057;67.0788;-40.8598;60.8972;10.4293;4751.76;6.27099;0;0;0.1;0.01;0;2.85287;0;0;-1
0;1058;64.4532;-21.5175;62.1479;8.5;2572.44;5.11093;0;0;0.1;0.01;0;2.95839;1;0;-1
0;1059;64.4378;-5.43752;61.8739;8.5;2572.44;5.11093;0;0;0.1;0.01;0;4.08072;1;0;-1
0;1060;66.7729;9.19604;60.6552;9.7064;3830.57;5.83632;0;0;0.1;0.01;0;3.28727;0;0;-1
0;1061;65.1716;25.0286;60.1623;8.80062;2855.15;5.29169;0;0;0.1;0.01;0;2.81982;0;0;-1
0;1062;-54.4228;-23.7622;75.9822;9.34551;3418.99;5.61932;0;0;0.1;0.01;0;3.60389;0;0;-1
0;1063;-56.5118;-4.70393;78.7028;8.5;2572.44;5.11093;0;0;0.1;0.01;0;1.6627;1;0;-1
0;1064;-54.9457;10.6816;76.2449;9.32397;3395.4;5.60637;0;0;0.1;0.01;0;3.90398;0;0;-1
0;1065;-56.4429;29.7253;75.0139;10.447;4775.99;6.28163;0;0;0.1;0.01;0;3.23411;0;0;-1
0;1066;-40.0325;-48.9628;77.0228;8.5;2572.44;5.11093;0;0;0.1;0.01;0;2.24666;1;0;-1
0;1067;-42.2503;-30.7962;77.7902;8.79456;2849.25;5.28804;0;0;0.1;0.01;0;4.74927;0;0;-1
0;1068;-40.3995;-15.9275;75.0952;9.98709;4172.59;6.00509;0;0;0.1;0.01;0;6.54712;0;0;-1
0;1069;-40.4526;2.86551;77.948;9.51488;3608.27;5.72116;0;0;0.1;0.01;0;5.7304;0;0;-1
0;1070;-41.6313;17.7788;74.6494;8.54694;2615.29;5.13915;0;0;0.1;0.01;0;5.55045;0;0;-1
0;1071;-39.3203;33.6815;76.4746;9.87209;4030.1;5.93594;0;0;0.1;0.01;0;4.14406;0;0;-1
0;1072;-24.3923;-55.1639;76.9415;9.73996;3870.44;5.8565;0;0;0.1;0.01;0;3.46691;0;0;-1
0;1073;-26.2716;-40.8492;74.9517;9.02504;3079.19;5.42663;0;0;0.1;0.01;0;5.5042;0;0;-1
0;1074;-27.4692;-23.1546;76.5336;10.0637;4269.35;6.05116;0;0;0.1;0.01;0;7.0136;0;0;-1
0;1075;-27.2497;-4.51932;77.9;9.34698;3420.6;5.6202;0;0;0.1;0.01;0;6.55009;0;0;-1
0;1076;-24.9807;12.2912;77.0436;9.04555;3100.23;5.43896;0;0;0.1;0.01;0;5.77613;0;0;-1
0;1077;-25.789;26.5313;77.3023;9.31413;3384.66;5.60045;0;0;0.1;0.01;0;5.89788;0;0;-1
0;1078;-25.3436;43.7278;77.7631;9.28589;3353.97;5.58347;0;0;0.1;0.01;0;3.80729;0;0;-1
0;1079;-10.066;-47.8101;76.401;8.80812;2862.45;5.29619;0;0;0.1;0.01;0;4.92309;0;0;-1
0;1080;-12.4512;-31.1467;76.4169;10.2266;4480.05;6.14911;0;0;0.1;0.01;0;7.47823;0;0;-1
0;1081;-12.8006;-16.1723;74.6126;9.40462;3484.27;5.65486;0;0;0.1;0.01;0;7.35145;0;0;-1
0;1082;-13.5666;0.328486;78.4987;10.2202;4471.64;6.14526;0;0;0.1;0.01;0;6.59538;0;0;-1
0;1083;-11.4813;20.5744;78.3179;8.95194;3004.97;5.38267;0;0;0.1;0.01;0;5.81041;0;0;-1
0;1084;-10.8865;36.5112;76.7778;10.0821;4292.81;6.06222;0;0;0.1;0.01;0;7.27603;0;0;-1
0;1085;-11.9884;51.5967;76.3131;9.93362;4105.93;5.97294;0;0;0.1;0.01;0;4.78205;0;0;-1
0;1086;3.54475;-58.8466;76.6057;10.3992;4710.73;6.25289;0;0;0.1;0.01;0;3.37077;0;0;-1
0;1087;1.37926;-42.2281;78.4855;8.5;2572.44;5.11093;0;0;0.1;0.01;0;4.976;1;0;-1
0;1088;4.76593;-23.2427;76.3345;10.0445;4244.96;6.03961;0;0;0.1;0.01;0;6.80855;0;0;-1
0;1089;1.29794;-7.59461;78.2448;9.92445;4094.57;5.96743;0;0;0.1;0.01;0;6.26906;0;0;-1
0;1090;3.27217;11.4159;77.6352;8.90179;2954.75;5.35252;0;0;0.1;0.01;0;4.53797;0;0;-1
0;1091;1.5065;27.3606;77.7786;9.65841;3774.03;5.80746;0;0;0.1;0.01;0;7.23742;0;0;-1
0;1092;2.5413;42.495;76.4681;10.3015;4579.2;6.19414;0;0;0.1;0.01;0;6.33641;0;0;-1
0;1093;4.04535;61.3725;76.5703;9.70352;3827.16;5.83459;0;0;0.1;0.01;0;3.29155;0;0;-1
0;1094;16.4755;-49.5984;74.9928;8.82222;2876.22;5.30467;0;0;0.1;0.01;0;3.51512;0;0;-1
0;1095;17.4662;-30.7389;77.844;9.94785;4123.6;5.9815;0;0;0.1;0.01;0;6.04451;0;0;-1
0;1096;18.495;-13.121;74.6084;9.11763;3174.93;5.4823;0;0;0.1;0.01;0;6.1418;0;0;-1
0;1097;16.7249;3.34354;76.3025;8.78297;2838;5.28107;0;0;0.1;0.01;0;5.2531;0;0;-1
0;1098;18.4128;20.127;76.7556;8.5;2572.44;5.11093;0;0;0.1;0.01;0;5.80972;1;0;-1
0;1099;18.6049;33.9806;76.014;10.0972;4312.13;6.0713;0;0;0.1;0.01;0;7.30735;0;0;-1
0;1100;18.5673;54.4275;76.1444;9.59276;3697.6;5.76799;0;0;0.1;0.01;0;3.60063;0;0;-1
0;1101;32.5477;-40.2005;76.429;10.1849;4425.47;6.12403;0;0;0.1;0.01;0;3.81323;0;0;-1
0;1102;31.2491;-22.945;78.5576;10.1291;4353.13;6.09048;0;0;0.1;0.01;0;5.58232;0;0;-1
0;1103;31.1765;-5.98447;77.3463;8.5572;2624.72;5.14532;0;0;0.1;0.01;0;5.201;0;0;-1
0;1104;32.3739;11.7428;76.1702;9.07028;3125.72;5.45383;0;0;0.1;0.01;0;4.46493;0;0;-1
0;1105;34.516;28.4101;76.6502;10.3011;4578.67;6.1939;0;0;0.1;0.01;0;5.87537;0;0;-1
0;1106;30.9565;46.4957;78.1582;10.3268;4613.03;6.20935;0;0;0.1;0.01;0;4.16946;0;0;-1
0;1107;49.0857;-30.3936;78.6657;9.26179;3327.92;5.56898;0;0;0.1;0.01;0;1.69051;0;0;-1
0;1108;45.4503;-13.8834;75.3083;8.5304;2600.14;5.12921;0;0;0.1;0.01;0;4.76063;0;0;-1
0;1109;47.4445;0.401959;77.9825;8.55106;2619.08;5.14163;0;0;0.1;0.01;0;3.45404;0;0;-1
0;1110;48.3215;20.0377;74.9233;9.58572;3689.46;5.76375;0;0;0.1;0.01;0;3.86946;0;0;-1
0;1111;49.0122;36.2381;77.463;8.5;2572.44;5.11093;0;0;0.1;0.01;0;2.34151;1;0;-1
0;1112;60.4379;-6.10234;78.4438;8.5;2572.44;5.11093;0;0;0.1;0.01;0;1.59545;1;0;-1
0;1113;-36.2676;-15.7305;89.6408;9.8315;3980.59;5.91154;0;0;0.1;0.01;0;4.24705;0;0;-1
0;1114;-36.4136;1.56548;91.2425;8.5;2572.44;5.11093;0;0;0.1;0.01;0;3.92191;1;0;-1
0;1115;-38.447;16.9525;89.8861;10.0141;4206.53;6.02133;0;0;0.1;0.01;0;3.76996;0;0;-1
0;1116;-21.1017;-24.4692;90.0451;10.4526;4783.67;6.285;0;0;0.1;0.01;0;4.94998;0;0;-1
0;1117;-23.4136;-6.36265;93.074;10.0382;4236.98;6.03582;0;0;0.1;0.01;0;4.54177;0;0;-1
0;1118;-22.74;11.6886;89.7633;8.5;2572.44;5.11093;0;0;0.1;0.01;0;4.56495;1;0;-1
0;1119;-21.6272;27.6356;93.3777;10.1704;4406.59;6.11531;0;0;0.1;0.01;0;3.63719;0;0;-1
0;1120;-7.47902;-31.472;90.7921;9.99572;4183.41;6.01028;0;0;0.1;0.01;0;4.74616;0;0;-1
0;1121;-8.53455;-14.0087;89.4487;9.49792;3589.01;5.71096;0;0;0.1;0.01;0;6.43252;0;0;-1
0;1122;-6.51428;1.18082;92.6629;9.92513;4095.41;5.96784;0;0;0.1;0.01;0;5.31218;0;0;-1
0;1123;-5.80946;19.1342;93.3189;10.3778;4681.71;6.24002;0;0;0.1;0.01;0;5.37664;0;0;-1
0;1124;-7.61158;35.0436;92.3579;8.5;2572.44;5.11093;0;0;0.1;0.01;0;3.71036;1;0;-1
0;1125;5.42004;-38.569;92.1437;8.64182;2703.36;5.1962;0;0;0.1;0.01;0;2.7742;0;0;-1
0;1126;6.63435;-23.3639;92.1196;9.97299;4154.94;5.99661;0;0;0.1;0.01;0;4.85974;0;0;-1
0;1127;7.3272;-5.03907;91.6081;9.76217;3896.98;5.86985;0;0;0.1;0.01;0;4.37044;0;0;-1
0;1128;6.66405;10.8049;91.2159;9.29955;3368.79;5.59168;0;0;0.1;0.01;0;4.12144;0;0;-1
0;1129;6.09833;28.7525;90.0582;9.47028;3557.76;5.69434;0;0;0.1;0.01;0;5.33273;0;0;-1
0;1130;23.7553;-31.9739;89.8606;8.5;2572.44;5.11093;0;0;0.1;0.01;0;2.94899;1;0;-1
0;1131;20.7078;-13.4754;89.3511;8.96289;3016.01;5.38926;0;0;0.1;0.01;0;4.82446;0;0;-1
0;1132;22.7926;0.119969;90.1643;8.56343;2630.46;5.14907;0;0;0.1;0.01;0;3.47003;0;0;-1
0;1133;20.0103;20.8215;90.9631;8.88242;2935.5;5.34087;0;0;0.1;0.01;0;3.25317;0;0;-1
0;1134;20.8932;36.7146;90.3415;8.61361;2676.97;5.17924;0;0;0.1;0.01;0;2.72081;0;0;-1
0;1135;37.3223;-7.8062;89.7312;9.767;3902.76;5.87276;0;0;0.1;0.01;0;3.63725;0;0;-1
0;1136;35.4259;9.72788;91.1584;8.5238;2594.11;5.12524;0;0;0.1;0.01;0;1.9652;0;0;-1
