Time;ID;x;y;z;radius;volume_total;radius_nuclear;contact_ECM;freezer;polarized_fraction;motility;cell_line;Cell_cell;phase;Cycle;NFkB
0;0;-51.3166;-4.61173;-83.4228;8.5;2572.44;5.11093;0;0;0.1;0.01;0;2.64515;1;0;-1
0;1;-37.4328;-33.3437;-84.6861;9.8791;4038.69;5.94016;0;0;0.1;0.01;0;2.67622;0;0;-1
0;2;-37.6549;-13.828;-86.4842;8.5;2572.44;5.11093;0;0;0.1;0.01;0;2.65097;1;0;-1
0;3;-38.5111;0.47184;-85.5949;8.93259;2985.53;5.37104;0;0;0.1;0.01;0;2.49573;0;0;-1
0;4;-35.491;20.6069;-84.3398;10.0373;4235.84;6.03528;0;0;0.1;0.01;0;3.05317;0;0;-1
0;5;-21.8026;-40.6296;-87.2603;9.31441;3384.97;5.60062;0;0;0.1;0.01;0;2.80832;0;0;-1
0;6;-20.5441;-22.4022;-85.9341;8.72424;2781.45;5.24576;0;0;0.1;0.01;0;4.24084;0;0;-1
0;7;-21.0289;-8.41716;-84.509;8.68751;2746.47;5.22367;0;0;0.1;0.01;0;4.10738;0;0;-1
0;8;-20.3083;10.7185;-85.97;8.9461;2999.09;5.37916;0;0;0.1;0.01;0;3.39607;0;0;-1
0;9;-22.2965;28.7594;-84.0068;9.1147;3171.87;5.48054;0;0;0.1;0.01;0;3.81305;0;0;-1
0;10;-8.84279;-49.3326;-83.4167;10.3831;4688.89;6.24321;0;0;0.1;0.01;0;3.60926;0;0;-1
0;11;-7.09672;-30.7518;-87.1624;9.25676;3322.5;5.56596;0;0;0.1;0.01;0;4.75389;0;0;-1
0;12;-6.80854;-16.6172;-86.2482;8.92614;2979.06;5.36716;0;0;0.1;0.01;0;5.07857;0;0;-1
0;13;-6.5941;0.143153;-85.5142;10.1914;4433.94;6.12794;0;0;0.1;0.01;0;5.02077;0;0;-1
0;14;-7.56718;20.0313;-83.7595;10.1998;4444.92;6.13299;0;0;0.1;0.01;0;5.00829;0;0;-1
0;15;-7.67518;38.2915;-83.9361;9.71243;3837.71;5.83994;0;0;0.1;0.01;0;3.321;0;0;-1
0;16;7.4451;-40.869;-85.9525;10.0896;4302.4;6.06673;0;0;0.1;0.01;0;4.8479;0;0;-1
0;17;6.40237;-24.2346;-83.4856;10.0954;4309.82;6.07022;0;0;0.1;0.01;0;6.03828;0;0;-1
0;18;8.72506;-6.01878;-85.8373;8.76963;2825.09;5.27305;0;0;0.1;0.01;0;3.89307;0;0;-1
0;19;6.48084;10.9329;-86.759;8.73724;2793.9;5.25358;0;0;0.1;0.01;0;2.66872;0;0;-1
0;20;7.75247;27.7534;-87.3863;8.84193;2895.54;5.31652;0;0;0.1;0.01;0;3.18491;0;0;-1
0;21;8.8768;45.3832;-83.5766;10.2972;4573.47;6.19156;0;0;0.1;0.01;0;3.80234;0;0;-1
0;22;20.2436;-49.1535;-84.4924;9.44966;3534.57;5.68194;0;0;0.1;0.01;0;3.23568;0;0;-1
0;23;23.3364;-34.0334;-86.6662;10.0918;4305.21;6.06805;0;0;0.1;0.01;0;5.12366;0;0;-1
0;24;20.6098;-15.7247;-84.9672;8.5;2572.44;5.11093;0;0;0.1;0.01;0;3.28273;1;0;-1
0;25;22.4757;3.454;-86.8643;8.58914;2654.22;5.16453;0;0;0.1;0.01;0;3.59217;0;0;-1
0;26;23.6308;20.3907;-84.4881;8.88816;2941.2;5.34432;0;0;0.1;0.01;0;4.47648;0;0;-1
0;27;23.5478;37.7399;-84.8679;9.8457;3997.87;5.92008;0;0;0.1;0.01;0;3.69299;0;0;-1
0;28;36.3517;-40.1952;-83.6467;9.99562;4183.29;6.01022;0;0;0.1;0.01;0;3.76899;0;0;-1
0;29;35.47;-25.5418;-86.1204;8.5;2572.44;5.11093;0;0;0.1;0.01;0;3.01676;1;0;-1
0;30;37.2083;-5.59545;-85.3;10.2046;4451.19;6.13588;0;0;0.1;0.01;0;2.52891;0;0;-1
0;31;36.5611;10.859;-83.9721;10.2277;4481.49;6.14977;0;0;0.1;0.01;0;3.93773;0;0;-1
0;32;37.588;26.9772;-83.9293;10.0868;4298.82;6.06505;0;0;0.1;0.01;0;4.35725;0;0;-1
0;33;-70.5266;-14.7625;-69.3752;9.3986;3477.59;5.65124;0;0;0.1;0.01;0;2.28022;0;0;-1
0;34;-57.81;-39.4465;-71.3448;9.97762;4160.73;5.9994;0;0;0.1;0.01;0;3.10575;0;0;-1
0;35;-56.6643;-25.1898;-72.4928;9.30194;3371.39;5.59312;0;0;0.1;0.01;0;3.99746;0;0;-1
0;36;-54.76;-8.8974;-70.8552;8.5;2572.44;5.11093;0;0;0.1;0.01;0;4.50371;1;0;-1
0;37;-56.2924;9.8541;-69.7935;10.3383;4628.45;6.21627;0;0;0.1;0.01;0;3.50705;0;0;-1
0;38;-57.7921;28.4737;-71.5017;8.5;2572.44;5.11093;0;0;0.1;0.01;0;2.15728;1;0;-1
0;39;-54.6559;46.9013;-68.5813;9.52835;3623.61;5.72926;0;0;0.1;0.01;0;3.24021;0;0;-1
0;40;-41.5514;-51.3151;-72.6811;9.08313;3139.03;5.46155;0;0;0.1;0.01;0;2.10871;0;0;-1
0;41;-41.3967;-30.4559;-70.9862;9.44447;3528.75;5.67882;0;0;0.1;0.01;0;5.73783;0;0;-1
0;42;-42.2339;-16.6248;-69.6714;10.4347;4759.14;6.27423;0;0;0.1;0.01;0;6.85616;0;0;-1
0;43;-39.4092;1.73349;-69.0989;8.5;2572.44;5.11093;0;0;0.1;0.01;0;4.21988;1;0;-1
0;44;-42.3623;16.7608;-69.0627;8.5;2572.44;5.11093;0;0;0.1;0.01;0;5.51181;1;0;-1
0;45;-42.4223;34.2525;-69.8618;9.48534;3574.76;5.7034;0;0;0.1;0.01;0;5.21246;0;0;-1
0;46;-41.2151;53.4647;-69.4155;8.5;2572.44;5.11093;0;0;0.1;0.01;0;3.8046;1;0;-1
0;47;-26.584;-57.1986;-70.3612;8.69547;2754.02;5.22846;0;0;0.1;0.01;0;4.02366;0;0;-1
0;48;-28.5598;-42.5893;-68.4938;10.4235;4743.83;6.2675;0;0;0.1;0.01;0;6.38637;0;0;-1
0;49;-26.2534;-24.7391;-70.6812;8.78999;2844.81;5.28529;0;0;0.1;0.01;0;5.81334;0;0;-1
0;50;-24.7281;-8.81353;-71.861;8.5;2572.44;5.11093;0;0;0.1;0.01;0;4.47541;1;0;-1
0;51;-26.8791;11.1073;-69.6525;9.33999;3412.93;5.616;0;0;0.1;0.01;0;5.35162;0;0;-1
0;52;-26.0028;26.9255;-69.2392;10.0291;4225.46;6.03035;0;0;0.1;0.01;0;6.56843;0;0;-1
0;53;-27.6145;43.7333;-70.6724;9.33376;3406.11;5.61225;0;0;0.1;0.01;0;4.60001;0;0;-1
0;54;-27.1652;62.1972;-69.8062;9.79464;3935.99;5.88937;0;0;0.1;0.01;0;3.73903;0;0;-1
0;55;-13.5691;-63.8526;-69.0117;9.87774;4037.02;5.93934;0;0;0.1;0.01;0;4.04207;0;0;-1
0;56;-13.8267;-48.138;-68.3415;8.5;2572.44;5.11093;0;0;0.1;0.01;0;5.72081;1;0;-1
0;57;-11.346;-31.1886;-72.6139;8.91585;2968.77;5.36097;0;0;0.1;0.01;0;5.09859;0;0;-1
0;58;-12.7009;-15.0507;-70.969;9.29638;3365.35;5.58978;0;0;0.1;0.01;0;6.58786;0;0;-1
0;59;-9.95404;1.96457;-71.7773;9.45092;3535.99;5.6827;0;0;0.1;0.01;0;5.81001;0;0;-1
0;60;-11.6478;16.587;-70.1484;8.82064;2874.68;5.30372;0;0;0.1;0.01;0;5.34723;0;0;-1
0;61;-11.8828;36.6286;-70.931;9.09843;3154.92;5.47075;0;0;0.1;0.01;0;4.65072;0;0;-1
0;62;-10.7503;55.0813;-70.36;9.75011;3882.55;5.8626;0;0;0.1;0.01;0;3.31293;0;0;-1
0;63;2.17952;-56.2414;-69.0618;9.01971;3073.73;5.42342;0;0;0.1;0.01;0;4.73932;0;0;-1
0;64;3.94227;-40.1481;-72.0505;8.76763;2823.16;5.27185;0;0;0.1;0.01;0;5.20008;0;0;-1
0;65;2.7188;-22.8986;-68.5013;10.2393;4496.76;6.15674;0;0;0.1;0.01;0;7.07017;0;0;-1
0;66;4.34151;-7.97889;-72.0204;9.90275;4067.77;5.95438;0;0;0.1;0.01;0;6.59432;0;0;-1
0;67;2.35222;10.1682;-69.2171;8.5;2572.44;5.11093;0;0;0.1;0.01;0;4.96767;1;0;-1
0;68;4.39975;26.7916;-69.6961;8.5;2572.44;5.11093;0;0;0.1;0.01;0;4.49283;1;0;-1
0;69;4.43595;45.7961;-70.544;9.40266;3482.1;5.65368;0;0;0.1;0.01;0;6.0721;0;0;-1
0;70;3.50692;63.7131;-70.149;9.87208;4030.09;5.93594;0;0;0.1;0.01;0;3.45474;0;0;-1
0;71;16.3307;-66.2671;-69.8959;9.33398;3406.35;5.61239;0;0;0.1;0.01;0;2.89271;0;0;-1
0;72;15.9667;-47.1669;-70.925;8.71329;2770.99;5.23917;0;0;0.1;0.01;0;4.75308;0;0;-1
0;73;19.2581;-30.204;-70.8784;10.2304;4485.04;6.15139;0;0;0.1;0.01;0;6.8908;0;0;-1
0;74;16.4077;-14.0905;-69.2275;8.5;2572.44;5.11093;0;0;0.1;0.01;0;6.69837;1;0;-1
0;75;16.9982;1.22278;-71.3269;9.24351;3308.26;5.55799;0;0;0.1;0.01;0;5.44135;0;0;-1
0;76;16.0027;18.2061;-69.2084;8.72477;2781.96;5.24608;0;0;0.1;0.01;0;4.9872;0;0;-1
0;77;17.3108;35.4451;-70.6333;9.03495;3089.34;5.43258;0;0;0.1;0.01;0;5.48797;0;0;-1
0;78;19.4557;55.0737;-70.2829;10.194;4437.34;6.1295;0;0;0.1;0.01;0;4.06559;0;0;-1
0;79;31.0816;-57.7941;-69.4679;8.5;2572.44;5.11093;0;0;0.1;0.01;0;3.35983;1;0;-1
0;80;31.7659;-38.5293;-68.4321;9.87873;4038.24;5.93994;0;0;0.1;0.01;0;6.27408;0;0;-1
0;81;32.0136;-21.8257;-69.6524;8.5;2572.44;5.11093;0;0;0.1;0.01;0;4.93418;1;0;-1
0;82;33.3365;-6.34116;-68.8066;9.53103;3626.67;5.73087;0;0;0.1;0.01;0;5.57086;0;0;-1
0;83;30.5725;12.4419;-71.2987;9.73152;3860.39;5.85142;0;0;0.1;0.01;0;6.45332;0;0;-1
0;84;33.6232;28.6036;-68.5211;10.0382;4236.98;6.03582;0;0;0.1;0.01;0;6.8873;0;0;-1
0;85;34.0051;43.7511;-71.9762;8.5;2572.44;5.11093;0;0;0.1;0.01;0;4.23388;1;0;-1
0;86;46.3676;-51.2893;-68.9055;9.61922;3728.28;5.7839;0;0;0.1;0.01;0;2.7589;0;0;-1
0;87;45.9799;-30.4848;-71.9474;9.01313;3067.01;5.41946;0;0;0.1;0.01;0;4.33332;0;0;-1
0;88;47.5553;-13.4179;-72.0016;9.9526;4129.51;5.98435;0;0;0.1;0.01;0;4.8652;0;0;-1
0;89;45.3287;1.65146;-69.0517;8.5;2572.44;5.11093;0;0;0.1;0.01;0;5.76364;1;0;-1
0;90;47.3069;17.1304;-68.953;10.3912;4699.87;6.24808;0;0;0.1;0.01;0;6.38368;0;0;-1
0;91;48.9697;36.8804;-71.9481;10.2103;4458.66;6.13931;0;0;0.1;0.01;0;3.53582;0;0;-1
0;92;46.6999;54.1087;-69.0016;8.5;2572.44;5.11093;0;0;0.1;0.01;0;2.53792;1;0;-1
0;93;60.0246;-25.6684;-72.0492;10.0688;4275.84;6.05422;0;0;0.1;0.01;0;2.75118;0;0;-1
0;94;62.5678;-5.608;-71.9148;8.73835;2794.97;5.25424;0;0;0.1;0.01;0;2.33617;0;0;-1
0;95;61.3288;9.87239;-68.8385;9.81409;3959.49;5.90107;0;0;0.1;0.01;0;3.63537;0;0;-1
0;96;-80.3936;-8.31357;-55.4088;9.69228;3813.88;5.82783;0;0;0.1;0.01;0;2.9625;0;0;-1
0;97;-80.1279;12.4618;-54.334;8.7296;2786.58;5.24898;0;0;0.1;0.01;0;2.6131;0;0;-1
0;98;-65.7589;-48.4216;-54.276;10.1245;4347.2;6.08771;0;0;0.1;0.01;0;4.67919;0;0;-1
0;99;-67.7009;-33.8781;-55.4085;8.95215;3005.18;5.3828;0;0;0.1;0.01;0;3.30406;0;0;-1
0;100;-65.5558;-12.6521;-56.3749;8.50736;2579.13;5.11535;0;0;0.1;0.01;0;4.00056;0;0;-1
0;101;-64.5982;1.73416;-53.9655;9.72048;3847.26;5.84478;0;0;0.1;0.01;0;5.33363;0;0;-1
0;102;-68.0121;19.6465;-57.7814;8.68328;2742.46;5.22113;0;0;0.1;0.01;0;3.53432;0;0;-1
0;103;-66.44;35.4428;-55.5492;8.5;2572.44;5.11093;0;0;0.1;0.01;0;3.49386;1;0;-1
0;104;-52.2503;-59.3435;-54.8737;9.7421;3872.99;5.85778;0;0;0.1;0.01;0;4.05936;0;0;-1
0;105;-52.9127;-42.3652;-57.5543;8.54632;2614.73;5.13878;0;0;0.1;0.01;0;4.59176;0;0;-1
0;106;-51.3188;-24.6954;-57.8056;8.5;2572.44;5.11093;0;0;0.1;0.01;0;4.56974;1;0;-1
0;107;-49.8593;-4.79396;-57.1232;9.83619;3986.29;5.91436;0;0;0.1;0.01;0;6.42098;0;0;-1
0;108;-51.747;12.0445;-54.3856;9.7551;3888.52;5.8656;0;0;0.1;0.01;0;7.05962;0;0;-1
0;109;-51.0337;27.8552;-57.81;10.3779;4681.85;6.24008;0;0;0.1;0.01;0;6.92827;0;0;-1
0;110;-52.1432;44.8066;-54.0124;9.75705;3890.85;5.86677;0;0;0.1;0.01;0;6.19768;0;0;-1
0;111;-50.5759;59.7347;-54.4371;10.0947;4308.92;6.0698;0;0;0.1;0.01;0;5.14949;0;0;-1
0;112;-38.6615;-66.5828;-56.3459;9.78686;3926.62;5.8847;0;0;0.1;0.01;0;4.10205;0;0;-1
0;113;-38.3693;-51.0461;-54.5661;9.22818;3291.83;5.54877;0;0;0.1;0.01;0;5.19097;0;0;-1
0;114;-36.5511;-31.227;-56.2463;9.62245;3732.03;5.78584;0;0;0.1;0.01;0;6.18202;0;0;-1
0;115;-36.5233;-14.8547;-55.7934;10.2702;4537.59;6.17532;0;0;0.1;0.01;0;6.81702;0;0;-1
0;116;-37.748;2.43594;-54.3761;8.98033;3033.65;5.39974;0;0;0.1;0.01;0;5.52442;0;0;-1
0;117;-36.0799;20.9961;-57.0199;10.2728;4541.04;6.17689;0;0;0.1;0.01;0;7.54016;0;0;-1
0;118;-35.2027;36.648;-55.0627;8.75833;2814.18;5.26626;0;0;0.1;0.01;0;6.65452;0;0;-1
0;119;-36.9995;51.2786;-56.5083;10.0445;4244.96;6.03961;0;0;0.1;0.01;0;6.94512;0;0;-1
0;120;-35.927;70.3126;-57.9349;10.4064;4720.52;6.25722;0;0;0.1;0.01;0;4.27253;0;0;-1
0;121;-23.9313;-76.0263;-57.3286;9.56038;3660.28;5.74852;0;0;0.1;0.01;0;3.14483;0;0;-1
0;122;-21.83;-56.2141;-56.4039;9.42137;3502.92;5.66493;0;0;0.1;0.01;0;6.51229;0;0;-1
0;123;-21.091;-40.4619;-54.8441;10.0066;4197.09;6.01682;0;0;0.1;0.01;0;6.98378;0;0;-1
0;124;-23.624;-22.5406;-56.7403;9.91108;4078.04;5.95939;0;0;0.1;0.01;0;6.8759;0;0;-1
0;125;-21.5861;-7.14869;-56.3385;8.98657;3039.98;5.40349;0;0;0.1;0.01;0;5.63145;0;0;-1
0;126;-22.4076;9.00077;-55.9838;9.44496;3529.3;5.67912;0;0;0.1;0.01;0;4.80212;0;0;-1
0;127;-21.4008;25.597;-55.585;8.61865;2681.68;5.18227;0;0;0.1;0.01;0;5.26509;0;0;-1
0;128;-21.7846;42.3081;-56.7056;8.5;2572.44;5.11093;0;0;0.1;0.01;0;5.12215;1;0;-1
0;129;-22.1124;63.2042;-54.4603;10.3642;4663.33;6.23184;0;0;0.1;0.01;0;7.13718;0;0;-1
0;130;-22.0251;77.9757;-57.0111;9.14647;3205.16;5.49964;0;0;0.1;0.01;0;3.52769;0;0;-1
0;131;-9.28188;-80.7863;-56.0048;8.5;2572.44;5.11093;0;0;0.1;0.01;0;2.47061;1;0;-1
0;132;-5.77181;-65.6687;-55.7522;9.0412;3095.76;5.43634;0;0;0.1;0.01;0;4.74704;0;0;-1
0;133;-6.23564;-47.1153;-55.1262;9.62786;3738.33;5.78909;0;0;0.1;0.01;0;5.88258;0;0;-1
0;134;-8.77006;-29.9197;-54.6147;9.80216;3945.06;5.8939;0;0;0.1;0.01;0;5.57512;0;0;-1
0;135;-8.94801;-14.1412;-55.4188;8.61231;2675.76;5.17846;0;0;0.1;0.01;0;5.839;0;0;-1
0;136;-7.06869;0.366538;-56.7236;8.5;2572.44;5.11093;0;0;0.1;0.01;0;5.33796;1;0;-1
0;137;-5.92517;20.9911;-55.1522;10.3787;4682.93;6.24056;0;0;0.1;0.01;0;6.33268;0;0;-1
0;138;-8.23681;36.9513;-55.4938;10.3709;4672.38;6.23587;0;0;0.1;0.01;0;6.41024;0;0;-1
0;139;-5.83069;54.9398;-55.1073;10.4463;4775.03;6.28121;0;0;0.1;0.01;0;6.18373;0;0;-1
0;140;-8.71662;70.327;-55.128;8.9171;2970.02;5.36172;0;0;0.1;0.01;0;3.30348;0;0;-1
0;141;8.9852;-74.3247;-56.9022;8.95921;3012.3;5.38704;0;0;0.1;0.01;0;3.46719;0;0;-1
0;142;6.86291;-58.0802;-56.2146;9.9375;4110.74;5.97527;0;0;0.1;0.01;0;6.12577;0;0;-1
0;143;7.34263;-41.7053;-54.9293;8.5;2572.44;5.11093;0;0;0.1;0.01;0;4.38031;1;0;-1
0;144;9.40044;-22.7144;-56.6017;9.348;3421.72;5.62082;0;0;0.1;0.01;0;6.49538;0;0;-1
0;145;6.0314;-8.01694;-56.8616;9.37777;3454.52;5.63872;0;0;0.1;0.01;0;6.47232;0;0;-1
0;146;5.60975;9.72103;-55.2374;8.95394;3006.98;5.38387;0;0;0.1;0.01;0;4.27849;0;0;-1
0;147;8.44549;27.7491;-53.9545;10.1128;4332.14;6.08068;0;0;0.1;0.01;0;6.6753;0;0;-1
0;148;8.53549;44.9756;-55.9754;10.2821;4553.38;6.18248;0;0;0.1;0.01;0;7.63926;0;0;-1
0;149;8.84047;59.8468;-57.7112;8.76315;2818.83;5.26915;0;0;0.1;0.01;0;5.81069;0;0;-1
0;150;8.56925;79.8418;-54.3443;9.33081;3402.88;5.61048;0;0;0.1;0.01;0;2.808;0;0;-1
0;151;22.281;-64.2602;-56.6539;9.79249;3933.4;5.88808;0;0;0.1;0.01;0;4.96881;0;0;-1
0;152;24.1798;-49.9854;-53.7186;8.97699;3030.27;5.39773;0;0;0.1;0.01;0;5.40041;0;0;-1
0;153;20.2915;-32.6146;-55.2836;9.10775;3164.62;5.47636;0;0;0.1;0.01;0;5.15431;0;0;-1
0;154;20.5214;-12.7145;-57.3691;9.31056;3380.77;5.5983;0;0;0.1;0.01;0;6.00897;0;0;-1
0;155;23.6285;1.42435;-56.4454;9.29185;3360.43;5.58705;0;0;0.1;0.01;0;5.6794;0;0;-1
0;156;23.7521;20.6604;-55.7396;10.1452;4373.92;6.10016;0;0;0.1;0.01;0;6.42673;0;0;-1
0;157;22.6874;38.2415;-56.207;10.0929;4306.62;6.06871;0;0;0.1;0.01;0;7.04182;0;0;-1
0;158;22.9285;54.374;-53.9796;10.4336;4757.64;6.27357;0;0;0.1;0.01;0;7.09854;0;0;-1
0;159;22.054;70.5649;-57.6907;9.08793;3144.01;5.46444;0;0;0.1;0.01;0;2.47034;0;0;-1
0;160;38.5697;-56.0241;-56.4228;9.06067;3115.8;5.44805;0;0;0.1;0.01;0;4.55507;0;0;-1
0;161;34.9375;-38.361;-54.7185;8.60039;2664.67;5.17129;0;0;0.1;0.01;0;5.32546;0;0;-1
0;162;38.5232;-25.101;-56.4553;9.04343;3098.05;5.43768;0;0;0.1;0.01;0;5.60341;0;0;-1
0;163;37.208;-5.69382;-54.8347;8.57831;2644.2;5.15801;0;0;0.1;0.01;0;5.96665;0;0;-1
0;164;38.4598;8.33165;-55.4133;9.23354;3297.56;5.55199;0;0;0.1;0.01;0;6.96477;0;0;-1
0;165;38.8687;25.4344;-54.6076;9.85015;4003.29;5.92275;0;0;0.1;0.01;0;6.32726;0;0;-1
0;166;36.7817;46.1466;-56.6481;9.17439;3234.6;5.51643;0;0;0.1;0.01;0;5.85648;0;0;-1
0;167;36.3664;60.7302;-54.1188;8.5;2572.44;5.11093;0;0;0.1;0.01;0;4.54127;1;0;-1
0;168;52.8848;-50.9552;-56.0565;8.97539;3028.65;5.39677;0;0;0.1;0.01;0;3.28823;0;0;-1
0;169;52.0656;-31.0885;-54.1361;9.95776;4135.93;5.98746;0;0;0.1;0.01;0;5.73164;0;0;-1
0;170;52.9085;-15.0628;-54.3855;8.5;2572.44;5.11093;0;0;0.1;0.01;0;5.2281;1;0;-1
0;171;52.2499;0.0375674;-54.3902;9.99184;4178.54;6.00795;0;0;0.1;0.01;0;7.51706;0;0;-1
0;172;51.1932;18.0858;-56.0396;9.0008;3054.44;5.41205;0;0;0.1;0.01;0;6.79139;0;0;-1
0;173;52.9444;34.0749;-55.7657;9.24176;3306.38;5.55694;0;0;0.1;0.01;0;5.31217;0;0;-1
0;174;52.6952;55.2596;-56.5066;10.1122;4331.37;6.08032;0;0;0.1;0.01;0;4.26912;0;0;-1
0;175;64.6143;-40.8734;-56.6732;9.03274;3087.07;5.43126;0;0;0.1;0.01;0;2.99547;0;0;-1
0;176;67.282;-25.084;-56.1043;9.38578;3463.38;5.64353;0;0;0.1;0.01;0;4.42127;0;0;-1
0;177;67.7729;-4.49673;-55.1321;8.5;2572.44;5.11093;0;0;0.1;0.01;0;5.13987;1;0;-1
0;178;65.8306;11.9944;-53.8104;9.54477;3642.38;5.73913;0;0;0.1;0.01;0;5.87378;0;0;-1
0;179;66.0095;26.6435;-55.2819;8.5;2572.44;5.11093;0;0;0.1;0.01;0;3.88925;1;0;-1
0;180;64.7664;46.0629;-54.3216;9.81335;3958.59;5.90062;0;0;0.1;0.01;0;3.39764;0;0;-1
0;181;79.7183;-16.8503;-56.7557;10.1836;4423.77;6.12325;0;0;0.1;0.01;0;2.82697;0;0;-1
0;182;82.225;1.12251;-54.4689;8.92226;2975.18;5.36483;0;0;0.1;0.01;0;2.82587;0;0;-1
0;183;-87.5134;-21.6633;-40.6261;9.37018;3446.14;5.63415;0;0;0.1;0.01;0;3.14639;0;0;-1
0;184;-84.1192;-8.17331;-40.1233;10.0307;4227.49;6.03131;0;0;0.1;0.01;0;5.21954;0;0;-1
0;185;-86.3069;12.3524;-39.6287;9.63572;3747.5;5.79382;0;0;0.1;0.01;0;4.44063;0;0;-1
0;186;-86.6554;29.3371;-39.2283;9.84885;4001.71;5.92197;0;0;0.1;0.01;0;3.00497;0;0;-1
0;187;-70.1834;-48.0404;-39.6402;8.5;2572.44;5.11093;0;0;0.1;0.01;0;4.05758;1;0;-1
0;188;-72.121;-33.9468;-41.5588;10.2288;4482.94;6.15043;0;0;0.1;0.01;0;5.02667;0;0;-1
0;189;-71.5941;-14.5671;-41.6299;8.5;2572.44;5.11093;0;0;0.1;0.01;0;5.38776;1;0;-1
0;190;-72.6786;3.61591;-40.9291;10.2704;4537.86;6.17544;0;0;0.1;0.01;0;7.38609;0;0;-1
0;191;-70.5093;19.0722;-42.0672;9.73679;3866.66;5.85459;0;0;0.1;0.01;0;6.24179;0;0;-1
0;192;-69.9828;37.0774;-42.9188;9.92192;4091.44;5.96591;0;0;0.1;0.01;0;5.68324;0;0;-1
0;193;-72.6578;51.392;-41.1047;9.59208;3696.81;5.76758;0;0;0.1;0.01;0;3.09248;0;0;-1
0;194;-56.9526;-59.2046;-39.9284;10.3288;4615.71;6.21056;0;0;0.1;0.01;0;5.24945;0;0;-1
0;195;-56.7255;-39.4573;-41.8684;9.50868;3601.22;5.71743;0;0;0.1;0.01;0;6.64146;0;0;-1
0;196;-54.1674;-24.6422;-40.9084;9.31218;3382.54;5.59928;0;0;0.1;0.01;0;5.42038;0;0;-1
0;197;-57.4653;-7.32771;-42.0197;10.0834;4294.47;6.063;0;0;0.1;0.01;0;6.99088;0;0;-1
0;198;-55.0618;9.53706;-39.8499;10.2811;4552.05;6.18188;0;0;0.1;0.01;0;6.71445;0;0;-1
0;199;-55.5399;25.8705;-41.5478;9.89022;4052.35;5.94685;0;0;0.1;0.01;0;6.11452;0;0;-1
0;200;-56.9723;42.6499;-40.1066;9.6706;3788.34;5.81479;0;0;0.1;0.01;0;6.52612;0;0;-1
0;201;-54.256;60.4487;-39.5914;9.62047;3729.73;5.78465;0;0;0.1;0.01;0;5.23956;0;0;-1
0;202;-40.5157;-80.6245;-40.9842;8.5;2572.44;5.11093;0;0;0.1;0.01;0;2.97122;1;0;-1
0;203;-41.6814;-65.9;-39.2287;9.46189;3548.32;5.6893;0;0;0.1;0.01;0;6.3821;0;0;-1
0;204;-43.0519;-47.5189;-41.7195;8.5;2572.44;5.11093;0;0;0.1;0.01;0;4.90101;1;0;-1
0;205;-42.5721;-31.6878;-42.2016;8.64528;2706.61;5.19828;0;0;0.1;0.01;0;5.09488;0;0;-1
0;206;-40.2477;-13.4523;-40.6525;9.60474;3711.47;5.77519;0;0;0.1;0.01;0;6.10444;0;0;-1
0;207;-42.0107;1.9485;-39.9919;9.25091;3316.21;5.56244;0;0;0.1;0.01;0;6.47459;0;0;-1
0;208;-41.7842;19.6592;-42.4186;8.59492;2659.59;5.168;0;0;0.1;0.01;0;5.91353;0;0;-1
0;209;-41.4529;34.4586;-41.4105;8.78789;2842.77;5.28403;0;0;0.1;0.01;0;5.64179;0;0;-1
0;210;-40.271;53.6156;-41.2177;9.53739;3633.94;5.73469;0;0;0.1;0.01;0;7.07285;0;0;-1
0;211;-40.8065;68.4788;-42.1369;10.3601;4657.8;6.22938;0;0;0.1;0.01;0;6.08027;0;0;-1
0;212;-27.6597;-72.964;-42.8767;9.39388;3472.35;5.6484;0;0;0.1;0.01;0;6.10816;0;0;-1
0;213;-28.1445;-57.7292;-40.4577;10.4418;4768.86;6.2785;0;0;0.1;0.01;0;7.09596;0;0;-1
0;214;-25.2989;-38.5069;-42.3706;9.23225;3296.18;5.55122;0;0;0.1;0.01;0;5.32989;0;0;-1
0;215;-25.0134;-22.3763;-39.8165;9.9908;4177.24;6.00732;0;0;0.1;0.01;0;6.39114;0;0;-1
0;216;-24.7468;-5.17818;-40.6518;8.87426;2927.42;5.33596;0;0;0.1;0.01;0;5.61722;0;0;-1
0;217;-25.451;9.7549;-41.043;8.5;2572.44;5.11093;0;0;0.1;0.01;0;4.04208;1;0;-1
0;218;-28.1735;27.0139;-42.0145;9.3773;3454;5.63843;0;0;0.1;0.01;0;5.49004;0;0;-1
0;219;-27.2198;44.1246;-42.099;9.59228;3697.04;5.7677;0;0;0.1;0.01;0;6.10643;0;0;-1
0;220;-27.5553;60.5328;-40.7629;9.41372;3494.4;5.66033;0;0;0.1;0.01;0;7.06696;0;0;-1
0;221;-25.0124;77.1723;-42.0776;9.57316;3674.98;5.7562;0;0;0.1;0.01;0;5.24542;0;0;-1
0;222;-12.9877;-83.1437;-42.1682;8.61093;2674.48;5.17763;0;0;0.1;0.01;0;4.03709;0;0;-1
0;223;-12.9529;-67.6049;-39.7429;10.0617;4266.8;6.04995;0;0;0.1;0.01;0;6.697;0;0;-1
0;224;-12.3957;-49.3786;-41.834;9.18212;3242.78;5.52108;0;0;0.1;0.01;0;5.32046;0;0;-1
0;225;-9.78727;-33.3287;-39.8398;9.50911;3601.71;5.71769;0;0;0.1;0.01;0;6.11653;0;0;-1
0;226;-13.0747;-15.5109;-40.7571;8.69144;2750.2;5.22604;0;0;0.1;0.01;0;6.37351;0;0;-1
0;227;-11.0675;0.258083;-41.4467;8.66025;2720.7;5.20728;0;0;0.1;0.01;0;5.45453;0;0;-1
0;228;-12.5359;20.0293;-39.3427;9.95302;4130.03;5.98461;0;0;0.1;0.01;0;6.16018;0;0;-1
0;229;-9.96338;34.313;-39.7614;8.5;2572.44;5.11093;0;0;0.1;0.01;0;6.08717;1;0;-1
0;230;-11.5609;52.9625;-39.3568;10.1789;4417.65;6.12042;0;0;0.1;0.01;0;6.47239;0;0;-1
0;231;-11.0997;70.7588;-40.0407;9.43087;3513.53;5.67065;0;0;0.1;0.01;0;5.57754;0;0;-1
0;232;-9.78898;87.1025;-39.9578;8.5;2572.44;5.11093;0;0;0.1;0.01;0;2.38855;1;0;-1
0;233;2.81808;-89.5421;-42.0516;9.11671;3173.97;5.48175;0;0;0.1;0.01;0;2.88232;0;0;-1
0;234;4.6779;-74.9253;-41.162;8.55271;2620.59;5.14262;0;0;0.1;0.01;0;5.17797;0;0;-1
0;235;2.00849;-59.7589;-39.3797;9.47364;3561.55;5.69636;0;0;0.1;0.01;0;5.41855;0;0;-1
0;236;3.62898;-40.7656;-39.8029;8.5;2572.44;5.11093;0;0;0.1;0.01;0;4.84935;1;0;-1
0;237;4.67794;-25.2789;-39.5139;9.5216;3615.92;5.7252;0;0;0.1;0.01;0;6.13789;0;0;-1
0;238;1.23229;-8.08058;-42.4286;10.2613;4525.8;6.16997;0;0;0.1;0.01;0;6.26656;0;0;-1
0;239;3.21588;10.4502;-41.009;8.61838;2681.42;5.18211;0;0;0.1;0.01;0;4.36925;0;0;-1
0;240;4.07272;27.187;-39.4735;8.90471;2957.66;5.35427;0;0;0.1;0.01;0;6.7266;0;0;-1
0;241;1.2253;43.031;-40.2739;10.0973;4312.25;6.07136;0;0;0.1;0.01;0;7.97673;0;0;-1
0;242;1.52182;60.6218;-40.9712;8.5;2572.44;5.11093;0;0;0.1;0.01;0;5.36325;1;0;-1
0;243;3.95529;76.3815;-41.0726;9.14274;3201.24;5.4974;0;0;0.1;0.01;0;5.2653;0;0;-1
0;244;17.6707;-82.3276;-42.0932;8.5;2572.44;5.11093;0;0;0.1;0.01;0;3.29403;1;0;-1
0;245;18.2137;-65.4538;-39.2906;10.2625;4527.39;6.17069;0;0;0.1;0.01;0;5.88498;0;0;-1
0;246;17.9195;-46.4605;-40.8032;8.89095;2943.97;5.346;0;0;0.1;0.01;0;5.26711;0;0;-1
0;247;17.8367;-31.7638;-41.1588;8.5;2572.44;5.11093;0;0;0.1;0.01;0;5.83902;1;0;-1
0;248;19.095;-15.4974;-41.7723;9.48375;3572.97;5.70244;0;0;0.1;0.01;0;5.92612;0;0;-1
0;249;19.7535;1.93923;-42.1572;9.10927;3166.21;5.47727;0;0;0.1;0.01;0;4.69174;0;0;-1
0;250;17.6625;17.7314;-40.5169;9.27102;3337.88;5.57453;0;0;0.1;0.01;0;5.5977;0;0;-1
0;251;19.0266;36.7143;-42.8417;9.9124;4079.67;5.96018;0;0;0.1;0.01;0;7.63347;0;0;-1
0;252;16.796;52.0124;-39.6944;10.0976;4312.64;6.07154;0;0;0.1;0.01;0;7.4419;0;0;-1
0;253;18.761;68.4665;-41.1952;10.3155;4597.9;6.20256;0;0;0.1;0.01;0;5.94143;0;0;-1
0;254;16.4117;87.4198;-41.1294;10.0767;4285.92;6.05897;0;0;0.1;0.01;0;3.14547;0;0;-1
0;255;32.9546;-75.6283;-42.5064;8.64912;2710.22;5.20059;0;0;0.1;0.01;0;2.25153;0;0;-1
0;256;30.5641;-56.4921;-40.5205;9.0958;3152.18;5.46917;0;0;0.1;0.01;0;6.28062;0;0;-1
0;257;33.7146;-41.1809;-40.4657;10.005;4195.08;6.01586;0;0;0.1;0.01;0;7.65453;0;0;-1
0;258;32.7727;-25.2885;-41.5688;10.1242;4346.81;6.08753;0;0;0.1;0.01;0;7.40635;0;0;-1
0;259;33.7347;-8.05245;-42.0269;8.5;2572.44;5.11093;0;0;0.1;0.01;0;4.72586;1;0;-1
0;260;33.8423;10.0417;-42.2916;8.5;2572.44;5.11093;0;0;0.1;0.01;0;5.10259;1;0;-1
0;261;33.8525;29.5214;-39.8758;8.93213;2985.06;5.37076;0;0;0.1;0.01;0;6.03286;0;0;-1
0;262;32.9449;46.1549;-39.4217;10.038;4236.72;6.0357;0;0;0.1;0.01;0;7.76836;0;0;-1
0;263;33.9204;60.0854;-39.7046;9.38769;3465.49;5.64468;0;0;0.1;0.01;0;6.20691;0;0;-1
0;264;33.5524;79.843;-40.4258;8.95437;3007.42;5.38413;0;0;0.1;0.01;0;2.74506;0;0;-1
0;265;47.8243;-65.2729;-41.604;8.94443;2997.41;5.37816;0;0;0.1;0.01;0;2.4677;0;0;-1
0;266;47.1398;-47.7045;-39.9507;9.52788;3623.08;5.72898;0;0;0.1;0.01;0;5.80435;0;0;-1
0;267;47.7658;-30.2385;-39.2229;10.3176;4600.71;6.20382;0;0;0.1;0.01;0;7.65931;0;0;-1
0;268;46.7911;-14.9366;-42.5821;10.067;4273.55;6.05314;0;0;0.1;0.01;0;7.77858;0;0;-1
0;269;46.0845;2.87908;-42.1824;8.5;2572.44;5.11093;0;0;0.1;0.01;0;6.19914;1;0;-1
0;270;47.7581;16.8687;-43.0393;10.1627;4396.59;6.11068;0;0;0.1;0.01;0;7.4382;0;0;-1
0;271;46.8466;37.9662;-41.1015;9.52653;3621.54;5.72816;0;0;0.1;0.01;0;6.1915;0;0;-1
0;272;46.7019;52.1406;-42.8768;9.67637;3795.12;5.81826;0;0;0.1;0.01;0;6.60563;0;0;-1
0;273;46.8333;69.2616;-39.8987;9.92643;4097.02;5.96862;0;0;0.1;0.01;0;4.49644;0;0;-1
0;274;60.3751;-55.3626;-39.327;9.8308;3979.74;5.91112;0;0;0.1;0.01;0;4.74558;0;0;-1
0;275;63.9917;-41.6871;-39.8299;8.94562;2998.61;5.37887;0;0;0.1;0.01;0;4.28125;0;0;-1
0;276;61.2063;-23.3549;-39.8307;8.55006;2618.16;5.14103;0;0;0.1;0.01;0;5.54337;0;0;-1
0;277;63.4162;-7.7952;-42.3299;9.67674;3795.56;5.81848;0;0;0.1;0.01;0;6.80273;0;0;-1
0;278;63.5974;8.22705;-39.4691;10.0114;4203.13;6.01971;0;0;0.1;0.01;0;6.56029;0;0;-1
0;279;63.0219;26.1911;-42.2724;10.0357;4233.81;6.03432;0;0;0.1;0.01;0;6.07439;0;0;-1
0;280;61.5514;42.135;-41.2026;8.88075;2933.85;5.33987;0;0;0.1;0.01;0;5.08246;0;0;-1
0;281;61.9974;60.4249;-42.4641;9.23144;3295.32;5.55073;0;0;0.1;0.01;0;3.67623;0;0;-1
0;282;74.9451;-32.4969;-43.1697;9.0112;3065.04;5.4183;0;0;0.1;0.01;0;3.21737;0;0;-1
0;283;77.7394;-14.9989;-41.123;8.62851;2690.89;5.1882;0;0;0.1;0.01;0;4.466;0;0;-1
0;284;76.3295;-0.0848629;-41.4682;10.2851;4557.37;6.18428;0;0;0.1;0.01;0;6.87569;0;0;-1
0;285;78.7401;19.7239;-42.8188;8.99017;3043.63;5.40566;0;0;0.1;0.01;0;3.33143;0;0;-1
0;286;76.5361;34.3385;-41.9441;9.23964;3304.1;5.55566;0;0;0.1;0.01;0;3.54036;0;0;-1
0;287;90.5174;-4.56;-40.5331;8.7003;2758.62;5.23136;0;0;0.1;0.01;0;2.23102;0;0;-1
0;288;-95.1326;-13.5057;-24.7038;8.77145;2826.85;5.27415;0;0;0.1;0.01;0;3.17487;0;0;-1
0;289;-95.6357;1.2501;-26.0971;9.92316;4092.97;5.96665;0;0;0.1;0.01;0;3.87542;0;0;-1
0;290;-80.8684;-41.4997;-24.662;9.90428;4069.65;5.9553;0;0;0.1;0.01;0;2.88726;0;0;-1
0;291;-81.7959;-23.4408;-27.3432;9.5595;3659.27;5.74799;0;0;0.1;0.01;0;3.86547;0;0;-1
0;292;-78.9062;-4.65488;-26.4847;10.0423;4242.17;6.03829;0;0;0.1;0.01;0;5.59232;0;0;-1
0;293;-82.5752;10.9704;-26.4491;10.1274;4350.93;6.08946;0;0;0.1;0.01;0;6.28639;0;0;-1
0;294;-82.4173;27.6809;-25.1455;10.0349;4232.8;6.03384;0;0;0.1;0.01;0;5.02687;0;0;-1
0;295;-80.4012;44.5617;-28.112;9.88358;4044.19;5.94285;0;0;0.1;0.01;0;3.28373;0;0;-1
0;296;-64.0821;-67.88;-25.9962;8.5;2572.44;5.11093;0;0;0.1;0.01;0;2.51722;1;0;-1
0;297;-64.3778;-48.9925;-26.1327;8.77835;2833.53;5.27829;0;0;0.1;0.01;0;4.35894;0;0;-1
0;298;-64.5275;-31.2642;-25.4568;9.74862;3880.77;5.8617;0;0;0.1;0.01;0;5.46895;0;0;-1
0;299;-64.489;-12.8934;-26.9927;9.28066;3348.31;5.58033;0;0;0.1;0.01;0;5.5583;0;0;-1
0;300;-66.08;4.44078;-26.0288;8.5;2572.44;5.11093;0;0;0.1;0.01;0;5.93925;1;0;-1
0;301;-65.4706;20.2197;-26.9353;8.59094;2655.89;5.16561;0;0;0.1;0.01;0;5.71212;0;0;-1
0;302;-64.687;35.2196;-27.1725;10.0497;4251.56;6.04274;0;0;0.1;0.01;0;6.31027;0;0;-1
0;303;-64.5508;50.9146;-26.2269;9.27992;3347.51;5.57988;0;0;0.1;0.01;0;5.74952;0;0;-1
0;304;-66.6805;68.6683;-26.7142;9.4554;3541.02;5.68539;0;0;0.1;0.01;0;2.14972;0;0;-1
0;305;-49.7062;-72.5008;-27.789;8.99661;3050.18;5.40953;0;0;0.1;0.01;0;5.22973;0;0;-1
0;306;-49.6153;-58.1757;-26.2884;9.25063;3315.91;5.56227;0;0;0.1;0.01;0;6.29394;0;0;-1
0;307;-51.54;-39.714;-26.3412;9.3425;3415.69;5.61751;0;0;0.1;0.01;0;6.00877;0;0;-1
0;308;-52.4124;-23.1182;-27.5519;9.77632;3913.95;5.87836;0;0;0.1;0.01;0;6.55566;0;0;-1
0;309;-50.4826;-7.03474;-27.8106;9.73264;3861.72;5.8521;0;0;0.1;0.01;0;6.60942;0;0;-1
0;310;-53.0217;8.65037;-26.3213;8.9409;2993.87;5.37603;0;0;0.1;0.01;0;5.48612;0;0;-1
0;311;-51.1159;26.787;-24.4684;9.14375;3202.3;5.498;0;0;0.1;0.01;0;5.57814;0;0;-1
0;312;-49.9897;45.5102;-24.8742;9.78011;3918.5;5.88064;0;0;0.1;0.01;0;7.33793;0;0;-1
0;313;-50.6662;62.4859;-25.5748;8.75947;2815.28;5.26694;0;0;0.1;0.01;0;6.08626;0;0;-1
0;314;-51.797;78.4815;-28.2574;8.72318;2780.44;5.24512;0;0;0.1;0.01;0;2.65232;0;0;-1
0;315;-36.4321;-82.1738;-26.5177;10.3133;4594.96;6.20124;0;0;0.1;0.01;0;6.1964;0;0;-1
0;316;-34.9817;-67.3051;-26.8001;8.88636;2939.41;5.34324;0;0;0.1;0.01;0;6.99162;0;0;-1
0;317;-38.3689;-47.1084;-27.1477;10.1598;4392.83;6.10894;0;0;0.1;0.01;0;5.71294;0;0;-1
0;318;-36.058;-30.0842;-26.0757;9.32899;3400.89;5.60939;0;0;0.1;0.01;0;6.11583;0;0;-1
0;319;-34.6317;-13.7585;-26.8002;8.77558;2830.85;5.27663;0;0;0.1;0.01;0;5.01584;0;0;-1
0;320;-36.5867;4.31559;-27.4458;8.5;2572.44;5.11093;0;0;0.1;0.01;0;4.19301;1;0;-1
0;321;-38.3578;18.5466;-27.4814;9.50184;3593.45;5.71332;0;0;0.1;0.01;0;5.4535;0;0;-1
0;322;-38.2394;34.5864;-25.1759;8.5;2572.44;5.11093;0;0;0.1;0.01;0;5.50226;1;0;-1
0;323;-37.6464;52.2759;-27.8684;9.223;3286.29;5.54566;0;0;0.1;0.01;0;6.07412;0;0;-1
0;324;-38.2136;67.7237;-25.7635;8.5;2572.44;5.11093;0;0;0.1;0.01;0;4.48657;1;0;-1
0;325;-35.5371;85.8442;-24.9496;10.2803;4550.99;6.1814;0;0;0.1;0.01;0;3.74698;0;0;-1
0;326;-21.7866;-90.774;-25.2884;10.3383;4628.45;6.21627;0;0;0.1;0.01;0;3.98802;0;0;-1
0;327;-20.5835;-73.09;-27.0234;10.1729;4409.84;6.11682;0;0;0.1;0.01;0;8.27852;0;0;-1
0;328;-20.3464;-59.1621;-26.3114;9.74517;3876.65;5.85963;0;0;0.1;0.01;0;7.26806;0;0;-1
0;329;-22.0204;-40.5885;-26.6624;8.61701;2680.15;5.18128;0;0;0.1;0.01;0;4.98704;0;0;-1
0;330;-21.3658;-21.1066;-24.9763;10.094;4308.03;6.06938;0;0;0.1;0.01;0;6.84128;0;0;-1
0;331;-19.7209;-5.48543;-28.0822;8.5;2572.44;5.11093;0;0;0.1;0.01;0;4.65042;1;0;-1
0;332;-21.3079;11.8099;-25.7707;8.5;2572.44;5.11093;0;0;0.1;0.01;0;4.00174;1;0;-1
0;333;-22.7763;28.7643;-27.784;8.64731;2708.52;5.1995;0;0;0.1;0.01;0;5.10144;0;0;-1
0;334;-21.2662;44.7701;-27.8817;9.74786;3879.86;5.86125;0;0;0.1;0.01;0;5.8425;0;0;-1
0;335;-21.6898;62.1721;-26.615;9.66986;3787.47;5.81435;0;0;0.1;0.01;0;6.33976;0;0;-1
0;336;-22.8421;78.7592;-27.9104;9.43208;3514.88;5.67137;0;0;0.1;0.01;0;5.63158;0;0;-1
0;337;-5.94345;-81.2658;-28.6503;9.37792;3454.68;5.63881;0;0;0.1;0.01;0;6.09438;0;0;-1
0;338;-7.90736;-66.6062;-26.3323;9.47884;3567.42;5.69949;0;0;0.1;0.01;0;6.69072;0;0;-1
0;339;-8.56627;-48.591;-24.3817;9.13807;3196.33;5.49459;0;0;0.1;0.01;0;5.18472;0;0;-1
0;340;-8.20263;-29.6868;-25.5413;8.77274;2828.1;5.27492;0;0;0.1;0.01;0;5.56512;0;0;-1
0;341;-6.01169;-13.3242;-27.8155;9.41095;3491.31;5.65867;0;0;0.1;0.01;0;6.59738;0;0;-1
0;342;-5.49346;1.92917;-27.6442;8.53399;2603.42;5.13136;0;0;0.1;0.01;0;5.70974;0;0;-1
0;343;-6.6078;21.1257;-25.6283;9.60397;3710.57;5.77473;0;0;0.1;0.01;0;6.70002;0;0;-1
0;344;-7.09377;35.409;-27.0951;9.34522;3418.67;5.61915;0;0;0.1;0.01;0;7.48359;0;0;-1
0;345;-7.93107;51.5157;-26.0264;8.65073;2711.73;5.20156;0;0;0.1;0.01;0;5.61165;0;0;-1
0;346;-9.34537;72.1641;-24.4856;8.6207;2683.59;5.1835;0;0;0.1;0.01;0;5.03881;0;0;-1
0;347;-9.09883;88.2389;-25.6698;8.64271;2704.2;5.19674;0;0;0.1;0.01;0;3.97114;0;0;-1
0;348;9.34611;-90.4752;-25.414;10.3115;4592.55;6.20016;0;0;0.1;0.01;0;4.27639;0;0;-1
0;349;6.59446;-75.7959;-25.318;9.7822;3921.01;5.88189;0;0;0.1;0.01;0;6.67448;0;0;-1
0;350;9.44344;-58.6635;-25.7706;9.33001;3402;5.61;0;0;0.1;0.01;0;5.80756;0;0;-1
0;351;5.72398;-40.0274;-25.397;9.62018;3729.39;5.78447;0;0;0.1;0.01;0;6.09702;0;0;-1
0;352;8.26554;-25.5234;-26.5908;8.72878;2785.8;5.24849;0;0;0.1;0.01;0;5.8606;0;0;-1
0;353;9.02574;-8.76757;-27.6983;10.2426;4501.11;6.15873;0;0;0.1;0.01;0;6.79628;0;0;-1
0;354;5.51797;9.93762;-25.5062;9.14542;3204.05;5.49901;0;0;0.1;0.01;0;4.58379;0;0;-1
0;355;9.43484;29.3307;-27.6631;10.081;4291.4;6.06156;0;0;0.1;0.01;0;6.86199;0;0;-1
0;356;6.25054;44.0469;-25.2404;10.3766;4680.09;6.2393;0;0;0.1;0.01;0;7.19974;0;0;-1
0;357;6.87016;63.4101;-24.6213;10.1832;4423.25;6.12301;0;0;0.1;0.01;0;6.80669;0;0;-1
0;358;5.89715;78.2868;-28.0023;9.05381;3108.73;5.44392;0;0;0.1;0.01;0;5.55676;0;0;-1
0;359;8.24359;95.6185;-26.8415;10.0208;4214.98;6.02536;0;0;0.1;0.01;0;2.9964;0;0;-1
0;360;22.5771;-82.3684;-25.218;9.14669;3205.39;5.49977;0;0;0.1;0.01;0;4.65835;0;0;-1
0;361;23.7001;-65.8971;-25.4741;9.51617;3609.73;5.72193;0;0;0.1;0.01;0;5.43754;0;0;-1
0;362;23.2747;-47.2921;-27.4348;10.114;4333.69;6.0814;0;0;0.1;0.01;0;6.25859;0;0;-1
0;363;22.7947;-31.7587;-26.0499;9.7203;3847.05;5.84468;0;0;0.1;0.01;0;6.89783;0;0;-1
0;364;22.1289;-16.0917;-25.585;10.0142;4206.66;6.02139;0;0;0.1;0.01;0;6.73093;0;0;-1
0;365;22.3208;1.01424;-26.8014;9.03568;3090.09;5.43302;0;0;0.1;0.01;0;5.17275;0;0;-1
0;366;23.3887;18.1902;-28.0115;9.62583;3735.97;5.78787;0;0;0.1;0.01;0;6.25476;0;0;-1
0;367;23.2505;34.9354;-27.5217;9.48752;3577.23;5.70471;0;0;0.1;0.01;0;7.42;0;0;-1
0;368;20.5934;51.1125;-24.517;9.78732;3927.17;5.88497;0;0;0.1;0.01;0;6.26076;0;0;-1
0;369;20.2895;69.1522;-26.9508;9.41126;3491.66;5.65885;0;0;0.1;0.01;0;5.3609;0;0;-1
0;370;23.3577;84.5759;-24.8033;9.48309;3572.22;5.70204;0;0;0.1;0.01;0;4.89913;0;0;-1
0;371;38.0628;-75.9941;-27.1032;9.08221;3138.07;5.461;0;0;0.1;0.01;0;3.94036;0;0;-1
0;372;35.2292;-56.9166;-27.0374;8.68961;2748.46;5.22494;0;0;0.1;0.01;0;5.60747;0;0;-1
0;373;37.5324;-39.9442;-26.8256;9.92192;4091.44;5.96591;0;0;0.1;0.01;0;7.96729;0;0;-1
0;374;37.6921;-23.1682;-27.6868;9.98008;4163.81;6.00088;0;0;0.1;0.01;0;7.59056;0;0;-1
0;375;37.4541;-7.20813;-24.8405;9.68117;3800.77;5.82115;0;0;0.1;0.01;0;6.57094;0;0;-1
0;376;35.1272;8.91473;-26.7896;8.8148;2868.97;5.30021;0;0;0.1;0.01;0;5.30875;0;0;-1
0;377;37.2285;25.3887;-24.7104;9.96675;4147.15;5.99286;0;0;0.1;0.01;0;6.88044;0;0;-1
0;378;37.0141;42.1386;-27.0974;9.84583;3998.03;5.92015;0;0;0.1;0.01;0;6.57942;0;0;-1
0;379;38.4479;63.6766;-24.9025;8.5;2572.44;5.11093;0;0;0.1;0.01;0;4.58562;1;0;-1
0;380;36.7516;78.8091;-24.8808;8.5;2572.44;5.11093;0;0;0.1;0.01;0;4.35179;1;0;-1
0;381;50.4401;-66.6521;-24.7836;10.2137;4463.11;6.14135;0;0;0.1;0.01;0;5.57007;0;0;-1
0;382;49.9645;-50.7725;-25.2875;10.1728;4409.71;6.11676;0;0;0.1;0.01;0;6.8517;0;0;-1
0;383;50.0717;-33.4145;-25.0303;8.55599;2623.61;5.14459;0;0;0.1;0.01;0;5.20365;0;0;-1
0;384;52.7129;-15.5669;-26.8546;9.21838;3281.35;5.54288;0;0;0.1;0.01;0;6.2601;0;0;-1
0;385;51.8215;1.73512;-28.3364;10.0155;4208.3;6.02217;0;0;0.1;0.01;0;7.16921;0;0;-1
0;386;50.1064;17.7976;-28.5122;9.04577;3100.45;5.43909;0;0;0.1;0.01;0;6.16675;0;0;-1
0;387;50.3065;34.8925;-25.068;9.38364;3461.01;5.64225;0;0;0.1;0.01;0;5.57663;0;0;-1
0;388;52.9803;54.7662;-24.6921;8.65695;2717.59;5.2053;0;0;0.1;0.01;0;4.39659;0;0;-1
0;389;52.2023;72.6221;-26.9405;9.78828;3928.33;5.88555;0;0;0.1;0.01;0;4.3786;0;0;-1
0;390;66.3597;-59.2064;-27.6296;8.99162;3045.11;5.40653;0;0;0.1;0.01;0;4.1321;0;0;-1
0;391;66.6345;-42.2255;-25.0396;8.84857;2902.07;5.32052;0;0;0.1;0.01;0;5.48302;0;0;-1
0;392;67.4845;-23.2449;-24.8686;10.3678;4668.19;6.23401;0;0;0.1;0.01;0;6.53857;0;0;-1
0;393;65.5542;-5.59914;-26.9224;8.9529;3005.94;5.38325;0;0;0.1;0.01;0;6.83971;0;0;-1
0;394;66.5834;9.45505;-25.0911;9.2484;3313.51;5.56093;0;0;0.1;0.01;0;5.82296;0;0;-1
0;395;64.874;25.407;-25.6;9.8348;3984.6;5.91352;0;0;0.1;0.01;0;4.80938;0;0;-1
0;396;66.3788;46.5059;-25.9031;10.0347;4232.55;6.03372;0;0;0.1;0.01;0;5.81651;0;0;-1
0;397;65.0712;62.2767;-27.5149;10.0508;4252.95;6.0434;0;0;0.1;0.01;0;4.96955;0;0;-1
0;398;79.4172;-51.2662;-25.8238;10.1042;4321.1;6.07551;0;0;0.1;0.01;0;2.17818;0;0;-1
0;399;81.8803;-34.204;-24.8274;10.2512;4512.45;6.1639;0;0;0.1;0.01;0;3.41542;0;0;-1
0;400;80.7491;-16.8091;-25.3505;8.88357;2936.64;5.34156;0;0;0.1;0.01;0;4.46938;0;0;-1
0;401;79.7962;-0.230286;-26.2378;9.30496;3374.68;5.59494;0;0;0.1;0.01;0;4.87151;0;0;-1
0;402;83.2145;17.7943;-25.2731;9.79833;3940.44;5.89159;0;0;0.1;0.01;0;4.14629;0;0;-1
0;403;79.0972;33.7621;-27.9937;8.5;2572.44;5.11093;0;0;0.1;0.01;0;3.3661;1;0;-1
0;404;79.3721;54.6248;-26.5404;10.3516;4646.34;6.22427;0;0;0.1;0.01;0;2.70831;0;0;-1
0;405;-98.4407;0.963859;-11.8075;10.2755;4544.62;6.17851;0;0;0.1;0.01;0;3.70529;0;0;-1
0;406;-84.2838;-42.0858;-11.2486;9.08598;3141.98;5.46327;0;0;0.1;0.01;0;3.46845;0;0;-1
0;407;-84.3768;-23.5388;-10.3073;10.4098;4725.15;6.25926;0;0;0.1;0.01;0;5.70364;0;0;-1
0;408;-85.2166;-7.13728;-12.486;8.91246;2965.39;5.35893;0;0;0.1;0.01;0;5.26843;0;0;-1
0;409;-83.3475;11.6453;-11.9362;10.149;4378.83;6.10245;0;0;0.1;0.01;0;5.92325;0;0;-1
0;410;-84.8091;29.1405;-12.432;8.5;2572.44;5.11093;0;0;0.1;0.01;0;4.12972;1;0;-1
0;411;-84.0308;42.4963;-11.3118;9.39125;3469.44;5.64682;0;0;0.1;0.01;0;4.12682;0;0;-1
0;412;-70.8154;-68.4371;-10.0648;8.78734;2842.24;5.2837;0;0;0.1;0.01;0;2.13618;0;0;-1
0;413;-69.2272;-49.2665;-12;9.51949;3613.51;5.72393;0;0;0.1;0.01;0;4.76766;0;0;-1
0;414;-69.8914;-32.5568;-10.1346;9.37135;3447.43;5.63486;0;0;0.1;0.01;0;6.79789;0;0;-1
0;415;-72.1627;-15.7407;-11.6928;9.40543;3485.17;5.65535;0;0;0.1;0.01;0;6.58616;0;0;-1
0;416;-70.7999;3.1745;-10.3083;8.76929;2824.76;5.27285;0;0;0.1;0.01;0;6.07223;0;0;-1
0;417;-68.352;17.3747;-12.9501;8.58719;2652.42;5.16335;0;0;0.1;0.01;0;4.93132;0;0;-1
0;418;-69.4931;36.4708;-11.9868;9.59908;3704.91;5.77179;0;0;0.1;0.01;0;6.34122;0;0;-1
0;419;-71.9191;53.7836;-13.0201;8.9755;3028.76;5.39684;0;0;0.1;0.01;0;4.41702;0;0;-1
0;420;-54.2912;-75.1352;-9.72279;8.85847;2911.82;5.32647;0;0;0.1;0.01;0;3.81483;0;0;-1
0;421;-56.6174;-58.2394;-12.3471;9.39962;3478.72;5.65186;0;0;0.1;0.01;0;5.38502;0;0;-1
0;422;-57.3286;-39.2035;-10.3132;8.57706;2643.04;5.15726;0;0;0.1;0.01;0;5.56578;0;0;-1
0;423;-57.3119;-23.9588;-11.8623;8.5;2572.44;5.11093;0;0;0.1;0.01;0;5.49168;1;0;-1
0;424;-55.2356;-7.21828;-11.813;9.00601;3059.75;5.41518;0;0;0.1;0.01;0;5.49952;0;0;-1
0;425;-54.3077;8.6017;-12.5413;10.0595;4264.01;6.04863;0;0;0.1;0.01;0;5.9885;0;0;-1
0;426;-57.3405;29.7706;-12.8193;8.5;2572.44;5.11093;0;0;0.1;0.01;0;5.6388;1;0;-1
0;427;-55.1138;44.7228;-11.8299;9.28257;3350.37;5.58147;0;0;0.1;0.01;0;6.85742;0;0;-1
0;428;-57.9509;60.035;-10.6843;9.74725;3879.14;5.86088;0;0;0.1;0.01;0;5.45058;0;0;-1
0;429;-42.79;-83.6424;-13.2549;10.0889;4301.5;6.06631;0;0;0.1;0.01;0;4.25885;0;0;-1
0;430;-39.3579;-64.627;-11.5695;9.79525;3936.73;5.88974;0;0;0.1;0.01;0;5.60993;0;0;-1
0;431;-41.051;-49.3518;-10.6908;8.52157;2592.07;5.1239;0;0;0.1;0.01;0;5.07853;0;0;-1
0;432;-41.2225;-32.6049;-12.3631;9.80366;3946.87;5.8948;0;0;0.1;0.01;0;6.13979;0;0;-1
0;433;-42.0813;-14.3502;-13.5212;10.014;4206.41;6.02127;0;0;0.1;0.01;0;6.0846;0;0;-1
0;434;-40.9214;3.07135;-10.7851;9.48602;3575.53;5.70381;0;0;0.1;0.01;0;5.76995;0;0;-1
0;435;-39.3994;20.088;-11.2078;10.0097;4200.99;6.01869;0;0;0.1;0.01;0;6.27737;0;0;-1
0;436;-42.1283;36.9055;-13.1686;9.33057;3402.62;5.61034;0;0;0.1;0.01;0;7.19969;0;0;-1
0;437;-42.6549;52.2142;-12.6265;8.5;2572.44;5.11093;0;0;0.1;0.01;0;5.05167;1;0;-1
0;438;-43.0074;70.6876;-12.5586;8.74544;2801.78;5.25851;0;0;0.1;0.01;0;4.72281;0;0;-1
0;439;-43.2552;85.1326;-13.3329;8.5;2572.44;5.11093;0;0;0.1;0.01;0;3.42547;1;0;-1
0;440;-27.9026;-93.1815;-13.0798;9.62079;3730.1;5.78484;0;0;0.1;0.01;0;4.31842;0;0;-1
0;441;-28.1489;-76.8696;-13.0049;10.1441;4372.49;6.0995;0;0;0.1;0.01;0;7.05627;0;0;-1
0;442;-24.6958;-56.5749;-12.2888;10.3899;4698.1;6.2473;0;0;0.1;0.01;0;7.30739;0;0;-1
0;443;-27.3649;-41.7532;-10.1905;10.4383;4764.07;6.2764;0;0;0.1;0.01;0;7.63243;0;0;-1
0;444;-26.6299;-22.2868;-11.8612;10.2193;4470.46;6.14472;0;0;0.1;0.01;0;6.64972;0;0;-1
0;445;-24.9545;-7.30966;-10.3165;8.54228;2611.02;5.13635;0;0;0.1;0.01;0;4.69754;0;0;-1
0;446;-25.1403;9.14376;-10.2574;9.43114;3513.83;5.67081;0;0;0.1;0.01;0;5.17511;0;0;-1
0;447;-27.4324;28.4644;-10.5812;10.2555;4518.13;6.16648;0;0;0.1;0.01;0;6.15119;0;0;-1
0;448;-28.308;42.9582;-10.7802;9.06343;3118.65;5.44971;0;0;0.1;0.01;0;5.62585;0;0;-1
0;449;-24.4448;59.0694;-12.8448;8.80537;2859.77;5.29454;0;0;0.1;0.01;0;4.53446;0;0;-1
0;450;-24.774;77.6978;-12.2474;9.85517;4009.41;5.92577;0;0;0.1;0.01;0;6.45207;0;0;-1
0;451;-24.8591;94.6722;-14.0171;10.1999;4445.05;6.13305;0;0;0.1;0.01;0;3.54435;0;0;-1
0;452;-13.5506;-83.3068;-11.0906;8.5;2572.44;5.11093;0;0;0.1;0.01;0;4.45336;1;0;-1
0;453;-12.7666;-65.4499;-13.2545;8.5;2572.44;5.11093;0;0;0.1;0.01;0;5.52492;1;0;-1
0;454;-12.6961;-48.438;-9.70985;9.49539;3586.14;5.70944;0;0;0.1;0.01;0;6.60641;0;0;-1
0;455;-11.4458;-32.3651;-11.7616;10.4018;4714.27;6.25445;0;0;0.1;0.01;0;7.25824;0;0;-1
0;456;-10.3922;-14.2734;-10.7222;8.5;2572.44;5.11093;0;0;0.1;0.01;0;6.05914;1;0;-1
0;457;-10.7162;0.963215;-11.6057;10.2021;4447.92;6.13437;0;0;0.1;0.01;0;7.16041;0;0;-1
0;458;-10.7316;16.9685;-11.6254;9.08701;3143.05;5.46389;0;0;0.1;0.01;0;5.76915;0;0;-1
0;459;-11.5902;34.2424;-12.5359;8.56015;2627.44;5.14709;0;0;0.1;0.01;0;4.61829;0;0;-1
0;460;-10.3542;50.9679;-10.6088;8.54843;2616.66;5.14005;0;0;0.1;0.01;0;5.22142;0;0;-1
0;461;-10.524;67.4158;-11.6325;9.0735;3129.05;5.45576;0;0;0.1;0.01;0;5.91016;0;0;-1
0;462;-11.7008;87.2579;-12.4344;8.5;2572.44;5.11093;0;0;0.1;0.01;0;4.79411;1;0;-1
0;463;4.39134;-91.5527;-10.5882;8.69412;2752.74;5.22765;0;0;0.1;0.01;0;3.76497;0;0;-1
0;464;1.54237;-75.9943;-12.1316;8.5;2572.44;5.11093;0;0;0.1;0.01;0;5.4895;1;0;-1
0;465;1.34774;-59.4755;-12.8582;8.86284;2916.13;5.3291;0;0;0.1;0.01;0;6.06101;0;0;-1
0;466;1.68221;-41.2598;-12.6229;9.63019;3741.05;5.79049;0;0;0.1;0.01;0;6.53637;0;0;-1
0;467;1.26412;-21.5702;-10.4619;9.21799;3280.93;5.54264;0;0;0.1;0.01;0;6.60961;0;0;-1
0;468;1.596;-7.44473;-12.1253;8.63646;2698.34;5.19298;0;0;0.1;0.01;0;6.12601;0;0;-1
0;469;3.27937;8.17095;-12.2802;10.1133;4332.79;6.08098;0;0;0.1;0.01;0;6.21239;0;0;-1
0;470;3.1929;25.1291;-13.5578;9.05314;3108.04;5.44352;0;0;0.1;0.01;0;4.72347;0;0;-1
0;471;1.98674;43.7647;-10.4952;9.3009;3370.26;5.5925;0;0;0.1;0.01;0;5.57902;0;0;-1
0;472;2.33355;59.5215;-10.7516;9.45512;3540.71;5.68523;0;0;0.1;0.01;0;6.58864;0;0;-1
0;473;2.70849;76.748;-10.3988;8.91847;2971.39;5.36255;0;0;0.1;0.01;0;6.03162;0;0;-1
0;474;3.09619;94.0411;-11.4639;10.2647;4530.3;6.17202;0;0;0.1;0.01;0;4.45939;0;0;-1
0;475;18.818;-85.174;-10.539;9.35595;3430.46;5.6256;0;0;0.1;0.01;0;5.79976;0;0;-1
0;476;16.0704;-68.1912;-10.5124;9.47166;3559.32;5.69517;0;0;0.1;0.01;0;6.35221;0;0;-1
0;477;15.966;-51.4687;-9.87063;9.86583;4022.44;5.93218;0;0;0.1;0.01;0;5.77773;0;0;-1
0;478;15.5215;-33.3904;-10.5186;9.65096;3765.3;5.80298;0;0;0.1;0.01;0;5.74294;0;0;-1
0;479;16.0361;-16.2989;-11.4662;8.57311;2639.39;5.15489;0;0;0.1;0.01;0;5.90861;0;0;-1
0;480;16.4183;1.11856;-11.4631;9.38448;3461.94;5.64275;0;0;0.1;0.01;0;5.57903;0;0;-1
0;481;19.4885;20.9037;-10.8823;9.88972;4051.73;5.94655;0;0;0.1;0.01;0;6.05014;0;0;-1
0;482;19.6258;38.1866;-13.1695;8.5;2572.44;5.11093;0;0;0.1;0.01;0;5.08407;1;0;-1
0;483;18.1861;54.5327;-11.4674;8.5;2572.44;5.11093;0;0;0.1;0.01;0;4.93022;1;0;-1
0;484;17.3071;71.4351;-10.319;10.3965;4707.06;6.25126;0;0;0.1;0.01;0;7.11058;0;0;-1
0;485;15.6985;84.9748;-12.5689;8.5;2572.44;5.11093;0;0;0.1;0.01;0;5.45147;1;0;-1
0;486;31.9429;-93.7239;-12.0447;8.83098;2884.8;5.30994;0;0;0.1;0.01;0;1.85695;0;0;-1
0;487;33.358;-76.6508;-12.3253;9.41174;3492.19;5.65914;0;0;0.1;0.01;0;5.65198;0;0;-1
0;488;32.8897;-55.3886;-10.3537;9.45135;3536.47;5.68296;0;0;0.1;0.01;0;4.99123;0;0;-1
0;489;34.1672;-38.8879;-10.1248;9.62386;3733.67;5.78669;0;0;0.1;0.01;0;6.14285;0;0;-1
0;490;31.232;-21.355;-12.2781;9.89423;4057.28;5.94926;0;0;0.1;0.01;0;7.10804;0;0;-1
0;491;33.1404;-6.33614;-10.7769;8.88235;2935.43;5.34083;0;0;0.1;0.01;0;5.56259;0;0;-1
0;492;33.5014;11.7949;-12.9115;10.3784;4682.52;6.24038;0;0;0.1;0.01;0;7.01954;0;0;-1
0;493;31.4726;29.0524;-10.8365;9.24443;3309.25;5.55854;0;0;0.1;0.01;0;6.82221;0;0;-1
0;494;33.5346;46.262;-13.2475;9.56238;3662.58;5.74972;0;0;0.1;0.01;0;5.98919;0;0;-1
0;495;32.7919;63.4881;-10.362;8.6173;2680.42;5.18146;0;0;0.1;0.01;0;5.9853;0;0;-1
0;496;32.2643;79.3805;-10.1253;10.0567;4260.45;6.04695;0;0;0.1;0.01;0;6.38569;0;0;-1
0;497;45.9694;-82.9341;-10.7882;8.5;2572.44;5.11093;0;0;0.1;0.01;0;4.15593;1;0;-1
0;498;48.1314;-67.889;-11.4517;9.53328;3629.24;5.73222;0;0;0.1;0.01;0;6.01288;0;0;-1
0;499;47.7039;-47.7296;-11.9631;9.34097;3414.01;5.61659;0;0;0.1;0.01;0;6.11466;0;0;-1
0;500;48.6167;-31.7092;-12.5243;9.05733;3112.36;5.44604;0;0;0.1;0.01;0;5.5412;0;0;-1
0;501;45.5595;-14.7359;-10.9506;9.15165;3210.6;5.50275;0;0;0.1;0.01;0;6.26723;0;0;-1
0;502;46.5949;0.437562;-11.0263;10.1585;4391.14;6.10816;0;0;0.1;0.01;0;7.44556;0;0;-1
0;503;47.7349;18.1168;-13.4321;10.1742;4411.53;6.1176;0;0;0.1;0.01;0;7.74677;0;0;-1
0;504;47.9008;34.6522;-10.5452;9.51622;3609.79;5.72196;0;0;0.1;0.01;0;6.42785;0;0;-1
0;505;45.9449;55.1951;-12.4953;8.5;2572.44;5.11093;0;0;0.1;0.01;0;5.01994;1;0;-1
0;506;46.288;68.4966;-10.0129;9.24156;3306.16;5.55682;0;0;0.1;0.01;0;6.1694;0;0;-1
0;507;47.6993;85.6418;-13.0957;8.6403;2701.94;5.19529;0;0;0.1;0.01;0;2.33721;0;0;-1
0;508;61.0948;-74.2464;-11.2903;10.3036;4582.01;6.19541;0;0;0.1;0.01;0;3.19988;0;0;-1
0;509;60.3089;-56.0666;-13.3004;9.61516;3723.56;5.78146;0;0;0.1;0.01;0;6.39443;0;0;-1
0;510;61.4387;-42.1452;-11.6159;9.39919;3478.24;5.6516;0;0;0.1;0.01;0;6.41376;0;0;-1
0;511;62.5759;-25.7834;-11.864;9.28468;3352.66;5.58274;0;0;0.1;0.01;0;5.8443;0;0;-1
0;512;62.7429;-7.65253;-11.4998;9.83406;3983.7;5.91308;0;0;0.1;0.01;0;6.46811;0;0;-1
0;513;60.735;9.37346;-12.8143;10.2245;4477.29;6.14784;0;0;0.1;0.01;0;6.65859;0;0;-1
0;514;61.9713;28.752;-10.2158;9.92591;4096.37;5.96831;0;0;0.1;0.01;0;6.30936;0;0;-1
0;515;62.6749;45.9877;-11.131;9.50542;3597.51;5.71547;0;0;0.1;0.01;0;5.70401;0;0;-1
0;516;63.2353;63.5906;-10.7997;10.0981;4313.28;6.07184;0;0;0.1;0.01;0;5.33343;0;0;-1
0;517;61.0501;77.9237;-13.7929;8.90529;2958.24;5.35462;0;0;0.1;0.01;0;2.77227;0;0;-1
0;518;77.6041;-47.5315;-10.8078;8.5;2572.44;5.11093;0;0;0.1;0.01;0;3.89043;1;0;-1
0;519;77.3352;-30.0345;-11.2418;8.60685;2670.68;5.17517;0;0;0.1;0.01;0;5.62893;0;0;-1
0;520;75.2986;-14.443;-10.8533;10.4528;4783.95;6.28512;0;0;0.1;0.01;0;7.8009;0;0;-1
0;521;74.9421;1.12163;-10.9894;8.5;2572.44;5.11093;0;0;0.1;0.01;0;6.16623;1;0;-1
0;522;76.6072;18.0127;-13.3389;8.69993;2758.26;5.23114;0;0;0.1;0.01;0;5.75012;0;0;-1
0;523;75.0657;34.8504;-12.7099;8.5;2572.44;5.11093;0;0;0.1;0.01;0;5.25385;1;0;-1
0;524;75.3395;51.4805;-10.2294;9.24246;3307.13;5.55736;0;0;0.1;0.01;0;5.72113;0;0;-1
0;525;89.5841;-22.175;-11.9607;8.5;2572.44;5.11093;0;0;0.1;0.01;0;3.78971;1;0;-1
0;526;90.0677;-4.24976;-10.1496;9.67018;3787.85;5.81454;0;0;0.1;0.01;0;4.12019;0;0;-1
0;527;89.5548;12.0101;-11.0188;8.94815;3001.15;5.38039;0;0;0.1;0.01;0;4.80326;0;0;-1
0;528;89.4285;27.0289;-11.1995;8.57982;2645.59;5.15892;0;0;0.1;0.01;0;4.51373;0;0;-1
0;529;89.2379;43.5661;-9.84381;10.0381;4236.85;6.03576;0;0;0.1;0.01;0;3.29367;0;0;-1
0;530;-93.9377;-16.5786;2.39322;9.45997;3546.16;5.68814;0;0;0.1;0.01;0;3.17018;0;0;-1
0;531;-95.6861;2.72655;3.43419;9.65336;3768.11;5.80443;0;0;0.1;0.01;0;3.78325;0;0;-1
0;532;-95.9073;18.6878;2.16304;10.2032;4449.36;6.13504;0;0;0.1;0.01;0;3.23832;0;0;-1
0;533;-79.6739;-55.9211;3.03789;8.5;2572.44;5.11093;0;0;0.1;0.01;0;2.64063;1;0;-1
0;534;-82.6289;-41.5232;4.67952;9.80047;3943.02;5.89288;0;0;0.1;0.01;0;4.17454;0;0;-1
0;535;-80.5972;-23.2243;2.96968;9.80139;3944.13;5.89343;0;0;0.1;0.01;0;6.45412;0;0;-1
0;536;-79.8653;-6.13484;3.72506;9.46528;3552.13;5.69134;0;0;0.1;0.01;0;5.92466;0;0;-1
0;537;-81.7958;10.3544;2.71321;8.90491;2957.86;5.35439;0;0;0.1;0.01;0;4.70778;0;0;-1
0;538;-80.5991;25.4934;1.21061;8.5;2572.44;5.11093;0;0;0.1;0.01;0;3.69603;1;0;-1
0;539;-82.681;44.0767;2.77024;10.2457;4505.19;6.16059;0;0;0.1;0.01;0;4.423;0;0;-1
0;540;-78.9008;61.1298;3.37676;9.4202;3501.62;5.66423;0;0;0.1;0.01;0;2.56034;0;0;-1
0;541;-63.8824;-65.5081;1.67869;8.86781;2921.04;5.33209;0;0;0.1;0.01;0;4.00905;0;0;-1
0;542;-64.2792;-47.2859;4.39841;10.2617;4526.33;6.17021;0;0;0.1;0.01;0;6.23486;0;0;-1
0;543;-68.3931;-33.0499;3.55572;8.92266;2975.58;5.36507;0;0;0.1;0.01;0;5.75848;0;0;-1
0;544;-67.7966;-14.8227;1.72388;10.4365;4761.6;6.27532;0;0;0.1;0.01;0;6.92633;0;0;-1
0;545;-67.1941;0.399547;3.73817;10.3306;4618.12;6.21164;0;0;0.1;0.01;0;6.93448;0;0;-1
0;546;-64.7319;17.1282;3.36773;10.4477;4776.95;6.28205;0;0;0.1;0.01;0;6.02032;0;0;-1
0;547;-65.1814;36.5246;3.09204;10.4249;4745.74;6.26834;0;0;0.1;0.01;0;6.60312;0;0;-1
0;548;-65.5642;52.0308;3.22402;9.47993;3568.65;5.70014;0;0;0.1;0.01;0;5.48135;0;0;-1
0;549;-64.9451;70.4101;3.16118;8.5;2572.44;5.11093;0;0;0.1;0.01;0;2.35035;1;0;-1
0;550;-49.9054;-75.3364;3.23747;8.5823;2647.89;5.16041;0;0;0.1;0.01;0;5.00688;0;0;-1
0;551;-50.346;-59.3867;4.21677;8.71413;2771.79;5.23968;0;0;0.1;0.01;0;5.50605;0;0;-1
0;552;-50.9528;-42.3304;3.34219;8.72965;2786.63;5.24901;0;0;0.1;0.01;0;5.46259;0;0;-1
0;553;-52.1122;-24.4747;3.6554;8.58632;2651.61;5.16283;0;0;0.1;0.01;0;4.1857;0;0;-1
0;554;-49.6391;-5.37668;2.14555;8.5;2572.44;5.11093;0;0;0.1;0.01;0;4.35489;1;0;-1
0;555;-52.3023;10.0601;3.74965;8.5;2572.44;5.11093;0;0;0.1;0.01;0;4.987;1;0;-1
0;556;-52.7556;25.8388;2.70083;8.5;2572.44;5.11093;0;0;0.1;0.01;0;5.48437;1;0;-1
0;557;-50.2703;42.9864;5.11505;9.8444;3996.28;5.91929;0;0;0.1;0.01;0;5.9733;0;0;-1
0;558;-50.7566;63.4594;1.83563;9.04923;3104.01;5.44117;0;0;0.1;0.01;0;5.21393;0;0;-1
0;559;-51.4564;78.1192;1.2862;9.76208;3896.87;5.8698;0;0;0.1;0.01;0;4.43698;0;0;-1
0;560;-34.9808;-84.0152;3.43663;9.36644;3442.01;5.6319;0;0;0.1;0.01;0;5.15598;0;0;-1
0;561;-38.5031;-67.3857;3.24598;9.15764;3216.91;5.50636;0;0;0.1;0.01;0;5.35422;0;0;-1
0;562;-36.7032;-50.3901;4.1186;8.5;2572.44;5.11093;0;0;0.1;0.01;0;5.17194;1;0;-1
0;563;-35.8321;-32.6236;2.67627;9.95707;4135.07;5.98704;0;0;0.1;0.01;0;6.05398;0;0;-1
0;564;-38.0803;-14.0867;3.14935;8.97516;3028.41;5.39663;0;0;0.1;0.01;0;4.98425;0;0;-1
0;565;-36.6322;3.18082;4.0387;8.90095;2953.91;5.35201;0;0;0.1;0.01;0;5.85639;0;0;-1
0;566;-38.1404;19.9723;2.91611;10.1518;4382.46;6.10413;0;0;0.1;0.01;0;6.86665;0;0;-1
0;567;-38.1989;36.3063;1.0289;8.89588;2948.87;5.34896;0;0;0.1;0.01;0;5.93176;0;0;-1
0;568;-35.4197;50.8406;2.86266;9.82839;3976.82;5.90967;0;0;0.1;0.01;0;5.01316;0;0;-1
0;569;-35.7477;71.7402;1.34331;10.4423;4769.55;6.2788;0;0;0.1;0.01;0;6.28559;0;0;-1
0;570;-35.3283;87.8877;3.29098;9.58234;3685.56;5.76172;0;0;0.1;0.01;0;5.14527;0;0;-1
0;571;-20.782;-93.6567;1.60146;9.51832;3612.18;5.72323;0;0;0.1;0.01;0;4.31265;0;0;-1
0;572;-20.5652;-76.6079;4.59549;8.53528;2604.61;5.13214;0;0;0.1;0.01;0;5.26335;0;0;-1
0;573;-23.6228;-57.6376;1.53651;9.2155;3278.27;5.54115;0;0;0.1;0.01;0;6.00342;0;0;-1
0;574;-23.2203;-40.3591;2.14485;9.25268;3318.11;5.5635;0;0;0.1;0.01;0;6.41785;0;0;-1
0;575;-21.1658;-23.0839;3.56924;8.5;2572.44;5.11093;0;0;0.1;0.01;0;5.39908;1;0;-1
0;576;-20.5814;-5.19513;3.34363;8.55675;2624.31;5.14505;0;0;0.1;0.01;0;6.16118;0;0;-1
0;577;-20.1907;9.99078;4.06934;10.1133;4332.79;6.08098;0;0;0.1;0.01;0;6.89978;0;0;-1
0;578;-23.9418;27.5208;1.88658;8.5874;2652.61;5.16348;0;0;0.1;0.01;0;3.99214;0;0;-1
0;579;-19.9314;46.9952;1.8284;9.19996;3261.72;5.5318;0;0;0.1;0.01;0;4.54586;0;0;-1
0;580;-22.0281;63.3239;2.16758;9.89483;4058.01;5.94962;0;0;0.1;0.01;0;6.65846;0;0;-1
0;581;-22.1862;77.5582;1.91009;9.60554;3712.39;5.77567;0;0;0.1;0.01;0;6.19789;0;0;-1
0;582;-23.3689;96.2355;1.35491;9.90756;4073.7;5.95727;0;0;0.1;0.01;0;3.41944;0;0;-1
0;583;-7.07072;-98.9491;0.927967;10.0776;4287.06;6.05951;0;0;0.1;0.01;0;2.97493;0;0;-1
0;584;-5.64379;-81.0581;3.71411;8.73414;2790.93;5.25171;0;0;0.1;0.01;0;5.62543;0;0;-1
0;585;-9.0822;-66.6485;2.77066;10.3839;4689.97;6.24369;0;0;0.1;0.01;0;5.75005;0;0;-1
0;586;-7.63282;-49.2517;2.31327;8.64791;2709.08;5.19986;0;0;0.1;0.01;0;5.09609;0;0;-1
0;587;-7.46635;-29.9757;2.51906;9.4445;3528.79;5.67884;0;0;0.1;0.01;0;6.35396;0;0;-1
0;588;-8.77957;-14.1937;3.1155;9.71029;3835.18;5.83866;0;0;0.1;0.01;0;6.88252;0;0;-1
0;589;-7.88853;1.80668;3.77852;8.5;2572.44;5.11093;0;0;0.1;0.01;0;5.89952;1;0;-1
0;590;-6.29895;17.3579;1.34189;8.51996;2590.61;5.12293;0;0;0.1;0.01;0;5.93145;0;0;-1
0;591;-6.16357;34.6511;3.70038;9.22465;3288.05;5.54665;0;0;0.1;0.01;0;5.50858;0;0;-1
0;592;-5.76195;51.8016;3.53882;8.5;2572.44;5.11093;0;0;0.1;0.01;0;5.87031;1;0;-1
0;593;-7.56822;71.7855;2.32976;10.3283;4615.04;6.21026;0;0;0.1;0.01;0;6.85379;0;0;-1
0;594;-9.20811;88.3812;3.67829;9.77079;3907.31;5.87503;0;0;0.1;0.01;0;4.97388;0;0;-1
0;595;8.03832;-92.1757;3.09775;8.71605;2773.63;5.24083;0;0;0.1;0.01;0;4.70672;0;0;-1
0;596;8.63555;-76.0906;1.83066;9.61678;3725.44;5.78243;0;0;0.1;0.01;0;7.03942;0;0;-1
0;597;5.95255;-58.9228;1.69173;10.096;4310.59;6.07058;0;0;0.1;0.01;0;6.92029;0;0;-1
0;598;7.0349;-42.7405;3.59054;9.83689;3987.15;5.91478;0;0;0.1;0.01;0;6.72733;0;0;-1
0;599;7.54841;-24.9335;1.84673;9.5353;3631.55;5.73344;0;0;0.1;0.01;0;6.50811;0;0;-1
0;600;9.35583;-8.46106;4.44282;10.1237;4346.17;6.08723;0;0;0.1;0.01;0;5.93071;0;0;-1
0;601;5.73821;10.4519;2.77435;8.89902;2951.99;5.35085;0;0;0.1;0.01;0;4.95955;0;0;-1
0;602;7.62606;25.4195;2.11639;9.91149;4078.55;5.95964;0;0;0.1;0.01;0;6.08797;0;0;-1
0;603;8.38171;44.059;2.35066;8.5;2572.44;5.11093;0;0;0.1;0.01;0;5.04536;1;0;-1
0;604;6.91056;60.3855;1.62516;8.5;2572.44;5.11093;0;0;0.1;0.01;0;5.65804;1;0;-1
0;605;8.80407;76.504;2.67907;8.62821;2690.61;5.18802;0;0;0.1;0.01;0;5.79706;0;0;-1
0;606;5.6122;97.9087;1.52228;9.70502;3828.93;5.83549;0;0;0.1;0.01;0;2.82512;0;0;-1
0;607;20.4518;-85.2908;2.17833;8.5;2572.44;5.11093;0;0;0.1;0.01;0;4.15125;1;0;-1
0;608;23.7066;-66.3219;2.73937;10.1485;4378.19;6.10215;0;0;0.1;0.01;0;5.9231;0;0;-1
0;609;22.3809;-47.3562;4.38444;8.61569;2678.91;5.18049;0;0;0.1;0.01;0;4.58316;0;0;-1
0;610;21.7401;-31.0882;1.47731;8.5;2572.44;5.11093;0;0;0.1;0.01;0;5.79044;1;0;-1
0;611;21.4332;-14.7092;1.49722;8.5;2572.44;5.11093;0;0;0.1;0.01;0;5.46946;1;0;-1
0;612;23.2041;4.33606;1.19768;9.49255;3582.92;5.70773;0;0;0.1;0.01;0;5.44736;0;0;-1
0;613;23.3887;20.8305;4.67485;9.56391;3664.33;5.75064;0;0;0.1;0.01;0;6.83787;0;0;-1
0;614;21.9813;37.2972;4.96334;8.5;2572.44;5.11093;0;0;0.1;0.01;0;5.65918;1;0;-1
0;615;22.7771;51.423;3.72549;9.88732;4048.78;5.9451;0;0;0.1;0.01;0;6.64413;0;0;-1
0;616;21.1331;67.7559;1.6591;9.16445;3224.09;5.51045;0;0;0.1;0.01;0;5.95783;0;0;-1
0;617;21.4038;89.4954;1.13596;10.1186;4339.6;6.08417;0;0;0.1;0.01;0;4.04546;0;0;-1
0;618;38.0403;-75.9255;1.65736;9.44408;3528.32;5.67859;0;0;0.1;0.01;0;6.03164;0;0;-1
0;619;38.5536;-59.599;4.02864;8.64248;2703.98;5.1966;0;0;0.1;0.01;0;5.22644;0;0;-1
0;620;34.9013;-40.1455;3.4135;8.9796;3032.91;5.3993;0;0;0.1;0.01;0;5.44859;0;0;-1
0;621;35.0458;-25.7218;1.19972;9.54414;3641.66;5.73875;0;0;0.1;0.01;0;6.10652;0;0;-1
0;622;38.0167;-8.85223;4.48566;9.35846;3433.22;5.62711;0;0;0.1;0.01;0;6.01342;0;0;-1
0;623;37.2347;9.08628;1.45189;9.51894;3612.89;5.7236;0;0;0.1;0.01;0;5.74764;0;0;-1
0;624;36.6631;27.2498;2.87235;9.98295;4167.4;6.0026;0;0;0.1;0.01;0;6.51362;0;0;-1
0;625;35.9289;44.5362;1.21596;10.3932;4702.58;6.24928;0;0;0.1;0.01;0;6.87959;0;0;-1
0;626;36.1018;62.7068;3.83114;10.293;4567.88;6.18903;0;0;0.1;0.01;0;7.82572;0;0;-1
0;627;37.6612;80.0037;2.52622;10.395;4705.03;6.25036;0;0;0.1;0.01;0;5.13921;0;0;-1
0;628;50.8388;-83.5252;2.89811;8.5;2572.44;5.11093;0;0;0.1;0.01;0;2.98986;1;0;-1
0;629;52.1829;-64.6119;4.04752;9.83279;3982.16;5.91231;0;0;0.1;0.01;0;5.58681;0;0;-1
0;630;50.321;-48.4702;3.26001;10.1367;4362.93;6.09505;0;0;0.1;0.01;0;6.36259;0;0;-1
0;631;53.4;-33.6501;4.79157;8.5;2572.44;5.11093;0;0;0.1;0.01;0;5.81262;1;0;-1
0;632;51.381;-15.8303;2.99515;8.60239;2666.53;5.17249;0;0;0.1;0.01;0;5.11734;0;0;-1
0;633;52.157;1.13666;2.46725;8.51441;2585.55;5.11959;0;0;0.1;0.01;0;5.43268;0;0;-1
0;634;52.3757;17.0468;1.66687;9.47502;3563.11;5.69719;0;0;0.1;0.01;0;7.31198;0;0;-1
0;635;50.1824;34.3877;2.73655;9.80689;3950.78;5.89674;0;0;0.1;0.01;0;6.23243;0;0;-1
0;636;51.3758;54.6337;4.69775;8.5;2572.44;5.11093;0;0;0.1;0.01;0;5.01871;1;0;-1
0;637;50.0066;67.7105;3.26074;9.09874;3155.24;5.47094;0;0;0.1;0.01;0;4.70058;0;0;-1
0;638;68.055;-56.0614;4.68489;9.91865;4087.39;5.96394;0;0;0.1;0.01;0;4.38883;0;0;-1
0;639;67.5944;-39.0431;2.4011;9.67029;3787.97;5.81461;0;0;0.1;0.01;0;7.08969;0;0;-1
0;640;64.7306;-24.1598;3.8971;8.59961;2663.94;5.17082;0;0;0.1;0.01;0;5.67709;0;0;-1
0;641;67.825;-6.65331;4.42678;8.5;2572.44;5.11093;0;0;0.1;0.01;0;4.86689;1;0;-1
0;642;65.6278;12.2023;3.83141;10.2544;4516.68;6.16582;0;0;0.1;0.01;0;6.7209;0;0;-1
0;643;65.4834;25.9314;3.94157;8.5;2572.44;5.11093;0;0;0.1;0.01;0;6.09874;1;0;-1
0;644;66.9169;44.3127;4.3608;9.40417;3483.77;5.65459;0;0;0.1;0.01;0;5.69807;0;0;-1
0;645;67.422;60.1785;4.32188;9.78995;3930.34;5.88655;0;0;0.1;0.01;0;4.46628;0;0;-1
0;646;82.3288;-47.3936;5.10605;9.16647;3226.23;5.51167;0;0;0.1;0.01;0;3.67527;0;0;-1
0;647;82.1698;-33.1092;3.1842;10.4059;4719.84;6.25692;0;0;0.1;0.01;0;5.82346;0;0;-1
0;648;81.3976;-15.7982;3.84256;9.58771;3691.76;5.76495;0;0;0.1;0.01;0;6.48942;0;0;-1
0;649;79.7776;0.0568292;1.87956;9.17655;3236.88;5.51773;0;0;0.1;0.01;0;5.72913;0;0;-1
0;650;80.9757;18.2563;2.44466;9.17519;3235.44;5.51691;0;0;0.1;0.01;0;6.64365;0;0;-1
0;651;82.5358;36.1043;4.09225;10.3563;4652.67;6.22709;0;0;0.1;0.01;0;5.55344;0;0;-1
0;652;82.8046;55.2995;4.89642;9.98006;4163.78;6.00087;0;0;0.1;0.01;0;2.84847;0;0;-1
0;653;95.838;-23.3882;2.10151;10.372;4673.86;6.23653;0;0;0.1;0.01;0;3.62851;0;0;-1
0;654;96.357;-7.56458;4.22438;9.30892;3378.99;5.59732;0;0;0.1;0.01;0;3.40644;0;0;-1
0;655;94.5243;12.116;1.93433;9.59168;3696.35;5.76734;0;0;0.1;0.01;0;4.21347;0;0;-1
0;656;94.31;26.6318;4.48209;10.0281;4224.2;6.02975;0;0;0.1;0.01;0;4.46543;0;0;-1
0;657;-86.8364;-40.7492;19.2009;10.0139;4206.28;6.02121;0;0;0.1;0.01;0;3.22253;0;0;-1
0;658;-85.0796;-21.1736;18.5596;9.39531;3473.94;5.64926;0;0;0.1;0.01;0;3.28157;0;0;-1
0;659;-84.8754;-4.98867;19.2687;9.9256;4095.99;5.96812;0;0;0.1;0.01;0;4.60307;0;0;-1
0;660;-86.6511;10.4823;17.1916;9.41782;3498.97;5.6628;0;0;0.1;0.01;0;4.7147;0;0;-1
0;661;-85.7224;27.1075;18.3045;8.5;2572.44;5.11093;0;0;0.1;0.01;0;3.218;1;0;-1
0;662;-84.2566;45.3286;18.9328;8.68184;2741.09;5.22026;0;0;0.1;0.01;0;2.72811;0;0;-1
0;663;-72.1073;-63.6412;19.8406;9.46219;3548.65;5.68948;0;0;0.1;0.01;0;3.35615;0;0;-1
0;664;-70.8125;-48.5645;16.674;9.04696;3101.68;5.43981;0;0;0.1;0.01;0;6.11182;0;0;-1
0;665;-68.9813;-33.8745;19.1863;8.5;2572.44;5.11093;0;0;0.1;0.01;0;5.46774;1;0;-1
0;666;-71.9605;-13.1863;19.0166;9.90376;4069.01;5.95499;0;0;0.1;0.01;0;7.23537;0;0;-1
0;667;-69.3897;2.17411;19.7082;9.7357;3865.36;5.85394;0;0;0.1;0.01;0;6.93225;0;0;-1
0;668;-70.2474;18.6413;19.2991;9.64972;3763.85;5.80224;0;0;0.1;0.01;0;5.80117;0;0;-1
0;669;-70.2979;34.2568;16.742;8.77909;2834.24;5.27874;0;0;0.1;0.01;0;4.32375;0;0;-1
0;670;-70.2534;52.8875;16.2667;8.5;2572.44;5.11093;0;0;0.1;0.01;0;3.91469;1;0;-1
0;671;-58.0214;-74.9485;17.1191;10.065;4271;6.05194;0;0;0.1;0.01;0;4.51485;0;0;-1
0;672;-57.4997;-58.6512;18.7032;9.47117;3558.77;5.69488;0;0;0.1;0.01;0;6.43815;0;0;-1
0;673;-56.2026;-39.5358;17.4596;10.2399;4497.55;6.1571;0;0;0.1;0.01;0;7.40257;0;0;-1
0;674;-57.086;-23.2705;16.9175;8.9323;2985.23;5.37086;0;0;0.1;0.01;0;5.7342;0;0;-1
0;675;-55.1848;-6.46469;16.0502;9.97374;4155.88;5.99707;0;0;0.1;0.01;0;6.24315;0;0;-1
0;676;-57.1295;8.61543;17.4051;8.70387;2762.01;5.23351;0;0;0.1;0.01;0;5.38368;0;0;-1
0;677;-55.3814;26.7714;16.7926;9.65507;3770.12;5.80545;0;0;0.1;0.01;0;5.70788;0;0;-1
0;678;-54.9754;46.8965;18.9423;8.5;2572.44;5.11093;0;0;0.1;0.01;0;4.35049;1;0;-1
0;679;-53.9893;61.935;18.2794;8.67427;2733.93;5.21571;0;0;0.1;0.01;0;3.80709;0;0;-1
0;680;-53.7962;78.0479;19.6596;9.60026;3706.27;5.7725;0;0;0.1;0.01;0;2.63893;0;0;-1
0;681;-41.6994;-84.6175;16.8499;9.64536;3758.75;5.79962;0;0;0.1;0.01;0;4.32816;0;0;-1
0;682;-40.6312;-67.4712;17.7322;8.98447;3037.85;5.40223;0;0;0.1;0.01;0;5.51373;0;0;-1
0;683;-40.4621;-47.7819;16.7385;9.09298;3149.25;5.46748;0;0;0.1;0.01;0;5.25948;0;0;-1
0;684;-42.5301;-33.0303;18.1938;9.56256;3662.78;5.74983;0;0;0.1;0.01;0;6.35533;0;0;-1
0;685;-42.1555;-13.7597;16.491;8.5;2572.44;5.11093;0;0;0.1;0.01;0;4.9153;1;0;-1
0;686;-39.9885;2.27882;17.7228;8.8338;2887.56;5.31164;0;0;0.1;0.01;0;5.08148;0;0;-1
0;687;-42.2091;18.6821;18.4617;8.81873;2872.81;5.30257;0;0;0.1;0.01;0;5.43156;0;0;-1
0;688;-41.1635;33.7366;18.2731;8.97255;3025.77;5.39506;0;0;0.1;0.01;0;5.18974;0;0;-1
0;689;-39.7073;53.2143;18.5438;8.97931;3032.62;5.39913;0;0;0.1;0.01;0;4.7369;0;0;-1
0;690;-39.5868;71.4864;16.4002;10.2106;4459.05;6.13949;0;0;0.1;0.01;0;5.90391;0;0;-1
0;691;-41.5972;87.7458;18.5408;8.98874;3042.18;5.4048;0;0;0.1;0.01;0;2.93065;0;0;-1
0;692;-27.7619;-93.4522;16.8268;10.4523;4783.26;6.28482;0;0;0.1;0.01;0;3.98068;0;0;-1
0;693;-27.5098;-72.8555;18.5004;9.83112;3980.13;5.91131;0;0;0.1;0.01;0;6.16508;0;0;-1
0;694;-25.3681;-56.7076;16.2757;8.5;2572.44;5.11093;0;0;0.1;0.01;0;4.44923;1;0;-1
0;695;-24.5037;-40.3791;17.8423;8.88227;2935.35;5.34078;0;0;0.1;0.01;0;5.48698;0;0;-1
0;696;-28.3628;-24.7204;16.3197;9.59361;3698.58;5.7685;0;0;0.1;0.01;0;6.04803;0;0;-1
0;697;-28.3791;-7.18883;16.0167;9.33032;3402.34;5.61019;0;0;0.1;0.01;0;5.29348;0;0;-1
0;698;-26.9576;10.6786;16.4873;9.60486;3711.6;5.77526;0;0;0.1;0.01;0;6.09161;0;0;-1
0;699;-27.4515;28.0474;17.3682;9.05772;3112.76;5.44628;0;0;0.1;0.01;0;5.12827;0;0;-1
0;700;-25.4579;45.929;17.6386;9.58543;3689.13;5.76358;0;0;0.1;0.01;0;5.76615;0;0;-1
0;701;-28.1554;62.0582;16.4014;9.01678;3070.74;5.42166;0;0;0.1;0.01;0;5.90442;0;0;-1
0;702;-27.412;80.4114;16.316;10.1887;4430.42;6.12632;0;0;0.1;0.01;0;5.89088;0;0;-1
0;703;-13.2906;-83.6101;17.6401;9.77088;3907.42;5.87509;0;0;0.1;0.01;0;5.45615;0;0;-1
0;704;-13.7296;-65.6451;17.0274;8.5;2572.44;5.11093;0;0;0.1;0.01;0;4.20691;1;0;-1
0;705;-11.1805;-47.535;16.2688;9.7905;3931;5.88689;0;0;0.1;0.01;0;5.44963;0;0;-1
0;706;-12.3512;-30.7849;19.3431;8.63701;2698.85;5.19331;0;0;0.1;0.01;0;5.76171;0;0;-1
0;707;-11.551;-16.187;17.4727;9.71429;3839.92;5.84106;0;0;0.1;0.01;0;6.34236;0;0;-1
0;708;-13.6696;1.66113;17.1285;10.0878;4300.09;6.06565;0;0;0.1;0.01;0;7.02454;0;0;-1
0;709;-13.1792;20.793;16.6099;10.0841;4295.36;6.06342;0;0;0.1;0.01;0;6.26925;0;0;-1
0;710;-10.9599;37.3191;17.2912;8.97727;3030.55;5.3979;0;0;0.1;0.01;0;5.49395;0;0;-1
0;711;-10.0216;52.3617;18.2975;10.1287;4352.61;6.09024;0;0;0.1;0.01;0;6.64227;0;0;-1
0;712;-11.669;68.4226;18.3684;8.59754;2662.02;5.16958;0;0;0.1;0.01;0;5.20937;0;0;-1
0;713;-11.0524;85.2623;18.6753;8.5;2572.44;5.11093;0;0;0.1;0.01;0;3.73739;1;0;-1
0;714;1.68355;-91.9853;17.4353;10.248;4508.23;6.16197;0;0;0.1;0.01;0;3.90783;0;0;-1
0;715;4.58424;-72.2705;15.9835;8.68782;2746.76;5.22386;0;0;0.1;0.01;0;5.15349;0;0;-1
0;716;2.81913;-56.9696;17.336;8.5;2572.44;5.11093;0;0;0.1;0.01;0;5.54552;1;0;-1
0;717;2.961;-39.8525;16.6703;9.887;4048.39;5.94491;0;0;0.1;0.01;0;6.58597;0;0;-1
0;718;2.38395;-24.4674;16.4615;8.82136;2875.38;5.30416;0;0;0.1;0.01;0;5.63644;0;0;-1
0;719;4.9717;-8.37484;17.1101;8.57217;2638.52;5.15432;0;0;0.1;0.01;0;4.74399;0;0;-1
0;720;4.17078;9.65235;16.3829;9.89258;4055.25;5.94826;0;0;0.1;0.01;0;4.89233;0;0;-1
0;721;2.15904;28.5094;16.6404;9.95865;4137.04;5.98799;0;0;0.1;0.01;0;6.24766;0;0;-1
0;722;2.53696;46.1858;15.6169;8.5982;2662.63;5.16997;0;0;0.1;0.01;0;5.80207;0;0;-1
0;723;2.6601;63.4019;15.8922;10.4039;4717.12;6.25571;0;0;0.1;0.01;0;6.71242;0;0;-1
0;724;0.993726;77.9609;15.9393;8.66392;2724.16;5.20949;0;0;0.1;0.01;0;5.68411;0;0;-1
0;725;4.69522;93.089;17.773;8.70908;2766.98;5.23664;0;0;0.1;0.01;0;2.89442;0;0;-1
0;726;17.7784;-82.3807;17.1017;10.0453;4245.97;6.04009;0;0;0.1;0.01;0;5.1309;0;0;-1
0;727;15.7987;-64.4128;16.3737;8.5;2572.44;5.11093;0;0;0.1;0.01;0;4.94425;1;0;-1
0;728;16.0243;-50.088;18.3108;9.61978;3728.93;5.78423;0;0;0.1;0.01;0;5.55363;0;0;-1
0;729;18.9328;-33.981;18.1022;8.5;2572.44;5.11093;0;0;0.1;0.01;0;4.31481;1;0;-1
0;730;18.3557;-17.012;17.3417;9.30503;3374.75;5.59498;0;0;0.1;0.01;0;5.77501;0;0;-1
0;731;17.4614;2.71831;18.494;8.54447;2613.03;5.13767;0;0;0.1;0.01;0;4.73982;0;0;-1
0;732;16.5781;21.1421;16.2198;9.14026;3198.63;5.49591;0;0;0.1;0.01;0;6.27584;0;0;-1
0;733;16.5151;37.0698;17.446;8.88866;2941.69;5.34462;0;0;0.1;0.01;0;5.88793;0;0;-1
0;734;19.6662;52.9318;17.6961;8.85858;2911.93;5.32654;0;0;0.1;0.01;0;5.16856;0;0;-1
0;735;16.4144;69.7727;17.3915;8.51644;2587.4;5.12081;0;0;0.1;0.01;0;5.15654;0;0;-1
0;736;17.9167;85.6755;16.4541;9.17315;3233.29;5.51568;0;0;0.1;0.01;0;3.56664;0;0;-1
0;737;33.1752;-92.4867;15.9386;9.05955;3114.64;5.44738;0;0;0.1;0.01;0;1.6896;0;0;-1
0;738;33.7879;-73.7681;16.0998;9.51316;3606.31;5.72013;0;0;0.1;0.01;0;5.47746;0;0;-1
0;739;33.1764;-55.2463;18.0141;9.15668;3215.9;5.50578;0;0;0.1;0.01;0;4.5424;0;0;-1
0;740;33.6483;-39.0249;18.0747;8.5;2572.44;5.11093;0;0;0.1;0.01;0;5.33015;1;0;-1
0;741;31.4375;-24.4839;16.3363;9.37929;3456.2;5.63963;0;0;0.1;0.01;0;6.48291;0;0;-1
0;742;30.7106;-8.05917;18.5978;9.30862;3378.66;5.59714;0;0;0.1;0.01;0;5.49877;0;0;-1
0;743;30.5293;11.5667;17.0144;8.87722;2930.35;5.33774;0;0;0.1;0.01;0;5.13307;0;0;-1
0;744;32.0974;26.877;16.7675;8.78131;2836.39;5.28007;0;0;0.1;0.01;0;5.4019;0;0;-1
0;745;33.2166;45.7721;16.5211;8.5;2572.44;5.11093;0;0;0.1;0.01;0;5.2905;1;0;-1
0;746;30.4883;63.4347;19.4743;9.08213;3137.99;5.46095;0;0;0.1;0.01;0;6.81684;0;0;-1
0;747;30.6514;77.8147;17.8466;9.25776;3323.58;5.56656;0;0;0.1;0.01;0;5.18432;0;0;-1
0;748;45.3094;-81.2481;16.092;9.99665;4184.58;6.01084;0;0;0.1;0.01;0;4.70852;0;0;-1
0;749;48.9058;-67.6368;17.0026;8.61752;2680.62;5.18159;0;0;0.1;0.01;0;5.08398;0;0;-1
0;750;47.513;-48.1707;18.5961;8.5;2572.44;5.11093;0;0;0.1;0.01;0;4.60239;1;0;-1
0;751;46.7637;-31.8995;16.6136;9.52674;3621.78;5.72829;0;0;0.1;0.01;0;6.82801;0;0;-1
0;752;46.361;-15.3167;17.5067;9.96599;4146.2;5.99241;0;0;0.1;0.01;0;6.40149;0;0;-1
0;753;46.205;4.39387;19.4803;9.61473;3723.06;5.7812;0;0;0.1;0.01;0;5.42993;0;0;-1
0;754;48.7898;20.4706;17.3383;9.77667;3914.37;5.87857;0;0;0.1;0.01;0;6.22837;0;0;-1
0;755;46.8599;34.8835;18.9796;8.5;2572.44;5.11093;0;0;0.1;0.01;0;5.23663;1;0;-1
0;756;45.0888;54.0904;16.5877;10.1386;4365.39;6.09619;0;0;0.1;0.01;0;6.57564;0;0;-1
0;757;46.9766;68.9769;17.7815;8.7934;2848.13;5.28734;0;0;0.1;0.01;0;5.04431;0;0;-1
0;758;45.942;86.051;19.6663;8.5;2572.44;5.11093;0;0;0.1;0.01;0;1.28162;1;0;-1
0;759;61.2198;-75.4431;17.4886;9.74749;3879.42;5.86102;0;0;0.1;0.01;0;2.82245;0;0;-1
0;760;62.3086;-57.9514;18.1586;8.5;2572.44;5.11093;0;0;0.1;0.01;0;4.94743;1;0;-1
0;761;62.5641;-38.7133;16.7016;10.097;4311.87;6.07118;0;0;0.1;0.01;0;7.49576;0;0;-1
0;762;60.4228;-24.2769;16.5111;9.90118;4065.83;5.95344;0;0;0.1;0.01;0;7.54564;0;0;-1
0;763;60.3784;-7.40256;16.7516;8.93108;2984.01;5.37013;0;0;0.1;0.01;0;4.81016;0;0;-1
0;764;62.4592;10.6034;16.97;9.45392;3539.36;5.6845;0;0;0.1;0.01;0;5.78018;0;0;-1
0;765;61.6862;28.5326;16.4761;10.2254;4478.47;6.14838;0;0;0.1;0.01;0;7.22302;0;0;-1
0;766;61.867;45.2096;19.0355;8.67367;2733.36;5.21535;0;0;0.1;0.01;0;6.08043;0;0;-1
0;767;62.2886;63.6342;19.0424;10.0225;4217.13;6.02638;0;0;0.1;0.01;0;4.83365;0;0;-1
0;768;75.9084;-50.2099;19.5112;8.70096;2759.24;5.23176;0;0;0.1;0.01;0;3.01353;0;0;-1
0;769;76.0468;-33.4774;18.3416;10.0886;4301.12;6.06613;0;0;0.1;0.01;0;6.13496;0;0;-1
0;770;77.6222;-16.9536;16.7445;8.5;2572.44;5.11093;0;0;0.1;0.01;0;4.96077;1;0;-1
0;771;74.8818;0.853903;19.4085;8.71841;2775.88;5.24225;0;0;0.1;0.01;0;4.44505;0;0;-1
0;772;76.4926;20.1049;16.1836;9.82373;3971.16;5.90687;0;0;0.1;0.01;0;6.53794;0;0;-1
0;773;74.8213;37.9219;19.0704;10.3722;4674.14;6.23665;0;0;0.1;0.01;0;6.73519;0;0;-1
0;774;76.5244;52.4233;18.7565;8.77615;2831.4;5.27697;0;0;0.1;0.01;0;4.581;0;0;-1
0;775;91.5322;-22.0677;18.6409;9.7875;3927.39;5.88508;0;0;0.1;0.01;0;4.3449;0;0;-1
0;776;92.7483;-7.35829;19.9372;8.5;2572.44;5.11093;0;0;0.1;0.01;0;2.61852;1;0;-1
0;777;91.6989;9.32805;16.221;9.05672;3111.73;5.44567;0;0;0.1;0.01;0;2.52734;0;0;-1
0;778;89.4668;26.8435;17.3962;9.35384;3428.14;5.62433;0;0;0.1;0.01;0;4.07859;0;0;-1
0;779;-93.5875;2.41357;34.5613;8.55786;2625.33;5.14572;0;0;0.1;0.01;0;2.84457;0;0;-1
0;780;-82.0364;-39.7115;31.6307;9.85962;4014.85;5.92845;0;0;0.1;0.01;0;3.15589;0;0;-1
0;781;-79.685;-25.0892;32.456;9.32437;3395.84;5.60661;0;0;0.1;0.01;0;4.25253;0;0;-1
0;782;-78.9981;-6.09209;34.0257;9.22038;3283.49;5.54408;0;0;0.1;0.01;0;5.97677;0;0;-1
0;783;-80.1784;10.0468;31.8189;8.73128;2788.19;5.24999;0;0;0.1;0.01;0;4.89469;0;0;-1
0;784;-82.7047;25.8717;30.9256;9.40262;3482.05;5.65366;0;0;0.1;0.01;0;2.74795;0;0;-1
0;785;-79.9054;46.0338;31.3489;8.54151;2610.31;5.13589;0;0;0.1;0.01;0;2.20397;0;0;-1
0;786;-65.9595;-66.8883;33.9583;9.46889;3556.2;5.69351;0;0;0.1;0.01;0;3.41756;0;0;-1
0;787;-66.6277;-47.6755;32.2402;9.70994;3834.76;5.83845;0;0;0.1;0.01;0;4.79119;0;0;-1
0;788;-64.305;-30.7702;34.2019;9.95636;4134.19;5.98661;0;0;0.1;0.01;0;6.55764;0;0;-1
0;789;-66.7713;-15.5658;31.017;8.5;2572.44;5.11093;0;0;0.1;0.01;0;5.95184;1;0;-1
0;790;-65.6098;0.0164047;34.1235;8.9441;2997.08;5.37796;0;0;0.1;0.01;0;5.98435;0;0;-1
0;791;-66.5524;18.1301;33.8901;8.5;2572.44;5.11093;0;0;0.1;0.01;0;4.43116;1;0;-1
0;792;-64.4089;35.1683;31.6598;8.58667;2651.94;5.16304;0;0;0.1;0.01;0;4.16481;0;0;-1
0;793;-66.8399;53.06;33.2055;9.91933;4088.23;5.96435;0;0;0.1;0.01;0;3.57273;0;0;-1
0;794;-53.1889;-73.3212;30.6181;10.1149;4334.84;6.08194;0;0;0.1;0.01;0;4.85218;0;0;-1
0;795;-50.1846;-58.7173;30.9856;9.48167;3570.62;5.70119;0;0;0.1;0.01;0;6.02555;0;0;-1
0;796;-49.8389;-38.4053;31.653;9.72083;3847.68;5.84499;0;0;0.1;0.01;0;6.12806;0;0;-1
0;797;-52.8051;-21.2966;31.1195;8.5;2572.44;5.11093;0;0;0.1;0.01;0;4.91618;1;0;-1
0;798;-52.7059;-7.29145;34.1955;9.66627;3783.25;5.81219;0;0;0.1;0.01;0;4.47819;0;0;-1
0;799;-51.6705;11.8751;31.7856;8.5;2572.44;5.11093;0;0;0.1;0.01;0;4.16021;1;0;-1
0;800;-50.7158;29.4042;32.607;8.5;2572.44;5.11093;0;0;0.1;0.01;0;5.23596;1;0;-1
0;801;-52.78;43.3424;33.1338;8.5;2572.44;5.11093;0;0;0.1;0.01;0;5.24073;1;0;-1
0;802;-51.641;60.0685;33.9769;8.5;2572.44;5.11093;0;0;0.1;0.01;0;4.23758;1;0;-1
0;803;-35.6441;-85.3948;34.2784;10.1766;4414.65;6.11904;0;0;0.1;0.01;0;3.63791;0;0;-1
0;804;-37.9967;-66.3758;31.284;8.5;2572.44;5.11093;0;0;0.1;0.01;0;4.55983;1;0;-1
0;805;-37.9478;-47.2909;33.1291;9.74583;3877.44;5.86003;0;0;0.1;0.01;0;5.96641;0;0;-1
0;806;-34.4748;-33.0314;33.0292;10.2533;4515.23;6.16516;0;0;0.1;0.01;0;6.5213;0;0;-1
0;807;-35.1749;-16.2782;32.711;8.8572;2910.57;5.32571;0;0;0.1;0.01;0;4.13091;0;0;-1
0;808;-35.3392;2.97894;32.2929;8.80953;2863.83;5.29704;0;0;0.1;0.01;0;4.5334;0;0;-1
0;809;-38.3056;17.6724;32.7593;8.96634;3019.49;5.39133;0;0;0.1;0.01;0;4.90128;0;0;-1
0;810;-36.9775;37.9437;31.662;9.65063;3764.92;5.80278;0;0;0.1;0.01;0;6.08278;0;0;-1
0;811;-36.8403;52.4724;32.4203;8.9865;3039.91;5.40345;0;0;0.1;0.01;0;5.22412;0;0;-1
0;812;-37.9069;69.1954;32.1209;8.5;2572.44;5.11093;0;0;0.1;0.01;0;3.35678;1;0;-1
0;813;-20.9668;-91.0251;34.0195;9.86408;4020.3;5.93113;0;0;0.1;0.01;0;3.766;0;0;-1
0;814;-22.9266;-74.3047;32.2365;8.5;2572.44;5.11093;0;0;0.1;0.01;0;5.12013;1;0;-1
0;815;-22.8359;-57.0563;34.423;8.61747;2680.57;5.18156;0;0;0.1;0.01;0;4.58559;0;0;-1
0;816;-21.8611;-42.7427;31.8918;8.61331;2676.69;5.17906;0;0;0.1;0.01;0;5.67849;0;0;-1
0;817;-20.4318;-21.6635;31.3823;8.5;2572.44;5.11093;0;0;0.1;0.01;0;3.95792;1;0;-1
0;818;-20.9588;-4.75666;34.0509;9.37895;3455.82;5.63943;0;0;0.1;0.01;0;5.90086;0;0;-1
0;819;-21.7907;11.1893;31.6442;8.93559;2988.53;5.37284;0;0;0.1;0.01;0;5.87667;0;0;-1
0;820;-22.9959;29.3689;33.7837;9.49202;3582.32;5.70741;0;0;0.1;0.01;0;5.55522;0;0;-1
0;821;-20.7368;44.2968;33.8124;9.19925;3260.96;5.53138;0;0;0.1;0.01;0;6.29549;0;0;-1
0;822;-20.4305;59.7;30.9816;8.65751;2718.11;5.20564;0;0;0.1;0.01;0;5.12076;0;0;-1
0;823;-21.7723;76.717;32.6732;10.0526;4255.24;6.04448;0;0;0.1;0.01;0;4.73773;0;0;-1
0;824;-6.81666;-81.4817;33.0073;10.2345;4490.44;6.15386;0;0;0.1;0.01;0;5.73613;0;0;-1
0;825;-7.58272;-65.8473;32.0417;9.11861;3175.96;5.48289;0;0;0.1;0.01;0;4.8517;0;0;-1
0;826;-8.8125;-46.9398;30.793;9.1191;3176.47;5.48318;0;0;0.1;0.01;0;5.14973;0;0;-1
0;827;-5.45796;-32.628;31.1674;8.5;2572.44;5.11093;0;0;0.1;0.01;0;4.74296;1;0;-1
0;828;-8.84312;-13.1767;31.5917;10.4144;4731.42;6.26203;0;0;0.1;0.01;0;6.59224;0;0;-1
0;829;-7.46581;3.47773;31.949;9.30981;3379.96;5.59785;0;0;0.1;0.01;0;6.08541;0;0;-1
0;830;-6.85303;21.001;33.6345;10.0649;4270.88;6.05188;0;0;0.1;0.01;0;5.67532;0;0;-1
0;831;-7.48046;37.7958;34.0868;9.13604;3194.2;5.49337;0;0;0.1;0.01;0;6.14325;0;0;-1
0;832;-5.85251;51.7244;33.6912;8.5;2572.44;5.11093;0;0;0.1;0.01;0;5.49189;1;0;-1
0;833;-7.19799;69.7852;32.3993;8.73803;2794.66;5.25405;0;0;0.1;0.01;0;4.34983;0;0;-1
0;834;-6.78682;88.6513;31.1335;8.56897;2635.57;5.1524;0;0;0.1;0.01;0;2.16841;0;0;-1
0;835;8.24876;-89.4412;34.6652;8.757;2812.9;5.26546;0;0;0.1;0.01;0;3.18104;0;0;-1
0;836;7.70456;-74.4751;32.4957;10.4534;4784.77;6.28548;0;0;0.1;0.01;0;7.03291;0;0;-1
0;837;6.34554;-58.9474;31.8203;8.79873;2853.31;5.29055;0;0;0.1;0.01;0;5.10286;0;0;-1
0;838;8.48893;-42.9167;33.203;10.0561;4259.68;6.04659;0;0;0.1;0.01;0;6.75098;0;0;-1
0;839;6.86138;-23.8847;32.7523;8.90408;2957.03;5.35389;0;0;0.1;0.01;0;4.87959;0;0;-1
0;840;7.21034;-6.04519;33.7212;9.87605;4034.95;5.93833;0;0;0.1;0.01;0;6.05099;0;0;-1
0;841;5.65015;8.79087;34.3828;9.10205;3158.68;5.47293;0;0;0.1;0.01;0;4.74158;0;0;-1
0;842;8.33899;27.8184;31.0471;9.25309;3318.55;5.56375;0;0;0.1;0.01;0;5.15955;0;0;-1
0;843;6.79169;42.8932;30.5913;10.1876;4428.99;6.12566;0;0;0.1;0.01;0;6.41987;0;0;-1
0;844;8.63756;61.576;30.9065;8.68436;2743.48;5.22178;0;0;0.1;0.01;0;4.75677;0;0;-1
0;845;9.12209;78.934;31.9042;9.46328;3549.88;5.69013;0;0;0.1;0.01;0;4.70495;0;0;-1
0;846;23.1424;-82.6635;33.8566;9.93443;4106.93;5.97343;0;0;0.1;0.01;0;4.7659;0;0;-1
0;847;22.649;-67.9639;33.0029;9.85623;4010.71;5.92641;0;0;0.1;0.01;0;5.40267;0;0;-1
0;848;23.8682;-47.7348;33.3898;8.90151;2954.47;5.35235;0;0;0.1;0.01;0;5.89649;0;0;-1
0;849;21.136;-32.2893;32.4681;10.1635;4397.63;6.11117;0;0;0.1;0.01;0;7.03922;0;0;-1
0;850;22.1151;-14.0035;32.2167;10.1553;4386.99;6.10623;0;0;0.1;0.01;0;6.79587;0;0;-1
0;851;22.3377;0.479872;30.9341;8.92445;2977.37;5.36614;0;0;0.1;0.01;0;5.12716;0;0;-1
0;852;23.005;19.3382;30.4835;9.06881;3124.2;5.45294;0;0;0.1;0.01;0;4.82282;0;0;-1
0;853;22.1089;37.5591;33.9865;9.3486;3422.38;5.62118;0;0;0.1;0.01;0;5.73753;0;0;-1
0;854;23.7951;51.3875;32.5743;9.90615;4071.96;5.95642;0;0;0.1;0.01;0;6.8134;0;0;-1
0;855;22.3261;68.7572;31.0003;8.75237;2808.44;5.26267;0;0;0.1;0.01;0;5.9042;0;0;-1
0;856;20.8543;89.3921;34.2247;9.34689;3420.5;5.62015;0;0;0.1;0.01;0;1.6017;0;0;-1
0;857;35.7833;-74.7194;32.7945;8.5;2572.44;5.11093;0;0;0.1;0.01;0;3.42741;1;0;-1
0;858;37.1882;-55.0824;32.8447;9.55435;3653.36;5.74489;0;0;0.1;0.01;0;5.76273;0;0;-1
0;859;35.5742;-38.4151;30.8871;8.5;2572.44;5.11093;0;0;0.1;0.01;0;5.30933;1;0;-1
0;860;37.5003;-21.9765;32.1881;8.5;2572.44;5.11093;0;0;0.1;0.01;0;4.7544;1;0;-1
0;861;35.8997;-4.81419;33.2065;9.17157;3231.62;5.51473;0;0;0.1;0.01;0;5.72673;0;0;-1
0;862;38.7421;9.35705;32.4875;8.59517;2659.82;5.16815;0;0;0.1;0.01;0;4.91388;0;0;-1
0;863;38.1042;25.5629;32.9964;9.81869;3965.06;5.90384;0;0;0.1;0.01;0;5.5927;0;0;-1
0;864;38.3526;43.1665;33.092;9.76301;3897.98;5.87036;0;0;0.1;0.01;0;6.01917;0;0;-1
0;865;35.3786;61.8623;33.705;9.76121;3895.83;5.86927;0;0;0.1;0.01;0;6.62629;0;0;-1
0;866;36.8546;77.2501;32.1615;10.0224;4217;6.02632;0;0;0.1;0.01;0;5.23583;0;0;-1
0;867;52.8278;-64.6678;31.9344;9.06145;3116.6;5.44852;0;0;0.1;0.01;0;3.97202;0;0;-1
0;868;53.167;-49.3381;32.1278;9.43641;3519.73;5.67398;0;0;0.1;0.01;0;5.65511;0;0;-1
0;869;52.0698;-33.3848;32.4035;9.52844;3623.71;5.72931;0;0;0.1;0.01;0;6.14006;0;0;-1
0;870;51.5451;-17.3182;31.5974;9.93219;4104.15;5.97208;0;0;0.1;0.01;0;6.32131;0;0;-1
0;871;53.2098;0.914702;33.8742;10.0205;4214.6;6.02518;0;0;0.1;0.01;0;6.86844;0;0;-1
0;872;52.4671;17.8222;33.3895;8.9672;3020.36;5.39185;0;0;0.1;0.01;0;6.01714;0;0;-1
0;873;53.474;38.1466;32.2383;8.9671;3020.26;5.39179;0;0;0.1;0.01;0;6.036;0;0;-1
0;874;53.2653;53.1795;33.3289;9.60563;3712.5;5.77573;0;0;0.1;0.01;0;6.96826;0;0;-1
0;875;51.4241;68.3319;32.4206;9.14929;3208.12;5.50134;0;0;0.1;0.01;0;4.86738;0;0;-1
0;876;67.2618;-58.071;32.4305;8.83388;2887.64;5.31168;0;0;0.1;0.01;0;3.29061;0;0;-1
0;877;67.6932;-38.6041;31.5498;9.31078;3381.01;5.59844;0;0;0.1;0.01;0;5.34532;0;0;-1
0;878;66.3862;-21.818;31.9635;9.12977;3187.63;5.4896;0;0;0.1;0.01;0;5.27205;0;0;-1
0;879;66.9418;-4.7654;32.6247;9.85842;4013.38;5.92772;0;0;0.1;0.01;0;5.7254;0;0;-1
0;880;67.209;10.354;32.9727;8.94914;3002.15;5.38099;0;0;0.1;0.01;0;6.55244;0;0;-1
0;881;66.2096;28.013;33.7812;8.61621;2679.4;5.1808;0;0;0.1;0.01;0;5.82034;0;0;-1
0;882;67.3168;45.6462;31.0849;9.11558;3172.79;5.48107;0;0;0.1;0.01;0;6.46582;0;0;-1
0;883;67.0159;59.5012;32.0798;9.87652;4035.53;5.93861;0;0;0.1;0.01;0;4.75322;0;0;-1
0;884;79.9439;-30.2576;33.8316;9.91075;4077.63;5.95919;0;0;0.1;0.01;0;4.39804;0;0;-1
0;885;80.1775;-15.9687;30.7248;8.8039;2858.34;5.29366;0;0;0.1;0.01;0;4.50443;0;0;-1
0;886;79.6592;3.68604;33.5502;10.0827;4293.58;6.06258;0;0;0.1;0.01;0;4.94872;0;0;-1
0;887;80.7147;19.6988;34.1904;8.73611;2792.82;5.2529;0;0;0.1;0.01;0;3.84953;0;0;-1
0;888;80.5418;33.6366;31.9274;8.98096;3034.29;5.40012;0;0;0.1;0.01;0;4.25706;0;0;-1
0;889;-86.3531;-6.44528;47.2349;9.7781;3916.08;5.87943;0;0;0.1;0.01;0;3.24425;0;0;-1
0;890;-85.6623;9.85448;47.7953;10.4049;4718.48;6.25632;0;0;0.1;0.01;0;3.02278;0;0;-1
0;891;-69.0204;-49.9843;48.798;10.4318;4755.17;6.27249;0;0;0.1;0.01;0;2.87997;0;0;-1
0;892;-69.3951;-33.7467;47.9852;8.5;2572.44;5.11093;0;0;0.1;0.01;0;4.09385;1;0;-1
0;893;-69.3632;-13.3663;47.6981;9.91875;4087.52;5.964;0;0;0.1;0.01;0;5.72557;0;0;-1
0;894;-71.5159;0.837313;46.7836;8.91111;2964.04;5.35812;0;0;0.1;0.01;0;5.62204;0;0;-1
0;895;-68.5662;18.0368;47.0497;8.75571;2811.66;5.26468;0;0;0.1;0.01;0;3.93559;0;0;-1
0;896;-70.5804;36.4572;49.3666;9.25688;3322.63;5.56603;0;0;0.1;0.01;0;1.72405;0;0;-1
0;897;-56.6344;-59.6046;46.1482;8.92538;2978.3;5.3667;0;0;0.1;0.01;0;4.10254;0;0;-1
0;898;-57.058;-39.1338;47.6031;9.30218;3371.65;5.59327;0;0;0.1;0.01;0;5.77836;0;0;-1
0;899;-57.0502;-23.2624;47.2559;8.5;2572.44;5.11093;0;0;0.1;0.01;0;5.45159;1;0;-1
0;900;-56.8225;-6.91386;48.807;9.56046;3660.37;5.74857;0;0;0.1;0.01;0;5.90564;0;0;-1
0;901;-54.5984;12.7558;45.9884;8.6949;2753.48;5.22812;0;0;0.1;0.01;0;4.42095;0;0;-1
0;902;-57.7043;29.7419;45.9912;8.5;2572.44;5.11093;0;0;0.1;0.01;0;4.65703;1;0;-1
0;903;-56.304;45.9445;47.0294;8.5;2572.44;5.11093;0;0;0.1;0.01;0;4.45965;1;0;-1
0;904;-54.4429;61.2992;46.4154;8.73256;2789.42;5.25076;0;0;0.1;0.01;0;3.49979;0;0;-1
0;905;-40.65;-64.3856;45.8803;8.77308;2828.43;5.27513;0;0;0.1;0.01;0;3.66478;0;0;-1
0;906;-40.4047;-50.5776;48.2095;9.14813;3206.9;5.50064;0;0;0.1;0.01;0;5.15995;0;0;-1
0;907;-43.2012;-30.0721;46.0954;10.1709;4407.24;6.11561;0;0;0.1;0.01;0;6.05337;0;0;-1
0;908;-41.506;-14.2961;49.0754;8.5;2572.44;5.11093;0;0;0.1;0.01;0;4.9885;1;0;-1
0;909;-41.6405;0.771848;49.2634;8.65928;2719.78;5.2067;0;0;0.1;0.01;0;4.60092;0;0;-1
0;910;-42.0966;16.7771;48.2692;10.2808;4551.66;6.1817;0;0;0.1;0.01;0;5.92333;0;0;-1
0;911;-42.3272;35.879;45.228;8.59133;2656.26;5.16584;0;0;0.1;0.01;0;4.94944;0;0;-1
0;912;-41.2178;53.2398;48.9026;10.1348;4360.48;6.09391;0;0;0.1;0.01;0;6.53614;0;0;-1
0;913;-42.4833;69.7207;48.0966;9.85071;4003.97;5.92309;0;0;0.1;0.01;0;4.23807;0;0;-1
0;914;-27.8283;-76.7432;46.7373;9.0812;3137.03;5.46039;0;0;0.1;0.01;0;2.96268;0;0;-1
0;915;-26.1698;-55.5077;48.3123;8.59395;2658.69;5.16742;0;0;0.1;0.01;0;5.99509;0;0;-1
0;916;-27.687;-41.4882;46.5284;9.63897;3751.29;5.79577;0;0;0.1;0.01;0;7.57569;0;0;-1
0;917;-28.0327;-24.256;49.4402;8.5;2572.44;5.11093;0;0;0.1;0.01;0;4.80433;1;0;-1
0;918;-25.7036;-8.79385;47.3277;8.5;2572.44;5.11093;0;0;0.1;0.01;0;4.63713;1;0;-1
0;919;-26.6758;12.0294;46.5373;9.92574;4096.16;5.9682;0;0;0.1;0.01;0;5.77946;0;0;-1
0;920;-26.96;29.5826;48.557;10.2075;4454.99;6.13762;0;0;0.1;0.01;0;7.06383;0;0;-1
0;921;-26.3498;45.1522;48.8402;9.22863;3292.31;5.54904;0;0;0.1;0.01;0;6.11797;0;0;-1
0;922;-25.8925;60.8795;46.5185;10.3198;4603.65;6.20515;0;0;0.1;0.01;0;6.87285;0;0;-1
0;923;-25.5727;79.3367;48.5006;9.1597;3219.08;5.50759;0;0;0.1;0.01;0;3.17565;0;0;-1
0;924;-12.3652;-80.79;46.0169;8.874;2927.16;5.33581;0;0;0.1;0.01;0;3.07044;0;0;-1
0;925;-11.8861;-64.6878;47.9652;8.62741;2689.86;5.18754;0;0;0.1;0.01;0;4.45625;0;0;-1
0;926;-13.4923;-47.9732;46.5715;10.3686;4669.27;6.23449;0;0;0.1;0.01;0;7.51837;0;0;-1
0;927;-12.6909;-33.5673;49.1096;10.005;4195.08;6.01586;0;0;0.1;0.01;0;5.88056;0;0;-1
0;928;-11.4128;-13.8839;48.6915;9.93402;4106.42;5.97318;0;0;0.1;0.01;0;6.77276;0;0;-1
0;929;-11.0358;0.269333;46.1065;9.49154;3581.78;5.70713;0;0;0.1;0.01;0;6.65087;0;0;-1
0;930;-13.1742;19.5087;47.8648;10.0132;4205.4;6.02079;0;0;0.1;0.01;0;6.25791;0;0;-1
0;931;-11.2528;37.0945;49.054;8.84922;2902.71;5.32091;0;0;0.1;0.01;0;6.45133;0;0;-1
0;932;-12.2033;52.5449;48.787;9.02879;3083.03;5.42888;0;0;0.1;0.01;0;7.2097;0;0;-1
0;933;-11.7491;69.7912;48.0789;10.1432;4371.33;6.09896;0;0;0.1;0.01;0;5.86726;0;0;-1
0;934;-12.8176;86.6154;47.9912;8.5;2572.44;5.11093;0;0;0.1;0.01;0;1.6656;1;0;-1
0;935;2.06016;-73.1392;45.8817;8.5;2572.44;5.11093;0;0;0.1;0.01;0;4.91197;1;0;-1
0;936;1.61437;-59.4387;46.6186;8.99434;3047.87;5.40817;0;0;0.1;0.01;0;5.60811;0;0;-1
0;937;2.35594;-42.2763;46.9592;9.40872;3488.83;5.65733;0;0;0.1;0.01;0;5.65075;0;0;-1
0;938;1.44808;-22.4096;48.5037;9.3869;3464.62;5.64421;0;0;0.1;0.01;0;5.8214;0;0;-1
0;939;4.3095;-5.38993;49.0427;9.50215;3593.8;5.7135;0;0;0.1;0.01;0;6.81251;0;0;-1
0;940;3.22319;8.86716;49.2391;9.40384;3483.41;5.65439;0;0;0.1;0.01;0;5.80753;0;0;-1
0;941;1.82308;29.638;47.3277;8.5;2572.44;5.11093;0;0;0.1;0.01;0;5.0513;1;0;-1
0;942;1.08244;45.5422;47.6025;8.53776;2606.88;5.13363;0;0;0.1;0.01;0;6.17266;0;0;-1
0;943;1.48991;60.6196;45.6724;9.03964;3094.15;5.4354;0;0;0.1;0.01;0;5.43658;0;0;-1
0;944;4.93408;79.7316;48.6597;10.1102;4328.8;6.07912;0;0;0.1;0.01;0;3.0042;0;0;-1
0;945;18.9252;-84.4708;48.899;8.82496;2878.9;5.30632;0;0;0.1;0.01;0;1.95415;0;0;-1
0;946;18.2792;-65.9315;46.7098;9.13393;3191.99;5.4921;0;0;0.1;0.01;0;4.69535;0;0;-1
0;947;16.9295;-49.4126;46.2891;8.5;2572.44;5.11093;0;0;0.1;0.01;0;4.61435;1;0;-1
0;948;19.3941;-34.4005;45.9286;10.2763;4545.68;6.17899;0;0;0.1;0.01;0;6.56889;0;0;-1
0;949;16.1468;-14.8609;48.4579;9.22523;3288.67;5.547;0;0;0.1;0.01;0;6.34181;0;0;-1
0;950;18.7769;1.80374;48.5228;8.50641;2578.26;5.11478;0;0;0.1;0.01;0;5.65715;0;0;-1
0;951;17.3904;17.4892;46.775;9.55479;3653.86;5.74516;0;0;0.1;0.01;0;5.23519;0;0;-1
0;952;16.0237;36.3979;49.0127;8.5;2572.44;5.11093;0;0;0.1;0.01;0;4.95232;1;0;-1
0;953;19.2428;50.8465;45.5643;9.03341;3087.76;5.43166;0;0;0.1;0.01;0;5.11273;0;0;-1
0;954;17.4149;71.0967;46.7959;9.52319;3617.73;5.72616;0;0;0.1;0.01;0;4.54347;0;0;-1
0;955;33.2086;-74.2771;48.7926;8.9766;3029.87;5.3975;0;0;0.1;0.01;0;3.24327;0;0;-1
0;956;33.1111;-57.1372;47.8286;9.60965;3717.16;5.77814;0;0;0.1;0.01;0;6.04711;0;0;-1
0;957;33.4771;-39.2143;45.8217;9.85133;4004.73;5.92346;0;0;0.1;0.01;0;6.54191;0;0;-1
0;958;30.7962;-22.5128;46.175;9.98303;4167.5;6.00265;0;0;0.1;0.01;0;6.38994;0;0;-1
0;959;31.9825;-5.04223;47.7746;9.48791;3577.67;5.70494;0;0;0.1;0.01;0;5.83371;0;0;-1
0;960;33.2567;12.0652;47.6389;9.44032;3524.1;5.67633;0;0;0.1;0.01;0;5.4784;0;0;-1
0;961;30.6841;25.7854;46.98;9.75134;3884.02;5.86334;0;0;0.1;0.01;0;6.52785;0;0;-1
0;962;32.7099;43.2108;48.5162;8.95476;3007.81;5.38437;0;0;0.1;0.01;0;6.11672;0;0;-1
0;963;31.8862;59.3295;48.6133;9.99243;4179.28;6.0083;0;0;0.1;0.01;0;6.93209;0;0;-1
0;964;30.9347;76.2504;47.6955;9.44588;3530.33;5.67967;0;0;0.1;0.01;0;4.12678;0;0;-1
0;965;45.9685;-63.7061;46.568;8.50235;2574.57;5.11234;0;0;0.1;0.01;0;3.30941;0;0;-1
0;966;46.1748;-47.4745;47.5705;10.2055;4452.37;6.13642;0;0;0.1;0.01;0;6.42958;0;0;-1
0;967;47.6526;-31.4623;46.2906;8.5;2572.44;5.11093;0;0;0.1;0.01;0;5.04421;1;0;-1
0;968;45.2313;-13.9431;49.0301;9.26855;3335.22;5.57304;0;0;0.1;0.01;0;5.89092;0;0;-1
0;969;45.8987;-0.224792;45.3769;8.5;2572.44;5.11093;0;0;0.1;0.01;0;5.34618;1;0;-1
0;970;47.716;20.7843;46.8793;10.0206;4214.73;6.02524;0;0;0.1;0.01;0;7.16669;0;0;-1
0;971;45.3041;36.6197;48.5862;9.44979;3534.72;5.68202;0;0;0.1;0.01;0;6.79962;0;0;-1
0;972;46.47;54.7714;49.1037;9.69619;3818.49;5.83018;0;0;0.1;0.01;0;5.88086;0;0;-1
0;973;45.6634;72.0075;48.4243;9.86394;4020.13;5.93104;0;0;0.1;0.01;0;3.34174;0;0;-1
0;974;63.7018;-58.7684;46.4857;8.74716;2803.43;5.25954;0;0;0.1;0.01;0;2.38241;0;0;-1
0;975;62.0105;-42.3736;47.6492;9.36522;3440.67;5.63117;0;0;0.1;0.01;0;5.04891;0;0;-1
0;976;59.8918;-24.0719;48.5233;8.5;2572.44;5.11093;0;0;0.1;0.01;0;4.8607;1;0;-1
0;977;63.6069;-8.70054;46.8142;10.1425;4370.42;6.09854;0;0;0.1;0.01;0;6.67261;0;0;-1
0;978;60.6646;8.13373;47.1476;9.86993;4027.46;5.93465;0;0;0.1;0.01;0;6.3824;0;0;-1
0;979;61.5212;26.8073;46.113;9.90075;4065.3;5.95318;0;0;0.1;0.01;0;6.42607;0;0;-1
0;980;60.1706;43.6483;46.0448;10.1384;4365.13;6.09607;0;0;0.1;0.01;0;6.24351;0;0;-1
0;981;61.1686;61.0013;46.9978;9.12844;3186.24;5.4888;0;0;0.1;0.01;0;3.75951;0;0;-1
0;982;77.2998;-30.3703;48.6436;8.61289;2676.3;5.17881;0;0;0.1;0.01;0;2.6218;0;0;-1
0;983;77.1278;-17.099;47.7327;8.5;2572.44;5.11093;0;0;0.1;0.01;0;3.16197;1;0;-1
0;984;75.5663;1.83237;46.546;9.84126;3992.46;5.91741;0;0;0.1;0.01;0;5.04698;0;0;-1
0;985;78.6911;17.3385;48.7971;10.0526;4255.24;6.04448;0;0;0.1;0.01;0;4.18514;0;0;-1
0;986;75.2834;34.6944;45.9218;10.2898;4563.62;6.18711;0;0;0.1;0.01;0;4.40648;0;0;-1
0;987;-65.6103;-30.2889;62.2605;8.57744;2643.39;5.15749;0;0;0.1;0.01;0;3.43784;0;0;-1
0;988;-66.576;-15.4223;63.5519;8.87947;2932.58;5.3391;0;0;0.1;0.01;0;3.54061;0;0;-1
0;989;-66.6911;0.549163;61.334;8.52153;2592.04;5.12387;0;0;0.1;0.01;0;3.48069;0;0;-1
0;990;-66.151;19.517;63.9332;9.60852;3715.85;5.77746;0;0;0.1;0.01;0;3.35467;0;0;-1
0;991;-51.8166;-58.4797;60.4478;9.06277;3117.97;5.44931;0;0;0.1;0.01;0;2.1386;0;0;-1
0;992;-51.4193;-38.7588;63.6262;10.4312;4754.35;6.27213;0;0;0.1;0.01;0;5.19702;0;0;-1
0;993;-50.7459;-24.4999;63.3008;8.99047;3043.94;5.40584;0;0;0.1;0.01;0;6.4113;0;0;-1
0;994;-52.7066;-8.79414;61.3378;8.75928;2815.1;5.26683;0;0;0.1;0.01;0;4.57404;0;0;-1
0;995;-53.4889;10.3272;61.6401;10.3467;4639.75;6.22132;0;0;0.1;0.01;0;5.60278;0;0;-1
0;996;-53.0233;27.1254;62.1033;8.5119;2583.26;5.11808;0;0;0.1;0.01;0;4.04191;0;0;-1
0;997;-51.7491;46.5237;61.8028;9.49673;3587.66;5.71025;0;0;0.1;0.01;0;3.02905;0;0;-1
0;998;-36.3729;-47.5556;60.52;9.31429;3384.84;5.60055;0;0;0.1;0.01;0;6.18436;0;0;-1
0;999;-36.9133;-33.1648;64.1677;8.56914;2635.73;5.1525;0;0;0.1;0.01;0;5.89183;0;0;-1
0;1000;-35.4751;-15.6535;62.6728;9.77893;3917.08;5.87993;0;0;0.1;0.01;0;6.62054;0;0;-1
0;1001;-36.1632;1.45719;63.9625;8.73934;2795.92;5.25484;0;0;0.1;0.01;0;4.87606;0;0;-1
0;1002;-35.0652;19.5867;62.2202;8.80965;2863.94;5.29711;0;0;0.1;0.01;0;5.88753;0;0;-1
0;1003;-35.2285;37.0917;60.6613;9.96828;4149.06;5.99378;0;0;0.1;0.01;0;6.29296;0;0;-1
0;1004;-38.3085;52.2606;63.8413;9.47991;3568.63;5.70013;0;0;0.1;0.01;0;3.94346;0;0;-1
0;1005;-38.3145;67.9577;60.7021;9.61487;3723.22;5.78128;0;0;0.1;0.01;0;3.18361;0;0;-1
0;1006;-21.318;-73.2344;63.7692;8.5;2572.44;5.11093;0;0;0.1;0.01;0;1.71319;1;0;-1
0;1007;-23.2927;-57.0286;62.2456;10.4;4711.82;6.25337;0;0;0.1;0.01;0;6.18565;0;0;-1
0;1008;-22.2424;-40.8626;61.3928;10.2717;4539.58;6.17622;0;0;0.1;0.01;0;8.02828;0;0;-1
0;1009;-21.3017;-22.7348;63.6587;8.53442;2603.82;5.13162;0;0;0.1;0.01;0;6.2442;0;0;-1
0;1010;-21.975;-5.5686;62.127;10.3597;4657.26;6.22914;0;0;0.1;0.01;0;6.43886;0;0;-1
0;1011;-22.1189;10.5215;60.8503;8.5;2572.44;5.11093;0;0;0.1;0.01;0;3.63275;1;0;-1
0;1012;-23.7866;26.8099;63.5267;9.01866;3072.66;5.42279;0;0;0.1;0.01;0;4.69362;0;0;-1
0;1013;-22.4088;44.4739;62.8081;9.87176;4029.7;5.93575;0;0;0.1;0.01;0;6.77111;0;0;-1
0;1014;-21.8287;59.7048;60.1742;8.81698;2871.1;5.30152;0;0;0.1;0.01;0;5.43756;0;0;-1
0;1015;-7.87663;-67.6916;60.35;8.52518;2595.37;5.12607;0;0;0.1;0.01;0;3.89071;0;0;-1
0;1016;-7.87074;-47.7044;63.1299;10.2311;4485.96;6.15181;0;0;0.1;0.01;0;6.71295;0;0;-1
0;1017;-5.56295;-29.8851;63.3993;9.05885;3113.92;5.44696;0;0;0.1;0.01;0;6.57517;0;0;-1
0;1018;-6.85211;-15.3362;60.9664;8.54701;2615.36;5.13919;0;0;0.1;0.01;0;6.62613;0;0;-1
0;1019;-8.78578;0.617934;60.7721;8.5;2572.44;5.11093;0;0;0.1;0.01;0;4.71369;1;0;-1
0;1020;-6.95368;20.8302;60.3922;8.92528;2978.2;5.36664;0;0;0.1;0.01;0;4.61623;0;0;-1
0;1021;-8.83246;36.0075;63.5778;9.68264;3802.51;5.82203;0;0;0.1;0.01;0;7.04795;0;0;-1
0;1022;-6.47328;52.143;61.0303;9.64341;3756.48;5.79844;0;0;0.1;0.01;0;7.58176;0;0;-1
0;1023;-7.43269;67.6676;60.8758;10.3052;4584.14;6.19637;0;0;0.1;0.01;0;4.93722;0;0;-1
0;1024;5.31507;-73.7699;61.9493;8.5;2572.44;5.11093;0;0;0.1;0.01;0;2.2381;1;0;-1
0;1025;6.87506;-57.4059;62.2998;10.176;4413.87;6.11868;0;0;0.1;0.01;0;5.81765;0;0;-1
0;1026;7.74525;-39.3572;61.0342;8.5;2572.44;5.11093;0;0;0.1;0.01;0;4.55371;1;0;-1
0;1027;6.38217;-22.6924;62.3489;9.92312;4092.92;5.96663;0;0;0.1;0.01;0;6.71126;0;0;-1
0;1028;9.17168;-6.37326;62.4721;10.2402;4497.94;6.15728;0;0;0.1;0.01;0;6.85725;0;0;-1
0;1029;8.77942;12.1969;62.2474;8.66534;2725.5;5.21034;0;0;0.1;0.01;0;4.79066;0;0;-1
0;1030;7.91995;26.3198;63.4078;8.5;2572.44;5.11093;0;0;0.1;0.01;0;5.49452;1;0;-1
0;1031;7.42229;42.0749;60.0834;10.2988;4575.6;6.19252;0;0;0.1;0.01;0;6.63358;0;0;-1
0;1032;6.64012;63.088;63.2889;9.3194;3390.41;5.60362;0;0;0.1;0.01;0;4.62326;0;0;-1
0;1033;21.3042;-63.8685;60.9622;8.5;2572.44;5.11093;0;0;0.1;0.01;0;3.70035;1;0;-1
0;1034;23.2552;-50.2965;61.9557;8.5;2572.44;5.11093;0;0;0.1;0.01;0;4.435;1;0;-1
0;1035;20.9357;-32.3588;61.0253;8.5;2572.44;5.11093;0;0;0.1;0.01;0;3.83294;1;0;-1
0;1036;24.214;-12.6678;60.3655;8.5;2572.44;5.11093;0;0;0.1;0.01;0;5.40652;1;0;-1
0;1037;20.6106;2.95336;61.7824;8.5;2572.44;5.11093;0;0;0.1;0.01;0;5.06495;1;0;-1
0;1038;23.0807;19.7958;63.7336;10.3275;4613.96;6.20978;0;0;0.1;0.01;0;7.34341;0;0;-1
0;1039;21.9282;37.8413;63.1497;8.70203;2760.26;5.2324;0;0;0.1;0.01;0;5.68759;0;0;-1
0;1040;21.5752;53.1563;60.4208;8.5;2572.44;5.11093;0;0;0.1;0.01;0;5.29594;1;0;-1
0;1041;22.1334;69.1046;61.3916;9.0674;3122.75;5.4521;0;0;0.1;0.01;0;3.39183;0;0;-1
0;1042;34.6717;-59.7284;63.5372;8.5;2572.44;5.11093;0;0;0.1;0.01;0;2.17345;1;0;-1
0;1043;36.1567;-39.3435;62.5724;9.23923;3303.66;5.55541;0;0;0.1;0.01;0;4.51205;0;0;-1
0;1044;38.184;-22.8132;61.8946;8.81792;2872.02;5.30209;0;0;0.1;0.01;0;4.89363;0;0;-1
0;1045;35.7972;-5.05948;62.6096;8.95321;3006.25;5.38344;0;0;0.1;0.01;0;4.80294;0;0;-1
0;1046;38.2669;12.287;61.3823;9.45337;3538.74;5.68417;0;0;0.1;0.01;0;5.64877;0;0;-1
0;1047;37.9547;26.2058;60.2524;8.5;2572.44;5.11093;0;0;0.1;0.01;0;6.73348;1;0;-1
0;1048;35.5183;43.3597;63.5206;9.23679;3301.05;5.55395;0;0;0.1;0.01;0;5.62873;0;0;-1
0;1049;38.6615;60.4721;63.3793;9.72555;3853.28;5.84783;0;0;0.1;0.01;0;3.94774;0;0;-1
0;1050;53.4591;-48.7356;61.7447;9.52246;3616.9;5.72572;0;0;0.1;0.01;0;3.22429;0;0;-1
0;1051;50.3647;-33.3934;60.8821;8.5;2572.44;5.11093;0;0;0.1;0.01;0;4.87565;1;0;-1
0;1052;51.0275;-15.2823;62.1381;9.58171;3684.83;5.76134;0;0;0.1;0.01;0;5.69774;0;0;-1
0;1053;50.0329;0.795445;62.7004;8.5;2572.44;5.11093;0;0;0.1;0.01;0;4.12759;1;0;-1
0;1054;50.5524;20.6981;60.9279;8.5;2572.44;5.11093;0;0;0.1;0.01;0;5.72403;1;0;-1
0;1055;50.872;34.8033;61.8182;9.8158;3961.56;5.9021;0;0;0.1;0.01;0;6.01914;0;0;-1
0;1056;53.6954;53.0073;62.7371;10.1404;4367.71;6.09728;0;0;0.1;0.01;0;3.14211;0;0;-1
0;1057;67.077;-40.858;60.8963;10.4293;4751.76;6.27099;0;0;0.1;0.01;0;2.8525;0;0;-1
0;1058;64.4565;-21.516;62.1464;8.5;2572.44;5.11093;0;0;0.1;0.01;0;2.95721;1;0;-1
0;1059;64.443;-5.43819;61.8744;8.5;2572.44;5.11093;0;0;0.1;0.01;0;4.07848;1;0;-1
0;1060;66.7704;9.19947;60.6538;9.7064;3830.57;5.83632;0;0;0.1;0.01;0;3.28615;0;0;-1
0;1061;65.1713;25.0308;60.1624;8.80062;2855.15;5.29169;0;0;0.1;0.01;0;2.82015;0;0;-1
0;1062;-54.4225;-23.7684;75.9852;9.34551;3418.99;5.61932;0;0;0.1;0.01;0;3.60332;0;0;-1
0;1063;-56.5105;-4.69922;78.7047;8.5;2572.44;5.11093;0;0;0.1;0.01;0;1.66312;1;0;-1
0;1064;-54.9442;10.6821;76.2446;9.32397;3395.4;5.60637;0;0;0.1;0.01;0;3.90402;0;0;-1
0;1065;-56.442;29.7254;75.0145;10.447;4775.99;6.28163;0;0;0.1;0.01;0;3.23423;0;0;-1
0;1066;-40.0282;-48.965;77.0318;8.5;2572.44;5.11093;0;0;0.1;0.01;0;2.24505;1;0;-1
0;1067;-42.2509;-30.7982;77.7947;8.79456;2849.25;5.28804;0;0;0.1;0.01;0;4.748;0;0;-1
0;1068;-40.3997;-15.9239;75.0995;9.98709;4172.59;6.00509;0;0;0.1;0.01;0;6.54653;0;0;-1
0;1069;-40.4529;2.86771;77.9442;9.51488;3608.27;5.72116;0;0;0.1;0.01;0;5.73025;0;0;-1
0;1070;-41.6307;17.7806;74.6467;8.54694;2615.29;5.13915;0;0;0.1;0.01;0;5.54855;0;0;-1
0;1071;-39.32;33.6812;76.4789;9.87209;4030.1;5.93594;0;0;0.1;0.01;0;4.14167;0;0;-1
0;1072;-24.3953;-55.1625;76.9437;9.73996;3870.44;5.8565;0;0;0.1;0.01;0;3.46697;0;0;-1
0;1073;-26.2719;-40.8469;74.9503;9.02504;3079.19;5.42663;0;0;0.1;0.01;0;5.50546;0;0;-1
0;1074;-27.4698;-23.1556;76.533;10.0637;4269.35;6.05116;0;0;0.1;0.01;0;7.01415;0;0;-1
0;1075;-27.2507;-4.52018;77.8972;9.34698;3420.6;5.6202;0;0;0.1;0.01;0;6.54987;0;0;-1
0;1076;-24.9812;12.2907;77.0397;9.04555;3100.23;5.43896;0;0;0.1;0.01;0;5.77493;0;0;-1
0;1077;-25.7846;26.5285;77.3045;9.31413;3384.66;5.60045;0;0;0.1;0.01;0;5.89863;0;0;-1
0;1078;-25.342;43.7266;77.7656;9.28589;3353.97;5.58347;0;0;0.1;0.01;0;3.8067;0;0;-1
0;1079;-10.0644;-47.8122;76.4048;8.80812;2862.45;5.29619;0;0;0.1;0.01;0;4.92285;0;0;-1
0;1080;-12.4523;-31.1444;76.4177;10.2266;4480.05;6.14911;0;0;0.1;0.01;0;7.47872;0;0;-1
0;1081;-12.8058;-16.172;74.611;9.40462;3484.27;5.65486;0;0;0.1;0.01;0;7.35079;0;0;-1
0;1082;-13.5657;0.326203;78.4999;10.2202;4471.64;6.14526;0;0;0.1;0.01;0;6.59444;0;0;-1
0;1083;-11.4812;20.5725;78.3204;8.95194;3004.97;5.38267;0;0;0.1;0.01;0;5.81161;0;0;-1
0;1084;-10.8874;36.5071;76.7746;10.0821;4292.81;6.06222;0;0;0.1;0.01;0;7.27586;0;0;-1
0;1085;-11.9918;51.5978;76.3099;9.93362;4105.93;5.97294;0;0;0.1;0.01;0;4.78239;0;0;-1
0;1086;3.54349;-58.8443;76.598;10.3992;4710.73;6.25289;0;0;0.1;0.01;0;3.37345;0;0;-1
0;1087;1.37775;-42.2289;78.4818;8.5;2572.44;5.11093;0;0;0.1;0.01;0;4.9769;1;0;-1
0;1088;4.76952;-23.2442;76.3341;10.0445;4244.96;6.03961;0;0;0.1;0.01;0;6.8077;0;0;-1
0;1089;1.30019;-7.59415;78.2452;9.92445;4094.57;5.96743;0;0;0.1;0.01;0;6.26878;0;0;-1
0;1090;3.27213;11.4164;77.6333;8.90179;2954.75;5.35252;0;0;0.1;0.01;0;4.54029;0;0;-1
0;1091;1.50731;27.3595;77.7805;9.65841;3774.03;5.80746;0;0;0.1;0.01;0;7.23883;0;0;-1
0;1092;2.54209;42.4935;76.4694;10.3015;4579.2;6.19414;0;0;0.1;0.01;0;6.33569;0;0;-1
0;1093;4.04417;61.373;76.5677;9.70352;3827.16;5.83459;0;0;0.1;0.01;0;3.29133;0;0;-1
0;1094;16.4717;-49.6016;74.9937;8.82222;2876.22;5.30467;0;0;0.1;0.01;0;3.51495;0;0;-1
0;1095;17.4681;-30.7381;77.8436;9.94785;4123.6;5.9815;0;0;0.1;0.01;0;6.04343;0;0;-1
0;1096;18.4985;-13.1242;74.6064;9.11763;3174.93;5.4823;0;0;0.1;0.01;0;6.14137;0;0;-1
0;1097;16.7178;3.34115;76.3042;8.78297;2838;5.28107;0;0;0.1;0.01;0;5.25319;0;0;-1
0;1098;18.4089;20.1245;76.7523;8.5;2572.44;5.11093;0;0;0.1;0.01;0;5.81175;1;0;-1
0;1099;18.6034;33.979;76.0123;10.0972;4312.13;6.0713;0;0;0.1;0.01;0;7.30778;0;0;-1
0;1100;18.5648;54.4266;76.1443;9.59276;3697.6;5.76799;0;0;0.1;0.01;0;3.60093;0;0;-1
0;1101;32.5508;-40.202;76.4271;10.1849;4425.47;6.12403;0;0;0.1;0.01;0;3.81224;0;0;-1
0;1102;31.2496;-22.946;78.558;10.1291;4353.13;6.09048;0;0;0.1;0.01;0;5.58226;0;0;-1
0;1103;31.1783;-5.98555;77.3444;8.5572;2624.72;5.14532;0;0;0.1;0.01;0;5.19908;0;0;-1
0;1104;32.3748;11.7423;76.1682;9.07028;3125.72;5.45383;0;0;0.1;0.01;0;4.46323;0;0;-1
0;1105;34.5173;28.4091;76.6455;10.3011;4578.67;6.1939;0;0;0.1;0.01;0;5.8769;0;0;-1
0;1106;30.9527;46.4966;78.1619;10.3268;4613.03;6.20935;0;0;0.1;0.01;0;4.1689;0;0;-1
0;1107;49.0827;-30.3929;78.6641;9.26179;3327.92;5.56898;0;0;0.1;0.01;0;1.69175;0;0;-1
0;1108;45.4506;-13.8864;75.3111;8.5304;2600.14;5.12921;0;0;0.1;0.01;0;4.76018;0;0;-1
0;1109;47.4443;0.400986;77.9798;8.55106;2619.08;5.14163;0;0;0.1;0.01;0;3.45229;0;0;-1
0;1110;48.3192;20.0372;74.9182;9.58572;3689.46;5.76375;0;0;0.1;0.01;0;3.87185;0;0;-1
0;1111;49.0066;36.2373;77.4581;8.5;2572.44;5.11093;0;0;0.1;0.01;0;2.34351;1;0;-1
0;1112;60.4397;-6.10332;78.4477;8.5;2572.44;5.11093;0;0;0.1;0.01;0;1.5941;1;0;-1
0;1113;-36.2717;-15.7308;89.6398;9.8315;3980.59;5.91154;0;0;0.1;0.01;0;4.24685;0;0;-1
0;1114;-36.4127;1.56977;91.2379;8.5;2572.44;5.11093;0;0;0.1;0.01;0;3.92123;1;0;-1
0;1115;-38.4454;16.9529;89.8872;10.0141;4206.53;6.02133;0;0;0.1;0.01;0;3.7699;0;0;-1
0;1116;-21.1042;-24.47;90.048;10.4526;4783.67;6.285;0;0;0.1;0.01;0;4.94888;0;0;-1
0;1117;-23.4163;-6.3646;93.0742;10.0382;4236.98;6.03582;0;0;0.1;0.01;0;4.54083;0;0;-1
0;1118;-22.7373;11.6908;89.7667;8.5;2572.44;5.11093;0;0;0.1;0.01;0;4.56566;1;0;-1
0;1119;-21.6279;27.6363;93.3755;10.1704;4406.59;6.11531;0;0;0.1;0.01;0;3.63901;0;0;-1
0;1120;-7.47621;-31.4744;90.7943;9.99572;4183.41;6.01028;0;0;0.1;0.01;0;4.74549;0;0;-1
0;1121;-8.5358;-14.0113;89.4435;9.49792;3589.01;5.71096;0;0;0.1;0.01;0;6.43344;0;0;-1
0;1122;-6.51332;1.18146;92.6599;9.92513;4095.41;5.96784;0;0;0.1;0.01;0;5.31274;0;0;-1
0;1123;-5.81069;19.1297;93.3192;10.3778;4681.71;6.24002;0;0;0.1;0.01;0;5.37778;0;0;-1
0;1124;-7.61294;35.0376;92.359;8.5;2572.44;5.11093;0;0;0.1;0.01;0;3.70971;1;0;-1
0;1125;5.41989;-38.57;92.1452;8.64182;2703.36;5.1962;0;0;0.1;0.01;0;2.77364;0;0;-1
0;1126;6.63335;-23.3665;92.1243;9.97299;4154.94;5.99661;0;0;0.1;0.01;0;4.85826;0;0;-1
0;1127;7.3262;-5.04152;91.6088;9.76217;3896.98;5.86985;0;0;0.1;0.01;0;4.37006;0;0;-1
0;1128;6.66666;10.8057;91.2134;9.29955;3368.79;5.59168;0;0;0.1;0.01;0;4.12164;0;0;-1
0;1129;6.09538;28.7527;90.0547;9.47028;3557.76;5.69434;0;0;0.1;0.01;0;5.3342;0;0;-1
0;1130;23.753;-31.9722;89.8593;8.5;2572.44;5.11093;0;0;0.1;0.01;0;2.94943;1;0;-1
0;1131;20.7052;-13.476;89.3538;8.96289;3016.01;5.38926;0;0;0.1;0.01;0;4.82296;0;0;-1
0;1132;22.7968;0.118089;90.1646;8.56343;2630.46;5.14907;0;0;0.1;0.01;0;3.46819;0;0;-1
0;1133;20.009;20.8201;90.9618;8.88242;2935.5;5.34087;0;0;0.1;0.01;0;3.25152;0;0;-1
0;1134;20.8913;36.7151;90.3453;8.61361;2676.97;5.17924;0;0;0.1;0.01;0;2.72005;0;0;-1
0;1135;37.3248;-7.80531;89.7339;9.767;3902.76;5.87276;0;0;0.1;0.01;0;3.63587;0;0;-1
0;1136;35.427;9.72822;91.1706;8.5238;2594.11;5.12524;0;0;0.1;0.01;0;1.96219;0;0;-1
